WKT,ID,Color,Bateria_Li,Res_NumPla
"MULTILINESTRING Z ((439261.6592 4474034.4438 0,439260.5686 4474008.677 0,439261.2502 4474006.3593 0,439263.4316 4474003.9053 0,439266.7036 4474003.0873 0,439295.1971 4474003.2237 0))",2315962,Naranja,Línea,13
"MULTILINESTRING Z ((439894.3223 4475590.3495 0,439878.6557 4475592.0162 0))",2316848,Verde,Línea,3
"MULTILINESTRING Z ((439941.9057 4475585.2662 0,439900.5723 4475589.7662 0))",2316855,Verde,Línea,8
"MULTILINESTRING Z ((439668.7241 4475319.0333 0,439661.0793 4475305.0004 0))",2316980,Verde,Línea,3
"MULTILINESTRING Z ((440758.0492 4472149.4067 0,440759.4159 4472159.8428 0))",2317112,Azul,Línea,2
"MULTILINESTRING Z ((440756.3853 4472135.7633 0,440754.9773 4472119.7786 0))",2317114,Azul,Línea,3
"MULTILINESTRING Z ((440751.713 4472088.9023 0,440753.8251 4472109.2775 0))",2317116,Azul,Línea,4
"MULTILINESTRING Z ((440745.5011 4472028.8948 0,440744.8799 4472023.6768 0))",2317120,Azul,Línea,1
"MULTILINESTRING Z ((440729.2195 4471877.6053 0,440727.0661 4471858.142 0))",2317130,Azul,Línea,4
"MULTILINESTRING Z ((440718.0384 4471773.9942 0,440720.1918 4471795.3625 0))",2317132,Azul,Línea,4
"MULTILINESTRING Z ((440721.4676 4471806.4182 0,440722.7419 4471821.5823 0))",2317134,Azul,Línea,5
"MULTILINESTRING Z ((440726.4035 4471851.6818 0,440725.8238 4471846.464 0))",2317136,Azul,Línea,1
"MULTILINESTRING Z ((439060.4414 4473570.5251 0,439062.0039 4473564.6472 0))",2317137,Azul,Línea,1
"MULTILINESTRING Z ((440724.5896 4471832.0952 0,440723.9524 4471826.2334 0))",2317138,Azul,Línea,1
"MULTILINESTRING Z ((440854.5197 4472085.5396 0,440856.9756 4472080.5615 0))",2317148,Azul,Línea,1
"MULTILINESTRING Z ((440839.7845 4472113.6825 0,440849.8735 4472094.3675 0))",2317150,Azul,Línea,4
"MULTILINESTRING Z ((439276.5487 4472939.0512 0,439288.4948 4472947.3027 0))",2317151,Azul,Línea,3
"MULTILINESTRING Z ((439315.0307 4472965.3495 0,439360.2807 4472997.5995 0))",2317153,Azul,Línea,10
"MULTILINESTRING Z ((440913.394 4471973.0346 0,440915.8498 4471967.8574 0))",2317156,Azul,Línea,1
"MULTILINESTRING Z ((440954.2173 4471734.0491 0,440925.8831 4471728.2683 0))",2317164,Azul,Línea,6
"MULTILINESTRING Z ((440820.8514 4471706.692 0,440861.6428 4471715.2411 0))",2317170,Azul,Línea,8
"MULTILINESTRING Z ((439317.4919 4472588.9733 0,439322.5117 4472568.6298 0))",2317183,Azul,Línea,4
"MULTILINESTRING Z ((439133.0976 4473292.4745 0,439131.5351 4473298.1665 0))",2317185,Azul,Línea,1
"MULTILINESTRING Z ((441512.9057 4471414.7245 0,441520.9057 4471395.7245 0))",2317188,Azul,Línea,4
"MULTILINESTRING Z ((438984.6811 4473311.3047 0,438983.556 4473277.7401 0,438984.6811 4473258.2389 0,438985.8062 4473241.9254 0,438987.3063 4473229.9247 0,438990.119 4473212.8611 0,438994.2442 4473194.2974 0,438999.4945 4473175.9213 0,439005.1199 4473158.6702 0,439014.8705 4473134.2937 0,439029.3089 4473105.7919 0,439037.9344 4473091.7285 0))",2317193,Azul,Línea,45
"MULTILINESTRING Z ((441439.7324 4471211.5961 0,441410.5566 4471280.7062 0))",2317208,Azul,Línea,15
"MULTILINESTRING Z ((438950.8863 4473932.2593 0,438940.297 4473932.7197 0))",2317213,Azul,Línea,2
"MULTILINESTRING Z ((438905.5825 4473933.8247 0,438922.2491 4473933.3643 0))",2317215,Azul,Línea,3
"MULTILINESTRING Z ((438885.6009 4473934.3772 0,438896.4664 4473934.1009 0))",2317217,Azul,Línea,2
"MULTILINESTRING Z ((442206.7547 4471435.7019 0,442188.5168 4471467.2676 0))",2317220,Azul,Línea,7
"MULTILINESTRING Z ((439061.3255 4473664.3052 0,439093.6751 4473748.3006 0))",2317221,Azul,Línea,18
"MULTILINESTRING Z ((442429.2575 4471476.9477 0,442424.5811 4471473.1131 0))",2317222,Azul,Línea,1
"MULTILINESTRING Z ((439061.4041 4473654.354 0,439035.525 4473589.5575 0))",2317223,Azul,Línea,14
"MULTILINESTRING Z ((442395.9616 4471453.1917 0,442389.8823 4471449.4505 0,442379.8748 4471443.5583 0,442364.5362 4471436.2631 0))",2317226,Azul,Línea,7
"MULTILINESTRING Z ((438726.9614 4473030.393 0,438728.3781 4473045.143 0))",2317235,Azul,Línea,3
"MULTILINESTRING Z ((441747.4153 4470895.1253 0,441756.961 4470883.7671 0))",2317236,Azul,Línea,3
"MULTILINESTRING Z ((441749.9528 4470912.1625 0,441782.2148 4470940.437 0))",2317238,Azul,Línea,9
"MULTILINESTRING Z ((441745.1195 4470916.8749 0,441763.1234 4470932.583 0))",2317240,Azul,Línea,5
"MULTILINESTRING Z ((439499.239 4473096.2662 0,439475.0723 4473079.0995 0))",2317245,Azul,Línea,6
"MULTILINESTRING Z ((441712.4145 4471078.5875 0,441650.6294 4471042.6603 0))",2317248,Azul,Línea,14
"MULTILINESTRING Z ((439646.5642 4473075.2289 0,439645.1196 4473085.5214 0))",2317271,Azul,Línea,2
"MULTILINESTRING Z ((439503.0771 4472782.181 0,439518.5137 4472825.3191 0))",2317273,Azul,Batería,17
"MULTILINESTRING Z ((439522.0733 4472834.4824 0,439519.8177 4472828.35 0))",2317275,Azul,Batería,2
"MULTILINESTRING Z ((441620.6831 4471275.7828 0,441630.5299 4471320.7621 0))",2317282,Azul,Línea,9
"MULTILINESTRING Z ((441613.6323 4471245.0267 0,441619.2243 4471269.0967 0))",2317284,Azul,Línea,5
"MULTILINESTRING Z ((442339.9384 4471425.6009 0,442346.7659 4471428.3132 0,442351.8164 4471430.4644 0,442358.644 4471433.5508 0))",2317286,Azul,Línea,4
"MULTILINESTRING Z ((442266.6593 4471406.8018 0,442282.2941 4471409.8259 0,442300.5008 4471414.1282 0,442315.8394 4471417.8693 0,442331.2403 4471422.7327 0))",2317288,Azul,Línea,13
"MULTILINESTRING Z ((441641.4463 4471037.0215 0,441635.4047 4471033.4771 0,441629.5242 4471029.6105 0,441624.6104 4471025.5023 0,441620.9855 4471021.7162 0,441614.8634 4471013.983 0))",2317290,Azul,Línea,7
"MULTILINESTRING Z ((441611.2384 4471009.6331 0,441598.5109 4470993.6028 0))",2317292,Azul,Línea,4
"MULTILINESTRING Z ((441492.0988 4470860.7689 0,441537.8535 4470918.0429 0))",2317294,Azul,Línea,14
"MULTILINESTRING Z ((441558.4754 4470943.6592 0,441564.2753 4470950.9896 0))",2317298,Azul,Línea,2
"MULTILINESTRING Z ((440023.9031 4472940.5847 0,440025.3244 4472933.5458 0))",2317301,Azul,Línea,1
"MULTILINESTRING Z ((440008.5732 4473013.1059 0,440023.0909 4472943.9688 0))",2317303,Azul,Línea,14
"MULTILINESTRING Z ((440216.4447 4472975.4082 0,440222.0145 4472973.995 0))",2317311,Azul,Línea,1
"MULTILINESTRING Z ((440752.701 4472316.656 0,440763.9847 4472295.0179 0))",2317312,Azul,Línea,5
"MULTILINESTRING Z ((440773.3435 4472277.2295 0,440782.3041 4472259.5739 0))",2317314,Azul,Línea,4
"MULTILINESTRING Z ((440766.7061 4472289.7743 0,440769.3611 4472284.7299 0))",2317316,Azul,Línea,1
"MULTILINESTRING Z ((439842.2108 4472685.3346 0,439830.166 4472718.3668 0))",2317317,Azul,Línea,7
"MULTILINESTRING Z ((439850.0583 4472664.8947 0,439844.4008 4472679.1296 0))",2317319,Azul,Línea,3
"MULTILINESTRING Z ((440845.36 4472137.4446 0,440838.6562 4472150.1885 0))",2317320,Azul,Batería,5
"MULTILINESTRING Z ((439865.2969 4472646.4624 0,439861.5557 4472656.3173 0))",2317323,Azul,Línea,2
"MULTILINESTRING Z ((440883.5918 4472065.0299 0,440892.4196 4472047.9052 0))",2317324,Azul,Batería,7
"MULTILINESTRING Z ((440918.8367 4471996.8631 0,440923.3502 4471988.1681 0))",2317328,Azul,Batería,4
"MULTILINESTRING Z ((440115.8223 4472714.7427 0,440114.3223 4472717.4927 0))",2317337,Azul,Batería,1
"MULTILINESTRING Z ((440905.1774 4472479.8309 0,440871.8987 4472482.0191 0))",2317340,Azul,Línea,7
"MULTILINESTRING Z ((441071.7529 4472147.227 0,441074.0322 4472172.2088 0))",2317346,Azul,Línea,5
"MULTILINESTRING Z ((440547.849 4472655.8169 0,440555.2382 4472642.335 0))",2317351,Azul,Línea,3
"MULTILINESTRING Z ((440568.239 4472621.3261 0,440558.5723 4472637.5761 0))",2317353,Azul,Línea,4
"MULTILINESTRING Z ((440576.5723 4472607.4094 0,440579.6557 4472602.1594 0))",2317355,Azul,Línea,1
"MULTILINESTRING Z ((440590.8932 4472581.5589 0,440582.4446 4472596.0473 0))",2317357,Azul,Línea,4
"MULTILINESTRING Z ((441041.3006 4471826.8404 0,441044.6741 4471863.8572 0))",2317359,Azul,Línea,7
"MULTILINESTRING Z ((440585.1557 4472410.3261 0,440606.0307 4472439.4511 0))",2317360,Azul,Línea,8
"MULTILINESTRING Z ((440549.1454 4472359.2134 0,440518.6813 4472315.6562 0))",2317364,Azul,Línea,12
"MULTILINESTRING Z ((440343.7219 4472289.0464 0,440339.7434 4472296.6243 0))",2317368,Azul,Batería,3
"MULTILINESTRING Z ((440295.0338 4472380.6444 0,440310.1896 4472352.2272 0))",2317374,Azul,Batería,12
"MULTILINESTRING Z ((440318.62 4472336.7873 0,440314.5469 4472344.1757 0))",2317376,Azul,Batería,3
"MULTILINESTRING Z ((441802.6974 4472216.793 0,441762.6719 4472182.9673 0))",2317377,Azul,Batería,17
"MULTILINESTRING Z ((440332.1655 4472311.496 0,440321.8406 4472330.5355 0))",2317378,Azul,Batería,8
"MULTILINESTRING Z ((441072.6646 4471980.925 0,441073.5763 4471991.8659 0))",2317389,Azul,Línea,2
"MULTILINESTRING Z ((440063.5348 4472440.6238 0,440041.108 4472487.8107 0))",2317390,Azul,Línea,10
"MULTILINESTRING Z ((440070.7943 4472424.938 0,440067.0349 4472433.3642 0))",2317392,Azul,Línea,2
"MULTILINESTRING Z ((441287.8819 4472079.5718 0,441273.1517 4472080.8416 0))",2317401,Azul,Línea,3
"MULTILINESTRING Z ((441496.0088 4471799.5718 0,441465.0247 4471844.3972 0))",2317405,Azul,Batería,19
"MULTILINESTRING Z ((441315.0565 4472068.0162 0,441320.7707 4472059.3813 0))",2317411,Azul,Línea,2
"MULTILINESTRING Z ((439825.3297 4472731.3242 0,439829.2535 4472721.013 0))",2317414,Azul,Línea,2
"MULTILINESTRING Z ((440521.7961 4472700.2136 0,440486.0193 4472761.4619 0))",2317416,Azul,Línea,19
"MULTILINESTRING Z ((441394.8025 4471948.0162 0,441407.2469 4471929.7305 0))",2317417,Azul,Línea,4
"MULTILINESTRING Z ((440544.0029 4472661.1939 0,440541.4842 4472665.5132 0))",2317418,Azul,Línea,1
"MULTILINESTRING Z ((441133.3411 4472387.1066 0,441162.061 4472391.3462 0,441177.3783 4472392.5771 0,441185.7208 4472391.7565 0))",2317419,Azul,Línea,10
"MULTILINESTRING Z ((441132.5205 4472391.6198 0,441158.3685 4472395.3123 0,441170.5402 4472396.6799 0,441178.7459 4472396.8167 0))",2317421,Azul,Línea,8
"MULTILINESTRING Z ((441163.9757 4472400.099 0,441170.9505 4472401.4666 0,441176.0107 4472401.7401 0,441183.3958 4472401.7401 0,441195.5676 4472399.4152 0,441198.9866 4472398.3211 0,441206.5085 4472393.6712 0))",2317423,Azul,Línea,9
"MULTILINESTRING Z ((441124.0413 4472393.2609 0,441158.642 4472399.2784 0))",2317425,Azul,Línea,7
"MULTILINESTRING Z ((439112.0889 4476536.2822 0,439105.3728 4476487.064 0))",2317426,Azul,Línea,10
"MULTILINESTRING Z ((439322.7931 4476481.8875 0,439324.7406 4476513.2528 0))",2317429,Azul,Línea,7
"MULTILINESTRING Z ((439094.0456 4476406.9718 0,439092.943 4476399.2533 0))",2317433,Azul,Línea,1
"MULTILINESTRING Z ((439363.239 4476591.1594 0,439382.4057 4476589.8261 0))",2317443,Azul,Línea,4
"MULTILINESTRING Z ((441351.4057 4471776.4745 0,441377.7807 4471713.3495 0))",2317446,Azul,Línea,14
"MULTILINESTRING Z ((439417.3899 4476455.0257 0,439420.8141 4476515.3444 0))",2317453,Azul,Línea,13
"MULTILINESTRING Z ((439327.4386 4476472.4101 0,439330.4677 4476522.8513 0))",2317455,Azul,Línea,10
"MULTILINESTRING Z ((441577.1625 4471541.1609 0,441559.4139 4471583.5873 0))",2317456,Azul,Línea,9
"MULTILINESTRING Z ((441205.4144 4472330.8977 0,441207.1923 4472288.6384 0))",2317458,Azul,Batería,15
"MULTILINESTRING Z ((441440.2628 4471880.3337 0,441452.5803 4471862.0479 0))",2317460,Azul,Batería,8
"MULTILINESTRING Z ((442033.3685 4471693.7259 0,441979.6668 4471660.1737 0))",2317466,Azul,Batería,22
"MULTILINESTRING Z ((441971.1876 4471663.456 0,442029.7215 4471699.1052 0))",2317468,Azul,Batería,24
"MULTILINESTRING Z ((439537.7402 4476614.6383 0,439538.9349 4476634.6303 0))",2317469,Azul,Línea,4
"MULTILINESTRING Z ((439426.1557 4476513.0761 0,439423.8223 4476474.9094 0))",2317471,Azul,Línea,8
"MULTILINESTRING Z ((441986.3836 4471690.0401 0,442018.0134 4471712.554 0))",2317472,Azul,Batería,15
"MULTILINESTRING Z ((441212.6628 4472309.4261 0,441214.4407 4472286.1767 0))",2317478,Azul,Batería,9
"MULTILINESTRING Z ((440985.9646 4473150.1376 0,441006.935 4473157.2091 0))",2317484,Azul,Línea,4
"MULTILINESTRING Z ((441079.5572 4473078.8924 0,441076.472 4473074.7518 0))",2317498,Azul,Línea,1
"MULTILINESTRING Z ((439106.0745 4476198.7721 0,439110.6855 4476189.951 0))",2317501,Azul,Línea,2
"MULTILINESTRING Z ((441038.5569 4473020.599 0,441023.6994 4472999.9771 0))",2317502,Azul,Línea,5
"MULTILINESTRING Z ((441160.8465 4473073.5431 0,441155.9003 4473023.8657 0))",2317506,Azul,Línea,10
"MULTILINESTRING Z ((439514.0046 4476272.0656 0,439515.279 4476293.571 0))",2317507,Azul,Línea,4
"MULTILINESTRING Z ((440995.1181 4472958.7856 0,440987.0348 4472947.7856 0))",2317512,Azul,Línea,3
"MULTILINESTRING Z ((439477.4057 4476201.4927 0,439472.739 4476201.9094 0))",2317515,Azul,Línea,1
"MULTILINESTRING Z ((441136.7605 4472823.5431 0,441133.3196 4472787.9517 0))",2317520,Azul,Línea,7
"MULTILINESTRING Z ((439574.0153 4476192.3851 0,439584.1075 4476191.3601 0))",2317523,Azul,Línea,3
"MULTILINESTRING Z ((439641.2049 4476074.4551 0,439642.559 4476090.3053 0))",2317529,Azul,Línea,3
"MULTILINESTRING Z ((439507.2344 4476172.3444 0,439506.199 4476156.5737 0))",2317541,Azul,Línea,3
"MULTILINESTRING Z ((441548.5419 4472693.3685 0,441556.8235 4472692.6378 0))",2317544,Azul,Batería,3
"MULTILINESTRING Z ((441496.9039 4472697.0222 0,441544.4012 4472693.7339 0))",2317546,Azul,Batería,18
"MULTILINESTRING Z ((440852.8786 4472738.9558 0,440862.7024 4472738.0627 0))",2317550,Azul,Línea,2
"MULTILINESTRING Z ((440908.7904 4472737.6993 0,440935.5837 4472734.7764 0))",2317552,Azul,Batería,10
"MULTILINESTRING Z ((440741.4057 4472605.4511 0,440733.2807 4472593.9511 0))",2317558,Azul,Línea,3
"MULTILINESTRING Z ((440740.5136 4472507.2435 0,440746.9275 4472506.7564 0))",2317570,Azul,Línea,1
"MULTILINESTRING Z ((439524.3247 4476425.5614 0,439524.7807 4476430.8796 0))",2317573,Azul,Línea,1
"MULTILINESTRING Z ((440708.0381 4472556.0378 0,440699.1074 4472544.2655 0))",2317574,Azul,Línea,3
"MULTILINESTRING Z ((439534.7932 4476563.7422 0,439535.1914 4476568.9194 0))",2317575,Azul,Línea,1
"MULTILINESTRING Z ((440711.6104 4472560.9092 0,440718.1867 4472570.0835 0))",2317576,Azul,Línea,2
"MULTILINESTRING Z ((440940.9424 4472625.8981 0,440950.0765 4472722.1105 0))",2317578,Azul,Línea,20
"MULTILINESTRING Z ((439610.1266 4476188.9947 0,439604.4497 4476189.5466 0))",2317581,Azul,Línea,1
"MULTILINESTRING Z ((439776.3952 4476703.5281 0,439746.0008 4476705.4838 0))",2317583,Azul,Línea,6
"MULTILINESTRING Z ((441124.825 4472700.3173 0,441120.6315 4472659.4571 0))",2317586,Azul,Línea,8
"MULTILINESTRING Z ((439843.921 4476699.5652 0,439831.7757 4476700.3597 0))",2317587,Azul,Línea,2
"MULTILINESTRING Z ((441109.2336 4472539.9947 0,441104.0723 4472491.9302 0))",2317592,Azul,Línea,9
"MULTILINESTRING Z ((441131.5992 4472769.4571 0,441130.9541 4472763.0054 0))",2317598,Azul,Línea,1
"MULTILINESTRING Z ((441382.6743 4472969.3116 0,441379.3685 4472973.4438 0))",2317606,Azul,Línea,1
"MULTILINESTRING Z ((441950.4057 4472459.7245 0,441835.0307 4472539.0995 0))",2317610,Azul,Línea,30
"MULTILINESTRING Z ((440263.2631 4476526.9 0,440262.5297 4476510.5205 0))",2317613,Azul,Línea,3
"MULTILINESTRING Z ((442610.4245 4471633.2699 0,442613.0451 4471635.4537 0))",2317618,Azul,Batería,1
"MULTILINESTRING Z ((442630.5154 4471650.2161 0,442618.3735 4471640.4327 0))",2317620,Azul,Batería,6
"MULTILINESTRING Z ((442639.1632 4471642.1797 0,442617.7621 4471624.0106 0))",2317622,Azul,Batería,11
"MULTILINESTRING Z ((440258.2515 4476384.0079 0,440257.7626 4476367.9952 0))",2317623,Azul,Línea,3
"MULTILINESTRING Z ((442637.6782 4471644.8003 0,442641.5217 4471647.8576 0))",2317624,Azul,Línea,1
"MULTILINESTRING Z ((442669.3868 4471671.0057 0,442665.456 4471667.7737 0))",2317626,Azul,Línea,1
"MULTILINESTRING Z ((442644.672 4471650.3806 0,442661.9088 4471664.8424 0))",2317628,Azul,Batería,9
"MULTILINESTRING Z ((440173.3151 4476275.3991 0,440183.4194 4476274.5842 0))",2317629,Azul,Línea,2
"MULTILINESTRING Z ((439684.5307 4476182.2011 0,439741.2807 4476177.2011 0))",2317631,Azul,Línea,13
"MULTILINESTRING Z ((439725.4057 4476053.9094 0,439737.4057 4476053.4094 0))",2317635,Azul,Línea,2
"MULTILINESTRING Z ((442774.6017 4471818.4114 0,442782.3323 4471788.5372 0,442782.8564 4471784.0822 0,442781.5461 4471779.6273 0,442778.6635 4471775.1724 0,442773.8155 4471770.9795 0))",2317638,Azul,Línea,11
"MULTILINESTRING Z ((442778.9256 4471766.1315 0,442785.4769 4471772.0277 0,442788.2285 4471777.3998 0,442789.8008 4471784.2133 0,442789.5388 4471789.5854 0,442780.6289 4471820.2458 0))",2317640,Azul,Batería,22
"MULTILINESTRING Z ((442706.3365 4471975.6004 0,442709.5685 4471985.4711 0,442710.7041 4471990.3628 0,442711.1408 4471992.8087 0,442711.0535 4471995.3418 0,442710.442 4472000.1462 0))",2317654,Azul,Batería,10
"MULTILINESTRING Z ((440254.4623 4476246.2497 0,440253.7289 4476220.336 0))",2317655,Azul,Línea,5
"MULTILINESTRING Z ((442617.7934 4471691.8868 0,442636.1025 4471671.4237 0))",2317658,Azul,Línea,6
"MULTILINESTRING Z ((442605.028 4471738.3006 0,442563.5071 4471787.7761 0))",2317660,Azul,Línea,13
"MULTILINESTRING Z ((440000.9057 4476152.7427 0,440020.739 4476150.9927 0))",2317665,Azul,Línea,4
"MULTILINESTRING Z ((440103.9057 4476143.4094 0,440125.489 4476141.4094 0,440128.239 4476140.8261 0,440130.3223 4476139.9094 0,440133.4057 4476138.4094 0))",2317671,Azul,Línea,6
"MULTILINESTRING Z ((442548.2973 4471818.2831 0,442544.9756 4471822.3041 0))",2317674,Azul,Línea,1
"MULTILINESTRING Z ((440095.4057 4476066.2427 0,440130.489 4476081.7427 0))",2317675,Azul,Línea,8
"MULTILINESTRING Z ((442707.2537 4471912.751 0,442702.6677 4471918.1231 0,442699.6541 4471920.7437 0,442695.9853 4471921.5298 0,442691.6614 4471921.1367 0,442688.3857 4471919.5644 0,442665.0629 4471899.2552 0,442620.6447 4471861.6504 0,442595.1089 4471840.1765 0))",2317676,Azul,Línea,30
"MULTILINESTRING Z ((440015.7357 4476052.2748 0,440016.5543 4476063.3717 0,440019.5559 4476066.5553 0,440017.9187 4476069.1021 0,440021.1022 4476071.7399 0))",2317677,Azul,Batería,9
"MULTILINESTRING Z ((442744.5091 4471868.4201 0,442711.4029 4471907.903 0))",2317680,Azul,Línea,11
"MULTILINESTRING Z ((442711.2282 4471786.4844 0,442739.0933 4471809.8073 0))",2317686,Azul,Línea,7
"MULTILINESTRING Z ((440184.1527 4475919.5484 0,440183.4194 4475909.5255 0))",2317687,Azul,Línea,2
"MULTILINESTRING Z ((442667.7271 4471749.6221 0,442678.9955 4471759.3181 0))",2317688,Azul,Línea,3
"MULTILINESTRING Z ((439990.913 4475881.9716 0,439980.9244 4475773.345 0))",2317693,Azul,Línea,21
"MULTILINESTRING Z ((440004.5098 4475767.4262 0,440017.871 4475766.0629 0))",2317697,Azul,Línea,2
"MULTILINESTRING Z ((441704.9057 4472580.7245 0,441595.7807 4472710.9745 0))",2317698,Azul,Línea,39
"MULTILINESTRING Z ((439986.1079 4475764.1887 0,439982.2486 4475764.5671 0,439979.9785 4475765.3238 0,439978.1624 4475766.5345 0,439976.2706 4475768.8047 0,439975.8166 4475770.5451 0,439975.8922 4475772.6639 0))",2317699,Azul,Línea,3
"MULTILINESTRING Z ((441719.1557 4472563.3495 0,441708.7807 4472575.9745 0))",2317700,Azul,Línea,3
"MULTILINESTRING Z ((439978.9948 4475798.8842 0,439977.5192 4475780.0419 0))",2317701,Azul,Línea,3
"MULTILINESTRING Z ((441942.3223 4472472.8495 0,441906.239 4472497.4329 0,441870.1557 4472522.2662 0,441832.3223 4472547.9329 0,441828.489 4472550.3495 0,441821.9057 4472554.8495 0,441818.6557 4472556.5995 0,441783.489 4472572.5995 0,441770.0723 4472578.4329 0,441765.8223 4472579.1829 0,441760.9057 4472579.3495 0,441755.239 4472578.4329 0,441747.4057 4472574.5995 0))",2317702,Azul,Línea,43
"MULTILINESTRING Z ((439986.8268 4475882.5391 0,439983.7621 4475847.8058 0))",2317703,Azul,Línea,7
"MULTILINESTRING Z ((442545.1504 4471809.7167 0,442560.535 4471791.0978 0))",2317708,Azul,Línea,5
"MULTILINESTRING Z ((442542.0051 4471813.5137 0,442527.8449 4471830.6895 0))",2317710,Azul,Línea,4
"MULTILINESTRING Z ((440279.2092 4476594.0313 0,440278.742 4476577.6777 0))",2317723,Azul,Línea,3
"MULTILINESTRING Z ((442166.1557 4473151.3261 0,442186.4057 4473155.7011 0))",2317724,Azul,Línea,4
"MULTILINESTRING Z ((440273.8826 4476407.6002 0,440275.0975 4476460.6793 0))",2317729,Azul,Línea,10
"MULTILINESTRING Z ((440276.6861 4476509.5533 0,440276.2189 4476490.6765 0))",2317733,Azul,Línea,4
"MULTILINESTRING Z ((440271.4057 4476343.3261 0,440269.5723 4476282.7427 0))",2317735,Azul,Línea,12
"MULTILINESTRING Z ((442367.7809 4473119.4761 0,442370.1559 4473124.7261 0))",2317742,Azul,Línea,1
"MULTILINESTRING Z ((440267.1557 4476209.9094 0,440265.9057 4476194.2427 0))",2317745,Azul,Línea,3
"MULTILINESTRING Z ((442451.0723 4473193.7427 0,442461.239 4473192.7427 0))",2317756,Azul,Línea,2
"MULTILINESTRING Z ((442587.8395 4473176.9562 0,442593.0048 4473176.3364 0))",2317762,Azul,Línea,1
"MULTILINESTRING Z ((442649.4652 4473169.6999 0,442636.6029 4473170.7847 0))",2317764,Azul,Línea,2
"MULTILINESTRING Z ((442664.7225 4472394.1435 0,442668.3793 4472400.0507 0))",2317824,Azul,Batería,2
"MULTILINESTRING Z ((442658.008 4472400.8207 0,442648.5025 4472385.7219 0))",2317826,Azul,Batería,6
"MULTILINESTRING Z ((442669.7591 4472393.1518 0,442673.1948 4472398.0866 0))",2317828,Azul,Batería,2
"MULTILINESTRING Z ((442638.7133 4472385.6452 0,442658.1771 4472371.9251 0))",2317830,Azul,Batería,8
"MULTILINESTRING Z ((442636.9423 4472379.2258 0,442651.2908 4472368.9213 0))",2317832,Azul,Batería,6
"MULTILINESTRING Z ((442630.5993 4472376.2406 0,442650.0631 4472362.5204 0))",2317834,Azul,Batería,8
"MULTILINESTRING Z ((442186.9411 4472765.5208 0,442184.8577 4472761.5208 0))",2317836,Azul,Línea,1
"MULTILINESTRING Z ((442682.6056 4472424.3445 0,442669.089 4472404.7414 0))",2317844,Azul,Batería,8
"MULTILINESTRING Z ((442704.6967 4472456.0288 0,442691.1801 4472436.4257 0))",2317846,Azul,Batería,8
"MULTILINESTRING Z ((440930.7562 4476630.2921 0,440878.7578 4476633.8713 0))",2317877,Azul,Línea,10
"MULTILINESTRING Z ((443229.0624 4472813.2993 0,443219.2446 4472829.6308 0))",2317882,Azul,Línea,4
"MULTILINESTRING Z ((443166.5723 4472886.4329 0,443154.6557 4472869.4329 0))",2317892,Azul,Línea,4
"MULTILINESTRING Z ((440733.9105 4476295.3689 0,440758.0853 4476278.4757 0))",2317895,Azul,Línea,5
"MULTILINESTRING Z ((443226.5136 4472809.0512 0,443193.6617 4472863.4268 0))",2317900,Azul,Línea,13
"MULTILINESTRING Z ((440996.2762 4476625.3209 0,441012.0845 4476624.3267 0))",2317901,Azul,Línea,3
"MULTILINESTRING Z ((443251.0147 4472803.6988 0,443287.4458 4472825.8933 0))",2317904,Azul,Batería,17
"MULTILINESTRING Z ((441045.3913 4476621.8411 0,441034.753 4476622.6365 0))",2317905,Azul,Línea,2
"MULTILINESTRING Z ((440948.15 4476619.835 0,440946.5966 4476595.2395 0))",2317911,Azul,Línea,5
"MULTILINESTRING Z ((442745.7958 4472406.9759 0,442749.7911 4472412.8513 0))",2317922,Azul,Batería,3
"MULTILINESTRING Z ((442738.8628 4472396.8701 0,442744.7382 4472405.2132 0))",2317926,Azul,Batería,4
"MULTILINESTRING Z ((441164.6557 4476613.4329 0,441179.4057 4476612.3495 0))",2317927,Azul,Línea,3
"MULTILINESTRING Z ((442728.287 4472381.0064 0,442732.3998 4472386.8818 0))",2317928,Azul,Batería,3
"MULTILINESTRING Z ((441378.1824 4476472.3592 0,441378.1824 4476496.0486 0))",2317929,Azul,Línea,5
"MULTILINESTRING Z ((442719.3563 4472381.0064 0,442707.7229 4472364.5552 0))",2317932,Azul,Batería,8
"MULTILINESTRING Z ((441425.5198 4476508.3389 0,441412.8505 4476532.6581 0,441409.5012 4476536.1531 0,441395.23 4476547.3661 0))",2317933,Azul,Línea,10
"MULTILINESTRING Z ((442715.2435 4472362.0875 0,442725.2318 4472376.8936 0))",2317934,Azul,Batería,7
"MULTILINESTRING Z ((441376.739 4476414.0995 0,441376.739 4476423.3495 0))",2317935,Azul,Línea,2
"MULTILINESTRING Z ((442708.3105 4472352.5693 0,442714.0684 4472361.0299 0))",2317936,Azul,Batería,4
"MULTILINESTRING Z ((442698.2047 4472337.8807 0,442707.2529 4472351.0417 0))",2317938,Azul,Batería,6
"MULTILINESTRING Z ((442915.831 4472186.7643 0,442927.9345 4472203.4506 0))",2317940,Azul,Línea,4
"MULTILINESTRING Z ((441516.4348 4476335.8867 0,441513.7811 4476340.8706 0))",2317945,Azul,Línea,1
"MULTILINESTRING Z ((442918.3705 4472173.2234 0,442943.6272 4472210.745 0))",2317948,Azul,Línea,9
"MULTILINESTRING Z ((440985.5723 4476139.9094 0,440935.4057 4476132.0761 0))",2317957,Azul,Línea,9
"MULTILINESTRING Z ((442736.3951 4472392.9923 0,442737.8052 4472395.1075 0))",2317966,Azul,Batería,1
"MULTILINESTRING Z ((440780.8766 4476146.3852 0,440776.3738 4476160.0812 0))",2317969,Azul,Línea,3
"MULTILINESTRING Z ((443432.3439 4474628.4629 0,443475.7409 4474613.592 0))",2317974,Azul,Línea,9
"MULTILINESTRING Z ((443245.3891 4474507.9884 0,443247.8133 4474540.7591 0))",2317982,Azul,Línea,7
"MULTILINESTRING Z ((441572.1557 4476073.3495 0,441569.4057 4476090.9745 0))",2317983,Azul,Línea,4
"MULTILINESTRING Z ((443250.3272 4474574.6072 0,443248.4418 4474548.3009 0))",2317984,Azul,Línea,5
"MULTILINESTRING Z ((443250.5256 4474581.487 0,443253.1596 4474618.7582 0))",2317986,Azul,Línea,7
"MULTILINESTRING Z ((441560.9787 4476159.5397 0,441561.562 4476154.873 0))",2317987,Azul,Línea,1
"MULTILINESTRING Z ((441230.989 4476161.6594 0,441235.989 4476161.8261 0))",2317995,Azul,Línea,1
"MULTILINESTRING Z ((443540.0557 4474502.2615 0,443528.3098 4474467.024 0))",2317996,Azul,Línea,7
"MULTILINESTRING Z ((443515.8035 4474434.2371 0,443525.5213 4474459.3343 0))",2317998,Azul,Línea,5
"MULTILINESTRING Z ((443369.9057 4474300.6829 0,443361.1557 4474295.5162 0))",2318004,Azul,Línea,2
"MULTILINESTRING Z ((443313.989 4474249.5162 0,443318.4057 4474252.0162 0))",2318006,Azul,Línea,1
"MULTILINESTRING Z ((443610.5387 4474414.5206 0,443608.7861 4474410.0139 0))",2318012,Azul,Línea,1
"MULTILINESTRING Z ((440888.5689 4475820.1188 0,440884.0661 4475831.9386 0))",2318013,Azul,Línea,2
"MULTILINESTRING Z ((443640.6672 4474461.2574 0,443644.2559 4474462.7596 0,443648.9296 4474463.7611 0,443654.6048 4474464.4288 0))",2318014,Azul,Línea,3
"MULTILINESTRING Z ((443592.8455 4474404.9229 0,443589.1733 4474401.1673 0,443584.8335 4474397.5785 0,443579.4921 4474394.0733 0,443575.4027 4474392.2372 0,443570.3951 4474390.8184 0,443566.3891 4474390.0673 0,443561.2147 4474389.7334 0))",2318016,Azul,Línea,7
"MULTILINESTRING Z ((441469.9685 4476034.6976 0,441529.5455 4476036.3856 0))",2318017,Azul,Línea,12
"MULTILINESTRING Z ((441567.9057 4476021.9745 0,441562.7807 4475997.8495 0))",2318021,Azul,Línea,5
"MULTILINESTRING Z ((441543.5307 4475903.4745 0,441534.2807 4475858.3495 0))",2318025,Azul,Línea,9
"MULTILINESTRING Z ((441493.4057 4475662.7662 0,441494.989 4475668.6829 0))",2318029,Azul,Línea,1
"MULTILINESTRING Z ((441464.2718 4475778.2546 0,441468.9057 4475778.387 0))",2318033,Azul,Línea,1
"MULTILINESTRING Z ((443204.8074 4473940.382 0,443203.73 4473922.5153 0))",2318034,Azul,Línea,3
"MULTILINESTRING Z ((441433.6217 4475777.5926 0,441459.0421 4475777.9236 0))",2318035,Azul,Línea,5
"MULTILINESTRING Z ((443203.1015 4473915.6918 0,443200.4978 4473882.3824 0))",2318036,Azul,Línea,7
"MULTILINESTRING Z ((443197.3554 4473831.7449 0,443200.2284 4473877.4443 0))",2318038,Azul,Línea,9
"MULTILINESTRING Z ((443621.8056 4474461.1739 0,443625.3943 4474465.8476 0))",2318044,Azul,Línea,1
"MULTILINESTRING Z ((443617.3823 4474430.795 0,443619.5522 4474436.1364 0))",2318048,Azul,Línea,1
"MULTILINESTRING Z ((443210.4637 4474018.5828 0,443210.1045 4474012.7469 0))",2318050,Azul,Línea,1
"MULTILINESTRING Z ((443205.4358 4473949.1807 0,443204.9869 4473943.5244 0))",2318052,Azul,Línea,1
"MULTILINESTRING Z ((443180.3865 4473602.2603 0,443178.4112 4473571.7342 0))",2318054,Azul,Línea,5
"MULTILINESTRING Z ((443158.2101 4473293.4077 0,443154.1699 4473238.9994 0))",2318064,Azul,Línea,11
"MULTILINESTRING Z ((443636.077 4474458.5867 0,443631.6537 4474454.998 0,443628.2319 4474450.8251 0,443625.8951 4474447.2364 0))",2318066,Azul,Línea,3
"MULTILINESTRING Z ((443614.2943 4474448.2379 0,443605.865 4474432.0469 0,443601.6086 4474421.9484 0,443597.853 4474413.5191 0,443596.3507 4474410.3477 0))",2318068,Azul,Línea,8
"MULTILINESTRING Z ((441455.489 4475477.2662 0,441441.6557 4475410.0162 0))",2318079,Azul,Línea,14
"MULTILINESTRING Z ((441293.489 4475260.4094 0,441300.239 4475255.9927 0))",2318087,Azul,Línea,2
"MULTILINESTRING Z ((441377.5028 4476447.8932 0,441377.6969 4476466.3398 0))",2318099,Azul,Línea,4
"MULTILINESTRING Z ((442879.1513 4474742.8134 0,442889.7729 4474741.7975 0))",2318106,Azul,Línea,2
"MULTILINESTRING Z ((438597.9263 4476058.7217 0,438633.9651 4476009.1045 0))",2318107,Azul,Línea,13
"MULTILINESTRING Z ((438728.4011 4475879.1402 0,438699.6109 4475918.9565 0))",2318111,Azul,Línea,10
"MULTILINESTRING Z ((438849.4057 4475713.9329 0,438845.989 4475718.6829 0))",2318121,Azul,Línea,1
"MULTILINESTRING Z ((439013.3561 4475823.6471 0,439018.0048 4475826.5396 0))",2318125,Azul,Línea,1
"MULTILINESTRING Z ((442921.1397 4474611.7519 0,442946.7337 4474610.0184 0))",2318126,Azul,Línea,5
"MULTILINESTRING Z ((443007.0616 4474605.6662 0,443017.2487 4474604.9555 0))",2318128,Azul,Línea,2
"MULTILINESTRING Z ((439130.0916 4475788.4198 0,439119.6577 4475806.2917 0))",2318133,Azul,Línea,4
"MULTILINESTRING Z ((442930.5307 4474392.2011 0,442937.0307 4474391.7011 0))",2318140,Azul,Línea,1
"MULTILINESTRING Z ((442960.9057 4474389.9511 0,442948.6557 4474390.8261 0))",2318142,Azul,Línea,2
"MULTILINESTRING Z ((443064.8855 4474382.4589 0,443050.072 4474383.7715 0))",2318144,Azul,Línea,3
"MULTILINESTRING Z ((443126.6557 4474378.3261 0,443142.9057 4474377.0761 0))",2318146,Azul,Línea,3
"MULTILINESTRING Z ((439099.989 4475845.0761 0,439116.5723 4475817.6594 0))",2318149,Azul,Línea,7
"MULTILINESTRING Z ((439206.6756 4475794.6526 0,439192.3506 4475789.0052 0))",2318153,Azul,Línea,3
"MULTILINESTRING Z ((442609.7872 4474196.9731 0,442610.2872 4474202.4731 0))",2318162,Azul,Línea,1
"MULTILINESTRING Z ((442608.0723 4474169.6594 0,442607.1557 4474155.7427 0))",2318164,Azul,Línea,3
"MULTILINESTRING Z ((442619.6622 4474156.8481 0,442619.5372 4474151.8481 0))",2318168,Azul,Línea,1
"MULTILINESTRING Z ((443198.6019 4474228.3492 0,443199.0683 4474234.5285 0))",2318170,Azul,Línea,1
"MULTILINESTRING Z ((438990.9732 4475404.3633 0,439018.0393 4475419.0327 0))",2318177,Azul,Línea,6
"MULTILINESTRING Z ((441224.2155 4474254.2119 0,441238.1253 4474249.8273 0,441245.0803 4474245.8963 0,441253.8496 4474238.1853 0,441258.9902 4474230.4744 0,441264.1308 4474221.1004 0,441266.3987 4474210.3656 0,441267.0035 4474200.5379 0))",2318184,Azul,Batería,35
"MULTILINESTRING Z ((441249.7412 4474170.1077 0,441246.3158 4474167.0513 0,441244.656 4474165.8168 0,441242.9627 4474164.6294 0,441241.2124 4474163.5043 0,441239.4176 4474162.4668 0,441237.6036 4474161.4924 0,441235.7183 4474160.5862 0,441233.8108 4474159.7672 0,441231.889 4474159.0193 0,441229.9107 4474158.3529 0,441227.4922 4474157.6453 0,441215.8264 4474155.4637 0,441204.8775 4474153.6811 0,441210.0911 4474147.4908 0,441196.0803 4474150.0738 0,441192.6903 4474150.0462 0,441161.7668 4474145.9716 0))",2318187,Azul,Batería,26
"MULTILINESTRING Z ((439160.1037 4475288.2469 0,439139.2761 4475316.6297 0))",2318198,Azul,Línea,7
"MULTILINESTRING Z ((442361.8335 4474567.511 0,442360.3557 4474573.6068 0))",2318223,Azul,Línea,1
"MULTILINESTRING Z ((442806.989 4474023.3495 0,442805.1557 4473983.3495 0))",2318229,Azul,Batería,18
"MULTILINESTRING Z ((442804.739 4473974.1829 0,442804.6557 4473959.7662 0))",2318231,Azul,Batería,6
"MULTILINESTRING Z ((442765.4057 4473936.7427 0,442789.5723 4473936.0761 0))",2318233,Azul,Batería,10
"MULTILINESTRING Z ((442684.7522 4473823.1972 0,442678.9376 4473823.5327 0))",2318237,Azul,Línea,1
"MULTILINESTRING Z ((438985.0235 4475066.2435 0,438987.9696 4475051.092 0))",2318238,Naranja,Batería,7
"MULTILINESTRING Z ((442800.0307 4473906.2011 0,442799.5307 4473894.4511 0))",2318239,Azul,Línea,2
"MULTILINESTRING Z ((439001.4278 4474988.2996 0,438993.9281 4475026.8366 0))",2318242,Naranja,Batería,15
"MULTILINESTRING Z ((442628.1716 4473825.8809 0,442669.8802 4473823.6445 0))",2318243,Azul,Línea,8
"MULTILINESTRING Z ((442588.0285 4473829.5709 0,442598.3159 4473829.3473 0,442606.1432 4473827.7818 0,442615.3124 4473826.44 0,442620.7916 4473826.44 0))",2318245,Azul,Línea,6
"MULTILINESTRING Z ((442536.3893 4473988.4553 0,442535.2381 4473993.2532 0))",2318249,Azul,Línea,1
"MULTILINESTRING Z ((442808.7807 4473879.0761 0,442809.2807 4473900.2011 0))",2318259,Azul,Línea,4
"MULTILINESTRING Z ((443178.2108 4473949.8326 0,443175.8626 4473918.8027 0))",2318261,Azul,Línea,6
"MULTILINESTRING Z ((443185.1311 4474043.538 0,443187.3813 4474072.4148 0))",2318265,Azul,Línea,6
"MULTILINESTRING Z ((443163.1152 4473733.1268 0,443159.7606 4473685.324 0))",2318269,Azul,Línea,9
"MULTILINESTRING Z ((442808.4243 4473591.6195 0,442818.4881 4473610.4051 0,442826.4272 4473624.8298 0,442831.4591 4473630.9799 0,442839.1746 4473637.4654 0,442845.1011 4473641.3791 0,442856.3948 4473645.74 0,442864.4458 4473647.1937 0,442880.5478 4473646.97 0,442912.7517 4473644.2864 0))",2318273,Azul,Línea,27
"MULTILINESTRING Z ((442977.2715 4473637.1299 0,443005.2263 4473635.229 0))",2318279,Azul,Batería,13
"MULTILINESTRING Z ((443005.7854 4473636.459 0,443031.0566 4473635.0054 0))",2318281,Azul,Línea,5
"MULTILINESTRING Z ((443077.0143 4473631.0917 0,443121.0711 4473627.6253 0))",2318285,Azul,Línea,8
"MULTILINESTRING Z ((443121.2947 4473626.1716 0,443127.6684 4473625.5007 0))",2318287,Azul,Batería,3
"MULTILINESTRING Z ((443137.1731 4473375.8082 0,443135.9431 4473358.1408 0))",2318293,Azul,Línea,4
"MULTILINESTRING Z ((443139.5213 4473408.6831 0,443137.3967 4473379.051 0))",2318295,Azul,Línea,6
"MULTILINESTRING Z ((443141.1986 4473436.1906 0,443140.4158 4473426.0151 0))",2318297,Azul,Línea,2
"MULTILINESTRING Z ((442874.2445 4473208.2393 0,442878.8706 4473205.1552 0))",2318299,Azul,Línea,1
"MULTILINESTRING Z ((442920.3338 4473178.2556 0,442900.8015 4473191.1914 0))",2318301,Azul,Línea,4
"MULTILINESTRING Z ((442945.6915 4473161.4647 0,442925.3025 4473175.1715 0))",2318303,Azul,Línea,4
"MULTILINESTRING Z ((443126.3266 4473224.964 0,443127.4448 4473240.6187 0))",2318307,Azul,Línea,3
"MULTILINESTRING Z ((442727.8755 4473189.5968 0,442730.101 4473210.7392 0,442730.4719 4473212.5938 0,442731.3374 4473215.3139 0))",2318311,Azul,Línea,5
"MULTILINESTRING Z ((442764.989 4473173.7427 0,442740.239 4473176.9927 0))",2318313,Azul,Línea,4
"MULTILINESTRING Z ((442823.8223 4473166.5761 0,442810.489 4473167.9927 0))",2318315,Azul,Línea,2
"MULTILINESTRING Z ((442550.6809 4473204.2774 0,442528.7643 4473207.0729 0))",2318319,Azul,Línea,4
"MULTILINESTRING Z ((442566.671 4473202.3765 0,442599.5459 4473198.2392 0))",2318321,Azul,Línea,7
"MULTILINESTRING Z ((442704.0226 4473193.5901 0,442705.6503 4473208.3249 0,442706.0787 4473209.5243 0,442707.1067 4473210.638 0,442708.2204 4473211.0663 0))",2318327,Azul,Línea,7
"MULTILINESTRING Z ((442800.7088 4473579.3193 0,442806.5234 4473588.4885 0))",2318333,Azul,Línea,2
"MULTILINESTRING Z ((442724.9057 4473196.3261 0,442725.4057 4473201.8261 0))",2318337,Azul,Línea,1
"MULTILINESTRING Z ((441554.4661 4475597.5914 0,441552.6527 4475588.3431 0))",2318341,Azul,Línea,2
"MULTILINESTRING Z ((441564.5305 4475483.2565 0,441580.2164 4475482.1685 0))",2318347,Azul,Línea,3
"MULTILINESTRING Z ((441507.8223 4475373.5761 0,441505.6557 4475363.2427 0))",2318349,Azul,Línea,2
"MULTILINESTRING Z ((441787.6593 4475445.0659 0,441786.9448 4475439.5282 0))",2318373,Azul,Línea,1
"MULTILINESTRING Z ((441773.8151 4475331.9004 0,441774.4403 4475337.5275 0))",2318377,Azul,Línea,1
"MULTILINESTRING Z ((439765.6018 4474701.0131 0,439813.2208 4474695.576 0))",2318378,Verde,Batería,17
"MULTILINESTRING Z ((439683.0796 4474594.2868 0,439665.0142 4474616.3863 0))",2318388,Verde,Línea,5
"MULTILINESTRING Z ((439717.0213 4474638.6389 0,439726.469 4474626.8495 0))",2318390,Verde,Línea,3
"MULTILINESTRING Z ((441961.2807 4475214.8495 0,441962.7807 4475235.9745 0))",2318401,Azul,Línea,4
"MULTILINESTRING Z ((441960.0307 4475199.9511 0,441960.5307 4475206.4511 0))",2318403,Azul,Línea,1
"MULTILINESTRING Z ((439934.947 4474575.8199 0,439930.5048 4474555.4686 0))",2318406,Verde,Línea,4
"MULTILINESTRING Z ((439925.8561 4474532.7414 0,439928.542 4474545.448 0))",2318408,Verde,Línea,2
"MULTILINESTRING Z ((442087.5307 4475446.4745 0,442067.6557 4475447.8495 0))",2318415,Azul,Línea,4
"MULTILINESTRING Z ((439692.588 4474298.4835 0,439693.9029 4474282.7051 0))",2318422,Verde,Línea,3
"MULTILINESTRING Z ((439701.3538 4474306.1097 0,439719.9372 4474310.4926 0))",2318424,Verde,Línea,3
"MULTILINESTRING Z ((439742.6483 4474257.1934 0,439740.5578 4474264.1921 0))",2318426,Verde,Línea,1
"MULTILINESTRING Z ((439728.703 4474308.5641 0,439733.1735 4474291.3832 0))",2318428,Verde,Línea,4
"MULTILINESTRING Z ((439716.4309 4474361.6847 0,439721.2521 4474338.8061 0))",2318432,Verde,Línea,4
"MULTILINESTRING Z ((439725.4597 4474320.9239 0,439723.0929 4474332.407 0))",2318434,Verde,Línea,2
"MULTILINESTRING Z ((439736.6799 4474315.3138 0,439759.9092 4474320.4856 0))",2318436,Verde,Línea,4
"MULTILINESTRING Z ((441804.8223 4475179.8261 0,441832.3223 4475177.7427 0))",2318449,Azul,Línea,5
"MULTILINESTRING Z ((441952.2807 4475094.2011 0,441953.0307 4475104.2011 0))",2318451,Azul,Línea,2
"MULTILINESTRING Z ((441730.8223 4474967.0761 0,441728.739 4474947.4927 0))",2318455,Azul,Línea,4
"MULTILINESTRING Z ((439531.21 4474219.8544 0,439518.4996 4474237.5613 0))",2318456,Verde,Línea,4
"MULTILINESTRING Z ((439550.3194 4474147.1861 0,439546.9008 4474166.5585 0))",2318458,Verde,Línea,4
"MULTILINESTRING Z ((439616.1557 4474144.4094 0,439622.239 4474144.5761 0))",2318460,Verde,Línea,1
"MULTILINESTRING Z ((441943.4057 4474964.3495 0,441944.1557 4474975.8495 0))",2318461,Azul,Línea,2
"MULTILINESTRING Z ((441945.0723 4474986.1594 0,441944.5723 4474980.9927 0))",2318463,Azul,Línea,1
"MULTILINESTRING Z ((439610.628 4474230.0227 0,439621.4975 4474226.3411 0))",2318464,Verde,Línea,2
"MULTILINESTRING Z ((439834.8398 4473942.7055 0,439822.1522 4473950.1822 0))",2318468,Verde,Línea,3
"MULTILINESTRING Z ((439531.239 4474000.5162 0,439541.739 4473988.9329 0))",2318470,Verde,Batería,6
"MULTILINESTRING Z ((439554.6557 4473981.6829 0,439542.739 4473988.1829 0,439542.3223 4473988.6829 0))",2318472,Verde,Línea,3
"MULTILINESTRING Z ((439493.5723 4473936.4329 0,439498.6557 4473936.3495 0))",2318476,Verde,Línea,1
"MULTILINESTRING Z ((441768.6344 4474667.3265 0,441744.0065 4474660.4781 0))",2318479,Azul,Línea,5
"MULTILINESTRING Z ((441841.6279 4474686.7384 0,441861.5168 4474692.0718 0))",2318483,Azul,Línea,4
"MULTILINESTRING Z ((441890.4348 4474699.9483 0,441899.1015 4474702.2816 0))",2318487,Azul,Línea,2
"MULTILINESTRING Z ((439512.673 4473870.4412 0,439507.3186 4473861.2508 0))",2318488,Verde,Batería,4
"MULTILINESTRING Z ((439456.4914 4473845.3473 0,439487.1795 4473850.1423 0))",2318490,Verde,Línea,6
"MULTILINESTRING Z ((441994.6836 4474742.0526 0,441999.1208 4474744.5881 0))",2318493,Azul,Línea,1
"MULTILINESTRING Z ((439517.1557 4473778.4745 0,439509.6557 4473797.4745 0))",2318498,Verde,Batería,8
"MULTILINESTRING Z ((439667.5723 4473911.8495 0,439653.239 4473917.1273 0))",2318506,Verde,Línea,3
"MULTILINESTRING Z ((442094.9281 4475158.6966 0,442100.633 4475158.425 0))",2318507,Azul,Línea,1
"MULTILINESTRING Z ((439515.3223 4473685.0162 0,439458.489 4473701.0995 0))",2318512,Verde,Línea,12
"MULTILINESTRING Z ((439764.4749 4473800.2276 0,439783.0545 4473808.6183 0))",2318520,Verde,Línea,4
"MULTILINESTRING Z ((439866.489 4473812.9329 0,439872.1557 4473823.4329 0))",2318526,Verde,Línea,2
"MULTILINESTRING Z ((439885.8552 4473850.8364 0,439888.1305 4473855.1924 0))",2318530,Verde,Línea,1
"MULTILINESTRING Z ((439896.989 4473783.5761 0,439924.489 4473757.1594 0))",2318540,Verde,Línea,6
"MULTILINESTRING Z ((439922.1557 4473859.4329 0,439936.8223 4473877.9329 0))",2318542,Verde,Línea,4
"MULTILINESTRING Z ((439531.4057 4473511.0761 0,439505.5307 4473568.9511 0))",2318550,Verde,Línea,14
"MULTILINESTRING Z ((439496.7807 4473589.9511 0,439502.7807 4473575.7011 0))",2318552,Verde,Línea,3
"MULTILINESTRING Z ((439516.7624 4473606.787 0,439507.4956 4473603.3801 0))",2318558,Verde,Línea,2
"MULTILINESTRING Z ((439522.0772 4473608.8312 0,439526.9832 4473610.7391 0))",2318560,Verde,Línea,1
"MULTILINESTRING Z ((439620.0603 4473559.2264 0,439613.6553 4473550.5047 0))",2318568,Verde,Línea,2
"MULTILINESTRING Z ((442561.8065 4475249.2669 0,442561.3933 4475243.9983 0))",2318577,Azul,Línea,1
"MULTILINESTRING Z ((442511.4057 4475146.0761 0,442491.489 4475147.4927 0))",2318587,Azul,Línea,4
"MULTILINESTRING Z ((442400.2051 4475154.108 0,442372.9053 4475155.7625 0))",2318591,Azul,Línea,6
"MULTILINESTRING Z ((442350.8223 4475140.9094 0,442415.8223 4475136.4927 0))",2318593,Azul,Línea,13
"MULTILINESTRING Z ((439709.9057 4473659.9094 0,439715.239 4473626.3261 0))",2318606,Verde,Línea,6
"MULTILINESTRING Z ((442580.57 4474972.2207 0,442626.3689 4474968.9731 0))",2318613,Azul,Línea,9
"MULTILINESTRING Z ((439824.1514 4473562.3837 0,439827.5918 4473559.9448 0))",2318618,Verde,Línea,1
"MULTILINESTRING Z ((439732.9057 4473541.1594 0,439731.9057 4473555.1594 0,439728.8223 4473572.4927 0))",2318620,Verde,Línea,8
"MULTILINESTRING Z ((439580.0621 4473329.9333 0,439577.7308 4473317.9877 0))",2318626,Verde,Línea,3
"MULTILINESTRING Z ((439607.5723 4473373.0761 0,439602.0168 4473344.7427 0))",2318632,Verde,Línea,6
"MULTILINESTRING Z ((439547.989 4473442.3495 0,439576.239 4473432.2662 0))",2318638,Verde,Línea,6
"MULTILINESTRING Z ((439541.0723 4473437.8495 0,439531.9057 4473418.7662 0))",2318640,Verde,Línea,4
"MULTILINESTRING Z ((439529.739 4473413.6829 0,439520.989 4473394.8495 0))",2318642,Verde,Línea,4
"MULTILINESTRING Z ((439490.1486 4473468.6861 0,439536.0013 4473446.1019 0))",2318644,Verde,Línea,11
"MULTILINESTRING Z ((443479.5017 4474901.8275 0,443468.9763 4474902.5534 0))",2318653,Azul,Línea,2
"MULTILINESTRING Z ((439303.5961 4473356.9599 0,439295.6838 4473363.3478 0))",2318654,Verde,Línea,2
"MULTILINESTRING Z ((439310.0929 4473353.8748 0,439332.0877 4473366.0699 0))",2318656,Verde,Línea,5
"MULTILINESTRING Z ((443284.3288 4474917.5248 0,443320.9861 4474914.8027 0))",2318657,Azul,Línea,7
"MULTILINESTRING Z ((439337.9675 4473370.8609 0,439322.8325 4473383.056 0))",2318658,Verde,Línea,4
"MULTILINESTRING Z ((443349.9308 4474912.6251 0,443355.1028 4474912.2621 0))",2318659,Azul,Línea,1
"MULTILINESTRING Z ((443361.0006 4474911.7177 0,443372.7055 4474910.8104 0))",2318661,Azul,Línea,2
"MULTILINESTRING Z ((439390.559 4473455.3193 0,439381.7756 4473450.5284 0))",2318666,Verde,Línea,2
"MULTILINESTRING Z ((439373.0648 4473445.8826 0,439368.3464 4473443.4146 0))",2318668,Verde,Línea,1
"MULTILINESTRING Z ((439361.5956 4473439.9303 0,439352.3766 4473435.1393 0))",2318670,Verde,Línea,2
"MULTILINESTRING Z ((439448.1591 4473427.5899 0,439430.6287 4473418.2258 0))",2318676,Verde,Línea,4
"MULTILINESTRING Z ((439424.4222 4473414.7415 0,439419.6313 4473412.1283 0))",2318678,Verde,Línea,1
"MULTILINESTRING Z ((439371.2863 4473386.1048 0,439414.8403 4473409.4062 0))",2318680,Verde,Línea,11
"MULTILINESTRING Z ((439362.4666 4473381.3138 0,439367.1487 4473383.8182 0))",2318682,Verde,Línea,1
"MULTILINESTRING Z ((439344.0651 4473371.7319 0,439357.5668 4473378.9183 0))",2318684,Verde,Línea,3
"MULTILINESTRING Z ((439411.356 4473403.853 0,439371.0686 4473382.076 0))",2318688,Verde,Línea,9
"MULTILINESTRING Z ((439470.8072 4473392.3112 0,439468.8473 4473397.6466 0))",2318694,Verde,Línea,1
"MULTILINESTRING Z ((439346.6783 4473364.2189 0,439350.9248 4473361.0612 0))",2318698,Verde,Línea,1
"MULTILINESTRING Z ((439443.0416 4473297.6901 0,439452.079 4473291.5926 0))",2318702,Verde,Línea,2
"MULTILINESTRING Z ((443442.3746 4475309.399 0,443455.4997 4475303.9777 0))",2318705,Azul,Línea,3
"MULTILINESTRING Z ((439316.7349 4473351.6971 0,439338.6208 4473363.5656 0))",2318706,Verde,Línea,5
"MULTILINESTRING Z ((439282.355 4473939.225 0,439261.4283 4473939.6402 0))",2318726,Verde,Línea,4
"MULTILINESTRING Z ((441966.9936 4471670.4764 0,442024.7069 4471705.0315 0))",2318727,Azul,Batería,24
"MULTILINESTRING Z ((439305.0257 4473938.8928 0,439289.0815 4473939.225 0))",2318728,Verde,Línea,3
"MULTILINESTRING Z ((439349.1557 4473727.6829 0,439327.5723 4473731.8495 0))",2318740,Verde,Línea,4
"MULTILINESTRING Z ((442724.0307 4473205.3261 0,442710.2807 4473211.5761 0))",2318765,Azul,Línea,3
"MULTILINESTRING Z ((439364.971 4473640.4602 0,439356.1513 4473655.4863 0))",2318768,Verde,Línea,3
"MULTILINESTRING Z ((440659.6747 4472342.2847 0,440708.1246 4472336.5882 0))",2318771,Verde,Línea,10
"MULTILINESTRING Z ((439351.2094 4473641.1705 0,439267.5902 4473597.7278 0))",2318772,Verde,Línea,21
"MULTILINESTRING Z ((440582.9822 4472348.0411 0,440601.091 4472345.4028 0))",2318773,Verde,Batería,7
"MULTILINESTRING Z ((439433.9882 4473492.4061 0,439429.4936 4473503.9285 0))",2318778,Verde,Línea,2
"MULTILINESTRING Z ((439428.8865 4473482.468 0,439264.2524 4473395.5778 0,439262.6191 4473394.2711 0,439261.3125 4473391.7668 0,439261.5302 4473388.8269 0))",2318780,Verde,Línea,43
"MULTILINESTRING Z ((440640.0968 4472279.5636 0,440644.2342 4472316.7106 0))",2318785,Verde,Línea,8
"MULTILINESTRING Z ((440646.213 4472331.3715 0,440644.8638 4472320.4882 0))",2318787,Verde,Línea,2
"MULTILINESTRING Z ((440625.6671 4472272.8827 0,440590.0955 4472276.9794 0))",2318791,Verde,Línea,7
"MULTILINESTRING Z ((439161.5738 4473643.1823 0,439096.4605 4473636.5403 0))",2318792,Verde,Línea,13
"MULTILINESTRING Z ((440648.7486 4472270.1849 0,440679.524 4472266.5877 0))",2318793,Verde,Línea,6
"MULTILINESTRING Z ((439087.532 4473635.5603 0,439092.6496 4473635.9959 0))",2318794,Verde,Línea,1
"MULTILINESTRING Z ((440530.3766 4472279.8771 0,440537.5709 4472279.211 0))",2318797,Verde,Batería,3
"MULTILINESTRING Z ((439092.9389 4473582.5019 0,439095.0287 4473577.9596 0))",2318800,Verde,Línea,1
"MULTILINESTRING Z ((439105.5307 4473555.7011 0,439107.9057 4473550.4511 0))",2318802,Verde,Línea,1
"MULTILINESTRING Z ((439114.9057 4473642.3261 0,439142.5723 4473645.1594 0))",2318806,Verde,Línea,6
"MULTILINESTRING Z ((440671.6303 4472262.8907 0,440648.3489 4472265.3887 0))",2318807,Verde,Batería,8
"MULTILINESTRING Z ((439087.0964 4473639.4802 0,439108.4379 4473641.8757 0))",2318808,Verde,Línea,4
"MULTILINESTRING Z ((440633.8223 4472233.4094 0,440637.1557 4472257.7427 0))",2318809,Verde,Línea,5
"MULTILINESTRING Z ((440748.7686 4472258.5941 0,440727.7854 4472261.292 0))",2318815,Verde,Línea,4
"MULTILINESTRING Z ((439117.1133 4473764.9164 0,439106.0505 4473735.9423 0))",2318816,Verde,Línea,6
"MULTILINESTRING Z ((439118.8254 4473768.604 0,439124.8836 4473785.9884 0))",2318818,Verde,Línea,4
"MULTILINESTRING Z ((439136.8683 4473815.621 0,439131.2052 4473801.2657 0))",2318820,Verde,Línea,3
"MULTILINESTRING Z ((440476.7737 4472208.0205 0,440489.1253 4472199.2117 0))",2318829,Verde,Línea,3
"MULTILINESTRING Z ((439739.0126 4474270.3728 0,439735.4678 4474282.916 0))",2318832,Verde,Línea,2
"MULTILINESTRING Z ((440554.809 4472183.4131 0,440539.5849 4472184.9451 0))",2318837,Verde,Línea,3
"MULTILINESTRING Z ((439543.989 4473749.5162 0,439568.1557 4473723.9329 0))",2318838,Verde,Línea,7
"MULTILINESTRING Z ((440562.0739 4472182.7363 0,440575.7123 4472181.3175 0))",2318839,Verde,Línea,3
"MULTILINESTRING Z ((440473.9013 4472204.0948 0,440485.1996 4472196.4349 0))",2318841,Verde,Batería,5
"MULTILINESTRING Z ((440622.9161 4472097.8776 0,440741.5713 4472084.6755 0))",2318847,Verde,Línea,25
"MULTILINESTRING Z ((439720.1557 4473599.6829 0,439721.739 4473589.9329 0))",2318848,Verde,Línea,2
"MULTILINESTRING Z ((440618.1258 4472108.5134 0,440621.6299 4472140.0504 0))",2318849,Verde,Línea,6
"MULTILINESTRING Z ((440623.2007 4472151.046 0,440625.2549 4472171.3457 0))",2318851,Verde,Línea,4
"MULTILINESTRING Z ((439504.8402 4473206.1542 0,439487.7954 4473215.9299 0))",2318856,Verde,Línea,4
"MULTILINESTRING Z ((440695.4868 4472084.2655 0,440692.7808 4472084.5935 0))",2318857,Verde,Batería,1
"MULTILINESTRING Z ((439491.822 4473346.144 0,439497.1574 4473336.5621 0))",2318858,Verde,Línea,2
"MULTILINESTRING Z ((440741.4893 4472079.3454 0,440702.7029 4472083.6915 0))",2318859,Verde,Batería,15
"MULTILINESTRING Z ((440286.8667 4473865.8617 0,440280.0416 4473827.8527 0))",2318862,Verde,Línea,5
"MULTILINESTRING Z ((440665.6171 4472007.91 0,440657.2472 4472008.5908 0))",2318863,Verde,Línea,2
"MULTILINESTRING Z ((440613.4747 4472012.2611 0,440631.2243 4472010.7141 0))",2318865,Verde,Línea,4
"MULTILINESTRING Z ((440612.5791 4472008.353 0,440657.6857 4472004.5262 0))",2318867,Verde,Batería,17
"MULTILINESTRING Z ((440725.9809 4471933.521 0,440710.856 4471935.1923 0))",2318873,Verde,Línea,3
"MULTILINESTRING Z ((440061.989 4473906.4094 0,440061.489 4473877.4927 0))",2318876,Verde,Línea,6
"MULTILINESTRING Z ((439990.989 4473872.9927 0,440030.1557 4473855.8261 0))",2318878,Verde,Línea,9
"MULTILINESTRING Z ((440415.5168 4473885.7427 0,440417.8501 4473896.7427 0))",2318884,Verde,Línea,2
"MULTILINESTRING Z ((440669.8291 4471935.3662 0,440659.077 4471936.5362 0))",2318885,Verde,Batería,4
"MULTILINESTRING Z ((440412.0723 4473869.1594 0,440405.5723 4473840.2427 0))",2318886,Verde,Línea,4
"MULTILINESTRING Z ((440647.2664 4471938.2632 0,440650.8318 4471937.8175 0))",2318887,Verde,Batería,1
"MULTILINESTRING Z ((440629.3834 4471940.1016 0,440637.1271 4471939.2103 0))",2318889,Verde,Batería,3
"MULTILINESTRING Z ((440477.1586 4473857.3693 0,440471.1579 4473813.7171 0))",2318891,Verde,Línea,8
"MULTILINESTRING Z ((440606.5422 4471942.4972 0,440625.1494 4471940.5473 0))",2318890,Verde,Batería,7
"MULTILINESTRING Z ((440594.911 4471858.296 0,440620.9653 4471855.202 0))",2318895,Verde,Línea,5
"MULTILINESTRING Z ((440628.1548 4471854.5662 0,440638.7074 4471853.3579 0))",2318898,Verde,Línea,2
"MULTILINESTRING Z ((440465.4251 4473691.5082 0,440465.8298 4473707.5632 0))",2318907,Verde,Línea,3
"MULTILINESTRING Z ((440617.8278 4471786.1237 0,440621.3125 4471783.0373 0))",2318910,Verde,Línea,1
"MULTILINESTRING Z ((440579.2945 4473664.5249 0,440578.485 4473658.1389 0))",2318911,Verde,Línea,1
"MULTILINESTRING Z ((440590.5478 4471812.2089 0,440615.5379 4471788.8119 0))",2318912,Verde,Línea,7
"MULTILINESTRING Z ((440575.4269 4473637.9014 0,440576.9559 4473642.1288 0,440577.1358 4473645.6366 0))",2318913,Verde,Línea,1
"MULTILINESTRING Z ((440586.4658 4471816.6892 0,440583.7776 4471819.5765 0))",2318914,Verde,Línea,1
"MULTILINESTRING Z ((440571.3794 4473630.526 0,440555.4593 4473602.5533 0))",2318915,Verde,Línea,5
"MULTILINESTRING Z ((440486.739 4473548.4094 0,440516.6279 4473552.7983 0))",2318919,Verde,Línea,5
"MULTILINESTRING Z ((440435.1139 4473540.132 0,440448.3357 4473542.4706 0))",2318923,Verde,Línea,2
"MULTILINESTRING Z ((440821.0016 4471992.2736 0,440826.0765 4471991.9112 0))",2318926,Verde,Línea,1
"MULTILINESTRING Z ((440862.9301 4471987.9237 0,440846.1345 4471989.6154 0))",2318928,Verde,Línea,3
"MULTILINESTRING Z ((440588.8286 4473694.3864 0,440585.4107 4473680.3551 0))",2318929,Verde,Línea,3
"MULTILINESTRING Z ((440868.6091 4471987.5612 0,440894.5879 4471985.6279 0))",2318930,Verde,Línea,5
"MULTILINESTRING Z ((440591.2571 4473673.0696 0,440649.1812 4473673.4294 0))",2318931,Verde,Línea,12
"MULTILINESTRING Z ((440765.0567 4471994.3278 0,440862.9301 4471984.9029 0))",2318932,Verde,Batería,35
"MULTILINESTRING Z ((440868.4006 4471984.7412 0,440878.4153 4471983.927 0))",2318934,Verde,Línea,2
"MULTILINESTRING Z ((440569.1834 4473620.3538 0,440574.0723 4473629.2983 0))",2318937,Verde,Línea,2
"MULTILINESTRING Z ((440867.4148 4471971.2607 0,440833.5045 4471951.5218 0))",2318938,Verde,Línea,8
"MULTILINESTRING Z ((440643.3348 4473523.1326 0,440648.0119 4473525.741 0))",2318945,Verde,Línea,1
"MULTILINESTRING Z ((440566.7023 4473522.2331 0,440532.0738 4473523.8521 0))",2318947,Verde,Línea,7
"MULTILINESTRING Z ((440929.2394 4471924.3944 0,440901.6925 4471910.1319 0))",2318948,Verde,Línea,6
"MULTILINESTRING Z ((440523.739 4473454.2427 0,440523.489 4473443.2427 0))",2318951,Verde,Línea,2
"MULTILINESTRING Z ((440874.2272 4471895.625 0,440882.9476 4471900.2705 0))",2318952,Verde,Línea,2
"MULTILINESTRING Z ((440523.4391 4473439.4844 0,440523.1693 4473424.3738 0))",2318953,Verde,Línea,3
"MULTILINESTRING Z ((440750.1848 4471831.0773 0,440811.4725 4471863.0252 0))",2318954,Verde,Línea,13
"MULTILINESTRING Z ((440634.7901 4473519.175 0,440587.0297 4473521.2438 0))",2318957,Verde,Línea,10
"MULTILINESTRING Z ((440669.5985 4473585.7338 0,440701.5287 4473599.4952 0))",2318973,Verde,Línea,7
"MULTILINESTRING Z ((440912.5723 4471756.9094 0,440902.5723 4471806.5761 0))",2318974,Verde,Línea,11
"MULTILINESTRING Z ((440899.2588 4471802.279 0,440904.7953 4471774.7591 0))",2318978,Verde,Línea,6
"MULTILINESTRING Z ((440714.9304 4473495.6996 0,440772.045 4473560.0997 0))",2318979,Verde,Línea,18
"MULTILINESTRING Z ((440730.3223 4471751.1594 0,440730.989 4471757.1594 0))",2318980,Verde,Línea,1
"MULTILINESTRING Z ((440747.9805 4471823.6111 0,440846.0915 4471874.4985 0))",2318984,Verde,Línea,23
"MULTILINESTRING Z ((440870.4361 4471887.6886 0,440856.5947 4471880.6864 0))",2318986,Verde,Línea,4
"MULTILINESTRING Z ((440601.6906 4473393.9727 0,440626.0655 4473427.252 0))",2318989,Verde,Línea,8
"MULTILINESTRING Z ((440657.546 4473469.256 0,440653.0488 4473464.6688 0,440628.494 4473430.58 0))",2318993,Verde,Línea,10
"MULTILINESTRING Z ((440662.5829 4473474.7426 0,440679.4024 4473493.5409 0))",2318995,Verde,Línea,5
"MULTILINESTRING Z ((440858.7931 4471669.8087 0,440836.8911 4471665.2492 0))",2318996,Verde,Línea,4
"MULTILINESTRING Z ((440868.3192 4471662.888 0,440870.1919 4471653.3619 0))",2318998,Verde,Línea,2
"MULTILINESTRING Z ((440680.3019 4473455.8543 0,440697.2114 4473475.0124 0))",2318999,Verde,Línea,5
"MULTILINESTRING Z ((440825.7366 4471603.94 0,440835.6698 4471614.1175 0))",2319000,Verde,Línea,3
"MULTILINESTRING Z ((440676.7041 4473451.9867 0,440647.0225 4473418.4375 0))",2319001,Verde,Línea,9
"MULTILINESTRING Z ((440840.3107 4471618.9213 0,440843.4861 4471622.4223 0))",2319002,Verde,Línea,1
"MULTILINESTRING Z ((440847.3128 4471626.3305 0,440867.3422 4471647.5811 0))",2319004,Verde,Línea,6
"MULTILINESTRING Z ((440875.7284 4471673.2284 0,440919.0438 4471682.1032 0))",2319012,Verde,Línea,9
"MULTILINESTRING Z ((440920.5094 4471705.5521 0,440924.499 4471685.7671 0))",2319014,Verde,Línea,4
"MULTILINESTRING Z ((440873.6115 4471652.7105 0,440871.4946 4471663.3766 0))",2319018,Verde,Línea,2
"MULTILINESTRING Z ((440846.7429 4471612.4077 0,440880.2879 4471580.6539 0))",2319022,Verde,Línea,10
"MULTILINESTRING Z ((440887.3715 4471581.5495 0,440908.215 4471603.4515 0))",2319024,Verde,Línea,6
"MULTILINESTRING Z ((440926.6159 4471675.3453 0,440930.8497 4471655.6417 0))",2319028,Verde,Línea,4
"MULTILINESTRING Z ((440934.1879 4471639.4391 0,440931.9896 4471650.2679 0))",2319030,Verde,Línea,2
"MULTILINESTRING Z ((440913.263 4471515.4365 0,440929.547 4471532.4533 0))",2319048,Verde,Línea,5
"MULTILINESTRING Z ((440935.7349 4471538.7226 0,440958.4511 4471562.9043 0))",2319050,Verde,Línea,7
"MULTILINESTRING Z ((440931.4197 4471539.6996 0,440958.4511 4471568.1966 0))",2319052,Verde,Línea,8
"MULTILINESTRING Z ((440966.1046 4471565.754 0,440976.6892 4471564.6141 0))",2319054,Verde,Línea,2
"MULTILINESTRING Z ((439883.2161 4473443.8018 0,439931.2463 4473459.632 0))",2319055,Verde,Línea,10
"MULTILINESTRING Z ((440989.9606 4471563.1486 0,441007.2217 4471561.2759 0))",2319056,Verde,Línea,3
"MULTILINESTRING Z ((439975.1834 4473487.7427 0,439964.4612 4473473.3538 0,439961.0168 4473470.1316 0,439942.6279 4473463.5205 0))",2319057,Verde,Línea,9
"MULTILINESTRING Z ((440962.9292 4471569.3365 0,440977.0963 4471568.0338 0))",2319058,Verde,Línea,3
"MULTILINESTRING Z ((439919.6435 4473450.1878 0,439886.4541 4473438.8548 0))",2319059,Verde,Batería,13
"MULTILINESTRING Z ((439887.8482 4473413.7154 0,439881.3722 4473432.6037 0))",2319061,Verde,Batería,8
"MULTILINESTRING Z ((440949.3321 4471628.5288 0,440983.0399 4471625.1906 0))",2319062,Verde,Línea,7
"MULTILINESTRING Z ((439931.9658 4473456.394 0,439935.9234 4473444.5213 0))",2319065,Verde,Batería,5
"MULTILINESTRING Z ((440888.9184 4471578.9441 0,440909.762 4471600.4389 0))",2319066,Verde,Línea,6
"MULTILINESTRING Z ((439897.2474 4473407.0146 0,439950.4044 4473424.7336 0))",2319067,Verde,Línea,14
"MULTILINESTRING Z ((440890.7911 4471570.395 0,440924.3361 4471538.804 0))",2319068,Verde,Línea,9
"MULTILINESTRING Z ((440991.9147 4471618.1478 0,440987.0295 4471571.6163 0))",2319070,Verde,Línea,9
"MULTILINESTRING Z ((439982.239 4473436.7427 0,439980.9057 4473406.4927 0))",2319071,Verde,Línea,8
"MULTILINESTRING Z ((439983.369 4473478.4753 0,439982.8293 4473457.6982 0))",2319073,Verde,Línea,4
"MULTILINESTRING Z ((440949.6577 4471631.4599 0,440983.2028 4471628.0403 0))",2319076,Verde,Línea,7
"MULTILINESTRING Z ((440929.7913 4471675.9967 0,440937.2819 4471639.9276 0))",2319078,Verde,Línea,8
"MULTILINESTRING Z ((440928.6514 4471681.289 0,440923.5219 4471706.122 0))",2319080,Verde,Línea,5
"MULTILINESTRING Z ((440929.262 4471716.9509 0,440938.9103 4471718.905 0))",2319082,Verde,Batería,3
"MULTILINESTRING Z ((439890.7714 4473384.3486 0,439891.5809 4473365.5503 0,439889.782 4473349.3603 0,439888.7027 4473336.2285 0))",2319083,Verde,Línea,10
"MULTILINESTRING Z ((440455.3579 4472155.8375 0,440468.4436 4472176.2 0))",2319084,Verde,Línea,5
"MULTILINESTRING Z ((440474.2946 4472176.965 0,440476.6279 4472186.7983 0))",2319086,Verde,Línea,2
"MULTILINESTRING Z ((439768.9057 4473303.2427 0,439761.9057 4473325.8261 0))",2319087,Verde,Línea,5
"MULTILINESTRING Z ((440606.0427 4472145.8503 0,440578.1307 4472148.5085 0))",2319088,Verde,Batería,11
"MULTILINESTRING Z ((439986.9612 4473614.1829 0,439982.0168 4473588.2384 0))",2319089,Verde,Línea,5
"MULTILINESTRING Z ((440576.1974 4472148.5085 0,440565.9267 4472149.3544 0))",2319090,Verde,Batería,4
"MULTILINESTRING Z ((439987.239 4473408.9094 0,439987.5723 4473428.9094 0))",2319093,Verde,Línea,4
"MULTILINESTRING Z ((440578.1307 4472141.3795 0,440604.8344 4472138.2379 0))",2319094,Verde,Batería,11
"MULTILINESTRING Z ((439994.739 4473611.3495 0,439998.4057 4473600.9606 0,439999.9057 4473598.294 0,440001.5168 4473595.8495 0,440004.4612 4473592.4606 0,440011.6279 4473585.0162 0,440023.2946 4473572.6273 0,440025.4057 4473570.1273 0,440033.4057 4473558.1273 0,440036.9057 4473551.8495 0))",2319095,Verde,Línea,15
"MULTILINESTRING Z ((439986.607 4473333.4402 0,439985.3927 4473306.9966 0))",2319101,Verde,Línea,5
"MULTILINESTRING Z ((440595.8929 4471955.6618 0,440601.3303 4472000.9735 0))",2319102,Verde,Batería,17
"MULTILINESTRING Z ((439984.5832 4473284.4656 0,439985.1229 4473300.5206 0))",2319103,Verde,Línea,3
"MULTILINESTRING Z ((439986.0223 4473231.8932 0,439984.2234 4473251.1412 0))",2319107,Verde,Línea,4
"MULTILINESTRING Z ((439990.3396 4473185.6618 0,439986.3821 4473224.068 0))",2319109,Verde,Línea,8
"MULTILINESTRING Z ((440210.5231 4473309.9647 0,440231.8399 4473283.2513 0))",2319111,Verde,Línea,6
"MULTILINESTRING Z ((440183.0002 4473306.0072 0,440196.7617 4473315.7212 0))",2319113,Verde,Línea,3
"MULTILINESTRING Z ((440527.5206 4471929.3917 0,440527.1376 4471941.3603 0))",2319114,Verde,Línea,2
"MULTILINESTRING Z ((440159.8845 4473289.3675 0,440176.9739 4473301.6899 0))",2319115,Verde,Línea,4
"MULTILINESTRING Z ((440100.2065 4473246.9588 0,440119.9043 4473260.7203 0))",2319117,Verde,Línea,4
"MULTILINESTRING Z ((440533.7442 4471986.2664 0,440528.7653 4471942.3177 0))",2319118,Verde,Batería,15
"MULTILINESTRING Z ((440537.4783 4472029.0345 0,440532.1632 4471986.5144 0))",2319120,Verde,Línea,9
"MULTILINESTRING Z ((440557.2346 4472100.6862 0,440555.9579 4472089.9623 0))",2319124,Verde,Línea,2
"MULTILINESTRING Z ((440236.6969 4473282.5318 0,440229.8611 4473290.8966 0))",2319125,Verde,Línea,2
"MULTILINESTRING Z ((440552.2557 4472055.5566 0,440554.426 4472070.7487 0))",2319126,Verde,Línea,3
"MULTILINESTRING Z ((440561.2014 4472133.0013 0,440558.9976 4472115.5006 0))",2319128,Verde,Línea,3
"MULTILINESTRING Z ((440557.9368 4472139.4325 0,440517.0839 4472158.0716 0))",2319130,Verde,Línea,9
"MULTILINESTRING Z ((440398.3717 4473185.437 0,440393.6496 4473182.6037 0))",2319131,Verde,Línea,1
"MULTILINESTRING Z ((440341.1671 4473152.7872 0,440384.6102 4473177.4769 0))",2319133,Verde,Línea,8
"MULTILINESTRING Z ((440552.0642 4472110.4526 0,440507.3176 4472116.8358 0))",2319136,Verde,Batería,17
"MULTILINESTRING Z ((440529.2405 4473199.4683 0,440550.6922 4473238.0543 0))",2319139,Verde,Línea,7
"MULTILINESTRING Z ((440516.4775 4472110.3152 0,440551.2195 4472105.6484 0))",2319140,Verde,Línea,7
"MULTILINESTRING Z ((440514.0144 4472092.5553 0,440550.701 4472087.8885 0))",2319142,Verde,Línea,7
"MULTILINESTRING Z ((440549.3832 4472080.5151 0,440499.7215 4472086.5154 0))",2319144,Verde,Línea,10
"MULTILINESTRING Z ((440447.5149 4472101.076 0,440449.727 4472119.1183 0))",2319150,Verde,Línea,4
"MULTILINESTRING Z ((440501.9556 4472043.7476 0,440523.2119 4472041.322 0))",2319156,Verde,Batería,8
"MULTILINESTRING Z ((440499.2108 4472055.2374 0,440498.8917 4472049.2372 0,440500.0407 4472047.1307 0,440501.6365 4472046.0456 0))",2319158,Verde,Línea,3
"MULTILINESTRING Z ((440500.7428 4472073.1105 0,440499.8492 4472061.8122 0))",2319160,Verde,Línea,2
"MULTILINESTRING Z ((440708.9612 4473362.7427 0,440735.4612 4473391.5205 0))",2319163,Verde,Línea,8
"MULTILINESTRING Z ((440444.1872 4472100.367 0,440446.4214 4472120.9849 0))",2319164,Verde,Línea,4
"MULTILINESTRING Z ((440746.8501 4473403.8538 0,440768.1834 4473427.1872 0))",2319165,Verde,Línea,7
"MULTILINESTRING Z ((440531.5151 4472025.7936 0,440530.3484 4472016.2007 0))",2319166,Verde,Línea,2
"MULTILINESTRING Z ((440776.3623 4473435.7967 0,440790.3037 4473451.2671 0))",2319167,Verde,Línea,4
"MULTILINESTRING Z ((440529.1817 4472007.2559 0,440526.3297 4471985.9958 0))",2319168,Verde,Línea,4
"MULTILINESTRING Z ((440833.2071 4473497.5884 0,440793.6316 4473454.685 0))",2319169,Verde,Línea,12
"MULTILINESTRING Z ((440843.9104 4473500.8264 0,440851.106 4473495.7895 0))",2319171,Verde,Línea,2
"MULTILINESTRING Z ((440523.3199 4471961.1829 0,440524.4363 4471967.0436 0))",2319172,Verde,Línea,1
"MULTILINESTRING Z ((440519.848 4471931.8086 0,440522.311 4471953.0687 0))",2319174,Verde,Línea,4
"MULTILINESTRING Z ((440949.6399 4473431.2546 0,440935.8784 4473440.2939 0))",2319177,Verde,Línea,3
"MULTILINESTRING Z ((440474.9057 4472023.2011 0,440472.5307 4472003.4511 0))",2319182,Verde,Línea,4
"MULTILINESTRING Z ((440461.9327 4471986.8409 0,440457.624 4471950.5521 0))",2319184,Verde,Batería,15
"MULTILINESTRING Z ((440862.7739 4473259.2381 0,440851.5093 4473261.6606 0))",2319187,Verde,Batería,4
"MULTILINESTRING Z ((440841.9405 4473263.9619 0,440805.24 4473271.1083 0))",2319189,Verde,Batería,13
"MULTILINESTRING Z ((440710.5681 4473354.8919 0,440731.3452 4473339.2416 0))",2319193,Verde,Línea,5
"MULTILINESTRING Z ((439663.6822 4473228.1218 0,439722.1991 4473229.8161 0))",2319195,Verde,Línea,12
"MULTILINESTRING Z ((440755.0675 4471984.6657 0,440755.4402 4471989.511 0))",2319196,Verde,Línea,1
"MULTILINESTRING Z ((439783.4528 4473231.6407 0,439747.7432 4473230.5981 0))",2319199,Verde,Línea,7
"MULTILINESTRING Z ((439772.4947 4473291.886 0,439786.526 4473253.4348 0))",2319201,Verde,Línea,8
"MULTILINESTRING Z ((439850.3414 4473300.7904 0,439856.0079 4473269.4898 0))",2319203,Verde,Línea,7
"MULTILINESTRING Z ((441369.739 4471554.0162 0,441355.4057 4471548.1829 0))",2319206,Verde,Línea,3
"MULTILINESTRING Z ((439906.4217 4473194.0266 0,439903.5435 4473209.9468 0))",2319207,Verde,Línea,3
"MULTILINESTRING Z ((439902.3742 4473216.2429 0,439898.5066 4473236.7501 0))",2319209,Verde,Línea,4
"MULTILINESTRING Z ((439887.8932 4473303.6687 0,439889.9619 4473279.4737 0,439895.6284 4473250.9613 0))",2319211,Verde,Línea,9
"MULTILINESTRING Z ((441466.5307 4471480.3495 0,441452.2807 4471474.2245 0))",2319214,Verde,Línea,3
"MULTILINESTRING Z ((441471.5307 4471496.2245 0,441469.1557 4471501.5995 0))",2319216,Verde,Línea,1
"MULTILINESTRING Z ((439841.302 4473137.4517 0,439851.6456 4473140.24 0))",2319217,Verde,Batería,4
"MULTILINESTRING Z ((439874.2216 4473147.0757 0,439866.3065 4473144.7372 0))",2319219,Verde,Batería,3
"MULTILINESTRING Z ((441242.239 4471499.6829 0,441261.0723 4471507.8495 0))",2319220,Verde,Línea,4
"MULTILINESTRING Z ((439874.6264 4473162.5012 0,439864.1029 4473223.4834 0))",2319221,Verde,Línea,12
"MULTILINESTRING Z ((441244.4057 4471335.3495 0,441296.1557 4471357.4745 0))",2319222,Verde,Línea,11
"MULTILINESTRING Z ((439858.1666 4473258.8315 0,439862.6188 4473232.118 0))",2319223,Verde,Línea,5
"MULTILINESTRING Z ((441301.7807 4471359.8495 0,441354.7807 4471383.2245 0))",2319224,Verde,Línea,11
"MULTILINESTRING Z ((439793.1369 4473249.927 0,439852.2303 4473261.6647 0))",2319225,Verde,Línea,12
"MULTILINESTRING Z ((439827.4057 4473151.1682 0,439819.4456 4473170.7311 0))",2319229,Verde,Línea,4
"MULTILINESTRING Z ((441489.2807 4471455.0995 0,441480.9057 4471474.2245 0))",2319236,Verde,Línea,4
"MULTILINESTRING Z ((441246.0307 4471331.5995 0,441264.7807 4471339.7245 0))",2319240,Verde,Línea,4
"MULTILINESTRING Z ((441270.9057 4471342.0995 0,441290.4057 4471350.8495 0))",2319242,Verde,Línea,4
"MULTILINESTRING Z ((439921.1725 4473154.2713 0,439942.4893 4473160.1177 0))",2319243,Verde,Línea,5
"MULTILINESTRING Z ((441303.5307 4471356.3495 0,441326.9057 4471366.5995 0))",2319244,Verde,Línea,5
"MULTILINESTRING Z ((439972.3508 4473168.7523 0,439952.4731 4473163.3556 0))",2319245,Verde,Línea,4
"MULTILINESTRING Z ((441357.2807 4471379.3495 0,441337.2807 4471370.8495 0))",2319246,Verde,Línea,4
"MULTILINESTRING Z ((439927.1088 4473078.7181 0,439923.3312 4473098.4159 0))",2319249,Verde,Línea,4
"MULTILINESTRING Z ((441390.6272 4471296.8353 0,441370.2116 4471288.3288 0))",2319250,Verde,Batería,8
"MULTILINESTRING Z ((441338.0084 4471274.2323 0,441362.3127 4471285.1692 0))",2319252,Verde,Batería,10
"MULTILINESTRING Z ((440052.0414 4473189.3495 0,440080.9135 4473197.6244 0))",2319255,Verde,Línea,6
"MULTILINESTRING Z ((440357.6582 4473009.7754 0,440340.3303 4473050.2197 0))",2319257,Verde,Línea,10
"MULTILINESTRING Z ((441401.6216 4471314.8054 0,441380.2868 4471362.9454 0))",2319260,Verde,Línea,11
"MULTILINESTRING Z ((440308.6279 4473123.3495 0,440312.6834 4473113.3495 0))",2319263,Verde,Línea,2
"MULTILINESTRING Z ((441482.9835 4471337.1804 0,441490.7609 4471340.3399 0))",2319264,Verde,Batería,3
"MULTILINESTRING Z ((441522.9641 4471354.0719 0,441500.3611 4471344.7147 0))",2319266,Verde,Batería,9
"MULTILINESTRING Z ((441525.1557 4471370.4745 0,441500.4057 4471427.9745 0))",2319268,Verde,Línea,13
"MULTILINESTRING Z ((441605.7305 4471472.8409 0,441632.9612 4471409.6267 0))",2319270,Verde,Línea,14
"MULTILINESTRING Z ((441646.6557 4471404.4745 0,441661.1557 4471410.4745 0))",2319272,Verde,Línea,3
"MULTILINESTRING Z ((441700.5307 4471426.8495 0,441686.2807 4471420.8495 0))",2319276,Verde,Línea,3
"MULTILINESTRING Z ((440579.3223 4473221.4094 0,440572.6557 4473236.1594 0))",2319277,Verde,Línea,3
"MULTILINESTRING Z ((441698.9057 4471503.8495 0,441697.0307 4471519.0995 0))",2319280,Verde,Línea,3
"MULTILINESTRING Z ((440596.8336 4473225.8669 0,440605.4683 4473244.5753 0))",2319281,Verde,Línea,4
"MULTILINESTRING Z ((441611.0307 4471487.4745 0,441687.6557 4471519.7245 0))",2319282,Verde,Línea,16
"MULTILINESTRING Z ((440629.4834 4473296.4731 0,440609.2459 4473252.0407 0))",2319283,Verde,Línea,8
"MULTILINESTRING Z ((441607.9057 4471490.2245 0,441627.0307 4471498.2245 0))",2319284,Verde,Línea,4
"MULTILINESTRING Z ((440811.239 4473266.1316 0,440831.5168 4473262.0761 0))",2319287,Verde,Línea,4
"MULTILINESTRING Z ((440735.8874 4473259.8658 0,440754.5958 4473265.8021 0))",2319289,Verde,Línea,3
"MULTILINESTRING Z ((441648.2807 4471401.0995 0,441658.1557 4471405.0995 0))",2319290,Verde,Línea,2
"MULTILINESTRING Z ((440716.2796 4473253.4798 0,440727.0729 4473257.0775 0))",2319291,Verde,Línea,2
"MULTILINESTRING Z ((441682.4057 4471415.5995 0,441666.6557 4471409.0995 0))",2319292,Verde,Línea,4
"MULTILINESTRING Z ((441703.7807 4471424.3495 0,441688.6557 4471418.2245 0))",2319294,Verde,Línea,3
"MULTILINESTRING Z ((440612.9612 4473220.2427 0,440660.0168 4473235.6872 0))",2319295,Verde,Línea,8
"MULTILINESTRING Z ((441388.2493 4470996.5462 0,441412.9272 4471021.5888 0))",2319296,Verde,Línea,7
"MULTILINESTRING Z ((441466.6795 4471076.4951 0,441492.3863 4471102.8948 0))",2319300,Verde,Línea,9
"MULTILINESTRING Z ((441504.5878 4471119.2061 0,441519.6619 4471134.6449 0))",2319302,Verde,Batería,8
"MULTILINESTRING Z ((440796.15 4473214.8937 0,440867.8356 4473238.2792 0))",2319303,Verde,Línea,14
"MULTILINESTRING Z ((440967.8536 4473348.4159 0,440964.8854 4473343.6938 0))",2319307,Verde,Línea,1
"MULTILINESTRING Z ((440984.0435 4473373.6453 0,440970.417 4473352.4634 0))",2319309,Verde,Línea,4
"MULTILINESTRING Z ((441006.3534 4473394.4016 0,441029.1335 4473379.5248 0))",2319311,Verde,Línea,6
"MULTILINESTRING Z ((441643.4159 4471385.7998 0,441647.5491 4471376.3177 0,441648.7648 4471372.7923 0,441648.6432 4471371.4551 0,441642.9296 4471347.0203 0))",2319312,Verde,Línea,8
"MULTILINESTRING Z ((441018.7171 4473346.7969 0,441029.9151 4473364.471 0))",2319313,Verde,Línea,4
"MULTILINESTRING Z ((441625.4066 4471388.2194 0,441617.9938 4471385.0598 0))",2319316,Verde,Batería,3
"MULTILINESTRING Z ((440797.4093 4473211.5658 0,440829.9691 4473222.0892 0))",2319317,Verde,Línea,6
"MULTILINESTRING Z ((440840.6724 4473225.5071 0,440869.0049 4473234.7714 0))",2319319,Verde,Línea,6
"MULTILINESTRING Z ((441542.0307 4471341.3495 0,441561.4057 4471297.4745 0))",2319320,Verde,Batería,18
"MULTILINESTRING Z ((440781.0307 4473127.0761 0,440786.5307 4473200.3261 0))",2319321,Verde,Línea,15
"MULTILINESTRING Z ((441565.7807 4471288.3495 0,441570.2807 4471278.2245 0))",2319322,Verde,Batería,4
"MULTILINESTRING Z ((441526.8527 4471345.9299 0,441519.3184 4471342.8919 0))",2319326,Verde,Batería,3
"MULTILINESTRING Z ((441538.1557 4471341.5995 0,441570.0307 4471267.8495 0))",2319328,Verde,Línea,16
"MULTILINESTRING Z ((441563.0307 4471253.7245 0,441553.4057 4471249.4745 0))",2319330,Verde,Línea,2
"MULTILINESTRING Z ((440649.489 4473064.9094 0,440645.3223 4473074.5761 0))",2319335,Verde,Línea,2
"MULTILINESTRING Z ((441509.3042 4471242.4625 0,441505.2304 4471251.6093 0))",2319336,Verde,Línea,2
"MULTILINESTRING Z ((440311.8501 4473125.6273 0,440316.6834 4473114.294 0))",2319337,Verde,Línea,2
"MULTILINESTRING Z ((441478.7892 4471313.4848 0,441494.6232 4471276.5901 0))",2319340,Verde,Línea,8
"MULTILINESTRING Z ((440362.7537 4473161.5568 0,440400.5303 4473182.199 0))",2319341,Verde,Línea,9
"MULTILINESTRING Z ((441463.7831 4471318.223 0,441449.3221 4471312.147 0))",2319342,Verde,Batería,6
"MULTILINESTRING Z ((441419.5493 4471299.5087 0,441435.104 4471306.3139 0))",2319344,Verde,Batería,5
"MULTILINESTRING Z ((440420.0932 4473008.9664 0,440431.0214 4473027.9896 0))",2319347,Verde,Línea,4
"MULTILINESTRING Z ((441501.7807 4471227.2245 0,441490.9057 4471222.5995 0))",2319348,Verde,Línea,2
"MULTILINESTRING Z ((441589.6557 4471222.8495 0,441578.0307 4471248.8495 0))",2319350,Verde,Línea,6
"MULTILINESTRING Z ((440468.5282 4473079.7975 0,440510.0824 4473013.5535 0))",2319351,Verde,Línea,16
"MULTILINESTRING Z ((441396.6147 4471289.3726 0,441383.9317 4471284.1841 0))",2319358,Verde,Batería,5
"MULTILINESTRING Z ((440582.3223 4473204.2427 0,440576.739 4473216.0761 0))",2319363,Verde,Línea,3
"MULTILINESTRING Z ((440585.3223 4473196.7427 0,440606.1557 4473151.5761 0))",2319365,Verde,Línea,10
"MULTILINESTRING Z ((441321.5307 4471153.7245 0,441325.9057 4471155.7245 0))",2319366,Verde,Línea,1
"MULTILINESTRING Z ((441325.7807 4471144.3495 0,441379.6557 4471167.2245 0))",2319368,Verde,Batería,24
"MULTILINESTRING Z ((441436.7807 4471191.8495 0,441384.1557 4471169.4745 0))",2319370,Verde,Batería,24
"MULTILINESTRING Z ((441468.7259 4471090.395 0,441482.9491 4471105.1045 0))",2319372,Verde,Línea,4
"MULTILINESTRING Z ((440578.0802 4473074.2659 0,440556.0889 4473123.7802 0))",2319373,Verde,Línea,11
"MULTILINESTRING Z ((440592.7861 4473042.2907 0,440580.2389 4473069.8136 0))",2319375,Verde,Línea,6
"MULTILINESTRING Z ((441453.0439 4471074.5914 0,441449.3969 4471070.7013 0))",2319376,Verde,Línea,1
"MULTILINESTRING Z ((441446.1146 4471067.0544 0,441416.8173 4471037.3923 0))",2319378,Verde,Línea,8
"MULTILINESTRING Z ((440443.3888 4473128.3673 0,440436.463 4473139.1606 0))",2319379,Verde,Línea,2
"MULTILINESTRING Z ((441413.2919 4471033.5022 0,441394.9354 4471014.6595 0))",2319380,Verde,Línea,5
"MULTILINESTRING Z ((440459.7586 4473102.1036 0,440446.7167 4473122.7908 0))",2319381,Verde,Línea,4
"MULTILINESTRING Z ((442193.7049 4471489.4831 0,442246.3435 4471533.1705 0))",2319384,Verde,Línea,14
"MULTILINESTRING Z ((442259.3028 4471532.2353 0,442272.262 4471516.8712 0))",2319386,Verde,Línea,4
"MULTILINESTRING Z ((442277.0717 4471511.1264 0,442284.2861 4471502.7096 0))",2319388,Verde,Línea,2
"MULTILINESTRING Z ((442292.9383 4471492.1639 0,442296.5898 4471487.7998 0))",2319390,Verde,Línea,1
"MULTILINESTRING Z ((442313.9454 4471590.4851 0,442265.4484 4471549.3362 0))",2319392,Verde,Línea,13
"MULTILINESTRING Z ((440091.2571 4473192.9473 0,440091.2571 4473153.5517 0))",2319393,Verde,Línea,8
"MULTILINESTRING Z ((442305.5286 4471486.9447 0,442264.3796 4471535.9761 0))",2319394,Verde,Línea,14
"MULTILINESTRING Z ((442380.0777 4471549.737 0,442372.7296 4471558.6882 0))",2319396,Verde,Línea,2
"MULTILINESTRING Z ((440143.7845 4473221.1898 0,440153.4085 4473226.3166 0))",2319399,Verde,Línea,2
"MULTILINESTRING Z ((440180.7516 4473241.0675 0,440190.8253 4473246.644 0))",2319401,Verde,Línea,2
"MULTILINESTRING Z ((442301.979 4471463.7755 0,442264.1019 4471431.8606 0,442262.6991 4471430.8085 0))",2319402,Verde,Línea,11
"MULTILINESTRING Z ((440165.1013 4473144.2875 0,440195.5924 4473157.1045 0))",2319403,Verde,Línea,7
"MULTILINESTRING Z ((442271.5695 4471680.2773 0,442311.5059 4471632.9522 0))",2319408,Verde,Batería,26
"MULTILINESTRING Z ((442267.8419 4471685.1544 0,442216.8072 4471745.4172 0))",2319410,Verde,Batería,34
"MULTILINESTRING Z ((442495.1077 4471573.6515 0,442476.0029 4471596.3636 0))",2319412,Verde,Batería,11
"MULTILINESTRING Z ((442386.3569 4471554.8138 0,442378.7417 4471563.8986 0))",2319414,Verde,Línea,2
"MULTILINESTRING Z ((442354.3027 4471592.8942 0,442357.9543 4471588.9755 0))",2319418,Verde,Línea,1
"MULTILINESTRING Z ((442423.765 4471658.8886 0,442442.8699 4471636.0429 0))",2319422,Verde,Batería,12
"MULTILINESTRING Z ((442456.6308 4471620.0109 0,442444.8739 4471634.0389 0))",2319424,Verde,Batería,7
"MULTILINESTRING Z ((442396.3769 4471670.6455 0,442368.9888 4471647.9334 0))",2319428,Verde,Línea,7
"MULTILINESTRING Z ((442334.4203 4471745.5598 0,442306.4554 4471722.2713 0))",2319434,Verde,Línea,7
"MULTILINESTRING Z ((442277.9294 4471698.2347 0,442297.3832 4471714.6021 0))",2319436,Verde,Línea,5
"MULTILINESTRING Z ((442277.2747 4471685.7019 0,442317.5852 4471638.4704 0))",2319438,Verde,Línea,13
"MULTILINESTRING Z ((440954.1557 4474156.0995 0,440956.1557 4474162.0995 0))",2319441,Verde,Línea,1
"MULTILINESTRING Z ((442308.4678 4471796.4972 0,442304.1926 4471801.3068 0))",2319448,Verde,Batería,2
"MULTILINESTRING Z ((440794.8701 4474080.8104 0,440803.5995 4474139.2468 0))",2319453,Verde,Línea,12
"MULTILINESTRING Z ((440412.989 4474011.9927 0,440412.9057 4474032.9094 0))",2319455,Verde,Línea,4
"MULTILINESTRING Z ((441431.7636 4470723.1017 0,441451.4189 4470707.152 0))",2319456,Verde,Línea,5
"MULTILINESTRING Z ((441482.0295 4470704.3326 0,441478.9684 4470704.4937 0,441475.424 4470704.8965 0,441472.6046 4470705.6215 0,441468.4964 4470706.8298 0,441463.3409 4470709.0853 0,441459.716 4470711.0992 0,441452.2244 4470717.0602 0,441437.3219 4470728.66 0))",2319462,Verde,Línea,10
"MULTILINESTRING Z ((441690.2478 4470631.9496 0,441693.649 4470628.0547 0))",2319470,Verde,Línea,1
"MULTILINESTRING Z ((440775.989 4473919.8261 0,440785.989 4473917.7427 0))",2319471,Verde,Línea,2
"MULTILINESTRING Z ((441810.6101 4470747.3486 0,441818.4641 4470697.3244 0))",2319472,Verde,Línea,10
"MULTILINESTRING Z ((440809.3223 4473913.5995 0,440829.989 4473912.1829 0))",2319473,Verde,Línea,4
"MULTILINESTRING Z ((441803.7968 4470793.2103 0,441810.5034 4470752.4273 0))",2319474,Verde,Línea,8
"MULTILINESTRING Z ((441780.0398 4470802.931 0,441745.2404 4470772.9648 0))",2319476,Verde,Línea,9
"MULTILINESTRING Z ((441696.3037 4470739.9779 0,441688.3288 4470733.3321 0))",2319478,Verde,Línea,2
"MULTILINESTRING Z ((440868.2318 4473968.0115 0,440867.1109 4473939.8958 0))",2319479,Verde,Línea,6
"MULTILINESTRING Z ((441644.1046 4470682.0997 0,441644.2254 4470687.1746 0))",2319480,Verde,Línea,1
"MULTILINESTRING Z ((440877.1557 4474052.9745 0,440877.0307 4474047.9745 0))",2319481,Verde,Línea,1
"MULTILINESTRING Z ((440871.5723 4473970.6829 0,440870.239 4473937.5162 0))",2319485,Verde,Línea,6
"MULTILINESTRING Z ((441602.6997 4470785.5313 0,441611.0773 4470792.8617 0))",2319486,Verde,Línea,2
"MULTILINESTRING Z ((441633.3908 4470811.953 0,441625.4965 4470805.1865 0))",2319488,Verde,Línea,2
"MULTILINESTRING Z ((440884.458 4473976.2932 0,440895.4748 4473976.2932 0))",2319489,Verde,Línea,2
"MULTILINESTRING Z ((440967.2307 4473975.3183 0,440951.5341 4473975.3183 0))",2319495,Verde,Línea,3
"MULTILINESTRING Z ((441017.3428 4474012.3662 0,441008.6658 4474005.7365 0))",2319497,Verde,Línea,2
"MULTILINESTRING Z ((441047.8587 4474035.9351 0,441034.0656 4474025.3874 0))",2319499,Verde,Línea,3
"MULTILINESTRING Z ((441043.0813 4474027.4778 0,441034.9893 4474021.5306 0))",2319501,Verde,Línea,2
"MULTILINESTRING Z ((441617.2449 4470865.7414 0,441632.3456 4470848.4556 0))",2319502,Verde,Batería,10
"MULTILINESTRING Z ((440965.7818 4473905.3777 0,440950.071 4473905.927 0))",2319505,Verde,Línea,3
"MULTILINESTRING Z ((440877.8223 4473909.1594 0,440924.9057 4473907.4927 0))",2319507,Verde,Línea,11
"MULTILINESTRING Z ((441049.3898 4473916.4425 0,441032.031 4473912.707 0))",2319511,Verde,Línea,4
"MULTILINESTRING Z ((441055.7621 4473917.651 0,441070.8137 4473920.947 0))",2319513,Verde,Línea,3
"MULTILINESTRING Z ((440988.7438 4473899.8527 0,441009.2888 4473903.9178 0))",2319515,Verde,Batería,7
"MULTILINESTRING Z ((441052.3562 4473913.3662 0,441078.5043 4473919.0793 0))",2319517,Verde,Batería,10
"MULTILINESTRING Z ((441566.1684 4470918.4457 0,441583.3264 4470898.5085 0))",2319520,Verde,Línea,5
"MULTILINESTRING Z ((441604.7135 4470873.6173 0,441587.0722 4470893.917 0))",2319522,Verde,Línea,5
"MULTILINESTRING Z ((440974.1781 4473916.4501 0,440974.2683 4473922.3102 0))",2319527,Verde,Línea,1
"MULTILINESTRING Z ((441596.497 4470873.7381 0,441574.0224 4470899.7169 0))",2319528,Verde,Línea,7
"MULTILINESTRING Z ((441561.2143 4470913.8541 0,441572.2099 4470902.0127 0))",2319530,Verde,Línea,3
"MULTILINESTRING Z ((440737.4612 4473784.2427 0,440735.9612 4473778.465 0))",2319535,Verde,Línea,1
"MULTILINESTRING Z ((441678.5415 4470974.0281 0,441647.2462 4471010.64 0))",2319536,Verde,Línea,10
"MULTILINESTRING Z ((441714.5492 4470932.9455 0,441681.9248 4470971.0073 0))",2319538,Verde,Línea,10
"MULTILINESTRING Z ((441729.049 4470916.1499 0,441718.6575 4470928.233 0))",2319540,Verde,Línea,3
"MULTILINESTRING Z ((441756.6388 4470940.9203 0,441753.2555 4470945.1092 0))",2319542,Verde,Batería,2
"MULTILINESTRING Z ((441746.9723 4470952.359 0,441740.1252 4470960.0117 0))",2319544,Verde,Batería,4
"MULTILINESTRING Z ((441051.4504 4473707.6444 0,441043.6097 4473775.687 0))",2319545,Verde,Línea,9
"MULTILINESTRING Z ((441738.5946 4470961.8644 0,441732.392 4470969.2754 0))",2319546,Verde,Batería,4
"MULTILINESTRING Z ((441057.4886 4473695.6581 0,441093.9882 4473693.8557 0))",2319547,Verde,Línea,8
"MULTILINESTRING Z ((441730.6198 4470971.2087 0,441724.1754 4470978.8614 0))",2319548,Verde,Batería,4
"MULTILINESTRING Z ((441096.8721 4473693.6754 0,441111.2016 4473692.9544 0))",2319549,Verde,Línea,3
"MULTILINESTRING Z ((441722.4032 4470980.8752 0,441715.7172 4470988.5279 0))",2319550,Verde,Batería,4
"MULTILINESTRING Z ((441124.7924 4473756.9692 0,441129.7845 4473721.0415 0))",2319551,Verde,Línea,7
"MULTILINESTRING Z ((441714.1062 4470990.3001 0,441708.0646 4470997.9527 0))",2319552,Verde,Batería,4
"MULTILINESTRING Z ((441132.6508 4473699.3531 0,441131.2088 4473709.8975 0))",2319553,Verde,Línea,2
"MULTILINESTRING Z ((441116.321 4473500.9372 0,441127.6666 4473527.2589 0))",2319559,Verde,Línea,6
"MULTILINESTRING Z ((441708.3063 4471008.5859 0,441715.7978 4471015.3524 0))",2319560,Verde,Batería,4
"MULTILINESTRING Z ((441717.4089 4471016.5607 0,441725.0615 4471023.0051 0))",2319562,Verde,Batería,4
"MULTILINESTRING Z ((441727.0754 4471024.7773 0,441734.4058 4471031.0605 0))",2319564,Verde,Batería,4
"MULTILINESTRING Z ((441036.2902 4473624.455 0,441017.7902 4473628.5383 0))",2319565,Verde,Línea,4
"MULTILINESTRING Z ((441086.28 4471280.2807 0,441109.7422 4471302.5273 0))",2319570,Verde,Línea,6
"MULTILINESTRING Z ((441091.9936 4471269.7045 0,441099.1659 4471262.0459 0))",2319572,Verde,Línea,2
"MULTILINESTRING Z ((441103.2992 4471257.7911 0,441113.8754 4471245.6345 0))",2319574,Verde,Línea,3
"MULTILINESTRING Z ((441128.4633 4471230.4388 0,441121.534 4471237.8543 0))",2319576,Verde,Línea,2
"MULTILINESTRING Z ((441179.8856 4471174.1538 0,441146.9413 4471210.2588 0))",2319578,Verde,Línea,10
"MULTILINESTRING Z ((441148.8863 4471228.6153 0,441144.6315 4471224.482 0))",2319580,Verde,Línea,1
"MULTILINESTRING Z ((441169.3094 4471247.9442 0,441153.749 4471233.1132 0))",2319582,Verde,Línea,4
"MULTILINESTRING Z ((441177.0896 4471255.1166 0,441172.4701 4471250.9834 0))",2319584,Verde,Línea,1
"MULTILINESTRING Z ((441239.9391 4471212.6902 0,441213.1946 4471188.2554 0))",2319586,Verde,Línea,7
"MULTILINESTRING Z ((441198.242 4471173.6675 0,441209.3045 4471183.8791 0))",2319588,Verde,Línea,3
"MULTILINESTRING Z ((439726.0783 4475635.6234 0,439731.5249 4475690.2712 0))",2319589,Verde,Línea,11
"MULTILINESTRING Z ((441043.1241 4471240.4072 0,441054.7944 4471251.3481 0))",2319590,Verde,Línea,3
"MULTILINESTRING Z ((441075.7037 4471270.7986 0,441060.0218 4471256.0891 0))",2319592,Verde,Línea,4
"MULTILINESTRING Z ((441037.4105 4471228.2506 0,441050.2965 4471214.1489 0))",2319594,Verde,Línea,4
"MULTILINESTRING Z ((441053.3356 4471211.1098 0,441057.2257 4471206.9766 0))",2319596,Verde,Línea,1
"MULTILINESTRING Z ((441060.3865 4471203.3296 0,441074.4881 4471188.377 0))",2319598,Verde,Línea,4
"MULTILINESTRING Z ((439558.8534 4475329.8134 0,439583.5384 4475366.7387 0))",2319599,Verde,Línea,10
"MULTILINESTRING Z ((441082.7546 4471179.3811 0,441079.7154 4471182.5418 0))",2319600,Verde,Línea,1
"MULTILINESTRING Z ((441123.9654 4471226.184 0,441087.1309 4471265.2066 0))",2319602,Verde,Línea,10
"MULTILINESTRING Z ((439586.2421 4475364.6653 0,439581.1315 4475356.9417 0))",2319603,Verde,Línea,2
"MULTILINESTRING Z ((441142.3218 4471205.8825 0,441149.4942 4471198.1023 0))",2319604,Verde,Línea,2
"MULTILINESTRING Z ((439636.1812 4475343.7713 0,439592.3717 4475368.2611 0))",2319605,Verde,Línea,10
"MULTILINESTRING Z ((441175.1445 4471170.2637 0,441156.7881 4471190.2005 0))",2319606,Verde,Línea,5
"MULTILINESTRING Z ((439645.0247 4475339.0094 0,439663.3921 4475329.0774 0))",2319607,Verde,Línea,4
"MULTILINESTRING Z ((441150.102 4471129.0529 0,441174.9014 4471152.3935 0))",2319608,Verde,Línea,6
"MULTILINESTRING Z ((441133.6906 4471124.3118 0,441126.2751 4471132.3352 0))",2319610,Verde,Línea,2
"MULTILINESTRING Z ((441118.4949 4471140.7232 0,441122.2634 4471136.8331 0))",2319614,Verde,Línea,1
"MULTILINESTRING Z ((441013.0366 4471124.7981 0,441049.324 4471120.7864 0))",2319618,Verde,Línea,7
"MULTILINESTRING Z ((440096.8117 4475606.9983 0,440084.345 4475609.298 0,440072.1204 4475610.8715 0))",2319619,Verde,Línea,5
"MULTILINESTRING Z ((441066.2313 4471166.9277 0,441062.8716 4471137.2023 0))",2319620,Verde,Línea,6
"MULTILINESTRING Z ((440040.5767 4475610.4756 0,440035.95 4475609.7653 0))",2319621,Verde,Línea,1
"MULTILINESTRING Z ((441068.7145 4471189.8608 0,441067.765 4471180.3662 0))",2319622,Verde,Línea,2
"MULTILINESTRING Z ((441025.4971 4471236.2739 0,441039.3556 4471221.686 0))",2319624,Verde,Línea,4
"MULTILINESTRING Z ((441041.4222 4471219.4978 0,441044.4613 4471216.094 0))",2319626,Verde,Línea,1
"MULTILINESTRING Z ((439978.4057 4475585.2662 0,439982.489 4475587.6829 0,439989.489 4475591.3495 0,439994.489 4475593.5995 0,440009.9057 4475599.5162 0,440017.239 4475601.5995 0,440019.4057 4475602.0995 0))",2319629,Verde,Batería,17
"MULTILINESTRING Z ((441056.2532 4471029.2474 0,441059.9002 4471032.8944 0))",2319640,Verde,Línea,1
"MULTILINESTRING Z ((441065.2818 4471108.6455 0,441063.9672 4471097.5441 0))",2319642,Verde,Línea,2
"MULTILINESTRING Z ((441060.0963 4471061.8298 0,441061.8491 4471077.5324 0))",2319644,Verde,Línea,3
"MULTILINESTRING Z ((441063.0907 4471088.7068 0,441062.4334 4471083.5213 0))",2319646,Verde,Línea,1
"MULTILINESTRING Z ((441130.5299 4471105.4692 0,441118.8596 4471094.8929 0))",2319652,Verde,Línea,3
"MULTILINESTRING Z ((441080.9311 4471173.9107 0,441108.6481 4471144.1271 0))",2319654,Verde,Línea,8
"MULTILINESTRING Z ((440130.3308 4475602.7282 0,440202.1676 4475592.0253 0))",2319657,Verde,Línea,10
"MULTILINESTRING Z ((440211.7986 4475598.8612 0,440217.279 4475630.526 0))",2319659,Verde,Línea,5
"MULTILINESTRING Z ((440129.6052 4475599.6443 0,440171.6007 4475593.4765 0))",2319661,Verde,Línea,8
"MULTILINESTRING Z ((441279.0833 4471080.9129 0,441300.3573 4471100.7281 0))",2319664,Verde,Línea,6
"MULTILINESTRING Z ((440221.9408 4475588.6693 0,440293.4147 4475577.9663 0))",2319667,Verde,Línea,11
"MULTILINESTRING Z ((441151.1557 4471107.2427 0,441154.739 4471103.2427 0))",2319668,Verde,Línea,1
"MULTILINESTRING Z ((441159.9057 4471097.9927 0,441162.8223 4471094.9927 0))",2319670,Verde,Línea,1
"MULTILINESTRING Z ((440221.4873 4475585.3133 0,440292.8705 4475574.5196 0))",2319671,Verde,Línea,14
"MULTILINESTRING Z ((441214.989 4471037.7662 0,441197.239 4471056.7662 0))",2319674,Verde,Línea,5
"MULTILINESTRING Z ((440186.489 4475487.5995 0,440146.5723 4475497.5995 0))",2319675,Verde,Línea,6
"MULTILINESTRING Z ((441077.2841 4471048.4548 0,441133.9337 4471100.9712 0))",2319678,Verde,Línea,15
"MULTILINESTRING Z ((441140.3767 4470965.1823 0,441133.4475 4470972.4762 0))",2319686,Verde,Línea,2
"MULTILINESTRING Z ((441110.5931 4470996.9109 0,441125.6673 4470980.8642 0))",2319688,Verde,Línea,4
"MULTILINESTRING Z ((440194.8223 4475473.5761 0,440186.989 4475424.4094 0))",2319689,Verde,Línea,10
"MULTILINESTRING Z ((441076.5547 4471033.6238 0,441083.484 4471026.0867 0))",2319690,Verde,Línea,2
"MULTILINESTRING Z ((440294.8206 4475514.5196 0,440302.0315 4475565.8121 0))",2319695,Verde,Línea,7
"MULTILINESTRING Z ((441093.736 4470904.1157 0,441102.0835 4470911.8959 0))",2319698,Verde,Batería,4
"MULTILINESTRING Z ((441137.4186 4470945.6102 0,441141.1466 4470949.014 0))",2319702,Verde,Batería,2
"MULTILINESTRING Z ((440272.3717 4475462.0479 0,440262.3036 4475464.4969 0))",2319703,Verde,Línea,3
"MULTILINESTRING Z ((441013.5836 4470989.0091 0,441020.5129 4470995.5737 0))",2319704,Verde,Línea,2
"MULTILINESTRING Z ((440295.5317 4475459.592 0,440299.9698 4475458.6378 0))",2319705,Verde,Línea,1
"MULTILINESTRING Z ((440311.4344 4475456.0086 0,440306.7088 4475456.8673 0))",2319707,Verde,Línea,1
"MULTILINESTRING Z ((441239.2097 4471012.3093 0,441257.8498 4470992.0483 0))",2319708,Verde,Línea,5
"MULTILINESTRING Z ((441266.6025 4470982.6472 0,441279.8127 4470967.8162 0))",2319710,Verde,Línea,4
"MULTILINESTRING Z ((440319.9907 4475442.4561 0,440319.2651 4475436.2883 0))",2319711,Verde,Línea,1
"MULTILINESTRING Z ((440337.806 4475558.2892 0,440331.3938 4475519.8156 0))",2319725,Verde,Línea,8
"MULTILINESTRING Z ((441165.239 4470960.9094 0,441194.3223 4470988.9927 0))",2319726,Verde,Línea,7
"MULTILINESTRING Z ((441215.2612 4470946.5827 0,441226.6884 4470947.3121 0))",2319728,Verde,Línea,2
"MULTILINESTRING Z ((440328.6075 4475451.6171 0,440353.2787 4475445.6307 0))",2319731,Verde,Línea,4
"MULTILINESTRING Z ((441118.0492 4470916.0292 0,441125.5052 4470923.2421 0))",2319732,Verde,Línea,2
"MULTILINESTRING Z ((440447.8819 4475422.955 0,440430.4669 4475427.218 0))",2319735,Verde,Línea,3
"MULTILINESTRING Z ((440319.8546 4475460.642 0,440334.8206 4475559.0094 0))",2319737,Verde,Línea,15
"MULTILINESTRING Z ((441339.9877 4470791.7079 0,441334.1526 4470790.006 0,441329.7762 4470788.9119 0))",2319738,Verde,Línea,2
"MULTILINESTRING Z ((441266.8051 4470782.5905 0,441281.7577 4470782.2258 0,441294.5221 4470782.8336 0,441301.9376 4470783.3199 0,441314.702 4470785.2649 0,441325.1567 4470787.3315 0))",2319740,Verde,Línea,11
"MULTILINESTRING Z ((441248.084 4470807.1468 0,441247.7193 4470812.4957 0))",2319742,Verde,Línea,1
"MULTILINESTRING Z ((441267.413 4470791.3432 0,441287.1066 4470791.4648 0,441297.1966 4470792.0726 0,441306.8003 4470793.1667 0,441317.2549 4470794.9902 0,441330.2625 4470798.1509 0,441336.7054 4470800.0959 0))",2319746,Verde,Línea,14
"MULTILINESTRING Z ((439765.7693 4475441.5111 0,439774.0117 4475465.6728 0))",2319747,Verde,Línea,5
"MULTILINESTRING Z ((441332.4912 4470859.6226 0,441349.0241 4470816.1021 0))",2319748,Verde,Línea,9
"MULTILINESTRING Z ((439757.042 4475416.2182 0,439764.0723 4475436.1778 0))",2319749,Verde,Línea,4
"MULTILINESTRING Z ((439753.5673 4475406.198 0,439755.4259 4475411.9354 0))",2319751,Verde,Línea,1
"MULTILINESTRING Z ((439749.4461 4475393.7536 0,439751.4663 4475400.1374 0))",2319753,Verde,Línea,1
"MULTILINESTRING Z ((441483.9057 4471433.4745 0,441478.7807 4471431.3495 0))",2319756,Verde,Línea,1
"MULTILINESTRING Z ((441504.6511 4471239.7934 0,441473.7506 4471312.3174 0))",2319758,Verde,Línea,16
"MULTILINESTRING Z ((439781.4834 4475268.4509 0,439786.6751 4475266.9406 0))",2319759,Verde,Línea,1
"MULTILINESTRING Z ((441360.5931 4471393.7624 0,441351.658 4471414.7325 0))",2319760,Verde,Línea,4
"MULTILINESTRING Z ((439817.0696 4475257.9733 0,439792.8106 4475265.2415 0))",2319761,Verde,Línea,5
"MULTILINESTRING Z ((441467.9057 4471476.7245 0,441421.7807 4471456.3495 0))",2319766,Verde,Línea,10
"MULTILINESTRING Z ((441447.1557 4471471.9745 0,441419.7807 4471460.2245 0))",2319768,Verde,Línea,6
"MULTILINESTRING Z ((441412.7807 4471457.3495 0,441393.7807 4471449.0995 0))",2319770,Verde,Línea,4
"MULTILINESTRING Z ((439680.671 4475319.5536 0,439710.6029 4475303.2271 0))",2319775,Verde,Línea,7
"MULTILINESTRING Z ((441437.6557 4471418.8495 0,441481.0307 4471437.5995 0))",2319776,Verde,Línea,9
"MULTILINESTRING Z ((439715.1026 4475294.5617 0,439707.5875 4475281.1071 0))",2319777,Verde,Línea,3
"MULTILINESTRING Z ((439697.7693 4475263.2889 0,439704.7996 4475276.2586 0))",2319779,Verde,Línea,3
"MULTILINESTRING Z ((441439.2807 4471414.8495 0,441449.2807 4471419.0995 0))",2319780,Verde,Línea,2
"MULTILINESTRING Z ((439680.9208 4475232.1374 0,439690.8602 4475250.198 0))",2319781,Verde,Línea,4
"MULTILINESTRING Z ((441512.2807 4471451.2245 0,441580.5307 4471480.2245 0))",2319782,Verde,Línea,15
"MULTILINESTRING Z ((439751.239 4475281.4094 0,439720.739 4475297.8261 0))",2319783,Verde,Línea,8
"MULTILINESTRING Z ((441514.0307 4471447.3495 0,441582.0307 4471476.0995 0))",2319784,Verde,Línea,15
"MULTILINESTRING Z ((439761.6557 4475275.7427 0,439783.4057 4475263.9094 0))",2319785,Verde,Línea,5
"MULTILINESTRING Z ((441474.3555 4471332.8056 0,441461.5957 4471327.8232 0))",2319786,Verde,Batería,5
"MULTILINESTRING Z ((442220.2914 4471753.2106 0,442260.7724 4471704.4464 0))",2319792,Verde,Línea,13
"MULTILINESTRING Z ((442320.4918 4471479.3295 0,442304.5934 4471465.9694 0))",2319794,Verde,Línea,4
"MULTILINESTRING Z ((439823.394 4475237.49 0,439811.6892 4475220.3105 0))",2319799,Verde,Línea,4
"MULTILINESTRING Z ((441655.221 4470830.6416 0,441651.1933 4470827.1778 0))",2319800,Verde,Línea,1
"MULTILINESTRING Z ((441647.0045 4470832.2527 0,441650.9414 4470835.5618 0))",2319804,Verde,Línea,1
"MULTILINESTRING Z ((439588.2218 4475278.1607 0,439598.5703 4475266.8768 0))",2319805,Verde,Línea,3
"MULTILINESTRING Z ((441653.9057 4470837.6829 0,441681.1557 4470861.1829 0))",2319806,Verde,Línea,8
"MULTILINESTRING Z ((441605.3177 4470854.8884 0,441610.8759 4470848.4844 0))",2319810,Verde,Batería,3
"MULTILINESTRING Z ((441650.8711 4470700.9493 0,441647.7295 4470697.3244 0,441645.192 4470691.7662 0))",2319812,Verde,Línea,2
"MULTILINESTRING Z ((441648.2128 4470670.5804 0,441647.1656 4470671.8693 0,441646.3601 4470673.5609 0,441645.3934 4470677.9108 0))",2319814,Verde,Línea,2
"MULTILINESTRING Z ((441652.4419 4470665.4249 0,441694.2496 4470617.2132 0))",2319816,Verde,Línea,13
"MULTILINESTRING Z ((441703.9161 4470605.7343 0,441697.6328 4470613.3466 0))",2319818,Verde,Línea,2
"MULTILINESTRING Z ((441708.1452 4470600.2968 0,441712.0118 4470596.4302 0,441717.4492 4470592.8053 0,441723.8532 4470590.3887 0,441730.3781 4470590.0262 0,441736.6613 4470591.3553 0,441742.5821 4470594.4969 0))",2319820,Verde,Línea,7
"MULTILINESTRING Z ((441805.4144 4470648.871 0,441816.5308 4470658.6584 0,441819.9141 4470663.1291 0))",2319824,Verde,Línea,4
"MULTILINESTRING Z ((441810.006 4470794.2311 0,441816.41 4470753.3901 0))",2319830,Verde,Línea,8
"MULTILINESTRING Z ((439787.9966 4475155.7456 0,439795.9256 4475148.8549 0))",2319831,Verde,Línea,2
"MULTILINESTRING Z ((441809.1601 4470801.2393 0,441806.7435 4470815.9808 0,441804.2061 4470827.8222 0,441798.7686 4470836.6429 0))",2319832,Verde,Línea,7
"MULTILINESTRING Z ((441723.9741 4470754.2359 0,441731.8281 4470761.0025 0))",2319834,Verde,Línea,2
"MULTILINESTRING Z ((441710.5618 4470742.6361 0,441718.1742 4470749.5235 0))",2319836,Verde,Línea,2
"MULTILINESTRING Z ((441653.5294 4470674.6081 0,441651.4753 4470678.5955 0,441650.7503 4470682.3413 0,441650.8711 4470687.0537 0,441652.3211 4470691.4037 0,441653.6502 4470693.9411 0,441656.3085 4470696.4786 0))",2319842,Verde,Línea,5
"MULTILINESTRING Z ((441658.2418 4470669.7749 0,441688.4496 4470634.2504 0))",2319844,Verde,Línea,9
"MULTILINESTRING Z ((441430.797 4470751.0541 0,441433.6969 4470754.7596 0))",2319854,Verde,Línea,1
"MULTILINESTRING Z ((441067.765 4471130.41 0,441072.0741 4471169.9952 0))",2319866,Verde,Línea,8
"MULTILINESTRING Z ((441139.1206 4470935.8039 0,441135.2304 4470932.1569 0))",2319874,Verde,Línea,1
"MULTILINESTRING Z ((441242.9782 4470938.6809 0,441243.3429 4470927.4969 0))",2319876,Verde,Línea,2
"MULTILINESTRING Z ((441151.3177 4470959.2255 0,441153.749 4470961.049 0))",2319878,Verde,Batería,2
"MULTILINESTRING Z ((439899.0972 4475252.3097 0,439901.1738 4475261.5602 0))",2319879,Verde,Línea,2
"MULTILINESTRING Z ((441283.8243 4471075.8071 0,441304.8552 4471095.7439 0))",2319884,Verde,Línea,6
"MULTILINESTRING Z ((441261.3347 4471077.9953 0,441245.7743 4471094.1635 0))",2319886,Verde,Línea,4
"MULTILINESTRING Z ((441236.6568 4471113.4925 0,441240.5469 4471109.2377 0))",2319892,Verde,Línea,1
"MULTILINESTRING Z ((441265.9542 4471082.3717 0,441244.3155 4471104.9829 0))",2319894,Verde,Línea,6
"MULTILINESTRING Z ((440146.5616 4475237.5587 0,440165.2282 4475235.8087 0))",2319903,Verde,Línea,3
"MULTILINESTRING Z ((440192.1902 4475238.2838 0,440194.095 4475251.8892 0))",2319907,Verde,Línea,2
"MULTILINESTRING Z ((440936.344 4471981.6446 0,440961.0138 4471979.3063 0))",2319910,Verde,Línea,5
"MULTILINESTRING Z ((440170.7252 4475175.2903 0,440181.0416 4475176.108 0))",2319911,Verde,Línea,2
"MULTILINESTRING Z ((440966.6258 4471978.8386 0,440977.4992 4471977.9033 0))",2319912,Verde,Línea,2
"MULTILINESTRING Z ((440127.0691 4475171.1385 0,440144.7454 4475172.7741 0))",2319919,Verde,Línea,3
"MULTILINESTRING Z ((441045.6624 4471967.1468 0,441037.8289 4471967.8483 0))",2319920,Verde,Batería,3
"MULTILINESTRING Z ((440119.6463 4475176.2338 0,440117.5705 4475193.0295 0))",2319923,Verde,Línea,2
"MULTILINESTRING Z ((440991.489 4472108.1594 0,441006.1557 4472106.6594 0))",2319930,Verde,Línea,3
"MULTILINESTRING Z ((440058.4398 4475157.7398 0,440058.8173 4475125.3752 0))",2319931,Verde,Línea,5
"MULTILINESTRING Z ((440059.006 4475100.6536 0,440059.006 4475115.1846 0))",2319933,Verde,Línea,2
"MULTILINESTRING Z ((440841.72 4472244.4188 0,440835.0643 4472245.3306 0))",2319938,Verde,Batería,2
"MULTILINESTRING Z ((440124.6022 4475147.2502 0,440137.7228 4475131.4866 0))",2319941,Verde,Línea,3
"MULTILINESTRING Z ((440174.5361 4475088.349 0,440151.5986 4475115.8173 0))",2319943,Verde,Línea,5
"MULTILINESTRING Z ((440912.289 4472234.2985 0,441026.0745 4472220.987 0))",2319944,Verde,Batería,49
"MULTILINESTRING Z ((440248.3499 4475182.0211 0,440257.8485 4475186.047 0))",2319945,Verde,Línea,2
"MULTILINESTRING Z ((440313.4879 4475208.3154 0,440297.7303 4475213.505 0))",2319947,Verde,Línea,3
"MULTILINESTRING Z ((441067.1941 4472216.1548 0,441040.8448 4472219.3459 0))",2319948,Verde,Batería,10
"MULTILINESTRING Z ((440958.4232 4472233.8426 0,441003.4633 4472228.4633 0))",2319952,Verde,Línea,10
"MULTILINESTRING Z ((440349.5381 4475136.9666 0,440362.0652 4475153.4828 0))",2319953,Verde,Línea,3
"MULTILINESTRING Z ((441067.9235 4472220.7135 0,441026.9863 4472225.5457 0))",2319954,Verde,Línea,8
"MULTILINESTRING Z ((440371.6632 4475119.6927 0,440351.6723 4475126.6018 0))",2319955,Verde,Línea,3
"MULTILINESTRING Z ((440959.2405 4472304.4395 0,440950.274 4472305.2603 0))",2319956,Verde,Línea,2
"MULTILINESTRING Z ((440382.5931 4475115.8984 0,440395.3352 4475111.3112 0))",2319957,Verde,Línea,2
"MULTILINESTRING Z ((440968.942 4472303.5001 0,440964.1863 4472303.9587 0))",2319958,Verde,Línea,1
"MULTILINESTRING Z ((440410.7122 4475105.9891 0,440414.9046 4475104.5318 0))",2319959,Verde,Línea,1
"MULTILINESTRING Z ((440992.1441 4472301.2893 0,440974.1733 4472303.0412 0))",2319960,Verde,Línea,4
"MULTILINESTRING Z ((440992.4673 4472305.6163 0,441028.5006 4472302.1386 0))",2319966,Verde,Línea,8
"MULTILINESTRING Z ((441078.8223 4472296.7427 0,441041.739 4472300.4094 0))",2319968,Verde,Línea,7
"MULTILINESTRING Z ((440219.6023 4475070.5535 0,440185.6336 4475040.9253 0))",2319969,Verde,Línea,7
"MULTILINESTRING Z ((441083.6175 4472378.7567 0,441053.4301 4472380.5004 0))",2319970,Verde,Línea,6
"MULTILINESTRING Z ((440228.3775 4475077.8191 0,440243.7578 4475091.9727 0))",2319971,Verde,Línea,3
"MULTILINESTRING Z ((441075.9889 4472382.68 0,441053.4301 4472384.0967 0))",2319972,Verde,Línea,5
"MULTILINESTRING Z ((441002.5364 4472387.0392 0,440991.4205 4472387.911 0))",2319974,Verde,Línea,2
"MULTILINESTRING Z ((441018.8834 4472386.2763 0,441008.2034 4472387.1481 0))",2319976,Verde,Línea,2
"MULTILINESTRING Z ((441031.1982 4472385.5134 0,441025.9671 4472385.9494 0))",2319978,Verde,Línea,1
"MULTILINESTRING Z ((440277.5378 4475120.9404 0,440288.4832 4475130.6592 0))",2319979,Verde,Línea,2
"MULTILINESTRING Z ((441048.526 4472384.4236 0,441037.9549 4472385.1865 0))",2319980,Verde,Línea,2
"MULTILINESTRING Z ((440294.8995 4475136.415 0,440306.2224 4475146.2282 0))",2319981,Verde,Línea,2
"MULTILINESTRING Z ((441048.308 4472381.0453 0,441043.2949 4472381.2632 0))",2319982,Verde,Línea,1
"MULTILINESTRING Z ((440340.9057 4475177.6594 0,440321.8223 4475160.9927 0))",2319983,Verde,Línea,3
"MULTILINESTRING Z ((441191.2464 4472471.864 0,441229.4609 4472469.0541 0))",2319986,Verde,Línea,8
"MULTILINESTRING Z ((440296.6142 4475064.8228 0,440293.6749 4475060.778 0))",2319987,Verde,Línea,1
"MULTILINESTRING Z ((441249.989 4472468.3261 0,441275.1557 4472466.4094 0))",2319988,Verde,Línea,5
"MULTILINESTRING Z ((441380.4057 4472457.5995 0,441410.7807 4472455.4745 0))",2319992,Verde,Línea,6
"MULTILINESTRING Z ((440304.239 4475076.6594 0,440312.739 4475088.3261 0))",2319993,Verde,Línea,2
"MULTILINESTRING Z ((441420.7807 4472454.4745 0,441451.0307 4472451.9745 0))",2319994,Verde,Línea,6
"MULTILINESTRING Z ((440318.6557 4475096.3261 0,440331.9057 4475114.2427 0))",2319995,Verde,Línea,3
"MULTILINESTRING Z ((441478.7807 4472449.9745 0,441457.9057 4472451.5995 0))",2319996,Verde,Línea,4
"MULTILINESTRING Z ((441507.0307 4472447.7245 0,441517.6557 4472446.9745 0))",2319998,Verde,Línea,2
"MULTILINESTRING Z ((441356.5205 4472453.3554 0,441354.6486 4472430.3577 0))",2320010,Verde,Batería,8
"MULTILINESTRING Z ((441352.5093 4472400.006 0,441354.3812 4472421.533 0))",2320012,Verde,Batería,8
"MULTILINESTRING Z ((441351.4396 4472383.6937 0,441352.5093 4472394.524 0))",2320014,Verde,Batería,4
"MULTILINESTRING Z ((440256.5723 4474849.1829 0,440271.739 4474867.2662 0))",2320015,Verde,Línea,4
"MULTILINESTRING Z ((441363.1126 4472378.881 0,441369.3671 4472451.1664 0))",2320016,Verde,Batería,30
"MULTILINESTRING Z ((441483.083 4472415.865 0,441476.0344 4472331.154 0))",2320018,Verde,Línea,21
"MULTILINESTRING Z ((440490.5611 4475027.9577 0,440485.9853 4474983.1532 0,440484.174 4474963.4201 0))",2320019,Verde,Línea,10
"MULTILINESTRING Z ((441489.8752 4472436.7544 0,441489.4908 4472430.7311 0))",2320020,Verde,Línea,1
"MULTILINESTRING Z ((440467.9057 4474856.4094 0,440466.0723 4474845.7427 0))",2320029,Verde,Línea,2
"MULTILINESTRING Z ((441733.3859 4472417.463 0,441729.4813 4472371.8403 0))",2320030,Verde,Línea,9
"MULTILINESTRING Z ((440395.7088 4474848.9301 0,440396.9481 4474854.9358 0))",2320033,Verde,Línea,1
"MULTILINESTRING Z ((440335.7354 4474862.6657 0,440343.1714 4474900.5607 0))",2320035,Verde,Línea,6
"MULTILINESTRING Z ((441739.0716 4472417.052 0,441731.2624 4472326.8341 0))",2320036,Verde,Línea,18
"MULTILINESTRING Z ((441729.7553 4472311.4896 0,441730.6458 4472322.1759 0))",2320038,Verde,Línea,2
"MULTILINESTRING Z ((440456.989 4474803.4927 0,440451.5723 4474781.9094 0))",2320039,Verde,Línea,4
"MULTILINESTRING Z ((440364.3456 4474849.1207 0,440353.9548 4474851.5993 0))",2320047,Verde,Línea,2
"MULTILINESTRING Z ((441810.3639 4472318.1277 0,441797.9844 4472308.0794 0))",2320048,Verde,Línea,3
"MULTILINESTRING Z ((440382.4581 4474844.8309 0,440372.8299 4474847.2142 0))",2320049,Verde,Línea,2
"MULTILINESTRING Z ((441344.9097 4472323.7696 0,441379.6505 4472291.8794 0,441411.897 4472244.3112 0,441429.891 4472218.8347 0))",2320052,Verde,Línea,29
"MULTILINESTRING Z ((440376.1664 4474759.7976 0,440378.9309 4474772.4763 0))",2320053,Verde,Línea,2
"MULTILINESTRING Z ((441362.1898 4472370.3708 0,441361.6772 4472362.3732 0))",2320054,Verde,Batería,3
"MULTILINESTRING Z ((440365.9662 4474713.8491 0,440370.1607 4474732.2475 0))",2320055,Verde,Línea,3
"MULTILINESTRING Z ((441628.7149 4472303.7633 0,441639.2127 4472303.0556 0))",2320060,Verde,Línea,2
"MULTILINESTRING Z ((440235.6516 4474736.156 0,440246.0425 4474734.4401 0))",2320061,Verde,Línea,2
"MULTILINESTRING Z ((439773.4057 4475280.9859 0,439801.8905 4475377.4707 0))",2320063,Verde,Línea,20
"MULTILINESTRING Z ((441819.208 4472288.862 0,441776.352 4472291.6142 0))",2320067,Verde,Línea,8
"MULTILINESTRING Z ((441881.8854 4472316.4395 0,441855.0776 4472294.4994 0))",2320071,Verde,Línea,7
"MULTILINESTRING Z ((441878.7813 4472320.3901 0,441852.9612 4472298.7322 0))",2320073,Verde,Línea,7
"MULTILINESTRING Z ((441766.8083 4472152.5646 0,441776.6946 4472161.0062 0))",2320083,Verde,Línea,3
"MULTILINESTRING Z ((440189.8483 4475176.9258 0,440196.7049 4475177.6178 0))",2320084,Verde,Línea,1
"MULTILINESTRING Z ((441823.8034 4472201.9576 0,441831.8005 4472209.1622 0))",2320085,Verde,Línea,2
"MULTILINESTRING Z ((441857.8812 4472231.5686 0,441861.9878 4472235.0988 0))",2320087,Verde,Línea,1
"MULTILINESTRING Z ((440433.6497 4475064.7547 0,440435.3656 4475071.0464 0))",2320088,Verde,Línea,1
"MULTILINESTRING Z ((441857.8812 4472241.7991 0,441830.3596 4472218.0239 0))",2320091,Verde,Batería,12
"MULTILINESTRING Z ((440291.1727 4475057.3106 0,440285.882 4475050.0299 0))",2320092,Verde,Línea,2
"MULTILINESTRING Z ((440283.4233 4475046.6479 0,440280.484 4475042.6031 0))",2320094,Verde,Línea,1
"MULTILINESTRING Z ((440276.8729 4475037.546 0,440273.8144 4475033.5266 0))",2320096,Verde,Línea,1
"MULTILINESTRING Z ((440448.9023 4474772.1903 0,440450.2369 4474777.7194 0))",2320098,Verde,Línea,1
"MULTILINESTRING Z ((441719.9129 4472248.0671 0,441718.544 4472227.3178 0))",2320099,Verde,Línea,4
"MULTILINESTRING Z ((440381.6001 4474784.3924 0,440380.3609 4474779.054 0))",2320100,Verde,Línea,1
"MULTILINESTRING Z ((441742.7515 4472181.2083 0,441724.0915 4472193.3121 0,441723.227 4472194.753 0,441722.9388 4472196.6982 0,441724.1636 4472212.4043 0))",2320101,Verde,Línea,8
"MULTILINESTRING Z ((441726.1809 4472247.4187 0,441724.74 4472227.3899 0))",2320103,Verde,Línea,4
"MULTILINESTRING Z ((441729.4645 4472288.3985 0,441728.2702 4472272.923 0))",2320105,Verde,Línea,3
"MULTILINESTRING Z ((441735.0522 4472256.9818 0,441780.1154 4472253.6882 0))",2320107,Verde,Línea,9
"MULTILINESTRING Z ((441786.8525 4472253.1642 0,441790.4456 4472252.8648 0,441804.9676 4472235.7976 0))",2320109,Verde,Línea,6
"MULTILINESTRING Z ((441881.3712 4472330.296 0,441862.2916 4472353.0233 0))",2320111,Verde,Línea,6
"MULTILINESTRING Z ((440012.1557 4474460.4927 0,439992.0723 4474464.5761 0))",2320112,Verde,Línea,4
"MULTILINESTRING Z ((441790.3686 4472424.8527 0,441798.225 4472424.011 0,441803.4625 4472422.1404 0,441807.0166 4472418.3993 0,441827.0316 4472394.3626 0,441833.5785 4472386.6933 0))",2320115,Verde,Línea,12
"MULTILINESTRING Z ((441910.4272 4472295.9713 0,441920.3412 4472283.7503 0))",2320117,Verde,Línea,3
"MULTILINESTRING Z ((439994.0723 4474406.1225 0,439970.016 4474371.1677 0))",2320118,Verde,Línea,8
"MULTILINESTRING Z ((441131.0082 4472437.4097 0,441190.2323 4472418.6449 0,441205.2758 4472413.0233 0))",2320119,Verde,Línea,16
"MULTILINESTRING Z ((440027.8753 4474371.2563 0,440030.622 4474376.3068 0))",2320122,Verde,Línea,1
"MULTILINESTRING Z ((441209.2677 4472417.9566 0,441193.378 4472426.1842 0))",2320123,Verde,Batería,6
"MULTILINESTRING Z ((441128.3162 4472443.9814 0,441168.2212 4472431.3923 0))",2320125,Verde,Línea,8
"MULTILINESTRING Z ((440246.0216 4474540.2267 0,440256.9201 4474527.0245 0))",2320126,Verde,Línea,3
"MULTILINESTRING Z ((441066.7385 4471851.3881 0,441096.4541 4471848.679 0))",2320127,Verde,Línea,6
"MULTILINESTRING Z ((440181.4726 4474313.4856 0,440167.5173 4474316.9412 0,440117.6768 4474324.7828 0))",2320130,Verde,Línea,12
"MULTILINESTRING Z ((440132.3393 4474380.1999 0,440127.7465 4474371.3732 0))",2320136,Verde,Línea,2
"MULTILINESTRING Z ((441179.0819 4471836.1494 0,441128.8787 4471840.6364 0))",2320137,Verde,Batería,19
"MULTILINESTRING Z ((441121.1747 4471841.1443 0,441113.2167 4471841.8216 0))",2320139,Verde,Batería,3
"MULTILINESTRING Z ((441111.3739 4471952.2067 0,441106.5485 4471902.5559 0))",2320143,Verde,Línea,11
"MULTILINESTRING Z ((440319.2097 4474606.6807 0,440310.615 4474592.0609 0))",2320144,Verde,Línea,3
"MULTILINESTRING Z ((441205.0217 4472015.9016 0,441203.8525 4471996.844 0))",2320157,Verde,Batería,7
"MULTILINESTRING Z ((441210.0723 4472041.1594 0,441210.4057 4472045.9927 0))",2320165,Verde,Línea,1
"MULTILINESTRING Z ((441212.6214 4472078.5697 0,441210.8676 4472051.3278 0))",2320167,Verde,Línea,5
"MULTILINESTRING Z ((439904.7881 4474276.1046 0,439893.3965 4474259.8673 0))",2320170,Verde,Línea,4
"MULTILINESTRING Z ((441175.3223 4471959.9927 0,441163.989 4471961.1594 0))",2320171,Verde,Línea,2
"MULTILINESTRING Z ((439898.4972 4474260.7174 0,439908.8687 4474276.1046 0))",2320172,Verde,Línea,3
"MULTILINESTRING Z ((441285.4613 4471948.7907 0,441272.7173 4471950.0768 0))",2320173,Verde,Línea,2
"MULTILINESTRING Z ((439913.3744 4474282.5655 0,439922.3007 4474296.3375 0))",2320174,Verde,Línea,3
"MULTILINESTRING Z ((441377.4758 4471940.2556 0,441312.3525 4471946.3354 0))",2320177,Verde,Línea,13
"MULTILINESTRING Z ((441080.1532 4471969.2513 0,441159.5406 4471961.6516 0))",2320179,Verde,Línea,16
"MULTILINESTRING Z ((441133.2124 4472099.7159 0,441123.0019 4472100.6512 0))",2320181,Verde,Línea,2
"MULTILINESTRING Z ((440180.7195 4474199.8936 0,440179.3904 4474187.9318 0))",2320190,Verde,Línea,2
"MULTILINESTRING Z ((441145.2934 4472098.7026 0,441150.5156 4472098.235 0))",2320191,Verde,Línea,1
"MULTILINESTRING Z ((440174.1627 4474153.553 0,440175.9348 4474165.6919 0))",2320192,Verde,Línea,2
"MULTILINESTRING Z ((441182.8073 4472090.4953 0,441171.9339 4472091.6645 0))",2320195,Verde,Batería,4
"MULTILINESTRING Z ((440219.1557 4474000.4927 0,440233.5723 4473995.1594 0))",2320202,Verde,Línea,3
"MULTILINESTRING Z ((441478.8601 4471966.1536 0,441444.6442 4472015.6594 0))",2320203,Verde,Línea,12
"MULTILINESTRING Z ((440025.6608 4474456.7984 0,440027.7667 4474453.2635 0,440028.594 4474450.4055 0,440028.594 4474447.8483 0,440028.0675 4474445.5168 0,440026.7137 4474443.4109 0,440023.3293 4474440.2521 0))",2320206,Verde,Línea,4
"MULTILINESTRING Z ((441204.219 4472137.1252 0,441232.9908 4472096.5666 0))",2320211,Verde,Línea,10
"MULTILINESTRING Z ((441262.1946 4472141.0039 0,441246.6445 4472163.3353 0))",2320213,Verde,Batería,11
"MULTILINESTRING Z ((439073.8342 4473562.6382 0,439085.5158 4473519.3347 0))",2320214,Verde,Línea,10
"MULTILINESTRING Z ((441263.13 4472139.6009 0,441287.4489 4472104.6424 0))",2320215,Verde,Batería,17
"MULTILINESTRING Z ((439123.1646 4473374.915 0,439135.2182 4473328.8585 0))",2320216,Verde,Línea,10
"MULTILINESTRING Z ((441288.5012 4472103.2394 0,441295.1655 4472093.4183 0))",2320217,Verde,Batería,5
"MULTILINESTRING Z ((439136.5574 4473324.3942 0,439140.3521 4473309.8108 0))",2320218,Verde,Línea,3
"MULTILINESTRING Z ((441239.8682 4472164.7542 0,441265.6876 4472127.3819 0,441290.3327 4472091.7779 0))",2320219,Verde,Línea,19
"MULTILINESTRING Z ((441105.1214 4471748.2018 0,441116.7801 4471747.0848 0))",2320223,Verde,Línea,2
"MULTILINESTRING Z ((438870.1574 4473929.9452 0,438868.5342 4473880.0475 0))",2320224,Verde,Línea,11
"MULTILINESTRING Z ((438868.6557 4473876.1594 0,438867.739 4473841.1594 0))",2320226,Verde,Línea,7
"MULTILINESTRING Z ((441181.4967 4471732.9826 0,441104.4233 4471739.8243 0))",2320227,Verde,Batería,31
"MULTILINESTRING Z ((438860.2183 4473813.4768 0,438855.4521 4473812.8362 0))",2320230,Verde,Línea,1
"MULTILINESTRING Z ((438866.2052 4473807.9182 0,438865.7817 4473796.6966 0))",2320234,Verde,Línea,3
"MULTILINESTRING Z ((438864.4407 4473752.5156 0,438865.7817 4473793.0971 0))",2320236,Verde,Línea,8
"MULTILINESTRING Z ((441299.4427 4471753.1316 0,441316.776 4471764.8353 0))",2320237,Verde,Línea,4
"MULTILINESTRING Z ((441323.4797 4471769.3909 0,441339.1464 4471779.9094 0))",2320239,Verde,Línea,4
"MULTILINESTRING Z ((438823.489 4473736.8261 0,438842.6557 4473736.9094 0))",2320242,Verde,Línea,4
"MULTILINESTRING Z ((438817.933 4473616.5365 0,438846.482 4473615.5762 0))",2320246,Verde,Línea,6
"MULTILINESTRING Z ((438817.8457 4473610.0759 0,438846.6566 4473609.2029 0))",2320250,Verde,Línea,6
"MULTILINESTRING Z ((441423.0307 4471582.9745 0,441409.1557 4471576.9745 0))",2320253,Verde,Línea,3
"MULTILINESTRING Z ((441086.8506 4471672.2034 0,441079.1493 4471689.7855 0))",2320257,Verde,Línea,4
"MULTILINESTRING Z ((441163.6035 4471491.9309 0,441147.2726 4471531.3092 0))",2320265,Verde,Batería,16
"MULTILINESTRING Z ((438854.2424 4473474.5113 0,438854.7717 4473448.3626 0))",2320266,Verde,Batería,9
"MULTILINESTRING Z ((438906.0104 4473475.5699 0,438904.9517 4473449.9506 0))",2320268,Verde,Batería,9
"MULTILINESTRING Z ((441225.6934 4471722.9656 0,441262.7654 4471636.7262 0))",2320269,Verde,Línea,18
"MULTILINESTRING Z ((441266.0642 4471613.1635 0,441296.3815 4471541.533 0))",2320271,Verde,Línea,15
"MULTILINESTRING Z ((438860.1709 4473444.1281 0,438900.3995 4473444.5515 0))",2320272,Verde,Batería,13
"MULTILINESTRING Z ((438910.8802 4473476.311 0,438909.9274 4473440.9521 0))",2320274,Verde,Batería,13
"MULTILINESTRING Z ((441301.8794 4471543.7846 0,441284.0765 4471586.3021 0))",2320275,Verde,Línea,9
"MULTILINESTRING Z ((438916.7616 4473484.8205 0,438930.6539 4473485.222 0))",2320276,Verde,Línea,3
"MULTILINESTRING Z ((441339.7251 4471808.4438 0,441333.0483 4471824.6279 0))",2320277,Verde,Batería,7
"MULTILINESTRING Z ((438931.2963 4473491.8871 0,438872.9168 4473489.8795 0))",2320278,Verde,Línea,12
"MULTILINESTRING Z ((441381.7807 4471723.2245 0,441357.2807 4471779.4745 0))",2320279,Verde,Línea,13
"MULTILINESTRING Z ((438872.9168 4473483.4554 0,438902.3876 4473484.419 0))",2320280,Verde,Línea,6
"MULTILINESTRING Z ((441402.7807 4471672.9745 0,441413.7807 4471647.5995 0))",2320283,Verde,Línea,5
"MULTILINESTRING Z ((441418.5752 4471636.5377 0,441422.3945 4471627.187 0))",2320285,Verde,Línea,2
"MULTILINESTRING Z ((438863.5585 4473599.8553 0,438863.2409 4473589.6923 0))",2320286,Verde,Línea,2
"MULTILINESTRING Z ((438866.8403 4473670.0115 0,438868.7459 4473727.0374 0))",2320292,Verde,Línea,12
"MULTILINESTRING Z ((438865.4994 4473625.4777 0,438866.8403 4473665.5652 0))",2320294,Verde,Línea,8
"MULTILINESTRING Z ((441202.1272 4471597.7095 0,441221.1139 4471606.0404 0))",2320297,Verde,Línea,4
"MULTILINESTRING Z ((438877.489 4473614.2427 0,438920.239 4473612.4094 0))",2320298,Verde,Línea,8
"MULTILINESTRING Z ((441199.7054 4471603.0374 0,441250.0783 4471624.8334 0))",2320299,Verde,Línea,11
"MULTILINESTRING Z ((441252.2095 4471619.2149 0,441241.8443 4471614.8557 0))",2320301,Verde,Línea,2
"MULTILINESTRING Z ((438952.8708 4473730.0194 0,438951.9405 4473704.501 0))",2320304,Verde,Línea,5
"MULTILINESTRING Z ((438940.8878 4473738.9031 0,438931.3342 4473738.7245 0))",2320308,Verde,Línea,2
"MULTILINESTRING Z ((438894.3699 4473737.5638 0,438910.9771 4473738.0102 0))",2320310,Verde,Línea,3
"MULTILINESTRING Z ((441379.4981 4471672.9783 0,441369.2297 4471668.9097 0))",2320311,Verde,Línea,2
"MULTILINESTRING Z ((441357.024 4471663.5818 0,441346.9494 4471659.4164 0))",2320313,Verde,Línea,2
"MULTILINESTRING Z ((438879.3223 4473741.7427 0,438895.739 4473742.2427 0))",2320314,Verde,Batería,6
"MULTILINESTRING Z ((441481.8908 4471716.6672 0,441463.8728 4471708.6269 0))",2320315,Verde,Línea,4
"MULTILINESTRING Z ((438942.239 4473742.6594 0,438935.6557 4473742.6594 0))",2320316,Verde,Batería,2
"MULTILINESTRING Z ((441409.2375 4471685.3778 0,441460.4823 4471707.1738 0))",2320317,Verde,Línea,11
"MULTILINESTRING Z ((438927.8223 4473742.6594 0,438918.8223 4473742.4094 0))",2320318,Verde,Batería,3
"MULTILINESTRING Z ((441498.9262 4471741.0766 0,441498.9262 4471731.0021 0))",2320319,Verde,Línea,2
"MULTILINESTRING Z ((438871.0044 4473807.9888 0,438870.3692 4473784.9103 0))",2320320,Verde,Línea,5
"MULTILINESTRING Z ((438869.1557 4473764.1594 0,438869.489 4473779.1594 0))",2320322,Verde,Línea,3
"MULTILINESTRING Z ((438873.8612 4473815.0728 0,438895.1018 4473818.0699 0))",2320324,Verde,Línea,4
"MULTILINESTRING Z ((441536.446 4471650.2545 0,441568.6419 4471664.1771 0))",2320325,Verde,Línea,7
"MULTILINESTRING Z ((438944.7499 4473824.4551 0,438935.4979 4473823.2824 0))",2320328,Verde,Línea,2
"MULTILINESTRING Z ((441603.4483 4471786.0616 0,441624.0214 4471756.414 0,441626.3211 4471752.809 0,441629.3045 4471747.2773 0,441631.3556 4471742.1185 0,441632.9716 4471735.7166 0,441633.5931 4471732.4846 0,441633.9039 4471729.6877 0))",2320329,Verde,Línea,13
"MULTILINESTRING Z ((438874.4635 4473820.0689 0,438910.3143 4473824.4127 0))",2320332,Verde,Línea,7
"MULTILINESTRING Z ((438943.1862 4473828.3644 0,438916.603 4473825.1067 0))",2320334,Verde,Línea,5
"MULTILINESTRING Z ((441036.9741 4472381.6991 0,440991.8564 4472384.5326 0))",2320335,Verde,Línea,9
"MULTILINESTRING Z ((441828.4611 4472287.9739 0,441828.8536 4472287.9064 0,441829.5986 4472287.6314 0,441830.2386 4472287.1714 0,441830.5986 4472286.8014 0,441837.7486 4472278.2664 0,441844.8986 4472269.7214 0))",2320341,Verde,Línea,5
"MULTILINESTRING Z ((441883.7196 4472223.6705 0,441870.5979 4472239.2613 0))",2320343,Verde,Batería,8
"MULTILINESTRING Z ((441434.4819 4471919.8176 0,441452.5688 4471932.2173 0))",2320347,Verde,Batería,8
"MULTILINESTRING Z ((441463.104 4471934.082 0,441436.6262 4471915.9018 0))",2320349,Verde,Batería,12
"MULTILINESTRING Z ((441353.2774 4472106.933 0,441369.3132 4472117.841 0))",2320351,Verde,Línea,4
"MULTILINESTRING Z ((441214.7259 4471951.3629 0,441326.3826 4471941.191 0))",2320355,Verde,Batería,42
"MULTILINESTRING Z ((439514.2807 4472935.7011 0,439504.0307 4472939.2011 0))",2320356,Verde,Línea,2
"MULTILINESTRING Z ((441116.2809 4471959.8979 0,441140.0153 4471957.9103 0))",2320361,Verde,Batería,9
"MULTILINESTRING Z ((441106.8106 4471960.7163 0,441085.6484 4471962.7039 0))",2320363,Verde,Batería,8
"MULTILINESTRING Z ((441206.3447 4472146.3699 0,441218.8377 4472155.0404 0))",2320368,Verde,Línea,3
"MULTILINESTRING Z ((441256.5032 4472185.8067 0,441248.0191 4472180.3061 0))",2320372,Verde,Línea,2
"MULTILINESTRING Z ((441294.0754 4472175.831 0,441275.7089 4472179.0941 0))",2320374,Verde,Línea,3
"MULTILINESTRING Z ((441528.5524 4471654.6675 0,441520.9074 4471673.7799 0))",2320387,Verde,Línea,4
"MULTILINESTRING Z ((439390.5592 4473173.923 0,439380.1021 4473160.7867 0))",2320388,Verde,Línea,3
"MULTILINESTRING Z ((441890.7262 4471992.413 0,441886.4866 4471995.1482 0))",2320393,Verde,Línea,1
"MULTILINESTRING Z ((439252.6557 4473061.2662 0,439234.239 4473130.8495 0))",2320394,Verde,Línea,14
"MULTILINESTRING Z ((439232.6557 4473137.5162 0,439219.1557 4473188.8495 0))",2320396,Verde,Línea,10
"MULTILINESTRING Z ((441799.3537 4471902.4855 0,441807.5784 4471909.3002 0))",2320397,Verde,Línea,2
"MULTILINESTRING Z ((439227.4057 4473191.8495 0,439230.1557 4473181.4329 0))",2320398,Verde,Línea,2
"MULTILINESTRING Z ((439242.739 4473133.4329 0,439261.3223 4473063.0162 0))",2320400,Verde,Línea,14
"MULTILINESTRING Z ((439237.0723 4473155.5162 0,439240.989 4473139.3495 0))",2320402,Verde,Línea,3
"MULTILINESTRING Z ((439350.705 4473210.862 0,439360.2945 4473203.9695 0))",2320408,Verde,Línea,2
"MULTILINESTRING Z ((441816.3905 4471891.3234 0,441847.5267 4471917.2898 0))",2320409,Verde,Línea,8
"MULTILINESTRING Z ((439363.5909 4473201.8718 0,439367.9361 4473198.4256 0))",2320410,Verde,Línea,1
"MULTILINESTRING Z ((439304.7622 4473244.2585 0,439299.9224 4473247.8307 0))",2320414,Verde,Línea,1
"MULTILINESTRING Z ((441805.346 4471858.5423 0,441816.978 4471827.0537 0))",2320415,Verde,Línea,6
"MULTILINESTRING Z ((441885.5951 4471743.8672 0,441878.3104 4471752.2094 0))",2320417,Verde,Línea,2
"MULTILINESTRING Z ((439212.5723 4473201.7384 0,439179.3501 4473193.8495 0))",2320418,Verde,Línea,7
"MULTILINESTRING Z ((439227.7946 4473205.294 0,439257.1834 4473212.0718 0))",2320420,Verde,Línea,6
"MULTILINESTRING Z ((441905.3342 4471734.5851 0,441911.209 4471735.1726 0))",2320421,Verde,Línea,1
"MULTILINESTRING Z ((439217.5168 4473207.4051 0,439241.4057 4473212.794 0))",2320424,Verde,Línea,5
"MULTILINESTRING Z ((439287.8501 4473245.5162 0,439279.7946 4473231.4051 0))",2320428,Verde,Línea,4
"MULTILINESTRING Z ((439300.9612 4473280.4051 0,439293.2946 4473266.794 0))",2320430,Verde,Línea,3
"MULTILINESTRING Z ((441939.8778 4471836.8058 0,442005.0875 4471908.5952 0))",2320433,Verde,Línea,16
"MULTILINESTRING Z ((441984.7725 4471931.3262 0,441980.0315 4471934.1526 0))",2320437,Verde,Línea,1
"MULTILINESTRING Z ((441922.5917 4471972.9017 0,441963.8936 4471946.37 0))",2320439,Verde,Línea,10
"MULTILINESTRING Z ((439427.5838 4473219.2365 0,439472.5866 4473194.2974 0))",2320442,Verde,Línea,10
"MULTILINESTRING Z ((439271.1121 4473311.3008 0,439257.6104 4473319.0316 0))",2320446,Verde,Línea,3
"MULTILINESTRING Z ((438982.0198 4473068.6461 0,438986.9522 4473029.9826 0))",2320454,Verde,Línea,8
"MULTILINESTRING Z ((438988.9057 4473015.8261 0,438987.4057 4473025.9094 0))",2320456,Verde,Línea,2
"MULTILINESTRING Z ((442120.0723 4472027.1829 0,442102.239 4472012.3495 0))",2320457,Verde,Línea,4
"MULTILINESTRING Z ((438991.5664 4472996.7288 0,438992.2028 4472992.1147 0))",2320458,Verde,Línea,1
"MULTILINESTRING Z ((442105.989 4472007.6829 0,442123.6557 4472022.5995 0))",2320459,Verde,Línea,4
"MULTILINESTRING Z ((442041.1557 4472067.3495 0,442055.0723 4472050.9329 0))",2320463,Verde,Línea,4
"MULTILINESTRING Z ((442111.739 4471983.294 0,442128.4057 4471963.5718 0))",2320467,Verde,Línea,6
"MULTILINESTRING Z ((442104.4057 4471991.9051 0,442107.9612 4471987.6829 0))",2320469,Verde,Línea,1
"MULTILINESTRING Z ((442150.1279 4471937.5718 0,442146.5168 4471941.9606 0))",2320471,Verde,Línea,1
"MULTILINESTRING Z ((442172.1834 4471933.6829 0,442186.8501 4471945.9606 0))",2320473,Verde,Línea,4
"MULTILINESTRING Z ((441947.2772 4472251.8261 0,441940.0444 4472260.7425 0))",2320477,Verde,Línea,2
"MULTILINESTRING Z ((442044.9508 4472082.8327 0,442056.6323 4472092.0973 0))",2320479,Verde,Línea,4
"MULTILINESTRING Z ((442161.3937 4471997.2433 0,442164.7607 4471993.0345 0))",2320485,Verde,Línea,1
"MULTILINESTRING Z ((441758.4575 4472159.1622 0,441766.7428 4472153.1824 0))",2320501,Verde,Línea,2
"MULTILINESTRING Z ((441970.5968 4472224.7654 0,441959.9347 4472237.4852 0))",2320505,Verde,Línea,3
"MULTILINESTRING Z ((441377.0081 4471935.8128 0,441340.9974 4471939.2034 0))",2320513,Verde,Batería,12
"MULTILINESTRING Z ((441376.0258 4472115.6035 0,441391.409 4472093.228 0))",2320517,Verde,Línea,5
"MULTILINESTRING Z ((441574.4844 4471666.6632 0,441602.2052 4471678.4725 0))",2320521,Verde,Línea,6
"MULTILINESTRING Z ((441592.9442 4471801.2894 0,441601.5215 4471788.9828 0))",2320523,Verde,Línea,3
"MULTILINESTRING Z ((439448.6557 4473047.4329 0,439459.739 4473055.2662 0))",2320530,Verde,Batería,5
"MULTILINESTRING Z ((439474.9057 4473066.0162 0,439465.239 4473059.2662 0))",2320532,Verde,Batería,4
"MULTILINESTRING Z ((440695.3757 4472965.118 0,440680.164 4472998.5713 0))",2320539,Verde,Línea,7
"MULTILINESTRING Z ((440934.1563 4473121.5593 0,440940.4051 4473102.7182 0))",2320545,Verde,Línea,4
"MULTILINESTRING Z ((440857.3223 4472962.0162 0,440926.239 4472976.2662 0))",2320551,Verde,Línea,14
"MULTILINESTRING Z ((440855.194 4472945.7404 0,440883.8817 4472884.9564 0))",2320565,Verde,Línea,15
"MULTILINESTRING Z ((439172.4949 4473187.8986 0,439175.3967 4473176.7379 0))",2320568,Verde,Línea,3
"MULTILINESTRING Z ((440850.46 4472943.6574 0,440857.0875 4472929.3609 0))",2320569,Verde,Línea,3
"MULTILINESTRING Z ((440862.9576 4472916.3899 0,440858.6971 4472925.6684 0))",2320571,Verde,Línea,2
"MULTILINESTRING Z ((440865.2299 4472912.0346 0,440867.6916 4472906.8273 0))",2320573,Verde,Línea,1
"MULTILINESTRING Z ((440872.8067 4472805.9448 0,440881.6307 4472818.588 0))",2320581,Verde,Línea,3
"MULTILINESTRING Z ((440862.1336 4472791.455 0,440868.1972 4472799.7549 0))",2320583,Verde,Línea,2
"MULTILINESTRING Z ((438969.9738 4473152.1266 0,438951.8438 4473280.5353 0))",2320592,Verde,Línea,29
"MULTILINESTRING Z ((441027.7282 4472979.5646 0,441042.782 4472978.0592 0))",2320601,Verde,Línea,3
"MULTILINESTRING Z ((438983.7463 4472950.9523 0,438955.8128 4472947.4727 0))",2320602,Verde,Línea,6
"MULTILINESTRING Z ((441050.2014 4472977.0915 0,441055.9003 4472976.6614 0))",2320603,Verde,Línea,1
"MULTILINESTRING Z ((441059.8788 4472976.2313 0,441114.9325 4472970.9624 0))",2320605,Verde,Línea,11
"MULTILINESTRING Z ((441137.2848 4472909.1189 0,441112.3681 4472911.3689 0))",2320607,Verde,Línea,5
"MULTILINESTRING Z ((438967.1215 4473073.6084 0,438955.7161 4473072.1585 0))",2320608,Verde,Línea,2
"MULTILINESTRING Z ((438888.4422 4473136.7126 0,438910.6591 4473139.7494 0))",2320612,Verde,Línea,4
"MULTILINESTRING Z ((441030.6315 4472914.7259 0,441017.0831 4472915.8011 0))",2320623,Verde,Batería,5
"MULTILINESTRING Z ((438915.9336 4473132.3171 0,438919.41 4473107.0234 0))",2320626,Verde,Línea,5
"MULTILINESTRING Z ((438955.4293 4472880.7778 0,438953.9292 4472891.2785 0))",2320632,Verde,Línea,2
"MULTILINESTRING Z ((438944.0208 4472961.8744 0,438944.6974 4472956.365 0))",2320634,Verde,Línea,1
"MULTILINESTRING Z ((438932.6154 4473042.8718 0,438943.2475 4472966.8038 0))",2320636,Verde,Línea,15
"MULTILINESTRING Z ((438932.0355 4473047.7046 0,438930.9723 4473054.3739 0))",2320642,Verde,Línea,1
"MULTILINESTRING Z ((440967.0723 4472898.8261 0,440964.1557 4472869.9094 0))",2320643,Verde,Línea,6
"MULTILINESTRING Z ((438874.8538 4473126.0853 0,438871.9299 4473116.1172 0))",2320648,Verde,Batería,4
"MULTILINESTRING Z ((438907.2834 4473218.7665 0,438903.4734 4473208.7541 0))",2320652,Verde,Batería,4
"MULTILINESTRING Z ((441101.4588 4472845.238 0,441107.4264 4472844.7508 0))",2320653,Verde,Línea,1
"MULTILINESTRING Z ((441124.5356 4472782.1481 0,441116.9851 4472782.7976 0))",2320655,Verde,Línea,1
"MULTILINESTRING Z ((441091.5731 4472785.3145 0,441081.2621 4472786.3699 0))",2320660,Verde,Línea,2
"MULTILINESTRING Z ((441071.6819 4472787.3442 0,441060.7214 4472788.3184 0))",2320662,Verde,Línea,2
"MULTILINESTRING Z ((441052.6837 4472789.2115 0,441042.454 4472790.1858 0))",2320664,Verde,Línea,2
"MULTILINESTRING Z ((440966.4456 4472797.7794 0,441014.7796 4472793.3016 0))",2320668,Verde,Línea,10
"MULTILINESTRING Z ((440961.5727 4472837.9479 0,440958.4119 4472805.2863 0))",2320670,Verde,Línea,7
"MULTILINESTRING Z ((440944.2307 4472799.9329 0,440901.1178 4472804.3173 0))",2320672,Verde,Línea,9
"MULTILINESTRING Z ((440901.2395 4472800.7854 0,440910.8608 4472799.9329 0))",2320674,Verde,Línea,2
"MULTILINESTRING Z ((438838.0875 4473002.3613 0,438800.5708 4473000.4259 0))",2320675,Verde,Línea,8
"MULTILINESTRING Z ((440943.8653 4472796.5228 0,440928.1547 4472798.2279 0))",2320676,Verde,Línea,3
"MULTILINESTRING Z ((439006.0139 4473325.0111 0,439051.0628 4473321.8362 0))",2320683,Verde,Línea,10
"MULTILINESTRING Z ((440965.9188 4472794.0918 0,441051.3869 4472786.187 0))",2320686,Verde,Línea,18
"MULTILINESTRING Z ((441087.4057 4472782.2983 0,441109.4612 4472780.1316 0))",2320690,Verde,Línea,5
"MULTILINESTRING Z ((438726.6614 4472971.1145 0,438728.7879 4472936.6914 0))",2320691,Verde,Línea,7
"MULTILINESTRING Z ((441051.5257 4472734.8982 0,441060.0509 4472734.0457 0))",2320694,Verde,Línea,2
"MULTILINESTRING Z ((438784.9811 4473249.0509 0,438795.6693 4473284.1155 0))",2320695,Verde,Línea,7
"MULTILINESTRING Z ((441205.239 4473172.8261 0,441211.4057 4473165.0761 0))",2320698,Verde,Línea,2
"MULTILINESTRING Z ((439048.3809 4473919.0004 0,439048.3809 4473897.988 0))",2320701,Verde,Línea,5
"MULTILINESTRING Z ((439048.0626 4473867.1061 0,439048.1687 4473873.3674 0))",2320705,Verde,Línea,1
"MULTILINESTRING Z ((441184.61 4473075.6936 0,441228.3734 4473072.5753 0))",2320706,Verde,Línea,9
"MULTILINESTRING Z ((439048.4871 4473878.6735 0,439048.4871 4473894.2737 0))",2320707,Verde,Línea,3
"MULTILINESTRING Z ((441269.2336 4473064.1882 0,441247.1906 4473065.6936 0))",2320708,Verde,Línea,4
"MULTILINESTRING Z ((439047.9564 4473849.9141 0,439048.0626 4473861.906 0))",2320709,Verde,Línea,2
"MULTILINESTRING Z ((441282.1557 4473050.7011 0,441276.0307 4472969.8261 0))",2320710,Verde,Línea,16
"MULTILINESTRING Z ((439047.8503 4473808.3138 0,439047.9564 4473815.3179 0))",2320711,Verde,Línea,1
"MULTILINESTRING Z ((439047.2136 4473754.4031 0,439047.6381 4473802.0525 0))",2320713,Verde,Línea,10
"MULTILINESTRING Z ((439052.0953 4473830.2813 0,439051.6708 4473755.0399 0))",2320715,Verde,Línea,15
"MULTILINESTRING Z ((439125.0557 4473852.2981 0,439108.6367 4473849.9525 0))",2320717,Verde,Línea,3
"MULTILINESTRING Z ((439056.1651 4473843.1764 0,439101.8605 4473849.0838 0))",2320719,Verde,Línea,9
"MULTILINESTRING Z ((439124.187 4473848.0413 0,439102.903 4473845.2613 0))",2320722,Verde,Línea,4
"MULTILINESTRING Z ((441176.0078 4472965.0485 0,441219.5562 4472960.6399 0))",2320729,Verde,Línea,9
"MULTILINESTRING Z ((438873.4745 4473884.2821 0,438874.1097 4473901.5734 0))",2320730,Verde,Línea,3
"MULTILINESTRING Z ((438872.3453 4473850.7582 0,438872.4865 4473856.969 0))",2320734,Verde,Línea,1
"MULTILINESTRING Z ((441264.61 4472956.1237 0,441249.2336 4472957.8442 0))",2320735,Verde,Línea,3
"MULTILINESTRING Z ((438872.2946 4473846.2589 0,438871.5021 4473826.2746 0))",2320736,Verde,Línea,5
"MULTILINESTRING Z ((441274.3971 4472945.2235 0,441273.1077 4472930.0372 0))",2320737,Verde,Línea,3
"MULTILINESTRING Z ((441266.5174 4472846.2263 0,441271.3885 4472905.1088 0))",2320739,Verde,Línea,12
"MULTILINESTRING Z ((441181.4191 4472845.5726 0,441218.8351 4472842.7743 0))",2320743,Verde,Línea,8
"MULTILINESTRING Z ((441166.9806 4472846.2123 0,441177.4544 4472845.238 0))",2320745,Verde,Línea,2
"MULTILINESTRING Z ((438962.2187 4473877.6359 0,438961.5099 4473858.0541 0))",2320748,Verde,Línea,4
"MULTILINESTRING Z ((441370.071 4472945.7579 0,441318.0048 4472951.3364 0))",2320749,Verde,Línea,11
"MULTILINESTRING Z ((441391.4629 4472886.8272 0,441388.2331 4472847.4547 0))",2320751,Verde,Batería,16
"MULTILINESTRING Z ((441405.5048 4472912.0802 0,441404.4718 4472898.8571 0))",2320763,Verde,Batería,6
"MULTILINESTRING Z ((438960.4466 4473816.0552 0,438959.5605 4473790.7141 0))",2320764,Verde,Línea,5
"MULTILINESTRING Z ((441399.6142 4472840.6876 0,441401.7674 4472866.9872 0))",2320765,Verde,Batería,10
"MULTILINESTRING Z ((438959.3833 4473787.2584 0,438959.2061 4473782.2079 0))",2320766,Verde,Línea,1
"MULTILINESTRING Z ((441407.268 4472826.9698 0,441436.6189 4472824.7776 0))",2320767,Verde,Línea,6
"MULTILINESTRING Z ((438958.5859 4473754.2086 0,438959.1175 4473774.5879 0))",2320768,Verde,Línea,4
"MULTILINESTRING Z ((441480.0972 4472821.4893 0,441443.6826 4472824.1687 0))",2320769,Verde,Línea,7
"MULTILINESTRING Z ((441164.9102 4472840.3665 0,441180.0119 4472839.0268 0))",2320773,Verde,Línea,3
"MULTILINESTRING Z ((439019.9008 4473661.173 0,439014.23 4473661.3502 0))",2320776,Verde,Batería,2
"MULTILINESTRING Z ((441264.9415 4472824.4498 0,441262.3627 4472789.7793 0))",2320779,Verde,Línea,7
"MULTILINESTRING Z ((441260.2137 4472762.8452 0,441259.7839 4472757.2578 0))",2320781,Verde,Línea,1
"MULTILINESTRING Z ((441259.3541 4472752.9598 0,441257.3484 4472729.0343 0))",2320783,Verde,Línea,5
"MULTILINESTRING Z ((438950.4057 4473543.2427 0,438949.489 4473516.9927 0))",2320788,Verde,Línea,5
"MULTILINESTRING Z ((441383.3115 4472778.2453 0,441385.8749 4472810.4405 0))",2320789,Verde,Batería,11
"MULTILINESTRING Z ((441381.8761 4472761.3274 0,441381.0558 4472749.5361 0))",2320791,Verde,Batería,4
"MULTILINESTRING Z ((441394.4876 4472772.606 0,441395.4104 4472788.4985 0))",2320795,Verde,Batería,6
"MULTILINESTRING Z ((441396.5382 4472803.1607 0,441395.8205 4472792.4973 0))",2320797,Verde,Batería,4
"MULTILINESTRING Z ((438940.5723 4473390.5761 0,438941.989 4473435.1594 0))",2320798,Verde,Línea,9
"MULTILINESTRING Z ((441406.9027 4472821.7329 0,441431.8692 4472819.9061 0))",2320799,Verde,Línea,5
"MULTILINESTRING Z ((441437.2279 4472819.419 0,441466.8223 4472817.105 0))",2320801,Verde,Línea,6
"MULTILINESTRING Z ((439113.9596 4473323.295 0,439083.7554 4473325.2685 0))",2320802,Verde,Línea,6
"MULTILINESTRING Z ((441471.2067 4472816.9832 0,441486.4301 4472815.7653 0))",2320803,Verde,Línea,3
"MULTILINESTRING Z ((441585.2807 4472711.8495 0,441514.5307 4472798.0995 0))",2320805,Verde,Línea,22
"MULTILINESTRING Z ((439001.2171 4473413.4084 0,438995.554 4473393.5217 0))",2320810,Verde,Línea,4
"MULTILINESTRING Z ((439004.9047 4473428.2905 0,439002.139 4473418.6764 0))",2320812,Verde,Línea,2
"MULTILINESTRING Z ((439010.3044 4473446.3335 0,439008.724 4473441.1972 0))",2320814,Verde,Línea,1
"MULTILINESTRING Z ((440473.739 4472940.9927 0,440480.239 4472928.3261 0))",2320815,Verde,Línea,3
"MULTILINESTRING Z ((440522.9057 4472860.3495 0,440546.5723 4472869.0995 0))",2320817,Verde,Línea,5
"MULTILINESTRING Z ((438873.1217 4473871.0843 0,438872.9805 4473865.297 0))",2320818,Verde,Línea,1
"MULTILINESTRING Z ((438875.0978 4473928.9571 0,438874.6038 4473915.6887 0))",2320820,Verde,Línea,2
"MULTILINESTRING Z ((440571.6557 4472878.1829 0,440566.0723 4472876.0995 0))",2320821,Verde,Línea,1
"MULTILINESTRING Z ((440563.8666 4472912.7921 0,440568.8846 4472903.2295 0))",2320825,Verde,Línea,2
"MULTILINESTRING Z ((440527.8885 4472981.529 0,440540.1968 4472958.0486 0))",2320829,Verde,Línea,5
"MULTILINESTRING Z ((438858.7836 4473482.7327 0,438864.0033 4473482.8933 0))",2320836,Verde,Línea,1
"MULTILINESTRING Z ((438939.8902 4473368.0665 0,438939.8902 4473373.8259 0))",2320840,Verde,Línea,1
"MULTILINESTRING Z ((439017.6796 4473474.1222 0,439015.0456 4473463.9813 0))",2320842,Verde,Línea,2
"MULTILINESTRING Z ((439026.7669 4473507.3107 0,439020.8404 4473486.107 0))",2320844,Verde,Línea,4
"MULTILINESTRING Z ((439071.0813 4473572.9805 0,439072.4205 4473567.7722 0))",2320848,Verde,Línea,1
"MULTILINESTRING Z ((440587.239 4472867.6829 0,440596.739 4472850.0162 0))",2320853,Verde,Línea,4
"MULTILINESTRING Z ((439119.1467 4473390.4656 0,439121.3045 4473381.537 0))",2320854,Verde,Línea,2
"MULTILINESTRING Z ((440604.989 4472833.7662 0,440599.9057 4472843.4329 0))",2320855,Verde,Línea,2
"MULTILINESTRING Z ((439113.7152 4473410.3317 0,439117.5098 4473396.1948 0))",2320856,Verde,Línea,3
"MULTILINESTRING Z ((440611.489 4472822.0162 0,440608.9057 4472827.0995 0))",2320857,Verde,Línea,1
"MULTILINESTRING Z ((438933.7865 4473311.3407 0,438929.9672 4473300.1462 0))",2320862,Verde,Línea,2
"MULTILINESTRING Z ((440513.5289 4472777.4642 0,440518.8309 4472779.2315 0))",2320863,Verde,Línea,1
"MULTILINESTRING Z ((438927.9917 4473294.6148 0,438924.0407 4473284.0788 0))",2320864,Verde,Línea,2
"MULTILINESTRING Z ((440499.9443 4472779.5041 0,440474.8019 4472822.1404 0))",2320865,Verde,Línea,10
"MULTILINESTRING Z ((438799.6071 4473301.7416 0,438802.4197 4473316.18 0))",2320866,Verde,Línea,3
"MULTILINESTRING Z ((440595.3878 4472880.6433 0,440605.2332 4472884.4675 0))",2320867,Verde,Línea,2
"MULTILINESTRING Z ((438870.4865 4473126.4182 0,438863.7361 4473103.1667 0,438859.9858 4473088.1658 0))",2320870,Verde,Línea,8
"MULTILINESTRING Z ((440630.0472 4472818.9967 0,440634.9705 4472820.7009 0))",2320879,Verde,Línea,1
"MULTILINESTRING Z ((438996.817 4472959.9746 0,438993.4757 4472983.6819 0))",2320882,Verde,Línea,4
"MULTILINESTRING Z ((439195.1557 4472901.3261 0,439189.989 4472900.5761 0))",2320884,Verde,Línea,1
"MULTILINESTRING Z ((440661.386 4472728.1679 0,440642.0714 4472764.3353 0))",2320885,Verde,Línea,8
"MULTILINESTRING Z ((440616.8223 4472823.5162 0,440611.1557 4472833.6829 0))",2320889,Verde,Línea,2
"MULTILINESTRING Z ((440591.0723 4472871.2662 0,440607.5723 4472840.1829 0))",2320891,Verde,Línea,7
"MULTILINESTRING Z ((439310.3223 4473234.0761 0,439387.989 4473177.4094 0))",2320892,Verde,Línea,19
"MULTILINESTRING Z ((440507.7555 4472765.7531 0,440533.6302 4472720.8385 0))",2320897,Verde,Línea,10
"MULTILINESTRING Z ((439493.2807 4472943.0761 0,439498.4057 4472941.3261 0))",2320902,Verde,Línea,1
"MULTILINESTRING Z ((439429.9057 4473034.4329 0,439440.5723 4473042.0995 0))",2320904,Verde,Batería,5
"MULTILINESTRING Z ((440750.1949 4472831.8415 0,440762.8819 4472805.142 0))",2320905,Verde,Línea,6
"MULTILINESTRING Z ((440666.404 4472729.7775 0,440663.8476 4472734.6061 0))",2320915,Verde,Línea,1
"MULTILINESTRING Z ((440567.8254 4472681.0683 0,440592.1008 4472688.8624 0))",2320923,Verde,Línea,5
"MULTILINESTRING Z ((440609.1504 4472694.302 0,440603.8731 4472692.8406 0))",2320925,Verde,Línea,1
"MULTILINESTRING Z ((438921.3104 4473334.4609 0,438905.1439 4473336.4721 0))",2320930,Verde,Línea,3
"MULTILINESTRING Z ((440690.2631 4472673.2541 0,440680.4165 4472691.8112 0))",2320931,Verde,Línea,4
"MULTILINESTRING Z ((438805.9043 4473339.1209 0,438807.5525 4473350.3585 0))",2320932,Verde,Línea,2
"MULTILINESTRING Z ((440691.2608 4472671.8833 0,440695.5513 4472663.8255 0))",2320933,Verde,Línea,2
"MULTILINESTRING Z ((440670.0013 4472642.8076 0,440652.5074 4472632.2299 0))",2320937,Verde,Línea,4
"MULTILINESTRING Z ((439586.1802 4472908.7141 0,439616.034 4472897.8215 0))",2320938,Verde,Línea,6
"MULTILINESTRING Z ((440609.8711 4472607.1689 0,440628.0159 4472617.9907 0))",2320939,Verde,Línea,4
"MULTILINESTRING Z ((439664.9736 4472880.0278 0,439620.7209 4472896.1538 0))",2320940,Verde,Línea,9
"MULTILINESTRING Z ((440631.352 4472619.9435 0,440645.103 4472627.8361 0))",2320941,Verde,Línea,3
"MULTILINESTRING Z ((440595.876 4472614.6547 0,440601.0835 4472605.6229 0))",2320943,Verde,Línea,2
"MULTILINESTRING Z ((439605.9252 4472888.0786 0,439603.7647 4472854.7194 0))",2320944,Verde,Línea,6
"MULTILINESTRING Z ((440579.489 4472643.4927 0,440584.4057 4472634.3261 0))",2320945,Verde,Línea,2
"MULTILINESTRING Z ((439600.8263 4472809.0016 0,439601.8634 4472824.3849 0))",2320946,Verde,Línea,3
"MULTILINESTRING Z ((440570.7336 4472658.5115 0,440575.5342 4472649.6425 0))",2320947,Verde,Línea,2
"MULTILINESTRING Z ((440566.7466 4472665.6717 0,440569.0249 4472661.2779 0))",2320949,Verde,Línea,1
"MULTILINESTRING Z ((439680.3496 4472752.7073 0,439609.8452 4472756.0825 0,439606.095 4472757.2076 0,439602.1572 4472760.2078 0,439600.0946 4472762.833 0,439599.3445 4472765.8332 0))",2320950,Verde,Línea,17
"MULTILINESTRING Z ((440778.9044 4472750.6161 0,440759.7794 4472744.6161 0))",2320953,Verde,Línea,4
"MULTILINESTRING Z ((440814.8823 4472747.8865 0,440786.2227 4472750.8093 0))",2320955,Verde,Línea,5
"MULTILINESTRING Z ((439605.7199 4472800.1478 0,439604.5949 4472784.3968 0))",2320958,Verde,Línea,3
"MULTILINESTRING Z ((440794.9665 4472696.6308 0,440785.6158 4472683.4608 0))",2320959,Verde,Línea,3
"MULTILINESTRING Z ((440725.7677 4472616.7307 0,440711.0925 4472644.4717 0))",2320965,Verde,Línea,6
"MULTILINESTRING Z ((440707.3053 4472651.2886 0,440700.6778 4472664.3543 0))",2320967,Verde,Línea,3
"MULTILINESTRING Z ((440722.5486 4472612.6595 0,440703.2341 4472648.4482 0))",2320971,Verde,Línea,8
"MULTILINESTRING Z ((439791.9699 4472827.6631 0,439835.4073 4472811.7944 0))",2320974,Verde,Línea,9
"MULTILINESTRING Z ((440694.5158 4472557.1232 0,440697.5574 4472561.8026 0))",2320975,Verde,Línea,1
"MULTILINESTRING Z ((439699.4758 4472860.9016 0,439787.7938 4472829.0246 0))",2320976,Verde,Línea,20
"MULTILINESTRING Z ((440638.5936 4472545.7368 0,440634.5253 4472549.317 0,440632.1656 4472552.2462 0,440620.8556 4472571.3674 0))",2320977,Verde,Línea,6
"MULTILINESTRING Z ((439691.7069 4472850.2379 0,439701.7285 4472782.8851 0))",2320978,Verde,Batería,26
"MULTILINESTRING Z ((440606.535 4472596.9167 0,440611.3357 4472588.6172 0))",2320979,Verde,Línea,2
"MULTILINESTRING Z ((439895.9909 4472795.7239 0,439885.7031 4472799.2204 0))",2320982,Verde,Línea,2
"MULTILINESTRING Z ((440665.3634 4472633.9386 0,440660.9695 4472631.2535 0))",2320983,Verde,Línea,1
"MULTILINESTRING Z ((439815.4369 4472824.7046 0,439876.5584 4472802.448 0))",2320984,Verde,Línea,13
"MULTILINESTRING Z ((440693.3536 4472650.7002 0,440676.0224 4472640.5294 0))",2320985,Verde,Línea,4
"MULTILINESTRING Z ((440913.739 4472670.6594 0,440908.4057 4472671.2427 0))",2320987,Verde,Línea,1
"MULTILINESTRING Z ((440903.1343 4472671.6504 0,440897.6947 4472672.2999 0))",2320989,Verde,Línea,1
"MULTILINESTRING Z ((440823.7319 4472676.0346 0,440813.0962 4472677.2524 0))",2320993,Verde,Línea,2
"MULTILINESTRING Z ((440827.8725 4472675.5475 0,440847.8449 4472673.5989 0))",2320995,Verde,Línea,4
"MULTILINESTRING Z ((440924.9882 4472615.3025 0,440910.2518 4472616.2768 0))",2320999,Verde,Línea,3
"MULTILINESTRING Z ((439789.1056 4472978.1805 0,439784.0858 4472979.8216 0))",2321000,Verde,Línea,1
"MULTILINESTRING Z ((439794.8977 4472976.3463 0,439841.4273 4472959.1632 0))",2321002,Verde,Línea,10
"MULTILINESTRING Z ((440880.6574 4472618.5908 0,440870.549 4472619.4433 0))",2321003,Verde,Línea,2
"MULTILINESTRING Z ((439856.5307 4472954.0761 0,439890.4057 4472941.0761 0))",2321004,Verde,Línea,9
"MULTILINESTRING Z ((439903.8692 4472932.7784 0,439904.367 4472930.4885 0,439905.1635 4472924.4152 0,439913.925 4472851.3368 0))",2321006,Verde,Línea,16
"MULTILINESTRING Z ((440817.8149 4472618.5908 0,440802.5914 4472619.8087 0))",2321011,Verde,Línea,3
"MULTILINESTRING Z ((439791.3259 4472983.0072 0,439776.5562 4472988.2201 0))",2321012,Verde,Línea,3
"MULTILINESTRING Z ((440841.6853 4472616.5204 0,440825.7311 4472617.8601 0))",2321013,Verde,Línea,3
"MULTILINESTRING Z ((439728.5786 4473005.7893 0,439743.2518 4473000.4799 0))",2321014,Verde,Línea,3
"MULTILINESTRING Z ((440845.3369 4472616.372 0,440866.9333 4472614.6905 0))",2321015,Verde,Línea,4
"MULTILINESTRING Z ((439675.002 4473025.5789 0,439684.945 4473022.1037 0))",2321016,Verde,Línea,2
"MULTILINESTRING Z ((439890.3288 4473045.5821 0,439901.4797 4472955.2794 0))",2321018,Verde,Línea,19
"MULTILINESTRING Z ((439931.178 4473005.3114 0,439908.8809 4473011.0153 0))",2321024,Verde,Línea,4
"MULTILINESTRING Z ((440903.5535 4472566.4656 0,440888.0865 4472567.6835 0))",2321025,Verde,Línea,3
"MULTILINESTRING Z ((439970.9057 4472991.9094 0,439981.239 4472989.3261 0))",2321028,Verde,Línea,2
"MULTILINESTRING Z ((439941.9377 4473000.126 0,439927.4186 4473003.3668 0))",2321030,Verde,Línea,3
"MULTILINESTRING Z ((439908.6216 4473007.6448 0,439923.6592 4473004.015 0))",2321032,Verde,Línea,3
"MULTILINESTRING Z ((439914.7145 4472967.9766 0,439920.1591 4472966.5507 0))",2321036,Verde,Línea,1
"MULTILINESTRING Z ((441105.9649 4472601.2969 0,441095.6129 4472602.0276 0))",2321037,Verde,Línea,2
"MULTILINESTRING Z ((439926.5112 4472964.9951 0,439940.9006 4472961.2357 0))",2321038,Verde,Línea,3
"MULTILINESTRING Z ((441024.1235 4472607.5081 0,441059.1984 4472604.9506 0))",2321041,Verde,Línea,7
"MULTILINESTRING Z ((439989.3839 4472948.5315 0,439979.6613 4472950.8649 0))",2321042,Verde,Línea,2
"MULTILINESTRING Z ((441015.8419 4472608.117 0,440988.9268 4472610.1874 0))",2321043,Verde,Línea,5
"MULTILINESTRING Z ((439917.5664 4472958.2541 0,439972.4018 4472944.7721 0))",2321044,Verde,Línea,11
"MULTILINESTRING Z ((439981.9947 4472941.9201 0,439986.9208 4472940.7534 0))",2321046,Verde,Línea,1
"MULTILINESTRING Z ((440983.081 4472611.0399 0,440951.6597 4472613.3539 0))",2321047,Verde,Línea,7
"MULTILINESTRING Z ((439992.6247 4472939.4571 0,440007.9216 4472935.6977 0))",2321048,Verde,Línea,3
"MULTILINESTRING Z ((439926.7685 4472805.0405 0,439923.3834 4472831.1257 0))",2321050,Verde,Línea,5
"MULTILINESTRING Z ((439910.4403 4472937.3583 0,439918.5048 4472870.6518 0))",2321052,Verde,Línea,13
"MULTILINESTRING Z ((440941.8613 4472559.123 0,440962.2396 4472557.4992 0))",2321057,Verde,Línea,4
"MULTILINESTRING Z ((441068.1908 4472548.5685 0,441079.07 4472547.6754 0))",2321065,Verde,Línea,2
"MULTILINESTRING Z ((440130.0248 4472891.9639 0,440129.5512 4472896.9843 0))",2321066,Verde,Línea,1
"MULTILINESTRING Z ((441028.6279 4472486.465 0,441037.5908 4472485.9094 0))",2321069,Verde,Línea,2
"MULTILINESTRING Z ((439797.2349 4472658.0338 0,439833.3779 4472645.7798 0))",2321070,Verde,Línea,8
"MULTILINESTRING Z ((441020.1271 4472487.1899 0,441014.931 4472487.4335 0))",2321071,Verde,Línea,1
"MULTILINESTRING Z ((441011.7647 4472487.8394 0,441001.5349 4472488.7325 0))",2321073,Verde,Línea,2
"MULTILINESTRING Z ((440944.9465 4472492.6296 0,440998.9369 4472488.7325 0))",2321075,Verde,Línea,11
"MULTILINESTRING Z ((439939.9106 4472752.9696 0,439945.1874 4472738.5331 0))",2321076,Verde,Línea,3
"MULTILINESTRING Z ((439946.6809 4472734.6502 0,439952.0572 4472720.3133 0))",2321078,Verde,Línea,3
"MULTILINESTRING Z ((441254.7696 4472693.7908 0,441249.3254 4472633.3323 0))",2321079,Verde,Línea,13
"MULTILINESTRING Z ((439953.3515 4472716.3308 0,439958.5287 4472702.0935 0))",2321080,Verde,Línea,3
"MULTILINESTRING Z ((441183.2008 4472595.0258 0,441235.4827 4472591.0173 0))",2321083,Verde,Línea,11
"MULTILINESTRING Z ((441188.5307 4472585.9745 0,441185.0307 4472546.3495 0))",2321093,Verde,Línea,8
"MULTILINESTRING Z ((439974.1132 4472590.0798 0,439935.8659 4472603.0765 0))",2321094,Verde,Línea,8
"MULTILINESTRING Z ((441183.4057 4472526.5995 0,441184.6557 4472542.0995 0))",2321095,Verde,Línea,3
"MULTILINESTRING Z ((439944.7411 4472774.6462 0,439958.617 4472736.7688 0))",2321096,Verde,Línea,8
"MULTILINESTRING Z ((441180.2807 4472491.2245 0,441181.9057 4472511.5995 0))",2321097,Verde,Línea,5
"MULTILINESTRING Z ((439967.5733 4472735.1012 0,439979.0349 4472739.3637 0))",2321098,Verde,Línea,2
"MULTILINESTRING Z ((441124.9325 4472532.0377 0,441129.2336 4472575.2635 0))",2321101,Verde,Línea,9
"MULTILINESTRING Z ((440044.9627 4472763.4236 0,440054.7193 4472767.0231 0))",2321102,Verde,Línea,2
"MULTILINESTRING Z ((440017.0192 4472747.3205 0,440056.0454 4472761.4344 0))",2321106,Verde,Línea,8
"MULTILINESTRING Z ((441229.782 4472474.995 0,441192.2098 4472477.6443 0))",2321113,Verde,Línea,8
"MULTILINESTRING Z ((440033.1653 4472698.3038 0,440009.8689 4472689.9566 0))",2321114,Verde,Línea,5
"MULTILINESTRING Z ((441273.1796 4472706.5216 0,441344.4255 4472700.7976 0))",2321115,Verde,Batería,28
"MULTILINESTRING Z ((440086.869 4472717.5229 0,440077.1464 4472714.0228 0))",2321116,Verde,Línea,2
"MULTILINESTRING Z ((440075.7511 4472763.7032 0,440091.3664 4472733.9204 0))",2321118,Verde,Línea,7
"MULTILINESTRING Z ((440105.4057 4472707.0761 0,440114.8223 4472689.3261 0))",2321120,Verde,Línea,4
"MULTILINESTRING Z ((441355.8736 4472581.8109 0,441277.9294 4472587.5349 0))",2321121,Verde,Línea,17
"MULTILINESTRING Z ((441253.0504 4472617.0477 0,441254.8651 4472642.7402 0))",2321125,Verde,Línea,5
"MULTILINESTRING Z ((440036.2006 4472691.5502 0,440013.056 4472683.2788 0))",2321126,Verde,Línea,5
"MULTILINESTRING Z ((441255.6292 4472646.6561 0,441257.6349 4472674.8796 0))",2321127,Verde,Línea,6
"MULTILINESTRING Z ((439999.15 4472628.8159 0,440006.5176 4472608.4057 0))",2321128,Verde,Línea,4
"MULTILINESTRING Z ((441261.489 4472583.7662 0,441271.489 4472583.0162 0))",2321131,Verde,Línea,2
"MULTILINESTRING Z ((440228.3588 4472651.2227 0,440213.0252 4472679.0926 0))",2321140,Verde,Batería,12
"MULTILINESTRING Z ((441358.7037 4472474.5438 0,441359.2164 4472482.849 0))",2321141,Verde,Batería,3
"MULTILINESTRING Z ((440203.8043 4472694.5989 0,440210.0897 4472682.9951 0))",2321142,Verde,Batería,5
"MULTILINESTRING Z ((441278.0723 4472471.9094 0,441330.6834 4472467.465 0))",2321143,Verde,Línea,11
"MULTILINESTRING Z ((440182.5652 4472732.3458 0,440170.8578 4472753.7921 0))",2321146,Verde,Batería,9
"MULTILINESTRING Z ((440168.1641 4472758.558 0,440150.5511 4472791.8153 0))",2321148,Verde,Batería,14
"MULTILINESTRING Z ((441250.351 4472576.5075 0,441247.3101 4472536.9809 0))",2321149,Verde,Línea,8
"MULTILINESTRING Z ((440138.4293 4472816.059 0,440147.2358 4472799.5858 0))",2321150,Verde,Batería,7
"MULTILINESTRING Z ((440130.2445 4472840.3027 0,440132.9382 4472835.5368 0))",2321152,Verde,Línea,1
"MULTILINESTRING Z ((441504.1974 4472675.9178 0,441502.5569 4472651.31 0))",2321155,Verde,Línea,6
"MULTILINESTRING Z ((440140.5014 4472821.9645 0,440148.5826 4472807.4598 0))",2321156,Verde,Línea,3
"MULTILINESTRING Z ((441501.7366 4472640.6466 0,441499.2759 4472609.2716 0))",2321157,Verde,Línea,7
"MULTILINESTRING Z ((440155.7314 4472794.5091 0,440153.2449 4472798.8605 0))",2321158,Verde,Línea,1
"MULTILINESTRING Z ((441498.5581 4472601.3766 0,441497.8404 4472591.636 0))",2321159,Verde,Línea,2
"MULTILINESTRING Z ((440184.6373 4472740.5306 0,440159.1504 4472787.8783 0))",2321160,Verde,Línea,11
"MULTILINESTRING Z ((441497.5328 4472586.817 0,441496.7125 4472576.2561 0))",2321161,Verde,Línea,2
"MULTILINESTRING Z ((440188.2635 4472733.7963 0,440195.3087 4472720.742 0))",2321162,Verde,Línea,3
"MULTILINESTRING Z ((441466.2946 4472572.465 0,441476.0723 4472571.6872 0))",2321163,Verde,Línea,2
"MULTILINESTRING Z ((440198.7277 4472714.0076 0,440201.3178 4472709.3454 0))",2321164,Verde,Línea,1
"MULTILINESTRING Z ((441439.0723 4472574.5995 0,441450.4057 4472573.7662 0))",2321165,Verde,Línea,2
"MULTILINESTRING Z ((440206.6362 4472699.0884 0,440204.0115 4472704.1306 0))",2321166,Verde,Línea,1
"MULTILINESTRING Z ((440224.0419 4472666.9017 0,440209.6753 4472693.4247 0))",2321168,Verde,Línea,6
"MULTILINESTRING Z ((440231.7778 4472652.984 0,440226.2867 4472663.0337 0))",2321170,Verde,Línea,2
"MULTILINESTRING Z ((441377.3596 4472565.8053 0,441376.4759 4472553.6299 0))",2321171,Verde,Batería,5
"MULTILINESTRING Z ((441373.3545 4472512.553 0,441375.7254 4472539.8183 0))",2321173,Verde,Batería,10
"MULTILINESTRING Z ((440271.8223 4472715.4927 0,440274.1557 4472710.8261 0))",2321174,Verde,Línea,1
"MULTILINESTRING Z ((441370.5975 4472472.8008 0,441372.8532 4472504.8935 0))",2321175,Verde,Batería,12
"MULTILINESTRING Z ((440248.3732 4472758.6335 0,440257.88 4472741.2389 0))",2321176,Verde,Línea,4
"MULTILINESTRING Z ((441380.0307 4472463.2245 0,441431.9057 4472459.0995 0))",2321177,Verde,Línea,10
"MULTILINESTRING Z ((440228.6553 4472795.6326 0,440242.2524 4472770.0179 0))",2321178,Verde,Línea,7
"MULTILINESTRING Z ((441444.1557 4472457.9745 0,441459.1557 4472456.8495 0))",2321179,Verde,Línea,3
"MULTILINESTRING Z ((440218.739 4472815.9094 0,440225.5723 4472803.2427 0))",2321180,Verde,Línea,3
"MULTILINESTRING Z ((441464.6557 4472456.3495 0,441479.5307 4472455.2245 0))",2321181,Verde,Línea,3
"MULTILINESTRING Z ((440203.989 4472843.4094 0,440217.3223 4472819.1594 0))",2321182,Verde,Línea,6
"MULTILINESTRING Z ((441486.6644 4472463.4703 0,441489.1251 4472494.025 0))",2321183,Verde,Línea,6
"MULTILINESTRING Z ((441487.5723 4472565.1829 0,441436.739 4472569.4329 0))",2321187,Verde,Línea,10
"MULTILINESTRING Z ((440300.4425 4472700.591 0,440308.5885 4472707.5965 0))",2321188,Verde,Línea,2
"MULTILINESTRING Z ((441388.1557 4472573.4329 0,441433.3223 4472569.6829 0))",2321189,Verde,Línea,9
"MULTILINESTRING Z ((440321.4057 4472718.5761 0,440325.5723 4472722.2427 0))",2321190,Verde,Línea,1
"MULTILINESTRING Z ((441610.3186 4472670.4835 0,441626.5188 4472651.515 0))",2321193,Verde,Línea,5
"MULTILINESTRING Z ((441614.3174 4472572.3599 0,441618.1111 4472617.4742 0))",2321195,Verde,Línea,9
"MULTILINESTRING Z ((441601.1557 4472561.4745 0,441579.2807 4472563.0995 0))",2321197,Verde,Línea,4
"MULTILINESTRING Z ((440251.6343 4472882.5476 0,440286.2467 4472822.7861 0))",2321198,Verde,Batería,26
"MULTILINESTRING Z ((441536.9797 4472566.1897 0,441573.7962 4472563.242 0))",2321199,Verde,Línea,8
"MULTILINESTRING Z ((440295.71 4472818.6378 0,440282.8762 4472839.12 0))",2321204,Verde,Línea,5
"MULTILINESTRING Z ((441507.8886 4472655.0011 0,441508.1962 4472659.7176 0))",2321205,Verde,Línea,1
"MULTILINESTRING Z ((441562.1557 4472559.2245 0,441510.5307 4472563.5995 0))",2321209,Verde,Línea,10
"MULTILINESTRING Z ((441575.4521 4472558.3148 0,441601.032 4472556.178 0))",2321211,Verde,Línea,5
"MULTILINESTRING Z ((441592.2807 4472446.4745 0,441586.7807 4472446.8495 0))",2321217,Verde,Línea,1
"MULTILINESTRING Z ((441500.4057 4472453.4745 0,441577.4057 4472447.4745 0))",2321219,Verde,Línea,15
"MULTILINESTRING Z ((440393.0942 4472793.7088 0,440390.4522 4472797.9864 0))",2321220,Verde,Línea,1
"MULTILINESTRING Z ((441492.3036 4472463.1627 0,441493.1239 4472475.0565 0))",2321221,Verde,Línea,2
"MULTILINESTRING Z ((440384.0358 4472809.1835 0,440389.0682 4472800.1881 0))",2321222,Verde,Línea,2
"MULTILINESTRING Z ((441499.686 4472557.0825 0,441493.9442 4472485.1047 0))",2321223,Verde,Línea,14
"MULTILINESTRING Z ((441619.6491 4472572.0523 0,441623.1352 4472618.2945 0))",2321225,Verde,Línea,9
"MULTILINESTRING Z ((440441.042 4472820.7441 0,440418.5591 4472801.5196 0))",2321226,Verde,Línea,6
"MULTILINESTRING Z ((441638.6557 4472558.3495 0,441633.0307 4472558.8495 0))",2321227,Verde,Línea,1
"MULTILINESTRING Z ((441675.2807 4472555.4745 0,441644.9057 4472557.7245 0))",2321229,Verde,Línea,6
"MULTILINESTRING Z ((440241.5039 4472623.1638 0,440274.1525 4472562.122 0))",2321230,Verde,Batería,26
"MULTILINESTRING Z ((440276.6044 4472557.9778 0,440278.5384 4472557.6324 0,440279.7817 4472557.6324 0,440280.9559 4472557.9087 0,440281.6466 4472558.3231 0,440282.2682 4472559.2901 0,440282.5445 4472560.3262 0,440282.5445 4472560.8787 0))",2321232,Verde,Batería,3
"MULTILINESTRING Z ((441627.0307 4472553.7245 0,441671.1557 4472550.3495 0))",2321233,Verde,Línea,9
"MULTILINESTRING Z ((440267.9707 4472588.0234 0,440280.1961 4472565.4374 0))",2321234,Verde,Línea,5
"MULTILINESTRING Z ((441778.6557 4472431.0995 0,441717.4057 4472436.1829 0))",2321241,Verde,Línea,12
"MULTILINESTRING Z ((440330.2736 4472607.4662 0,440320.5517 4472625.549 0))",2321242,Verde,Línea,4
"MULTILINESTRING Z ((441706.2807 4472437.2245 0,441659.9057 4472440.7245 0))",2321243,Verde,Línea,10
"MULTILINESTRING Z ((440349.912 4472570.5228 0,440330.4681 4472607.2718 0))",2321244,Verde,Línea,8
"MULTILINESTRING Z ((441620.6557 4472443.7245 0,441646.0307 4472441.8495 0))",2321245,Verde,Línea,5
"MULTILINESTRING Z ((440358.4673 4472555.7454 0,440352.8286 4472565.6618 0))",2321246,Verde,Línea,2
"MULTILINESTRING Z ((441611.1389 4472459.1639 0,441614.7275 4472504.4833 0))",2321247,Verde,Línea,9
"MULTILINESTRING Z ((440303.4565 4472696.7624 0,440311.3581 4472703.7679 0))",2321248,Verde,Línea,2
"MULTILINESTRING Z ((441617.8035 4472544.9837 0,441615.1376 4472511.148 0))",2321249,Verde,Línea,7
"MULTILINESTRING Z ((440751.8891 4472932.2248 0,440720.8974 4472925.9232 0))",2321251,Verde,Línea,7
"MULTILINESTRING Z ((440332.9449 4472722.0149 0,440313.7204 4472705.9673 0))",2321254,Verde,Línea,5
"MULTILINESTRING Z ((440348.9398 4472716.741 0,440358.8562 4472698.8526 0))",2321256,Verde,Línea,4
"MULTILINESTRING Z ((440361.0935 4472695.9461 0,440363.3679 4472692.0632 0))",2321258,Verde,Línea,1
"MULTILINESTRING Z ((441422.6557 4472575.7662 0,441433.239 4472575.0162 0))",2321259,Verde,Línea,2
"MULTILINESTRING Z ((441501.3265 4472576.6663 0,441502.1468 4472586.7144 0))",2321261,Verde,Línea,2
"MULTILINESTRING Z ((440421.0593 4472574.7588 0,440388.9517 4472548.5824 0))",2321262,Verde,Línea,8
"MULTILINESTRING Z ((440404.1557 4472621.2011 0,440414.2807 4472604.4511 0))",2321264,Verde,Línea,4
"MULTILINESTRING Z ((440644.4384 4472824.1725 0,440639.452 4472822.342 0))",2321265,Verde,Línea,1
"MULTILINESTRING Z ((440441.0492 4472558.8494 0,440438.2794 4472563.4394 0))",2321268,Verde,Línea,1
"MULTILINESTRING Z ((440698.0899 4472843.992 0,440693.3559 4472842.2877 0))",2321269,Verde,Línea,1
"MULTILINESTRING Z ((440447.5386 4472547.4534 0,440442.2363 4472556.7918 0))",2321270,Verde,Batería,4
"MULTILINESTRING Z ((441182.4057 4472515.5995 0,441182.7807 4472521.4745 0))",2321271,Verde,Línea,1
"MULTILINESTRING Z ((440438.2993 4472589.7054 0,440456.5674 4472604.4939 0))",2321278,Verde,Línea,5
"MULTILINESTRING Z ((441815.0307 4472450.8495 0,441811.5307 4472455.0995 0))",2321279,Verde,Línea,1
"MULTILINESTRING Z ((440479.7386 4472623.7109 0,440460.1261 4472607.2617 0))",2321280,Verde,Línea,5
"MULTILINESTRING Z ((440426.9098 4472592.4944 0,440419.1323 4472606.1051 0))",2321282,Verde,Línea,3
"MULTILINESTRING Z ((441882.1557 4472394.5995 0,441947.7807 4472440.2245 0))",2321285,Verde,Línea,15
"MULTILINESTRING Z ((440402.605 4472634.8821 0,440396.5774 4472645.3818 0))",2321286,Verde,Línea,2
"MULTILINESTRING Z ((440389.6557 4472770.8261 0,440378.6557 4472761.4927 0))",2321294,Verde,Línea,3
"MULTILINESTRING Z ((440402.5928 4472768.2323 0,440410.6446 4472754.5191 0))",2321296,Verde,Línea,3
"MULTILINESTRING Z ((440430.2706 4472719.7267 0,440435.9745 4472710.0041 0))",2321300,Verde,Línea,2
"MULTILINESTRING Z ((440439.8019 4472704.6125 0,440442.4907 4472699.8675 0))",2321302,Verde,Línea,1
"MULTILINESTRING Z ((440467.4808 4472656.8466 0,440481.083 4472634.4662 0))",2321306,Verde,Línea,5
"MULTILINESTRING Z ((442421.8113 4472180.1226 0,442431.0381 4472174.2951 0))",2321311,Verde,Línea,2
"MULTILINESTRING Z ((442450.5603 4472161.9603 0,442441.1392 4472167.7878 0))",2321313,Verde,Línea,2
"MULTILINESTRING Z ((440527.2673 4472554.4345 0,440532.0913 4472545.7355 0))",2321314,Verde,Línea,2
"MULTILINESTRING Z ((442399.7121 4472060.2432 0,442378.5773 4472026.2436 0))",2321315,Verde,Línea,8
"MULTILINESTRING Z ((440532.6449 4472553.3274 0,440538.5761 4472542.9676 0))",2321316,Verde,Línea,2
"MULTILINESTRING Z ((440503.5425 4472603.5449 0,440495.397 4472617.6216 0))",2321318,Verde,Línea,3
"MULTILINESTRING Z ((440521.4942 4472572.7817 0,440505.994 4472599.3535 0))",2321320,Verde,Línea,6
"MULTILINESTRING Z ((440524.183 4472567.7995 0,440529.7979 4472558.3096 0))",2321322,Verde,Línea,2
"MULTILINESTRING Z ((442427.2793 4472104.925 0,442443.2453 4472130.8841 0))",2321325,Verde,Línea,6
"MULTILINESTRING Z ((440531.3005 4472666.7319 0,440522.4432 4472659.8517 0))",2321326,Verde,Línea,2
"MULTILINESTRING Z ((440508.4057 4472647.8261 0,440494.5307 4472636.7011 0))",2321328,Verde,Línea,4
"MULTILINESTRING Z ((440484.7208 4472636.0478 0,440474.5982 4472653.446 0))",2321330,Verde,Línea,4
"MULTILINESTRING Z ((440472.6212 4472656.8466 0,440459.7307 4472678.9106 0))",2321332,Verde,Línea,5
"MULTILINESTRING Z ((440453.1668 4472690.2194 0,440456.0138 4472685.0 0))",2321334,Verde,Línea,1
"MULTILINESTRING Z ((440413.4125 4472758.2305 0,440410.393 4472763.3258 0))",2321342,Verde,Línea,1
"MULTILINESTRING Z ((440410.2502 4472787.59 0,440418.3962 4472794.677 0))",2321344,Verde,Línea,2
"MULTILINESTRING Z ((440425.2388 4472800.4606 0,440421.1658 4472796.795 0))",2321346,Verde,Línea,1
"MULTILINESTRING Z ((441898.489 4472350.9329 0,441885.5723 4472366.5995 0))",2321347,Verde,Línea,4
"MULTILINESTRING Z ((440436.7247 4472810.1544 0,440428.6601 4472803.3117 0))",2321348,Verde,Línea,2
"MULTILINESTRING Z ((442447.7437 4472157.881 0,442420.063 4472175.1693 0))",2321349,Verde,Línea,6
"MULTILINESTRING Z ((442385.9285 4472028.8855 0,442403.6175 4472056.9121 0))",2321353,Verde,Línea,6
"MULTILINESTRING Z ((440500.4197 4472465.0267 0,440491.3304 4472481.66 0))",2321354,Verde,Batería,7
"MULTILINESTRING Z ((440504.7825 4472449.4841 0,440489.7852 4472475.2975 0))",2321356,Verde,Línea,6
"MULTILINESTRING Z ((442330.3347 4471974.0957 0,442321.3753 4471983.9739 0))",2321357,Verde,Línea,2
"MULTILINESTRING Z ((440441.0668 4472411.2183 0,440443.3088 4472406.9766 0))",2321360,Verde,Línea,1
"MULTILINESTRING Z ((440439.0672 4472414.7934 0,440423.0095 4472444.7879 0))",2321362,Verde,Línea,7
"MULTILINESTRING Z ((440421.131 4472449.0902 0,440410.8299 4472467.8141 0,440408.6485 4472472.1769 0,440407.6789 4472473.813 0,440406.77 4472476.1762 0))",2321364,Verde,Línea,6
"MULTILINESTRING Z ((440406.2247 4472483.8717 0,440406.1035 4472494.5971 0))",2321366,Verde,Línea,2
"MULTILINESTRING Z ((440469.9101 4472409.0369 0,440482.5138 4472419.5198 0))",2321369,Verde,Línea,3
"MULTILINESTRING Z ((440455.6789 4472383.0661 0,440457.7531 4472378.6585 0))",2321373,Verde,Línea,1
"MULTILINESTRING Z ((440498.5109 4472303.0561 0,440491.5122 4472315.872 0))",2321375,Verde,Línea,3
"MULTILINESTRING Z ((441907.3223 4472340.4329 0,441913.3223 4472333.4329 0))",2321380,Verde,Línea,2
"MULTILINESTRING Z ((440452.4284 4472382.678 0,440466.8803 4472355.7738 0))",2321381,Verde,Línea,6
"MULTILINESTRING Z ((440402.801 4472352.8653 0,440440.3397 4472384.5868 0))",2321383,Verde,Línea,10
"MULTILINESTRING Z ((440426.8501 4472289.4094 0,440445.5168 4472254.5205 0))",2321391,Verde,Línea,8
"MULTILINESTRING Z ((440419.4344 4472442.9701 0,440424.5244 4472433.8202 0))",2321395,Verde,Línea,2
"MULTILINESTRING Z ((442130.8148 4473078.7124 0,442082.261 4473068.8984 0))",2321396,Verde,Línea,10
"MULTILINESTRING Z ((440399.3471 4472356.8645 0,440411.7994 4472367.0445 0))",2321399,Verde,Línea,3
"MULTILINESTRING Z ((442216.9532 4473096.5556 0,442223.9267 4473097.9503 0))",2321400,Verde,Línea,1
"MULTILINESTRING Z ((440365.8748 4472402.8999 0,440371.1017 4472393.634 0))",2321403,Verde,Línea,2
"MULTILINESTRING Z ((440362.3902 4472409.5523 0,440357.1633 4472418.8973 0))",2321405,Verde,Línea,2
"MULTILINESTRING Z ((440349.719 4472433.2317 0,440354.6291 4472423.8866 0))",2321407,Verde,Línea,2
"MULTILINESTRING Z ((442078.489 4472969.6829 0,442093.9057 4472973.0162 0))",2321408,Verde,Línea,3
"MULTILINESTRING Z ((440348.5988 4472307.9643 0,440363.8687 4472320.8711 0))",2321409,Verde,Línea,4
"MULTILINESTRING Z ((442097.8223 4472973.6594 0,442103.239 4472974.7427 0))",2321410,Verde,Línea,1
"MULTILINESTRING Z ((440367.3226 4472323.6584 0,440370.7766 4472326.6882 0))",2321411,Verde,Línea,1
"MULTILINESTRING Z ((440382.229 4472336.0198 0,440373.9881 4472329.2332 0))",2321413,Verde,Línea,2
"MULTILINESTRING Z ((440397.8697 4472333.6831 0,440425.7465 4472282.7605 0))",2321415,Verde,Batería,22
"MULTILINESTRING Z ((440381.7443 4472342.0793 0,440353.7494 4472318.6291 0))",2321421,Verde,Línea,7
"MULTILINESTRING Z ((440345.6296 4472311.6606 0,440349.5077 4472314.9328 0))",2321423,Verde,Línea,1
"MULTILINESTRING Z ((442157.7807 4473038.3261 0,442162.1557 4473017.5761 0))",2321424,Verde,Línea,4
"MULTILINESTRING Z ((442165.7807 4472999.7011 0,442163.6557 4473009.8261 0))",2321426,Verde,Línea,2
"MULTILINESTRING Z ((442170.1557 4472981.7011 0,442173.7807 4472965.4511 0))",2321432,Verde,Batería,6
"MULTILINESTRING Z ((442153.0307 4472910.5761 0,442169.7807 4472943.7011 0))",2321434,Verde,Línea,7
"MULTILINESTRING Z ((440272.0283 4472452.397 0,440284.2244 4472462.4548 0))",2321435,Verde,Línea,4
"MULTILINESTRING Z ((442211.489 4473025.2427 0,442201.9057 4473007.2427 0))",2321436,Verde,Línea,4
"MULTILINESTRING Z ((440382.6452 4472178.767 0,440384.7135 4472174.6305 0))",2321437,Verde,Línea,1
"MULTILINESTRING Z ((442252.1557 4473091.8261 0,442237.5307 4473063.0761 0))",2321442,Verde,Línea,7
"MULTILINESTRING Z ((440352.0314 4472212.2325 0,440342.3326 4472207.5043 0))",2321443,Verde,Línea,2
"MULTILINESTRING Z ((442279.9883 4473158.8777 0,442259.5338 4473118.6918 0))",2321444,Verde,Línea,9
"MULTILINESTRING Z ((440316.9701 4472195.6147 0,440331.2299 4472202.4853 0))",2321445,Verde,Línea,3
"MULTILINESTRING Z ((442265.2156 4473118.0719 0,442270.071 4473127.9893 0))",2321446,Verde,Línea,2
"MULTILINESTRING Z ((440302.4466 4472188.41 0,440307.4778 4472190.8346 0))",2321447,Verde,Línea,1
"MULTILINESTRING Z ((442281.4346 4473150.51 0,442271.8272 4473131.5017 0))",2321448,Verde,Línea,4
"MULTILINESTRING Z ((440288.444 4472181.5299 0,440283.0794 4472179.1659 0))",2321449,Verde,Línea,1
"MULTILINESTRING Z ((440224.7052 4472150.888 0,440276.1691 4472175.4379 0))",2321451,Verde,Línea,11
"MULTILINESTRING Z ((440247.5725 4472074.8525 0,440232.9466 4472108.4171 0))",2321455,Verde,Línea,7
"MULTILINESTRING Z ((440271.7907 4472063.2309 0,440256.5852 4472066.0027 0))",2321457,Verde,Línea,3
"MULTILINESTRING Z ((440319.8223 4472070.9927 0,440306.9057 4472065.2427 0))",2321459,Verde,Línea,3
"MULTILINESTRING Z ((440350.739 4472240.4094 0,440357.739 4472227.0761 0))",2321461,Verde,Línea,3
"MULTILINESTRING Z ((440334.6963 4472269.908 0,440331.6973 4472275.4922 0))",2321463,Verde,Línea,1
"MULTILINESTRING Z ((440327.9744 4472281.9038 0,440325.0789 4472287.5915 0))",2321465,Verde,Línea,1
"MULTILINESTRING Z ((440260.6366 4472260.0148 0,440279.5163 4472269.0093 0))",2321467,Verde,Línea,4
"MULTILINESTRING Z ((442069.0723 4472967.6829 0,442074.739 4472968.8495 0))",2321468,Verde,Línea,1
"MULTILINESTRING Z ((440281.6435 4472200.3643 0,440259.8793 4472245.662 0))",2321469,Verde,Línea,10
"MULTILINESTRING Z ((440298.3852 4472194.0474 0,440348.2731 4472218.1123 0))",2321471,Verde,Línea,11
"MULTILINESTRING Z ((442267.7699 4473100.0096 0,442291.7764 4473087.6884 0,442316.2414 4473075.1584 0))",2321476,Verde,Línea,11
"MULTILINESTRING Z ((440203.4103 4472173.1879 0,440210.1513 4472157.8911 0))",2321477,Verde,Línea,3
"MULTILINESTRING Z ((442149.739 4472984.5995 0,442134.239 4472981.5162 0))",2321478,Verde,Línea,3
"MULTILINESTRING Z ((440188.8913 4472204.4298 0,440199.262 4472181.0956 0))",2321479,Verde,Línea,5
"MULTILINESTRING Z ((442319.4511 4473079.8488 0,442303.4387 4473087.9067 0))",2321480,Verde,Línea,3
"MULTILINESTRING Z ((440242.8256 4472252.267 0,440237.6604 4472249.9515 0))",2321481,Verde,Línea,1
"MULTILINESTRING Z ((442280.0916 4473100.4067 0,442294.8643 4473092.6587 0))",2321482,Verde,Línea,3
"MULTILINESTRING Z ((440230.625 4472246.3893 0,440225.3708 4472244.163 0))",2321483,Verde,Línea,1
"MULTILINESTRING Z ((442270.2776 4473104.8488 0,442275.4429 4473102.4728 0))",2321484,Verde,Línea,1
"MULTILINESTRING Z ((440201.4149 4472232.7639 0,440219.9384 4472241.4023 0))",2321485,Verde,Línea,4
"MULTILINESTRING Z ((440192.7766 4472228.9345 0,440197.4965 4472231.0719 0))",2321487,Verde,Línea,1
"MULTILINESTRING Z ((440189.9268 4472235.3465 0,440212.6359 4472245.9441 0))",2321491,Verde,Línea,5
"MULTILINESTRING Z ((440281.5645 4472278.5382 0,440265.8908 4472271.1467 0))",2321495,Verde,Línea,3
"MULTILINESTRING Z ((440307.4796 4472291.1841 0,440296.7039 4472286.1079 0))",2321497,Verde,Línea,2
"MULTILINESTRING Z ((442385.025 4472915.3201 0,442392.2104 4472927.5896 0))",2321498,Verde,Línea,3
"MULTILINESTRING Z ((442400.9983 4472943.3137 0,442405.981 4472951.8908 0))",2321500,Verde,Línea,2
"MULTILINESTRING Z ((439836.4724 4472636.8678 0,439841.1759 4472635.2587 0))",2321501,Verde,Línea,1
"MULTILINESTRING Z ((442412.4057 4472962.3261 0,442409.5307 4472957.9511 0))",2321502,Verde,Línea,1
"MULTILINESTRING Z ((439652.006 4472639.0239 0,439665.6235 4472620.7685 0))",2321503,Verde,Batería,9
"MULTILINESTRING Z ((442433.7807 4472998.4511 0,442418.9057 4472972.8261 0))",2321504,Verde,Línea,6
"MULTILINESTRING Z ((439679.4384 4472606.5589 0,439670.6561 4472612.7756 0))",2321505,Verde,Línea,2
"MULTILINESTRING Z ((442503.0307 4473106.5761 0,442497.6557 4473097.5761 0))",2321508,Verde,Línea,2
"MULTILINESTRING Z ((439744.8946 4472563.5683 0,439740.2239 4472566.7918 0))",2321509,Verde,Batería,2
"MULTILINESTRING Z ((442457.4057 4473039.7011 0,442449.6557 4473026.4511 0))",2321510,Verde,Línea,3
"MULTILINESTRING Z ((439762.3277 4472524.8538 0,439756.2097 4472515.9728 0))",2321511,Verde,Batería,4
"MULTILINESTRING Z ((442466.6379 4473056.3059 0,442469.1379 4473060.6384 0))",2321512,Verde,Línea,1
"MULTILINESTRING Z ((439698.1872 4472432.1954 0,439661.1502 4472379.2384 0))",2321515,Verde,Batería,26
"MULTILINESTRING Z ((442498.2807 4473108.9511 0,442485.4057 4473087.5761 0))",2321518,Verde,Línea,5
"MULTILINESTRING Z ((442393.2807 4472893.8495 0,442402.6557 4472888.9745 0))",2321524,Verde,Batería,4
"MULTILINESTRING Z ((442425.1557 4472876.8495 0,442432.7807 4472872.8495 0))",2321526,Verde,Batería,3
"MULTILINESTRING Z ((442474.4057 4472850.4745 0,442466.5307 4472854.7245 0))",2321528,Verde,Batería,3
"MULTILINESTRING Z ((442416.6557 4472876.5995 0,442394.7807 4472888.5995 0))",2321530,Verde,Línea,5
"MULTILINESTRING Z ((439699.174 4472587.7773 0,439751.3416 4472550.6087 0))",2321531,Verde,Batería,26
"MULTILINESTRING Z ((442439.1557 4472864.3495 0,442421.4057 4472874.0995 0))",2321532,Verde,Línea,4
"MULTILINESTRING Z ((442449.0307 4472858.8495 0,442444.1557 4472861.7245 0))",2321534,Verde,Línea,1
"MULTILINESTRING Z ((439633.3079 4472483.9299 0,439626.087 4472465.1398 0))",2321537,Verde,Batería,8
"MULTILINESTRING Z ((439625.2775 4472462.4794 0,439623.6212 4472458.1693 0))",2321539,Verde,Línea,1
"MULTILINESTRING Z ((439620.3698 4472449.5696 0,439618.7135 4472445.2595 0))",2321541,Verde,Línea,1
"MULTILINESTRING Z ((439600.8446 4472418.3739 0,439610.4077 4472442.0004 0))",2321543,Verde,Línea,5
"MULTILINESTRING Z ((442546.1557 4472936.5761 0,442533.6557 4472917.0761 0))",2321544,Verde,Batería,7
"MULTILINESTRING Z ((442570.0307 4472973.2011 0,442571.4057 4472975.7011 0))",2321548,Verde,Batería,1
"MULTILINESTRING Z ((442350.9057 4473063.7011 0,442385.4057 4473044.5761 0))",2321556,Verde,Línea,8
"MULTILINESTRING Z ((442399.4098 4473037.0802 0,442416.4553 4473027.2662 0))",2321558,Verde,Línea,4
"MULTILINESTRING Z ((439900.8436 4472508.5522 0,439927.0297 4472489.6256 0))",2321561,Verde,Batería,13
"MULTILINESTRING Z ((442369.6557 4472906.4745 0,442358.7807 4472912.8495 0))",2321562,Verde,Batería,4
"MULTILINESTRING Z ((439919.1337 4472455.0896 0,439936.3983 4472478.2939 0))",2321565,Verde,Línea,6
"MULTILINESTRING Z ((439946.6937 4472492.4698 0,439943.2883 4472487.8765 0))",2321569,Verde,Línea,1
"MULTILINESTRING Z ((442459.5338 4473002.1628 0,442484.8437 4472988.3199 0))",2321570,Verde,Línea,6
"MULTILINESTRING Z ((439950.3367 4472497.6967 0,439959.7609 4472509.8928 0))",2321571,Verde,Línea,3
"MULTILINESTRING Z ((442488.6957 4472986.0476 0,442496.9734 4472981.3809 0))",2321572,Verde,Línea,2
"MULTILINESTRING Z ((439952.7917 4472488.1141 0,439943.8427 4472475.8388 0))",2321573,Verde,Batería,6
"MULTILINESTRING Z ((439962.6912 4472501.9733 0,439955.5636 4472492.3114 0))",2321575,Verde,Batería,5
"MULTILINESTRING Z ((439941.8628 4472472.8294 0,439935.448 4472464.1179 0))",2321577,Verde,Batería,4
"MULTILINESTRING Z ((439930.3003 4472457.3863 0,439933.864 4472461.9796 0))",2321579,Verde,Batería,2
"MULTILINESTRING Z ((439911.6032 4472432.4568 0,439924.6963 4472450.476 0))",2321581,Verde,Batería,9
"MULTILINESTRING Z ((442397.9635 4473044.4149 0,442412.2197 4473071.3777 0))",2321582,Verde,Línea,6
"MULTILINESTRING Z ((439885.7133 4472397.5938 0,439906.4624 4472425.3122 0))",2321583,Verde,Batería,13
"MULTILINESTRING Z ((442416.3519 4473081.7083 0,442419.6577 4473087.9067 0))",2321584,Verde,Línea,1
"MULTILINESTRING Z ((442425.4429 4473098.7538 0,442427.6123 4473102.7827 0))",2321586,Verde,Línea,1
"MULTILINESTRING Z ((439862.5882 4472366.1532 0,439850.8673 4472350.2349 0))",2321587,Verde,Batería,8
"MULTILINESTRING Z ((439820.8591 4472309.5634 0,439826.8223 4472317.7303 0))",2321593,Verde,Batería,4
"MULTILINESTRING Z ((439874.2196 4472316.6392 0,439871.8019 4472313.3347 0,439883.5477 4472305.0853 0))",2321599,Verde,Batería,7
"MULTILINESTRING Z ((439879.932 4472324.338 0,439887.3764 4472334.7126 0,439899.81 4472326.1595 0))",2321601,Verde,Batería,9
"MULTILINESTRING Z ((439882.0605 4472315.362 0,439888.0286 4472323.3858 0))",2321603,Verde,Batería,4
"MULTILINESTRING Z ((439874.6259 4472217.3451 0,439879.0608 4472214.2565 0))",2321609,Verde,Línea,1
"MULTILINESTRING Z ((442919.4057 4473073.7011 0,442913.4057 4473064.4511 0))",2321610,Verde,Línea,2
"MULTILINESTRING Z ((442930.2807 4473091.4511 0,442922.9057 4473079.7011 0))",2321612,Verde,Línea,3
"MULTILINESTRING Z ((439992.5478 4472135.9323 0,439979.8766 4472144.6437 0))",2321613,Verde,Línea,3
"MULTILINESTRING Z ((440004.9324 4472209.6734 0,439962.5547 4472238.9252 0))",2321619,Verde,Batería,22
"MULTILINESTRING Z ((439967.2425 4472243.4255 0,439973.993 4472253.7386 0))",2321621,Verde,Línea,3
"MULTILINESTRING Z ((439980.1391 4472256.055 0,439976.4117 4472258.599 0))",2321623,Verde,Línea,1
"MULTILINESTRING Z ((439976.9931 4472238.9252 0,440006.8075 4472218.8615 0))",2321627,Verde,Batería,14
"MULTILINESTRING Z ((442453.6557 4473164.0761 0,442518.6557 4473126.9511 0))",2321628,Verde,Línea,15
"MULTILINESTRING Z ((440009.2452 4472227.862 0,439982.2435 4472246.0507 0))",2321629,Verde,Batería,15
"MULTILINESTRING Z ((442565.1557 4473101.0761 0,442578.239 4473093.6594 0))",2321632,Verde,Línea,3
"MULTILINESTRING Z ((442807.571 4472947.1353 0,442812.323 4472944.105 0))",2321640,Verde,Línea,1
"MULTILINESTRING Z ((440081.489 4472402.9094 0,440095.989 4472372.3261 0))",2321643,Verde,Línea,7
"MULTILINESTRING Z ((442853.7807 4472917.0761 0,442849.6557 4472919.5761 0))",2321646,Verde,Línea,1
"MULTILINESTRING Z ((439997.239 4472457.0162 0,440013.3223 4472446.4329 0))",2321647,Verde,Batería,9
"MULTILINESTRING Z ((439993.3223 4472451.3495 0,440007.739 4472441.5162 0))",2321649,Verde,Línea,4
"MULTILINESTRING Z ((442913.0307 4472878.0761 0,442904.1557 4472884.2011 0))",2321650,Verde,Línea,2
"MULTILINESTRING Z ((440005.0723 4472437.4094 0,439993.239 4472445.7427 0))",2321651,Verde,Batería,6
"MULTILINESTRING Z ((442943.6557 4472858.7011 0,442938.5307 4472861.7011 0))",2321652,Verde,Línea,1
"MULTILINESTRING Z ((442619.768 4473040.9072 0,442609.2147 4473024.6295 0))",2321654,Verde,Línea,4
"MULTILINESTRING Z ((439973.7528 4472446.5535 0,439986.6866 4472464.9646 0))",2321657,Verde,Batería,9
"MULTILINESTRING Z ((439986.6866 4472464.9646 0,439993.9953 4472475.385 0,439997.1943 4472478.5302 0,440002.6753 4472482.605 0,440006.7803 4472484.935 0,440025.2986 4472493.4281 0))",2321659,Verde,Línea,11
"MULTILINESTRING Z ((440181.9057 4472079.4094 0,440190.3223 4472077.4927 0))",2321665,Verde,Línea,2
"MULTILINESTRING Z ((442578.6557 4472933.7011 0,442588.0307 4472927.2011 0))",2321666,Verde,Línea,2
"MULTILINESTRING Z ((442643.1557 4472892.3261 0,442592.9057 4472924.9511 0))",2321668,Verde,Línea,12
"MULTILINESTRING Z ((442713.4057 4472846.1594 0,442661.8223 4472880.2427 0))",2321670,Verde,Línea,12
"MULTILINESTRING Z ((442518.9463 4472886.7553 0,442513.6342 4472878.6101 0))",2321674,Verde,Línea,2
"MULTILINESTRING Z ((442522.1557 4472891.5761 0,442540.9057 4472920.4094 0))",2321678,Verde,Línea,7
"MULTILINESTRING Z ((440008.3014 4472148.9993 0,440011.0822 4472163.9088 0))",2321679,Verde,Línea,3
"MULTILINESTRING Z ((442743.081 4472826.2453 0,442731.0332 4472834.012 0))",2321682,Verde,Línea,3
"MULTILINESTRING Z ((440024.0688 4472175.4163 0,440051.1366 4472169.7365 0))",2321683,Verde,Línea,6
"MULTILINESTRING Z ((442612.3223 4472829.8261 0,442602.989 4472815.4094 0))",2321686,Verde,Línea,3
"MULTILINESTRING Z ((440027.3524 4472225.3216 0,440039.6587 4472223.1917 0))",2321687,Verde,Batería,5
"MULTILINESTRING Z ((442585.989 4472789.6594 0,442597.1557 4472807.1594 0))",2321688,Verde,Línea,4
"MULTILINESTRING Z ((440041.3153 4472220.8251 0,440036.2863 4472194.1419 0))",2321689,Verde,Batería,11
"MULTILINESTRING Z ((440039.0078 4472191.8936 0,440056.9939 4472188.3437 0))",2321691,Verde,Batería,7
"MULTILINESTRING Z ((440054.3906 4472229.1673 0,440049.4208 4472202.4249 0))",2321695,Verde,Batería,11
"MULTILINESTRING Z ((440058.7688 4472198.3425 0,440053.5623 4472199.23 0))",2321697,Verde,Batería,2
"MULTILINESTRING Z ((440069.8326 4472217.0977 0,440064.7444 4472197.9284 0))",2321699,Verde,Línea,4
"MULTILINESTRING Z ((440074.3291 4472236.4445 0,440068.8268 4472217.926 0))",2321701,Verde,Batería,7
"MULTILINESTRING Z ((440075.9857 4472236.2671 0,440081.488 4472254.9631 0))",2321703,Verde,Línea,4
"MULTILINESTRING Z ((442473.739 4472716.9094 0,442501.0723 4472758.2427 0))",2321706,Verde,Línea,10
"MULTILINESTRING Z ((442498.989 4472836.4094 0,442535.0723 4472812.3261 0))",2321708,Verde,Batería,16
"MULTILINESTRING Z ((440062.1412 4472172.7539 0,440063.4724 4472177.9012 0))",2321711,Verde,Línea,1
"MULTILINESTRING Z ((442571.739 4472788.0761 0,442541.9057 4472808.3261 0))",2321714,Verde,Batería,12
"MULTILINESTRING Z ((442594.2807 4472772.3495 0,442616.6557 4472757.5995 0))",2321716,Verde,Batería,10
"MULTILINESTRING Z ((442623.7807 4472752.5995 0,442621.2807 4472754.0995 0))",2321718,Verde,Batería,1
"MULTILINESTRING Z ((440134.4995 4472232.303 0,440138.996 4472228.9898 0))",2321719,Verde,Línea,1
"MULTILINESTRING Z ((442672.5307 4472720.4745 0,442627.5307 4472750.2245 0))",2321720,Verde,Batería,21
"MULTILINESTRING Z ((442629.4057 4472744.2245 0,442650.5307 4472730.0995 0))",2321722,Verde,Línea,5
"MULTILINESTRING Z ((440194.9066 4472136.1014 0,440145.9183 4472147.0173 0))",2321723,Verde,Línea,10
"MULTILINESTRING Z ((440136.7773 4472149.0584 0,440141.8359 4472148.0822 0))",2321725,Verde,Línea,1
"MULTILINESTRING Z ((442634.9127 4472645.2748 0,442671.8431 4472702.4987 0))",2321728,Verde,Batería,30
"MULTILINESTRING Z ((440075.897 4472162.548 0,440100.7461 4472156.9569 0))",2321731,Verde,Línea,5
"MULTILINESTRING Z ((442709.3513 4472758.8126 0,442737.4654 4472800.6935 0))",2321732,Verde,Batería,24
"MULTILINESTRING Z ((439607.3223 4472416.2427 0,439608.989 4472421.8261 0))",2321733,Verde,Línea,1
"MULTILINESTRING Z ((442755.8223 4472828.3261 0,442777.489 4472862.9094 0))",2321734,Verde,Batería,16
"MULTILINESTRING Z ((442779.6557 4472866.5761 0,442789.989 4472882.5761 0))",2321736,Verde,Batería,7
"MULTILINESTRING Z ((439602.6412 4472829.916 0,439603.7647 4472846.2499 0))",2321737,Verde,Línea,3
"MULTILINESTRING Z ((442727.489 4472847.4927 0,442768.9057 4472876.1594 0))",2321738,Verde,Línea,10
"MULTILINESTRING Z ((442724.5165 4472850.0007 0,442745.0528 4472863.9099 0))",2321740,Verde,Línea,5
"MULTILINESTRING Z ((442785.8572 4472888.3512 0,442790.3227 4472890.3513 0))",2321744,Verde,Línea,1
"MULTILINESTRING Z ((442813.489 4472917.6594 0,442799.489 4472896.6594 0))",2321746,Verde,Batería,10
"MULTILINESTRING Z ((439839.443 4472643.7993 0,439847.4886 4472641.3238 0))",2321747,Verde,Línea,2
"MULTILINESTRING Z ((442821.4819 4472775.6157 0,442825.5502 4472773.0167 0))",2321754,Verde,Línea,1
"MULTILINESTRING Z ((442848.688 4472757.0067 0,442831.688 4472768.8401 0))",2321756,Verde,Línea,4
"MULTILINESTRING Z ((440016.9245 4472753.2882 0,440036.5323 4472760.3924 0))",2321757,Verde,Línea,4
"MULTILINESTRING Z ((440380.9535 4472814.09 0,440378.3115 4472818.6192 0))",2321759,Verde,Línea,1
"MULTILINESTRING Z ((442761.0084 4472807.6095 0,442773.1124 4472799.5762 0))",2321760,Verde,Línea,3
"MULTILINESTRING Z ((440325.6556 4472898.1037 0,440316.3219 4472913.5302 0))",2321761,Verde,Línea,4
"MULTILINESTRING Z ((440265.5723 4472728.1594 0,440269.1557 4472721.1594 0))",2321763,Verde,Línea,2
"MULTILINESTRING Z ((442746.3223 4472804.4094 0,442710.489 4472749.2427 0))",2321766,Verde,Línea,13
"MULTILINESTRING Z ((442706.7926 4472743.402 0,442696.1082 4472726.9854 0))",2321768,Verde,Línea,4
"MULTILINESTRING Z ((442692.4057 4472706.5995 0,442708.2807 4472696.2245 0))",2321774,Verde,Batería,7
"MULTILINESTRING Z ((442732.6557 4472679.9745 0,442768.1557 4472656.4745 0))",2321776,Verde,Batería,15
"MULTILINESTRING Z ((440247.6228 4472432.3692 0,440310.1875 4472312.8242 0))",2321777,Verde,Batería,48
"MULTILINESTRING Z ((442793.3941 4472641.1182 0,442783.1215 4472648.3617 0))",2321778,Verde,Batería,4
"MULTILINESTRING Z ((442708.239 4472691.7427 0,442711.9057 4472689.4094 0))",2321780,Verde,Línea,1
"MULTILINESTRING Z ((440228.7548 4472253.6028 0,440215.1294 4472247.1908 0))",2321781,Verde,Línea,3
"MULTILINESTRING Z ((442717.6557 4472685.6594 0,442722.0723 4472682.8261 0))",2321782,Verde,Línea,1
"MULTILINESTRING Z ((442752.739 4472662.4927 0,442740.239 4472671.0761 0))",2321784,Verde,Línea,3
"MULTILINESTRING Z ((442772.8223 4472649.4094 0,442755.9057 4472660.6594 0))",2321786,Verde,Línea,4
"MULTILINESTRING Z ((440548.0777 4472374.9219 0,440542.8665 4472383.7081 0))",2321787,Verde,Línea,2
"MULTILINESTRING Z ((442789.489 4472638.0761 0,442776.9057 4472646.4927 0))",2321788,Verde,Línea,3
"MULTILINESTRING Z ((440470.0615 4472355.5011 0,440490.2397 4472317.9625 0))",2321789,Verde,Línea,9
"MULTILINESTRING Z ((439236.5898 4476674.8969 0,439235.7697 4476663.8268 0))",2321793,Verde,Línea,2
"MULTILINESTRING Z ((442694.6557 4472626.9329 0,442691.6557 4472622.4329 0))",2321794,Verde,Línea,1
"MULTILINESTRING Z ((439235.489 4476659.4927 0,439233.4057 4476625.5761 0))",2321795,Verde,Línea,7
"MULTILINESTRING Z ((442696.239 4472629.7983 0,442701.2946 4472637.3538 0))",2321796,Verde,Línea,2
"MULTILINESTRING Z ((439238.6398 4476708.2097 0,439236.8973 4476679.6119 0))",2321797,Verde,Línea,5
"MULTILINESTRING Z ((439223.4828 4476601.6398 0,439208.6982 4476602.7282 0))",2321799,Verde,Línea,3
"MULTILINESTRING Z ((442671.4057 4472577.9511 0,442691.4057 4472609.0761 0))",2321800,Verde,Batería,14
"MULTILINESTRING Z ((442693.9754 4472612.0347 0,442727.8077 4472663.9802 0))",2321802,Verde,Batería,26
"MULTILINESTRING Z ((442567.1557 4472550.5761 0,442574.1557 4472559.3261 0))",2321804,Verde,Batería,4
"MULTILINESTRING Z ((442596.6557 4472586.0761 0,442580.1557 4472566.8261 0))",2321806,Verde,Línea,4
"MULTILINESTRING Z ((442544.3167 4472382.9919 0,442560.9208 4472406.7681 0))",2321808,Verde,Línea,7
"MULTILINESTRING Z ((439214.5435 4476461.6736 0,439200.7055 4476462.5015 0))",2321809,Verde,Batería,5
"MULTILINESTRING Z ((442536.6557 4472386.8495 0,442560.9057 4472421.7245 0))",2321810,Verde,Batería,16
"MULTILINESTRING Z ((442593.4057 4472467.7245 0,442573.2807 4472439.2245 0))",2321812,Verde,Batería,13
"MULTILINESTRING Z ((439244.2537 4476594.565 0,439259.5825 4476593.3858 0))",2321813,Verde,Línea,3
"MULTILINESTRING Z ((442555.5477 4472507.178 0,442586.6203 4472489.3917 0))",2321814,Verde,Línea,5
"MULTILINESTRING Z ((439283.1653 4476591.8439 0,439267.9272 4476593.023 0))",2321815,Verde,Línea,3
"MULTILINESTRING Z ((439321.8048 4476589.1228 0,439287.4283 4476591.5718 0))",2321817,Verde,Línea,7
"MULTILINESTRING Z ((439254.1557 4476458.9094 0,439285.0723 4476456.7427 0))",2321821,Verde,Batería,11
"MULTILINESTRING Z ((441929.2652 4472782.3281 0,441934.7404 4472793.3819 0))",2321824,Verde,Línea,2
"MULTILINESTRING Z ((439230.739 4476498.2427 0,439230.989 4476503.6594 0))",2321825,Verde,Línea,1
"MULTILINESTRING Z ((439233.0022 4476538.7755 0,439232.2847 4476523.9129 0))",2321827,Verde,Línea,3
"MULTILINESTRING Z ((441995.0723 4472920.6594 0,441992.489 4472915.4094 0))",2321828,Verde,Línea,1
"MULTILINESTRING Z ((439236.1798 4476588.181 0,439233.3097 4476543.1831 0))",2321829,Verde,Línea,9
"MULTILINESTRING Z ((441997.1172 4472832.8648 0,442017.572 4472821.8301 0))",2321830,Verde,Línea,5
"MULTILINESTRING Z ((439207.6193 4476340.6939 0,439187.9868 4476341.7977 0))",2321837,Verde,Línea,4
"MULTILINESTRING Z ((442107.0307 4472766.9511 0,442084.4057 4472778.8261 0))",2321844,Verde,Línea,5
"MULTILINESTRING Z ((439317.5656 4476364.6263 0,439319.4106 4476398.3491 0))",2321845,Verde,Batería,12
"MULTILINESTRING Z ((442114.179 4472762.4662 0,442144.8356 4472745.7114 0))",2321846,Verde,Línea,7
"MULTILINESTRING Z ((439316.3356 4476343.7161 0,439316.9506 4476354.7862 0))",2321847,Verde,Batería,4
"MULTILINESTRING Z ((439334.1707 4476663.8268 0,439334.8882 4476673.6669 0))",2321851,Verde,Línea,2
"MULTILINESTRING Z ((442183.6557 4472735.0761 0,442197.1557 4472727.0761 0))",2321852,Verde,Línea,3
"MULTILINESTRING Z ((439332.739 4476639.5761 0,439331.239 4476619.8261 0))",2321853,Verde,Línea,4
"MULTILINESTRING Z ((442202.4057 4472724.1594 0,442206.739 4472721.2427 0))",2321854,Verde,Línea,1
"MULTILINESTRING Z ((442218.6662 4472714.7488 0,442251.7911 4472694.7636 0))",2321856,Verde,Línea,7
"MULTILINESTRING Z ((439306.476 4476595.1999 0,439296.4986 4476596.0162 0))",2321857,Verde,Línea,2
"MULTILINESTRING Z ((442257.0954 4472690.8052 0,442262.7829 4472687.509 0))",2321858,Verde,Línea,1
"MULTILINESTRING Z ((442269.1717 4472684.2005 0,442286.2047 4472674.008 0))",2321860,Verde,Línea,4
"MULTILINESTRING Z ((439237.6148 4476607.8612 0,439240.4848 4476657.7792 0))",2321863,Verde,Línea,10
"MULTILINESTRING Z ((442334.4057 4472643.9511 0,442310.2807 4472658.7011 0))",2321864,Verde,Línea,5
"MULTILINESTRING Z ((439240.7923 4476662.3918 0,439241.7148 4476677.4594 0))",2321865,Verde,Línea,3
"MULTILINESTRING Z ((442186.7304 4472723.775 0,442200.8554 4472715.3919 0))",2321866,Verde,Línea,3
"MULTILINESTRING Z ((439243.6557 4476708.9094 0,439241.9057 4476680.9927 0))",2321867,Verde,Línea,5
"MULTILINESTRING Z ((442390.9057 4472605.5761 0,442411.8223 4472593.6594 0))",2321870,Verde,Línea,5
"MULTILINESTRING Z ((439340.5258 4476677.4594 0,439339.3983 4476658.0867 0))",2321871,Verde,Línea,4
"MULTILINESTRING Z ((442372.8623 4472613.9365 0,442383.2512 4472607.9365 0))",2321872,Verde,Batería,5
"MULTILINESTRING Z ((442224.6557 4472627.2427 0,442235.1557 4472645.6594 0))",2321876,Verde,Batería,10
"MULTILINESTRING Z ((439427.4934 4476630.5211 0,439428.9975 4476657.8462 0))",2321877,Verde,Línea,6
"MULTILINESTRING Z ((442226.3223 4472650.7427 0,442221.239 4472642.5761 0))",2321878,Verde,Batería,5
"MULTILINESTRING Z ((442209.4057 4472622.8261 0,442202.2807 4472610.5761 0))",2321880,Verde,Batería,6
"MULTILINESTRING Z ((442218.7807 4472617.5761 0,442209.0307 4472601.3261 0))",2321882,Verde,Batería,8
"MULTILINESTRING Z ((442237.2807 4472648.7011 0,442247.2807 4472663.8261 0))",2321884,Verde,Batería,7
"MULTILINESTRING Z ((442228.6557 4472654.4511 0,442237.7807 4472669.9511 0))",2321886,Verde,Batería,8
"MULTILINESTRING Z ((439369.0723 4476447.3261 0,439390.9057 4476445.7427 0))",2321887,Verde,Línea,5
"MULTILINESTRING Z ((442214.9057 4472585.0761 0,442284.2807 4472542.4511 0))",2321890,Verde,Línea,16
"MULTILINESTRING Z ((442397.0194 4472500.5041 0,442423.4585 4472539.694 0))",2321898,Verde,Línea,9
"MULTILINESTRING Z ((439517.1029 4476580.7286 0,439473.6884 4476583.6758 0))",2321905,Verde,Línea,11
"MULTILINESTRING Z ((442542.7807 4472530.9511 0,442565.2807 4472557.8261 0))",2321906,Verde,Línea,5
"MULTILINESTRING Z ((439432.3401 4476623.6689 0,439431.7551 4476614.0591 0))",2321909,Verde,Línea,2
"MULTILINESTRING Z ((439430.739 4476595.7427 0,439431.5723 4476611.3261 0))",2321911,Verde,Línea,3
"MULTILINESTRING Z ((442328.6756 4473080.8572 0,442332.4625 4473089.9087 0))",2321912,Verde,Línea,2
"MULTILINESTRING Z ((442318.8853 4473060.2606 0,442316.6686 4473056.0119 0))",2321914,Verde,Línea,1
"MULTILINESTRING Z ((439435.1812 4476672.052 0,439435.7662 4476681.5782 0))",2321915,Verde,Línea,2
"MULTILINESTRING Z ((442785.0503 4472961.4604 0,442798.3423 4472953.0582 0))",2321916,Verde,Línea,3
"MULTILINESTRING Z ((439683.8352 4476667.0473 0,439684.4704 4476676.2929 0))",2321919,Verde,Línea,2
"MULTILINESTRING Z ((439676.9893 4476576.921 0,439681.7885 4476639.3107 0))",2321923,Verde,Línea,13
"MULTILINESTRING Z ((442567.5916 4472416.4817 0,442570.4543 4472420.5811 0))",2321924,Verde,Línea,1
"MULTILINESTRING Z ((439666.9295 4476570.6194 0,439651.1472 4476571.7078 0))",2321925,Verde,Línea,3
"MULTILINESTRING Z ((442577.0625 4472429.7826 0,442599.9646 4472462.5772 0))",2321926,Verde,Línea,10
"MULTILINESTRING Z ((442642.5723 4472459.7427 0,442656.8223 4472451.1594 0))",2321928,Verde,Línea,3
"MULTILINESTRING Z ((439587.5723 4476576.3261 0,439571.5723 4476577.3261 0))",2321929,Verde,Línea,4
"MULTILINESTRING Z ((439544.489 4476579.2427 0,439562.6557 4476578.0761 0))",2321931,Verde,Línea,4
"MULTILINESTRING Z ((442587.3703 4472497.1062 0,442591.549 4472494.6419 0))",2321932,Verde,Línea,1
"MULTILINESTRING Z ((439478.2807 4476578.3261 0,439488.0307 4476577.8261 0))",2321935,Verde,Línea,2
"MULTILINESTRING Z ((442214.9057 4472631.4094 0,442211.3223 4472625.5761 0))",2321938,Verde,Batería,3
"MULTILINESTRING Z ((442009.619 4472818.7454 0,442014.0195 4472816.3715 0))",2321940,Verde,Línea,1
"MULTILINESTRING Z ((443305.8936 4473038.5559 0,443308.4926 4473055.1715 0))",2321942,Verde,Batería,7
"MULTILINESTRING Z ((439631.1557 4476567.8261 0,439666.239 4476565.5761 0))",2321943,Verde,Línea,6
"MULTILINESTRING Z ((443301.3451 4473056.9352 0,443298.6532 4473039.3913 0))",2321944,Verde,Batería,7
"MULTILINESTRING Z ((439670.0723 4476480.7427 0,439669.4057 4476472.4094 0))",2321949,Verde,Línea,2
"MULTILINESTRING Z ((443381.8241 4472976.3634 0,443359.8247 4472985.7387 0))",2321950,Verde,Batería,9
"MULTILINESTRING Z ((439655.5916 4476430.1205 0,439616.9521 4476432.7509 0))",2321951,Verde,Batería,15
"MULTILINESTRING Z ((443380.2461 4472969.7728 0,443365.2085 4472975.8992 0))",2321952,Verde,Batería,6
"MULTILINESTRING Z ((443374.8685 4472961.1936 0,443362.1829 4472966.5773 0))",2321954,Verde,Línea,3
"MULTILINESTRING Z ((439534.866 4476434.9278 0,439564.2537 4476433.023 0))",2321957,Verde,Línea,6
"MULTILINESTRING Z ((443369.6641 4472917.4197 0,443373.3771 4472926.7022 0))",2321958,Verde,Línea,2
"MULTILINESTRING Z ((443368.0861 4472909.9009 0,443361.4027 4472890.6862 0))",2321960,Verde,Batería,7
"MULTILINESTRING Z ((443356.483 4472876.8553 0,443353.8839 4472869.1509 0))",2321962,Verde,Batería,3
"MULTILINESTRING Z ((443333.9266 4472850.6788 0,443340.8884 4472854.5774 0,443344.7871 4472857.3622 0,443347.8503 4472860.0541 0,443349.5211 4472863.1173 0))",2321964,Verde,Línea,4
"MULTILINESTRING Z ((443216.8689 4472961.0157 0,443200.7859 4472987.0244 0))",2321968,Verde,Línea,6
"MULTILINESTRING Z ((443244.9914 4472916.075 0,443220.8208 4472954.5825 0))",2321970,Verde,Línea,9
"MULTILINESTRING Z ((443286.7155 4472845.4933 0,443279.9146 4472856.8893 0))",2321972,Verde,Línea,2
"MULTILINESTRING Z ((443180.9782 4472892.5155 0,443176.7641 4472898.8405 0,443174.8079 4472902.0227 0,443170.5694 4472906.1786 0,443165.2895 4472909.5327 0,443133.1752 4472931.7058 0))",2321974,Verde,Línea,13
"MULTILINESTRING Z ((443090.4714 4472961.8441 0,443115.66 4472944.3334 0))",2321976,Verde,Línea,6
"MULTILINESTRING Z ((439313.0555 4476319.5258 0,439310.1855 4476276.4754 0))",2321977,Verde,Línea,9
"MULTILINESTRING Z ((439309.5705 4476267.0453 0,439309.9805 4476272.3754 0))",2321979,Verde,Línea,1
"MULTILINESTRING Z ((443034.2708 4472809.7627 0,443043.8698 4472823.1284 0))",2321982,Verde,Línea,3
"MULTILINESTRING Z ((443025.0494 4472806.4135 0,442991.0631 4472828.4417 0))",2321984,Verde,Batería,16
"MULTILINESTRING Z ((443122.6814 4472739.1489 0,443113.7915 4472744.892 0))",2321990,Verde,Línea,2
"MULTILINESTRING Z ((439402.9258 4476198.7504 0,439401.0457 4476164.4059 0))",2321993,Verde,Línea,7
"MULTILINESTRING Z ((443163.1975 4472712.7938 0,443141.012 4472727.3481 0))",2321998,Verde,Línea,5
"MULTILINESTRING Z ((439310.4057 4476188.9511 0,439305.5307 4476104.0761 0))",2322005,Verde,Línea,16
"MULTILINESTRING Z ((443147.3007 4472604.1873 0,443157.6776 4472643.548 0))",2322010,Verde,Línea,8
"MULTILINESTRING Z ((443165.5497 4472672.5318 0,443159.2282 4472648.6768 0))",2322012,Verde,Línea,5
"MULTILINESTRING Z ((439413.489 4476296.5761 0,439411.989 4476272.5761 0))",2322013,Verde,Línea,5
"MULTILINESTRING Z ((443187.377 4472755.6663 0,443181.1747 4472731.3343 0))",2322014,Verde,Línea,5
"MULTILINESTRING Z ((439420.8181 4476267.052 0,439452.041 4476264.9231 0))",2322015,Verde,Línea,6
"MULTILINESTRING Z ((439485.239 4476262.1594 0,439499.239 4476261.2427 0))",2322019,Verde,Línea,3
"MULTILINESTRING Z ((439420.5816 4476263.4251 0,439436.8238 4476262.3212 0))",2322020,Verde,Línea,3
"MULTILINESTRING Z ((443159.3475 4472669.6692 0,443158.274 4472664.8982 0))",2322023,Verde,Línea,1
"MULTILINESTRING Z ((443143.0068 4472605.4993 0,443151.8331 4472639.8505 0))",2322025,Verde,Línea,7
"MULTILINESTRING Z ((439498.8753 4476257.9847 0,439484.21 4476258.7732 0))",2322028,Verde,Línea,3
"MULTILINESTRING Z ((443121.9734 4472720.425 0,443115.9943 4472711.299 0))",2322035,Verde,Línea,2
"MULTILINESTRING Z ((443094.7528 4472678.0208 0,443111.5887 4472703.8252 0))",2322037,Verde,Línea,6
"MULTILINESTRING Z ((439646.0803 4476255.1463 0,439626.3688 4476256.5655 0))",2322038,Verde,Línea,4
"MULTILINESTRING Z ((439618.3266 4476256.9597 0,439598.3786 4476258.4578 0))",2322040,Verde,Línea,4
"MULTILINESTRING Z ((443055.0701 4472634.6538 0,443041.616 4472640.8093 0))",2322041,Verde,Batería,5
"MULTILINESTRING Z ((439588.5229 4476259.0886 0,439577.7999 4476259.7193 0))",2322042,Verde,Línea,2
"MULTILINESTRING Z ((443010.9266 4472653.9116 0,443027.986 4472646.3492 0))",2322043,Verde,Batería,7
"MULTILINESTRING Z ((439570.9403 4476260.1924 0,439560.1385 4476261.0597 0))",2322044,Verde,Línea,2
"MULTILINESTRING Z ((439548.5481 4476260.5078 0,439522.056 4476261.927 0))",2322046,Verde,Línea,5
"MULTILINESTRING Z ((443074.3091 4472756.1074 0,443070.4484 4472750.5576 0))",2322051,Verde,Línea,1
"MULTILINESTRING Z ((443035.3555 4472790.1284 0,443071.1512 4472767.2348 0))",2322053,Verde,Batería,16
"MULTILINESTRING Z ((443071.494 4472757.9573 0,443068.0354 4472752.5684 0))",2322055,Verde,Línea,1
"MULTILINESTRING Z ((443053.8796 4472733.5866 0,443063.1291 4472746.6165 0))",2322057,Verde,Línea,3
"MULTILINESTRING Z ((443036.8282 4472709.2964 0,443040.6084 4472714.3636 0))",2322059,Verde,Línea,1
"MULTILINESTRING Z ((439251.9306 4475943.4692 0,439246.4114 4475943.7846 0))",2322060,Verde,Batería,2
"MULTILINESTRING Z ((439230.8788 4475944.6519 0,439225.2808 4475944.8096 0))",2322062,Verde,Batería,2
"MULTILINESTRING Z ((439208.2501 4475942.3654 0,439243.4153 4475940.4731 0))",2322064,Verde,Línea,7
"MULTILINESTRING Z ((439247.989 4475940.4927 0,439266.4057 4475939.4094 0))",2322066,Verde,Línea,4
"MULTILINESTRING Z ((443020.257 4472789.8761 0,442999.1149 4472760.1474 0))",2322073,Verde,Línea,7
"MULTILINESTRING Z ((439387.489 4475923.8495 0,439386.0723 4475894.8495 0))",2322074,Verde,Línea,6
"MULTILINESTRING Z ((442991.5004 4472749.6168 0,442994.9836 4472754.3151 0))",2322075,Verde,Línea,1
"MULTILINESTRING Z ((442978.4587 4472730.9048 0,442987.7742 4472743.8655 0))",2322077,Verde,Línea,3
"MULTILINESTRING Z ((442972.8694 4472722.8044 0,442976.1096 4472727.5836 0))",2322079,Verde,Línea,1
"MULTILINESTRING Z ((442956.2635 4472699.2321 0,442968.7382 4472716.81 0))",2322081,Verde,Línea,4
"MULTILINESTRING Z ((443219.5076 4472571.8543 0,443222.0879 4472587.2098 0))",2322085,Verde,Línea,3
"MULTILINESTRING Z ((443222.5487 4472590.6995 0,443227.8352 4472620.8137 0))",2322087,Verde,Línea,6
"MULTILINESTRING Z ((443229.3456 4472627.5162 0,443231.8001 4472642.715 0))",2322089,Verde,Línea,3
"MULTILINESTRING Z ((443236.8034 4472671.602 0,443235.9538 4472666.6931 0))",2322091,Verde,Línea,1
"MULTILINESTRING Z ((443240.7306 4472691.1132 0,443253.8189 4472770.107 0,443253.8189 4472772.2419 0,443252.5194 4472775.0267 0,443244.6293 4472787.9293 0))",2322093,Verde,Línea,20
"MULTILINESTRING Z ((439296.5307 4475951.9745 0,439298.7807 4475995.4745 0))",2322094,Verde,Línea,9
"MULTILINESTRING Z ((443247.3212 4472681.4594 0,443266.7215 4472675.9828 0))",2322095,Verde,Línea,4
"MULTILINESTRING Z ((439299.0307 4476000.8495 0,439299.7807 4476011.4745 0))",2322096,Verde,Línea,2
"MULTILINESTRING Z ((443316.1971 4472624.1866 0,443311.5559 4472597.9172 0,443305.8936 4472567.7492 0,443301.8093 4472543.8005 0))",2322097,Verde,Línea,17
"MULTILINESTRING Z ((439300.1557 4476016.5995 0,439301.5307 4476045.2245 0))",2322098,Verde,Línea,6
"MULTILINESTRING Z ((443268.8792 4472630.613 0,443263.141 4472596.7187 0))",2322105,Verde,Línea,7
"MULTILINESTRING Z ((439467.989 4476062.1594 0,439462.489 4476062.4094 0))",2322106,Verde,Línea,1
"MULTILINESTRING Z ((443262.2338 4472591.4683 0,443259.1413 4472572.968 0))",2322107,Verde,Línea,4
"MULTILINESTRING Z ((439403.4721 4475934.5597 0,439475.3793 4475930.5385 0))",2322108,Verde,Batería,25
"MULTILINESTRING Z ((443258.3181 4472567.8062 0,443256.6904 4472558.0148 0))",2322109,Verde,Línea,2
"MULTILINESTRING Z ((439394.1517 4475945.4705 0,439395.9065 4475975.7204 0))",2322110,Verde,Línea,6
"MULTILINESTRING Z ((443256.6178 4472549.7962 0,443267.6097 4472545.3995 0))",2322111,Verde,Línea,2
"MULTILINESTRING Z ((443272.9737 4472543.5528 0,443277.8102 4472541.5303 0))",2322113,Verde,Línea,1
"MULTILINESTRING Z ((439590.021 4476005.9939 0,439616.0401 4476046.7571 0))",2322122,Verde,Línea,10
"MULTILINESTRING Z ((439504.5522 4476010.0938 0,439525.2887 4475997.0843 0))",2322128,Verde,Línea,5
"MULTILINESTRING Z ((442892.918 4472608.5881 0,442933.3392 4472665.9392 0))",2322129,Verde,Línea,14
"MULTILINESTRING Z ((442879.4713 4472589.552 0,442889.0298 4472603.0798 0))",2322131,Verde,Línea,3
"MULTILINESTRING Z ((439619.1939 4476046.5205 0,439610.3632 4476033.2745 0))",2322138,Verde,Línea,3
"MULTILINESTRING Z ((439606.9728 4476028.0707 0,439604.0555 4476023.3399 0))",2322140,Verde,Línea,1
"MULTILINESTRING Z ((442932.8307 4472561.7054 0,442947.2279 4472582.2153 0))",2322141,Verde,Línea,5
"MULTILINESTRING Z ((442961.0621 4472601.7601 0,442952.2951 4472589.2932 0))",2322143,Verde,Línea,3
"MULTILINESTRING Z ((439591.7556 4475924.6251 0,439622.3477 4475923.127 0))",2322146,Verde,Batería,11
"MULTILINESTRING Z ((442943.9057 4472436.6316 0,442934.0723 4472421.0205 0))",2322153,Verde,Línea,4
"MULTILINESTRING Z ((442962.5839 4472465.685 0,442945.1973 4472438.9365 0))",2322155,Verde,Línea,7
"MULTILINESTRING Z ((443023.0826 4472559.3834 0,443018.2836 4472552.1455 0))",2322161,Verde,Línea,2
"MULTILINESTRING Z ((443026.8589 4472565.2051 0,443035.3555 4472578.5007 0))",2322163,Verde,Línea,3
"MULTILINESTRING Z ((439625.9057 4475874.6594 0,439624.5723 4475858.4094 0))",2322166,Verde,Línea,3
"MULTILINESTRING Z ((443061.3959 4472618.7807 0,443055.4168 4472609.7335 0))",2322167,Verde,Línea,2
"MULTILINESTRING Z ((439618.3266 4475852.7967 0,439608.0766 4475853.9005 0))",2322168,Verde,Línea,2
"MULTILINESTRING Z ((439601.5324 4475854.6101 0,439586.1575 4475856.0293 0))",2322170,Verde,Línea,3
"MULTILINESTRING Z ((439493.9869 4475865.412 0,439580.796 4475856.5813 0))",2322172,Verde,Línea,18
"MULTILINESTRING Z ((443136.9636 4472584.4672 0,443134.419 4472574.6072 0))",2322173,Verde,Línea,2
"MULTILINESTRING Z ((443093.309 4472447.3807 0,443074.066 4472411.6778 0))",2322177,Verde,Línea,8
"MULTILINESTRING Z ((439546.8924 4475856.8178 0,439556.9058 4475855.7928 0))",2322178,Verde,Línea,2
"MULTILINESTRING Z ((443053.3114 4472631.4002 0,443046.0128 4472634.4779 0))",2322179,Verde,Batería,3
"MULTILINESTRING Z ((439579.6922 4475853.5851 0,439569.048 4475854.6101 0))",2322180,Verde,Línea,2
"MULTILINESTRING Z ((443038.7141 4472637.7315 0,443031.3276 4472640.8093 0))",2322181,Verde,Batería,3
"MULTILINESTRING Z ((443009.3438 4472650.4821 0,443024.2048 4472643.9749 0))",2322183,Verde,Batería,6
"MULTILINESTRING Z ((442994.5214 4472643.4234 0,442982.2154 4472625.809 0))",2322185,Verde,Línea,4
"MULTILINESTRING Z ((439332.7357 4476642.4041 0,439333.8632 4476658.1892 0))",2322190,Verde,Línea,3
"MULTILINESTRING Z ((442976.1941 4472513.2816 0,442931.1937 4472545.7731 0))",2322191,Verde,Línea,11
"MULTILINESTRING Z ((439407.989 4476198.3261 0,439407.5723 4476193.4094 0))",2322192,Verde,Línea,1
"MULTILINESTRING Z ((443020.9585 4472563.6316 0,443023.7907 4472568.588 0))",2322195,Verde,Línea,1
"MULTILINESTRING Z ((439786.0322 4476694.1168 0,439785.4647 4476685.8308 0))",2322198,Verde,Batería,3
"MULTILINESTRING Z ((439785.2377 4476680.496 0,439784.1026 4476665.513 0))",2322200,Verde,Batería,6
"MULTILINESTRING Z ((443112.8471 4472475.3672 0,443117.8268 4472494.1793 0,443123.0268 4472513.8443 0,443129.2917 4472536.6391 0))",2322203,Verde,Línea,13
"MULTILINESTRING Z ((439780.4704 4476604.1055 0,439780.6974 4476607.1702 0))",2322204,Verde,Batería,1
"MULTILINESTRING Z ((443165.1714 4472498.3164 0,443160.8086 4472484.6712 0))",2322205,Verde,Línea,3
"MULTILINESTRING Z ((439778.0867 4476572.0964 0,439779.5623 4476595.3654 0))",2322206,Verde,Batería,9
"MULTILINESTRING Z ((443152.7329 4472461.0937 0,443159.2306 4472481.3295 0))",2322207,Verde,Línea,4
"MULTILINESTRING Z ((439766.4057 4476564.0761 0,439716.4057 4476567.3261 0))",2322208,Verde,Línea,10
"MULTILINESTRING Z ((443158.2209 4472452.378 0,443181.6714 4472444.0356 0))",2322209,Verde,Línea,5
"MULTILINESTRING Z ((443191.6383 4472449.3124 0,443194.7324 4472458.8421 0))",2322211,Verde,Línea,2
"MULTILINESTRING Z ((439687.2808 4476643.152 0,439688.0754 4476655.6378 0))",2322212,Verde,Línea,2
"MULTILINESTRING Z ((439688.7564 4476661.9943 0,439689.4374 4476672.4369 0))",2322214,Verde,Línea,2
"MULTILINESTRING Z ((443221.1557 4472549.4362 0,443206.2423 4472499.003 0))",2322215,Verde,Línea,10
"MULTILINESTRING Z ((443292.7124 4472523.0078 0,443291.4129 4472516.6957 0,443285.3793 4472488.1057 0))",2322219,Verde,Línea,7
"MULTILINESTRING Z ((443254.1902 4472417.002 0,443242.68 4472421.0863 0))",2322223,Verde,Línea,2
"MULTILINESTRING Z ((439906.6454 4476554.7491 0,439886.47 4476556.0162 0))",2322224,Verde,Línea,4
"MULTILINESTRING Z ((439876.8209 4476556.4061 0,439837.5421 4476559.0376 0))",2322226,Verde,Línea,8
"MULTILINESTRING Z ((443195.6606 4472447.951 0,443197.0839 4472453.2109 0))",2322227,Verde,Línea,1
"MULTILINESTRING Z ((439783.7621 4476571.6424 0,439784.6701 4476584.9227 0))",2322230,Verde,Línea,3
"MULTILINESTRING Z ((443241.5425 4472369.1314 0,443265.0195 4472412.8473 0))",2322235,Verde,Batería,14
"MULTILINESTRING Z ((439756.6557 4476559.8261 0,439766.1557 4476559.1594 0))",2322238,Verde,Batería,3
"MULTILINESTRING Z ((443199.9806 4472431.5755 0,443214.2756 4472426.5629 0))",2322239,Verde,Línea,3
"MULTILINESTRING Z ((439776.7246 4476547.1248 0,439776.3841 4476543.4926 0))",2322240,Verde,Batería,1
"MULTILINESTRING Z ((443252.6122 4472413.1962 0,443221.7944 4472424.0567 0))",2322241,Verde,Línea,6
"MULTILINESTRING Z ((439773.4057 4476492.9094 0,439770.9057 4476455.3261 0))",2322244,Verde,Batería,14
"MULTILINESTRING Z ((443192.6804 4472291.7179 0,443188.2642 4472283.2591 0))",2322247,Verde,Línea,2
"MULTILINESTRING Z ((439713.5508 4476425.7668 0,439705.7503 4476426.311 0))",2322250,Verde,Batería,3
"MULTILINESTRING Z ((443146.3413 4472311.4411 0,443154.0765 4472330.5005 0))",2322251,Verde,Línea,4
"MULTILINESTRING Z ((439697.1557 4476426.9094 0,439700.739 4476426.4927 0))",2322252,Verde,Batería,1
"MULTILINESTRING Z ((443156.7992 4472337.0599 0,443171.8364 4472374.1886 0))",2322253,Verde,Línea,8
"MULTILINESTRING Z ((443186.3166 4472419.3619 0,443184.8314 4472414.4733 0))",2322255,Verde,Línea,1
"MULTILINESTRING Z ((443188.668 4472428.0253 0,443187.2448 4472423.0129 0))",2322257,Verde,Línea,1
"MULTILINESTRING Z ((443176.4156 4472277.4683 0,443167.0715 4472284.5228 0))",2322259,Verde,Línea,2
"MULTILINESTRING Z ((439789.6864 4476558.4528 0,439822.1425 4476556.3086 0))",2322262,Verde,Batería,12
"MULTILINESTRING Z ((439831.4018 4476555.7238 0,439835.3979 4476555.5289 0))",2322264,Verde,Batería,1
"MULTILINESTRING Z ((443161.9834 4472238.0404 0,443178.4226 4472267.1298 0))",2322265,Verde,Línea,7
"MULTILINESTRING Z ((439851.6071 4476553.9193 0,439855.3555 4476553.5933 0))",2322266,Verde,Batería,1
"MULTILINESTRING Z ((443127.7151 4472259.4609 0,443134.522 4472288.3594 0,443138.7299 4472300.8594 0))",2322267,Verde,Línea,8
"MULTILINESTRING Z ((443144.7324 4472316.701 0,443142.2571 4472310.9461 0,443140.5245 4472306.1193 0))",2322269,Verde,Línea,2
"MULTILINESTRING Z ((443155.1903 4472341.5773 0,443159.1507 4472350.6119 0))",2322273,Verde,Línea,2
"MULTILINESTRING Z ((443164.1631 4472361.8743 0,443161.7497 4472356.6144 0))",2322275,Verde,Línea,1
"MULTILINESTRING Z ((439915.2168 4476507.9983 0,439915.0851 4476504.3107 0))",2322278,Verde,Batería,1
"MULTILINESTRING Z ((443161.045 4472445.211 0,443165.9996 4472443.513 0,443179.9172 4472438.7573 0))",2322279,Verde,Línea,4
"MULTILINESTRING Z ((443115.6621 4472465.6968 0,443144.8142 4472455.397 0))",2322281,Verde,Línea,6
"MULTILINESTRING Z ((443107.4629 4472462.8069 0,443092.8319 4472436.2484 0))",2322283,Verde,Línea,6
"MULTILINESTRING Z ((439798.9721 4476419.9965 0,439835.9755 4476417.2723 0))",2322286,Verde,Batería,13
"MULTILINESTRING Z ((443047.0409 4472351.4409 0,443058.786 4472373.0222 0))",2322287,Verde,Línea,5
"MULTILINESTRING Z ((439775.1355 4476433.8444 0,439775.5895 4476438.9523 0))",2322288,Verde,Línea,1
"MULTILINESTRING Z ((443034.489 4472329.6594 0,443037.4057 4472334.9927 0))",2322289,Verde,Línea,1
"MULTILINESTRING Z ((443027.357 4472326.3246 0,443043.6487 4472356.1806 0))",2322291,Verde,Línea,7
"MULTILINESTRING Z ((443063.1189 4472392.041 0,443050.1104 4472368.2378 0))",2322293,Verde,Línea,6
"MULTILINESTRING Z ((442648.616 4472277.7553 0,442654.0997 4472286.0593 0))",2322295,Verde,Batería,4
"MULTILINESTRING Z ((442655.2748 4472287.7044 0,442662.4037 4472297.9668 0))",2322297,Verde,Batería,5
"MULTILINESTRING Z ((439764.3523 4476353.3677 0,439763.6713 4476343.379 0))",2322298,Verde,Batería,4
"MULTILINESTRING Z ((442661.307 4472283.7091 0,442668.2791 4472293.9715 0))",2322299,Verde,Batería,5
"MULTILINESTRING Z ((442654.4131 4472273.8384 0,442660.1319 4472282.1423 0))",2322301,Verde,Batería,4
"MULTILINESTRING Z ((439666.736 4476365.286 0,439664.6928 4476340.2008 0))",2322302,Verde,Línea,6
"MULTILINESTRING Z ((442663.1088 4472298.9853 0,442670.4726 4472309.7177 0))",2322303,Verde,Batería,5
"MULTILINESTRING Z ((439667.19 4476372.3234 0,439668.4386 4476391.8467 0))",2322304,Verde,Línea,4
"MULTILINESTRING Z ((442677.0531 4472319.7451 0,442671.4127 4472311.2845 0))",2322305,Verde,Batería,4
"MULTILINESTRING Z ((442669.4542 4472295.5383 0,442676.4264 4472305.7224 0))",2322307,Verde,Batería,5
"MULTILINESTRING Z ((439670.2547 4476414.8887 0,439670.1412 4476410.8024 0))",2322308,Verde,Línea,1
"MULTILINESTRING Z ((442677.4448 4472307.3675 0,442686.0621 4472320.6069 0))",2322309,Verde,Batería,6
"MULTILINESTRING Z ((442705.9603 4472316.3766 0,442718.3379 4472307.9159 0))",2322311,Verde,Línea,3
"MULTILINESTRING Z ((442747.0168 4472288.1316 0,442726.9612 4472301.5761 0))",2322313,Verde,Línea,5
"MULTILINESTRING Z ((440214.3223 4476574.9329 0,440254.0723 4476574.9329 0))",2322316,Verde,Línea,8
"MULTILINESTRING Z ((442797.3038 4472253.5485 0,442809.9164 4472244.8529 0))",2322317,Verde,Línea,3
"MULTILINESTRING Z ((440249.7099 4476394.1168 0,440202.3773 4476396.16 0))",2322318,Verde,Batería,18
"MULTILINESTRING Z ((442798.489 4472203.8261 0,442814.3223 4472226.9927 0))",2322319,Verde,Línea,5
"MULTILINESTRING Z ((442758.6557 4472146.2427 0,442779.8223 4472177.2427 0))",2322321,Verde,Línea,7
"MULTILINESTRING Z ((440144.2615 4476399.3382 0,440069.6872 4476403.3109 0))",2322322,Verde,Batería,26
"MULTILINESTRING Z ((442733.379 4472147.9473 0,442714.656 4472174.1909 0,442698.1264 4472195.4208 0,442677.5232 4472220.7244 0,442664.9106 4472234.9821 0,442655.3532 4472245.5579 0))",2322323,Verde,Línea,25
"MULTILINESTRING Z ((442729.6187 4472144.3437 0,442715.2043 4472165.1035 0,442701.3383 4472183.1999 0,442682.5369 4472206.8583 0,442668.3575 4472223.858 0,442651.0445 4472242.8944 0))",2322325,Verde,Línea,26
"MULTILINESTRING Z ((442735.4158 4472304.1556 0,442708.2321 4472322.722 0))",2322327,Verde,Línea,6
"MULTILINESTRING Z ((442743.3223 4472298.6594 0,442752.8501 4472292.1316 0))",2322329,Verde,Línea,2
"MULTILINESTRING Z ((442775.2905 4472276.8936 0,442795.8937 4472262.4008 0))",2322331,Verde,Línea,5
"MULTILINESTRING Z ((442802.6557 4472257.8261 0,442814.489 4472249.7427 0))",2322333,Verde,Línea,3
"MULTILINESTRING Z ((439951.2649 4476552.2896 0,439950.8574 4476544.3854 0))",2322334,Verde,Batería,3
"MULTILINESTRING Z ((442829.2807 4472250.5761 0,442846.6557 4472276.9511 0))",2322335,Verde,Línea,6
"MULTILINESTRING Z ((439931.4992 4476552.41 0,439947.0938 4476551.2404 0))",2322336,Verde,Línea,3
"MULTILINESTRING Z ((442868.0351 4472349.3986 0,442873.0948 4472345.8568 0))",2322337,Verde,Batería,3
"MULTILINESTRING Z ((442855.9016 4472357.8572 0,442848.0285 4472363.4976 0))",2322339,Verde,Batería,4
"MULTILINESTRING Z ((440013.5723 4476403.4927 0,440024.739 4476402.9094 0))",2322340,Verde,Línea,3
"MULTILINESTRING Z ((442846.3833 4472364.5552 0,442838.0402 4472370.4306 0))",2322341,Verde,Batería,4
"MULTILINESTRING Z ((442819.7088 4472383.0041 0,442807.4879 4472391.3472 0))",2322343,Verde,Batería,6
"MULTILINESTRING Z ((440046.297 4476295.9991 0,440051.4308 4476358.8276 0))",2322344,Verde,Batería,24
"MULTILINESTRING Z ((442806.0778 4472392.1697 0,442797.7347 4472398.1627 0))",2322345,Verde,Batería,4
"MULTILINESTRING Z ((440066.963 4476399.7922 0,440143.921 4476395.4789 0))",2322346,Verde,Línea,16
"MULTILINESTRING Z ((442796.3246 4472398.7502 0,442788.2165 4472404.3907 0))",2322347,Verde,Batería,4
"MULTILINESTRING Z ((440146.4246 4476301.7192 0,440151.6397 4476374.4049 0))",2322348,Verde,Línea,15
"MULTILINESTRING Z ((442786.4538 4472405.6833 0,442778.4632 4472411.4412 0))",2322349,Verde,Batería,4
"MULTILINESTRING Z ((440050.2085 4476293.6766 0,440052.4087 4476328.8802 0))",2322350,Verde,Línea,7
"MULTILINESTRING Z ((442768.475 4472417.9042 0,442774.4679 4472413.6739 0))",2322351,Verde,Batería,3
"MULTILINESTRING Z ((440056.9314 4476389.6307 0,440053.1421 4476334.5029 0))",2322352,Verde,Línea,11
"MULTILINESTRING Z ((440155.6354 4476385.5594 0,440155.0576 4476374.4662 0))",2322356,Verde,Batería,5
"MULTILINESTRING Z ((442901.1424 4472352.0992 0,442907.6054 4472361.4999 0))",2322357,Verde,Línea,2
"MULTILINESTRING Z ((440161.739 4476363.9094 0,440208.3223 4476362.9927 0))",2322358,Verde,Línea,9
"MULTILINESTRING Z ((443004.7916 4472182.3611 0,442960.2403 4472213.3722 0))",2322377,Verde,Batería,21
"MULTILINESTRING Z ((439759.2445 4476191.7332 0,439759.6985 4476203.538 0))",2322378,Verde,Línea,2
"MULTILINESTRING Z ((439759.585 4476208.0782 0,439761.0606 4476233.3904 0))",2322380,Verde,Línea,5
"MULTILINESTRING Z ((443053.8197 4472148.8385 0,443047.1589 4472153.5339 0))",2322381,Verde,Batería,3
"MULTILINESTRING Z ((439763.2172 4476273.2315 0,439761.4011 4476239.4063 0))",2322382,Verde,Línea,7
"MULTILINESTRING Z ((443060.9173 4472144.034 0,443058.5151 4472145.5627 0))",2322383,Verde,Batería,1
"MULTILINESTRING Z ((439764.0118 4476289.1225 0,439763.4443 4476279.1339 0))",2322384,Verde,Línea,2
"MULTILINESTRING Z ((443050.734 4472086.9203 0,443068.0142 4472109.4597 0))",2322387,Verde,Línea,6
"MULTILINESTRING Z ((443030.9113 4472085.1976 0,443024.2525 4472089.6629 0))",2322389,Verde,Batería,3
"MULTILINESTRING Z ((443018.6121 4472093.6582 0,443007.0962 4472101.3354 0))",2322391,Verde,Batería,5
"MULTILINESTRING Z ((442977.0687 4472123.2415 0,442979.729 4472121.468 0))",2322395,Verde,Batería,1
"MULTILINESTRING Z ((442964.4014 4472131.1043 0,442951.397 4472140.1917 0))",2322397,Verde,Batería,6
"MULTILINESTRING Z ((439779.0843 4476050.9858 0,439784.4624 4476050.7413 0))",2322398,Verde,Línea,1
"MULTILINESTRING Z ((442933.614 4472152.726 0,442936.2776 4472151.0025 0))",2322399,Verde,Batería,1
"MULTILINESTRING Z ((442941.5526 4472142.1025 0,442924.2484 4472153.4868 0))",2322401,Verde,Batería,10
"MULTILINESTRING Z ((439901.239 4476261.7427 0,439899.5723 4476241.3261 0))",2322404,Verde,Línea,4
"MULTILINESTRING Z ((439951.3369 4476228.9166 0,439906.4033 4476235.7385 0,439901.6734 4476235.3746 0,439900.3091 4476235.0108 0))",2322406,Verde,Línea,11
"MULTILINESTRING Z ((439992.3593 4476222.9133 0,439997.362 4476222.1856 0))",2322411,Verde,Línea,1
"MULTILINESTRING Z ((442831.1072 4472228.2449 0,442903.0226 4472179.5963 0))",2322414,Verde,Línea,18
"MULTILINESTRING Z ((440033.1997 4476217.0919 0,440007.8223 4476220.8212 0))",2322413,Verde,Línea,5
"MULTILINESTRING Z ((442811.489 4472180.7427 0,442864.9057 4472134.4927 0))",2322417,Verde,Línea,14
"MULTILINESTRING Z ((442806.6654 4472179.3613 0,442820.6489 4472167.2579 0))",2322421,Verde,Batería,7
"MULTILINESTRING Z ((442767.489 4472146.0761 0,442781.9057 4472167.1594 0))",2322422,Verde,Batería,11
"MULTILINESTRING Z ((442761.5811 4472108.0726 0,442780.0692 4472076.1885 0))",2322423,Verde,Línea,7
"MULTILINESTRING Z ((442760.0144 4472102.2755 0,442779.5992 4472068.9813 0,442791.5851 4472046.968 0,442804.9027 4472021.0377 0))",2322424,Verde,Batería,43
"MULTILINESTRING Z ((442810.5248 4472009.5278 0,442818.3916 4471992.352 0,442824.4228 4471978.5851 0,442828.2251 4471969.4072 0,442838.1897 4471943.1846 0))",2322425,Verde,Batería,34
"MULTILINESTRING Z ((442842.7903 4471931.1327 0,442850.6574 4471907.6188 0))",2322426,Verde,Batería,11
"MULTILINESTRING Z ((442892.0943 4471972.3108 0,442886.8064 4471982.4165 0))",2322427,Verde,Batería,5
"MULTILINESTRING Z ((442860.7194 4472033.4153 0,442883.3986 4471987.7044 0))",2322428,Verde,Batería,23
"MULTILINESTRING Z ((443020.2504 4472797.2089 0,443012.1472 4472802.7946 0))",2322438,Verde,Línea,2
"MULTILINESTRING Z ((440141.9428 4476221.2107 0,440143.654 4476204.506 0))",2322439,Verde,Línea,3
"MULTILINESTRING Z ((440152.862 4476149.5027 0,440153.1879 4476146.9766 0))",2322444,Verde,Batería,1
"MULTILINESTRING Z ((440150.8248 4476164.5777 0,440152.0471 4476153.903 0))",2322446,Verde,Batería,4
"MULTILINESTRING Z ((443083.063 4472966.828 0,443087.6427 4472963.7299 0))",2322447,Verde,Línea,1
"MULTILINESTRING Z ((443232.8385 4472647.4351 0,443234.5377 4472657.6305 0))",2322449,Verde,Línea,2
"MULTILINESTRING Z ((443044.067 4472718.8677 0,443047.2038 4472723.6132 0))",2322453,Verde,Línea,1
"MULTILINESTRING Z ((439989.0745 4476039.7407 0,439962.9174 4476042.1038 0))",2322454,Verde,Línea,6
"MULTILINESTRING Z ((442971.6543 4472713.8129 0,442974.6515 4472718.1871 0))",2322455,Verde,Línea,1
"MULTILINESTRING Z ((443210.1 4472563.69 0,443205.0877 4472565.7125 0))",2322459,Verde,Batería,2
"MULTILINESTRING Z ((439892.5066 4476139.4812 0,439891.1897 4476119.3759 0))",2322460,Verde,Línea,4
"MULTILINESTRING Z ((439893.4724 4476150.5436 0,439892.8578 4476143.871 0))",2322462,Verde,Línea,1
"MULTILINESTRING Z ((439744.2615 4476012.0888 0,439743.8075 4476005.6568 0))",2322468,Verde,Batería,2
"MULTILINESTRING Z ((439742.9751 4475990.9008 0,439742.5211 4475982.4256 0))",2322470,Verde,Batería,3
"MULTILINESTRING Z ((439740.3266 4475943.7574 0,439742.067 4475974.2531 0))",2322472,Verde,Batería,11
"MULTILINESTRING Z ((439760.9057 4476048.5995 0,439775.8223 4476048.0162 0))",2322480,Verde,Batería,5
"MULTILINESTRING Z ((443210.4698 4473087.3816 0,443253.0763 4473080.2342 0))",2322481,Verde,Línea,9
"MULTILINESTRING Z ((439781.239 4476047.6829 0,439804.239 4476046.4329 0))",2322482,Verde,Batería,8
"MULTILINESTRING Z ((443356.7615 4472977.7557 0,443358.8964 4472982.4898 0))",2322483,Verde,Línea,1
"MULTILINESTRING Z ((439814.1557 4476045.8495 0,439838.8223 4476044.7662 0))",2322484,Verde,Batería,8
"MULTILINESTRING Z ((439870.489 4476043.2662 0,439845.0723 4476044.5995 0))",2322486,Verde,Batería,9
"MULTILINESTRING Z ((439873.6304 4475964.0642 0,439874.1572 4475970.4733 0))",2322490,Verde,Línea,1
"MULTILINESTRING Z ((443170.7066 4472691.4346 0,443167.3672 4472679.4937 0))",2322491,Verde,Línea,2
"MULTILINESTRING Z ((439873.5723 4475960.6594 0,439871.5723 4475933.0761 0))",2322492,Verde,Línea,6
"MULTILINESTRING Z ((439805.8118 4475910.0145 0,439811.4343 4475909.4441 0))",2322496,Verde,Batería,2
"MULTILINESTRING Z ((443195.0609 4472777.9971 0,443200.7232 4472781.4316 0))",2322497,Verde,Línea,1
"MULTILINESTRING Z ((439782.0993 4475911.9701 0,439793.4259 4475911.1553 0))",2322498,Verde,Batería,4
"MULTILINESTRING Z ((443348.2091 4473063.9909 0,443438.9552 4473048.5676 0))",2322499,Verde,Línea,18
"MULTILINESTRING Z ((439683.5008 4475915.3111 0,439694.42 4475914.7407 0))",2322506,Verde,Línea,2
"MULTILINESTRING Z ((443226.0906 4472351.7112 0,443223.6781 4472347.3415 0))",2322507,Verde,Línea,1
"MULTILINESTRING Z ((439714.3842 4475913.3554 0,439704.4428 4475913.9258 0))",2322508,Verde,Línea,2
"MULTILINESTRING Z ((443220.8591 4472340.948 0,443217.9066 4472336.3664 0))",2322509,Verde,Línea,1
"MULTILINESTRING Z ((443172.8883 4472383.6565 0,443174.8685 4472389.7208 0))",2322511,Verde,Línea,1
"MULTILINESTRING Z ((443170.0418 4472376.4782 0,443166.2671 4472366.9485 0))",2322513,Verde,Línea,2
"MULTILINESTRING Z ((439753.6606 4475910.5034 0,439785.4402 4475907.9773 0))",2322514,Verde,Línea,6
"MULTILINESTRING Z ((439793.1557 4475907.8495 0,439822.9057 4475905.5162 0))",2322516,Verde,Línea,6
"MULTILINESTRING Z ((439827.2427 4475904.9623 0,439838.0804 4475904.1474 0))",2322518,Verde,Línea,2
"MULTILINESTRING Z ((442962.2079 4472127.8924 0,442948.9685 4472136.9014 0))",2322519,Verde,Batería,6
"MULTILINESTRING Z ((442967.8483 4472124.2105 0,442978.6591 4472116.6899 0))",2322521,Verde,Batería,5
"MULTILINESTRING Z ((442856.1644 4471904.3845 0,442846.6364 4471932.5313 0))",2322523,Verde,Línea,6
"MULTILINESTRING Z ((442844.4511 4471938.9125 0,442839.8183 4471950.5383 0,442830.9022 4471972.3915 0,442814.3812 4472010.416 0))",2322525,Verde,Línea,15
"MULTILINESTRING Z ((439853.5691 4475846.6708 0,439825.6463 4475848.1464 0))",2322526,Verde,Línea,6
"MULTILINESTRING Z ((442810.6472 4472018.5924 0,442801.214 4472037.4587 0,442794.6191 4472049.2293 0,442787.2729 4472063.0869 0))",2322527,Verde,Línea,10
"MULTILINESTRING Z ((439821.9461 4475848.1664 0,439810.4565 4475848.9812 0))",2322528,Verde,Línea,2
"MULTILINESTRING Z ((439795.1371 4475849.7146 0,439800.2707 4475849.4701 0))",2322530,Verde,Línea,1
"MULTILINESTRING Z ((439779.3287 4475850.5295 0,439784.2994 4475850.285 0))",2322532,Verde,Línea,1
"MULTILINESTRING Z ((443284.7588 4474654.4531 0,443284.0578 4474644.3269 0))",2322533,Verde,Línea,2
"MULTILINESTRING Z ((439741.6557 4475858.0995 0,439743.5307 4475891.4745 0))",2322536,Verde,Línea,7
"MULTILINESTRING Z ((443283.5904 4474638.7186 0,443283.2789 4474628.5924 0,443283.3567 4474626.4114 0,443284.0578 4474623.763 0))",2322537,Verde,Línea,3
"MULTILINESTRING Z ((439830.0643 4475842.7538 0,439824.8082 4475843.1205 0))",2322538,Verde,Línea,1
"MULTILINESTRING Z ((443324.251 4474600.8622 0,443335.5456 4474596.4223 0))",2322541,Verde,Línea,2
"MULTILINESTRING Z ((439819.42 4475845.3958 0,439803.3672 4475846.1292 0))",2322542,Verde,Batería,6
"MULTILINESTRING Z ((443348.0086 4474591.3592 0,443342.4781 4474593.4623 0))",2322543,Verde,Línea,1
"MULTILINESTRING Z ((439784.1026 4475847.2383 0,439792.7292 4475846.8978 0))",2322544,Verde,Batería,3
"MULTILINESTRING Z ((443360.0042 4474586.9971 0,443354.8632 4474589.0224 0))",2322545,Verde,Línea,1
"MULTILINESTRING Z ((439778.7678 4475845.5357 0,439783.7621 4475845.3087 0))",2322546,Verde,Línea,1
"MULTILINESTRING Z ((443382.6713 4474578.273 0,443367.9494 4474583.9593 0))",2322547,Verde,Línea,3
"MULTILINESTRING Z ((443408.532 4474573.911 0,443422.475 4474568.5363 0))",2322549,Verde,Línea,3
"MULTILINESTRING Z ((443459.7861 4474553.8144 0,443426.5255 4474566.6669 0))",2322551,Verde,Línea,7
"MULTILINESTRING Z ((439740.0723 4475823.2427 0,439738.1557 4475785.1594 0))",2322556,Verde,Línea,8
"MULTILINESTRING Z ((443479.1816 4474546.9598 0,443505.5097 4474535.7431 0))",2322557,Verde,Línea,7
"MULTILINESTRING Z ((443514.0001 4474532.5494 0,443536.9788 4474523.5916 0))",2322559,Verde,Línea,5
"MULTILINESTRING Z ((443420.5485 4474624.75 0,443404.5662 4474582.8322 0))",2322563,Verde,Línea,9
"MULTILINESTRING Z ((440014.2956 4475987.5334 0,440012.7065 4475971.4154 0))",2322564,Verde,Línea,3
"MULTILINESTRING Z ((443345.6131 4474459.3754 0,443367.8162 4474515.1702 0))",2322565,Verde,Línea,12
"MULTILINESTRING Z ((440028.3705 4475969.4857 0,440029.8461 4475985.3768 0))",2322566,Verde,Línea,3
"MULTILINESTRING Z ((443381.2146 4474526.2717 0,443353.1737 4474457.2699 0))",2322567,Verde,Línea,15
"MULTILINESTRING Z ((440012.4794 4475970.0533 0,440010.8903 4475954.1622 0))",2322568,Verde,Línea,3
"MULTILINESTRING Z ((443386.7654 4474540.8186 0,443382.9373 4474531.344 0))",2322569,Verde,Línea,2
"MULTILINESTRING Z ((440026.6679 4475952.1191 0,440028.257 4475968.0101 0))",2322570,Verde,Línea,3
"MULTILINESTRING Z ((443396.24 4474564.1701 0,443388.5838 4474545.4123 0))",2322571,Verde,Línea,4
"MULTILINESTRING Z ((440010.5498 4475952.6866 0,440009.0742 4475936.3416 0))",2322572,Verde,Línea,3
"MULTILINESTRING Z ((443475.8515 4474578.7211 0,443483.7673 4474598.8968 0))",2322573,Verde,Línea,4
"MULTILINESTRING Z ((440025.0788 4475934.5255 0,440026.4409 4475950.53 0))",2322574,Verde,Línea,3
"MULTILINESTRING Z ((443471.9901 4474569.1642 0,443467.8391 4474559.2211 0))",2322575,Verde,Línea,2
"MULTILINESTRING Z ((440008.9607 4475935.4335 0,440007.4851 4475919.202 0))",2322576,Verde,Línea,3
"MULTILINESTRING Z ((440023.1491 4475916.8183 0,440024.8517 4475933.6174 0))",2322578,Verde,Línea,3
"MULTILINESTRING Z ((443466.0049 4474538.2732 0,443449.1114 4474496.0876 0))",2322579,Verde,Línea,9
"MULTILINESTRING Z ((439964.5723 4475899.0162 0,439942.8223 4475900.8495 0))",2322584,Verde,Línea,4
"MULTILINESTRING Z ((443294.3023 4474507.3279 0,443284.204 4474455.0272 0))",2322585,Verde,Línea,11
"MULTILINESTRING Z ((439978.8887 4475898.036 0,439996.4898 4475896.4062 0))",2322586,Verde,Línea,3
"MULTILINESTRING Z ((443295.4096 4474512.957 0,443296.653 4474519.3396 0))",2322587,Verde,Línea,1
"MULTILINESTRING Z ((443298.4766 4474527.6287 0,443302.3725 4474548.4344 0))",2322589,Verde,Línea,4
"MULTILINESTRING Z ((443312.8997 4474599.2467 0,443311.8221 4474594.0246 0))",2322591,Verde,Línea,1
"MULTILINESTRING Z ((443420.8787 4474417.0142 0,443476.4476 4474391.625 0))",2322595,Verde,Línea,12
"MULTILINESTRING Z ((440162.1514 4476061.4975 0,440168.9148 4476034.607 0))",2322596,Verde,Línea,6
"MULTILINESTRING Z ((443420.3576 4474410.2875 0,443464.802 4474389.7237 0))",2322597,Verde,Batería,22
"MULTILINESTRING Z ((443405.6691 4474423.3615 0,443356.2081 4474446.4753 0))",2322599,Verde,Línea,11
"MULTILINESTRING Z ((440143.0129 4475891.0521 0,440122.2411 4475892.6412 0))",2322600,Verde,Línea,4
"MULTILINESTRING Z ((443342.9146 4474447.5531 0,443335.4895 4474451.1459 0,443332.735 4474452.104 0,443292.0164 4474463.7208 0))",2322601,Verde,Línea,11
"MULTILINESTRING Z ((440093.0697 4475894.7979 0,440111.1174 4475893.5493 0))",2322602,Verde,Línea,3
"MULTILINESTRING Z ((443292.3757 4474468.0322 0,443330.3398 4474457.613 0))",2322603,Verde,Línea,8
"MULTILINESTRING Z ((440032.9108 4475899.7922 0,440083.308 4475896.0465 0))",2322604,Verde,Línea,10
"MULTILINESTRING Z ((443263.1557 4474245.0162 0,443267.3223 4474310.5995 0))",2322605,Verde,Línea,13
"MULTILINESTRING Z ((440027.4624 4475932.8229 0,440030.9811 4475964.7184 0))",2322606,Verde,Línea,6
"MULTILINESTRING Z ((443272.4057 4474310.2662 0,443270.3223 4474279.1829 0))",2322607,Verde,Línea,6
"MULTILINESTRING Z ((439903.739 4475898.8495 0,439883.6557 4475900.5995 0))",2322608,Verde,Línea,4
"MULTILINESTRING Z ((443268.1557 4474249.3495 0,443270.0723 4474274.3495 0))",2322609,Verde,Línea,5
"MULTILINESTRING Z ((439909.239 4475898.3495 0,439918.739 4475897.5995 0))",2322610,Verde,Línea,2
"MULTILINESTRING Z ((443350.5075 4474269.6512 0,443422.5064 4474315.0309 0))",2322611,Verde,Línea,17
"MULTILINESTRING Z ((439921.489 4475897.4927 0,439939.3223 4475896.0761 0))",2322612,Verde,Línea,3
"MULTILINESTRING Z ((439963.9057 4475893.8261 0,439958.6557 4475894.2427 0))",2322614,Verde,Línea,1
"MULTILINESTRING Z ((443437.464 4474324.411 0,443485.7591 4474354.7064 0))",2322615,Verde,Línea,12
"MULTILINESTRING Z ((443750.3317 4474507.0761 0,443757.7595 4474505.6573 0,443767.0234 4474503.0701 0,443772.4482 4474501.9852 0,443781.7956 4474498.1461 0,443792.3948 4474493.3889 0,443802.7437 4474488.298 0,443811.4234 4474483.6243 0,443816.0136 4474480.5363 0))",2322617,Verde,Línea,15
"MULTILINESTRING Z ((439767.3035 4476314.5482 0,439767.5305 4476320.5641 0))",2322624,Verde,Línea,1
"MULTILINESTRING Z ((439767.417 4476324.7638 0,439772.5248 4476392.3007 0))",2322626,Verde,Línea,14
"MULTILINESTRING Z ((443776.1204 4474198.4465 0,443780.2099 4474204.2886 0))",2322629,Verde,Batería,3
"MULTILINESTRING Z ((440190.2642 4475982.4558 0,440169.2407 4476067.3645 0))",2322632,Verde,Línea,18
"MULTILINESTRING Z ((443807.9181 4474471.8566 0,443803.2444 4474474.7777 0,443798.3204 4474477.3649 0))",2322635,Verde,Línea,2
"MULTILINESTRING Z ((440396.8933 4476593.2279 0,440398.4495 4476618.8444 0))",2322638,Verde,Línea,5
"MULTILINESTRING Z ((443816.0136 4474308.8104 0,443822.1478 4474328.3397 0,443824.9019 4474335.225 0,443828.6575 4474342.1104 0,443833.6651 4474348.3698 0))",2322639,Verde,Línea,8
"MULTILINESTRING Z ((440394.1402 4476555.7608 0,440396.4145 4476589.3974 0))",2322640,Verde,Línea,7
"MULTILINESTRING Z ((440389.3121 4476524.1592 0,440384.7634 4476521.7651 0,440381.0925 4476519.6903 0,440377.9802 4476517.4558 0,440375.666 4476515.4608 0,440372.5537 4476511.9495 0,440371.1173 4476510.1938 0))",2322644,Verde,Batería,8
"MULTILINESTRING Z ((440361.0222 4476510.2081 0,440356.1492 4476510.7349 0))",2322646,Verde,Línea,1
"MULTILINESTRING Z ((443817.6827 4474405.8409 0,443820.8542 4474411.0988 0,443823.0241 4474415.6056 0))",2322647,Verde,Línea,2
"MULTILINESTRING Z ((443799.155 4474389.65 0,443795.0655 4474386.562 0))",2322649,Verde,Línea,1
"MULTILINESTRING Z ((440341.5305 4476512.5787 0,440336.921 4476513.1055 0))",2322650,Verde,Línea,1
"MULTILINESTRING Z ((440306.9057 4476516.5761 0,440316.739 4476515.3261 0))",2322654,Verde,Línea,2
"MULTILINESTRING Z ((443707.6844 4474208.4615 0,443711.5235 4474212.551 0))",2322655,Verde,Línea,1
"MULTILINESTRING Z ((440371.2769 4476500.2186 0,440372.1547 4476497.5851 0,440374.9478 4476493.3556 0,440378.2994 4476489.5251 0,440381.6511 4476486.732 0,440384.7634 4476485.0562 0))",2322658,Verde,Batería,8
"MULTILINESTRING Z ((443726.6295 4474221.648 0,443721.2882 4474214.8878 0))",2322665,Verde,Batería,3
"MULTILINESTRING Z ((443472.8818 4473990.5217 0,443457.8668 4473973.2786 0,443449.2452 4473964.2696 0,443443.9173 4473960.1042 0))",2322669,Verde,Línea,9
"MULTILINESTRING Z ((440348.9223 4476375.5471 0,440357.6131 4476337.6067 0))",2322670,Verde,Batería,13
"MULTILINESTRING Z ((440372.565 4476269.9495 0,440359.2952 4476329.3832 0))",2322672,Verde,Batería,22
"MULTILINESTRING Z ((443550.6925 4474264.0301 0,443542.3302 4474267.7467 0,443533.3871 4474272.2764 0,443524.444 4474277.619 0,443511.4359 4474286.2136 0,443507.487 4474289.0011 0))",2322675,Verde,Línea,10
"MULTILINESTRING Z ((440320.8876 4476264.7163 0,440330.4194 4476264.0622 0))",2322676,Verde,Línea,2
"MULTILINESTRING Z ((440279.3961 4476268.0805 0,440308.4588 4476266.0246 0))",2322678,Verde,Línea,6
"MULTILINESTRING Z ((440312.8509 4476265.4639 0,440317.1496 4476265.1836 0))",2322680,Verde,Línea,1
"MULTILINESTRING Z ((440353.1684 4476374.9105 0,440356.9541 4476358.3373 0))",2322682,Verde,Línea,4
"MULTILINESTRING Z ((440365.4629 4476321.7203 0,440358.2673 4476351.6241 0))",2322684,Verde,Línea,6
"MULTILINESTRING Z ((440447.6047 4476255.2779 0,440422.6538 4476257.3338 0))",2322690,Verde,Línea,5
"MULTILINESTRING Z ((443674.6569 4474251.4866 0,443683.7936 4474264.185 0,443689.9105 4474274.2508 0,443693.24 4474281.5292 0,443695.6403 4474287.6461 0,443699.3569 4474297.9442 0))",2322693,Verde,Línea,11
"MULTILINESTRING Z ((443751.6991 4474418.4243 0,443755.3383 4474423.5346 0,443758.5903 4474429.5741 0,443761.4552 4474436.3879 0,443762.6941 4474441.0336 0,443763.4684 4474446.4537 0,443763.391 4474448.6217 0))",2322697,Verde,Línea,9
"MULTILINESTRING Z ((443619.3436 4474189.4747 0,443618.8011 4474186.0112 0,443617.3823 4474182.6728 0,443615.1289 4474179.9187 0,443611.874 4474177.5819 0,443608.7861 4474175.9127 0,443604.2793 4474175.0781 0,443601.5252 4474175.1616 0,443597.2688 4474176.5804 0,443589.7575 4474178.8338 0,443586.5861 4474178.8338 0,443582.6636 4474177.9992 0,443578.741 4474175.245 0,443576.2372 4474171.4059 0,443575.9034 4474169.7368 0))",2322699,Verde,Línea,11
"MULTILINESTRING Z ((440439.3891 4476497.7173 0,440445.3809 4476496.9942 0))",2322704,Verde,Batería,2
"MULTILINESTRING Z ((440484.1205 4476491.7256 0,440506.5379 4476488.7297 0))",2322708,Verde,Batería,8
"MULTILINESTRING Z ((440525.6495 4476486.457 0,440512.7362 4476488.0066 0))",2322710,Verde,Batería,5
"MULTILINESTRING Z ((440425.2231 4476502.852 0,440421.4724 4476510.3534 0,440418.8389 4476513.6253 0,440417.1631 4476515.8598 0,440414.1306 4476518.0942 0,440407.6666 4476522.643 0))",2322712,Verde,Batería,10
"MULTILINESTRING Z ((440409.2228 4476586.8836 0,440408.3848 4476571.9208 0))",2322716,Verde,Línea,3
"MULTILINESTRING Z ((440414.239 4476655.7427 0,440413.6557 4476648.3261 0))",2322720,Verde,Línea,1
"MULTILINESTRING Z ((440654.6784 4476470.3413 0,440591.8685 4476478.3991 0))",2322722,Verde,Batería,23
"MULTILINESTRING Z ((443376.0101 4474014.1811 0,443378.0152 4474044.9799 0))",2322723,Verde,Línea,6
"MULTILINESTRING Z ((440550.6495 4476483.2545 0,440574.7197 4476480.1553 0))",2322724,Verde,Batería,9
"MULTILINESTRING Z ((443374.406 4473995.7339 0,443374.9674 4474002.2305 0))",2322725,Verde,Línea,1
"MULTILINESTRING Z ((440543.0393 4476647.3385 0,440541.7307 4476621.6498 0))",2322728,Verde,Línea,5
"MULTILINESTRING Z ((440539.8024 4476580.8096 0,440539.5957 4476575.7132 0))",2322732,Verde,Línea,1
"MULTILINESTRING Z ((440439.0792 4476494.6181 0,440467.6949 4476490.6925 0))",2322734,Verde,Línea,6
"MULTILINESTRING Z ((443227.8689 4474095.7988 0,443293.565 4474090.9859 0))",2322735,Verde,Línea,13
"MULTILINESTRING Z ((443293.565 4474083.6462 0,443227.2673 4474088.2185 0))",2322737,Verde,Batería,26
"MULTILINESTRING Z ((440496.1557 4476486.9927 0,440504.0723 4476486.0761 0))",2322738,Verde,Línea,2
"MULTILINESTRING Z ((443300.5437 4474092.1891 0,443309.0866 4474098.4459 0))",2322739,Verde,Línea,2
"MULTILINESTRING Z ((440513.2872 4476376.6774 0,440553.9897 4476374.4735 0))",2322744,Verde,Batería,15
"MULTILINESTRING Z ((443317.7498 4474100.2507 0,443323.4049 4474103.9807 0,443325.3301 4474104.2214 0,443338.4453 4474103.6198 0))",2322745,Verde,Línea,4
"MULTILINESTRING Z ((440402.8785 4476480.6671 0,440407.0282 4476481.7843 0,440411.2577 4476483.4601 0,440414.2104 4476485.2956 0,440415.4074 4476486.5724 0))",2322748,Verde,Batería,5
"MULTILINESTRING Z ((440418.7591 4476489.0463 0,440421.0734 4476490.9615 0,440423.3078 4476494.1536 0))",2322750,Verde,Batería,3
"MULTILINESTRING Z ((443338.8062 4474058.8598 0,443337.8436 4474043.4585 0))",2322751,Verde,Línea,3
"MULTILINESTRING Z ((440551.6372 4476479.7434 0,440614.5859 4476471.0925 0))",2322752,Verde,Línea,13
"MULTILINESTRING Z ((443320.1562 4474043.0976 0,443335.5575 4474042.3756 0))",2322753,Verde,Línea,3
"MULTILINESTRING Z ((440626.2349 4476368.7572 0,440584.9126 4476372.2696 0))",2322754,Verde,Batería,16
"MULTILINESTRING Z ((443297.8966 4474081.8414 0,443312.215 4474067.523 0))",2322755,Verde,Línea,4
"MULTILINESTRING Z ((440564.5957 4476396.8564 0,440563.0117 4476402.2972 0))",2322756,Verde,Línea,1
"MULTILINESTRING Z ((440555.8492 4476426.9528 0,440561.3588 4476407.1181 0))",2322758,Verde,Línea,4
"MULTILINESTRING Z ((440625.3223 4476470.0761 0,440644.989 4476467.5761 0))",2322762,Verde,Línea,4
"MULTILINESTRING Z ((443235.3604 4473960.6409 0,443274.442 4473957.6283 0))",2322763,Verde,Batería,16
"MULTILINESTRING Z ((443287.4692 4473935.7263 0,443288.7719 4473951.8475 0,443288.1205 4473954.5344 0,443286.1665 4473957.4655 0,443284.131 4473958.7682 0,443274.8491 4473959.0939 0))",2322767,Verde,Línea,7
"MULTILINESTRING Z ((440636.0834 4476377.3661 0,440624.4098 4476441.7256 0))",2322768,Verde,Línea,14
"MULTILINESTRING Z ((443290.6446 4473893.5508 0,443294.3084 4473946.5552 0))",2322771,Verde,Línea,10
"MULTILINESTRING Z ((443291.703 4473892.6552 0,443291.0517 4473876.9411 0))",2322773,Verde,Batería,6
"MULTILINESTRING Z ((440557.02 4476369.9969 0,440533.053 4476371.5809 0))",2322774,Verde,Línea,5
"MULTILINESTRING Z ((443508.1429 4473942.0861 0,443524.6109 4473940.7299 0))",2322775,Verde,Línea,3
"MULTILINESTRING Z ((443586.5115 4473935.0146 0,443540.4978 4473938.9863 0))",2322777,Verde,Línea,9
"MULTILINESTRING Z ((440586.1867 4476301.1264 0,440580.8148 4476320.4446 0))",2322778,Verde,Línea,4
"MULTILINESTRING Z ((443702.1756 4473924.5525 0,443686.7731 4473925.9087 0))",2322781,Verde,Línea,3
"MULTILINESTRING Z ((440582.7087 4476368.2752 0,440593.3836 4476367.4487 0))",2322784,Verde,Línea,2
"MULTILINESTRING Z ((443715.3501 4473923.39 0,443736.6617 4473921.5495 0))",2322785,Verde,Línea,4
"MULTILINESTRING Z ((443341.8152 4473820.0286 0,443333.0 4473809.5665 0))",2322791,Verde,Batería,5
"MULTILINESTRING Z ((443360.6082 4473842.5027 0,443343.5589 4473822.2566 0))",2322793,Verde,Batería,10
"MULTILINESTRING Z ((443276.579 4473788.4841 0,443293.9518 4473787.6445 0,443297.2455 4473786.2237 0,443299.3767 4473784.2862 0,443300.7976 4473781.38 0,443300.8621 4473777.505 0))",2322795,Verde,Línea,6
"MULTILINESTRING Z ((443317.0901 4473789.6732 0,443313.7865 4473784.6839 0,443311.2919 4473778.7508 0))",2322797,Verde,Línea,2
"MULTILINESTRING Z ((443258.625 4473789.0654 0,443241.5751 4473790.5508 0))",2322799,Verde,Batería,7
"MULTILINESTRING Z ((443276.3207 4473787.6445 0,443259.8521 4473788.9362 0))",2322801,Verde,Batería,7
"MULTILINESTRING Z ((443471.7193 4473945.3798 0,443457.3824 4473948.3828 0))",2322809,Verde,Línea,3
"MULTILINESTRING Z ((443340.0639 4473838.1483 0,443330.0536 4473838.2775 0))",2322811,Verde,Línea,2
"MULTILINESTRING Z ((443306.1678 4473732.9377 0,443307.3814 4473758.322 0,443308.3927 4473767.0194 0,443308.9995 4473768.233 0))",2322813,Verde,Línea,7
"MULTILINESTRING Z ((440306.3386 4476022.8075 0,440341.3673 4476033.902 0))",2322814,Verde,Línea,7
"MULTILINESTRING Z ((443297.2681 4473694.2039 0,443298.7514 4473714.2956 0))",2322817,Verde,Batería,8
"MULTILINESTRING Z ((443305.9655 4473730.106 0,443305.1565 4473716.1497 0))",2322819,Verde,Batería,5
"MULTILINESTRING Z ((443344.5693 4473758.1881 0,443343.2809 4473744.5676 0))",2322823,Verde,Batería,5
"MULTILINESTRING Z ((443355.7049 4473748.0648 0,443346.9621 4473757.728 0))",2322827,Verde,Batería,5
"MULTILINESTRING Z ((443485.5689 4473643.9145 0,443447.3305 4473684.9457 0))",2322843,Verde,Línea,11
"MULTILINESTRING Z ((443422.9481 4473714.3764 0,443428.6409 4473720.0692 0))",2322845,Verde,Batería,3
"MULTILINESTRING Z ((443442.0673 4473691.4978 0,443424.237 4473710.1873 0))",2322847,Verde,Línea,5
"MULTILINESTRING Z ((443417.7923 4473732.2067 0,443406.1919 4473721.3581 0))",2322849,Verde,Batería,6
"MULTILINESTRING Z ((443429.0705 4473720.7137 0,443418.3294 4473732.0993 0))",2322851,Verde,Batería,5
"MULTILINESTRING Z ((440423.1979 4475987.5268 0,440394.5399 4475978.2774 0))",2322854,Verde,Línea,6
"MULTILINESTRING Z ((443454.2353 4473761.9814 0,443416.8607 4473802.4859 0))",2322855,Verde,Línea,11
"MULTILINESTRING Z ((443486.9414 4473726.808 0,443461.8272 4473754.1287 0))",2322857,Verde,Línea,7
"MULTILINESTRING Z ((443691.589 4473621.871 0,443696.7466 4473630.8968 0,443699.7552 4473637.4871 0,443704.9128 4473649.808 0))",2322865,Verde,Línea,6
"MULTILINESTRING Z ((443686.0017 4473705.0133 0,443698.9911 4473690.3046 0))",2322867,Verde,Batería,7
"MULTILINESTRING Z ((443673.3942 4473695.7488 0,443684.76 4473704.9178 0))",2322869,Verde,Batería,5
"MULTILINESTRING Z ((443709.4018 4473663.275 0,443715.1325 4473676.4555 0))",2322871,Verde,Línea,3
"MULTILINESTRING Z ((443699.4687 4473689.1585 0,443695.0752 4473674.3543 0))",2322873,Verde,Batería,6
"MULTILINESTRING Z ((443714.1774 4473678.3658 0,443722.9644 4473698.9961 0))",2322875,Verde,Batería,8
"MULTILINESTRING Z ((440442.239 4475942.0761 0,440438.4057 4475962.1594 0))",2322878,Verde,Línea,4
"MULTILINESTRING Z ((443723.5375 4473737.3916 0,443728.0265 4473732.3295 0))",2322879,Verde,Batería,3
"MULTILINESTRING Z ((443704.5308 4473761.2693 0,443714.0819 4473769.0057 0))",2322881,Verde,Batería,5
"MULTILINESTRING Z ((443714.7505 4473767.9551 0,443728.4085 4473752.0047 0))",2322883,Verde,Batería,8
"MULTILINESTRING Z ((443716.8517 4473744.8414 0,443703.5757 4473760.6007 0))",2322885,Verde,Batería,8
"MULTILINESTRING Z ((443739.4878 4473738.5377 0,443749.994 4473763.6571 0))",2322887,Verde,Batería,10
"MULTILINESTRING Z ((443756.2977 4473796.3218 0,443752.0953 4473801.2884 0))",2322889,Verde,Batería,3
"MULTILINESTRING Z ((443754.8651 4473771.1069 0,443761.6464 4473787.2483 0))",2322891,Verde,Línea,4
"MULTILINESTRING Z ((443767.0905 4473803.9627 0,443776.8326 4473829.2731 0))",2322897,Verde,Batería,10
"MULTILINESTRING Z ((443732.42 4473825.5482 0,443742.6397 4473833.6666 0))",2322901,Verde,Batería,5
"MULTILINESTRING Z ((443718.6664 4473658.786 0,443709.6884 4473637.2005 0))",2322903,Verde,Batería,9
"MULTILINESTRING Z ((443719.335 4473659.8366 0,443728.122 4473681.5176 0))",2322905,Verde,Batería,9
"MULTILINESTRING Z ((443738.1506 4473705.0133 0,443747.4152 4473727.6494 0))",2322909,Verde,Batería,10
"MULTILINESTRING Z ((443747.6062 4473728.2225 0,443757.0618 4473750.4766 0))",2322911,Verde,Batería,9
"MULTILINESTRING Z ((443776.6416 4473796.7039 0,443785.7151 4473818.3849 0))",2322915,Verde,Batería,9
"MULTILINESTRING Z ((443767.186 4473774.1633 0,443775.8775 4473795.6533 0))",2322917,Verde,Batería,9
"MULTILINESTRING Z ((443786.5747 4473819.2445 0,443795.3617 4473841.4985 0))",2322919,Verde,Batería,9
"MULTILINESTRING Z ((443796.0303 4473842.6447 0,443805.1038 4473864.8032 0))",2322921,Verde,Batería,9
"MULTILINESTRING Z ((443227.5414 4473617.6227 0,443198.7254 4473619.6064 0))",2322923,Verde,Batería,10
"MULTILINESTRING Z ((443325.3697 4473608.3305 0,443362.7471 4473594.0269 0,443378.6168 4473589.9551 0,443404.7183 4473587.5537 0))",2322927,Verde,Línea,15
"MULTILINESTRING Z ((443539.6834 4473549.1829 0,443531.1279 4473542.4606 0))",2322931,Verde,Batería,4
"MULTILINESTRING Z ((443569.5168 4473584.0162 0,443567.9057 4473574.294 0))",2322933,Verde,Línea,2
"MULTILINESTRING Z ((443471.3223 4473528.5162 0,443461.0723 4473541.5995 0))",2322943,Verde,Batería,6
"MULTILINESTRING Z ((443478.489 4473532.1829 0,443469.9057 4473542.8495 0))",2322945,Verde,Batería,5
"MULTILINESTRING Z ((440705.3039 4476084.6998 0,440711.9108 4476086.819 0))",2322948,Verde,Línea,2
"MULTILINESTRING Z ((440688.2882 4476079.5265 0,440698.1362 4476082.5183 0))",2322950,Verde,Línea,2
"MULTILINESTRING Z ((443401.5723 4473418.4329 0,443408.6557 4473423.6829 0))",2322951,Verde,Batería,3
"MULTILINESTRING Z ((440769.9387 4476105.9539 0,440722.756 4476090.3094 0))",2322956,Verde,Línea,10
"MULTILINESTRING Z ((443376.3198 4473531.5922 0,443349.0699 4473499.8528 0))",2322961,Verde,Batería,16
"MULTILINESTRING Z ((443343.6556 4473559.4884 0,443342.8958 4473548.091 0))",2322963,Verde,Batería,4
"MULTILINESTRING Z ((443223.1563 4473453.0789 0,443243.4111 4473451.9304 0))",2322967,Verde,Batería,7
"MULTILINESTRING Z ((443261.5683 4473494.2646 0,443262.3773 4473504.5801 0))",2322981,Verde,Línea,2
"MULTILINESTRING Z ((440605.1949 4475872.3041 0,440613.4594 4475875.0933 0))",2322982,Verde,Línea,1
"MULTILINESTRING Z ((443278.7608 4473553.5283 0,443278.2552 4473546.9547 0))",2322983,Verde,Batería,3
"MULTILINESTRING Z ((443275.9291 4473515.907 0,443277.8506 4473542.5049 0))",2322985,Verde,Batería,10
"MULTILINESTRING Z ((443272.794 4473497.8042 0,443274.0076 4473515.907 0))",2322989,Verde,Línea,4
"MULTILINESTRING Z ((440686.1379 4475970.7631 0,440689.2232 4475959.544 0))",2322990,Verde,Línea,2
"MULTILINESTRING Z ((443255.7026 4473415.6845 0,443254.3879 4473398.5931 0))",2322991,Verde,Línea,3
"MULTILINESTRING Z ((440690.739 4475954.6594 0,440702.489 4475915.6594 0))",2322992,Verde,Línea,8
"MULTILINESTRING Z ((443251.7584 4473388.1764 0,443250.3426 4473364.3091 0))",2322993,Verde,Batería,8
"MULTILINESTRING Z ((443257.523 4473433.0793 0,443257.1184 4473426.7079 0))",2322995,Verde,Línea,1
"MULTILINESTRING Z ((443262.543 4473434.2427 0,443257.7297 4473368.617 0,443255.8513 4473337.7412 0))",2322997,Verde,Línea,20
"MULTILINESTRING Z ((443252.1629 4473362.4887 0,443250.5448 4473341.8576 0))",2322999,Verde,Línea,4
"MULTILINESTRING Z ((440721.9457 4476079.6824 0,440732.6974 4476044.903 0))",2323002,Verde,Línea,7
"MULTILINESTRING Z ((440735.6891 4476036.0212 0,440734.0063 4476041.6308 0))",2323004,Verde,Línea,1
"MULTILINESTRING Z ((440685.6701 4476008.6677 0,440710.3602 4476016.6223 0))",2323006,Verde,Línea,5
"MULTILINESTRING Z ((443371.4464 4473368.6882 0,443371.1662 4473362.0564 0))",2323013,Verde,Línea,1
"MULTILINESTRING Z ((440206.8223 4475877.0761 0,440230.3223 4475874.9094 0))",2323016,Verde,Línea,5
"MULTILINESTRING Z ((440168.9346 4475755.603 0,440179.4029 4475753.1236 0))",2323022,Verde,Línea,2
"MULTILINESTRING Z ((440168.5902 4475750.2999 0,440226.9924 4475736.0437 0))",2323024,Verde,Línea,12
"MULTILINESTRING Z ((443397.3916 4473294.8698 0,443386.6129 4473295.6757 0))",2323025,Verde,Línea,2
"MULTILINESTRING Z ((440290.6457 4475868.9728 0,440264.4768 4475871.3518 0))",2323026,Verde,Línea,5
"MULTILINESTRING Z ((443383.1879 4473286.5088 0,443422.8776 4473284.0911 0))",2323029,Verde,Línea,8
"MULTILINESTRING Z ((443437.6857 4473283.1845 0,443473.8497 4473280.1625 0,443483.3188 4473279.6588 0,443486.9453 4473279.6588 0,443490.2696 4473280.0617 0,443496.5152 4473281.3713 0))",2323031,Verde,Línea,12
"MULTILINESTRING Z ((443247.0445 4473286.8457 0,443245.2432 4473258.6551 0))",2323033,Verde,Línea,5
"MULTILINESTRING Z ((443243.9823 4473247.4419 0,443242.4962 4473225.9613 0))",2323035,Verde,Línea,4
"MULTILINESTRING Z ((443238.7585 4473169.49 0,443238.128 4473138.6875 0))",2323037,Verde,Línea,6
"MULTILINESTRING Z ((443303.5489 4473613.864 0,443296.6581 4473615.4301 0,443291.0202 4473616.161 0,443287.4704 4473616.2654 0))",2323039,Verde,Línea,3
"MULTILINESTRING Z ((443373.0833 4473616.3698 0,443374.2317 4473632.5527 0))",2323041,Verde,Batería,6
"MULTILINESTRING Z ((443538.983 4473595.3152 0,443565.4969 4473592.7312 0))",2323043,Verde,Línea,5
"MULTILINESTRING Z ((443388.6795 4474567.1369 0,443370.2088 4474520.8167 0))",2323049,Verde,Línea,10
"MULTILINESTRING Z ((443628.1993 4474216.1788 0,443637.5683 4474220.8246 0))",2323057,Verde,Línea,2
"MULTILINESTRING Z ((443703.2284 4474313.0429 0,443709.5001 4474332.5551 0))",2323059,Verde,Línea,4
"MULTILINESTRING Z ((440513.4938 4475889.9005 0,440504.1963 4475920.479 0))",2323068,Verde,Línea,6
"MULTILINESTRING Z ((440529.885 4475852.7793 0,440535.8767 4475854.7421 0))",2323072,Verde,Línea,1
"MULTILINESTRING Z ((440543.5214 4475857.2214 0,440548.6867 4475859.0809 0))",2323074,Verde,Línea,1
"MULTILINESTRING Z ((443747.1238 4473920.8229 0,443741.3115 4473921.2589 0))",2323083,Verde,Línea,1
"MULTILINESTRING Z ((443377.5727 4473631.091 0,443391.1455 4473616.5786 0))",2323089,Verde,Batería,7
"MULTILINESTRING Z ((440492.6949 4475841.209 0,440498.1701 4475841.519 0))",2323090,Verde,Línea,1
"MULTILINESTRING Z ((443381.8534 4473609.2702 0,443381.2269 4473619.7108 0))",2323091,Verde,Batería,5
"MULTILINESTRING Z ((443390.2058 4473607.5997 0,443389.7882 4473615.3257 0))",2323093,Verde,Batería,3
"MULTILINESTRING Z ((443390.4146 4473602.275 0,443381.1225 4473603.9455 0))",2323095,Verde,Línea,2
"MULTILINESTRING Z ((440375.0296 4475850.6099 0,440380.8148 4475849.8867 0))",2323096,Verde,Batería,2
"MULTILINESTRING Z ((440417.489 4475845.6594 0,440392.5723 4475848.5761 0))",2323098,Verde,Batería,10
"MULTILINESTRING Z ((443358.0232 4473559.0739 0,443359.8882 4473548.4364 0))",2323099,Verde,Batería,4
"MULTILINESTRING Z ((440453.4387 4475840.176 0,440441.6619 4475841.4156 0))",2323100,Verde,Línea,2
"MULTILINESTRING Z ((443356.3654 4473560.041 0,443346.0732 4473560.6626 0))",2323101,Verde,Batería,4
"MULTILINESTRING Z ((443345.5897 4473545.8115 0,443354.0859 4473545.328 0))",2323103,Verde,Batería,3
"MULTILINESTRING Z ((443242.0909 4473139.9485 0,443242.7213 4473168.7695 0))",2323109,Verde,Batería,11
"MULTILINESTRING Z ((440645.7941 4475702.8826 0,440644.0379 4475712.9033 0))",2323118,Verde,Línea,2
"MULTILINESTRING Z ((443291.7842 4473130.6379 0,443307.9357 4473130.3595 0))",2323119,Verde,Línea,4
"MULTILINESTRING Z ((443318.889 4473130.4523 0,443337.5468 4473130.2666 0))",2323121,Verde,Línea,4
"MULTILINESTRING Z ((443255.1504 4473175.2542 0,443261.9053 4473175.0741 0))",2323125,Verde,Línea,1
"MULTILINESTRING Z ((443364.7908 4473163.7299 0,443363.6769 4473141.7305 0))",2323129,Verde,Línea,4
"MULTILINESTRING Z ((440567.5723 4475675.9094 0,440569.6557 4475661.0761 0))",2323132,Verde,Línea,3
"MULTILINESTRING Z ((440578.7142 4475590.3137 0,440570.0365 4475655.6718 0))",2323134,Verde,Línea,13
"MULTILINESTRING Z ((443491.5429 4473131.2877 0,443493.2137 4473161.3629 0))",2323135,Verde,Línea,6
"MULTILINESTRING Z ((440583.5278 4475647.2147 0,440617.8119 4475651.1041 0))",2323136,Verde,Línea,7
"MULTILINESTRING Z ((443254.9703 4473179.6675 0,443280.2788 4473179.037 0,443290.0959 4473178.6767 0,443326.7527 4473176.5152 0,443345.6665 4473174.984 0))",2323137,Verde,Línea,18
"MULTILINESTRING Z ((440635.6701 4475652.7793 0,440621.3451 4475651.4019 0))",2323138,Verde,Línea,3
"MULTILINESTRING Z ((440648.1701 4475644.7214 0,440651.6825 4475625.4033 0))",2323140,Verde,Línea,4
"MULTILINESTRING Z ((440662.5296 4475576.0231 0,440663.7693 4475569.928 0))",2323144,Verde,Línea,1
"MULTILINESTRING Z ((443456.7626 4473172.5973 0,443436.4978 4473173.0026 0))",2323149,Verde,Línea,4
"MULTILINESTRING Z ((443408.3973 4473173.0026 0,443413.531 4473172.8675 0))",2323159,Verde,Línea,1
"MULTILINESTRING Z ((443374.6226 4473173.543 0,443404.8847 4473173.0026 0))",2323161,Verde,Línea,6
"MULTILINESTRING Z ((440658.0875 4475645.9611 0,440661.0834 4475630.6718 0))",2323164,Verde,Línea,3
"MULTILINESTRING Z ((443420.5562 4473181.2436 0,443422.8528 4473215.964 0))",2323165,Verde,Línea,7
"MULTILINESTRING Z ((440863.7004 4475813.592 0,440815.4222 4475807.738 0))",2323166,Verde,Batería,17
"MULTILINESTRING Z ((443423.2581 4473220.2871 0,443423.7985 4473230.2844 0))",2323167,Verde,Línea,2
"MULTILINESTRING Z ((443655.7629 4473540.2007 0,443643.604 4473511.3796 0))",2323169,Verde,Batería,12
"MULTILINESTRING Z ((443629.4637 4473518.3147 0,443620.6372 4473528.2219 0))",2323171,Verde,Batería,5
"MULTILINESTRING Z ((443608.9287 4473527.7716 0,443606.4969 4473531.2841 0,443620.0068 4473542.3622 0,443624.3299 4473537.0484 0))",2323173,Verde,Batería,10
"MULTILINESTRING Z ((440776.4544 4475876.5186 0,440777.77 4475870.1434 0))",2323174,Verde,Línea,1
"MULTILINESTRING Z ((443630.0041 4473477.695 0,443620.277 4473455.4488 0))",2323175,Verde,Batería,9
"MULTILINESTRING Z ((443592.0864 4473454.9985 0,443582.3593 4473467.2474 0,443587.0427 4473471.0302 0))",2323177,Verde,Batería,9
"MULTILINESTRING Z ((443604.6956 4473438.1562 0,443602.1737 4473441.9389 0))",2323181,Verde,Batería,2
"MULTILINESTRING Z ((440700.5462 4475788.8674 0,440760.8767 4475796.5121 0))",2323182,Verde,Línea,12
"MULTILINESTRING Z ((443574.7938 4473401.4093 0,443565.4269 4473413.5682 0))",2323183,Verde,Batería,6
"MULTILINESTRING Z ((443560.5634 4473393.9339 0,443553.5382 4473402.6703 0,443560.3832 4473408.3444 0))",2323185,Verde,Batería,7
"MULTILINESTRING Z ((443528.4206 4473329.1811 0,443539.3502 4473345.4029 0))",2323189,Verde,Línea,4
"MULTILINESTRING Z ((440809.7059 4475802.5038 0,440846.3451 4475806.9115 0))",2323198,Verde,Línea,7
"MULTILINESTRING Z ((443290.0746 4473871.486 0,443290.3189 4473875.8012 0))",2323199,Verde,Línea,1
"MULTILINESTRING Z ((440855.8492 4475808.0134 0,440866.1798 4475809.2531 0))",2323200,Verde,Línea,2
"MULTILINESTRING Z ((443288.8533 4473871.5674 0,443288.5276 4473866.5194 0))",2323201,Verde,Línea,1
"MULTILINESTRING Z ((440842.9704 4475680.052 0,440906.3313 4475687.0079 0))",2323202,Verde,Línea,13
"MULTILINESTRING Z ((443373.6891 4474241.0336 0,443412.0166 4474265.1916 0))",2323205,Verde,Línea,10
"MULTILINESTRING Z ((443659.1116 4474496.31 0,443651.9341 4474491.7198 0,443650.098 4474490.8017 0))",2323209,Verde,Línea,2
"MULTILINESTRING Z ((443719.619 4474499.231 0,443710.1047 4474498.9806 0,443700.1731 4474498.313 0,443690.0747 4474496.31 0,443680.8108 4474493.5558 0,443672.4649 4474489.8837 0))",2323211,Verde,Línea,9
"MULTILINESTRING Z ((443737.065 4474399.3766 0,443747.7502 4474414.0882 0))",2323213,Verde,Línea,5
"MULTILINESTRING Z ((443700.3635 4474302.8222 0,443701.9895 4474308.01 0))",2323215,Verde,Línea,1
"MULTILINESTRING Z ((440921.3987 4475634.2501 0,440910.2348 4475632.3775 0))",2323222,Verde,Línea,2
"MULTILINESTRING Z ((440906.7594 4475631.5182 0,440901.9402 4475630.861 0))",2323224,Verde,Línea,1
"MULTILINESTRING Z ((440854.295 4475623.194 0,440898.5448 4475630.2039 0))",2323226,Verde,Línea,9
"MULTILINESTRING Z ((443787.8046 4474378.3831 0,443791.2264 4474382.8898 0))",2323229,Verde,Línea,1
"MULTILINESTRING Z ((440833.96 4475615.5235 0,440797.3711 4475610.1216 0))",2323230,Verde,Línea,8
"MULTILINESTRING Z ((440806.8064 4475563.0171 0,440813.1446 4475563.9534 0))",2323232,Verde,Línea,1
"MULTILINESTRING Z ((440819.0507 4475564.9617 0,440842.9631 4475568.9231 0))",2323234,Verde,Línea,5
"MULTILINESTRING Z ((443791.8106 4474237.2547 0,443793.2294 4474240.3427 0,443797.0685 4474251.0254 0,443799.4053 4474258.2028 0,443803.4948 4474272.2238 0,443808.7527 4474289.4163 0))",2323237,Verde,Línea,11
"MULTILINESTRING Z ((443303.8975 4473826.9755 0,443293.0476 4473827.1692 0,443287.6872 4473827.4921 0))",2323241,Verde,Línea,3
"MULTILINESTRING Z ((440855.0916 4475578.2614 0,440853.0944 4475589.074 0))",2323246,Verde,Línea,2
"MULTILINESTRING Z ((443320.3661 4473794.6841 0,443331.6681 4473809.6673 0))",2323247,Verde,Línea,4
"MULTILINESTRING Z ((440849.0133 4475609.4014 0,440851.9303 4475593.5198 0))",2323248,Verde,Línea,3
"MULTILINESTRING Z ((443370.8766 4473856.6459 0,443363.6112 4473847.4431 0))",2323249,Verde,Línea,2
"MULTILINESTRING Z ((440784.3345 4475555.0222 0,440843.7554 4475564.5296 0))",2323254,Verde,Línea,12
"MULTILINESTRING Z ((443757.6349 4473751.3362 0,443760.9778 4473759.9321 0))",2323265,Verde,Batería,4
"MULTILINESTRING Z ((440864.2826 4475567.8428 0,440884.3777 4475571.0839 0))",2323266,Verde,Línea,4
"MULTILINESTRING Z ((443334.3995 4473411.2532 0,443342.6195 4473439.9885 0))",2323267,Verde,Línea,6
"MULTILINESTRING Z ((442418.1302 4474653.9425 0,442428.6302 4474653.1092 0))",2323279,Verde,Línea,2
"MULTILINESTRING Z ((440744.0076 4476544.0097 0,440740.8037 4476528.8641 0))",2323282,Verde,Línea,3
"MULTILINESTRING Z ((440729.0561 4476472.9418 0,440732.3571 4476488.6699 0))",2323284,Verde,Línea,3
"MULTILINESTRING Z ((442524.4843 4474753.9972 0,442522.8528 4474735.3371 0))",2323285,Verde,Batería,7
"MULTILINESTRING Z ((440733.5222 4476493.5243 0,440736.8231 4476508.8641 0))",2323286,Verde,Línea,3
"MULTILINESTRING Z ((440739.9299 4476525.0777 0,440738.862 4476519.7379 0))",2323288,Verde,Línea,1
"MULTILINESTRING Z ((442569.5199 4474639.3155 0,442579.649 4474638.5678 0))",2323295,Verde,Batería,4
"MULTILINESTRING Z ((440808.0853 4476534.2039 0,440809.3474 4476547.699 0))",2323296,Verde,Línea,3
"MULTILINESTRING Z ((442519.489 4474541.0995 0,442528.3223 4474540.5162 0))",2323301,Verde,Batería,3
"MULTILINESTRING Z ((440747.9498 4476464.8516 0,440735.3562 4476465.183 0))",2323302,Verde,Batería,5
"MULTILINESTRING Z ((440793.0218 4476463.3934 0,440754.2467 4476464.5202 0))",2323304,Verde,Batería,14
"MULTILINESTRING Z ((440779.908 4476535.8344 0,440784.9391 4476534.2456 0))",2323308,Verde,Línea,1
"MULTILINESTRING Z ((440799.8338 4476529.2807 0,440794.6041 4476531.0019 0))",2323310,Verde,Línea,1
"MULTILINESTRING Z ((440805.9057 4476504.8261 0,440805.3223 4476496.0761 0))",2323314,Verde,Línea,2
"MULTILINESTRING Z ((442451.2092 4474648.0174 0,442453.9592 4474647.8507 0))",2323315,Verde,Batería,1
"MULTILINESTRING Z ((440820.1241 4476629.0583 0,440817.5028 4476590.7088 0))",2323316,Verde,Línea,7
"MULTILINESTRING Z ((440811.6557 4476514.5162 0,440815.739 4476568.9329 0,440816.9057 4476585.5995 0))",2323318,Verde,Línea,14
"MULTILINESTRING Z ((442509.9734 4474614.992 0,442507.3068 4474581.6031 0))",2323319,Verde,Línea,8
"MULTILINESTRING Z ((440827.4222 4476462.598 0,440928.7678 4476459.4828 0))",2323320,Verde,Batería,40
"MULTILINESTRING Z ((442506.13 4474568.5175 0,442506.5379 4474573.5139 0))",2323321,Verde,Línea,1
"MULTILINESTRING Z ((442502.4057 4474530.8495 0,442499.739 4474495.3495 0))",2323327,Verde,Línea,7
"MULTILINESTRING Z ((440713.4168 4476462.3329 0,440765.4483 4476460.7421 0))",2323330,Verde,Línea,10
"MULTILINESTRING Z ((440792.9555 4476460.0793 0,440770.6846 4476460.6096 0))",2323332,Verde,Línea,5
"MULTILINESTRING Z ((442414.3411 4474446.1477 0,442410.3234 4474460.4176 0))",2323335,Verde,Línea,3
"MULTILINESTRING Z ((440711.1921 4476394.0097 0,440790.3183 4476398.3787 0))",2323338,Verde,Línea,16
"MULTILINESTRING Z ((442399.6556 4474501.4262 0,442394.8066 4474519.5752 0))",2323339,Verde,Línea,4
"MULTILINESTRING Z ((440795.6581 4476367.0842 0,440797.4057 4476392.1974 0))",2323340,Verde,Línea,5
"MULTILINESTRING Z ((440784.0076 4476356.3398 0,440752.7455 4476359.1554 0))",2323344,Verde,Batería,12
"MULTILINESTRING Z ((440928.7015 4476456.4338 0,440897.2837 4476457.2954 0))",2323346,Verde,Línea,6
"MULTILINESTRING Z ((442557.8223 4474534.8495 0,442574.4057 4474533.7662 0))",2323347,Verde,Línea,3
"MULTILINESTRING Z ((442587.739 4474533.0162 0,442582.3223 4474533.3495 0))",2323349,Verde,Línea,1
"MULTILINESTRING Z ((440819.0044 4476459.4828 0,440834.1167 4476459.0851 0))",2323350,Verde,Línea,3
"MULTILINESTRING Z ((442510.6258 4474422.3507 0,442515.8758 4474421.8507 0))",2323351,Verde,Línea,1
"MULTILINESTRING Z ((440932.3571 4476447.8932 0,440931.7746 4476434.7864 0))",2323352,Verde,Línea,3
"MULTILINESTRING Z ((442498.239 4474431.7662 0,442500.5723 4474461.5162 0))",2323355,Verde,Batería,11
"MULTILINESTRING Z ((440902.7954 4476348.0726 0,440917.4911 4476347.1789 0))",2323356,Verde,Batería,6
"MULTILINESTRING Z ((440860.0723 4476351.8261 0,440893.6557 4476349.3261 0))",2323358,Verde,Batería,12
"MULTILINESTRING Z ((442786.855 4474736.4603 0,442785.2915 4474713.5508 0))",2323359,Verde,Batería,8
"MULTILINESTRING Z ((440853.1557 4476352.3261 0,440835.239 4476353.8261 0))",2323360,Verde,Batería,7
"MULTILINESTRING Z ((440811.1557 4476355.6594 0,440826.1557 4476354.4927 0))",2323362,Verde,Batería,5
"MULTILINESTRING Z ((440919.4057 4476343.3261 0,440901.739 4476344.4927 0))",2323364,Verde,Línea,3
"MULTILINESTRING Z ((440847.1557 4476348.4094 0,440896.5723 4476344.8261 0))",2323366,Verde,Línea,10
"MULTILINESTRING Z ((440808.8223 4476351.1594 0,440833.3223 4476349.4094 0))",2323368,Verde,Línea,5
"MULTILINESTRING Z ((442916.6531 4474724.2226 0,442915.3276 4474704.5428 0))",2323369,Verde,Línea,4
"MULTILINESTRING Z ((442867.4057 4474620.8261 0,442887.8223 4474619.2427 0))",2323375,Verde,Línea,4
"MULTILINESTRING Z ((440958.5723 4476339.6594 0,441012.739 4476335.7427 0))",2323388,Verde,Línea,11
"MULTILINESTRING Z ((441034.239 4476334.3261 0,441017.489 4476335.4927 0))",2323390,Verde,Línea,4
"MULTILINESTRING Z ((441059.1557 4476332.2427 0,441044.4057 4476333.2427 0))",2323392,Verde,Línea,3
"MULTILINESTRING Z ((442908.3937 4474604.92 0,442907.3741 4474590.2367 0))",2323395,Verde,Línea,3
"MULTILINESTRING Z ((442905.9465 4474572.3923 0,442906.8642 4474586.2599 0))",2323397,Verde,Línea,3
"MULTILINESTRING Z ((442902.2757 4474524.5693 0,442905.0288 4474565.4584 0))",2323399,Verde,Línea,8
"MULTILINESTRING Z ((442894.2807 4474515.0995 0,442879.6557 4474515.9745 0))",2323403,Verde,Batería,5
"MULTILINESTRING Z ((441170.4659 4476452.9208 0,441167.5826 4476452.9208 0))",2323404,Verde,Batería,1
"MULTILINESTRING Z ((441094.0094 4476451.33 0,441155.8507 4476450.2364 0))",2323418,Verde,Línea,12
"MULTILINESTRING Z ((442762.989 4474524.1829 0,442697.3223 4474528.7662 0))",2323419,Verde,Batería,25
"MULTILINESTRING Z ((441081.4057 4476439.9094 0,441081.5723 4476442.4927 0))",2323420,Verde,Batería,1
"MULTILINESTRING Z ((442689.2645 4474529.2598 0,442662.6509 4474531.0952 0))",2323421,Verde,Batería,10
"MULTILINESTRING Z ((442672.0723 4474526.9094 0,442746.8223 4474521.6594 0))",2323423,Verde,Línea,16
"MULTILINESTRING Z ((442767.6844 4474441.423 0,442768.0243 4474447.1334 0))",2323427,Verde,Batería,2
"MULTILINESTRING Z ((441075.917 4476363.3301 0,441074.9461 4476345.9838 0))",2323428,Verde,Batería,6
"MULTILINESTRING Z ((442765.7809 4474412.735 0,442767.0046 4474431.3618 0))",2323429,Verde,Batería,7
"MULTILINESTRING Z ((442753.8103 4474404.0431 0,442748.5079 4474404.2471 0))",2323431,Verde,Línea,1
"MULTILINESTRING Z ((441213.4057 4476367.2662 0,441211.6557 4476342.2662 0))",2323432,Verde,Línea,5
"MULTILINESTRING Z ((442743.9194 4474404.553 0,442718.5294 4474406.3884 0))",2323433,Verde,Línea,5
"MULTILINESTRING Z ((441211.1557 4476336.2662 0,441210.4057 4476325.5995 0))",2323434,Verde,Línea,2
"MULTILINESTRING Z ((442681.2091 4474408.7336 0,442701.2968 4474407.612 0))",2323435,Verde,Línea,4
"MULTILINESTRING Z ((442773.2588 4474477.045 0,442774.7544 4474499.0708 0))",2323437,Verde,Línea,5
"MULTILINESTRING Z ((441208.4057 4476298.0718 0,441208.8501 4476303.794 0))",2323438,Verde,Línea,1
"MULTILINESTRING Z ((442769.3159 4474411.8512 0,442772.9189 4474466.304 0))",2323439,Verde,Línea,11
"MULTILINESTRING Z ((441231.3501 4476546.294 0,441229.1834 4476517.0718 0))",2323442,Verde,Línea,6
"MULTILINESTRING Z ((442900.9501 4474499.995 0,442897.1773 4474445.952 0))",2323445,Verde,Línea,11
"MULTILINESTRING Z ((442896.2595 4474428.6174 0,442896.8714 4474438.9162 0))",2323447,Verde,Línea,2
"MULTILINESTRING Z ((442894.3222 4474404.0431 0,442895.6477 4474423.3151 0))",2323449,Verde,Línea,4
"MULTILINESTRING Z ((441296.833 4476442.6802 0,441281.2235 4476443.8733 0))",2323450,Verde,Línea,3
"MULTILINESTRING Z ((441223.5168 4476437.5162 0,441222.4057 4476421.9606 0))",2323454,Verde,Línea,3
"MULTILINESTRING Z ((442452.087 4474405.6746 0,442480.5361 4474403.1254 0))",2323455,Verde,Línea,6
"MULTILINESTRING Z ((442562.1105 4474399.9644 0,442508.2714 4474404.349 0))",2323457,Verde,Línea,11
"MULTILINESTRING Z ((441217.906 4476358.638 0,441218.3227 4476363.5547 0))",2323458,Verde,Línea,1
"MULTILINESTRING Z ((442491.6557 4474394.3495 0,442490.9057 4474384.1829 0))",2323459,Verde,Línea,2
"MULTILINESTRING Z ((441216.489 4476338.0995 0,441217.8223 4476356.1829 0))",2323460,Verde,Línea,4
"MULTILINESTRING Z ((441213.5723 4476297.9051 0,441216.0723 4476333.6829 0))",2323462,Verde,Línea,7
"MULTILINESTRING Z ((441207.4612 4476264.1829 0,441205.7946 4476240.5162 0))",2323464,Verde,Batería,9
"MULTILINESTRING Z ((442471.4609 4474276.3792 0,442480.4341 4474279.5402 0))",2323465,Verde,Línea,2
"MULTILINESTRING Z ((441201.3501 4476176.6829 0,441200.9057 4476170.7384 0))",2323468,Verde,Batería,2
"MULTILINESTRING Z ((442576.9057 4474269.9927 0,442585.489 4474269.3261 0))",2323469,Verde,Línea,2
"MULTILINESTRING Z ((442497.889 4474277.3014 0,442546.9848 4474272.7383 0))",2323471,Verde,Línea,10
"MULTILINESTRING Z ((441066.989 4476242.4094 0,441062.8223 4476187.1594 0))",2323472,Verde,Batería,20
"MULTILINESTRING Z ((441197.739 4476150.0162 0,441194.5723 4476104.3495 0))",2323474,Verde,Línea,9
"MULTILINESTRING Z ((442532.2338 4474251.0911 0,442507.0478 4474253.7423 0))",2323479,Verde,Línea,5
"MULTILINESTRING Z ((441068.7336 4476152.6754 0,441087.1369 4476153.2712 0))",2323488,Verde,Batería,6
"MULTILINESTRING Z ((442700.1675 4474389.8507 0,442646.5425 4474393.4757 0))",2323491,Verde,Línea,11
"MULTILINESTRING Z ((442808.2612 4474382.6298 0,442778.1806 4474384.2613 0))",2323493,Verde,Línea,6
"MULTILINESTRING Z ((442828.4508 4474381.3043 0,442881.4742 4474377.4295 0))",2323495,Verde,Línea,12
"MULTILINESTRING Z ((442889.9306 4474340.5822 0,442889.2668 4474329.8627 0))",2323499,Verde,Línea,2
"MULTILINESTRING Z ((441472.0171 4476165.8489 0,441507.3673 4476167.4377 0))",2323500,Verde,Batería,12
"MULTILINESTRING Z ((441466.7807 4476119.2245 0,441467.0307 4476095.9745 0))",2323504,Verde,Línea,5
"MULTILINESTRING Z ((442872.399 4474245.3809 0,442858.9393 4474246.2986 0))",2323505,Verde,Línea,3
"MULTILINESTRING Z ((442810.2517 4474250.1001 0,442800.901 4474251.022 0))",2323509,Verde,Línea,2
"MULTILINESTRING Z ((441298.486 4476054.7552 0,441297.3937 4476079.0824 0))",2323514,Verde,Línea,5
"MULTILINESTRING Z ((442766.7327 4474372.6262 0,442764.6252 4474332.1096 0))",2323517,Verde,Línea,8
"MULTILINESTRING Z ((441294.2163 4476054.5566 0,441293.2234 4476079.1817 0))",2323518,Verde,Línea,5
"MULTILINESTRING Z ((442756.8754 4474265.6922 0,442758.5749 4474292.8845 0))",2323519,Verde,Batería,10
"MULTILINESTRING Z ((441290.3438 4476150.7734 0,441292.9255 4476089.4091 0))",2323520,Verde,Línea,12
"MULTILINESTRING Z ((442761.2262 4474339.9274 0,442759.1868 4474306.6167 0))",2323521,Verde,Batería,12
"MULTILINESTRING Z ((441196.0723 4476051.4329 0,441198.489 4476086.6829 0))",2323522,Verde,Línea,7
"MULTILINESTRING Z ((442762.9937 4474372.2183 0,442761.6341 4474349.8526 0))",2323523,Verde,Batería,8
"MULTILINESTRING Z ((442751.7709 4474382.3239 0,442731.2753 4474383.8535 0))",2323525,Verde,Línea,4
"MULTILINESTRING Z ((441199.1834 4476097.9051 0,441200.6279 4476117.1829 0))",2323526,Verde,Línea,4
"MULTILINESTRING Z ((442716.6939 4474384.7712 0,442721.6904 4474384.5672 0))",2323527,Verde,Línea,1
"MULTILINESTRING Z ((441211.5908 4476157.1107 0,441240.8507 4476158.0375 0))",2323528,Verde,Batería,11
"MULTILINESTRING Z ((442699.5425 4474385.7257 0,442674.6675 4474387.4757 0))",2323529,Verde,Línea,5
"MULTILINESTRING Z ((441206.9057 4476205.8495 0,441209.4057 4476240.8495 0))",2323530,Verde,Línea,7
"MULTILINESTRING Z ((442666.5072 4474262.4331 0,442673.1199 4474261.8452 0))",2323533,Verde,Línea,1
"MULTILINESTRING Z ((441205.0168 4476179.5162 0,441205.3501 4476185.0162 0))",2323534,Verde,Línea,1
"MULTILINESTRING Z ((442744.1233 4474255.8836 0,442714.3487 4474258.4328 0))",2323535,Verde,Línea,6
"MULTILINESTRING Z ((442868.9304 4474223.6338 0,442815.4896 4474228.1341 0))",2323537,Verde,Línea,11
"MULTILINESTRING Z ((441462.6557 4476224.8495 0,441462.5307 4476231.7245 0))",2323538,Verde,Batería,2
"MULTILINESTRING Z ((442880.4545 4474213.465 0,442879.2309 4474197.252 0))",2323539,Verde,Línea,3
"MULTILINESTRING Z ((442877.9053 4474178.7958 0,442878.7211 4474189.8084 0))",2323541,Verde,Línea,2
"MULTILINESTRING Z ((441466.6557 4476178.7245 0,441466.1557 4476193.9745 0))",2323542,Verde,Línea,3
"MULTILINESTRING Z ((441465.7807 4476229.4745 0,441465.7807 4476201.3495 0))",2323546,Verde,Línea,5
"MULTILINESTRING Z ((440940.5275 4475909.8837 0,440879.5604 4475909.288 0))",2323548,Verde,Línea,12
"MULTILINESTRING Z ((440948.2725 4475910.1816 0,440984.118 4475909.983 0))",2323550,Verde,Línea,7
"MULTILINESTRING Z ((442659.8901 4474241.2698 0,442637.9411 4474242.9087 0))",2323551,Verde,Línea,4
"MULTILINESTRING Z ((442671.8304 4474240.2163 0,442687.6338 4474238.753 0))",2323553,Verde,Línea,3
"MULTILINESTRING Z ((441041.0809 4475924.0038 0,441042.4406 4475945.3713 0))",2323554,Verde,Línea,4
"MULTILINESTRING Z ((442742.3309 4474233.6608 0,442700.5398 4474237.0849 0))",2323555,Verde,Línea,9
"MULTILINESTRING Z ((441047.1026 4476011.6106 0,441043.0234 4475950.5675 0))",2323556,Verde,Línea,12
"MULTILINESTRING Z ((441027.9071 4475905.4155 0,440972.2026 4475905.3162 0))",2323562,Verde,Línea,11
"MULTILINESTRING Z ((441038.8146 4475895.3842 0,441037.9081 4475880.168 0))",2323564,Verde,Línea,3
"MULTILINESTRING Z ((442908.5977 4474371.5153 0,442919.6102 4474370.6996 0))",2323569,Verde,Línea,2
"MULTILINESTRING Z ((440937.3501 4475811.1829 0,440973.0723 4475807.6829 0))",2323570,Verde,Línea,7
"MULTILINESTRING Z ((440978.489 4475807.0995 0,441023.5723 4475802.5995 0))",2323572,Verde,Línea,9
"MULTILINESTRING Z ((441032.5986 4475810.4322 0,441033.8936 4475826.3607 0))",2323574,Verde,Línea,3
"MULTILINESTRING Z ((442974.367 4474366.8248 0,442989.8662 4474365.8051 0))",2323575,Verde,Línea,3
"MULTILINESTRING Z ((441035.6419 4475847.3397 0,441034.4116 4475831.9292 0))",2323576,Verde,Línea,3
"MULTILINESTRING Z ((442890.6513 4474286.9839 0,442890.3454 4474281.5796 0))",2323583,Verde,Línea,1
"MULTILINESTRING Z ((442888.51 4474252.1108 0,442889.9375 4474273.6261 0))",2323585,Verde,Línea,4
"MULTILINESTRING Z ((442940.4057 4474239.2011 0,442944.9057 4474238.9511 0))",2323589,Verde,Línea,1
"MULTILINESTRING Z ((442962.4057 4474237.0761 0,442972.1557 4474236.3261 0))",2323591,Verde,Línea,2
"MULTILINESTRING Z ((441030.9799 4475788.32 0,441030.6885 4475782.2011 0))",2323592,Verde,Línea,1
"MULTILINESTRING Z ((442976.9057 4474236.4511 0,443012.7807 4474233.0761 0))",2323593,Verde,Línea,8
"MULTILINESTRING Z ((441024.2297 4475691.8262 0,441030.6885 4475776.665 0))",2323594,Verde,Línea,17
"MULTILINESTRING Z ((443027.239 4474294.5205 0,443024.9612 4474256.965 0))",2323595,Verde,Línea,7
"MULTILINESTRING Z ((443027.8422 4474298.1787 0,443029.0667 4474323.6791 0))",2323597,Verde,Línea,6
"MULTILINESTRING Z ((443029.683 4474331.4294 0,443030.7711 4474348.451 0))",2323599,Verde,Línea,3
"MULTILINESTRING Z ((441149.6428 4475912.0682 0,441171.1898 4475912.2668 0))",2323602,Verde,Línea,4
"MULTILINESTRING Z ((441186.1834 4475981.1273 0,441184.2946 4475954.4606 0))",2323606,Verde,Línea,5
"MULTILINESTRING Z ((442920.9539 4474218.7647 0,442953.0372 4474215.9314 0))",2323607,Verde,Línea,7
"MULTILINESTRING Z ((443009.4057 4474211.0761 0,442960.5307 4474215.4511 0))",2323610,Verde,Línea,10
"MULTILINESTRING Z ((441122.9324 4475907.0042 0,441098.208 4475906.7063 0))",2323611,Verde,Línea,5
"MULTILINESTRING Z ((443019.4234 4474200.6973 0,443018.8016 4474195.0234 0))",2323612,Verde,Línea,1
"MULTILINESTRING Z ((441050.3478 4475906.1105 0,441056.2062 4475906.0112 0))",2323613,Verde,Línea,1
"MULTILINESTRING Z ((441042.4406 4475895.708 0,441040.5629 4475873.7577 0))",2323617,Verde,Batería,8
"MULTILINESTRING Z ((441039.0089 4475847.0807 0,441036.1599 4475810.5617 0))",2323621,Verde,Batería,12
"MULTILINESTRING Z ((443036.3673 4474353.1145 0,443035.6678 4474342.2331 0))",2323622,Verde,Línea,2
"MULTILINESTRING Z ((441050.8443 4475858.151 0,441086.6897 4475853.087 0))",2323623,Verde,Línea,7
"MULTILINESTRING Z ((441102.6762 4475850.7039 0,441107.7403 4475850.1081 0))",2323625,Verde,Línea,1
"MULTILINESTRING Z ((443179.6451 4474218.8121 0,443169.1369 4474219.5011 0))",2323632,Verde,Línea,2
"MULTILINESTRING Z ((443104.3652 4474224.8414 0,443039.938 4474230.5261 0))",2323634,Verde,Línea,13
"MULTILINESTRING Z ((442400.9057 4474765.4094 0,442398.989 4474739.7427 0))",2323636,Verde,Línea,5
"MULTILINESTRING Z ((441166.1221 4475703.2871 0,441167.2905 4475720.0623 0))",2323639,Verde,Línea,3
"MULTILINESTRING Z ((442598.0425 4474415.1841 0,442570.5425 4474417.5174 0))",2323644,Verde,Línea,5
"MULTILINESTRING Z ((441110.2403 4475675.845 0,441104.8782 4475676.2422 0))",2323645,Verde,Línea,1
"MULTILINESTRING Z ((442830.8981 4474398.9447 0,442882.2899 4474395.3758 0))",2323646,Verde,Línea,10
"MULTILINESTRING Z ((441091.175 4475677.1689 0,441097.3315 4475676.6393 0))",2323647,Verde,Línea,1
"MULTILINESTRING Z ((441027.7747 4475691.1949 0,441030.0086 4475723.3433 0))",2323651,Verde,Batería,12
"MULTILINESTRING Z ((441032.631 4475736.261 0,441032.1454 4475730.7248 0))",2323653,Verde,Línea,1
"MULTILINESTRING Z ((442567.5148 4474399.6585 0,442611.1571 4474395.7837 0))",2323654,Verde,Línea,9
"MULTILINESTRING Z ((441032.9224 4475741.3438 0,441033.3109 4475746.5238 0))",2323655,Verde,Línea,1
"MULTILINESTRING Z ((442769.5544 4474232.0182 0,442808.0875 4474228.6091 0))",2323656,Verde,Línea,8
"MULTILINESTRING Z ((441032.2101 4475756.4306 0,441031.4979 4475747.7541 0))",2323657,Verde,Batería,3
"MULTILINESTRING Z ((441056.9057 4475793.9094 0,441062.3223 4475793.4094 0))",2323659,Verde,Línea,1
"MULTILINESTRING Z ((441120.6279 4475787.6829 0,441141.1279 4475785.6273 0))",2323661,Verde,Línea,4
"MULTILINESTRING Z ((442873.9966 4474240.7992 0,442816.9718 4474245.3447 0))",2323662,Verde,Línea,11
"MULTILINESTRING Z ((441239.9019 4475912.5647 0,441261.6475 4475912.8626 0))",2323665,Verde,Línea,4
"MULTILINESTRING Z ((442817.0304 4474249.7656 0,442824.4741 4474249.0518 0))",2323666,Verde,Línea,1
"MULTILINESTRING Z ((441220.6387 4475912.4654 0,441235.7316 4475912.4654 0))",2323667,Verde,Línea,3
"MULTILINESTRING Z ((442777.5688 4474379.9787 0,442821.0072 4474377.3275 0))",2323668,Verde,Línea,9
"MULTILINESTRING Z ((442827.839 4474377.0216 0,442866.077 4474374.5744 0))",2323670,Verde,Línea,8
"MULTILINESTRING Z ((442822.0269 4474381.6102 0,442811.5242 4474382.5279 0))",2323672,Verde,Línea,2
"MULTILINESTRING Z ((441287.1664 4475908.4936 0,441235.1358 4475907.8978 0))",2323673,Verde,Línea,10
"MULTILINESTRING Z ((441227.6887 4475907.7985 0,441212.4965 4475907.5007 0))",2323675,Verde,Línea,3
"MULTILINESTRING Z ((441194.4248 4475907.4014 0,441206.8367 4475907.5007 0))",2323677,Verde,Línea,2
"MULTILINESTRING Z ((442690.5286 4474260.4498 0,442680.3625 4474261.1475 0))",2323678,Verde,Línea,2
"MULTILINESTRING Z ((441185.5679 4475901.2507 0,441183.4814 4475871.1222 0))",2323679,Verde,Línea,6
"MULTILINESTRING Z ((442696.8102 4474260.2683 0,442708.0266 4474259.1466 0))",2323680,Verde,Línea,2
"MULTILINESTRING Z ((441183.1476 4475867.0327 0,441182.5634 4475859.2711 0))",2323681,Verde,Línea,2
"MULTILINESTRING Z ((442907.0682 4474375.798 0,442958.7659 4474372.2291 0))",2323684,Verde,Línea,11
"MULTILINESTRING Z ((441270.2862 4475779.8073 0,441310.9972 4475780.3038 0))",2323689,Verde,Línea,8
"MULTILINESTRING Z ((442963.5307 4474233.3261 0,443012.6557 4474229.0761 0))",2323690,Verde,Línea,10
"MULTILINESTRING Z ((443156.5616 4474220.5347 0,443111.4281 4474224.3246 0))",2323692,Verde,Línea,9
"MULTILINESTRING Z ((441322.739 4475811.5995 0,441326.989 4475836.5162 0))",2323693,Verde,Línea,5
"MULTILINESTRING Z ((441337.1557 4475898.4329 0,441332.489 4475870.9329 0))",2323697,Verde,Línea,5
"MULTILINESTRING Z ((441424.1557 4474373.4329 0,441424.239 4474338.0162 0))",2323700,Verde,Línea,7
"MULTILINESTRING Z ((441423.4954 4474467.7039 0,441423.588 4474427.4889 0))",2323702,Verde,Línea,8
"MULTILINESTRING Z ((441416.3223 4475826.8261 0,441419.489 4475841.3261 0))",2323705,Verde,Línea,3
"MULTILINESTRING Z ((441420.0612 4475846.8125 0,441420.9835 4475851.217 0))",2323707,Verde,Línea,1
"MULTILINESTRING Z ((441424.9057 4475869.4094 0,441425.989 4475874.8261 0))",2323709,Verde,Línea,1
"MULTILINESTRING Z ((441436.3079 4474474.6851 0,441444.3823 4474473.9511 0))",2323712,Verde,Batería,3
"MULTILINESTRING Z ((441437.3084 4474394.9784 0,441443.1458 4474394.8395 0))",2323714,Verde,Batería,2
"MULTILINESTRING Z ((441455.9242 4474394.6872 0,441447.3316 4474395.1316 0))",2323716,Verde,Batería,3
"MULTILINESTRING Z ((441510.4116 4474390.5171 0,441505.1299 4474390.795 0))",2323720,Verde,Batería,2
"MULTILINESTRING Z ((441492.9025 4474391.7818 0,441502.3535 4474391.2258 0))",2323724,Verde,Línea,2
"MULTILINESTRING Z ((441499.7128 4474379.5511 0,441446.6204 4474383.4427 0))",2323726,Verde,Batería,21
"MULTILINESTRING Z ((441461.5791 4474310.4578 0,441432.3908 4474310.3651 0))",2323732,Verde,Línea,6
"MULTILINESTRING Z ((441543.5307 4474321.2245 0,441543.9057 4474326.8495 0))",2323734,Verde,Línea,1
"MULTILINESTRING Z ((441484.6641 4475913.1605 0,441534.3116 4475913.6569 0))",2323735,Verde,Batería,18
"MULTILINESTRING Z ((441514.674 4474311.2917 0,441499.2922 4474311.1064 0))",2323738,Verde,Línea,3
"MULTILINESTRING Z ((441446.0384 4475909.6851 0,441515.3463 4475910.1816 0))",2323745,Verde,Línea,14
"MULTILINESTRING Z ((441406.7237 4474306.1953 0,441366.5087 4474305.8247 0))",2323746,Verde,Batería,15
"MULTILINESTRING Z ((441349.7222 4475658.866 0,441315.2668 4475660.9512 0))",2323747,Verde,Línea,7
"MULTILINESTRING Z ((441340.5636 4474305.3614 0,441359.3738 4474305.3614 0))",2323748,Verde,Batería,6
"MULTILINESTRING Z ((441365.1129 4475657.9723 0,441359.0559 4475658.3695 0))",2323749,Verde,Línea,1
"MULTILINESTRING Z ((441528.2952 4474308.0486 0,441509.9483 4474307.7706 0))",2323750,Verde,Batería,7
"MULTILINESTRING Z ((441388.4057 4475690.4511 0,441398.4057 4475739.4511 0))",2323753,Verde,Línea,10
"MULTILINESTRING Z ((441404.0723 4475766.7427 0,441400.0723 4475746.6594 0))",2323755,Verde,Línea,4
"MULTILINESTRING Z ((441520.8223 4474223.0162 0,441507.5723 4474222.0995 0))",2323762,Verde,Batería,5
"MULTILINESTRING Z ((441330.7415 4474295.2613 0,441330.7415 4474237.8114 0))",2323764,Verde,Batería,23
"MULTILINESTRING Z ((441305.4057 4475670.0162 0,441308.989 4475707.0995 0))",2323765,Verde,Línea,8
"MULTILINESTRING Z ((441329.5467 4474170.6832 0,441329.4635 4474192.8832 0))",2323768,Verde,Línea,4
"MULTILINESTRING Z ((441335.5332 4474150.4787 0,441334.9512 4474193.1327 0))",2323772,Verde,Línea,8
"MULTILINESTRING Z ((441335.7826 4474088.8673 0,441335.8658 4474108.9887 0))",2323774,Verde,Línea,4
"MULTILINESTRING Z ((440978.4384 4475679.8169 0,441014.3843 4475677.3675 0))",2323777,Verde,Línea,7
"MULTILINESTRING Z ((441425.2559 4474266.7217 0,441425.2559 4474246.0582 0))",2323778,Verde,Línea,4
"MULTILINESTRING Z ((441343.2361 4474144.5799 0,441361.923 4474145.1557 0))",2323780,Verde,Línea,4
"MULTILINESTRING Z ((441140.2946 4475668.5631 0,441104.5472 4475671.211 0))",2323781,Verde,Línea,7
"MULTILINESTRING Z ((441343.2671 4474138.5861 0,441361.954 4474139.1619 0))",2323782,Verde,Línea,4
"MULTILINESTRING Z ((441154.7717 4475546.552 0,441153.5198 4475526.4385 0))",2323783,Verde,Línea,4
"MULTILINESTRING Z ((441411.9604 4474165.68 0,441381.6536 4474165.8042 0))",2323784,Verde,Línea,6
"MULTILINESTRING Z ((441435.3919 4474165.6113 0,441441.129 4474165.6944 0))",2323786,Verde,Línea,1
"MULTILINESTRING Z ((441465.6571 4474166.1102 0,441449.2773 4474165.8607 0))",2323788,Verde,Línea,3
"MULTILINESTRING Z ((441484.365 4474166.609 0,441473.0571 4474166.3596 0))",2323790,Verde,Línea,2
"MULTILINESTRING Z ((441501.2437 4474153.4719 0,441515.628 4474153.8045 0))",2323792,Verde,Línea,3
"MULTILINESTRING Z ((441526.8527 4474154.2202 0,441520.1179 4474153.9708 0))",2323794,Verde,Línea,1
"MULTILINESTRING Z ((441427.0772 4474160.9551 0,441380.4322 4474160.7888 0))",2323796,Verde,Línea,9
"MULTILINESTRING Z ((441297.9057 4475595.0995 0,441298.239 4475600.3495 0))",2323797,Verde,Línea,1
"MULTILINESTRING Z ((441300.0723 4475625.0995 0,441298.739 4475604.6829 0))",2323799,Verde,Línea,4
"MULTILINESTRING Z ((441485.4459 4474141.7483 0,441485.3628 4474125.4516 0))",2323800,Verde,Línea,3
"MULTILINESTRING Z ((441296.067 4475573.4256 0,441294.982 4475557.9858 0))",2323801,Verde,Línea,3
"MULTILINESTRING Z ((441491.0999 4474141.6652 0,441491.2661 4474125.9505 0))",2323802,Verde,Línea,3
"MULTILINESTRING Z ((441294.6482 4475553.5625 0,441291.8941 4475517.8423 0))",2323803,Verde,Línea,7
"MULTILINESTRING Z ((441491.6819 4474108.3235 0,441491.5987 4474119.382 0))",2323804,Verde,Línea,2
"MULTILINESTRING Z ((441428.3559 4474119.8472 0,441381.5294 4474120.3441 0))",2323806,Verde,Línea,9
"MULTILINESTRING Z ((441381.6536 4474116.4936 0,441417.0529 4474116.3694 0))",2323808,Verde,Línea,7
"MULTILINESTRING Z ((441433.1469 4474116.8044 0,441475.2189 4474116.6381 0))",2323810,Verde,Línea,8
"MULTILINESTRING Z ((441476.5493 4474161.2045 0,441436.6391 4474161.2045 0))",2323812,Verde,Línea,7
"MULTILINESTRING Z ((441172.5799 4475589.2602 0,441194.5241 4475587.6714 0))",2323815,Verde,Línea,4
"MULTILINESTRING Z ((441426.5784 4474109.8201 0,441426.8278 4474093.6066 0))",2323816,Verde,Línea,3
"MULTILINESTRING Z ((441195.989 4474074.9094 0,441200.6557 4474074.8261 0))",2323818,Verde,Línea,1
"MULTILINESTRING Z ((441304.1625 4475607.3098 0,441305.4978 4475626.7556 0))",2323821,Verde,Línea,5
"MULTILINESTRING Z ((441539.3223 4474111.2662 0,441539.0723 4474123.1829 0))",2323824,Verde,Línea,2
"MULTILINESTRING Z ((441382.0723 4475643.0162 0,441381.5723 4475629.5995 0))",2323827,Verde,Batería,5
"MULTILINESTRING Z ((441537.4057 4474193.7245 0,441537.7807 4474167.9745 0))",2323828,Verde,Línea,5
"MULTILINESTRING Z ((441336.1152 4474060.0155 0,441336.1984 4474031.7458 0))",2323830,Verde,Línea,5
"MULTILINESTRING Z ((441380.1557 4475593.6829 0,441380.239 4475590.1829 0))",2323831,Verde,Batería,1
"MULTILINESTRING Z ((441380.0723 4475584.7662 0,441379.4057 4475570.1829 0))",2323833,Verde,Batería,5
"MULTILINESTRING Z ((441475.0435 4474023.8077 0,441494.916 4474023.8077 0))",2323836,Verde,Línea,4
"MULTILINESTRING Z ((441378.1557 4475530.1829 0,441378.739 4475543.5162 0))",2323837,Verde,Batería,5
"MULTILINESTRING Z ((441502.0401 4474023.6827 0,441518.663 4474023.5578 0))",2323838,Verde,Línea,3
"MULTILINESTRING Z ((441437.6731 4474024.3077 0,441445.4222 4474024.4326 0))",2323840,Verde,Línea,1
"MULTILINESTRING Z ((441308.0183 4475507.1432 0,441332.6435 4475505.3559 0))",2323841,Verde,Línea,5
"MULTILINESTRING Z ((441345.6511 4475504.2636 0,441339.6934 4475504.6608 0))",2323843,Verde,Línea,1
"MULTILINESTRING Z ((441436.0096 4475647.8442 0,441390.6318 4475651.0217 0))",2323845,Verde,Línea,9
"MULTILINESTRING Z ((441427.7424 4474013.4536 0,441427.8256 4474008.2154 0))",2323852,Verde,Línea,1
"MULTILINESTRING Z ((441509.311 4473935.6406 0,441491.8914 4473935.5572 0))",2323856,Verde,Línea,3
"MULTILINESTRING Z ((441384.9057 4475608.1829 0,441384.4057 4475592.5162 0))",2323857,Verde,Línea,3
"MULTILINESTRING Z ((441421.1788 4474241.8884 0,441420.9008 4474296.4659 0))",2323860,Verde,Batería,22
"MULTILINESTRING Z ((441221.8302 4475508.1361 0,441168.2109 4475511.7108 0))",2323863,Verde,Línea,11
"MULTILINESTRING Z ((441430.1773 4473925.436 0,441430.2327 4473919.9482 0))",2323866,Verde,Línea,1
"MULTILINESTRING Z ((441289.2234 4475491.1355 0,441285.3843 4475455.9995 0))",2323869,Verde,Línea,7
"MULTILINESTRING Z ((441423.4612 4473917.0761 0,441423.4612 4473912.7983 0))",2323872,Verde,Línea,2
"MULTILINESTRING Z ((441337.3728 4473857.0437 0,441337.5098 4473841.5622 0))",2323874,Verde,Línea,3
"MULTILINESTRING Z ((441308.1176 4475501.682 0,441330.3597 4475500.2918 0))",2323875,Verde,Línea,4
"MULTILINESTRING Z ((441337.6401 4473819.7142 0,441337.6401 4473837.1587 0))",2323876,Verde,Línea,4
"MULTILINESTRING Z ((441370.4698 4473874.1523 0,441417.3205 4473875.6498 0))",2323878,Verde,Línea,11
"MULTILINESTRING Z ((441280.961 4475376.3801 0,441286.2189 4475420.5714 0))",2323879,Verde,Línea,9
"MULTILINESTRING Z ((441374.0769 4474126.6787 0,441373.8285 4474152.514 0))",2323880,Verde,Batería,12
"MULTILINESTRING Z ((441367.6731 4473869.935 0,441397.0736 4473870.8221 0))",2323882,Verde,Batería,11
"MULTILINESTRING Z ((441347.6502 4473869.1746 0,441362.0971 4473869.6816 0))",2323884,Verde,Batería,6
"MULTILINESTRING Z ((441297.6916 4475364.8535 0,441292.2304 4475366.1443 0))",2323885,Verde,Línea,1
"MULTILINESTRING Z ((441389.5395 4475495.8236 0,441415.7534 4475494.0363 0))",2323887,Verde,Línea,5
"MULTILINESTRING Z ((441432.2837 4473817.7863 0,441431.2859 4473867.8418 0))",2323893,Verde,Línea,11
"MULTILINESTRING Z ((441159.7709 4475425.9199 0,441189.0629 4475424.0333 0))",2323894,Verde,Línea,5
"MULTILINESTRING Z ((441223.8161 4475421.4516 0,441254.8955 4475419.2671 0))",2323895,Verde,Línea,5
"MULTILINESTRING Z ((441441.3223 4473877.3261 0,441462.989 4473877.8261 0))",2323898,Verde,Línea,4
"MULTILINESTRING Z ((441292.2304 4475360.5838 0,441313.4795 4475356.4134 0))",2323899,Verde,Línea,4
"MULTILINESTRING Z ((441427.572 4473817.7309 0,441427.0731 4473833.4183 0))",2323900,Verde,Línea,3
"MULTILINESTRING Z ((441317.8485 4475355.4204 0,441322.0189 4475354.7254 0))",2323901,Verde,Línea,1
"MULTILINESTRING Z ((440948.9507 4476458.7868 0,441047.8769 4476456.4006 0))",2323907,Verde,Batería,35
"MULTILINESTRING Z ((441080.1752 4476467.6132 0,441083.7318 4476517.6977 0))",2323909,Verde,Línea,10
"MULTILINESTRING Z ((441084.5481 4476529.009 0,441087.2302 4476569.0067 0))",2323911,Verde,Línea,8
"MULTILINESTRING Z ((441541.239 4473998.7662 0,441541.8223 4473982.5995 0))",2323916,Verde,Línea,3
"MULTILINESTRING Z ((441542.739 4473946.4329 0,441541.989 4473973.0162 0))",2323918,Verde,Línea,5
"MULTILINESTRING Z ((441059.2756 4476113.6567 0,441059.5346 4476118.8367 0))",2323932,Verde,Línea,1
"MULTILINESTRING Z ((441488.1996 4473331.2532 0,441479.623 4473318.9219 0))",2323937,Verde,Línea,3
"MULTILINESTRING Z ((441459.7807 4473292.0995 0,441472.5307 4473310.0995 0))",2323939,Verde,Línea,5
"MULTILINESTRING Z ((438506.0352 4475999.2218 0,438517.3011 4475984.2973 0))",2323940,Verde,Batería,7
"MULTILINESTRING Z ((438535.4869 4475959.1031 0,438523.1217 4475976.6423 0))",2323942,Verde,Batería,9
"MULTILINESTRING Z ((438544.5723 4476044.5205 0,438567.239 4476056.6872 0))",2323946,Verde,Línea,5
"MULTILINESTRING Z ((441971.1886 4473266.2489 0,441952.4917 4473262.2343 0))",2323949,Verde,Línea,4
"MULTILINESTRING Z ((441888.6293 4473241.01 0,441893.5066 4473216.5219 0))",2323951,Verde,Línea,5
"MULTILINESTRING Z ((441901.2185 4473210.2728 0,441935.7447 4473217.6139 0))",2323955,Verde,Línea,7
"MULTILINESTRING Z ((441979.1033 4473226.7903 0,441941.3653 4473218.761 0))",2323957,Verde,Línea,8
"MULTILINESTRING Z ((438619.5723 4475994.3261 0,438624.1557 4475996.7427 0))",2323960,Verde,Línea,1
"MULTILINESTRING Z ((441980.9465 4473253.3568 0,441985.7798 4473233.1068 0))",2323961,Verde,Batería,8
"MULTILINESTRING Z ((438631.2807 4475994.9511 0,438617.7807 4475987.9511 0))",2323962,Verde,Línea,3
"MULTILINESTRING Z ((441993.9808 4473229.1217 0,441989.2401 4473249.2698 0))",2323963,Verde,Batería,8
"MULTILINESTRING Z ((441992.4057 4473275.4094 0,442007.5723 4473278.8261 0))",2323965,Verde,Línea,3
"MULTILINESTRING Z ((438552.2368 4475935.4251 0,438562.8481 4475920.6922 0))",2323966,Verde,Batería,7
"MULTILINESTRING Z ((442012.045 4473279.9609 0,442016.9971 4473281.0186 0))",2323967,Verde,Línea,1
"MULTILINESTRING Z ((438573.6347 4475906.8362 0,438567.2329 4475915.6058 0))",2323968,Verde,Batería,4
"MULTILINESTRING Z ((442023.3223 4473281.9094 0,442028.4057 4473283.1594 0))",2323969,Verde,Línea,1
"MULTILINESTRING Z ((438582.229 4475895.0849 0,438576.3533 4475903.2406 0))",2323970,Verde,Batería,4
"MULTILINESTRING Z ((442034.3223 4473284.5761 0,442044.5723 4473286.8261 0))",2323971,Verde,Línea,2
"MULTILINESTRING Z ((438601.3726 4475894.8247 0,438618.9346 4475904.4322 0))",2323972,Verde,Línea,4
"MULTILINESTRING Z ((442060.4057 4473289.8261 0,442050.9057 4473287.9094 0))",2323973,Verde,Línea,2
"MULTILINESTRING Z ((442064.2798 4473290.6902 0,442082.6185 4473294.5262 0))",2323975,Verde,Línea,4
"MULTILINESTRING Z ((441995.0298 4473270.6068 0,442024.6131 4473277.1902 0))",2323977,Verde,Línea,6
"MULTILINESTRING Z ((442082.739 4473290.4094 0,442055.9057 4473284.4927 0))",2323981,Verde,Línea,5
"MULTILINESTRING Z ((442031.8654 4473214.846 0,442036.7743 4473215.7962 0))",2323983,Verde,Línea,1
"MULTILINESTRING Z ((438630.6373 4475828.1726 0,438625.0247 4475836.0653 0))",2323984,Verde,Batería,3
"MULTILINESTRING Z ((442041.5163 4473216.7855 0,442046.4131 4473217.8023 0))",2323985,Verde,Línea,1
"MULTILINESTRING Z ((438679.7817 4475930.3619 0,438636.3933 4475908.1512 0))",2323986,Verde,Línea,10
"MULTILINESTRING Z ((442055.6133 4473219.7475 0,442065.4374 4473221.7699 0))",2323987,Verde,Línea,2
"MULTILINESTRING Z ((438603.9553 4475891.0024 0,438631.7445 4475905.8785 0))",2323988,Verde,Línea,6
"MULTILINESTRING Z ((438649.2032 4475828.1925 0,438658.8106 4475833.2545 0))",2323990,Verde,Línea,2
"MULTILINESTRING Z ((441996.5723 4473189.3495 0,442003.8223 4473156.5995 0))",2323995,Verde,Línea,6
"MULTILINESTRING Z ((442002.1557 4473184.5162 0,442003.989 4473175.5162 0))",2323997,Verde,Línea,2
"MULTILINESTRING Z ((438705.8223 4475924.1594 0,438714.489 4475912.3261 0))",2324000,Verde,Línea,3
"MULTILINESTRING Z ((438735.989 4475883.2427 0,438717.8223 4475907.7427 0))",2324002,Verde,Línea,6
"MULTILINESTRING Z ((442103.1557 4473262.5162 0,442104.3223 4473257.4329 0))",2324003,Verde,Línea,1
"MULTILINESTRING Z ((442107.8223 4473242.2662 0,442105.489 4473252.0162 0))",2324005,Verde,Línea,2
"MULTILINESTRING Z ((438726.9924 4475862.1801 0,438652.1991 4475823.0272 0))",2324008,Verde,Línea,17
"MULTILINESTRING Z ((442113.5723 4473211.0761 0,442117.739 4473191.9927 0))",2324013,Verde,Línea,4
"MULTILINESTRING Z ((438776.7858 4475796.0644 0,438702.3024 4475756.1884 0))",2324014,Verde,Línea,18
"MULTILINESTRING Z ((438735.98 4475770.238 0,438740.8354 4475772.8206 0))",2324018,Verde,Línea,1
"MULTILINESTRING Z ((442328.489 4473253.9094 0,442314.739 4473226.9927 0))",2324021,Verde,Línea,6
"MULTILINESTRING Z ((442345.4475 4473276.1845 0,442338.7809 4473262.1845 0))",2324025,Verde,Línea,3
"MULTILINESTRING Z ((438811.3933 4475907.8413 0,438820.3809 4475912.3867 0))",2324040,Verde,Línea,2
"MULTILINESTRING Z ((438754.0586 4475876.7462 0,438806.9511 4475905.5685 0))",2324042,Verde,Línea,12
"MULTILINESTRING Z ((438759.989 4475849.7427 0,438774.489 4475829.5761 0))",2324046,Verde,Línea,6
"MULTILINESTRING Z ((438838.239 4475893.5761 0,438864.8223 4475855.2427 0))",2324048,Verde,Línea,11
"MULTILINESTRING Z ((438801.9924 4475809.8041 0,438812.0131 4475815.0727 0))",2324050,Verde,Línea,2
"MULTILINESTRING Z ((438818.4181 4475818.4818 0,438832.4676 4475826.0231 0))",2324052,Verde,Línea,3
"MULTILINESTRING Z ((441494.3812 4474311.1064 0,441479.0921 4474310.8284 0))",2324053,Verde,Línea,3
"MULTILINESTRING Z ((441529.5925 4474311.2917 0,441519.4924 4474311.2917 0))",2324055,Verde,Línea,2
"MULTILINESTRING Z ((441335.6164 4474126.782 0,441335.9489 4474111.2336 0))",2324057,Verde,Línea,3
"MULTILINESTRING Z ((441476.3002 4474119.723 0,441433.0758 4474119.9714 0))",2324059,Verde,Línea,9
"MULTILINESTRING Z ((442420.7809 4473291.4345 0,442400.0309 4473296.1011 0))",2324067,Verde,Línea,4
"MULTILINESTRING Z ((442367.1975 4473302.6011 0,442391.0309 4473297.6011 0))",2324069,Verde,Línea,5
"MULTILINESTRING Z ((438859.739 4475713.5162 0,438877.4057 4475689.2662 0))",2324070,Verde,Línea,6
"MULTILINESTRING Z ((438930.1557 4475762.4927 0,438953.3223 4475728.9094 0))",2324072,Verde,Línea,9
"MULTILINESTRING Z ((442096.9057 4473290.7662 0,442102.4057 4473266.0162 0))",2324073,Verde,Línea,5
"MULTILINESTRING Z ((441995.7494 4473192.2975 0,441995.8879 4473194.6846 0,441996.2284 4473196.6984 0,441996.6116 4473198.1802 0,441997.08 4473199.2723 0))",2324076,Verde,Línea,1
"MULTILINESTRING Z ((442006.7247 4473164.404 0,442010.4523 4473147.0564 0))",2324078,Verde,Línea,3
"MULTILINESTRING Z ((438880.0916 4475851.5396 0,438897.2404 4475860.8371 0))",2324083,Verde,Línea,4
"MULTILINESTRING Z ((438915.2156 4475952.3661 0,438927.509 4475932.9446 0))",2324087,Verde,Línea,5
"MULTILINESTRING Z ((442527.2872 4474094.2231 0,442537.0372 4474096.7231 0))",2324088,Verde,Línea,2
"MULTILINESTRING Z ((438949.0999 4475899.99 0,438935.3602 4475921.0644 0))",2324089,Verde,Línea,6
"MULTILINESTRING Z ((438968.6557 4475870.5761 0,438996.6557 4475827.9927 0))",2324091,Verde,Línea,11
"MULTILINESTRING Z ((438881.5379 4475848.2338 0,438899.6164 4475857.9446 0))",2324095,Verde,Línea,4
"MULTILINESTRING Z ((438917.7982 4475785.0107 0,438879.2652 4475839.1429 0))",2324097,Verde,Línea,14
"MULTILINESTRING Z ((442632.276 4474116.9973 0,442671.6498 4474123.7968 0))",2324098,Verde,Línea,8
"MULTILINESTRING Z ((438930.7114 4475783.5644 0,438960.8767 4475800.4033 0))",2324099,Verde,Línea,7
"MULTILINESTRING Z ((442765.1229 4474055.9954 0,442764.983 4474047.6044 0))",2324102,Verde,Línea,2
"MULTILINESTRING Z ((438982.8809 4475807.8413 0,438999.5131 4475816.6223 0))",2324103,Verde,Línea,4
"MULTILINESTRING Z ((442780.989 4474034.9094 0,442792.9057 4474034.4094 0))",2324106,Verde,Batería,5
"MULTILINESTRING Z ((442581.4234 4473820.2125 0,442585.7182 4473802.8947 0))",2324108,Verde,Línea,3
"MULTILINESTRING Z ((439044.1557 4475754.9927 0,439049.239 4475747.3261 0))",2324111,Verde,Línea,2
"MULTILINESTRING Z ((439010.8767 4475812.3867 0,439018.8313 4475799.5768 0))",2324115,Verde,Línea,3
"MULTILINESTRING Z ((438963.666 4475883.3578 0,438998.9966 4475829.9487 0))",2324117,Verde,Línea,14
"MULTILINESTRING Z ((442752.8926 4474129.8645 0,442753.0811 4474123.7601 0,442753.8725 4474119.8059 0,442756.6426 4474113.1497 0,442760.8639 4474107.2184 0,442765.4412 4474102.4009 0,442768.0984 4474098.9688 0,442770.7904 4474094.6143 0,442772.2812 4474090.6965 0,442772.832 4474086.9081 0,442773.0588 4474081.4685 0,442772.8964 4474068.977 0))",2324120,Verde,Línea,13
"MULTILINESTRING Z ((439035.6701 4475931.2917 0,438989.4924 4475906.7049 0))",2324121,Verde,Línea,11
"MULTILINESTRING Z ((442774.989 4474060.0761 0,442814.489 4474058.5761 0))",2324122,Verde,Línea,8
"MULTILINESTRING Z ((438985.4635 4475904.4322 0,438963.7693 4475892.7586 0))",2324123,Verde,Línea,5
"MULTILINESTRING Z ((442815.6557 4474061.0761 0,442826.739 4474060.7427 0))",2324124,Verde,Batería,5
"MULTILINESTRING Z ((439020.1743 4475927.676 0,439033.3974 4475935.114 0))",2324127,Verde,Línea,3
"MULTILINESTRING Z ((442937.4057 4474053.1594 0,442917.6557 4474053.9927 0))",2324128,Verde,Línea,4
"MULTILINESTRING Z ((442959.989 4474056.5761 0,442947.739 4474057.0761 0))",2324130,Verde,Batería,4
"MULTILINESTRING Z ((442831.6557 4474053.8261 0,442777.6557 4474056.0761 0))",2324134,Verde,Línea,11
"MULTILINESTRING Z ((442870.1557 4474038.5761 0,442916.0307 4474036.8261 0))",2324136,Verde,Línea,9
"MULTILINESTRING Z ((442916.8223 4474050.7427 0,442889.6557 4474051.7427 0))",2324138,Verde,Línea,5
"MULTILINESTRING Z ((442940.7807 4474036.5761 0,443000.7807 4474033.9511 0))",2324140,Verde,Línea,12
"MULTILINESTRING Z ((443001.6557 4474048.5761 0,442964.1557 4474050.3261 0,442964.0168 4474048.7427 0,442941.0723 4474049.2983 0))",2324142,Verde,Línea,12
"MULTILINESTRING Z ((442879.2807 4474035.2011 0,442889.1557 4474034.8261 0))",2324148,Verde,Línea,2
"MULTILINESTRING Z ((438802.4057 4475594.7662 0,438844.6557 4475536.5995 0))",2324149,Verde,Batería,27
"MULTILINESTRING Z ((442936.7807 4474032.4511 0,442903.5307 4474033.7011 0))",2324150,Verde,Línea,7
"MULTILINESTRING Z ((442950.7807 4474003.7011 0,442951.4057 4474020.3261 0))",2324152,Verde,Línea,3
"MULTILINESTRING Z ((442962.6557 4474002.8261 0,442963.2807 4474019.5761 0))",2324154,Verde,Línea,3
"MULTILINESTRING Z ((438973.8933 4475523.6471 0,438900.9594 4475483.771 0))",2324155,Verde,Batería,30
"MULTILINESTRING Z ((442969.6557 4474030.9511 0,442983.6557 4474030.4511 0,442993.4057 4474030.3261 0,443002.0307 4474029.9511 0,443003.9057 4474031.2011 0,443015.0307 4474042.5761 0,443019.4057 4474047.2011 0,443020.7807 4474079.2011 0,443020.9057 4474086.0761 0))",2324156,Verde,Línea,19
"MULTILINESTRING Z ((443011.9057 4474079.7011 0,443011.0307 4474058.7011 0))",2324158,Verde,Línea,4
"MULTILINESTRING Z ((443012.4057 4474099.7011 0,443013.0307 4474125.3261 0))",2324160,Verde,Línea,5
"MULTILINESTRING Z ((443032.1748 4474136.8504 0,443050.4013 4474136.1795 0,443066.7269 4474138.6395 0,443095.6881 4474137.4095 0,443109.7774 4474137.6331 0,443126.6621 4474140.9877 0,443134.4894 4474143.7832 0,443149.0259 4474151.3869 0,443173.2907 4474164.6934 0))",2324162,Verde,Línea,29
"MULTILINESTRING Z ((443027.8176 4474200.0755 0,443022.8433 4474145.0467 0))",2324164,Verde,Línea,11
"MULTILINESTRING Z ((443013.6261 4474137.5017 0,443017.1797 4474177.8221 0))",2324166,Verde,Línea,10
"MULTILINESTRING Z ((438942.3096 4475401.2674 0,438933.54 4475413.3695 0))",2324167,Verde,Batería,6
"MULTILINESTRING Z ((443167.242 4474197.6234 0,443151.0491 4474199.0016 0))",2324170,Verde,Línea,3
"MULTILINESTRING Z ((443109.0163 4474202.6191 0,443142.9526 4474200.0352 0))",2324172,Verde,Línea,7
"MULTILINESTRING Z ((442902.8223 4474031.8261 0,442888.6557 4474032.4927 0))",2324174,Verde,Batería,6
"MULTILINESTRING Z ((439036.9098 4475438.9363 0,439024.7197 4475431.7049 0))",2324175,Verde,Línea,3
"MULTILINESTRING Z ((443086.463 4473889.1147 0,443086.9662 4473895.8239 0))",2324176,Verde,Batería,2
"MULTILINESTRING Z ((439065.9888 4475454.4904 0,439078.6555 4475461.407 0))",2324177,Verde,Línea,3
"MULTILINESTRING Z ((443093.0045 4473848.692 0,443101.8941 4473964.9282 0))",2324178,Verde,Batería,49
"MULTILINESTRING Z ((443091.6626 4473961.5736 0,443087.1339 4473899.1784 0))",2324180,Verde,Batería,27
"MULTILINESTRING Z ((443083.1084 4473977.5079 0,443032.622 4473981.3656 0))",2324182,Verde,Línea,10
"MULTILINESTRING Z ((443051.0722 4473983.7138 0,443039.4989 4473984.217 0))",2324184,Verde,Línea,2
"MULTILINESTRING Z ((439117.8223 4475493.4094 0,439103.489 4475513.9927 0))",2324185,Verde,Línea,5
"MULTILINESTRING Z ((443122.1893 4473981.0302 0,443102.2295 4473982.0365 0))",2324186,Verde,Batería,8
"MULTILINESTRING Z ((439098.3223 4475521.4927 0,439089.8223 4475533.4927 0))",2324187,Verde,Línea,3
"MULTILINESTRING Z ((443052.9172 4473985.5589 0,443068.6838 4473984.7202 0))",2324188,Verde,Batería,6
"MULTILINESTRING Z ((439069.3223 4475562.8261 0,439085.4057 4475539.9927 0))",2324189,Verde,Línea,6
"MULTILINESTRING Z ((443102.6066 4473966.4278 0,443103.5535 4473968.4604 0,443104.7461 4473969.7571 0,443105.5527 4473970.2827 0))",2324192,Verde,Línea,1
"MULTILINESTRING Z ((439057.261 4475580.6718 0,439044.4511 4475598.8537 0))",2324193,Verde,Línea,4
"MULTILINESTRING Z ((443108.2806 4473970.801 0,443127.6135 4473969.47 0))",2324194,Verde,Línea,4
"MULTILINESTRING Z ((439032.7776 4475614.8661 0,439039.2858 4475605.6718 0))",2324195,Verde,Línea,2
"MULTILINESTRING Z ((443166.302 4473965.5991 0,443138.1235 4473967.7796 0))",2324196,Verde,Batería,11
"MULTILINESTRING Z ((439028.542 4475621.271 0,439022.2404 4475630.5685 0))",2324197,Verde,Línea,2
"MULTILINESTRING Z ((442599.6557 4473800.5761 0,442613.7807 4473810.4511 0,442621.0307 4473814.3261 0,442627.7807 4473816.5761 0,442634.4057 4473817.5761 0,442645.7807 4473817.4511 0,442670.5307 4473816.7011 0,442677.7807 4473816.3261 0))",2324198,Verde,Batería,40
"MULTILINESTRING Z ((438999.6557 4475663.4927 0,439018.5723 4475635.9094 0))",2324199,Verde,Línea,7
"MULTILINESTRING Z ((439072.0723 4475565.0761 0,439081.489 4475551.4094 0))",2324202,Verde,Línea,3
"MULTILINESTRING Z ((442589.5845 4473783.242 0,442588.1679 4473788.0754 0))",2324203,Verde,Línea,1
"MULTILINESTRING Z ((439092.6557 4475535.9927 0,439084.239 4475547.9094 0))",2324204,Verde,Línea,2
"MULTILINESTRING Z ((442595.4162 4473761.1934 0,442600.4037 4473741.936 0))",2324205,Verde,Línea,4
"MULTILINESTRING Z ((439110.8223 4475509.3495 0,439095.4057 4475531.5995 0))",2324206,Verde,Línea,5
"MULTILINESTRING Z ((439120.0723 4475495.8261 0,439114.0723 4475504.4094 0))",2324208,Verde,Línea,2
"MULTILINESTRING Z ((442677.1524 4473715.3477 0,442661.0618 4473685.5504 0))",2324211,Verde,Batería,17
"MULTILINESTRING Z ((442648.0254 4473658.6582 0,442653.1655 4473667.9699 0))",2324213,Verde,Línea,2
"MULTILINESTRING Z ((442678.2698 4473714.8263 0,442698.234 4473751.7005 0,442699.128 4473752.52 0,442719.5392 4473766.8227 0))",2324215,Verde,Línea,13
"MULTILINESTRING Z ((442666.9468 4473682.2727 0,442660.1679 4473669.6833 0))",2324217,Verde,Batería,3
"MULTILINESTRING Z ((439067.6555 4475578.407 0,439102.2388 4475597.4904 0))",2324218,Verde,Línea,8
"MULTILINESTRING Z ((442667.9152 4473684.7309 0,442676.5564 4473700.4491 0))",2324219,Verde,Batería,6
"MULTILINESTRING Z ((439131.1555 4475613.157 0,439108.4888 4475600.907 0))",2324220,Verde,Línea,5
"MULTILINESTRING Z ((442695.6268 4473735.0885 0,442689.6673 4473724.5849 0))",2324221,Verde,Batería,4
"MULTILINESTRING Z ((442687.8794 4473721.0092 0,442680.8026 4473707.7494 0))",2324223,Verde,Batería,4
"MULTILINESTRING Z ((442719.0177 4473755.7232 0,442724.3067 4473765.1839 0))",2324225,Verde,Línea,2
"MULTILINESTRING Z ((442712.2388 4473750.7321 0,442722.8914 4473745.0706 0))",2324228,Verde,Batería,3
"MULTILINESTRING Z ((439081.3223 4475702.3261 0,439101.5723 4475670.6594 0))",2324231,Verde,Línea,8
"MULTILINESTRING Z ((442746.2823 4473732.0343 0,442761.9259 4473723.6165 0))",2324232,Verde,Batería,5
"MULTILINESTRING Z ((442779.5809 4473713.8579 0,442772.206 4473717.7315 0))",2324234,Verde,Batería,2
"MULTILINESTRING Z ((442779.0594 4473696.4264 0,442782.4116 4473703.5778 0))",2324236,Verde,Batería,2
"MULTILINESTRING Z ((439132.3643 4475622.7173 0,439123.9966 4475635.7338 0))",2324237,Verde,Línea,3
"MULTILINESTRING Z ((442771.6101 4473682.4961 0,442777.8675 4473694.2661 0))",2324238,Verde,Batería,4
"MULTILINESTRING Z ((439203.739 4475653.6829 0,439147.4057 4475622.5162 0))",2324239,Verde,Línea,13
"MULTILINESTRING Z ((442747.7722 4473637.5021 0,442741.5147 4473626.0301 0))",2324242,Verde,Batería,4
"MULTILINESTRING Z ((442781.3687 4473690.8394 0,442791.2019 4473708.9413 0))",2324246,Verde,Batería,9
"MULTILINESTRING Z ((439181.4055 4475710.657 0,439183.9055 4475706.407 0))",2324247,Verde,Línea,1
"MULTILINESTRING Z ((442755.8175 4473642.1952 0,442772.653 4473673.7059 0))",2324248,Verde,Batería,16
"MULTILINESTRING Z ((439179.4055 4475714.2404 0,439168.7388 4475731.2404 0))",2324249,Verde,Línea,4
"MULTILINESTRING Z ((442686.6916 4473523.6327 0,442713.3985 4473573.4707 0))",2324252,Verde,Batería,24
"MULTILINESTRING Z ((439205.5723 4475649.0995 0,439200.6557 4475646.4329 0))",2324253,Verde,Línea,1
"MULTILINESTRING Z ((442672.1542 4473496.9397 0,442677.7226 4473507.7338 0))",2324254,Verde,Batería,4
"MULTILINESTRING Z ((439230.6426 4475546.2366 0,439226.0971 4475543.895 0))",2324257,Verde,Línea,1
"MULTILINESTRING Z ((442670.6557 4473464.2011 0,442656.0307 4473471.9511 0))",2324258,Verde,Línea,3
"MULTILINESTRING Z ((439244.0723 4475553.7435 0,439234.9126 4475548.8537 0))",2324259,Verde,Línea,2
"MULTILINESTRING Z ((442654.1137 4473633.5517 0,442670.4393 4473624.9416 0))",2324260,Verde,Batería,7
"MULTILINESTRING Z ((439218.239 4475656.2427 0,439222.4057 4475658.5761 0))",2324261,Verde,Línea,1
"MULTILINESTRING Z ((442647.9636 4473621.587 0,442651.0946 4473620.0216 0))",2324262,Verde,Batería,1
"MULTILINESTRING Z ((442669.992 4473609.0633 0,442703.426 4473591.0604 0))",2324264,Verde,Batería,10
"MULTILINESTRING Z ((442765.9747 4473579.6724 0,442774.6314 4473581.0283 0,442780.5763 4473583.2185 0,442786.3126 4473587.1818 0,442796.638 4473603.035 0,442808.215 4473625.146 0,442814.3685 4473635.2628 0,442823.5467 4473645.7968 0,442835.2279 4473653.5147 0,442846.8049 4473660.0855 0,442848.1608 4473660.3983 0))",2324266,Verde,Línea,28
"MULTILINESTRING Z ((442935.6747 4473659.382 0,442892.4006 4473662.6247 0))",2324268,Verde,Línea,9
"MULTILINESTRING Z ((439259.7748 4475443.4818 0,439272.447 4475453.1925 0))",2324271,Verde,Línea,3
"MULTILINESTRING Z ((439277.75 4475457.3936 0,439309.7748 4475482.6691 0))",2324273,Verde,Línea,9
"MULTILINESTRING Z ((443052.8613 4473650.5482 0,443020.2101 4473652.8964 0))",2324274,Verde,Línea,6
"MULTILINESTRING Z ((439312.4263 4475492.8619 0,439309.6371 4475497.9239 0))",2324275,Verde,Línea,1
"MULTILINESTRING Z ((439280.0916 4475547.7173 0,439306.6412 4475502.9859 0))",2324277,Verde,Línea,10
"MULTILINESTRING Z ((443088.5317 4473646.8582 0,443077.9089 4473647.6409 0))",2324278,Verde,Línea,2
"MULTILINESTRING Z ((439321.4139 4475491.3123 0,439344.761 4475510.0107 0))",2324279,Verde,Línea,7
"MULTILINESTRING Z ((439367.6949 4475528.5024 0,439348.79 4475513.2132 0))",2324281,Verde,Línea,5
"MULTILINESTRING Z ((442882.5605 4473683.6467 0,442901.9053 4473719.5407 0,442941.042 4473794.3479 0))",2324282,Verde,Batería,51
"MULTILINESTRING Z ((442941.6011 4473794.6833 0,442943.5021 4473797.7024 0,442947.0803 4473801.9516 0,442952.5594 4473806.8716 0,442960.4986 4473811.568 0,442967.3196 4473814.699 0,442973.9169 4473816.7117 0,442985.3225 4473817.2708 0,443011.3764 4473815.1462 0,443022.3347 4473814.0281 0))",2324284,Verde,Línea,18
"MULTILINESTRING Z ((439354.1557 4475424.7427 0,439351.5723 4475428.9927 0))",2324285,Verde,Línea,1
"MULTILINESTRING Z ((443095.2974 4473802.7385 0,443157.7695 4473798.3401 0))",2324286,Verde,Línea,13
"MULTILINESTRING Z ((443111.7039 4473808.8481 0,443158.7872 4473805.5147 0))",2324288,Verde,Línea,10
"MULTILINESTRING Z ((439313.489 4475368.0761 0,439319.989 4475374.7427 0))",2324289,Verde,Línea,2
"MULTILINESTRING Z ((443074.2188 4473802.6225 0,442985.9934 4473809.3316 0))",2324290,Verde,Batería,37
"MULTILINESTRING Z ((442885.356 4473679.5094 0,442933.2147 4473768.5176 0,442945.5148 4473790.546 0,442950.323 4473797.0315 0))",2324292,Verde,Línea,33
"MULTILINESTRING Z ((443088.1063 4473792.3006 0,443084.8398 4473748.1466 0,443084.0513 4473741.8388 0,443082.8123 4473735.9817 0,443081.7985 4473733.7289 0))",2324294,Verde,Línea,11
"MULTILINESTRING Z ((438996.0723 4475330.4927 0,439004.4057 4475318.6594 0))",2324295,Verde,Batería,5
"MULTILINESTRING Z ((443084.2766 4473792.7512 0,443081.1227 4473746.7949 0))",2324296,Verde,Línea,9
"MULTILINESTRING Z ((439027.7258 4475287.7008 0,439018.0792 4475300.5922 0))",2324297,Verde,Batería,6
"MULTILINESTRING Z ((443063.3133 4473683.0958 0,443062.0283 4473667.5042 0))",2324298,Verde,Batería,6
"MULTILINESTRING Z ((439034.8291 4475278.6681 0,439030.8828 4475283.316 0))",2324299,Verde,Batería,2
"MULTILINESTRING Z ((443063.7417 4473685.3231 0,443065.5407 4473706.3118 0))",2324300,Verde,Línea,4
"MULTILINESTRING Z ((439013.7821 4475306.7309 0,439010.7127 4475311.1157 0))",2324301,Verde,Batería,2
"MULTILINESTRING Z ((443068.1964 4473692.5192 0,443066.483 4473666.7332 0))",2324302,Verde,Línea,5
"MULTILINESTRING Z ((442670.0125 4473492.3136 0,442672.4969 4473490.5146 0,442675.5809 4473489.7436 0,442678.4936 4473489.7436 0,442681.235 4473489.9149 0,442683.9764 4473490.5146 0,442686.2037 4473491.714 0,442687.6601 4473494.284 0,442689.2878 4473498.139 0))",2324304,Verde,Batería,13
"MULTILINESTRING Z ((439145.5875 4475454.3289 0,439142.4883 4475458.9776 0))",2324305,Verde,Línea,1
"MULTILINESTRING Z ((442682.3487 4473503.2791 0,442686.1181 4473498.9957 0))",2324306,Verde,Batería,2
"MULTILINESTRING Z ((442688.5499 4473518.5361 0,442692.4235 4473526.4324 0))",2324308,Verde,Batería,3
"MULTILINESTRING Z ((442695.7757 4473531.9449 0,442700.4688 4473540.3626 0))",2324310,Verde,Batería,4
"MULTILINESTRING Z ((439185.0503 4475397.4074 0,439176.2693 4475410.4239 0))",2324311,Verde,Línea,3
"MULTILINESTRING Z ((442693.6481 4473463.3977 0,442698.8294 4473468.2412 0,442707.052 4473473.1972 0,442713.585 4473475.7879 0,442720.4559 4473477.4775 0,442726.8763 4473478.7165 0,442761.4561 4473475.3374 0,442803.2448 4473470.2687 0,442809.2146 4473470.0434 0,442816.4235 4473470.8318 0,442823.407 4473473.8731 0,442830.9538 4473481.6451 0,442847.8495 4473510.0299 0,442863.9567 4473539.3157 0))",2324312,Verde,Línea,49
"MULTILINESTRING Z ((442892.2288 4473558.4642 0,442892.9047 4473561.5054 0,442894.7069 4473566.6868 0,442896.6217 4473570.967 0,442900.6767 4473576.1484 0,442904.3937 4473579.7528 0,442907.7729 4473582.0055 0))",2324314,Verde,Batería,11
"MULTILINESTRING Z ((442902.4789 4473559.4779 0,442911.6026 4473563.6455 0,442917.4597 4473566.7994 0,442922.1905 4473571.6428 0,442926.9213 4473577.2747 0,442929.0614 4473580.7665 0))",2324316,Verde,Batería,13
"MULTILINESTRING Z ((439163.7693 4475433.771 0,439176.5792 4475415.2793 0))",2324317,Verde,Línea,5
"MULTILINESTRING Z ((442946.5203 4473593.1567 0,442952.0396 4473592.7061 0))",2324320,Verde,Línea,1
"MULTILINESTRING Z ((439251.0627 4475442.6553 0,439242.1784 4475455.4652 0))",2324321,Verde,Línea,3
"MULTILINESTRING Z ((442925.4281 4473585.6966 0,442918.4988 4473582.9716 0,442914.6838 4473580.8694 0,442911.9588 4473579.0009 0))",2324322,Verde,Línea,4
"MULTILINESTRING Z ((439221.8272 4475486.9735 0,439230.7114 4475473.5437 0))",2324323,Verde,Línea,3
"MULTILINESTRING Z ((443019.5097 4473587.5248 0,443010.6113 4473588.088 0))",2324324,Verde,Línea,2
"MULTILINESTRING Z ((439204.2652 4475513.7297 0,439218.5214 4475492.0355 0))",2324325,Verde,Línea,5
"MULTILINESTRING Z ((439300.3395 4475367.552 0,439295.071 4475376.1264 0))",2324327,Verde,Línea,2
"MULTILINESTRING Z ((443027.3944 4473587.2995 0,443035.5043 4473586.6237 0))",2324328,Verde,Línea,2
"MULTILINESTRING Z ((439292.0751 4475380.7752 0,439274.823 4475406.9115 0))",2324329,Verde,Línea,6
"MULTILINESTRING Z ((439259.8437 4475429.9487 0,439271.4139 4475412.0768 0))",2324331,Verde,Línea,4
"MULTILINESTRING Z ((439249.5131 4475310.6305 0,439222.5503 4475348.7504 0))",2324333,Verde,Línea,9
"MULTILINESTRING Z ((443046.8808 4473580.0907 0,442941.2263 4473588.088 0))",2324334,Verde,Línea,25
"MULTILINESTRING Z ((439206.0214 4475372.0975 0,439219.2445 4475352.5727 0))",2324335,Verde,Línea,6
"MULTILINESTRING Z ((442701.1956 4473446.2244 0,442753.8813 4473415.7266 0))",2324336,Verde,Línea,12
"MULTILINESTRING Z ((439259.4305 4475310.906 0,439297.2404 4475351.2641 0))",2324337,Verde,Línea,12
"MULTILINESTRING Z ((439214.2858 4475355.9818 0,439210.5668 4475361.1471 0))",2324342,Verde,Línea,1
"MULTILINESTRING Z ((442833.5523 4473376.4908 0,442848.4585 4473402.6195 0,442861.5657 4473432.7745 0,442870.1325 4473455.4765 0,442870.9891 4473457.9609 0))",2324343,Verde,Línea,18
"MULTILINESTRING Z ((442888.6367 4473521.9547 0,442887.3517 4473510.6465 0,442880.5839 4473487.5162 0,442878.3566 4473478.9495 0,442873.8162 4473467.213 0))",2324345,Verde,Línea,11
"MULTILINESTRING Z ((439246.6555 4475308.407 0,439237.6555 4475321.2404 0))",2324346,Verde,Línea,4
"MULTILINESTRING Z ((442892.7834 4473538.5096 0,442892.8579 4473547.8972 0))",2324347,Verde,Línea,2
"MULTILINESTRING Z ((442892.0869 4473520.2189 0,442892.5035 4473530.1478 0))",2324349,Verde,Línea,2
"MULTILINESTRING Z ((439207.571 4475255.3964 0,439225.1329 4475273.6471 0))",2324350,Verde,Línea,5
"MULTILINESTRING Z ((442939.3716 4473495.271 0,442929.6614 4473499.4539 0))",2324351,Verde,Línea,2
"MULTILINESTRING Z ((439097.0058 4475230.786 0,439073.2401 4475237.2755 0,439069.8199 4475238.591 0,439065.9613 4475240.7834 0,439062.8919 4475243.3266 0,439058.1563 4475249.1145 0,439045.1773 4475265.5137 0))",2324352,Verde,Línea,13
"MULTILINESTRING Z ((442967.0083 4473537.6971 0,443018.3976 4473473.7592 0))",2324353,Verde,Línea,17
"MULTILINESTRING Z ((439106.6524 4475227.4535 0,439101.3906 4475228.769 0))",2324354,Verde,Línea,1
"MULTILINESTRING Z ((443047.1221 4473481.6052 0,443048.5785 4473499.7667 0))",2324355,Verde,Línea,4
"MULTILINESTRING Z ((443042.5984 4473469.5764 0,443021.6841 4473471.369 0))",2324357,Verde,Línea,4
"MULTILINESTRING Z ((439184.8111 4475230.5965 0,439170.3134 4475215.6904 0))",2324358,Verde,Línea,4
"MULTILINESTRING Z ((443045.9228 4473500.6234 0,443046.6938 4473511.5889 0))",2324359,Verde,Batería,4
"MULTILINESTRING Z ((443048.9211 4473530.9498 0,443047.8074 4473515.2726 0))",2324361,Verde,Batería,6
"MULTILINESTRING Z ((443054.2325 4473576.5251 0,443050.7202 4473534.0338 0))",2324363,Verde,Línea,8
"MULTILINESTRING Z ((439232.3199 4475203.3027 0,439220.3406 4475219.5701 0))",2324364,Verde,Línea,4
"MULTILINESTRING Z ((443064.5983 4473621.2436 0,443058.7729 4473547.7407 0))",2324365,Verde,Línea,16
"MULTILINESTRING Z ((443057.4879 4473622.6143 0,443054.9179 4473587.5762 0))",2324367,Verde,Línea,7
"MULTILINESTRING Z ((439256.0558 4475296.1677 0,439272.3781 4475273.165 0))",2324368,Verde,Línea,5
"MULTILINESTRING Z ((439289.458 4475249.0603 0,439276.4415 4475267.311 0))",2324370,Verde,Línea,4
"MULTILINESTRING Z ((443057.9162 4473520.327 0,443055.0892 4473481.0912 0))",2324371,Verde,Línea,8
"MULTILINESTRING Z ((439308.7418 4475222.2696 0,439292.0751 4475245.2724 0))",2324372,Verde,Línea,6
"MULTILINESTRING Z ((443107.2832 4473467.3356 0,443102.5028 4473467.4849 0))",2324373,Verde,Línea,1
"MULTILINESTRING Z ((439259.4993 4475295.2724 0,439257.1577 4475298.9914 0))",2324374,Verde,Línea,1
"MULTILINESTRING Z ((443071.7289 4473469.5764 0,443090.253 4473468.3813 0))",2324375,Verde,Línea,4
"MULTILINESTRING Z ((443133.2766 4473457.7748 0,443112.5117 4473459.1192 0))",2324377,Verde,Línea,4
"MULTILINESTRING Z ((443099.8206 4473543.3707 0,443101.3976 4473581.555 0,443102.4113 4473583.0193 0,443105.5652 4473583.2446 0,443108.0432 4473583.2446 0))",2324379,Verde,Batería,23
"MULTILINESTRING Z ((439310.6701 4475223.8537 0,439287.9429 4475255.6718 0))",2324380,Verde,Línea,9
"MULTILINESTRING Z ((443095.4277 4473479.6176 0,443099.708 4473542.8075 0))",2324381,Verde,Línea,13
"MULTILINESTRING Z ((443108.8317 4473578.2885 0,443107.9306 4473563.8708 0))",2324383,Verde,Línea,3
"MULTILINESTRING Z ((439365.8354 4475405.2586 0,439373.79 4475391.3123 0))",2324386,Verde,Línea,3
"MULTILINESTRING Z ((443066.2016 4473462.2564 0,443104.893 4473459.418 0))",2324387,Verde,Línea,8
"MULTILINESTRING Z ((443052.7762 4473352.8465 0,443066.8257 4473347.6208 0))",2324391,Verde,Línea,3
"MULTILINESTRING Z ((443050.9772 4473416.2406 0,443050.9772 4473410.4152 0))",2324395,Verde,Línea,1
"MULTILINESTRING Z ((439386.5999 4475237.49 0,439395.2776 4475224.4735 0))",2324396,Verde,Línea,3
"MULTILINESTRING Z ((443047.6361 4473366.7247 0,443050.9772 4473409.8156 0))",2324397,Verde,Batería,19
"MULTILINESTRING Z ((442889.4588 4473506.3697 0,442887.3198 4473498.661 0))",2324401,Verde,Línea,2
"MULTILINESTRING Z ((442885.6724 4473492.7349 0,442882.3049 4473481.217 0))",2324403,Verde,Línea,3
"MULTILINESTRING Z ((442983.3304 4473435.823 0,442992.0781 4473433.8851 0))",2324405,Verde,Línea,2
"MULTILINESTRING Z ((442916.0846 4473458.4373 0,442918.8096 4473457.3773 0,442921.5346 4473456.3173 0,442923.9796 4473455.4523 0,442925.9476 4473454.8061 0))",2324407,Verde,Línea,2
"MULTILINESTRING Z ((442878.5938 4473469.3193 0,442875.1259 4473459.9399 0))",2324409,Verde,Línea,2
"MULTILINESTRING Z ((442868.6828 4473442.1662 0,442871.998 4473451.3774 0))",2324411,Verde,Línea,2
"MULTILINESTRING Z ((442966.696 4473403.6441 0,442975.1452 4473401.1336 0))",2324413,Verde,Línea,2
"MULTILINESTRING Z ((442888.2084 4473428.1485 0,442878.6992 4473432.5175 0))",2324415,Verde,Línea,2
"MULTILINESTRING Z ((442865.4184 4473433.2868 0,442861.5584 4473424.0798 0))",2324417,Verde,Línea,2
"MULTILINESTRING Z ((442857.3851 4473395.9288 0,442866.2485 4473391.7848 0))",2324419,Verde,Línea,2
"MULTILINESTRING Z ((442853.9873 4473406.7654 0,442857.9719 4473415.9103 0))",2324421,Verde,Línea,2
"MULTILINESTRING Z ((442850.073 4473397.1471 0,442847.1056 4473392.0366 0))",2324423,Verde,Línea,1
"MULTILINESTRING Z ((442837.3793 4473374.8919 0,442842.4897 4473383.9588 0))",2324425,Verde,Línea,2
"MULTILINESTRING Z ((443058.8308 4473342.8468 0,443040.4697 4473349.8173 0))",2324429,Verde,Batería,6
"MULTILINESTRING Z ((442941.0319 4473365.4287 0,442952.1153 4473362.5121 0))",2324431,Verde,Línea,2
"MULTILINESTRING Z ((443042.2996 4473465.8417 0,443021.3853 4473467.4849 0))",2324435,Verde,Línea,4
"MULTILINESTRING Z ((443047.3952 4473451.9094 0,443041.2513 4473363.593 0))",2324437,Verde,Línea,20
"MULTILINESTRING Z ((442851.239 4473184.9094 0,442854.239 4473189.4927 0))",2324439,Verde,Batería,2
"MULTILINESTRING Z ((442892.6631 4473252.1868 0,442905.7703 4473272.7471 0))",2324441,Verde,Línea,5
"MULTILINESTRING Z ((442913.7374 4473285.3403 0,442922.9895 4473299.3898 0))",2324443,Verde,Línea,3
"MULTILINESTRING Z ((442935.8397 4473318.408 0,442925.7309 4473303.0735 0))",2324445,Verde,Línea,4
"MULTILINESTRING Z ((442871.1096 4473220.1842 0,442884.6012 4473240.9942 0))",2324447,Verde,Línea,5
"MULTILINESTRING Z ((442972.2485 4473189.0497 0,442961.3687 4473196.3315 0))",2324449,Verde,Línea,3
"MULTILINESTRING Z ((442988.406 4473224.9595 0,442997.8751 4473218.5124 0))",2324451,Verde,Línea,2
"MULTILINESTRING Z ((442927.9647 4473264.2463 0,442936.8295 4473258.5044 0))",2324453,Verde,Línea,2
"MULTILINESTRING Z ((442987.8016 4473186.68 0,443005.4302 4473213.0727 0))",2324455,Verde,Línea,7
"MULTILINESTRING Z ((439072.1557 4474914.4094 0,439061.989 4474920.9094 0))",2324456,Verde,Línea,2
"MULTILINESTRING Z ((439101.0723 4474895.7427 0,439077.239 4474910.9927 0))",2324458,Verde,Línea,7
"MULTILINESTRING Z ((443029.8082 4473250.9492 0,443019.231 4473234.9323 0))",2324459,Verde,Línea,4
"MULTILINESTRING Z ((439039.2662 4474840.4779 0,439067.3475 4474861.0028 0))",2324460,Verde,Línea,7
"MULTILINESTRING Z ((443037.6656 4473263.4404 0,443032.0244 4473254.6764 0))",2324461,Verde,Línea,2
"MULTILINESTRING Z ((439071.9426 4474864.2704 0,439101.1471 4474885.7143 0))",2324462,Verde,Línea,8
"MULTILINESTRING Z ((443017.1155 4473231.8095 0,443010.6685 4473221.5345 0))",2324463,Verde,Línea,2
"MULTILINESTRING Z ((439040.9 4474837.925 0,439085.6258 4474870.8057 0))",2324464,Verde,Línea,11
"MULTILINESTRING Z ((443064.4612 4473304.4397 0,443042.0979 4473269.9882 0))",2324465,Verde,Línea,8
"MULTILINESTRING Z ((439104.7211 4474884.4889 0,439092.3653 4474875.7071 0))",2324466,Verde,Línea,3
"MULTILINESTRING Z ((443059.6259 4473286.6095 0,443007.5457 4473207.0286 0,442997.9758 4473192.2205 0))",2324467,Verde,Línea,27
"MULTILINESTRING Z ((439147.5723 4474853.9927 0,439116.239 4474884.8261 0))",2324468,Verde,Línea,9
"MULTILINESTRING Z ((443084.5075 4473310.4838 0,443124.8017 4473307.5625 0))",2324469,Verde,Línea,8
"MULTILINESTRING Z ((439111.0703 4474785.8844 0,439119.1716 4474798.683 0))",2324472,Verde,Línea,3
"MULTILINESTRING Z ((439150.1472 4474840.2107 0,439122.4394 4474797.3215 0))",2324476,Verde,Línea,10
"MULTILINESTRING Z ((439110.5938 4474778.6 0,439102.4244 4474765.8013 0))",2324478,Verde,Línea,3
"MULTILINESTRING Z ((439237.9692 4474795.5298 0,439242.0531 4474786.205 0))",2324484,Verde,Línea,2
"MULTILINESTRING Z ((439230.2099 4474812.8861 0,439236.608 4474798.6607 0))",2324486,Verde,Línea,3
"MULTILINESTRING Z ((442818.1739 4473345.4656 0,442829.796 4473363.9292 0))",2324489,Verde,Línea,4
"MULTILINESTRING Z ((442764.3493 4473264.8935 0,442743.3305 4473234.3545 0,442734.6757 4473221.4959 0,442732.4502 4473218.034 0,442731.3374 4473215.3139 0))",2324491,Verde,Línea,13
"MULTILINESTRING Z ((439146.9962 4474756.9488 0,439211.43 4474757.8679 0))",2324492,Verde,Línea,13
"MULTILINESTRING Z ((442775.4769 4473280.2661 0,442791.4676 4473304.4171 0))",2324493,Verde,Línea,6
"MULTILINESTRING Z ((439216.4335 4474758.1742 0,439244.8212 4474758.6848 0))",2324494,Verde,Línea,6
"MULTILINESTRING Z ((442900.5654 4473281.8907 0,442892.19 4473287.5425 0))",2324495,Verde,Línea,2
"MULTILINESTRING Z ((442842.3761 4473223.1455 0,442777.7826 4473265.294 0))",2324497,Verde,Línea,18
"MULTILINESTRING Z ((442778.1253 4473270.9481 0,442782.58 4473268.1211 0))",2324499,Verde,Línea,1
"MULTILINESTRING Z ((442798.1715 4473258.0979 0,442789.8618 4473263.3237 0))",2324501,Verde,Línea,2
"MULTILINESTRING Z ((442819.5028 4473244.0484 0,442801.8552 4473255.4422 0))",2324503,Verde,Línea,4
"MULTILINESTRING Z ((442856.4256 4473220.0614 0,442822.9295 4473241.821 0))",2324505,Verde,Línea,8
"MULTILINESTRING Z ((439241.4405 4474801.9278 0,439250.0166 4474782.5295 0))",2324506,Verde,Línea,5
"MULTILINESTRING Z ((439274.1794 4474729.2352 0,439253.624 4474774.8382 0))",2324508,Verde,Línea,10
"MULTILINESTRING Z ((442457.0584 4473294.6745 0,442452.5327 4473286.2696 0))",2324509,Verde,Línea,2
"MULTILINESTRING Z ((442442.2805 4473267.0584 0,442449.1153 4473280.7279 0))",2324511,Verde,Línea,3
"MULTILINESTRING Z ((439293.6668 4474889.332 0,439305.8321 4474880.405 0))",2324512,Verde,Línea,3
"MULTILINESTRING Z ((442463.5237 4473306.1274 0,442470.8203 4473320.1664 0))",2324513,Verde,Línea,3
"MULTILINESTRING Z ((439312.0662 4474875.4649 0,439371.6885 4474830.544 0))",2324514,Verde,Línea,15
"MULTILINESTRING Z ((439302.2653 4474887.2056 0,439336.2622 4474861.7844 0))",2324520,Verde,Batería,16
"MULTILINESTRING Z ((442531.8304 4473261.953 0,442474.3473 4473294.0784 0))",2324521,Verde,Línea,13
"MULTILINESTRING Z ((442472.4626 4473298.5331 0,442496.1926 4473285.5973 0))",2324523,Verde,Batería,10
"MULTILINESTRING Z ((439362.0917 4474841.7742 0,439387.4108 4474822.9891 0))",2324524,Verde,Batería,12
"MULTILINESTRING Z ((442532.4301 4473265.037 0,442501.9323 4473282.5132 0))",2324525,Verde,Batería,13
"MULTILINESTRING Z ((439396.1908 4474816.4552 0,439399.2535 4474814.3112 0))",2324526,Verde,Batería,1
"MULTILINESTRING Z ((442531.6591 4473407.4169 0,442587.6858 4473375.9768 0))",2324527,Verde,Batería,30
"MULTILINESTRING Z ((439417.4261 4474800.4266 0,439409.9733 4474806.1438 0))",2324528,Verde,Batería,3
"MULTILINESTRING Z ((442644.4057 4473471.9511 0,442580.0307 4473506.3261 0))",2324535,Verde,Línea,17
"MULTILINESTRING Z ((438774.6557 4476182.6829 0,438855.4057 4476225.9329 0))",2324540,Verde,Línea,21
"MULTILINESTRING Z ((442698.6256 4473441.5983 0,442731.8647 4473422.2374 0))",2324541,Verde,Línea,8
"MULTILINESTRING Z ((442736.1481 4473419.5817 0,442789.6048 4473388.3986 0))",2324543,Verde,Línea,12
"MULTILINESTRING Z ((439089.2514 4475305.8096 0,439052.5434 4475276.8151 0))",2324544,Verde,Línea,9
"MULTILINESTRING Z ((439118.8657 4475328.8812 0,439092.2817 4475308.0823 0))",2324546,Verde,Línea,7
"MULTILINESTRING Z ((442626.7503 4473354.0458 0,442612.1011 4473362.2699 0))",2324549,Verde,Batería,6
"MULTILINESTRING Z ((438857.1557 4475651.4927 0,438852.0723 4475649.4094 0))",2324554,Verde,Línea,1
"MULTILINESTRING Z ((442646.7109 4473343.166 0,442688.1741 4473320.2071 0))",2324559,Verde,Batería,19
"MULTILINESTRING Z ((442740.3458 4473291.1657 0,442717.9865 4473303.7589 0,442694.8562 4473316.5234 0))",2324561,Verde,Batería,21
"MULTILINESTRING Z ((442756.1943 4473280.4572 0,442745.2288 4473287.739 0))",2324563,Verde,Batería,5
"MULTILINESTRING Z ((442630.5698 4473264.6395 0,442617.479 4473271.4399 0))",2324565,Verde,Batería,5
"MULTILINESTRING Z ((440522.6557 4475511.9511 0,440545.5307 4475429.9511 0))",2324568,Verde,Línea,18
"MULTILINESTRING Z ((442676.6426 4473237.2678 0,442659.4716 4473246.9584 0))",2324569,Verde,Batería,6
"MULTILINESTRING Z ((442697.2138 4473225.0271 0,442688.8833 4473230.1274 0))",2324571,Verde,Batería,3
"MULTILINESTRING Z ((440559.3047 4475419.693 0,440585.3249 4475421.7132 0))",2324572,Verde,Línea,5
"MULTILINESTRING Z ((440598.4966 4475422.7637 0,440604.2339 4475423.2485 0))",2324576,Verde,Línea,1
"MULTILINESTRING Z ((440675.7491 4475428.4202 0,440670.4966 4475428.0162 0))",2324580,Verde,Línea,1
"MULTILINESTRING Z ((440608.7592 4475457.6728 0,440590.8198 4475519.8142 0))",2324586,Verde,Línea,13
"MULTILINESTRING Z ((442609.7881 4473381.7165 0,442623.9233 4473408.3164 0))",2324587,Verde,Batería,11
"MULTILINESTRING Z ((442625.3108 4473414.7329 0,442635.3359 4473433.1854 0))",2324589,Verde,Línea,5
"MULTILINESTRING Z ((440612.2339 4475446.2788 0,440610.6986 4475451.6122 0))",2324590,Verde,Línea,1
"MULTILINESTRING Z ((440615.2238 4475435.9354 0,440613.9309 4475440.9455 0))",2324592,Verde,Línea,1
"MULTILINESTRING Z ((442654.5307 4473455.9745 0,442642.2807 4473434.0995 0))",2324595,Verde,Línea,5
"MULTILINESTRING Z ((442690.0307 4473438.8261 0,442669.9057 4473402.7011 0))",2324597,Verde,Batería,12
"MULTILINESTRING Z ((440775.2911 4475438.85 0,440800.5991 4475417.7045 0))",2324598,Verde,Línea,7
"MULTILINESTRING Z ((442645.1557 4473359.8261 0,442666.1557 4473396.9511 0))",2324599,Verde,Batería,16
"MULTILINESTRING Z ((440756.9761 4475452.9193 0,440720.8456 4475482.3898 0))",2324600,Verde,Línea,8
"MULTILINESTRING Z ((442683.8223 4473442.8261 0,442648.489 4473379.6594 0))",2324601,Verde,Línea,16
"MULTILINESTRING Z ((440871.3617 4475359.7625 0,440855.7107 4475372.4165 0))",2324602,Verde,Línea,4
"MULTILINESTRING Z ((442638.3223 4473359.8261 0,442643.4057 4473369.3261 0))",2324603,Verde,Línea,2
"MULTILINESTRING Z ((440831.1519 4475393.0625 0,440851.6314 4475375.7465 0))",2324604,Verde,Línea,5
"MULTILINESTRING Z ((442633.5181 4473338.4543 0,442614.4141 4473304.3585 0))",2324605,Verde,Batería,12
"MULTILINESTRING Z ((442613.7288 4473297.5051 0,442606.7897 4473284.5693 0))",2324607,Verde,Batería,6
"MULTILINESTRING Z ((440756.2268 4475449.7558 0,440737.4123 4475465.4901 0))",2324608,Verde,Línea,4
"MULTILINESTRING Z ((442603.9627 4473294.5067 0,442607.8177 4473301.4458 0))",2324609,Verde,Línea,1
"MULTILINESTRING Z ((442610.9874 4473306.9286 0,442614.1571 4473312.9253 0))",2324611,Verde,Línea,1
"MULTILINESTRING Z ((440818.3314 4475403.6352 0,440805.0114 4475414.1248 0))",2324612,Verde,Línea,3
"MULTILINESTRING Z ((442628.365 4473339.1066 0,442618.8444 4473321.7656 0))",2324613,Verde,Línea,4
"MULTILINESTRING Z ((440815.5723 4475400.7662 0,440799.5723 4475413.8495 0))",2324614,Verde,Línea,4
"MULTILINESTRING Z ((442835.1557 4474041.0761 0,442853.7807 4474040.4511 0))",2324617,Verde,Línea,4
"MULTILINESTRING Z ((442941.0307 4474032.3261 0,442945.1557 4474032.2011 0))",2324619,Verde,Línea,1
"MULTILINESTRING Z ((442952.9057 4474030.3261 0,442962.0307 4474030.2011 0))",2324621,Verde,Línea,2
"MULTILINESTRING Z ((442937.2807 4474036.5761 0,442932.4057 4474036.7011 0))",2324623,Verde,Línea,1
"MULTILINESTRING Z ((442937.6557 4474049.6594 0,442931.9057 4474049.8261 0))",2324625,Verde,Línea,1
"MULTILINESTRING Z ((442879.0723 4474052.1594 0,442888.739 4474051.8261 0))",2324627,Verde,Línea,2
"MULTILINESTRING Z ((440791.1086 4475413.0425 0,440779.9531 4475402.886 0))",2324628,Verde,Línea,3
"MULTILINESTRING Z ((442680.4208 4473619.9472 0,442692.606 4473613.2065 0))",2324633,Verde,Batería,5
"MULTILINESTRING Z ((442601.0723 4473738.9927 0,442613.6557 4473690.5761 0))",2324635,Verde,Línea,12
"MULTILINESTRING Z ((441069.9263 4475309.1054 0,441057.0308 4475317.1865 0))",2324636,Verde,Línea,3
"MULTILINESTRING Z ((442710.0307 4473815.0761 0,442682.0307 4473815.9511 0))",2324637,Verde,Batería,13
"MULTILINESTRING Z ((442661.8812 4473683.7625 0,442654.4319 4473670.4282 0))",2324639,Verde,Línea,3
"MULTILINESTRING Z ((441028.6608 4475335.5841 0,441053.0762 4475320.1095 0))",2324640,Verde,Línea,6
"MULTILINESTRING Z ((443092.7808 4473809.7789 0,443026.5838 4473813.9162 0))",2324643,Verde,Línea,13
"MULTILINESTRING Z ((442990.4621 4473479.8841 0,442980.3038 4473482.2743 0))",2324645,Verde,Línea,2
"MULTILINESTRING Z ((443135.368 4473465.3935 0,443110.5697 4473467.1862 0))",2324647,Verde,Línea,5
"MULTILINESTRING Z ((441098.8981 4475290.4499 0,441072.5914 4475307.214 0))",2324648,Verde,Línea,7
"MULTILINESTRING Z ((442968.5319 4473358.6787 0,442977.4486 4473356.8454 0))",2324651,Verde,Línea,2
"MULTILINESTRING Z ((441026.3396 4475332.0593 0,441055.8273 4475313.146 0))",2324652,Verde,Línea,7
"MULTILINESTRING Z ((442826.9559 4473330.7442 0,442818.6461 4473336.3126 0))",2324653,Verde,Línea,2
"MULTILINESTRING Z ((442860.5936 4473261.9193 0,442868.9241 4473256.649 0))",2324655,Verde,Línea,2
"MULTILINESTRING Z ((442808.7087 4473295.7917 0,442816.1618 4473290.7373 0))",2324656,Verde,Línea,2
"MULTILINESTRING Z ((442562.401 4473297.6241 0,442567.1613 4473306.9747 0))",2324660,Verde,Línea,2
"MULTILINESTRING Z ((440990.3017 4475292.0421 0,440970.7653 4475265.0151 0))",2324663,Verde,Línea,6
"MULTILINESTRING Z ((442718.6718 4473214.493 0,442705.8217 4473221.8605 0))",2324664,Verde,Línea,3
"MULTILINESTRING Z ((440934.4256 4475213.0868 0,440963.3759 4475254.7914 0))",2324665,Verde,Línea,10
"MULTILINESTRING Z ((442576.6819 4473295.074 0,442586.5372 4473289.971 0))",2324666,Verde,Batería,4
"MULTILINESTRING Z ((440932.2999 4475217.1357 0,440961.5539 4475257.6257 0))",2324667,Verde,Línea,11
"MULTILINESTRING Z ((442799.0282 4473382.9159 0,442794.4878 4473385.5716 0))",2324668,Verde,Línea,1
"MULTILINESTRING Z ((441009.1271 4475226.8092 0,441059.2883 4475304.0497 0))",2324669,Verde,Línea,19
"MULTILINESTRING Z ((441542.6244 4475256.7098 0,441540.498 4475246.6855 0))",2324672,Verde,Línea,2
"MULTILINESTRING Z ((441898.739 4475604.7662 0,441894.989 4475565.0995 0))",2324676,Verde,Batería,15
"MULTILINESTRING Z ((441891.739 4475532.0995 0,441893.6557 4475550.9329 0))",2324678,Verde,Batería,7
"MULTILINESTRING Z ((440974.2487 4475254.6008 0,440992.0344 4475236.8151 0))",2324679,Verde,Línea,5
"MULTILINESTRING Z ((441896.3223 4475542.0162 0,441893.5723 4475512.0162 0))",2324690,Verde,Línea,5
"MULTILINESTRING Z ((441014.5592 4475125.085 0,441035.7014 4475160.5368 0))",2324691,Verde,Línea,8
"MULTILINESTRING Z ((441059.2723 4475200.7796 0,441064.0849 4475209.2017 0))",2324693,Verde,Línea,2
"MULTILINESTRING Z ((441066.4053 4475213.4128 0,441071.9055 4475223.124 0))",2324695,Verde,Línea,2
"MULTILINESTRING Z ((441870.3223 4475461.8495 0,441860.0723 4475462.6829 0))",2324696,Verde,Línea,2
"MULTILINESTRING Z ((441112.0396 4475292.3059 0,441135.7591 4475333.2993 0))",2324697,Verde,Línea,10
"MULTILINESTRING Z ((441057.8113 4475070.0646 0,441061.6786 4475082.9556 0))",2324699,Verde,Batería,5
"MULTILINESTRING Z ((441059.6797 4475065.5259 0,441071.6689 4475105.8765 0,441072.4424 4475107.0368 0,441073.7316 4475108.197 0,441074.8275 4475108.4512 0,441076.3744 4475108.3939 0,441099.7501 4475101.2322 0))",2324703,Verde,Línea,14
"MULTILINESTRING Z ((441806.1557 4475316.9745 0,441841.5307 4475314.3495 0))",2324704,Verde,Línea,7
"MULTILINESTRING Z ((441791.7807 4475317.9745 0,441802.1557 4475317.0995 0))",2324705,Verde,Línea,2
"MULTILINESTRING Z ((441038.2169 4475164.7706 0,441050.5923 4475186.3416 0))",2324708,Verde,Línea,5
"MULTILINESTRING Z ((441947.2807 4475456.7245 0,441931.7807 4475457.8495 0))",2324709,Verde,Línea,3
"MULTILINESTRING Z ((441965.6557 4475455.3495 0,441956.0307 4475456.0995 0,441954.7807 4475456.0995 0))",2324711,Verde,Línea,2
"MULTILINESTRING Z ((441075.7728 4475229.9133 0,441101.383 4475274.4303 0))",2324712,Verde,Línea,10
"MULTILINESTRING Z ((441902.9057 4475309.7245 0,441939.0307 4475307.3495 0))",2324713,Verde,Línea,7
"MULTILINESTRING Z ((441883.4057 4475311.4745 0,441894.2807 4475310.7245 0))",2324715,Verde,Línea,2
"MULTILINESTRING Z ((441791.6557 4475314.3495 0,441802.7807 4475313.5995 0))",2324719,Verde,Batería,4
"MULTILINESTRING Z ((441868.0723 4475293.6829 0,441866.1557 4475271.8495 0))",2324723,Verde,Batería,8
"MULTILINESTRING Z ((441145.1265 4475261.1096 0,441112.813 4475281.5634 0))",2324724,Verde,Línea,8
"MULTILINESTRING Z ((441865.739 4475267.4329 0,441864.6557 4475253.5995 0))",2324725,Verde,Batería,5
"MULTILINESTRING Z ((441096.3125 4475053.1343 0,441107.3988 4475093.1825 0))",2324730,Verde,Línea,8
"MULTILINESTRING Z ((441885.2807 4475307.3495 0,441904.2807 4475306.0995 0))",2324731,Verde,Batería,7
"MULTILINESTRING Z ((440639.4686 4475201.9619 0,440621.2368 4475191.4724 0))",2324732,Verde,Línea,4
"MULTILINESTRING Z ((441912.0307 4475305.5995 0,441923.4057 4475304.8495 0))",2324733,Verde,Batería,4
"MULTILINESTRING Z ((441954.6557 4475302.5995 0,441937.9057 4475303.8495 0))",2324735,Verde,Batería,6
"MULTILINESTRING Z ((441865.1834 4475221.6316 0,441866.2946 4475234.465 0))",2324737,Verde,Línea,3
"MULTILINESTRING Z ((441870.0723 4475277.0162 0,441866.5723 4475236.9329 0))",2324739,Verde,Línea,8
"MULTILINESTRING Z ((440782.8252 4475139.0249 0,440752.2308 4475153.2606 0))",2324740,Verde,Línea,5
"MULTILINESTRING Z ((442062.9548 4475602.5931 0,442098.3169 4475599.9862 0))",2324743,Verde,Batería,12
"MULTILINESTRING Z ((440762.3457 4475217.9459 0,440754.4786 4475227.1867 0))",2324744,Verde,Línea,2
"MULTILINESTRING Z ((440766.3417 4475212.9509 0,440788.6944 4475186.3525 0))",2324748,Verde,Línea,5
"MULTILINESTRING Z ((442104.3223 4475523.8261 0,442103.8223 4475520.1594 0))",2324749,Verde,Batería,2
"MULTILINESTRING Z ((442080.739 4475450.6594 0,442088.0723 4475450.7427 0))",2324755,Verde,Batería,2
"MULTILINESTRING Z ((442038.489 4475453.4094 0,442076.239 4475451.4927 0))",2324757,Verde,Batería,14
"MULTILINESTRING Z ((442023.3223 4475454.7427 0,442034.5723 4475453.8261 0))",2324761,Verde,Batería,4
"MULTILINESTRING Z ((442203.0432 4475592.6191 0,442188.5357 4475593.7525 0))",2324767,Verde,Batería,5
"MULTILINESTRING Z ((442214.489 4475581.4329 0,442213.1557 4475560.0162 0))",2324769,Verde,Línea,4
"MULTILINESTRING Z ((442211.6557 4475538.0162 0,442212.739 4475553.0995 0))",2324771,Verde,Línea,3
"MULTILINESTRING Z ((442207.989 4475485.1829 0,442211.239 4475530.9329 0))",2324773,Verde,Línea,9
"MULTILINESTRING Z ((442206.5723 4475463.4329 0,442206.8223 4475469.0162 0))",2324775,Verde,Línea,1
"MULTILINESTRING Z ((442205.489 4475453.0162 0,442205.739 4475458.2662 0))",2324777,Verde,Línea,1
"MULTILINESTRING Z ((442132.6557 4475446.3495 0,442149.1557 4475445.2245 0))",2324781,Verde,Batería,6
"MULTILINESTRING Z ((440868.0569 4475122.6184 0,440914.2206 4475187.6087 0))",2324782,Verde,Línea,12
"MULTILINESTRING Z ((442116.1557 4475447.5995 0,442124.5307 4475447.0995 0))",2324783,Verde,Batería,3
"MULTILINESTRING Z ((440868.6557 4475093.2427 0,440877.3223 4475089.2427 0))",2324784,Verde,Línea,2
"MULTILINESTRING Z ((440776.7609 4474972.2638 0,440779.8557 4474978.0665 0))",2324788,Verde,Línea,1
"MULTILINESTRING Z ((440864.8025 4475055.4946 0,440868.7571 4475067.2725 0))",2324790,Verde,Línea,2
"MULTILINESTRING Z ((440807.8376 4475028.3566 0,440812.093 4475034.933 0))",2324792,Verde,Línea,2
"MULTILINESTRING Z ((442221.104 4475440.3826 0,442263.2528 4475437.3867 0))",2324793,Verde,Batería,16
"MULTILINESTRING Z ((442300.5307 4475434.9745 0,442273.2807 4475436.9745 0))",2324795,Verde,Batería,10
"MULTILINESTRING Z ((442098.2807 4475432.3261 0,442095.7807 4475398.3261 0))",2324797,Verde,Batería,12
"MULTILINESTRING Z ((440928.3223 4475069.7427 0,440976.739 4475096.5761 0))",2324798,Verde,Línea,10
"MULTILINESTRING Z ((442095.5307 4475393.8261 0,442094.7807 4475383.3261 0))",2324799,Verde,Batería,4
"MULTILINESTRING Z ((442089.2807 4475306.7011 0,442091.6557 4475342.0761 0))",2324801,Verde,Batería,15
"MULTILINESTRING Z ((440963.239 4475017.4927 0,440987.239 4475015.4094 0))",2324802,Verde,Línea,4
"MULTILINESTRING Z ((440925.5831 4475020.5909 0,440949.7406 4475018.6136 0))",2324806,Verde,Línea,4
"MULTILINESTRING Z ((442204.0723 4475426.9094 0,442201.6557 4475392.4094 0))",2324807,Verde,Línea,8
"MULTILINESTRING Z ((440962.9057 4474954.7427 0,440973.739 4474953.9927 0))",2324808,Verde,Línea,2
"MULTILINESTRING Z ((442200.6557 4475375.2427 0,442199.0723 4475357.7427 0))",2324809,Verde,Línea,3
"MULTILINESTRING Z ((440902.0723 4474952.0761 0,440897.489 4474931.6594 0))",2324810,Verde,Línea,4
"MULTILINESTRING Z ((442105.0307 4475293.3495 0,442168.4057 4475288.9745 0))",2324815,Verde,Batería,23
"MULTILINESTRING Z ((442181.1557 4475288.2245 0,442175.4057 4475288.3495 0))",2324817,Verde,Batería,2
"MULTILINESTRING Z ((442095.8939 4475343.6663 0,442093.7108 4475310.3739 0))",2324819,Verde,Línea,7
"MULTILINESTRING Z ((442083.2807 4475223.9745 0,442082.7807 4475213.7245 0))",2324829,Verde,Batería,4
"MULTILINESTRING Z ((441979.6434 4475246.9273 0,441978.2789 4475230.8269 0))",2324833,Verde,Línea,3
"MULTILINESTRING Z ((442192.3223 4475257.4927 0,442191.0723 4475238.9927 0))",2324837,Verde,Línea,4
"MULTILINESTRING Z ((442190.6557 4475235.4094 0,442187.989 4475195.6594 0))",2324839,Verde,Línea,8
"MULTILINESTRING Z ((442189.9057 4475177.5995 0,442195.0723 4475246.0995 0))",2324843,Verde,Batería,26
"MULTILINESTRING Z ((442196.239 4475263.8495 0,442195.989 4475258.0995 0))",2324845,Verde,Batería,2
"MULTILINESTRING Z ((442196.5723 4475270.3495 0,442196.489 4475267.6829 0))",2324847,Verde,Batería,1
"MULTILINESTRING Z ((441758.7569 4475172.7921 0,441754.5425 4475135.5209 0))",2324855,Verde,Batería,15
"MULTILINESTRING Z ((441837.9057 4474960.9329 0,441839.989 4474987.4329 0))",2324859,Verde,Batería,10
"MULTILINESTRING Z ((441816.8094 4474870.2972 0,441798.4066 4474871.7128 0))",2324865,Verde,Batería,7
"MULTILINESTRING Z ((441725.1557 4474886.0995 0,441728.9057 4474918.5995 0))",2324867,Verde,Batería,12
"MULTILINESTRING Z ((441729.9057 4474927.5995 0,441732.9057 4474956.2245 0))",2324869,Verde,Batería,11
"MULTILINESTRING Z ((441733.989 4474961.9094 0,441736.4057 4474981.0761 0))",2324871,Verde,Batería,7
"MULTILINESTRING Z ((441738.1557 4474996.4745 0,441737.4057 4474991.5995 0))",2324873,Verde,Batería,1
"MULTILINESTRING Z ((440844.239 4474929.0761 0,440848.989 4474927.1594 0))",2324876,Verde,Línea,1
"MULTILINESTRING Z ((441841.989 4474960.0995 0,441842.739 4474970.5995 0))",2324877,Verde,Línea,2
"MULTILINESTRING Z ((440851.739 4474845.6829 0,440857.3223 4474854.2662 0))",2324880,Verde,Línea,2
"MULTILINESTRING Z ((440889.0756 4474902.8892 0,440868.7016 4474872.1993 0))",2324882,Verde,Línea,6
"MULTILINESTRING Z ((440744.7887 4474916.0517 0,440754.1594 4474933.5896 0))",2324886,Verde,Línea,3
"MULTILINESTRING Z ((441834.1557 4474880.5995 0,441834.989 4474890.6829 0))",2324889,Verde,Línea,2
"MULTILINESTRING Z ((441835.5723 4474896.1829 0,441836.489 4474906.6829 0))",2324891,Verde,Línea,2
"MULTILINESTRING Z ((441838.8223 4474934.0162 0,441837.739 4474923.1829 0))",2324893,Verde,Línea,2
"MULTILINESTRING Z ((442075.8407 4475116.9177 0,442075.0582 4475106.8573 0))",2324895,Verde,Batería,4
"MULTILINESTRING Z ((442072.7807 4475059.7011 0,442073.5307 4475072.3261 0))",2324899,Verde,Batería,3
"MULTILINESTRING Z ((440723.3223 4474876.9094 0,440690.4057 4474818.2427 0))",2324902,Verde,Línea,10
"MULTILINESTRING Z ((440648.9289 4474756.6518 0,440644.1173 4474744.0954 0,440638.4703 4474729.607 0,440636.3216 4474724.0594 0,440632.7298 4474714.7785 0,440628.984 4474705.1741 0))",2324904,Verde,Línea,13
"MULTILINESTRING Z ((442066.5307 4474972.8495 0,442065.7807 4474962.2245 0))",2324905,Verde,Batería,4
"MULTILINESTRING Z ((442061.2807 4474904.9745 0,442064.7807 4474955.3495 0))",2324907,Verde,Batería,19
"MULTILINESTRING Z ((440694.4964 4474702.159 0,440690.4559 4474692.0146 0))",2324908,Verde,Batería,4
"MULTILINESTRING Z ((442058.2807 4474864.2245 0,442060.4057 4474895.2245 0))",2324909,Verde,Batería,11
"MULTILINESTRING Z ((442044.5715 4474853.532 0,441993.436 4474856.796 0))",2324911,Verde,Batería,19
"MULTILINESTRING Z ((440883.1439 4474641.6384 0,440890.494 4474709.5945 0))",2324926,Verde,Línea,13
"MULTILINESTRING Z ((440892.0414 4474727.2606 0,440890.8808 4474715.1393 0))",2324928,Verde,Línea,2
"MULTILINESTRING Z ((442171.6136 4474959.4873 0,442172.0751 4474965.8333 0))",2324931,Verde,Línea,1
"MULTILINESTRING Z ((442171.239 4474954.0761 0,442169.6557 4474932.9094 0))",2324933,Verde,Línea,4
"MULTILINESTRING Z ((442167.989 4474910.5995 0,442167.6557 4474905.5162 0))",2324935,Verde,Línea,1
"MULTILINESTRING Z ((440922.4882 4474609.9135 0,440946.3878 4474610.4293 0))",2324940,Verde,Línea,5
"MULTILINESTRING Z ((440976.1333 4474610.7732 0,440950.6863 4474610.4293 0))",2324942,Verde,Línea,5
"MULTILINESTRING Z ((440857.5723 4474581.2427 0,440854.4057 4474602.2427 0))",2324944,Verde,Línea,4
"MULTILINESTRING Z ((441436.739 4474933.8261 0,441465.739 4474924.7427 0))",2324949,Verde,Línea,6
"MULTILINESTRING Z ((441490.2717 4474907.8644 0,441487.461 4474895.8052 0))",2324951,Verde,Línea,2
"MULTILINESTRING Z ((441567.7946 4474892.9945 0,441523.0036 4474906.6856 0))",2324957,Verde,Línea,9
"MULTILINESTRING Z ((440783.6557 4474579.8261 0,440788.489 4474578.4094 0))",2324962,Verde,Línea,1
"MULTILINESTRING Z ((440793.9111 4475003.2116 0,440784.24 4474986.0613 0))",2324968,Verde,Línea,3
"MULTILINESTRING Z ((441364.8144 4474645.5539 0,441358.7317 4474646.5677 0))",2324969,Verde,Línea,1
"MULTILINESTRING Z ((440682.0723 4474803.1594 0,440689.9057 4474817.4094 0))",2324970,Verde,Línea,3
"MULTILINESTRING Z ((441302.3651 4474656.5028 0,441313.314 4474654.5766 0))",2324975,Verde,Línea,2
"MULTILINESTRING Z ((441300.4389 4474653.4615 0,441311.0837 4474651.5353 0))",2324977,Verde,Línea,2
"MULTILINESTRING Z ((441386.8136 4474638.1533 0,441352.3448 4474644.236 0))",2324979,Verde,Línea,7
"MULTILINESTRING Z ((441394.5034 4474624.8906 0,441392.4085 4474619.895 0))",2324981,Verde,Línea,1
"MULTILINESTRING Z ((441381.8392 4474591.9743 0,441385.6472 4474602.1742 0))",2324983,Verde,Línea,2
"MULTILINESTRING Z ((441386.4632 4474593.0623 0,441397.6151 4474623.3901 0))",2324985,Verde,Línea,6
"MULTILINESTRING Z ((441695.6557 4474799.5761 0,441674.9057 4474800.9511 0))",2324991,Verde,Línea,4
"MULTILINESTRING Z ((441761.8507 4474870.2139 0,441772.5926 4474869.4644 0))",2324995,Verde,Línea,2
"MULTILINESTRING Z ((441735.9534 4474871.6295 0,441756.7711 4474870.2972 0))",2324997,Verde,Línea,4
"MULTILINESTRING Z ((441811.2807 4474792.5761 0,441796.0307 4474793.4511 0))",2325001,Verde,Línea,3
"MULTILINESTRING Z ((441751.4057 4474796.4511 0,441790.5307 4474793.9511 0))",2325003,Verde,Línea,8
"MULTILINESTRING Z ((441716.6557 4474810.9745 0,441718.5307 4474829.3495 0))",2325007,Verde,Batería,7
"MULTILINESTRING Z ((441719.2807 4474833.8495 0,441720.9057 4474848.9745 0))",2325009,Verde,Batería,6
"MULTILINESTRING Z ((441723.2107 4474863.1381 0,441722.9392 4474860.2872 0))",2325011,Verde,Batería,1
"MULTILINESTRING Z ((441714.9589 4474726.3866 0,441733.0699 4474725.481 0))",2325021,Verde,Batería,6
"MULTILINESTRING Z ((441867.3845 4474862.768 0,441843.3274 4474864.3396 0))",2325027,Verde,Línea,5
"MULTILINESTRING Z ((441887.0723 4474861.4927 0,441912.1557 4474859.4927 0))",2325029,Verde,Línea,5
"MULTILINESTRING Z ((441843.6247 4474789.9728 0,441893.3148 4474786.7703 0))",2325031,Verde,Línea,10
"MULTILINESTRING Z ((441831.9057 4474851.7662 0,441827.739 4474802.3495 0))",2325033,Verde,Línea,10
"MULTILINESTRING Z ((441837.323 4474786.9769 0,441895.7941 4474783.3612 0))",2325035,Verde,Línea,12
"MULTILINESTRING Z ((441918.8313 4474781.9149 0,441901.7858 4474783.1546 0))",2325037,Verde,Línea,3
"MULTILINESTRING Z ((441993.98 4474853.124 0,442046.8835 4474849.4521 0))",2325039,Verde,Línea,11
"MULTILINESTRING Z ((442052.7807 4474787.4745 0,442053.4057 4474795.5995 0))",2325043,Verde,Batería,3
"MULTILINESTRING Z ((442060.2807 4474835.2245 0,442059.0307 4474822.8495 0))",2325045,Verde,Línea,2
"MULTILINESTRING Z ((442058.8205 4474817.9438 0,442057.8213 4474806.3531 0))",2325047,Verde,Línea,2
"MULTILINESTRING Z ((442296.5109 4474818.9222 0,442286.7699 4474852.9956 0))",2325053,Verde,Línea,7
"MULTILINESTRING Z ((441713.4057 4474785.5995 0,441711.6557 4474769.4745 0))",2325057,Verde,Batería,6
"MULTILINESTRING Z ((441708.1557 4474740.4745 0,441710.2807 4474762.8495 0))",2325059,Verde,Batería,8
"MULTILINESTRING Z ((441704.7807 4474716.2245 0,441704.4057 4474713.8495 0))",2325061,Verde,Batería,1
"MULTILINESTRING Z ((441697.9057 4474658.2245 0,441701.2807 4474684.2245 0))",2325063,Verde,Batería,10
"MULTILINESTRING Z ((441703.9057 4474707.7245 0,441702.1557 4474691.8495 0))",2325065,Verde,Batería,6
"MULTILINESTRING Z ((441976.1557 4475199.2245 0,441976.5307 4475209.5995 0))",2325067,Verde,Línea,2
"MULTILINESTRING Z ((442094.1557 4475367.8261 0,442093.5307 4475361.8261 0))",2325069,Verde,Batería,2
"MULTILINESTRING Z ((442105.9057 4475487.7245 0,442104.5307 4475462.4745 0))",2325071,Verde,Línea,5
"MULTILINESTRING Z ((442106.5307 4475493.7245 0,442109.1557 4475532.9745 0))",2325073,Verde,Línea,8
"MULTILINESTRING Z ((442087.5723 4475217.9094 0,442086.3223 4475201.4927 0))",2325077,Verde,Línea,3
"MULTILINESTRING Z ((441862.0723 4475224.9329 0,441863.6557 4475243.7662 0))",2325085,Verde,Batería,7
"MULTILINESTRING Z ((442090.489 4475261.9927 0,442090.1557 4475256.1594 0))",2325087,Verde,Línea,1
"MULTILINESTRING Z ((442207.1557 4475474.3495 0,442207.5723 4475479.6829 0))",2325089,Verde,Línea,1
"MULTILINESTRING Z ((441837.239 4474954.5995 0,441835.8223 4474941.2662 0))",2325093,Verde,Batería,5
"MULTILINESTRING Z ((442459.2238 4475517.6553 0,442461.1867 4475548.1305 0))",2325117,Verde,Línea,6
"MULTILINESTRING Z ((442682.0544 4475407.5313 0,442659.5338 4475409.2875 0))",2325131,Verde,Batería,7
"MULTILINESTRING Z ((442649.0366 4475561.5639 0,442691.7659 4475558.3904 0))",2325135,Verde,Batería,16
"MULTILINESTRING Z ((442341.3223 4475278.6594 0,442346.3223 4475278.3261 0))",2325143,Verde,Línea,1
"MULTILINESTRING Z ((442510.1557 4475266.8261 0,442515.4057 4475266.4927 0))",2325149,Verde,Línea,1
"MULTILINESTRING Z ((442563.9759 4475301.9528 0,442564.8024 4475313.1099 0))",2325157,Verde,Batería,4
"MULTILINESTRING Z ((442858.9426 4475545.4696 0,442886.1442 4475543.7695 0))",2325189,Verde,Batería,10
"MULTILINESTRING Z ((442900.425 4475543.0895 0,442905.2987 4475542.7495 0))",2325191,Verde,Batería,2
"MULTILINESTRING Z ((442966.4092 4475469.8006 0,442967.3928 4475483.964 0))",2325197,Verde,Línea,3
"MULTILINESTRING Z ((439144.9652 4473248.3525 0,439147.4949 4473238.3823 0))",2325279,Azul,Línea,2
"MULTILINESTRING Z ((439387.5723 4473017.0162 0,439463.0723 4473070.6829 0))",2325282,Azul,Línea,21
"MULTILINESTRING Z ((439305.2382 4472959.3366 0,439288.4948 4472947.3027 0))",2325283,Azul,Línea,4
"MULTILINESTRING Z ((439436.1496 4472601.8046 0,439441.9648 4472617.5585 0))",2325285,Azul,Batería,6
"MULTILINESTRING Z ((440025.3244 4472932.8013 0,440028.6409 4472918.0467 0))",2325286,Azul,Línea,4
"MULTILINESTRING Z ((440120.3223 4472705.9094 0,440116.239 4472713.6594 0))",2325287,Azul,Batería,3
"MULTILINESTRING Z ((440568.6557 4472620.8261 0,440576.0723 4472608.0761 0))",2325290,Azul,Línea,3
"MULTILINESTRING Z ((440614.0723 4472450.6594 0,440606.6557 4472440.3261 0))",2325291,Azul,Línea,3
"MULTILINESTRING Z ((439328.7368 4476579.8585 0,439327.681 4476562.8913 0))",2325295,Azul,Línea,4
"MULTILINESTRING Z ((439361.9057 4476591.2427 0,439343.9057 4476592.6594 0))",2325298,Azul,Línea,4
"MULTILINESTRING Z ((439542.5192 4476693.571 0,439543.3157 4476705.1998 0))",2325302,Azul,Línea,3
"MULTILINESTRING Z ((439539.9704 4476658.2862 0,439538.8553 4476635.3471 0))",2325303,Azul,Línea,6
"MULTILINESTRING Z ((439525.9983 4476321.3767 0,439540.6636 4476320.4305 0))",2325308,Azul,Línea,3
"MULTILINESTRING Z ((439524.239 4476424.7427 0,439523.0723 4476412.1594 0))",2325310,Azul,Línea,3
"MULTILINESTRING Z ((439083.1194 4476328.7842 0,439080.1122 4476307.3327 0))",2325312,Azul,Línea,4
"MULTILINESTRING Z ((439321.5514 4476215.5657 0,439338.109 4476214.1465 0))",2325314,Azul,Línea,3
"MULTILINESTRING Z ((439516.0755 4476306.1556 0,439515.3587 4476294.3675 0))",2325315,Azul,Línea,3
"MULTILINESTRING Z ((439478.739 4476201.3261 0,439493.4057 4476199.9927 0))",2325316,Azul,Línea,3
"MULTILINESTRING Z ((439642.9038 4476107.9881 0,439641.7763 4476090.8705 0))",2325317,Azul,Línea,3
"MULTILINESTRING Z ((439508.4292 4476187.7167 0,439507.3141 4476172.9019 0))",2325318,Azul,Línea,3
"MULTILINESTRING Z ((439198.1557 4476034.5761 0,439197.239 4476018.9094 0))",2325319,Azul,Línea,3
"MULTILINESTRING Z ((439673.3151 4476312.3124 0,439687.4937 4476311.2531 0))",2325325,Azul,Línea,3
"MULTILINESTRING Z ((439776.9057 4476305.6594 0,439793.489 4476304.4094 0))",2325326,Azul,Línea,4
"MULTILINESTRING Z ((440156.8548 4476276.6214 0,440172.4187 4476275.562 0))",2325331,Azul,Línea,3
"MULTILINESTRING Z ((439665.6557 4476183.9927 0,439676.8223 4476183.0761 0))",2325332,Azul,Línea,2
"MULTILINESTRING Z ((440021.489 4476150.9094 0,440035.5723 4476149.4094 0))",2325339,Azul,Línea,3
"MULTILINESTRING Z ((440075.989 4476057.9094 0,440094.6557 4476065.9094 0))",2325341,Azul,Línea,4
"MULTILINESTRING Z ((440056.6267 4476036.2368 0,440048.7225 4476032.3254 0))",2325343,Azul,Batería,3
"MULTILINESTRING Z ((440371.1603 4476670.9314 0,440387.4281 4476669.529 0))",2325348,Azul,Línea,3
"MULTILINESTRING Z ((440405.739 4476418.0761 0,440410.239 4476404.0761 0))",2325349,Azul,Línea,6
"MULTILINESTRING Z ((440420.2354 4476410.2018 0,440415.6867 4476424.0874 0))",2325355,Azul,Línea,3
"MULTILINESTRING Z ((440796.355 4476068.524 0,440793.7284 4476077.342 0))",2325357,Azul,Línea,2
"MULTILINESTRING Z ((440942.989 4476542.1594 0,440941.9057 4476523.5761 0))",2325367,Azul,Línea,3
"MULTILINESTRING Z ((441180.239 4476612.3495 0,441195.0723 4476611.0995 0))",2325370,Azul,Línea,3
"MULTILINESTRING Z ((441378.5707 4476526.8253 0,441378.0853 4476496.7282 0))",2325371,Azul,Línea,6
"MULTILINESTRING Z ((441521.6775 4476314.9159 0,441522.0011 4476322.877 0,441521.807 4476324.9482 0,441519.0885 4476330.1262 0))",2325373,Azul,Línea,4
"MULTILINESTRING Z ((441063.8223 4476245.5761 0,441064.9057 4476261.4927 0))",2325374,Azul,Línea,3
"MULTILINESTRING Z ((441372.8602 4476134.9595 0,441372.5688 4476119.9051 0))",2325380,Azul,Línea,3
"MULTILINESTRING Z ((441211.9057 4476161.4094 0,441229.8223 4476161.6594 0))",2325381,Azul,Línea,3
"MULTILINESTRING Z ((441270.4006 4476162.802 0,441288.9006 4476163.302 0))",2325382,Azul,Línea,4
"MULTILINESTRING Z ((441382.1834 4476166.965 0,441406.4057 4476167.7983 0))",2325383,Azul,Línea,4
"MULTILINESTRING Z ((441436.7993 4476169.0265 0,441453.2166 4476169.6885 0))",2325384,Azul,Línea,3
"MULTILINESTRING Z ((441530.3398 4476036.3856 0,441555.5608 4476037.1799 0))",2325385,Azul,Línea,5
"MULTILINESTRING Z ((441485.5723 4475622.2662 0,441484.0723 4475615.3495 0))",2325387,Azul,Línea,1
"MULTILINESTRING Z ((441457.3223 4475485.1829 0,441455.6557 4475477.9329 0))",2325389,Azul,Línea,1
"MULTILINESTRING Z ((439062.739 4476273.4094 0,439061.9612 4476265.4094 0,439061.6279 4476262.6872 0,439061.4057 4476257.6872 0))",2325398,Azul,Línea,3
"MULTILINESTRING Z ((439138.4594 4475774.7834 0,439130.0916 4475788.4198 0))",2325401,Azul,Línea,3
"MULTILINESTRING Z ((439164.9057 4475909.0809 0,439151.4759 4475901.8495 0))",2325402,Azul,Línea,3
"MULTILINESTRING Z ((439220.7941 4475800.5754 0,439206.8822 4475794.7903 0))",2325404,Azul,Línea,3
"MULTILINESTRING Z ((438979.8559 4475534.6788 0,438973.5261 4475543.4588 0))",2325405,Azul,Línea,2
"MULTILINESTRING Z ((438996.9054 4475511.0953 0,438991.3924 4475518.7523 0))",2325406,Azul,Línea,2
"MULTILINESTRING Z ((439018.3836 4475419.2393 0,439031.3313 4475426.2641 0))",2325407,Azul,Línea,3
"MULTILINESTRING Z ((439120.5584 4475342.1538 0,439112.3226 4475353.3844 0))",2325408,Azul,Línea,3
"MULTILINESTRING Z ((439139.0038 4475316.9019 0,439132.9461 4475325.0697 0))",2325410,Azul,Línea,2
"MULTILINESTRING Z ((438989.6557 4475087.3495 0,438996.1557 4475056.8495 0))",2325420,Naranja,Batería,13
"MULTILINESTRING Z ((438999.5131 4475036.9735 0,439006.7445 4475004.2256 0))",2325421,Naranja,Batería,15
"MULTILINESTRING Z ((439609.0363 4474144.3048 0,439615.1261 4474144.3957 0))",2325452,Verde,Línea,1
"MULTILINESTRING Z ((439821.5326 4474158.3187 0,439844.6742 4474164.3671 0))",2325453,Verde,Línea,5
"MULTILINESTRING Z ((439679.6279 4473907.6829 0,439668.0168 4473911.7384 0))",2325459,Verde,Línea,2
"MULTILINESTRING Z ((439458.5723 4473712.7662 0,439469.3223 4473723.1829 0))",2325460,Verde,Línea,3
"MULTILINESTRING Z ((439722.2946 4473889.0761 0,439720.2946 4473882.2427 0))",2325462,Verde,Línea,1
"MULTILINESTRING Z ((439726.9612 4473560.0761 0,439728.4612 4473549.6316 0))",2325468,Verde,Línea,2
"MULTILINESTRING Z ((439717.489 4473613.7427 0,439715.3223 4473625.5761 0))",2325469,Verde,Línea,2
"MULTILINESTRING Z ((439729.9057 4473413.8261 0,439714.3223 4473415.4094 0))",2325470,Verde,Línea,3
"MULTILINESTRING Z ((439607.6557 4473373.6829 0,439610.4057 4473388.8495 0))",2325471,Verde,Línea,3
"MULTILINESTRING Z ((439478.3501 4473490.0205 0,439485.1279 4473476.0205 0))",2325472,Verde,Línea,3
"MULTILINESTRING Z ((439130.9612 4473800.6872 0,439127.0723 4473790.6316 0))",2325475,Verde,Línea,2
"MULTILINESTRING Z ((439403.1258 4474070.3798 0,439398.6659 4474070.545 0,439398.6659 4474070.7102 0))",2325480,Verde,Batería,2
"MULTILINESTRING Z ((440169.4612 4473939.5718 0,440153.9612 4473940.5718 0))",2325484,Verde,Línea,3
"MULTILINESTRING Z ((440062.461 4473921.9533 0,440062.0687 4473907.4401 0))",2325485,Verde,Línea,3
"MULTILINESTRING Z ((440061.5168 4473876.465 0,440060.9612 4473852.5761 0))",2325486,Verde,Línea,5
"MULTILINESTRING Z ((440385.6834 4473927.0205 0,440401.6834 4473919.2983 0))",2325491,Verde,Línea,3
"MULTILINESTRING Z ((440415.3501 4473884.965 0,440412.1834 4473870.1316 0))",2325492,Verde,Línea,3
"MULTILINESTRING Z ((440436.6834 4473903.1872 0,440451.7946 4473896.2983 0))",2325494,Verde,Línea,3
"MULTILINESTRING Z ((440477.3501 4473858.2983 0,440479.239 4473870.6316 0))",2325495,Verde,Línea,2
"MULTILINESTRING Z ((440532.6134 4473563.7874 0,440539.8989 4473575.8399 0))",2325505,Verde,Línea,2
"MULTILINESTRING Z ((440478.4612 4473547.0205 0,440485.9612 4473548.2427 0))",2325506,Verde,Línea,1
"MULTILINESTRING Z ((440463.989 4473660.1594 0,440463.239 4473652.9927 0))",2325507,Verde,Línea,1
"MULTILINESTRING Z ((440452.1834 4473542.965 0,440460.1834 4473544.465 0))",2325508,Verde,Línea,1
"MULTILINESTRING Z ((440568.7946 4473619.6316 0,440561.5723 4473606.6872 0))",2325510,Verde,Línea,3
"MULTILINESTRING Z ((440536.481 4473562.6181 0,440541.6978 4473571.3427 0))",2325511,Verde,Línea,2
"MULTILINESTRING Z ((440524.239 4473470.8261 0,440523.739 4473455.0761 0))",2325512,Verde,Línea,3
"MULTILINESTRING Z ((440783.5578 4473560.5494 0,440793.8115 4473550.9254 0))",2325517,Verde,Línea,3
"MULTILINESTRING Z ((440918.6541 4473456.1241 0,440928.548 4473449.3783 0))",2325518,Verde,Batería,4
"MULTILINESTRING Z ((439934.9612 4473460.8538 0,439942.0168 4473463.2983 0))",2325523,Verde,Línea,1
"MULTILINESTRING Z ((439936.1033 4473443.7118 0,439942.3094 4473426.0828 0))",2325526,Verde,Batería,7
"MULTILINESTRING Z ((439982.8293 4473456.8887 0,439982.1547 4473437.3258 0))",2325528,Verde,Línea,4
"MULTILINESTRING Z ((439888.5723 4473335.1316 0,439887.4057 4473324.7983 0))",2325529,Verde,Línea,2
"MULTILINESTRING Z ((439756.9057 4473341.2427 0,439761.739 4473326.4927 0))",2325530,Verde,Línea,3
"MULTILINESTRING Z ((439987.5723 4473429.9094 0,439987.9612 4473446.3538 0))",2325531,Verde,Línea,3
"MULTILINESTRING Z ((439987.1557 4473394.5761 0,439986.739 4473381.9094 0))",2325532,Verde,Línea,2
"MULTILINESTRING Z ((440251.9612 4473256.0761 0,440258.739 4473245.4094 0))",2325534,Verde,Línea,2
"MULTILINESTRING Z ((440527.4866 4473317.8798 0,440537.0207 4473298.9916 0))",2325538,Verde,Línea,4
"MULTILINESTRING Z ((440538.8196 4473293.2351 0,440543.7665 4473282.7116 0))",2325539,Verde,Línea,2
"MULTILINESTRING Z ((440366.2946 4473630.0205 0,440368.0723 4473622.4094 0))",2325541,Verde,Línea,1
"MULTILINESTRING Z ((440471.5723 4473524.4094 0,440470.0723 4473535.9094 0))",2325542,Verde,Línea,2
"MULTILINESTRING Z ((440518.9419 4473411.7816 0,440519.2117 4473422.9347 0))",2325543,Verde,Línea,2
"MULTILINESTRING Z ((440462.239 4473399.7427 0,440469.2946 4473391.7427 0))",2325544,Verde,Línea,2
"MULTILINESTRING Z ((440427.4686 4473446.3202 0,440434.8441 4473433.818 0))",2325545,Verde,Línea,3
"MULTILINESTRING Z ((440736.1572 4473392.1738 0,440746.4109 4473403.3269 0))",2325546,Verde,Línea,3
"MULTILINESTRING Z ((439910.239 4473173.7427 0,439908.3223 4473183.8261 0))",2325547,Verde,Línea,2
"MULTILINESTRING Z ((439985.0329 4473157.2394 0,439986.2022 4473143.5679 0))",2325551,Verde,Batería,5
"MULTILINESTRING Z ((440037.9201 4473185.5719 0,440051.5017 4473189.1696 0))",2325552,Verde,Línea,3
"MULTILINESTRING Z ((440862.5723 4473255.5205 0,440848.2946 4473258.465 0))",2325555,Verde,Línea,3
"MULTILINESTRING Z ((440604.5168 4473217.3538 0,440612.0723 4473219.965 0))",2325557,Verde,Línea,2
"MULTILINESTRING Z ((440588.739 4473198.8538 0,440592.8501 4473189.5761 0))",2325558,Verde,Línea,2
"MULTILINESTRING Z ((440479.5723 4473112.0761 0,440471.4057 4473097.9094 0))",2325562,Verde,Línea,3
"MULTILINESTRING Z ((440531.9389 4473177.8816 0,440537.7403 4473164.2551 0))",2325564,Verde,Línea,3
"MULTILINESTRING Z ((440168.2493 4473234.4116 0,440155.5672 4473227.5758 0))",2325565,Verde,Línea,3
"MULTILINESTRING Z ((440412.9057 4474033.9927 0,440412.739 4474048.9094 0))",2325572,Verde,Línea,3
"MULTILINESTRING Z ((440418.4612 4474073.7983 0,440417.9612 4474064.6872 0))",2325573,Verde,Batería,3
"MULTILINESTRING Z ((440581.5168 4474154.7983 0,440580.4612 4474170.0205 0))",2325575,Verde,Línea,4
"MULTILINESTRING Z ((440834.1706 4474083.8744 0,440845.6706 4474088.6244 0))",2325577,Verde,Línea,2
"MULTILINESTRING Z ((440840.1557 4473911.2427 0,440858.489 4473909.8261 0))",2325581,Verde,Línea,3
"MULTILINESTRING Z ((440925.6557 4473907.4094 0,440938.6557 4473906.7427 0))",2325583,Verde,Línea,2
"MULTILINESTRING Z ((441102.0159 4473975.0195 0,441105.5786 4473964.1439 0))",2325584,Verde,Línea,2
"MULTILINESTRING Z ((440692.0816 4473896.9682 0,440689.0335 4473887.4403 0))",2325586,Verde,Línea,2
"MULTILINESTRING Z ((440683.0723 4473868.3261 0,440673.9057 4473839.4094 0))",2325587,Verde,Línea,6
"MULTILINESTRING Z ((440735.739 4473777.6316 0,440731.6834 4473762.465 0))",2325588,Verde,Línea,3
"MULTILINESTRING Z ((440946.489 4473775.8495 0,440936.3223 4473774.2662 0))",2325590,Verde,Línea,2
"MULTILINESTRING Z ((439560.739 4475679.2427 0,439551.489 4475682.2427 0))",2325592,Verde,Línea,2
"MULTILINESTRING Z ((439953.7946 4475599.7427 0,439956.5723 4475620.1316 0))",2325593,Verde,Línea,4
"MULTILINESTRING Z ((440186.8223 4475423.4094 0,440184.239 4475408.4927 0))",2325597,Verde,Línea,3
"MULTILINESTRING Z ((439751.989 4475280.9927 0,439760.9057 4475276.1594 0))",2325604,Verde,Línea,2
"MULTILINESTRING Z ((439797.9057 4475259.5761 0,439809.739 4475256.9094 0))",2325607,Verde,Línea,2
"MULTILINESTRING Z ((440440.1321 4475088.2056 0,440435.7469 4475072.4763 0))",2325613,Verde,Línea,3
"MULTILINESTRING Z ((440459.3223 4475035.8261 0,440445.6557 4475036.5761 0))",2325614,Verde,Línea,2
"MULTILINESTRING Z ((440184.9057 4475040.0761 0,440175.5723 4475032.3261 0))",2325615,Verde,Línea,2
"MULTILINESTRING Z ((440351.1557 4475186.3261 0,440341.4057 4475178.2427 0))",2325616,Verde,Línea,2
"MULTILINESTRING Z ((440338.2007 4475122.3399 0,440333.7917 4475116.4613 0))",2325617,Verde,Línea,1
"MULTILINESTRING Z ((440411.7241 4475022.4287 0,440420.7803 4475037.3953 0))",2325618,Verde,Línea,3
"MULTILINESTRING Z ((440134.2217 4474816.2323 0,440144.3265 4474826.2418 0))",2325623,Verde,Línea,3
"MULTILINESTRING Z ((440200.1557 4474785.8495 0,440208.0723 4474795.3495 0))",2325624,Verde,Línea,2
"MULTILINESTRING Z ((440470.0723 4474868.6594 0,440468.0723 4474857.4927 0))",2325628,Verde,Línea,2
"MULTILINESTRING Z ((440402.0005 4474877.9101 0,440398.092 4474860.2742 0))",2325629,Verde,Línea,3
"MULTILINESTRING Z ((440348.4057 4474923.9094 0,440345.9057 4474911.465 0))",2325632,Verde,Línea,2
"MULTILINESTRING Z ((440439.4648 4474734.1541 0,440442.2293 4474744.6403 0))",2325633,Verde,Línea,2
"MULTILINESTRING Z ((440460.239 4474816.1594 0,440457.239 4474804.4094 0))",2325634,Verde,Línea,2
"MULTILINESTRING Z ((440303.3351 4474864.4687 0,440292.277 4474867.2332 0))",2325635,Verde,Línea,2
"MULTILINESTRING Z ((440219.0723 4474729.8261 0,440217.489 4474719.3261 0))",2325636,Verde,Línea,2
"MULTILINESTRING Z ((440065.3223 4474741.5761 0,440049.489 4474724.9094 0))",2325637,Verde,Línea,4
"MULTILINESTRING Z ((440201.719 4474583.732 0,440211.7314 4474571.6816 0))",2325639,Verde,Línea,3
"MULTILINESTRING Z ((440272.7805 4474610.4908 0,440259.0466 4474584.7952 0))",2325641,Verde,Línea,6
"MULTILINESTRING Z ((440261.7934 4474526.4043 0,440253.9075 4474535.9737 0))",2325642,Verde,Línea,2
"MULTILINESTRING Z ((440299.9057 4474571.9927 0,440293.8223 4474561.5761 0))",2325643,Verde,Línea,2
"MULTILINESTRING Z ((440374.145 4474551.0366 0,440367.7654 4474540.4925 0))",2325645,Verde,Línea,2
"MULTILINESTRING Z ((439944.0546 4474199.2733 0,439949.814 4474208.5769 0))",2325648,Verde,Línea,2
"MULTILINESTRING Z ((439930.0723 4473993.7427 0,439925.4057 4473971.4094 0))",2325652,Verde,Línea,4
"MULTILINESTRING Z ((440178.0723 4474181.9927 0,440177.3223 4474176.4094 0))",2325653,Verde,Línea,1
"MULTILINESTRING Z ((440167.239 4474134.4927 0,440163.3223 4474127.0761 0))",2325655,Verde,Línea,2
"MULTILINESTRING Z ((440241.9057 4473991.6594 0,440254.5723 4473986.9927 0))",2325659,Verde,Línea,2
"MULTILINESTRING Z ((440234.3223 4473994.8261 0,440241.0723 4473991.9927 0))",2325660,Verde,Línea,1
"MULTILINESTRING Z ((440203.1557 4474006.4927 0,440218.3223 4474000.9094 0))",2325661,Verde,Línea,3
"MULTILINESTRING Z ((438867.3344 4473825.8447 0,438867.6873 4473839.8189 0))",2325662,Verde,Línea,3
"MULTILINESTRING Z ((438878.4771 4473737.3852 0,438893.4771 4473737.5638 0))",2325664,Verde,Línea,3
"MULTILINESTRING Z ((438869.1557 4473763.2427 0,438869.0723 4473751.9094 0))",2325666,Verde,Línea,2
"MULTILINESTRING Z ((439410.4057 4472787.9094 0,439425.489 4472782.5761 0))",2325667,Verde,Línea,3
"MULTILINESTRING Z ((439402.9057 4473232.7427 0,439417.3223 4473224.7427 0))",2325668,Verde,Línea,3
"MULTILINESTRING Z ((439299.4057 4473242.0761 0,439309.739 4473234.5761 0))",2325669,Verde,Línea,2
"MULTILINESTRING Z ((439220.7468 4473339.7014 0,439204.849 4473348.6928 0))",2325670,Verde,Línea,4
"MULTILINESTRING Z ((438988.989 4473015.0761 0,438990.4057 4473004.3261 0))",2325671,Verde,Línea,2
"MULTILINESTRING Z ((439152.7777 4473262.2662 0,439156.6467 4473247.3108 0))",2325673,Verde,Línea,3
"MULTILINESTRING Z ((438852.6557 4473045.5761 0,438851.6557 4473038.7427 0,438850.0723 4473016.4927 0))",2325674,Verde,Línea,6
"MULTILINESTRING Z ((438842.823 4472916.0906 0,438832.1904 4472915.9577 0))",2325675,Verde,Línea,2
"MULTILINESTRING Z ((438729.1866 4472931.1535 0,438728.8322 4472936.3813 0))",2325676,Verde,Línea,1
"MULTILINESTRING Z ((439048.1687 4473829.7507 0,439047.9564 4473816.6975 0))",2325677,Verde,Línea,2
"MULTILINESTRING Z ((438874.3215 4473913.7832 0,438873.898 4473902.9144 0))",2325678,Verde,Línea,2
"MULTILINESTRING Z ((438811.3223 4473759.2662 0,438810.702 4473751.4236 0))",2325680,Verde,Batería,3
"MULTILINESTRING Z ((438952.5723 4473602.1594 0,438952.989 4473612.8261 0))",2325681,Verde,Línea,2
"MULTILINESTRING Z ((438862.8175 4473552.2161 0,438862.6057 4473540.7827 0))",2325684,Verde,Línea,2
"MULTILINESTRING Z ((438940.489 4473390.0761 0,438939.9057 4473375.0761 0))",2325685,Verde,Línea,3
"MULTILINESTRING Z ((439795.3992 4472831.9665 0,439814.6972 4472825.0408 0))",2325686,Verde,Línea,4
"MULTILINESTRING Z ((439896.4021 4473045.8808 0,439898.4929 4473030.5483 0))",2325687,Verde,Línea,3
"MULTILINESTRING Z ((439955.489 4472995.7427 0,439970.0723 4472992.1594 0))",2325688,Verde,Línea,3
"MULTILINESTRING Z ((439923.3834 4472831.8226 0,439919.5004 4472861.7908 0))",2325689,Verde,Línea,6
"MULTILINESTRING Z ((439909.0464 4472948.3101 0,439910.3407 4472938.0552 0))",2325690,Verde,Línea,2
"MULTILINESTRING Z ((439996.489 4472739.9094 0,440010.1557 4472745.1594 0))",2325692,Verde,Línea,3
"MULTILINESTRING Z ((440282.0821 4472696.1876 0,440275.9114 4472707.6297 0))",2325693,Verde,Línea,3
"MULTILINESTRING Z ((440260.239 4472737.6594 0,440264.989 4472729.0761 0))",2325694,Verde,Línea,2
"MULTILINESTRING Z ((440195.4057 4472858.4094 0,440203.5723 4472844.0761 0))",2325695,Verde,Línea,3
"MULTILINESTRING Z ((440309.1557 4472707.9927 0,440320.8223 4472718.0761 0))",2325696,Verde,Línea,3
"MULTILINESTRING Z ((440256.9494 4472885.3995 0,440264.5978 4472872.0472 0))",2325697,Verde,Línea,3
"MULTILINESTRING Z ((440332.9057 4472755.1594 0,440336.9057 4472748.1594 0))",2325698,Verde,Línea,1
"MULTILINESTRING Z ((440422.3823 4472590.5688 0,440415.945 4472601.8674 0))",2325699,Verde,Línea,3
"MULTILINESTRING Z ((440386.0723 4472662.9927 0,440391.489 4472653.9927 0))",2325701,Verde,Línea,2
"MULTILINESTRING Z ((440353.023 4472718.8798 0,440360.8006 4472706.2412 0))",2325702,Verde,Línea,3
"MULTILINESTRING Z ((440452.9897 4472240.5493 0,440445.9413 4472253.775 0))",2325706,Verde,Línea,3
"MULTILINESTRING Z ((440439.249 4472390.0403 0,440427.4329 4472380.133 0))",2325707,Verde,Línea,3
"MULTILINESTRING Z ((440424.739 4472377.5761 0,440412.489 4472367.7427 0))",2325708,Verde,Línea,3
"MULTILINESTRING Z ((440300.3552 4472279.0726 0,440311.398 4472284.4159 0))",2325710,Verde,Línea,2
"MULTILINESTRING Z ((439732.7078 4472314.597 0,439724.6299 4472319.9823 0))",2325711,Verde,Línea,2
"MULTILINESTRING Z ((440191.3223 4472077.3261 0,440201.1557 4472075.1594 0))",2325714,Verde,Línea,2
"MULTILINESTRING Z ((439239.3808 4476460.0178 0,439252.9822 4476459.0716 0))",2325717,Verde,Batería,5
"MULTILINESTRING Z ((439217.8223 4476365.5761 0,439216.989 4476349.2427 0))",2325719,Verde,Línea,3
"MULTILINESTRING Z ((439100.9411 4476347.238 0,439114.8968 4476346.4496 0))",2325720,Verde,Línea,3
"MULTILINESTRING Z ((439227.489 4476447.8261 0,439226.0723 4476428.7427 0))",2325721,Verde,Línea,3
"MULTILINESTRING Z ((439331.239 4476619.1594 0,439329.989 4476601.9927 0))",2325722,Verde,Línea,3
"MULTILINESTRING Z ((439341.9057 4476702.8261 0,439342.5723 4476717.8261 0))",2325723,Verde,Línea,3
"MULTILINESTRING Z ((439426.5723 4476611.8261 0,439425.5723 4476595.9094 0))",2325724,Verde,Línea,3
"MULTILINESTRING Z ((439411.6557 4476350.9927 0,439410.8223 4476337.8261 0))",2325727,Verde,Línea,2
"MULTILINESTRING Z ((439614.1557 4476568.9927 0,439630.239 4476567.8261 0))",2325731,Verde,Línea,3
"MULTILINESTRING Z ((439305.6557 4476102.9511 0,439304.6557 4476085.4511 0))",2325735,Verde,Línea,4
"MULTILINESTRING Z ((439413.489 4476297.4094 0,439414.3223 4476314.0761 0))",2325739,Verde,Línea,3
"MULTILINESTRING Z ((439652.0723 4476234.4927 0,439652.989 4476249.0761 0))",2325741,Verde,Línea,3
"MULTILINESTRING Z ((439407.5723 4476192.6594 0,439407.0723 4476181.9094 0))",2325742,Verde,Línea,2
"MULTILINESTRING Z ((439267.4057 4475939.3261 0,439281.3223 4475938.4927 0))",2325745,Verde,Línea,3
"MULTILINESTRING Z ((439293.1703 4475893.8391 0,439292.0428 4475878.8739 0))",2325747,Verde,Línea,3
"MULTILINESTRING Z ((439302.6557 4476063.5995 0,439301.5307 4476045.2245 0))",2325748,Verde,Línea,4
"MULTILINESTRING Z ((439371.489 4476066.9094 0,439384.739 4476066.3261 0))",2325749,Verde,Línea,3
"MULTILINESTRING Z ((439618.0269 4475770.1142 0,439619.142 4475781.5837 0))",2325759,Verde,Línea,2
"MULTILINESTRING Z ((439689.2807 4476568.9511 0,439705.9057 4476567.9511 0))",2325761,Verde,Línea,3
"MULTILINESTRING Z ((439784.6701 4476585.6038 0,439785.4647 4476599.1112 0))",2325765,Verde,Línea,3
"MULTILINESTRING Z ((439791.6279 4476694.0761 0,439790.4612 4476676.465 0))",2325766,Verde,Línea,3
"MULTILINESTRING Z ((439785.9187 4476420.9046 0,439797.2695 4476420.2235 0))",2325771,Verde,Batería,4
"MULTILINESTRING Z ((439782.2865 4476547.5788 0,439781.3784 4476534.2985 0))",2325773,Verde,Línea,6
"MULTILINESTRING Z ((439756.6338 4476419.5425 0,439741.1968 4476420.6776 0))",2325774,Verde,Línea,3
"MULTILINESTRING Z ((439921.5723 4476412.3261 0,439935.9057 4476411.4927 0))",2325778,Verde,Línea,3
"MULTILINESTRING Z ((440025.6557 4476402.8261 0,440044.0723 4476401.8261 0))",2325779,Verde,Línea,4
"MULTILINESTRING Z ((440152.5154 4476386.3683 0,440151.7066 4476375.2751 0))",2325780,Verde,Línea,4
"MULTILINESTRING Z ((440233.4612 4476391.4094 0,440250.0723 4476390.6872 0))",2325784,Verde,Línea,3
"MULTILINESTRING Z ((439901.2566 4476262.6407 0,439902.3102 4476277.2594 0))",2325790,Verde,Línea,3
"MULTILINESTRING Z ((440147.2 4476170.5143 0,440149.3955 4476146.8258 0))",2325796,Verde,Línea,5
"MULTILINESTRING Z ((440146.9689 4476261.2238 0,440145.8133 4476244.6997 0))",2325798,Verde,Batería,6
"MULTILINESTRING Z ((439887.739 4476073.1594 0,439886.8223 4476057.0761 0))",2325800,Verde,Línea,3
"MULTILINESTRING Z ((439734.489 4476050.5995 0,439720.8223 4476051.2662 0))",2325802,Verde,Batería,5
"MULTILINESTRING Z ((439740.3223 4475942.2427 0,439739.8223 4475929.4094 0))",2325804,Verde,Batería,5
"MULTILINESTRING Z ((439871.489 4475932.2427 0,439869.989 4475914.9094 0))",2325808,Verde,Línea,3
"MULTILINESTRING Z ((442986.4502 4475535.8357 0,443019.3188 4475533.6823 0))",2325809,Verde,Batería,12
"MULTILINESTRING Z ((439754.4057 4475916.5761 0,439773.739 4475914.5761 0))",2325810,Verde,Línea,3
"MULTILINESTRING Z ((442973.79 4475526.6429 0,442971.8272 4475499.1636 0))",2325811,Verde,Batería,10
"MULTILINESTRING Z ((439715.036 4475913.3554 0,439729.3776 4475912.3776 0))",2325814,Verde,Línea,3
"MULTILINESTRING Z ((439732.1557 4475751.2427 0,439733.0723 4475773.0761 0))",2325816,Verde,Batería,9
"MULTILINESTRING Z ((442997.0723 4475384.5995 0,443007.489 4475383.7662 0))",2325817,Verde,Batería,4
"MULTILINESTRING Z ((443013.0462 4475395.6512 0,443015.3189 4475430.052 0))",2325819,Verde,Línea,7
"MULTILINESTRING Z ((439740.6557 4475839.7427 0,439740.0723 4475824.0761 0))",2325820,Verde,Línea,3
"MULTILINESTRING Z ((443104.9106 4475526.4615 0,443095.3896 4475526.9905 0))",2325823,Verde,Batería,3
"MULTILINESTRING Z ((443112.9146 4475516.7182 0,443110.8074 4475485.3735 0))",2325825,Verde,Batería,14
"MULTILINESTRING Z ((443111.0723 4475478.3261 0,443110.989 4475474.6594 0))",2325827,Verde,Batería,1
"MULTILINESTRING Z ((443107.239 4475403.9927 0,443110.9057 4475473.4927 0))",2325829,Verde,Batería,30
"MULTILINESTRING Z ((440025.6463 4475912.1645 0,440027.3489 4475932.0283 0))",2325830,Verde,Línea,4
"MULTILINESTRING Z ((439773.7734 4476412.505 0,439772.4113 4476393.2088 0))",2325836,Verde,Línea,4
"MULTILINESTRING Z ((443116.2807 4475499.2011 0,443114.6557 4475472.9511 0))",2325839,Verde,Línea,5
"MULTILINESTRING Z ((440287.1557 4476519.2427 0,440305.989 4476516.7427 0))",2325840,Verde,Línea,3
"MULTILINESTRING Z ((440342.0723 4476506.9927 0,440359.8223 4476504.7427 0))",2325842,Verde,Línea,3
"MULTILINESTRING Z ((443155.489 4475522.6594 0,443183.6557 4475520.9094 0))",2325843,Verde,Batería,11
"MULTILINESTRING Z ((443196.1557 4475520.4094 0,443200.739 4475520.1594 0))",2325845,Verde,Batería,2
"MULTILINESTRING Z ((440387.989 4476381.3261 0,440403.989 4476380.0761 0))",2325846,Verde,Línea,3
"MULTILINESTRING Z ((442955.2294 4475313.7297 0,442954.6095 4475298.9225 0))",2325849,Verde,Línea,3
"MULTILINESTRING Z ((440504.739 4476485.9927 0,440520.489 4476483.9094 0))",2325850,Verde,Línea,3
"MULTILINESTRING Z ((442832.9057 4475329.4511 0,442830.6557 4475298.2011 0))",2325853,Verde,Línea,6
"MULTILINESTRING Z ((442858.8708 4475333.9616 0,442873.7359 4475332.9905 0))",2325855,Verde,Línea,3
"MULTILINESTRING Z ((440645.8223 4476467.4094 0,440656.5723 4476466.0761 0))",2325856,Verde,Línea,2
"MULTILINESTRING Z ((442880.9071 4475332.3929 0,442889.2734 4475331.7953 0))",2325857,Verde,Línea,2
"MULTILINESTRING Z ((440670.9057 4476361.3261 0,440688.489 4476359.8261 0))",2325860,Verde,Línea,3
"MULTILINESTRING Z ((442959.8437 4475374.3358 0,442959.155 4475364.4873 0))",2325861,Verde,Línea,2
"MULTILINESTRING Z ((442946.8666 4475330.8242 0,442927.9677 4475332.0941 0))",2325865,Verde,Línea,4
"MULTILINESTRING Z ((442844.6032 4475338.07 0,442884.7167 4475335.2315 0))",2325867,Verde,Línea,8
"MULTILINESTRING Z ((440632.239 4476147.9927 0,440635.5723 4476136.3261 0))",2325874,Verde,Línea,2
"MULTILINESTRING Z ((443184.0172 4475373.2338 0,443196.4139 4475372.3041 0))",2325883,Verde,Línea,2
"MULTILINESTRING Z ((443203.9553 4475371.7875 0,443246.9305 4475368.4818 0))",2325885,Verde,Línea,9
"MULTILINESTRING Z ((440662.4057 4475867.3261 0,440665.739 4475857.5761 0))",2325888,Verde,Línea,2
"MULTILINESTRING Z ((440702.8223 4475914.7427 0,440706.3223 4475901.6594 0))",2325890,Verde,Línea,2
"MULTILINESTRING Z ((440282.3643 4476049.1636 0,440287.0131 4476034.9074 0))",2325892,Verde,Línea,3
"MULTILINESTRING Z ((443169.6577 4475371.1677 0,443172.6536 4475370.9611 0))",2325893,Verde,Batería,1
"MULTILINESTRING Z ((440231.0723 4475874.8261 0,440239.739 4475873.8261 0))",2325896,Verde,Línea,2
"MULTILINESTRING Z ((440180.0227 4475752.917 0,440196.0696 4475748.8537 0))",2325898,Verde,Línea,3
"MULTILINESTRING Z ((443154.67 4475370.8589 0,443136.5231 4475371.9781 0))",2325899,Verde,Batería,7
"MULTILINESTRING Z ((440256.6834 4475733.2983 0,440241.9057 4475737.0761 0))",2325900,Verde,Línea,3
"MULTILINESTRING Z ((443134.1205 4475371.9942 0,443126.7858 4475372.4074 0))",2325901,Verde,Batería,4
"MULTILINESTRING Z ((440298.1557 4475717.9094 0,440316.9057 4475713.2427 0))",2325902,Verde,Línea,3
"MULTILINESTRING Z ((440230.1557 4475691.4094 0,440227.4057 4475674.7427 0))",2325904,Verde,Línea,4
"MULTILINESTRING Z ((443144.2445 4475219.7214 0,443168.1081 4475218.1718 0))",2325909,Verde,Línea,4
"MULTILINESTRING Z ((443200.5462 4475214.9694 0,443180.7114 4475216.519 0))",2325911,Verde,Línea,4
"MULTILINESTRING Z ((440567.3506 4475676.6774 0,440564.3203 4475699.198 0))",2325918,Verde,Línea,4
"MULTILINESTRING Z ((443092.4057 4475164.4511 0,443091.0307 4475145.2011 0))",2325925,Verde,Línea,4
"MULTILINESTRING Z ((443085.1192 4475116.2779 0,443087.0475 4475150.782 0))",2325937,Verde,Batería,13
"MULTILINESTRING Z ((440799.4769 4476415.6926 0,440800.1241 4476425.3366 0))",2325938,Verde,Línea,4
"MULTILINESTRING Z ((440803.239 4476395.9094 0,440800.9057 4476367.1594 0))",2325940,Verde,Línea,5
"MULTILINESTRING Z ((443028.8519 4475225.0933 0,442994.761 4475227.7793 0))",2325941,Verde,Batería,13
"MULTILINESTRING Z ((440807.3733 4476452.0033 0,440805.8846 4476429.4143 0))",2325942,Verde,Línea,4
"MULTILINESTRING Z ((442964.2858 4475229.5355 0,442990.1123 4475227.8826 0))",2325943,Verde,Batería,10
"MULTILINESTRING Z ((440834.239 4476349.3261 0,440848.6557 4476348.2427 0))",2325944,Verde,Línea,3
"MULTILINESTRING Z ((440922.9073 4476289.8026 0,440923.8134 4476304.1068 0))",2325946,Verde,Línea,3
"MULTILINESTRING Z ((442948.48 4475218.4818 0,442942.385 4475126.5396 0))",2325947,Verde,Línea,19
"MULTILINESTRING Z ((440923.9429 4476304.8188 0,440924.7196 4476318.411 0))",2325948,Verde,Línea,3
"MULTILINESTRING Z ((442937.7362 4475231.8082 0,442914.2858 4475233.6677 0))",2325949,Verde,Batería,10
"MULTILINESTRING Z ((441221.1834 4476475.294 0,441220.239 4476464.6829 0))",2325950,Verde,Línea,2
"MULTILINESTRING Z ((441214.489 4476448.5761 0,441199.239 4476448.5761 0))",2325954,Verde,Línea,3
"MULTILINESTRING Z ((442928.1557 4475235.9094 0,442940.0723 4475234.9094 0))",2325955,Verde,Línea,3
"MULTILINESTRING Z ((441218.239 4476437.4927 0,441217.1557 4476420.3261 0))",2325958,Verde,Línea,3
"MULTILINESTRING Z ((442955.5737 4475242.5864 0,442955.9181 4475247.9583 0))",2325959,Verde,Línea,1
"MULTILINESTRING Z ((441232.4057 4476560.0761 0,441231.489 4476547.3261 0))",2325961,Verde,Línea,2
"MULTILINESTRING Z ((441225.4057 4476464.0761 0,441226.5307 4476477.3261 0))",2325963,Verde,Línea,2
"MULTILINESTRING Z ((443032.989 4475227.9094 0,443061.239 4475225.8261 0))",2325962,Verde,Línea,6
"MULTILINESTRING Z ((441257.8223 4476445.7427 0,441272.9057 4476444.4927 0))",2325964,Verde,Línea,3
"MULTILINESTRING Z ((441192.1557 4476068.4329 0,441190.9057 4476052.4329 0))",2325966,Verde,Línea,3
"MULTILINESTRING Z ((443099.4057 4475309.7245 0,443102.4057 4475354.0995 0))",2325967,Verde,Batería,17
"MULTILINESTRING Z ((441173.0723 4476156.4927 0,441189.5723 4476156.4927 0))",2325968,Verde,Batería,6
"MULTILINESTRING Z ((443102.6557 4475360.3495 0,443102.5307 4475357.3495 0))",2325969,Verde,Batería,1
"MULTILINESTRING Z ((441451.9588 4476165.9151 0,441441.5656 4476165.5179 0))",2325972,Verde,Batería,4
"MULTILINESTRING Z ((442526.9924 4475261.7669 0,442530.1949 4475261.457 0))",2325977,Verde,Batería,1
"MULTILINESTRING Z ((441211.239 4476265.9094 0,441209.8223 4476246.9927 0))",2325978,Verde,Línea,3
"MULTILINESTRING Z ((441204.2946 4476168.3495 0,441204.9612 4476178.9606 0))",2325980,Verde,Línea,2
"MULTILINESTRING Z ((442439.776 4475242.0205 0,442438.3686 4475221.3168 0))",2325981,Verde,Línea,5
"MULTILINESTRING Z ((442435.239 4475176.9094 0,442437.6279 4475213.4094 0))",2325983,Verde,Línea,8
"MULTILINESTRING Z ((441045.1844 4475794.9001 0,441055.9083 4475794.0065 0))",2325986,Verde,Línea,2
"MULTILINESTRING Z ((441063.5723 4475793.3261 0,441078.3223 4475791.8261 0))",2325988,Verde,Línea,3
"MULTILINESTRING Z ((442437.323 4475256.9115 0,442434.5338 4475219.928 0))",2325989,Verde,Batería,14
"MULTILINESTRING Z ((441289.748 4475913.1605 0,441278.5277 4475913.0612 0))",2325990,Verde,Línea,2
"MULTILINESTRING Z ((442433.0875 4475196.4776 0,442433.9139 4475207.5313 0))",2325991,Verde,Batería,4
"MULTILINESTRING Z ((441194.6234 4475912.3661 0,441213.4895 4475912.3661 0))",2325992,Verde,Línea,4
"MULTILINESTRING Z ((441370.4749 4475909.288 0,441385.8656 4475909.3873 0))",2325994,Verde,Línea,3
"MULTILINESTRING Z ((442431.4346 4475172.5107 0,442432.0544 4475183.4611 0))",2325995,Verde,Batería,4
"MULTILINESTRING Z ((441441.4057 4475921.9329 0,441443.8223 4475932.8495 0))",2325996,Verde,Línea,2
"MULTILINESTRING Z ((442425.6557 4475110.9927 0,442422.5723 4475067.9094 0))",2325997,Verde,Línea,9
"MULTILINESTRING Z ((441476.7834 4475783.4181 0,441483.6681 4475783.6829 0))",2325998,Verde,Línea,1
"MULTILINESTRING Z ((441534.4109 4475910.5788 0,441522.992 4475910.4795 0))",2326000,Verde,Línea,2
"MULTILINESTRING Z ((441157.1086 4475575.7625 0,441157.7762 4475586.6956 0))",2326002,Verde,Línea,2
"MULTILINESTRING Z ((442333.9057 4475100.0761 0,442391.0723 4475071.3261 0))",2326003,Verde,Línea,13
"MULTILINESTRING Z ((441302.1595 4475650.2909 0,441300.6572 4475629.009 0))",2326004,Verde,Línea,4
"MULTILINESTRING Z ((441280.1164 4475509.1291 0,441267.2081 4475509.9235 0))",2326006,Verde,Línea,2
"MULTILINESTRING Z ((442333.5247 4475076.5601 0,442338.7434 4475073.9875 0))",2326007,Verde,Línea,1
"MULTILINESTRING Z ((441203.2621 4475587.0757 0,441220.5394 4475585.6855 0))",2326008,Verde,Línea,3
"MULTILINESTRING Z ((441385.489 4475643.0162 0,441385.3223 4475632.5162 0))",2326010,Verde,Línea,2
"MULTILINESTRING Z ((442420.2828 4475033.8112 0,442419.3247 4475018.7032 0))",2326011,Verde,Línea,3
"MULTILINESTRING Z ((441286.3858 4475421.1138 0,441287.5542 4475431.7965 0))",2326012,Verde,Línea,2
"MULTILINESTRING Z ((442421.462 4475053.4147 0,442420.5776 4475038.1593 0))",2326013,Verde,Línea,3
"MULTILINESTRING Z ((442430.1583 4475126.4488 0,442428.3895 4475095.4959 0))",2326015,Verde,Batería,11
"MULTILINESTRING Z ((441235.6557 4476452.3261 0,441249.8223 4476451.2427 0))",2326016,Verde,Batería,4
"MULTILINESTRING Z ((442493.5012 4475106.7716 0,442490.1848 4475065.5379 0))",2326021,Verde,Línea,9
"MULTILINESTRING Z ((438897.489 4475767.3261 0,438911.1557 4475774.5761 0))",2326030,Verde,Línea,3
"MULTILINESTRING Z ((438923.5723 4475771.9927 0,438929.6557 4475763.2427 0))",2326032,Verde,Línea,2
"MULTILINESTRING Z ((438968.2114 4475871.271 0,438961.7032 4475881.395 0))",2326036,Verde,Línea,2
"MULTILINESTRING Z ((442535.8403 4474910.1101 0,442538.604 4474948.2485 0))",2326037,Verde,Batería,13
"MULTILINESTRING Z ((438996.8272 4475819.8247 0,438980.5048 4475811.1471 0))",2326038,Verde,Línea,4
"MULTILINESTRING Z ((442534.4032 4474889.5485 0,442535.3981 4474903.1457 0))",2326039,Verde,Batería,5
"MULTILINESTRING Z ((438877.739 4475688.9329 0,438883.0723 4475681.3495 0))",2326040,Verde,Línea,2
"MULTILINESTRING Z ((442586.1195 4474875.8706 0,442546.1901 4474878.6282 0))",2326041,Verde,Batería,15
"MULTILINESTRING Z ((438852.8223 4475722.7662 0,438859.239 4475714.2662 0))",2326042,Verde,Línea,2
"MULTILINESTRING Z ((442610.2757 4474874.3264 0,442604.8709 4474874.547 0))",2326043,Verde,Batería,2
"MULTILINESTRING Z ((438951.7858 4475901.6429 0,438945.2776 4475911.457 0))",2326044,Verde,Línea,2
"MULTILINESTRING Z ((442644.69 4474872.1203 0,442633.8804 4474872.7821 0))",2326047,Verde,Batería,4
"MULTILINESTRING Z ((439048.1701 4475942.3454 0,439060.8767 4475949.2669 0))",2326048,Verde,Línea,3
"MULTILINESTRING Z ((442569.0723 4474873.7427 0,442619.239 4474870.4927 0))",2326049,Verde,Línea,13
"MULTILINESTRING Z ((442543.5429 4474875.65 0,442563.9488 4474874.3264 0))",2326051,Verde,Línea,4
"MULTILINESTRING Z ((442532.8556 4474868.2131 0,442531.8607 4474853.9527 0))",2326053,Verde,Batería,5
"MULTILINESTRING Z ((439118.0722 4475483.5737 0,439100.8222 4475473.9904 0))",2326054,Verde,Línea,4
"MULTILINESTRING Z ((439040.6557 4475556.9094 0,439053.6557 4475564.4927 0))",2326056,Verde,Línea,3
"MULTILINESTRING Z ((442525.4612 4474815.0761 0,442525.0168 4474809.9094 0))",2326057,Verde,Línea,1
"MULTILINESTRING Z ((438990.1557 4475677.1594 0,438999.239 4475664.2427 0))",2326058,Verde,Línea,3
"MULTILINESTRING Z ((442528.4057 4474853.9927 0,442526.1557 4474822.8261 0))",2326059,Verde,Línea,7
"MULTILINESTRING Z ((442425.1557 4474884.0761 0,442435.239 4474883.4094 0))",2326063,Verde,Línea,2
"MULTILINESTRING Z ((439158.7073 4475747.4074 0,439166.042 4475735.6305 0))",2326064,Verde,Línea,2
"MULTILINESTRING Z ((442413.1557 4474855.1594 0,442410.989 4474825.4927 0))",2326067,Verde,Línea,6
"MULTILINESTRING Z ((439260.8079 4475563.592 0,439249.031 4475557.0493 0))",2326068,Verde,Línea,2
"MULTILINESTRING Z ((442408.9334 4474799.0113 0,442410.1126 4474815.0036 0))",2326069,Verde,Línea,3
"MULTILINESTRING Z ((439222.9057 4475658.9329 0,439235.8223 4475666.0995 0))",2326070,Verde,Línea,3
"MULTILINESTRING Z ((442536.3931 4474966.9308 0,442535.8403 4474956.5394 0))",2326071,Verde,Línea,2
"MULTILINESTRING Z ((442535.9581 4474954.6691 0,442532.0402 4474905.1794 0))",2326073,Verde,Línea,10
"MULTILINESTRING Z ((439142.5916 4475458.771 0,439132.4676 4475473.3371 0))",2326074,Verde,Línea,4
"MULTILINESTRING Z ((442530.9763 4474889.6591 0,442531.6396 4474899.6819 0))",2326075,Verde,Línea,2
"MULTILINESTRING Z ((439196.2073 4475382.0148 0,439207.8809 4475365.176 0))",2326076,Verde,Línea,4
"MULTILINESTRING Z ((439268.0393 4475283.2889 0,439259.5682 4475295.2724 0))",2326080,Verde,Línea,3
"MULTILINESTRING Z ((442495.5723 4474883.3261 0,442482.739 4474884.1594 0))",2326081,Verde,Batería,5
"MULTILINESTRING Z ((439377.0723 4475251.4094 0,439384.4057 4475240.8261 0))",2326082,Verde,Línea,2
"MULTILINESTRING Z ((442450.989 4474886.4927 0,442477.4057 4474884.4927 0))",2326083,Verde,Batería,11
"MULTILINESTRING Z ((439415.4057 4475193.8261 0,439421.8223 4475183.2427 0))",2326084,Verde,Línea,2
"MULTILINESTRING Z ((442407.4963 4474851.8523 0,442408.7123 4474872.1928 0))",2326089,Verde,Línea,4
"MULTILINESTRING Z ((439120.0566 4474793.3049 0,439110.5938 4474778.7361 0))",2326096,Verde,Línea,4
"MULTILINESTRING Z ((439253.556 4474774.7702 0,439250.0847 4474782.5976 0))",2326100,Verde,Línea,2
"MULTILINESTRING Z ((439406.3223 4474803.9094 0,439418.5723 4474794.5761 0))",2326102,Verde,Línea,3
"MULTILINESTRING Z ((438869.0723 4476233.5995 0,438855.989 4476226.4329 0))",2326106,Verde,Línea,3
"MULTILINESTRING Z ((440586.489 4475421.7427 0,440597.489 4475422.5761 0))",2326108,Verde,Línea,2
"MULTILINESTRING Z ((442803.8223 4474930.7427 0,442799.9057 4474877.5761 0))",2326109,Verde,Línea,11
"MULTILINESTRING Z ((440669.5269 4475427.8546 0,440656.5976 4475426.9657 0))",2326112,Verde,Línea,2
"MULTILINESTRING Z ((442928.0564 4474863.7374 0,442929.6007 4474890.5408 0))",2326117,Verde,Batería,10
"MULTILINESTRING Z ((441098.6329 4475276.0632 0,441090.8983 4475262.4846 0))",2326126,Verde,Línea,3
"MULTILINESTRING Z ((442717.3792 4474863.4064 0,442702.709 4474864.3992 0))",2326129,Verde,Línea,3
"MULTILINESTRING Z ((441050.9361 4475186.9432 0,441058.7566 4475200.0061 0))",2326130,Verde,Línea,3
"MULTILINESTRING Z ((442721.989 4474863.0761 0,442768.0723 4474859.7427 0))",2326131,Verde,Línea,9
"MULTILINESTRING Z ((442794.4511 4474849.2669 0,442792.7982 4474819.7214 0))",2326133,Verde,Batería,11
"MULTILINESTRING Z ((440737.3707 4475258.5304 0,440748.2348 4475265.2736 0))",2326134,Verde,Línea,2
"MULTILINESTRING Z ((442791.2486 4474798.2338 0,442792.2817 4474812.1801 0))",2326135,Verde,Batería,5
"MULTILINESTRING Z ((442825.4057 4474855.5995 0,442813.2807 4474856.4745 0))",2326141,Verde,Línea,2
"MULTILINESTRING Z ((442916.6557 4474848.9745 0,442891.5307 4474850.8495 0))",2326145,Verde,Línea,5
"MULTILINESTRING Z ((440833.489 4474964.1594 0,440829.239 4474952.1594 0))",2326148,Verde,Línea,2
"MULTILINESTRING Z ((440977.4057 4475096.9927 0,440988.0723 4475102.8261 0))",2326150,Verde,Línea,2
"MULTILINESTRING Z ((440950.6003 4475018.6136 0,440962.4641 4475017.582 0))",2326156,Verde,Línea,2
"MULTILINESTRING Z ((440894.8782 4474919.1502 0,440897.35 4474930.8141 0))",2326158,Verde,Línea,2
"MULTILINESTRING Z ((440974.6557 4474953.9094 0,440985.8223 4474953.0761 0))",2326160,Verde,Línea,2
"MULTILINESTRING Z ((441062.489 4475038.9094 0,441076.489 4475034.7427 0))",2326164,Verde,Línea,3
"MULTILINESTRING Z ((443080.7467 4474983.9377 0,443082.2802 4475004.0932 0))",2326165,Verde,Línea,4
"MULTILINESTRING Z ((443080.199 4474976.708 0,443079.6513 4474971.6691 0))",2326167,Verde,Línea,1
"MULTILINESTRING Z ((440849.8151 4474926.7406 0,440860.7046 4474921.9836 0))",2326170,Verde,Línea,2
"MULTILINESTRING Z ((440812.4057 4474845.1829 0,440840.5723 4474837.8495 0))",2326176,Verde,Línea,6
"MULTILINESTRING Z ((443063.7282 4474830.6467 0,443062.9561 4474819.1753 0))",2326183,Verde,Línea,2
"MULTILINESTRING Z ((443057.9925 4474752.663 0,443060.1985 4474783.8785 0))",2326185,Verde,Línea,6
"MULTILINESTRING Z ((443068.9124 4474830.0952 0,443067.9197 4474814.7632 0))",2326187,Verde,Línea,3
"MULTILINESTRING Z ((440921.7145 4474609.9135 0,440899.3623 4474609.9135 0))",2326188,Verde,Línea,4
"MULTILINESTRING Z ((440867.1364 4474511.2055 0,440865.3497 4474525.9453 0))",2326190,Verde,Línea,3
"MULTILINESTRING Z ((443104.3194 4474835.6103 0,443094.0613 4474836.2721 0))",2326193,Verde,Línea,2
"MULTILINESTRING Z ((443139.5058 4474833.1836 0,443125.4974 4474834.1764 0))",2326195,Verde,Batería,4
"MULTILINESTRING Z ((440775.239 4474627.0761 0,440774.5723 4474616.8261 0))",2326200,Verde,Línea,2
"MULTILINESTRING Z ((441107.3223 4475024.5162 0,441092.3223 4475029.4329 0))",2326208,Verde,Línea,3
"MULTILINESTRING Z ((440857.3231 4475098.3935 0,440867.6395 4475093.6652 0))",2326212,Verde,Línea,2
"MULTILINESTRING Z ((443405.6034 4474698.4384 0,443407.3768 4474729.252 0))",2326217,Verde,Línea,6
"MULTILINESTRING Z ((443408.5961 4474751.0875 0,443407.8202 4474735.7916 0))",2326219,Verde,Línea,3
"MULTILINESTRING Z ((443409.2611 4474766.6051 0,443408.8178 4474756.5187 0))",2326221,Verde,Línea,2
"MULTILINESTRING Z ((443419.9019 4474772.1897 0,443443.5275 4474770.7039 0))",2326223,Verde,Línea,5
"MULTILINESTRING Z ((441112.1255 4475108.6517 0,441121.5789 4475143.8012 0))",2326224,Verde,Línea,7
"MULTILINESTRING Z ((443447.6488 4474764.1297 0,443447.2793 4474758.5877 0))",2326225,Verde,Línea,1
"MULTILINESTRING Z ((443442.0416 4474687.6429 0,443446.2021 4474749.6043 0))",2326227,Verde,Línea,14
"MULTILINESTRING Z ((443445.1733 4474687.9086 0,443449.7178 4474752.5284 0))",2326229,Verde,Línea,14
"MULTILINESTRING Z ((443450.5306 4474763.908 0,443450.1612 4474758.4399 0))",2326233,Verde,Línea,1
"MULTILINESTRING Z ((443474.9617 4474682.4471 0,443470.0737 4474682.1076 0))",2326235,Verde,Línea,1
"MULTILINESTRING Z ((443450.7523 4474680.7779 0,443460.8018 4474681.5168 0))",2326237,Verde,Línea,2
"MULTILINESTRING Z ((443485.1323 4474762.0857 0,443479.6345 4474687.3458 0))",2326239,Verde,Línea,16
"MULTILINESTRING Z ((443488.5498 4474761.9371 0,443483.4978 4474687.7915 0))",2326241,Verde,Línea,16
"MULTILINESTRING Z ((443488.5857 4474683.2903 0,443493.9061 4474683.8814 0))",2326246,Verde,Línea,1
"MULTILINESTRING Z ((443506.1724 4474685.6549 0,443511.3449 4474686.3199 0))",2326247,Verde,Línea,1
"MULTILINESTRING Z ((443568.0377 4474694.4707 0,443557.6705 4474692.5971 0))",2326251,Verde,Línea,2
"MULTILINESTRING Z ((443575.7061 4474750.9028 0,443576.6667 4474745.2869 0))",2326252,Verde,Línea,1
"MULTILINESTRING Z ((443423.3223 4474774.9094 0,443428.1557 4474774.8261 0))",2326253,Verde,Línea,1
"MULTILINESTRING Z ((443568.0951 4474798.3424 0,443569.0557 4474792.9481 0))",2326259,Verde,Línea,1
"MULTILINESTRING Z ((443572.6765 4474774.1053 0,443571.642 4474779.9429 0))",2326260,Verde,Línea,1
"MULTILINESTRING Z ((443585.739 4474883.4927 0,443585.239 4474852.9094 0))",2326261,Verde,Línea,6
"MULTILINESTRING Z ((443639.338 4474809.0183 0,443629.3773 4474809.4285 0))",2326266,Verde,Línea,2
"MULTILINESTRING Z ((443610.8865 4474808.8859 0,443620.9902 4474808.5557 0))",2326268,Verde,Línea,2
"MULTILINESTRING Z ((443595.739 4474809.3261 0,443606.489 4474809.0761 0))",2326269,Verde,Línea,2
"MULTILINESTRING Z ((443656.1761 4474874.3787 0,443654.9938 4474829.3776 0))",2326273,Verde,Línea,9
"MULTILINESTRING Z ((443662.6557 4474807.9927 0,443693.0723 4474807.2427 0))",2326274,Verde,Línea,6
"MULTILINESTRING Z ((443702.8116 4474872.712 0,443702.9365 4474866.092 0))",2326275,Verde,Línea,1
"MULTILINESTRING Z ((443702.5618 4474859.5968 0,443701.6424 4474828.5191 0))",2326276,Verde,Línea,6
"MULTILINESTRING Z ((443701.4758 4474821.7466 0,443701.2538 4474815.0851 0))",2326277,Verde,Línea,1
"MULTILINESTRING Z ((443750.538 4474858.3438 0,443748.6168 4474841.1267 0,443750.1685 4474828.1214 0))",2326280,Verde,Línea,6
"MULTILINESTRING Z ((443751.7942 4474816.9635 0,443751.2769 4474822.1361 0))",2326281,Verde,Línea,1
"MULTILINESTRING Z ((443654.0332 4474733.3161 0,443653.2203 4474749.1293 0))",2326282,Verde,Línea,3
"MULTILINESTRING Z ((443704.3546 4474800.7808 0,443705.0935 4474790.7313 0))",2326284,Verde,Línea,2
"MULTILINESTRING Z ((443705.5369 4474786.0761 0,443706.2019 4474776.1004 0))",2326285,Verde,Línea,2
"MULTILINESTRING Z ((443755.0225 4474796.4359 0,443755.6886 4474790.6902 0))",2326286,Verde,Línea,1
"MULTILINESTRING Z ((443756.5234 4474782.7508 0,443757.8535 4474772.3319 0))",2326287,Verde,Línea,2
"MULTILINESTRING Z ((443719.5113 4474766.3972 0,443749.7087 4474765.5774 0))",2326288,Verde,Línea,9
"MULTILINESTRING Z ((443661.792 4474746.6908 0,443708.4926 4474745.5085 0))",2326290,Verde,Línea,10
"MULTILINESTRING Z ((443707.3103 4474763.8341 0,443708.3448 4474748.0209 0))",2326291,Verde,Línea,3
"MULTILINESTRING Z ((443410.2587 4474782.4553 0,443411.1454 4474798.3054 0))",2326294,Verde,Línea,3
"MULTILINESTRING Z ((443475.8223 4474813.9927 0,443481.1557 4474813.8261 0))",2326298,Verde,Línea,1
"MULTILINESTRING Z ((443492.739 4474813.3261 0,443486.6557 4474813.8261 0))",2326299,Verde,Línea,1
"MULTILINESTRING Z ((443497.0835 4474813.2688 0,443521.8378 4474812.3082 0))",2326300,Verde,Línea,4
"MULTILINESTRING Z ((443420.4683 4474925.2209 0,443421.2297 4474942.7336 0))",2326303,Verde,Batería,6
"MULTILINESTRING Z ((443428.7742 4475010.1643 0,443430.7634 4475029.4991 0))",2326304,Verde,Línea,4
"MULTILINESTRING Z ((443427.9979 4475003.9011 0,443426.3904 4474989.9417 0))",2326306,Verde,Batería,5
"MULTILINESTRING Z ((443440.6626 4475036.2997 0,443459.6964 4475035.8544 0,443480.4555 4475032.9047 0))",2326307,Verde,Línea,8
"MULTILINESTRING Z ((443417.4226 4474928.3512 0,443418.5224 4474951.0247 0))",2326311,Verde,Línea,4
"MULTILINESTRING Z ((443422.4956 4474990.0411 0,443422.0345 4474983.7709 0))",2326312,Verde,Línea,1
"MULTILINESTRING Z ((443725.5446 4474879.9566 0,443708.1826 4474881.2056 0))",2326314,Verde,Línea,3
"MULTILINESTRING Z ((443687.9057 4474883.6594 0,443664.8223 4474885.7427 0))",2326315,Verde,Línea,4
"MULTILINESTRING Z ((443555.5048 4474902.0906 0,443550.8216 4474929.4322 0,443549.7197 4474937.0079 0,443549.0999 4474942.5864 0,443549.031 4474946.0988 0,443549.582 4474951.4019 0))",2326316,Verde,Línea,9
"MULTILINESTRING Z ((443553.8519 4474970.6856 0,443550.7528 4474958.2889 0))",2326317,Verde,Línea,2
"MULTILINESTRING Z ((443703.6157 4474932.8284 0,443703.3201 4474927.8037 0))",2326318,Verde,Línea,1
"MULTILINESTRING Z ((443564.6652 4475011.9409 0,443557.4207 4474982.7128 0))",2326320,Verde,Línea,5
"MULTILINESTRING Z ((443576.4064 4474973.3865 0,443561.3344 4474976.6341 0))",2326321,Verde,Línea,3
"MULTILINESTRING Z ((443597.0576 4474968.7233 0,443581.7357 4474972.2207 0))",2326322,Verde,Línea,3
"MULTILINESTRING Z ((443697.5564 4474946.4987 0,443682.3713 4474949.8239 0))",2326323,Verde,Línea,3
"MULTILINESTRING Z ((443664.4152 4474953.4817 0,443647.5675 4474957.4719 0))",2326324,Verde,Línea,3
"MULTILINESTRING Z ((443633.6968 4474960.5628 0,443613.462 4474965.0594 0))",2326325,Verde,Línea,4
"MULTILINESTRING Z ((443609.5482 4474965.9754 0,443604.3854 4474967.1412 0))",2326326,Verde,Línea,1
"MULTILINESTRING Z ((443712.8041 4474971.8876 0,443709.3067 4474962.0617 0))",2326327,Verde,Línea,2
"MULTILINESTRING Z ((443320.6557 4475011.7662 0,443344.739 4475010.2662 0))",2326328,Verde,Línea,5
"MULTILINESTRING Z ((443347.2132 4475015.1645 0,443348.6264 4475039.1228 0))",2326329,Verde,Línea,6
"MULTILINESTRING Z ((443348.9942 4475045.974 0,443350.1534 4475069.946 0))",2326330,Verde,Línea,6
"MULTILINESTRING Z ((443425.2906 4475011.2615 0,443427.3211 4475026.8284 0))",2326334,Verde,Línea,3
"MULTILINESTRING Z ((443301.0723 4475109.6594 0,443310.6557 4475109.3261 0))",2326336,Verde,Línea,2
"MULTILINESTRING Z ((443327.3223 4475108.5761 0,443347.5723 4475107.8261 0))",2326337,Verde,Línea,4
"MULTILINESTRING Z ((443435.1396 4475113.0446 0,443434.1848 4475129.8333 0))",2326341,Verde,Línea,3
"MULTILINESTRING Z ((443482.8099 4475093.2966 0,443474.3163 4475044.4998 0))",2326346,Verde,Línea,9
"MULTILINESTRING Z ((443485.3913 4475093.7962 0,443482.3936 4475074.5606 0))",2326347,Verde,Línea,3
"MULTILINESTRING Z ((443477.6471 4475043.5839 0,443480.978 4475065.2343 0))",2326348,Verde,Línea,4
"MULTILINESTRING Z ((443558.2534 4475090.5486 0,443565.1648 4475028.6784 0))",2326349,Verde,Línea,12
"MULTILINESTRING Z ((443549.2601 4475100.2913 0,443518.8662 4475101.3738 0))",2326351,Verde,Línea,6
"MULTILINESTRING Z ((443490.8872 4475125.6889 0,443495.9667 4475156.6657 0))",2326352,Verde,Línea,6
"MULTILINESTRING Z ((443500.047 4475180.731 0,443498.2983 4475169.7392 0))",2326353,Verde,Línea,2
"MULTILINESTRING Z ((443517.1124 4475187.6011 0,443536.9657 4475186.191 0))",2326354,Verde,Línea,4
"MULTILINESTRING Z ((443555.9869 4475108.9776 0,443555.1605 4475115.3137 0))",2326358,Verde,Línea,1
"MULTILINESTRING Z ((443485.1279 4475110.1872 0,443490.4612 4475141.465 0))",2326360,Verde,Línea,6
"MULTILINESTRING Z ((443491.6834 4475148.7983 0,443496.4612 4475179.6872 0))",2326361,Verde,Línea,6
"MULTILINESTRING Z ((443438.2427 4475114.4768 0,443437.3675 4475134.846 0))",2326362,Verde,Línea,4
"MULTILINESTRING Z ((443435.6966 4475158.8753 0,443436.9696 4475138.5061 0))",2326363,Verde,Línea,4
"MULTILINESTRING Z ((443572.2429 4475017.4368 0,443577.1559 4475016.4375 0))",2326365,Verde,Línea,1
"MULTILINESTRING Z ((443605.3146 4475010.009 0,443628.5012 4475005.0033 0))",2326367,Verde,Línea,5
"MULTILINESTRING Z ((443658.6612 4474997.3415 0,443653.2627 4474998.9555 0))",2326368,Verde,Línea,1
"MULTILINESTRING Z ((443674.9734 4474992.1957 0,443689.4837 4474987.6566 0))",2326369,Verde,Línea,3
"MULTILINESTRING Z ((443711.2547 4474981.0347 0,443701.5152 4474983.9288 0))",2326370,Verde,Línea,2
"MULTILINESTRING Z ((443722.9758 4474998.6675 0,443719.1333 4474988.8397 0))",2326371,Verde,Línea,2
"MULTILINESTRING Z ((443740.6166 4475044.0002 0,443728.3758 4475012.6904 0))",2326372,Verde,Línea,6
"MULTILINESTRING Z ((443749.6098 4475065.2343 0,443759.1027 4475094.4624 0))",2326373,Verde,Línea,6
"MULTILINESTRING Z ((443762.9332 4475106.3701 0,443760.9347 4475100.0415 0))",2326374,Verde,Línea,1
"MULTILINESTRING Z ((443554.9057 4475184.9094 0,443583.3223 4475179.6594 0))",2326378,Verde,Línea,6
"MULTILINESTRING Z ((443875.8578 4475130.0709 0,443867.5833 4475134.2795 0))",2326383,Verde,Línea,2
"MULTILINESTRING Z ((443911.0307 4475159.9745 0,443913.9057 4475133.5995 0))",2326386,Verde,Batería,10
"MULTILINESTRING Z ((443910.6557 4475210.5995 0,443914.2807 4475174.2245 0))",2326388,Verde,Línea,7
"MULTILINESTRING Z ((443911.6557 4475173.5995 0,443908.0307 4475210.2245 0))",2326389,Verde,Línea,7
"MULTILINESTRING Z ((443878.0723 4475216.0162 0,443903.1557 4475218.5162 0))",2326391,Verde,Línea,5
"MULTILINESTRING Z ((443902.8223 4475221.1829 0,443887.489 4475219.8495 0))",2326393,Verde,Línea,3
"MULTILINESTRING Z ((443877.5723 4475219.0995 0,443882.739 4475219.5995 0))",2326394,Verde,Línea,1
"MULTILINESTRING Z ((443868.8313 4475233.5644 0,443866.3519 4475257.6347 0))",2326396,Verde,Batería,8
"MULTILINESTRING Z ((443866.5586 4475209.4942 0,443868.3148 4475194.5148 0))",2326398,Verde,Línea,3
"MULTILINESTRING Z ((443869.4511 4475178.9156 0,443868.9346 4475183.9776 0))",2326399,Verde,Línea,1
"MULTILINESTRING Z ((443865.5255 4475221.271 0,443862.0131 4475255.052 0))",2326407,Verde,Línea,7
"MULTILINESTRING Z ((443753.2321 4475194.5148 0,443763.1495 4475219.0327 0))",2326415,Verde,Línea,5
"MULTILINESTRING Z ((443829.0586 4475280.3964 0,443819.6233 4475293.8261 0))",2326416,Verde,Línea,3
"MULTILINESTRING Z ((443809.5682 4475308.0823 0,443815.7665 4475299.3358 0))",2326417,Verde,Línea,2
"MULTILINESTRING Z ((443797.1026 4475306.0162 0,443794.4856 4475299.6801 0))",2326418,Verde,Línea,1
"MULTILINESTRING Z ((443858.5007 4475290.2793 0,443854.2652 4475335.3206 0))",2326422,Verde,Línea,9
"MULTILINESTRING Z ((443742.0307 4475174.9511 0,443736.6557 4475159.9511 0))",2326427,Verde,Línea,3
"MULTILINESTRING Z ((443734.8203 4475155.0586 0,443732.8146 4475149.7533 0))",2326428,Verde,Línea,1
"MULTILINESTRING Z ((443757.8464 4475216.5534 0,443763.907 4475232.187 0))",2326429,Verde,Línea,3
"MULTILINESTRING Z ((443675.5474 4475279.83 0,443685.8709 4475275.6318 0))",2326433,Verde,Línea,2
"MULTILINESTRING Z ((443688.9323 4475274.3012 0,443693.5843 4475272.4683 0))",2326434,Verde,Línea,1
"MULTILINESTRING Z ((443553.1463 4475331.9402 0,443579.1606 4475290.338 0))",2326437,Verde,Línea,10
"MULTILINESTRING Z ((443546.0007 4475343.4818 0,443549.031 4475338.5231 0))",2326438,Verde,Línea,1
"MULTILINESTRING Z ((443587.3159 4475331.9402 0,443583.7028 4475317.4878 0))",2326440,Verde,Línea,3
"MULTILINESTRING Z ((443620.6954 4475301.234 0,443615.5337 4475303.2987 0))",2326442,Verde,Línea,1
"MULTILINESTRING Z ((443643.2006 4475292.4935 0,443627.3713 4475298.8252 0))",2326443,Verde,Línea,3
"MULTILINESTRING Z ((443709.4057 4475270.2427 0,443713.989 4475268.4927 0))",2326445,Verde,Línea,1
"MULTILINESTRING Z ((443690.239 4475277.8495 0,443705.4057 4475272.0162 0))",2326446,Verde,Línea,3
"MULTILINESTRING Z ((443663.9057 4475288.3495 0,443654.0723 4475292.1829 0))",2326448,Verde,Línea,2
"MULTILINESTRING Z ((443649.239 4475294.0162 0,443644.489 4475295.9329 0))",2326449,Verde,Línea,1
"MULTILINESTRING Z ((443629.0723 4475301.7662 0,443597.3223 4475314.0162 0))",2326450,Verde,Línea,7
"MULTILINESTRING Z ((443771.3451 4475250.2999 0,443773.3423 4475255.8096 0))",2326453,Verde,Línea,1
"MULTILINESTRING Z ((443776.2349 4475263.041 0,443787.0475 4475291.6223 0))",2326454,Verde,Línea,6
"MULTILINESTRING Z ((443759.9514 4475323.9905 0,443744.422 4475327.8427 0))",2326458,Verde,Línea,4
"MULTILINESTRING Z ((443365.4057 4475322.5761 0,443365.4057 4475287.3261 0))",2326464,Verde,Línea,7
"MULTILINESTRING Z ((443365.0307 4475282.2011 0,443364.9057 4475242.5761 0))",2326465,Verde,Línea,8
"MULTILINESTRING Z ((443430.1269 4475246.0809 0,443429.8086 4475233.6684 0))",2326468,Verde,Batería,4
"MULTILINESTRING Z ((443370.3837 4475201.2785 0,443380.959 4475200.3478 0))",2326470,Verde,Línea,2
"MULTILINESTRING Z ((443440.519 4475196.1741 0,443481.0718 4475193.2412 0))",2326472,Verde,Línea,7
"MULTILINESTRING Z ((443546.0182 4475195.4409 0,443545.003 4475203.5627 0))",2326475,Verde,Línea,1
"MULTILINESTRING Z ((443504.14 4475216.9299 0,443538.0656 4475209.2311 0))",2326476,Verde,Línea,6
"MULTILINESTRING Z ((443538.9057 4475255.2011 0,443542.7807 4475218.8261 0))",2326480,Verde,Línea,7
"MULTILINESTRING Z ((443392.0723 4475341.0995 0,443414.1557 4475354.5162 0))",2326482,Verde,Línea,5
"MULTILINESTRING Z ((443505.9181 4475311.8702 0,443494.2789 4475331.2228 0))",2326485,Verde,Línea,4
"MULTILINESTRING Z ((443517.144 4475310.7683 0,443543.8657 4475327.2972 0))",2326486,Verde,Línea,6
"MULTILINESTRING Z ((443580.3671 4475283.3578 0,443593.9346 4475261.2504 0))",2326490,Verde,Línea,5
"MULTILINESTRING Z ((443497.9291 4475418.4129 0,443483.5351 4475441.1402 0))",2326500,Verde,Línea,5
"MULTILINESTRING Z ((443645.4057 4475502.8261 0,443656.1557 4475509.4511 0))",2326508,Verde,Línea,2
"MULTILINESTRING Z ((443669.9057 4475519.2011 0,443664.9057 4475516.2011 0))",2326509,Verde,Línea,1
"MULTILINESTRING Z ((443634.489 4475505.0162 0,443615.4057 4475535.1829 0))",2326510,Verde,Línea,7
"MULTILINESTRING Z ((443613.0723 4475538.2662 0,443607.8223 4475546.9329 0))",2326511,Verde,Línea,2
"MULTILINESTRING Z ((443599.3065 4475574.6801 0,443625.6495 4475591.519 0))",2326513,Verde,Línea,6
"MULTILINESTRING Z ((443646.5723 4475573.7662 0,443649.6557 4475569.0995 0))",2326515,Verde,Línea,1
"MULTILINESTRING Z ((443715.3223 4475458.9329 0,443712.8223 4475423.6829 0))",2326522,Verde,Línea,7
"MULTILINESTRING Z ((443517.2807 4475418.4511 0,443542.6557 4475434.4511 0))",2326524,Verde,Línea,5
"MULTILINESTRING Z ((443596.5307 4475468.5761 0,443546.0307 4475436.5761 0))",2326525,Verde,Línea,13
"MULTILINESTRING Z ((443603.2807 4475472.3261 0,443611.7807 4475477.8261 0))",2326526,Verde,Línea,2
"MULTILINESTRING Z ((443668.3776 4475513.4085 0,443616.0313 4475480.5479 0))",2326527,Verde,Línea,11
"MULTILINESTRING Z ((443714.489 4475399.4329 0,443713.9057 4475394.1829 0))",2326530,Verde,Línea,1
"MULTILINESTRING Z ((443711.739 4475349.6829 0,443712.989 4475374.7662 0))",2326531,Verde,Línea,5
"MULTILINESTRING Z ((443690.4335 4475526.4252 0,443733.2952 4475552.883 0))",2326532,Verde,Línea,10
"MULTILINESTRING Z ((443744.1958 4475550.1314 0,443783.0359 4475491.6067 0))",2326533,Verde,Línea,14
"MULTILINESTRING Z ((443778.7486 4475431.0851 0,443784.3272 4475482.0148 0))",2326538,Verde,Línea,10
"MULTILINESTRING Z ((443806.469 4475335.1484 0,443804.1274 4475325.9886 0))",2326539,Verde,Línea,2
"MULTILINESTRING Z ((443810.3258 4475338.9363 0,443846.4828 4475342.5864 0))",2326540,Verde,Línea,7
"MULTILINESTRING Z ((443886.1867 4475350.5066 0,443887.8395 4475342.1388 0,443886.29 4475339.5561 0))",2326542,Verde,Batería,5
"MULTILINESTRING Z ((443864.6991 4475349.4735 0,443884.0172 4475351.333 0))",2326543,Verde,Batería,7
"MULTILINESTRING Z ((443845.688 4475345.9828 0,443815.1028 4475342.8078 0))",2326546,Verde,Línea,6
"MULTILINESTRING Z ((443746.6557 4475552.8495 0,443782.9057 4475498.8495 0))",2326549,Verde,Línea,12
"MULTILINESTRING Z ((443767.1557 4475574.7245 0,443780.7807 4475583.5995 0))",2326551,Verde,Línea,3
"MULTILINESTRING Z ((443823.8244 4475592.7931 0,443821.5517 4475593.6884 0,443818.728 4475594.928 0,443815.2845 4475597.2696 0,443811.3588 4475600.5754 0))",2326553,Verde,Batería,6
"MULTILINESTRING Z ((443829.3685 4475580.4652 0,443829.9883 4475574.99 0))",2326554,Verde,Línea,1
"MULTILINESTRING Z ((443832.261 4475550.9198 0,443833.9139 4475536.3537 0))",2326555,Verde,Línea,3
"MULTILINESTRING Z ((443835.4224 4475520.2869 0,443837.4332 4475500.3907 0))",2326559,Verde,Línea,4
"MULTILINESTRING Z ((443836.4277 4475601.8151 0,443835.8079 4475626.4019 0))",2326561,Verde,Batería,9
"MULTILINESTRING Z ((443871.8501 4475474.794 0,443872.8501 4475466.4051 0))",2326562,Verde,Batería,4
"MULTILINESTRING Z ((443871.1834 4475476.294 0,443852.8501 4475474.5718 0))",2326563,Verde,Batería,7
"MULTILINESTRING Z ((443855.2946 4475463.4606 0,443863.1834 4475464.294 0))",2326565,Verde,Batería,4
"MULTILINESTRING Z ((443872.2946 4475465.1829 0,443865.4057 4475464.5162 0))",2326566,Verde,Batería,3
"MULTILINESTRING Z ((443856.3313 4475358.4611 0,443851.166 4475410.0107 0,443845.6908 4475458.771 0))",2326567,Verde,Batería,42
"MULTILINESTRING Z ((443785.7301 4475703.437 0,443768.7611 4475728.7305 0))",2326570,Verde,Línea,6
"MULTILINESTRING Z ((443781.8478 4475695.6512 0,443768.728 4475686.9735 0))",2326571,Verde,Línea,3
"MULTILINESTRING Z ((443808.3285 4475607.8757 0,443807.4332 4475610.9749 0,443807.1577 4475613.5231 0))",2326579,Verde,Batería,2
"MULTILINESTRING Z ((443434.989 4475170.4094 0,443435.5723 4475162.4094 0))",2326592,Verde,Línea,2
"MULTILINESTRING Z ((443843.6247 4475477.7793 0,443837.1164 4475544.1016 0))",2326593,Verde,Batería,28
"MULTILINESTRING Z ((443835.0503 4475563.5231 0,443836.3933 4475549.8867 0))",2326594,Verde,Batería,5
"MULTILINESTRING Z ((443833.5007 4475580.3619 0,443835.0503 4475567.3454 0))",2326595,Verde,Batería,5
"MULTILINESTRING Z ((443395.6557 4475347.8495 0,443404.5723 4475353.4329 0))",2326596,Verde,Línea,2
"MULTILINESTRING Z ((443647.4792 4474220.6697 0,443653.5187 4474224.696 0))",2326600,Verde,Batería,3
"MULTILINESTRING Z ((443638.8846 4474215.7142 0,443632.4579 4474212.6945 0))",2326601,Verde,Batería,3
"MULTILINESTRING Z ((443640.2783 4474216.3337 0,443646.3952 4474220.0503 0))",2326602,Verde,Batería,3
"MULTILINESTRING Z ((441730.942 4471004.5582 0,441724.4977 4471012.1303 0))",2326603,Verde,Batería,4
"MULTILINESTRING Z ((441737.8697 4471010.197 0,441731.4253 4471017.7691 0))",2326604,Verde,Batería,4
"MULTILINESTRING Z ((441726.0282 4471000.2888 0,441719.5839 4471007.8609 0))",2326605,Verde,Batería,4
"MULTILINESTRING Z ((441719.1811 4470994.65 0,441712.7367 4471002.061 0))",2326606,Verde,Batería,4
"MULTILINESTRING Z ((441727.1559 4470984.9835 0,441720.7922 4470992.475 0))",2326607,Verde,Batería,4
"MULTILINESTRING Z ((441734.3253 4470990.864 0,441727.8809 4470998.2749 0))",2326608,Verde,Batería,4
"MULTILINESTRING Z ((441739.078 4470995.0528 0,441732.5531 4471002.5443 0))",2326609,Verde,Batería,4
"MULTILINESTRING Z ((441746.0862 4471000.611 0,441739.4807 4471008.2637 0))",2326610,Verde,Batería,4
"MULTILINESTRING Z ((441754.2222 4470991.0251 0,441747.7778 4470998.8388 0))",2326611,Verde,Batería,4
"MULTILINESTRING Z ((441747.3751 4470985.3863 0,441741.0918 4470992.7973 0))",2326612,Verde,Batería,4
"MULTILINESTRING Z ((441762.2776 4470981.8419 0,441755.9138 4470989.2529 0))",2326613,Verde,Batería,4
"MULTILINESTRING Z ((441755.4305 4470976.2031 0,441748.9056 4470983.8557 0))",2326614,Verde,Batería,4
"MULTILINESTRING Z ((441742.5418 4470981.278 0,441736.0169 4470988.7695 0))",2326615,Verde,Batería,4
"MULTILINESTRING Z ((441735.2919 4470975.6392 0,441729.1698 4470983.0502 0))",2326616,Verde,Batería,4
"MULTILINESTRING Z ((441743.5085 4470965.8921 0,441737.3863 4470973.5448 0))",2326617,Verde,Batería,4
"MULTILINESTRING Z ((441750.5972 4470971.692 0,441743.9918 4470979.3447 0))",2326618,Verde,Batería,4
"MULTILINESTRING Z ((441758.5721 4470962.3478 0,441752.1278 4470969.9199 0))",2326619,Verde,Batería,4
"MULTILINESTRING Z ((441751.8055 4470956.6284 0,441745.5223 4470964.0394 0))",2326620,Verde,Batería,4
"MULTILINESTRING Z ((441759.861 4470946.9619 0,441753.4166 4470954.6146 0))",2326621,Verde,Batería,4
"MULTILINESTRING Z ((441766.7886 4470952.9229 0,441760.1026 4470960.5756 0))",2326622,Verde,Batería,4
"MULTILINESTRING Z ((440969.6871 4471737.2245 0,440954.7872 4471734.2119 0))",2326629,Azul,Línea,3
"MULTILINESTRING Z ((442415.6024 4471466.192 0,442411.1131 4471463.1056 0,442405.3144 4471459.271 0,442401.0121 4471456.2781 0,442398.3933 4471454.5946 0))",2326633,Azul,Línea,4
"MULTILINESTRING Z ((442337.1326 4471408.5789 0,442322.5422 4471404.4636 0))",2326635,Azul,Línea,3
"MULTILINESTRING Z ((441167.6557 4471443.1829 0,441161.1557 4471458.2662 0))",2326636,Azul,Batería,6
"MULTILINESTRING Z ((441178.1763 4471291.6466 0,441169.1852 4471298.0688 0))",2326638,Azul,Línea,2
"MULTILINESTRING Z ((440798.6279 4472487.8538 0,440812.8501 4472486.7983 0))",2326641,Azul,Línea,3
"MULTILINESTRING Z ((440813.0913 4472197.2817 0,440819.1088 4472186.5231 0))",2326642,Azul,Batería,4
"MULTILINESTRING Z ((441098.8223 4472428.6594 0,441096.989 4472408.0761 0))",2326643,Azul,Línea,4
"MULTILINESTRING Z ((441068.5618 4472115.4983 0,441071.7529 4472146.7711 0))",2326645,Azul,Línea,6
"MULTILINESTRING Z ((441046.739 4471887.8538 0,441045.0723 4471867.1872 0))",2326647,Azul,Línea,5
"MULTILINESTRING Z ((441108.5723 4472363.3261 0,441106.8223 4472344.8261 0))",2326649,Azul,Línea,3
"MULTILINESTRING Z ((441091.7946 4472184.465 0,441093.4057 4472201.5761 0))",2326650,Azul,Línea,3
"MULTILINESTRING Z ((441082.4203 4472082.9491 0,441079.3203 4472049.944 0))",2326651,Azul,Línea,6
"MULTILINESTRING Z ((441307.0565 4472069.1591 0,441312.7707 4472060.2702 0))",2326653,Azul,Línea,2
"MULTILINESTRING Z ((441044.3223 4471682.4927 0,441042.9057 4471668.9094 0))",2326655,Azul,Línea,3
"MULTILINESTRING Z ((441039.6595 4471811.0673 0,441040.9359 4471826.111 0))",2326658,Azul,Línea,3
"MULTILINESTRING Z ((441400.1358 4471929.0956 0,441414.866 4471907.7622 0))",2326659,Azul,Línea,5
"MULTILINESTRING Z ((441490.4215 4471797.286 0,441433.6596 4471879.0638 0))",2326660,Azul,Línea,20
"MULTILINESTRING Z ((441357.8501 4471992.5876 0,441373.2152 4471969.3495 0))",2326661,Azul,Línea,5
"MULTILINESTRING Z ((441151.8891 4472982.4314 0,441153.4387 4472996.9976 0))",2326663,Azul,Línea,3
"MULTILINESTRING Z ((441009.2848 4472979.0356 0,440997.7848 4472962.7022 0))",2326666,Azul,Línea,4
"MULTILINESTRING Z ((440854.7584 4472765.9052 0,440860.8166 4472774.2023 0))",2326669,Azul,Línea,2
"MULTILINESTRING Z ((441129.2336 4472746.2313 0,441130.9541 4472761.8226 0))",2326670,Azul,Línea,3
"MULTILINESTRING Z ((441156.7605 4472857.8442 0,441159.9863 4472892.1452 0))",2326672,Azul,Línea,7
"MULTILINESTRING Z ((441146.868 4472753.328 0,441152.3519 4472808.1667 0))",2326674,Azul,Línea,11
"MULTILINESTRING Z ((440540.1021 4472995.4469 0,440552.5051 4472999.8021 0))",2326675,Azul,Línea,2
"MULTILINESTRING Z ((440631.9408 4473027.4484 0,440621.7155 4473023.9453 0))",2326677,Azul,Línea,2
"MULTILINESTRING Z ((440834.0815 4472736.536 0,440806.6878 4472697.5527 0))",2326678,Azul,Línea,10
"MULTILINESTRING Z ((441160.5239 4472897.5216 0,441161.2766 4472907.5216 0))",2326679,Azul,Línea,2
"MULTILINESTRING Z ((442679.4322 4471759.5801 0,442690.5259 4471768.9267 0))",2326680,Azul,Línea,3
"MULTILINESTRING Z ((442291.4553 4472970.7579 0,442298.79 4472985.0141 0))",2326683,Azul,Línea,3
"MULTILINESTRING Z ((442624.5723 4473172.4094 0,442609.5723 4473174.4927 0))",2326684,Azul,Línea,3
"MULTILINESTRING Z ((442753.0012 4472967.9087 0,442744.2512 4472973.6587 0))",2326686,Azul,Línea,2
"MULTILINESTRING Z ((442379.3685 4473142.6587 0,442372.2404 4473128.7124 0))",2326691,Azul,Línea,3
"MULTILINESTRING Z ((442928.522 4472204.0381 0,442936.7476 4472214.8489 0))",2326694,Azul,Línea,3
"MULTILINESTRING Z ((442980.1557 4472278.9094 0,442988.5723 4472291.3261 0))",2326695,Azul,Línea,3
"MULTILINESTRING Z ((442959.2536 4472230.914 0,442967.9753 4472243.724 0))",2326696,Azul,Línea,3
"MULTILINESTRING Z ((443243.7731 4474487.4282 0,443245.4789 4474507.2702 0))",2326697,Azul,Línea,4
"MULTILINESTRING Z ((443193.6743 4473788.0207 0,443192.956 4473777.6957 0))",2326698,Azul,Línea,2
"MULTILINESTRING Z ((442635.9057 4474594.4094 0,442634.989 4474581.7427 0))",2326703,Azul,Línea,3
"MULTILINESTRING Z ((442634.989 4474580.6594 0,442633.1557 4474555.4927 0))",2326704,Azul,Línea,5
"MULTILINESTRING Z ((442518.5723 4474399.5761 0,442560.989 4474395.4094 0))",2326708,Azul,Línea,10
"MULTILINESTRING Z ((442621.9175 4474376.8507 0,442620.0425 4474355.1007 0))",2326710,Azul,Línea,4
"MULTILINESTRING Z ((442616.239 4474296.9094 0,442615.0723 4474281.1594 0))",2326711,Azul,Línea,3
"MULTILINESTRING Z ((442608.6622 4474181.4731 0,442609.7872 4474196.5981 0))",2326713,Azul,Línea,3
"MULTILINESTRING Z ((442618.2872 4474136.0981 0,442619.4122 4474151.0981 0))",2326715,Azul,Línea,3
"MULTILINESTRING Z ((441423.6807 4474486.9774 0,441423.31 4474509.1234 0))",2326718,Azul,Línea,4
"MULTILINESTRING Z ((442795.6279 4473931.8538 0,442794.6834 4473906.965 0))",2326721,Azul,Línea,5
"MULTILINESTRING Z ((443158.0833 4473667.377 0,443159.5928 4473684.6531 0))",2326722,Azul,Línea,3
"MULTILINESTRING Z ((443140.304 4473425.3442 0,443139.4095 4473409.354 0))",2326723,Azul,Línea,3
"MULTILINESTRING Z ((442884.3533 4473201.7285 0,442896.7751 4473193.6758 0))",2326724,Azul,Línea,3
"MULTILINESTRING Z ((441616.123 4475479.5034 0,441603.1546 4475480.4088 0))",2326726,Azul,Línea,3
"MULTILINESTRING Z ((441509.9057 4475384.2427 0,441507.9057 4475374.2427 0))",2326729,Azul,Línea,2
"MULTILINESTRING Z ((441528.3223 4475473.9094 0,441525.489 4475460.5761 0))",2326730,Azul,Línea,3
"MULTILINESTRING Z ((441517.0723 4475229.6594 0,441531.5723 4475228.1594 0))",2326731,Azul,Línea,3
"MULTILINESTRING Z ((441805.1557 4475595.9094 0,441803.3223 4475579.5761 0))",2326732,Azul,Línea,3
"MULTILINESTRING Z ((441987.89 4475594.6203 0,441986.64 4475578.9537 0))",2326733,Azul,Línea,3
"MULTILINESTRING Z ((441788.9098 4475455.8733 0,441787.6593 4475445.7804 0))",2326737,Azul,Línea,2
"MULTILINESTRING Z ((441774.5296 4475338.242 0,441776.1374 4475350.9251 0))",2326738,Azul,Línea,2
"MULTILINESTRING Z ((441792.8397 4475452.9258 0,441791.5 4475443.6368 0))",2326739,Azul,Batería,3
"MULTILINESTRING Z ((441977.1493 4475439.2315 0,441976.3715 4475428.8611 0))",2326740,Azul,Línea,2
"MULTILINESTRING Z ((441965.9263 4475286.6176 0,441964.5513 4475267.8676 0))",2326743,Azul,Línea,3
"MULTILINESTRING Z ((441985.9057 4475341.8495 0,441986.9057 4475353.3495 0))",2326745,Azul,Línea,2
"MULTILINESTRING Z ((441987.9057 4475366.8495 0,441987.0307 4475354.3495 0))",2326746,Azul,Línea,3
"MULTILINESTRING Z ((441991.9057 4475423.5995 0,441990.5307 4475406.9745 0))",2326748,Azul,Línea,3
"MULTILINESTRING Z ((442220.4057 4475437.2427 0,442234.8223 4475435.9927 0))",2326750,Azul,Línea,3
"MULTILINESTRING Z ((442030.6557 4475295.3261 0,442045.0723 4475294.3261 0))",2326751,Azul,Línea,3
"MULTILINESTRING Z ((442104.6557 4475289.5761 0,442120.0723 4475288.4094 0))",2326752,Azul,Línea,3
"MULTILINESTRING Z ((442136.239 4475172.8261 0,442150.0723 4475171.9094 0))",2326753,Azul,Línea,2
"MULTILINESTRING Z ((442248.239 4475165.1594 0,442263.489 4475164.0761 0))",2326754,Azul,Línea,3
"MULTILINESTRING Z ((441754.6565 4475174.6121 0,441753.1827 4475162.5542 0))",2326756,Azul,Línea,2
"MULTILINESTRING Z ((441846.8223 4475176.3261 0,441833.6557 4475177.4094 0))",2326758,Azul,Línea,2
"MULTILINESTRING Z ((441948.6557 4475037.9745 0,441949.5307 4475049.0995 0))",2326759,Azul,Línea,2
"MULTILINESTRING Z ((441956.1557 4475139.2011 0,441957.0307 4475154.5761 0))",2326760,Azul,Línea,3
"MULTILINESTRING Z ((441730.7807 4474967.7245 0,441732.9057 4474983.8495 0))",2326761,Azul,Línea,3
"MULTILINESTRING Z ((441942.0307 4474948.0995 0,441942.6557 4474958.9745 0))",2326762,Azul,Línea,2
"MULTILINESTRING Z ((441946.4057 4475002.2245 0,441945.1557 4474986.9745 0))",2326763,Azul,Línea,4
"MULTILINESTRING Z ((442059.8833 4475161.2322 0,442039.1461 4475162.5905 0))",2326766,Azul,Línea,4
"MULTILINESTRING Z ((441953.0934 4474872.213 0,441954.6008 4474893.277 0))",2326767,Azul,Línea,5
"MULTILINESTRING Z ((441955.9057 4474917.0761 0,441954.5723 4474898.0761 0))",2326768,Azul,Línea,4
"MULTILINESTRING Z ((441712.9057 4474811.7245 0,441714.4057 4474826.4745 0))",2326770,Azul,Línea,3
"MULTILINESTRING Z ((441704.6557 4474740.5995 0,441705.7807 4474751.5995 0))",2326771,Azul,Línea,2
"MULTILINESTRING Z ((441619.5829 4474736.0779 0,441634.2126 4474735.3001 0))",2326772,Azul,Línea,2
"MULTILINESTRING Z ((441694.4057 4474658.9745 0,441696.0307 4474671.9745 0))",2326773,Azul,Línea,2
"MULTILINESTRING Z ((441830.4057 4474683.9606 0,441841.0723 4474686.6273 0))",2326774,Azul,Línea,2
"MULTILINESTRING Z ((441999.7547 4474744.9504 0,442012.9757 4474752.6475 0))",2326775,Azul,Línea,3
"MULTILINESTRING Z ((441977.5687 4474732.2726 0,441986.7147 4474737.5248 0))",2326776,Azul,Línea,2
"MULTILINESTRING Z ((441947.3013 4474804.8676 0,441948.3013 4474818.8676 0))",2326777,Azul,Línea,3
"MULTILINESTRING Z ((442104.8891 4475157.9722 0,442116.2085 4475157.3383 0))",2326780,Azul,Línea,2
"MULTILINESTRING Z ((441960.6557 4474981.9511 0,441961.9057 4474998.2011 0))",2326782,Azul,Línea,3
"MULTILINESTRING Z ((442578.6342 4475556.0705 0,442577.6787 4475545.6965 0))",2326783,Azul,Línea,2
"MULTILINESTRING Z ((442436.3933 4475421.4776 0,442416.5586 4475423.0272 0))",2326785,Azul,Línea,4
"MULTILINESTRING Z ((442451.8223 4475410.9094 0,442450.5723 4475393.1594 0))",2326786,Azul,Línea,4
"MULTILINESTRING Z ((442807.4057 4475395.1594 0,442822.0723 4475394.0761 0))",2326793,Azul,Línea,3
"MULTILINESTRING Z ((442417.5777 4475152.6189 0,442400.7015 4475154.108 0))",2326800,Azul,Línea,3
"MULTILINESTRING Z ((442309.1506 4474996.2103 0,442325.5857 4474995.1073 0))",2326802,Azul,Línea,3
"MULTILINESTRING Z ((442443.9057 4475134.3261 0,442460.9057 4475132.9094 0))",2326804,Azul,Línea,3
"MULTILINESTRING Z ((442648.9354 4474967.391 0,442633.2804 4474968.5568 0))",2326806,Azul,Línea,3
"MULTILINESTRING Z ((443345.9385 4474912.8973 0,443330.6041 4474914.0768 0))",2326809,Azul,Línea,3
"MULTILINESTRING Z ((443473.9746 4475296.4166 0,443459.9222 4475302.1231 0))",2326812,Azul,Línea,3
"MULTILINESTRING Z ((440658.9057 4472342.4094 0,440647.239 4472343.9094 0))",2326818,Verde,Línea,2
"MULTILINESTRING Z ((440633.6325 4472232.446 0,440631.6186 4472217.3824 0))",2326819,Verde,Línea,3
"MULTILINESTRING Z ((440701.8829 4472083.7735 0,440696.3069 4472084.3475 0))",2326822,Verde,Batería,2
"MULTILINESTRING Z ((440596.6557 4471937.4094 0,440594.3223 4471918.4094 0))",2326824,Verde,Línea,3
"MULTILINESTRING Z ((440826.1424 4471870.8491 0,440812.4505 4471863.6772 0))",2326825,Verde,Línea,4
"MULTILINESTRING Z ((440744.9558 4471893.8385 0,440743.465 4471878.682 0))",2326826,Verde,Línea,3
"MULTILINESTRING Z ((440897.1419 4471822.0641 0,440892.0938 4471850.5611 0))",2326827,Verde,Batería,10
"MULTILINESTRING Z ((440728.8054 4471735.8958 0,440730.2134 4471750.3898 0))",2326829,Verde,Línea,3
"MULTILINESTRING Z ((440446.549 4472142.1773 0,440455.0388 4472155.263 0))",2326830,Verde,Línea,3
"MULTILINESTRING Z ((440615.3223 4472087.8261 0,440612.5723 4472067.9094 0))",2326831,Verde,Línea,3
"MULTILINESTRING Z ((441436.1557 4471306.6594 0,441448.0723 4471311.5761 0))",2326832,Verde,Batería,6
"MULTILINESTRING Z ((441148.8223 4471427.7427 0,441162.9057 4471433.6594 0))",2326833,Verde,Línea,3
"MULTILINESTRING Z ((441166.3592 4471091.1069 0,441176.6432 4471079.9255 0))",2326834,Verde,Línea,3
"MULTILINESTRING Z ((441303.8223 4470866.2427 0,441319.6557 4470867.2427 0))",2326836,Verde,Línea,3
"MULTILINESTRING Z ((441484.749 4472436.8825 0,441483.2111 4472416.6339 0))",2326838,Verde,Línea,4
"MULTILINESTRING Z ((441728.1261 4472272.0585 0,441727.3336 4472261.9 0))",2326839,Verde,Línea,2
"MULTILINESTRING Z ((441092.1368 4472103.6909 0,441107.3355 4472102.1321 0))",2326841,Verde,Línea,3
"MULTILINESTRING Z ((441209.2308 4472025.1381 0,441210.0492 4472040.5713 0))",2326842,Verde,Línea,3
"MULTILINESTRING Z ((441592.239 4472440.5761 0,441582.989 4472441.2427 0))",2326846,Verde,Línea,2
"MULTILINESTRING Z ((441627.8223 4472437.9329 0,441647.8223 4472436.2662 0))",2326847,Verde,Línea,4
"MULTILINESTRING Z ((441593.051 4472324.2909 0,441594.4363 4472339.8547 0))",2326848,Azul,Línea,3
"MULTILINESTRING Z ((441220.0935 4472252.2598 0,441219.0906 4472236.3043 0))",2326849,Verde,Batería,6
"MULTILINESTRING Z ((442002.521 4472186.2943 0,441972.5921 4472222.0219 0))",2326852,Verde,Línea,9
"MULTILINESTRING Z ((442010.5644 4472176.505 0,442027.3994 4472156.5524 0))",2326853,Verde,Línea,5
"MULTILINESTRING Z ((440813.666 4472952.3695 0,440796.9305 4472949.0637 0))",2326854,Verde,Línea,3
"MULTILINESTRING Z ((440948.3223 4473095.8261 0,440953.3223 4473080.9094 0))",2326855,Verde,Línea,3
"MULTILINESTRING Z ((440892.6237 4472866.3993 0,440884.1657 4472884.2621 0))",2326857,Verde,Línea,4
"MULTILINESTRING Z ((440924.081 4472879.6556 0,440932.8494 4472891.7527 0))",2326858,Verde,Línea,3
"MULTILINESTRING Z ((441010.5307 4472857.3261 0,441025.2807 4472856.2011 0))",2326859,Verde,Línea,3
"MULTILINESTRING Z ((440968.6845 4472915.3877 0,440967.1041 4472899.452 0))",2326860,Verde,Línea,3
"MULTILINESTRING Z ((441063.3392 4472848.2827 0,441048.6028 4472849.5005 0))",2326861,Verde,Línea,3
"MULTILINESTRING Z ((440962.2312 4472849.4059 0,440961.7044 4472838.8698 0))",2326862,Verde,Línea,2
"MULTILINESTRING Z ((441110.0841 4472780.1184 0,441124.0485 4472778.657 0))",2326863,Verde,Línea,3
"MULTILINESTRING Z ((441211.9057 4473164.4094 0,441220.489 4473153.4927 0))",2326865,Verde,Línea,3
"MULTILINESTRING Z ((441264.8223 4473099.9927 0,441276.239 4473086.4927 0))",2326866,Verde,Línea,3
"MULTILINESTRING Z ((441261.7896 4472783.9054 0,441260.6435 4472769.0057 0))",2326869,Verde,Línea,3
"MULTILINESTRING Z ((440466.2248 4472954.804 0,440473.3851 4472941.6226 0))",2326871,Verde,Línea,3
"MULTILINESTRING Z ((440535.9563 4472978.1563 0,440540.6755 4472968.555 0))",2326873,Verde,Línea,2
"MULTILINESTRING Z ((440672.7159 4472834.9028 0,440689.8212 4472841.0254 0))",2326874,Verde,Línea,4
"MULTILINESTRING Z ((440744.2301 4472845.4753 0,440750.1002 4472832.2202 0))",2326875,Verde,Línea,3
"MULTILINESTRING Z ((440609.6375 4472694.302 0,440633.4258 4472702.0961 0))",2326876,Verde,Línea,5
"MULTILINESTRING Z ((440929.1959 4472668.89 0,440914.6631 4472670.595 0))",2326878,Verde,Línea,3
"MULTILINESTRING Z ((440920.9692 4472565.1259 0,440910.8608 4472565.8567 0))",2326881,Verde,Línea,2
"MULTILINESTRING Z ((441084.0723 4472547.3261 0,441100.8223 4472545.7427 0))",2326882,Verde,Línea,3
"MULTILINESTRING Z ((441041.3513 4472485.4542 0,441058.9883 4472484.2446 0))",2326883,Verde,Línea,3
"MULTILINESTRING Z ((441124.9057 4472531.0761 0,441122.1557 4472503.2427 0))",2326887,Verde,Línea,6
"MULTILINESTRING Z ((441261.8627 4472588.7828 0,441277.0294 4472587.5328 0))",2326889,Verde,Línea,3
"MULTILINESTRING Z ((441346.8223 4472466.0761 0,441331.4057 4472467.4094 0))",2326890,Verde,Línea,3
"MULTILINESTRING Z ((441488.4057 4472570.8495 0,441477.4057 4472571.5995 0))",2326891,Verde,Línea,2
"MULTILINESTRING Z ((441405.0168 4472577.2983 0,441416.4612 4472576.2427 0))",2326892,Verde,Línea,2
"MULTILINESTRING Z ((441376.3286 4472552.7462 0,441375.8867 4472545.3821 0))",2326893,Verde,Batería,3
"MULTILINESTRING Z ((441507.9911 4472654.6935 0,441506.9658 4472639.4162 0))",2326894,Verde,Línea,3
"MULTILINESTRING Z ((441742.1834 4472495.7983 0,441746.0168 4472491.1316 0))",2326895,Verde,Línea,1
"MULTILINESTRING Z ((441746.4057 4472531.4745 0,441753.0307 4472523.2245 0))",2326897,Verde,Línea,2
"MULTILINESTRING Z ((441832.9057 4472428.3495 0,441826.0307 4472436.0995 0))",2326898,Verde,Línea,2
"MULTILINESTRING Z ((442211.7807 4473025.8261 0,442218.6557 4473040.2011 0))",2326900,Verde,Línea,3
"MULTILINESTRING Z ((442335.9057 4472822.4927 0,442339.4057 4472828.4094 0))",2326901,Verde,Batería,3
"MULTILINESTRING Z ((442409.5723 4472885.3261 0,442424.1557 4472877.4094 0))",2326902,Verde,Batería,6
"MULTILINESTRING Z ((442446.9305 4473140.386 0,442441.5586 4473130.4686 0))",2326906,Verde,Línea,2
"MULTILINESTRING Z ((442886.4057 4472895.7011 0,442895.7807 4472889.3261 0))",2326912,Verde,Línea,2
"MULTILINESTRING Z ((442565.9057 4472942.8261 0,442578.1557 4472934.0761 0))",2326913,Verde,Línea,3
"MULTILINESTRING Z ((442473.239 4472815.9094 0,442481.6557 4472828.9094 0))",2326916,Verde,Línea,3
"MULTILINESTRING Z ((442671.0307 4472716.3495 0,442657.9057 4472724.9745 0))",2326919,Verde,Línea,3
"MULTILINESTRING Z ((442685.1031 4472723.7543 0,442693.971 4472737.0719 0))",2326920,Verde,Batería,6
"MULTILINESTRING Z ((442690.7419 4472703.21 0,442703.1284 4472694.9772 0))",2326921,Verde,Línea,3
"MULTILINESTRING Z ((442589.5307 4472585.5761 0,442592.9057 4472589.5761 0))",2326922,Verde,Línea,1
"MULTILINESTRING Z ((442547.9057 4472528.3261 0,442565.7807 4472548.7011 0))",2326923,Verde,Batería,8
"MULTILINESTRING Z ((442001.6825 4472934.1876 0,441995.3809 4472921.1711 0))",2326924,Verde,Línea,3
"MULTILINESTRING Z ((442230.5723 4472696.4927 0,442243.0723 4472688.9094 0))",2326925,Verde,Línea,2
"MULTILINESTRING Z ((442350.739 4472502.2405 0,442361.8352 4472495.7081 0))",2326927,Verde,Línea,2
"MULTILINESTRING Z ((442422.0723 4472592.3261 0,442402.739 4472603.9094 0))",2326928,Verde,Línea,4
"MULTILINESTRING Z ((442558.5723 4472512.9094 0,442564.5723 4472509.4094 0))",2326929,Verde,Línea,1
"MULTILINESTRING Z ((442215.4057 4472632.3261 0,442220.7807 4472641.7011 0))",2326930,Verde,Batería,4
"MULTILINESTRING Z ((442922.9714 4472404.4362 0,442929.2332 4472414.193 0))",2326932,Verde,Línea,2
"MULTILINESTRING Z ((443229.6845 4472357.1301 0,443234.697 4472365.9484 0))",2326933,Verde,Línea,2
"MULTILINESTRING Z ((443047.0409 4472351.4409 0,443039.8033 4472338.1092 0))",2326934,Verde,Línea,3
"MULTILINESTRING Z ((442974.203 4472211.7977 0,442963.1999 4472219.3623 0))",2326935,Verde,Batería,5
"MULTILINESTRING Z ((443042.5727 4472156.4821 0,443033.8372 4472162.7062 0))",2326937,Verde,Batería,4
"MULTILINESTRING Z ((443423.1402 4474315.2844 0,443436.7034 4474324.0307 0))",2326938,Verde,Línea,3
"MULTILINESTRING Z ((443230.739 4473445.9094 0,443243.739 4473444.9094 0))",2326939,Verde,Línea,3
"MULTILINESTRING Z ((443181.3223 4473449.7427 0,443197.5723 4473448.5761 0))",2326940,Verde,Línea,4
"MULTILINESTRING Z ((443309.2912 4473612.9244 0,443321.2979 4473609.479 0,443324.2213 4473608.5393 0))",2326941,Verde,Línea,3
"MULTILINESTRING Z ((443634.2409 4474160.3894 0,443628.065 4474158.303 0,443620.2199 4474156.3 0,443612.1244 4474154.4639 0,443603.6951 4474152.9616 0,443591.0094 4474151.4594 0,443585.5846 4474151.6263 0))",2326942,Verde,Línea,10
"MULTILINESTRING Z ((442367.8802 4474657.6925 0,442380.3802 4474656.7758 0))",2326946,Verde,Línea,2
"MULTILINESTRING Z ((442513.0723 4474654.9094 0,442513.9057 4474666.9927 0))",2326947,Verde,Línea,2
"MULTILINESTRING Z ((442490.1181 4474648.1531 0,442502.9665 4474647.2013 0))",2326948,Verde,Línea,2
"MULTILINESTRING Z ((442525.1283 4474646.1136 0,442539.4723 4474645.0259 0))",2326949,Verde,Línea,3
"MULTILINESTRING Z ((442508.0674 4474550.877 0,442508.9851 4474561.9915 0))",2326950,Verde,Batería,4
"MULTILINESTRING Z ((442511.4057 4474633.9094 0,442510.0723 4474616.0761 0))",2326952,Verde,Línea,4
"MULTILINESTRING Z ((442504.8045 4474552.6105 0,442506.0281 4474567.9057 0))",2326953,Verde,Línea,3
"MULTILINESTRING Z ((442495.489 4474538.9329 0,442489.3223 4474539.4329 0))",2326954,Verde,Línea,1
"MULTILINESTRING Z ((442430.7027 4474426.5351 0,442436.0053 4474427.6228 0,442441.1038 4474427.6228 0))",2326955,Verde,Línea,2
"MULTILINESTRING Z ((442748.9057 4474629.4927 0,442768.739 4474627.9927 0))",2326957,Verde,Línea,4
"MULTILINESTRING Z ((442679.489 4474634.5995 0,442663.239 4474635.7662 0))",2326958,Verde,Línea,3
"MULTILINESTRING Z ((442900.3383 4474618.2778 0,442888.7139 4474619.1956 0))",2326959,Verde,Línea,2
"MULTILINESTRING Z ((442791.6404 4474626.6392 0,442801.6333 4474625.9254 0))",2326960,Verde,Línea,2
"MULTILINESTRING Z ((442789.5723 4474720.9094 0,442790.739 4474736.4927 0))",2326961,Verde,Línea,3
"MULTILINESTRING Z ((442784.239 4474636.9329 0,442784.9057 4474647.5162 0))",2326962,Verde,Línea,2
"MULTILINESTRING Z ((442747.489 4474521.5761 0,442763.6557 4474520.4094 0))",2326964,Verde,Línea,3
"MULTILINESTRING Z ((442655.239 4474528.0162 0,442671.0723 4474526.8495 0))",2326965,Verde,Línea,3
"MULTILINESTRING Z ((442775.5022 4474511.3754 0,442774.8224 4474499.6826 0))",2326966,Verde,Línea,2
"MULTILINESTRING Z ((442893.6557 4474511.4745 0,442872.7807 4474513.0995 0))",2326967,Verde,Línea,4
"MULTILINESTRING Z ((442601.878 4474268.0178 0,442586.8887 4474269.2414 0))",2326968,Verde,Línea,3
"MULTILINESTRING Z ((442482.8476 4474256.0069 0,442492.9034 4474255.2463 0))",2326969,Verde,Línea,2
"MULTILINESTRING Z ((442575.4057 4474112.8261 0,442590.5723 4474116.4927 0))",2326970,Verde,Línea,3
"MULTILINESTRING Z ((442883.5135 4474252.2128 0,442884.6352 4474267.406 0))",2326971,Verde,Línea,4
"MULTILINESTRING Z ((442706.1912 4474385.4849 0,442715.9802 4474384.8731 0))",2326972,Verde,Línea,2
"MULTILINESTRING Z ((442674.6675 4474387.6007 0,442659.9175 4474388.4757 0))",2326973,Verde,Línea,3
"MULTILINESTRING Z ((443024.9057 4474256.0205 0,443024.0168 4474241.2983 0))",2326974,Verde,Línea,3
"MULTILINESTRING Z ((443034.5415 4474327.7613 0,443035.6279 4474341.4403 0))",2326975,Verde,Línea,3
"MULTILINESTRING Z ((443047.2741 4474361.4205 0,443058.4906 4474360.7067 0))",2326976,Verde,Línea,2
"MULTILINESTRING Z ((443132.8223 4474355.9927 0,443146.6557 4474354.6594 0))",2326977,Verde,Línea,3
"MULTILINESTRING Z ((441423.588 4474426.7476 0,441423.4954 4474406.6401 0))",2326978,Verde,Línea,4
"MULTILINESTRING Z ((441424.239 4474337.0995 0,441424.3223 4474316.5995 0))",2326979,Verde,Línea,4
"MULTILINESTRING Z ((441459.489 4474479.0761 0,441465.5723 4474478.7427 0))",2326980,Verde,Línea,1
"MULTILINESTRING Z ((441477.7401 4474477.866 0,441498.6193 4474476.3979 0))",2326981,Verde,Línea,4
"MULTILINESTRING Z ((441508.5695 4474475.5823 0,441503.4313 4474476.1532 0))",2326982,Verde,Línea,1
"MULTILINESTRING Z ((441518.8928 4474378.0222 0,441500.6857 4474379.5511 0))",2326984,Verde,Batería,7
"MULTILINESTRING Z ((441395.4057 4474213.5162 0,441400.8223 4474213.8495 0))",2326986,Verde,Batería,2
"MULTILINESTRING Z ((441538.989 4474137.0995 0,441539.239 4474124.6829 0))",2326988,Verde,Línea,2
"MULTILINESTRING Z ((441427.9087 4474007.7997 0,441428.2413 4473998.4873 0))",2326991,Verde,Línea,2
"MULTILINESTRING Z ((441430.2946 4473905.965 0,441430.4612 4473916.7427 0))",2326992,Verde,Línea,2
"MULTILINESTRING Z ((441533.5723 4473873.1594 0,441511.9057 4473872.4927 0))",2326993,Verde,Batería,7
"MULTILINESTRING Z ((441544.4057 4473864.7662 0,441544.739 4473851.0995 0))",2326994,Verde,Línea,2
"MULTILINESTRING Z ((442117.989 4473190.9927 0,442121.739 4473173.4927 0))",2326997,Verde,Línea,4
"MULTILINESTRING Z ((442349.1142 4473294.8511 0,442342.2809 4473281.5178 0))",2326998,Verde,Línea,3
"MULTILINESTRING Z ((441484.8223 4474018.1594 0,441471.1557 4474018.2427 0))",2326999,Verde,Batería,4
"MULTILINESTRING Z ((441477.7022 4474310.7357 0,441462.5057 4474310.5504 0))",2327000,Verde,Línea,3
"MULTILINESTRING Z ((442873.739 4474059.5761 0,442856.4057 4474060.2427 0))",2327002,Verde,Batería,7
"MULTILINESTRING Z ((443012.5307 4474094.9511 0,443011.9057 4474080.4511 0))",2327004,Verde,Línea,3
"MULTILINESTRING Z ((443038.208 4474208.8462 0,443049.7682 4474207.8509 0))",2327005,Verde,Línea,3
"MULTILINESTRING Z ((442593.4179 4473768.742 0,442590.0012 4473781.1587 0))",2327006,Verde,Línea,2
"MULTILINESTRING Z ((442863.7931 4473203.6989 0,442854.9693 4473190.5917 0))",2327007,Verde,Batería,6
"MULTILINESTRING Z ((442978.3324 4473162.2013 0,442997.4721 4473191.5153 0))",2327008,Verde,Línea,8
"MULTILINESTRING Z ((443068.6921 4473300.3095 0,443060.2303 4473287.3147 0))",2327009,Verde,Línea,3
"MULTILINESTRING Z ((442608.4685 4473277.0502 0,442592.6575 4473286.2308 0))",2327010,Verde,Batería,5
"MULTILINESTRING Z ((441545.8223 4475270.9927 0,441543.989 4475263.4094 0))",2327011,Verde,Línea,1
"MULTILINESTRING Z ((441605.4057 4475325.4927 0,441617.739 4475324.3261 0))",2327012,Verde,Línea,2
"MULTILINESTRING Z ((441890.4057 4475478.5995 0,441891.8223 4475494.0995 0))",2327013,Verde,Línea,3
"MULTILINESTRING Z ((441897.989 4475558.4329 0,441896.4057 4475542.6829 0))",2327014,Verde,Línea,3
"MULTILINESTRING Z ((441902.4057 4475605.1829 0,441900.9057 4475589.7662 0))",2327015,Verde,Línea,3
"MULTILINESTRING Z ((441759.4057 4475469.7384 0,441772.7946 4475468.6829 0))",2327017,Verde,Línea,2
"MULTILINESTRING Z ((441696.6557 4475324.9927 0,441711.0723 4475323.9094 0))",2327018,Verde,Línea,3
"MULTILINESTRING Z ((441807.0723 4475466.7427 0,441825.0723 4475465.4094 0))",2327019,Verde,Línea,3
"MULTILINESTRING Z ((441843.5723 4475463.8261 0,441854.3223 4475463.1594 0))",2327020,Verde,Línea,2
"MULTILINESTRING Z ((441873.3067 4475350.1203 0,441873.4733 4475352.787 0))",2327021,Verde,Batería,1
"MULTILINESTRING Z ((441939.4057 4475307.2245 0,441949.5307 4475306.5995 0))",2327023,Verde,Línea,2
"MULTILINESTRING Z ((441863.8223 4475205.4329 0,441865.1557 4475220.5162 0))",2327025,Verde,Línea,3
"MULTILINESTRING Z ((441871.6557 4475293.5162 0,441870.1557 4475277.8495 0))",2327026,Verde,Línea,3
"MULTILINESTRING Z ((442201.6557 4475391.6594 0,442200.6557 4475376.1594 0))",2327028,Verde,Línea,3
"MULTILINESTRING Z ((442102.1557 4475432.5761 0,442100.8223 4475414.2427 0))",2327030,Verde,Línea,4
"MULTILINESTRING Z ((441981.7807 4475285.7011 0,441980.7807 4475269.4511 0))",2327031,Verde,Línea,3
"MULTILINESTRING Z ((442192.3223 4475258.4329 0,442193.0723 4475271.0995 0))",2327032,Verde,Línea,2
"MULTILINESTRING Z ((442187.9057 4475194.8261 0,442186.739 4475178.0761 0))",2327033,Verde,Línea,3
"MULTILINESTRING Z ((442209.9057 4475283.0761 0,442224.6557 4475281.9094 0))",2327034,Verde,Línea,3
"MULTILINESTRING Z ((442271.3223 4475278.4927 0,442288.1557 4475277.2427 0))",2327035,Verde,Línea,3
"MULTILINESTRING Z ((441860.0723 4475166.6594 0,441858.6557 4475150.5761 0))",2327037,Verde,Línea,3
"MULTILINESTRING Z ((441850.4057 4475055.1594 0,441849.3223 4475043.9094 0))",2327038,Verde,Línea,2
"MULTILINESTRING Z ((442071.6557 4475044.7662 0,442070.6557 4475030.0995 0))",2327042,Verde,Línea,2
"MULTILINESTRING Z ((441970.7807 4475119.4745 0,441972.1557 4475135.5995 0))",2327043,Verde,Línea,3
"MULTILINESTRING Z ((441967.489 4475076.5761 0,441966.239 4475061.4927 0))",2327044,Verde,Línea,3
"MULTILINESTRING Z ((442074.1557 4475030.3495 0,442074.5723 4475035.2662 0))",2327048,Verde,Línea,1
"MULTILINESTRING Z ((442075.1557 4475043.5995 0,442075.489 4475047.6829 0))",2327049,Verde,Línea,1
"MULTILINESTRING Z ((442075.7807 4475048.4511 0,442076.9057 4475065.3261 0))",2327050,Verde,Línea,4
"MULTILINESTRING Z ((442173.4057 4474984.1594 0,442172.4057 4474972.0761 0))",2327053,Verde,Línea,2
"MULTILINESTRING Z ((442169.5723 4474932.1594 0,442168.4057 4474915.7427 0))",2327054,Verde,Línea,3
"MULTILINESTRING Z ((442071.6767 4474991.5725 0,442070.7548 4474979.4561 0))",2327055,Verde,Línea,2
"MULTILINESTRING Z ((441480.5616 4474920.0099 0,441466.5721 4474924.4232 0))",2327058,Verde,Línea,3
"MULTILINESTRING Z ((441508.5406 4474911.433 0,441518.2833 4474908.3519 0))",2327061,Verde,Línea,2
"MULTILINESTRING Z ((441485.6476 4474751.0052 0,441491.7225 4474764.787 0))",2327062,Verde,Línea,3
"MULTILINESTRING Z ((441363.0714 4474705.8054 0,441373.5433 4474700.6374 0))",2327064,Verde,Línea,2
"MULTILINESTRING Z ((441392.3279 4474619.1699 0,441388.7827 4474609.8233 0))",2327065,Verde,Línea,2
"MULTILINESTRING Z ((441677.989 4474876.0162 0,441667.6557 4474876.8495 0))",2327066,Verde,Línea,2
"MULTILINESTRING Z ((441648.7807 4474802.8261 0,441633.2807 4474803.7011 0))",2327067,Verde,Línea,3
"MULTILINESTRING Z ((441816.0048 4474866.861 0,441800.219 4474868.1295 0))",2327068,Verde,Línea,3
"MULTILINESTRING Z ((441806.8723 4474725.0282 0,441792.6551 4474725.9338 0))",2327069,Verde,Línea,3
"MULTILINESTRING Z ((441718.0723 4474730.1594 0,441733.1557 4474729.3261 0))",2327070,Verde,Línea,3
"MULTILINESTRING Z ((441878.3809 4474862.1 0,441867.773 4474862.508 0))",2327071,Verde,Línea,2
"MULTILINESTRING Z ((441913.1557 4474859.4094 0,441924.3223 4474858.5761 0))",2327072,Verde,Línea,2
"MULTILINESTRING Z ((441919.3478 4474784.9108 0,441902.7156 4474786.1505 0))",2327073,Verde,Línea,3
"MULTILINESTRING Z ((442056.5224 4474789.3666 0,442057.7214 4474804.9542 0))",2327074,Verde,Línea,3
"MULTILINESTRING Z ((442282.3801 4474869.5013 0,442286.4187 4474854.4003 0))",2327075,Verde,Línea,3
"MULTILINESTRING Z ((441821.6557 4474735.0995 0,441822.739 4474750.3495 0))",2327076,Verde,Línea,3
"MULTILINESTRING Z ((442086.3223 4475200.8261 0,442085.1557 4475184.9094 0))",2327078,Verde,Línea,3
"MULTILINESTRING Z ((442461.29 4475548.7504 0,442462.5296 4475564.3495 0))",2327080,Verde,Línea,3
"MULTILINESTRING Z ((442440.4057 4475296.0761 0,442439.489 4475281.5761 0))",2327081,Verde,Batería,5
"MULTILINESTRING Z ((442355.489 4475277.5761 0,442370.0723 4475276.6594 0))",2327082,Verde,Línea,3
"MULTILINESTRING Z ((442450.489 4475270.8261 0,442468.9057 4475269.5761 0))",2327083,Verde,Línea,4
"MULTILINESTRING Z ((442588.8726 4475261.0437 0,442572.0338 4475262.2834 0))",2327084,Verde,Línea,4
"MULTILINESTRING Z ((442970.1743 4475526.5396 0,442969.3478 4475513.0066 0))",2327087,Verde,Línea,3
"MULTILINESTRING Z ((442963.8382 4475432.6691 0,442963.2183 4475422.2696 0))",2327088,Verde,Línea,2
"MULTILINESTRING Z ((442961.4966 4475398.0272 0,442962.1853 4475408.771 0))",2327089,Verde,Línea,2
"MULTILINESTRING Z ((443117.4057 4475520.8261 0,443116.2807 4475500.0761 0))",2327092,Verde,Línea,4
"MULTILINESTRING Z ((443185.489 4475521.1594 0,443195.489 4475520.4927 0))",2327093,Verde,Batería,3
"MULTILINESTRING Z ((443136.9644 4475376.9272 0,443154.1258 4475375.5415 0))",2327095,Verde,Línea,3
"MULTILINESTRING Z ((443105.6557 4475363.1594 0,443104.5723 4475347.8261 0))",2327096,Verde,Línea,3
"MULTILINESTRING Z ((443235.5668 4475213.1099 0,443251.3726 4475211.7669 0))",2327100,Verde,Línea,3
"MULTILINESTRING Z ((443253.6686 4475128.1318 0,443238.4469 4475129.4554 0))",2327102,Verde,Línea,3
"MULTILINESTRING Z ((443089.9401 4475130.6718 0,443089.0448 4475115.3137 0))",2327103,Verde,Línea,3
"MULTILINESTRING Z ((442951.717 4475216.2779 0,442950.6839 4475200.4377 0))",2327104,Verde,Batería,6
"MULTILINESTRING Z ((442926.9057 4475235.9927 0,442912.0723 4475237.2427 0))",2327106,Verde,Línea,3
"MULTILINESTRING Z ((442972.0338 4475232.428 0,442988.2528 4475231.4983 0))",2327107,Verde,Línea,3
"MULTILINESTRING Z ((443062.239 4475225.8261 0,443082.4057 4475224.3261 0))",2327108,Verde,Línea,4
"MULTILINESTRING Z ((442441.042 4475257.3247 0,442439.9057 4475242.552 0))",2327110,Verde,Línea,3
"MULTILINESTRING Z ((442435.3223 4475176.3261 0,442434.1557 4475160.7427 0))",2327111,Verde,Línea,4
"MULTILINESTRING Z ((442426.739 4475127.0761 0,442425.6557 4475111.8261 0))",2327112,Verde,Línea,3
"MULTILINESTRING Z ((442424.0782 4475034.2534 0,442424.852 4475045.308 0))",2327114,Verde,Batería,4
"MULTILINESTRING Z ((442494.9057 4475122.3261 0,442493.6557 4475107.9927 0))",2327115,Verde,Línea,3
"MULTILINESTRING Z ((442487.4057 4475036.9927 0,442488.5723 4475051.8261 0))",2327116,Verde,Línea,3
"MULTILINESTRING Z ((442539.5989 4474964.941 0,442538.604 4474949.1329 0))",2327119,Verde,Batería,6
"MULTILINESTRING Z ((442644.4694 4474868.4803 0,442628.255 4474869.6937 0))",2327121,Verde,Línea,3
"MULTILINESTRING Z ((442528.3501 4474854.465 0,442529.239 4474869.0205 0))",2327123,Verde,Línea,3
"MULTILINESTRING Z ((442521.4057 4474877.2662 0,442506.0723 4474878.3495 0))",2327124,Verde,Línea,3
"MULTILINESTRING Z ((442420.489 4474954.4094 0,442419.5723 4474942.4094 0))",2327125,Verde,Línea,2
"MULTILINESTRING Z ((442804.9883 4474946.9942 0,442803.8519 4474931.6016 0))",2327127,Verde,Línea,3
"MULTILINESTRING Z ((442807.0307 4474860.2245 0,442828.5307 4474858.9745 0))",2327128,Verde,Batería,8
"MULTILINESTRING Z ((442790.6208 4474957.6483 0,442773.8833 4474958.8974 0))",2327129,Verde,Línea,3
"MULTILINESTRING Z ((442697.1939 4474864.7301 0,442680.8692 4474865.9434 0))",2327130,Verde,Línea,3
"MULTILINESTRING Z ((442784.7739 4474858.4428 0,442769.0006 4474859.6562 0))",2327131,Verde,Línea,3
"MULTILINESTRING Z ((442790.4222 4474782.5313 0,442790.7321 4474789.7628 0))",2327132,Verde,Batería,3
"MULTILINESTRING Z ((442926.0723 4474840.965 0,442925.0168 4474824.4094 0))",2327133,Verde,Batería,7
"MULTILINESTRING Z ((443063.5076 4474752.4424 0,443064.8312 4474767.4435 0))",2327135,Verde,Línea,3
"MULTILINESTRING Z ((442963.3561 4475372.9583 0,442962.1853 4475358.2201 0))",2327136,Verde,Batería,6
"MULTILINESTRING Z ((443603.989 4474888.4927 0,443627.989 4474886.4927 0))",2327138,Verde,Línea,4
"MULTILINESTRING Z ((443416.5942 4474917.1043 0,443417.4241 4474927.8004 0))",2327139,Verde,Línea,2
"MULTILINESTRING Z ((443311.6978 4475109.3157 0,443326.3058 4475108.6389 0))",2327140,Verde,Línea,3
"MULTILINESTRING Z ((443435.5374 4475095.4603 0,443434.4235 4475073.9772 0))",2327142,Verde,Línea,4
"MULTILINESTRING Z ((443488.4724 4475109.5344 0,443490.8872 4475124.6897 0))",2327143,Verde,Línea,3
"MULTILINESTRING Z ((443506.5653 4475188.3907 0,443516.6048 4475187.6575 0))",2327144,Verde,Línea,2
"MULTILINESTRING Z ((443860.4635 4475273.957 0,443861.9098 4475258.6677 0))",2327147,Verde,Línea,3
"MULTILINESTRING Z ((443644.9057 4475700.0995 0,443653.5723 4475687.2662 0))",2327152,Verde,Línea,3
"MULTILINESTRING Z ((441525.64 4474773.0841 0,441539.1499 4474765.4598 0))",2327153,Verde,Línea,3
"MULTILINESTRING Z ((441854.1557 4479727.5761 0,441849.739 4479755.2427 0,441847.9057 4479758.9927 0,441846.489 4479761.4927 0))",2332361,Azul,Línea,8
"MULTILINESTRING Z ((441883.4636 4479519.4769 0,441882.2345 4479528.9003 0))",2332363,Azul,Línea,2
"MULTILINESTRING Z ((441569.7498 4479368.6695 0,441570.1298 4479374.0095 0))",2332370,Azul,Línea,1
"MULTILINESTRING Z ((441678.1834 4479080.5761 0,441676.6834 4479059.5761 0))",2332382,Azul,Línea,5
"MULTILINESTRING Z ((441102.3501 4479324.2427 0,441116.6279 4479341.6872 0))",2332391,Azul,Batería,9
"MULTILINESTRING Z ((441205.2997 4478978.0778 0,441198.7071 4478978.6704 0))",2332410,Azul,Batería,2
"MULTILINESTRING Z ((441098.3501 4478714.0205 0,441096.6279 4478691.9094 0))",2332425,Azul,Batería,8
"MULTILINESTRING Z ((441096.3501 4478689.6872 0,441093.9612 4478660.9094 0))",2332426,Azul,Batería,10
"MULTILINESTRING Z ((440914.6834 4478665.8538 0,440963.5723 4478662.0205 0))",2332428,Azul,Línea,10
"MULTILINESTRING Z ((440861.1557 4478676.8261 0,440879.8223 4478670.5761 0,440900.3223 4478667.5761 0))",2332429,Azul,Línea,8
"MULTILINESTRING Z ((441636.8469 4478684.6406 0,441646.41 4478800.5228 0,441651.8478 4478860.1515 0))",2332433,Verde,Línea,37
"MULTILINESTRING Z ((441774.9983 4478896.1316 0,441773.2575 4478876.2427 0))",2332434,Verde,Línea,4
"MULTILINESTRING Z ((441660.0861 4478765.2199 0,441675.0861 4478764.0533 0))",2332438,Verde,Línea,3
"MULTILINESTRING Z ((441656.5394 4478756.8196 0,441653.6714 4478722.5205 0))",2332439,Verde,Batería,15
"MULTILINESTRING Z ((441645.8283 4478683.7145 0,441647.7012 4478710.5802 0))",2332440,Verde,Línea,5
"MULTILINESTRING Z ((441750.1557 4478688.3261 0,441748.989 4478673.9094 0))",2332441,Verde,Línea,3
"MULTILINESTRING Z ((441761.239 4478663.0761 0,441760.739 4478655.9927 0))",2332442,Verde,Batería,3
"MULTILINESTRING Z ((441763.3223 4478688.0761 0,441761.4057 4478665.9927 0))",2332443,Verde,Batería,9
"MULTILINESTRING Z ((441768.1464 4478759.3168 0,441766.8871 4478744.1687 0,441768.0723 4478743.9927 0,441767.4057 4478735.1594 0))",2332444,Verde,Batería,8
"MULTILINESTRING Z ((441765.3311 4478711.8341 0,441767.1711 4478733.4541 0))",2332445,Verde,Batería,9
"MULTILINESTRING Z ((441772.0723 4478780.8353 0,441796.3686 4478778.6501 0))",2332446,Verde,Batería,10
"MULTILINESTRING Z ((441763.9242 4478768.9464 0,441764.8131 4478779.4279 0))",2332447,Verde,Línea,2
"MULTILINESTRING Z ((441694.0861 4478768.9699 0,441739.0028 4478765.5533 0))",2332448,Verde,Línea,9
"MULTILINESTRING Z ((441760.0934 4478862.5235 0,441756.0283 4478816.0545 0))",2332452,Verde,Batería,19
"MULTILINESTRING Z ((441856.0723 4478792.0761 0,441858.6279 4478823.2983 0))",2332457,Verde,Línea,6
"MULTILINESTRING Z ((441636.186 4478678.568 0,441635.2675 4478668.4651 0))",2332464,Verde,Línea,2
"MULTILINESTRING Z ((441628.0861 4478649.9699 0,441569.0028 4478654.8866 0))",2332467,Verde,Batería,23
"MULTILINESTRING Z ((441633.8042 4478648.0909 0,441633.3747 4478642.7946 0))",2332468,Verde,Línea,1
"MULTILINESTRING Z ((441632.7545 4478635.3034 0,441631.1322 4478615.4065 0))",2332469,Verde,Línea,4
"MULTILINESTRING Z ((441651.5723 4478661.6872 0,441682.6834 4478659.5205 0))",2332473,Verde,Batería,12
"MULTILINESTRING Z ((441684.3611 4478678.0241 0,441653.0411 4478680.6941 0))",2332475,Verde,Batería,12
"MULTILINESTRING Z ((441689.776 4478677.502 0,441707.9612 4478675.9835 0))",2332476,Verde,Batería,7
"MULTILINESTRING Z ((441728.2205 4478674.2427 0,441710.3686 4478675.8353 0))",2332477,Verde,Batería,7
"MULTILINESTRING Z ((441743.6557 4478614.4094 0,441746.239 4478648.3261 0))",2332478,Verde,Línea,7
"MULTILINESTRING Z ((441782.2205 4478791.6131 0,441792.0723 4478790.7983 0))",2332486,Verde,Línea,2
"MULTILINESTRING Z ((441750.1279 4478757.5761 0,441742.6279 4478758.2427 0))",2332488,Verde,Línea,2
"MULTILINESTRING Z ((441588.739 4479501.9094 0,441589.239 4479564.4927 0))",2332489,Verde,Línea,13
"MULTILINESTRING Z ((441588.4057 4479483.6131 0,441588.3686 4479478.1687 0))",2332490,Verde,Línea,1
"MULTILINESTRING Z ((441691.0307 4479393.9511 0,441686.0307 4479336.9511 0))",2332494,Verde,Batería,25
"MULTILINESTRING Z ((441680.1839 4479424.7784 0,441682.9543 4479457.7501 0))",2332499,Verde,Línea,7
"MULTILINESTRING Z ((441688.1557 4479433.4511 0,441689.6557 4479450.0761 0))",2332500,Verde,Línea,3
"MULTILINESTRING Z ((441695.2198 4479454.0171 0,441706.2198 4479453.1421 0))",2332501,Verde,Línea,2
"MULTILINESTRING Z ((441728.3448 4479451.0171 0,441742.4698 4479449.8921 0))",2332502,Verde,Línea,3
"MULTILINESTRING Z ((441743.2946 4479449.7983 0,441757.4612 4479448.7427 0))",2332503,Verde,Línea,3
"MULTILINESTRING Z ((441763.7946 4479448.2983 0,441768.3501 4479447.9094 0))",2332504,Verde,Línea,1
"MULTILINESTRING Z ((441754.0948 4479455.9754 0,441700.7615 4479460.4754 0))",2332505,Verde,Línea,11
"MULTILINESTRING Z ((441754.6834 4479455.8538 0,441769.1279 4479454.7427 0))",2332506,Verde,Línea,3
"MULTILINESTRING Z ((441692.739 4479416.9094 0,441760.0723 4479411.2983 0))",2332507,Verde,Batería,27
"MULTILINESTRING Z ((441738.489 4479235.9094 0,441753.989 4479200.1594 0))",2332511,Verde,Batería,10
"MULTILINESTRING Z ((441701.6557 4479242.7011 0,441730.2807 4479240.5761 0))",2332512,Verde,Batería,11
"MULTILINESTRING Z ((441678.239 4479216.5761 0,441679.0723 4479227.9094 0))",2332514,Verde,Batería,4
"MULTILINESTRING Z ((441850.5115 4479475.0587 0,441862.3448 4479474.1421 0))",2332519,Verde,Línea,2
"MULTILINESTRING Z ((441862.0353 4479466.9094 0,441816.0353 4479470.6872 0))",2332522,Verde,Línea,10
"MULTILINESTRING Z ((441792.1773 4479470.5744 0,441810.8477 4479469.0368 0))",2332523,Verde,Batería,7
"MULTILINESTRING Z ((441782.4057 4479419.3261 0,441786.239 4479465.4927 0))",2332524,Verde,Línea,10
"MULTILINESTRING Z ((441848.4612 4479404.1316 0,441808.4612 4479407.5205 0))",2332527,Verde,Batería,15
"MULTILINESTRING Z ((441900.1557 4479383.0761 0,441900.9057 4479367.9927 0))",2332530,Verde,Línea,3
"MULTILINESTRING Z ((441901.3223 4479354.9927 0,441901.239 4479361.7427 0))",2332531,Verde,Línea,1
"MULTILINESTRING Z ((441900.9057 4479347.8261 0,441897.5723 4479295.0761 0))",2332532,Verde,Línea,11
"MULTILINESTRING Z ((441889.239 4479292.7427 0,441853.2946 4479295.6872 0))",2332533,Verde,Batería,14
"MULTILINESTRING Z ((441890.3501 4479282.1316 0,441838.6834 4479285.5205 0))",2332534,Verde,Línea,11
"MULTILINESTRING Z ((441830.9242 4479279.8724 0,441830.2205 4479265.6131 0))",2332535,Verde,Línea,3
"MULTILINESTRING Z ((441752.6557 4479254.4927 0,441752.8223 4479258.3261 0))",2332538,Verde,Batería,1
"MULTILINESTRING Z ((441778.8223 4479269.7427 0,441788.9057 4479269.0761 0))",2332539,Verde,Batería,5
"MULTILINESTRING Z ((441894.989 4479266.5761 0,441895.9057 4479275.3261 0))",2332540,Verde,Línea,2
"MULTILINESTRING Z ((441762.1834 4479389.8538 0,441760.4057 4479369.7983 0))",2332544,Verde,Línea,4
"MULTILINESTRING Z ((441759.0948 4479354.0865 0,441757.2615 4479329.3087 0))",2332545,Verde,Línea,5
"MULTILINESTRING Z ((441678.0995 4479215.4863 0,441673.7867 4479168.9833 0))",2332547,Verde,Batería,17
"MULTILINESTRING Z ((441689.4057 4479177.4511 0,441691.4057 4479199.2011 0))",2332548,Verde,Batería,10
"MULTILINESTRING Z ((441673.7867 4479167.6708 0,441671.349 4479136.5438 0))",2332549,Verde,Batería,14
"MULTILINESTRING Z ((441771.0072 4479074.7227 0,441760.0072 4479075.556 0))",2332554,Verde,Batería,4
"MULTILINESTRING Z ((441758.0072 4479075.6393 0,441750.5072 4479076.306 0))",2332555,Verde,Batería,3
"MULTILINESTRING Z ((441738.5905 4479077.306 0,441723.4238 4479078.6393 0))",2332556,Verde,Batería,6
"MULTILINESTRING Z ((441715.6834 4479079.5205 0,441686.1834 4479081.965 0))",2332557,Verde,Batería,12
"MULTILINESTRING Z ((441658.3355 4479010.9068 0,441664.1155 4479080.0068 0))",2332558,Verde,Batería,24
"MULTILINESTRING Z ((441556.1279 4479041.1316 0,441554.0723 4479017.0205 0))",2332565,Verde,Línea,5
"MULTILINESTRING Z ((441567.8651 4479096.2401 0,441609.5976 4479093.138 0))",2332568,Verde,Línea,9
"MULTILINESTRING Z ((441878.9612 4479153.2057 0,441863.739 4479154.502 0))",2332578,Verde,Línea,3
"MULTILINESTRING Z ((441871.9238 4479042.056 0,441800.1738 4479047.806 0))",2332582,Verde,Línea,15
"MULTILINESTRING Z ((441875.989 4479029.6594 0,441872.3223 4478985.5761 0))",2332584,Verde,Línea,9
"MULTILINESTRING Z ((441854.1982 4478922.2278 0,441813.5192 4478925.2129 0))",2332587,Verde,Línea,8
"MULTILINESTRING Z ((441776.9955 4479049.5568 0,441778.9955 4479070.8868 0))",2332590,Verde,Batería,7
"MULTILINESTRING Z ((441685.739 4479332.2427 0,441684.3223 4479314.9094 0))",2332595,Verde,Batería,7
"MULTILINESTRING Z ((441806.8223 4479394.4927 0,441816.989 4479393.4927 0))",2332597,Verde,Línea,3
"MULTILINESTRING Z ((441883.0168 4479119.4094 0,441881.7946 4479105.465 0))",2332600,Verde,Línea,3
"MULTILINESTRING Z ((441022.5307 4479503.5761 0,441027.6213 4479495.2537 0))",2332608,Verde,Línea,2
"MULTILINESTRING Z ((441153.8501 4479501.7427 0,441150.0168 4479510.2427 0))",2332612,Verde,Línea,2
"MULTILINESTRING Z ((441173.8501 4479473.7242 0,441180.5538 4479482.9464 0))",2332614,Verde,Línea,2
"MULTILINESTRING Z ((441187.2575 4479492.0946 0,441183.1834 4479486.539 0))",2332615,Verde,Línea,1
"MULTILINESTRING Z ((441197.9612 4479506.7983 0,441190.776 4479496.9464 0))",2332616,Verde,Línea,2
"MULTILINESTRING Z ((441251.5908 4479555.1687 0,441228.9983 4479545.2798 0,441227.4057 4479544.465 0,441225.2575 4479543.0576 0,441223.8131 4479541.7983 0,441222.8131 4479540.6501 0,441219.9242 4479536.7613 0))",2332621,Verde,Línea,8
"MULTILINESTRING Z ((441257.1464 4479556.6872 0,441256.9242 4479557.4279 0,441251.2575 4479571.7242 0))",2332622,Verde,Línea,3
"MULTILINESTRING Z ((441246.7637 4479583.144 0,441249.2328 4479576.8724 0))",2332623,Verde,Línea,1
"MULTILINESTRING Z ((441361.0353 4479620.4279 0,441362.2575 4479616.539 0))",2332636,Verde,Batería,2
"MULTILINESTRING Z ((441365.4304 4479606.0822 0,441367.1588 4479599.4403 0,441368.0723 4479596.3538 0,441368.8625 4479591.5637 0,441369.06 4479587.3662 0,441368.8131 4479576.7736 0))",2332637,Verde,Batería,13
"MULTILINESTRING Z ((441162.7888 4479399.3688 0,441187.6754 4479430.3324 0))",2332642,Verde,Batería,18
"MULTILINESTRING Z ((441064.6031 4479441.6402 0,441082.6771 4479429.0105 0))",2332649,Verde,Línea,4
"MULTILINESTRING Z ((441040.8454 4479407.1021 0,441046.1055 4479416.2652 0))",2332651,Verde,Línea,2
"MULTILINESTRING Z ((441047.905 4479398.372 0,441060.0911 4479390.4623 0))",2332652,Verde,Línea,3
"MULTILINESTRING Z ((441077.5908 4479364.502 0,441062.1464 4479335.539 0))",2332656,Verde,Línea,7
"MULTILINESTRING Z ((441076.418 4479371.9094 0,441066.2946 4479378.2057 0))",2332657,Verde,Línea,2
"MULTILINESTRING Z ((441046.8254 4479390.5121 0,441039.8154 4479395.1621 0))",2332659,Verde,Línea,1
"MULTILINESTRING Z ((441049.2822 4479384.1316 0,441045.9736 4479386.2304 0))",2332660,Verde,Batería,2
"MULTILINESTRING Z ((440986.3192 4479288.2798 0,440997.5785 4479277.7119 0))",2332663,Verde,Línea,3
"MULTILINESTRING Z ((441016.9859 4479259.5143 0,441005.06 4479270.6995 0))",2332664,Verde,Línea,3
"MULTILINESTRING Z ((441022.9242 4479263.8353 0,441027.2575 4479271.8724 0))",2332665,Verde,Línea,2
"MULTILINESTRING Z ((441034.4797 4479285.2427 0,441031.1464 4479279.0946 0))",2332666,Verde,Línea,1
"MULTILINESTRING Z ((441058.0723 4479328.5761 0,441047.9983 4479310.1316 0))",2332667,Verde,Línea,4
"MULTILINESTRING Z ((441027.0723 4479403.6131 0,441013.4427 4479412.1316 0))",2332670,Verde,Línea,3
"MULTILINESTRING Z ((440971.1834 4479303.0452 0,440967.4304 4479306.6501 0))",2332673,Verde,Línea,1
"MULTILINESTRING Z ((440962.0476 4479311.8353 0,440947.0353 4479326.3045 0))",2332674,Verde,Línea,4
"MULTILINESTRING Z ((440956.4427 4479227.3909 0,440967.9983 4479259.1316 0))",2332678,Verde,Línea,8
"MULTILINESTRING Z ((440985.5168 4479185.4094 0,440951.1834 4479197.7427 0))",2332682,Verde,Línea,7
"MULTILINESTRING Z ((440937.4612 4479202.7427 0,440925.739 4479207.0761 0))",2332683,Verde,Línea,2
"MULTILINESTRING Z ((440920.2863 4479209.251 0,440899.0682 4479217.1851 0))",2332684,Verde,Línea,4
"MULTILINESTRING Z ((440887.9242 4479228.2427 0,440850.6279 4479241.9464 0))",2332686,Verde,Línea,8
"MULTILINESTRING Z ((440885.4612 4479221.5761 0,440848.1834 4479235.2427 0))",2332687,Verde,Línea,8
"MULTILINESTRING Z ((440878.3316 4479169.6131 0,440883.0353 4479167.9464 0))",2332688,Verde,Línea,1
"MULTILINESTRING Z ((441152.5538 4479281.8353 0,441144.0353 4479287.7983 0))",2332696,Verde,Batería,4
"MULTILINESTRING Z ((440992.1958 4479180.1563 0,440991.9736 4479178.6008 0,440991.455 4479177.3415 0,440988.7884 4479173.9835 0))",2332703,Verde,Batería,3
"MULTILINESTRING Z ((440988.2452 4479173.2921 0,440980.8378 4479163.9588 0))",2332704,Verde,Batería,5
"MULTILINESTRING Z ((440980.5538 4479163.539 0,440977.4427 4479159.6501 0))",2332705,Verde,Batería,2
"MULTILINESTRING Z ((441353.3454 4479372.397 0,441350.6787 4479340.647 0))",2332727,Verde,Batería,12
"MULTILINESTRING Z ((441373.3176 4479372.4247 0,441371.8176 4479354.2581 0))",2332729,Verde,Batería,6
"MULTILINESTRING Z ((441472.9612 4479422.7983 0,441488.4427 4479421.6501 0))",2332737,Verde,Batería,6
"MULTILINESTRING Z ((440768.776 4479001.3538 0,440763.9242 4479003.1316 0))",2332739,Verde,Línea,1
"MULTILINESTRING Z ((440750.5168 4479001.965 0,440738.739 4478970.0205 0))",2332740,Verde,Línea,7
"MULTILINESTRING Z ((440746.6279 4478950.0761 0,440756.5723 4478947.8538 0))",2332744,Verde,Línea,2
"MULTILINESTRING Z ((440756.9612 4478947.7983 0,440766.9057 4478945.5205 0))",2332745,Verde,Línea,2
"MULTILINESTRING Z ((440780.1834 4478942.3538 0,440767.2946 4478945.4094 0))",2332746,Verde,Línea,3
"MULTILINESTRING Z ((440739.8552 4478945.0037 0,440729.7441 4478911.9666 0))",2332747,Verde,Línea,7
"MULTILINESTRING Z ((440722.0723 4478905.1316 0,440709.6834 4478864.1316 0))",2332749,Verde,Línea,9
"MULTILINESTRING Z ((440716.9612 4478854.0761 0,440720.239 4478865.1872 0))",2332750,Verde,Batería,4
"MULTILINESTRING Z ((440713.239 4478841.8538 0,440716.5723 4478852.965 0))",2332751,Verde,Batería,4
"MULTILINESTRING Z ((440703.2205 4478842.539 0,440706.2205 4478852.3909 0))",2332752,Verde,Línea,2
"MULTILINESTRING Z ((440706.4057 4478853.0576 0,440707.8871 4478857.9464 0))",2332753,Verde,Línea,1
"MULTILINESTRING Z ((440718.4057 4478910.965 0,440711.9057 4478913.5205 0))",2332755,Verde,Línea,1
"MULTILINESTRING Z ((440642.776 4478860.0946 0,440635.6649 4478863.2798 0))",2332759,Verde,Línea,1
"MULTILINESTRING Z ((440649.8748 4478856.9711 0,440661.5785 4478851.7613 0))",2332760,Verde,Línea,2
"MULTILINESTRING Z ((440661.9983 4478851.5637 0,440667.06 4478849.3168 0))",2332761,Verde,Línea,1
"MULTILINESTRING Z ((441145.3316 4478998.8353 0,441148.1094 4479024.0576 0))",2332765,Verde,Batería,8
"MULTILINESTRING Z ((441134.2071 4478892.3185 0,441132.3182 4478868.0407 0))",2332769,Verde,Batería,9
"MULTILINESTRING Z ((441006.1094 4478928.3168 0,440986.2946 4478929.8724 0,440975.2205 4478933.7613 0))",2332775,Verde,Batería,13
"MULTILINESTRING Z ((440941.7946 4478864.3538 0,440940.5723 4478861.2983 0))",2332778,Verde,Batería,2
"MULTILINESTRING Z ((440919.4755 4478837.9776 0,440928.9076 4478864.8418 0))",2332779,Verde,Batería,12
"MULTILINESTRING Z ((440948.489 4478919.9927 0,440929.1557 4478865.7427 0))",2332780,Verde,Batería,23
"MULTILINESTRING Z ((440869.4612 4478868.1872 0,440866.2946 4478858.7427 0))",2332783,Verde,Línea,2
"MULTILINESTRING Z ((440778.1464 4478997.9835 0,440769.5168 4479001.0946 0))",2332787,Verde,Línea,2
"MULTILINESTRING Z ((440796.6544 4478991.3214 0,440831.261 4478978.8694 0))",2332789,Verde,Línea,8
"MULTILINESTRING Z ((440835.6793 4478977.3185 0,440839.846 4478975.7352 0))",2332790,Verde,Línea,1
"MULTILINESTRING Z ((440892.776 4478956.7242 0,440886.2946 4478959.0576 0))",2332792,Verde,Línea,1
"MULTILINESTRING Z ((440979.3501 4478971.5761 0,440990.2946 4479002.0205 0))",2332805,Verde,Batería,13
"MULTILINESTRING Z ((440976.0723 4478960.9094 0,440968.9612 4478941.465 0))",2332806,Verde,Batería,9
"MULTILINESTRING Z ((440831.5168 4478989.1687 0,440857.9242 4478979.6872 0))",2332810,Verde,Batería,10
"MULTILINESTRING Z ((440768.1711 4479012.0082 0,440825.381 4478991.3909 0))",2332811,Verde,Batería,22
"MULTILINESTRING Z ((440756.5908 4479016.1316 0,440767.6032 4479012.2304 0))",2332813,Verde,Batería,4
"MULTILINESTRING Z ((440985.5723 4479120.0761 0,440993.739 4479117.1316 0))",2332822,Verde,Batería,3
"MULTILINESTRING Z ((441082.971 4479095.4018 0,441099.846 4479089.1518 0))",2332824,Verde,Línea,3
"MULTILINESTRING Z ((441104.9547 4479087.4193 0,441123.011 4479080.8993 0))",2332825,Verde,Línea,3
"MULTILINESTRING Z ((440986.6365 4479130.1945 0,441006.421 4479122.9993 0))",2332831,Verde,Línea,4
"MULTILINESTRING Z ((441062.901 4479102.6047 0,441077.4491 4479097.3514 0))",2332834,Verde,Línea,3
"MULTILINESTRING Z ((441060.6279 4478822.465 0,441063.4612 4478857.4094 0))",2332842,Verde,Batería,13
"MULTILINESTRING Z ((441226.2626 4479127.5407 0,441251.096 4479124.5407 0))",2332847,Verde,Batería,10
"MULTILINESTRING Z ((441365.2946 4479124.502 0,441386.8501 4479122.7613 0))",2332850,Verde,Línea,4
"MULTILINESTRING Z ((441374.4674 4479112.823 0,441450.9118 4479106.6501 0))",2332851,Verde,Línea,17
"MULTILINESTRING Z ((441393.2205 4479122.2057 0,441402.2946 4479121.465 0))",2332852,Verde,Línea,2
"MULTILINESTRING Z ((441459.8871 4479116.7613 0,441413.3686 4479120.539 0))",2332854,Verde,Línea,10
"MULTILINESTRING Z ((441473.6526 4479163.9094 0,441472.3933 4479146.0576 0))",2332855,Verde,Línea,3
"MULTILINESTRING Z ((441324.1834 4479021.1316 0,441323.3501 4479010.3538 0))",2332861,Verde,Batería,4
"MULTILINESTRING Z ((441325.8737 4479049.8741 0,441325.0404 4479038.7629 0))",2332862,Verde,Batería,4
"MULTILINESTRING Z ((441326.6515 4479059.5407 0,441325.8737 4479051.3185 0))",2332863,Verde,Batería,3
"MULTILINESTRING Z ((441331.6649 4478857.539 0,441332.2946 4478864.9464 0))",2332866,Verde,Batería,3
"MULTILINESTRING Z ((441292.1711 4478938.4032 0,441309.6526 4478937.0452 0))",2332867,Verde,Batería,6
"MULTILINESTRING Z ((441274.5126 4478939.7352 0,441283.9293 4478939.0685 0))",2332868,Verde,Batería,3
"MULTILINESTRING Z ((441258.0476 4478941.0699 0,441268.3192 4478940.2798 0))",2332869,Verde,Batería,4
"MULTILINESTRING Z ((440688.5723 4478795.1872 0,440692.0168 4478806.5205 0))",2332877,Verde,Línea,2
"MULTILINESTRING Z ((440704.6279 4478822.9094 0,440695.8501 4478792.8538 0))",2332878,Verde,Línea,6
"MULTILINESTRING Z ((440722.7341 4478830.8536 0,440716.221 4478831.5393 0))",2332879,Verde,Línea,1
"MULTILINESTRING Z ((440691.739 4478778.7427 0,440682.6834 4478748.965 0))",2332884,Verde,Línea,6
"MULTILINESTRING Z ((440684.1279 4478780.965 0,440681.6279 4478772.0761 0))",2332885,Verde,Línea,2
"MULTILINESTRING Z ((440672.739 4478741.465 0,440675.739 4478751.6872 0))",2332886,Verde,Línea,2
"MULTILINESTRING Z ((440749.2946 4478720.2057 0,440752.5908 4478761.7613 0))",2332891,Verde,Línea,9
"MULTILINESTRING Z ((440848.6834 4478810.9094 0,440847.4612 4478806.9094 0))",2332898,Verde,Línea,1
"MULTILINESTRING Z ((440844.8131 4478797.8724 0,440838.9983 4478779.502 0))",2332899,Verde,Línea,4
"MULTILINESTRING Z ((440908.461 4478795.7493 0,440909.4888 4478806.5412 0))",2332904,Verde,Batería,4
"MULTILINESTRING Z ((440900.0168 4478778.1316 0,440884.5168 4478778.7983 0))",2332906,Verde,Línea,3
"MULTILINESTRING Z ((440900.2946 4478770.8538 0,440889.5168 4478771.7427 0))",2332907,Verde,Línea,2
"MULTILINESTRING Z ((440905.9249 4478763.9824 0,440904.1749 4478742.5657 0))",2332908,Verde,Batería,9
"MULTILINESTRING Z ((440904.0916 4478741.3157 0,440902.2582 4478717.8157 0))",2332909,Verde,Batería,10
"MULTILINESTRING Z ((440900.2866 4478695.4665 0,440902.0066 4478716.1265 0))",2332910,Verde,Batería,9
"MULTILINESTRING Z ((440898.4566 4478673.4365 0,440900.1642 4478694.1675 0))",2332911,Verde,Batería,8
"MULTILINESTRING Z ((440935.5168 4478768.0761 0,441050.6834 4478758.9094 0))",2332916,Verde,Línea,24
"MULTILINESTRING Z ((440935.739 4478776.965 0,441051.2946 4478767.3538 0))",2332917,Verde,Línea,24
"MULTILINESTRING Z ((441087.1557 4478812.8261 0,441091.4057 4478812.6594 0))",2332930,Verde,Batería,2
"MULTILINESTRING Z ((441130.239 4478846.0761 0,441129.6557 4478836.1594 0))",2332932,Verde,Batería,3
"MULTILINESTRING Z ((441128.8223 4478827.1594 0,441128.239 4478818.8261 0))",2332933,Verde,Batería,3
"MULTILINESTRING Z ((441114.8693 4478652.9824 0,441123.2027 4478652.2602 0))",2332937,Verde,Batería,3
"MULTILINESTRING Z ((441165.6834 4478649.9094 0,441182.739 4478648.6872 0))",2332939,Verde,Batería,6
"MULTILINESTRING Z ((440860.7946 4478841.7983 0,440866.1279 4478858.1316 0))",2332940,Verde,Línea,4
"MULTILINESTRING Z ((441330.9799 4478848.4775 0,441329.591 4478832.2553 0))",2332944,Verde,Batería,6
"MULTILINESTRING Z ((441308.0077 4478814.9775 0,441306.841 4478800.4775 0))",2332947,Verde,Batería,5
"MULTILINESTRING Z ((441281.0731 4478640.5565 0,441285.7027 4478640.2602 0))",2332952,Verde,Batería,2
"MULTILINESTRING Z ((441215.9612 4478645.5761 0,441239.0168 4478643.965 0))",2332953,Verde,Batería,8
"MULTILINESTRING Z ((441331.739 4478794.1594 0,441353.739 4478792.3261 0))",2332954,Verde,Batería,10
"MULTILINESTRING Z ((441332.2699 4478778.6501 0,441396.418 4478772.9711 0))",2332955,Verde,Batería,26
"MULTILINESTRING Z ((440872.9293 4479065.4852 0,440889.2626 4479058.4852 0))",2332975,Verde,Línea,3
"MULTILINESTRING Z ((441067.5168 4478790.9094 0,441064.0168 4478752.0205 0))",2332977,Verde,Línea,8
"MULTILINESTRING Z ((440951.5168 4479143.3538 0,440946.9983 4479144.9835 0))",2332983,Verde,Línea,1
"MULTILINESTRING Z ((440695.8419 4478712.6584 0,440702.8048 4478710.5678 0))",2333057,Azul,Línea,1
"MULTILINESTRING Z ((440824.7582 4478674.9824 0,440839.2582 4478670.4824 0))",2333061,Azul,Línea,2
"MULTILINESTRING Z ((440856.8693 4478665.4268 0,440880.9805 4478658.2602 0))",2333062,Azul,Línea,5
"MULTILINESTRING Z ((441038.989 4478643.5761 0,440999.489 4478646.9094 0))",2333065,Azul,Línea,8
"MULTILINESTRING Z ((441141.171 4478629.7142 0,441150.3068 4478628.99 0))",2333070,Azul,Batería,4
"MULTILINESTRING Z ((441162.4427 4478628.0493 0,441171.7102 4478627.325 0))",2333071,Azul,Batería,3
"MULTILINESTRING Z ((441245.2327 4478621.7883 0,441233.9734 4478622.6031 0))",2333074,Azul,Batería,5
"MULTILINESTRING Z ((441289.8501 4478337.7613 0,441291.3686 4478356.1687 0))",2333089,Azul,Batería,6
"MULTILINESTRING Z ((440781.7722 4478043.2838 0,440776.9737 4478043.6899 0))",2333099,Azul,Línea,1
"MULTILINESTRING Z ((440785.3372 4478021.563 0,440784.6705 4478012.063 0))",2333101,Azul,Línea,2
"MULTILINESTRING Z ((440847.5622 4478034.3438 0,440839.2222 4478034.9738 0))",2333102,Azul,Batería,3
"MULTILINESTRING Z ((440875.7922 4478032.2038 0,440871.3022 4478032.5438 0))",2333104,Azul,Batería,2
"MULTILINESTRING Z ((440892.1822 4478030.9738 0,440880.9822 4478031.8138 0))",2333105,Azul,Batería,4
"MULTILINESTRING Z ((440895.4797 4478030.6872 0,440905.2575 4478029.9094 0))",2333106,Azul,Batería,5
"MULTILINESTRING Z ((440905.3316 4478029.9094 0,440908.0353 4478029.6872 0))",2333107,Azul,Batería,1
"MULTILINESTRING Z ((440981.4797 4478022.9464 0,441000.9118 4478021.3909 0))",2333110,Azul,Batería,8
"MULTILINESTRING Z ((441010.8322 4478020.6038 0,441005.8622 4478021.0071 0))",2333111,Azul,Batería,2
"MULTILINESTRING Z ((441038.4122 4478018.3338 0,441012.1522 4478020.4938 0))",2333112,Azul,Batería,11
"MULTILINESTRING Z ((441356.8625 4477766.0576 0,441358.2807 4477784.7011 0))",2333145,Azul,Línea,4
"MULTILINESTRING Z ((440534.5038 4477907.3963 0,440539.0872 4477906.8963 0))",2333150,Azul,Línea,1
"MULTILINESTRING Z ((440480.1278 4477915.3338 0,440475.047 4477916.0756 0))",2333153,Azul,Línea,1
"MULTILINESTRING Z ((440782.0872 4477978.9796 0,440784.2538 4478007.313 0))",2333154,Azul,Línea,6
"MULTILINESTRING Z ((440793.1705 4477967.3963 0,440792.6705 4477961.313 0))",2333155,Azul,Línea,1
"MULTILINESTRING Z ((441245.5291 4478621.7613 0,441253.776 4478621.1687 0))",2333166,Azul,Batería,3
"MULTILINESTRING Z ((440827.9622 4478035.8238 0,440817.4022 4478036.6138 0))",2333169,Azul,Batería,6
"MULTILINESTRING Z ((441039.9983 4477711.539 0,441039.6557 4477707.0761 0))",2333171,Azul,Línea,1
"MULTILINESTRING Z ((441598.1279 4477948.2983 0,441608.0168 4477939.1316 0))",2333181,Verde,Línea,3
"MULTILINESTRING Z ((441605.239 4478013.6872 0,441616.239 4478012.7983 0))",2333190,Verde,Línea,2
"MULTILINESTRING Z ((441564.6557 4478017.6594 0,441591.9057 4478015.4927 0))",2333191,Verde,Batería,13
"MULTILINESTRING Z ((441614.5723 4478002.6316 0,441604.739 4478003.0761 0))",2333193,Verde,Línea,2
"MULTILINESTRING Z ((441703.6279 4477988.539 0,441692.2946 4477998.1687 0))",2333197,Verde,Línea,3
"MULTILINESTRING Z ((441686.4057 4478022.2427 0,441686.8131 4478027.8724 0))",2333200,Verde,Línea,1
"MULTILINESTRING Z ((441694.6834 4478078.3538 0,441692.9057 4478053.0761 0,441691.9612 4478040.9094 0))",2333203,Verde,Batería,15
"MULTILINESTRING Z ((441540.5723 4478036.2427 0,441538.4612 4478039.465 0,441537.8501 4478040.6316 0,441538.1834 4478043.9094 0))",2333208,Verde,Batería,3
"MULTILINESTRING Z ((441464.8871 4477928.3909 0,441466.3316 4477947.1687 0))",2333211,Verde,Línea,3
"MULTILINESTRING Z ((441461.0002 4477875.59 0,441462.069 4477889.6619 0))",2333212,Verde,Línea,3
"MULTILINESTRING Z ((441537.6557 4477833.2427 0,441466.4057 4477839.9927 0))",2333215,Verde,Línea,16
"MULTILINESTRING Z ((441590.8501 4477902.1872 0,441580.5723 4477891.8538 0))",2333222,Verde,Línea,3
"MULTILINESTRING Z ((441454.8871 4477802.6872 0,441453.5908 4477788.502 0))",2333228,Verde,Línea,3
"MULTILINESTRING Z ((441470.989 4477694.9927 0,441481.1557 4477710.3261 0))",2333231,Verde,Línea,3
"MULTILINESTRING Z ((441492.702 4477844.2057 0,441488.6649 4477844.5761 0))",2333236,Verde,Línea,1
"MULTILINESTRING Z ((441540.6279 4477839.9835 0,441557.5168 4477838.2798 0))",2333240,Verde,Línea,4
"MULTILINESTRING Z ((441646.0028 4478594.0533 0,441726.5861 4478587.3033 0))",2333246,Verde,Batería,32
"MULTILINESTRING Z ((441644.1557 4478510.3261 0,441706.6557 4478504.8261 0,441725.489 4478503.2427 0))",2333249,Verde,Línea,18
"MULTILINESTRING Z ((441619.6557 4478493.3261 0,441608.489 4478483.9094 0))",2333251,Verde,Línea,3
"MULTILINESTRING Z ((441583.2268 4478479.6111 0,441571.7276 4478480.5654 0))",2333253,Verde,Batería,5
"MULTILINESTRING Z ((441560.9195 4478476.2199 0,441560.0861 4478466.3866 0))",2333254,Verde,Batería,4
"MULTILINESTRING Z ((441563.239 4478427.4094 0,441563.739 4478437.1872 0))",2333256,Verde,Línea,2
"MULTILINESTRING Z ((441544.2946 4478541.5205 0,441524.5723 4478543.1316 0))",2333262,Verde,Línea,4
"MULTILINESTRING Z ((441523.3316 4478551.5761 0,441553.739 4478548.9835 0))",2333263,Verde,Línea,6
"MULTILINESTRING Z ((441559.7946 4478552.7427 0,441574.8501 4478551.2983 0))",2333264,Verde,Batería,7
"MULTILINESTRING Z ((441554.6834 4478534.965 0,441572.7946 4478533.2983 0))",2333266,Verde,Batería,7
"MULTILINESTRING Z ((441729.1557 4478420.7427 0,441729.739 4478426.9927 0))",2333271,Verde,Línea,1
"MULTILINESTRING Z ((440506.3416 4478693.8991 0,440532.5916 4478686.8157 0))",2333272,Verde,Línea,5
"MULTILINESTRING Z ((440538.1711 4478630.502 0,440520.5896 4478633.2624 0))",2333274,Verde,Línea,3
"MULTILINESTRING Z ((440646.4427 4478652.0329 0,440644.418 4478645.0699 0))",2333277,Verde,Línea,1
"MULTILINESTRING Z ((440664.5082 4478714.7324 0,440661.9249 4478705.8991 0))",2333281,Verde,Línea,2
"MULTILINESTRING Z ((440655.5082 4478683.7324 0,440660.2582 4478700.6491 0))",2333282,Verde,Línea,3
"MULTILINESTRING Z ((441045.7582 4478525.1491 0,441047.0916 4478544.2324 0))",2333283,Verde,Línea,4
"MULTILINESTRING Z ((440838.5916 4478660.8157 0,440830.7582 4478636.4824 0))",2333285,Verde,Batería,10
"MULTILINESTRING Z ((440830.3316 4478634.7983 0,440829.1094 4478630.8724 0,440829.0353 4478630.3909 0,440827.2946 4478609.0946 0))",2333286,Verde,Batería,10
"MULTILINESTRING Z ((440848.5908 4478646.8724 0,440851.4797 4478655.539 0))",2333288,Verde,Batería,4
"MULTILINESTRING Z ((440984.1834 4478643.965 0,440983.9612 4478641.965 0))",2333289,Verde,Batería,1
"MULTILINESTRING Z ((440998.8666 4478642.9265 0,440998.2383 4478635.2226 0))",2333291,Verde,Batería,4
"MULTILINESTRING Z ((440591.8501 4478537.8106 0,440601.8501 4478534.9464 0))",2333295,Verde,Línea,2
"MULTILINESTRING Z ((440472.5043 4478484.8254 0,440466.6031 4478486.3068 0))",2333306,Verde,Línea,1
"MULTILINESTRING Z ((440534.8994 4478470.2328 0,440545.7512 4478468.3439 0))",2333314,Verde,Línea,2
"MULTILINESTRING Z ((440673.3438 4478364.8254 0,440666.3068 4478365.9365 0))",2333330,Verde,Línea,1
"MULTILINESTRING Z ((440635.1216 4478370.7883 0,440623.7882 4478372.5661 0))",2333332,Verde,Línea,2
"MULTILINESTRING Z ((440588.0168 4478378.465 0,440615.4612 4478373.965 0))",2333333,Verde,Línea,6
"MULTILINESTRING Z ((440457.5916 4478434.0657 0,440472.5916 4478431.8157 0))",2333342,Verde,Línea,3
"MULTILINESTRING Z ((440478.7582 4478430.7324 0,440492.9249 4478428.7324 0))",2333343,Verde,Línea,3
"MULTILINESTRING Z ((440580.2946 4478415.0761 0,440536.2946 4478422.0205 0))",2333347,Verde,Línea,9
"MULTILINESTRING Z ((440654.9249 4478610.7324 0,440670.0916 4478608.5657 0))",2333349,Verde,Línea,3
"MULTILINESTRING Z ((440717.9612 4478600.6872 0,440743.6649 4478596.502 0))",2333353,Verde,Línea,5
"MULTILINESTRING Z ((440753.9612 4478594.8353 0,440772.9242 4478591.7613 0))",2333354,Verde,Línea,4
"MULTILINESTRING Z ((440839.8416 4478592.3157 0,440839.0082 4478584.6491 0))",2333358,Verde,Batería,3
"MULTILINESTRING Z ((440727.8007 4478421.0205 0,440726.2946 4478416.2057 0))",2333371,Verde,Línea,1
"MULTILINESTRING Z ((440704.8378 4478324.4279 0,440705.6773 4478331.6378 0))",2333374,Verde,Línea,1
"MULTILINESTRING Z ((440805.8254 4478316.9464 0,440819.776 4478315.86 0))",2333376,Verde,Línea,3
"MULTILINESTRING Z ((440824.3686 4478315.5143 0,440854.4427 4478313.218 0))",2333377,Verde,Línea,6
"MULTILINESTRING Z ((440828.2946 4478323.2427 0,440770.1834 4478327.6501 0))",2333379,Verde,Línea,12
"MULTILINESTRING Z ((440761.6649 4478415.7613 0,440765.1094 4478415.539 0))",2333381,Verde,Batería,2
"MULTILINESTRING Z ((440767.5168 4478415.3168 0,440797.0353 4478412.8353 0))",2333382,Verde,Batería,12
"MULTILINESTRING Z ((440807.2657 4478411.9999 0,440799.1176 4478412.6913 0))",2333383,Verde,Batería,3
"MULTILINESTRING Z ((440828.6749 4478410.7324 0,440838.3416 4478409.9824 0))",2333385,Verde,Batería,4
"MULTILINESTRING Z ((440852.9866 4478408.6065 0,440863.1566 4478407.7365 0))",2333387,Verde,Batería,4
"MULTILINESTRING Z ((440870.0916 4478349.8991 0,440869.4249 4478339.4824 0))",2333392,Verde,Línea,2
"MULTILINESTRING Z ((440875.8748 4478324.4279 0,440876.3192 4478331.539 0,440880.3686 4478381.4403 0))",2333394,Verde,Línea,12
"MULTILINESTRING Z ((440887.5168 4478323.539 0,440892.0723 4478379.7983 0))",2333395,Verde,Línea,12
"MULTILINESTRING Z ((440911.4166 4478385.4265 0,440920.7321 4478384.6621 0))",2333397,Verde,Batería,4
"MULTILINESTRING Z ((440925.6649 4478384.2427 0,440932.1834 4478383.7242 0))",2333398,Verde,Batería,3
"MULTILINESTRING Z ((440934.0916 4478383.4824 0,440980.2582 4478379.6491 0))",2333399,Verde,Batería,18
"MULTILINESTRING Z ((440982.3166 4478379.6265 0,441017.8266 4478376.7265 0))",2333400,Verde,Batería,14
"MULTILINESTRING Z ((441003.4612 4478395.7427 0,441024.1834 4478394.2427 0))",2333403,Verde,Batería,8
"MULTILINESTRING Z ((440964.1094 4478402.8353 0,440964.9983 4478413.3168 0))",2333405,Verde,Batería,4
"MULTILINESTRING Z ((440967.0723 4478437.7983 0,440965.5908 4478420.2057 0))",2333406,Verde,Batería,7
"MULTILINESTRING Z ((441028.0966 4478398.6065 0,441029.2557 4478412.9612 0))",2333409,Verde,Línea,3
"MULTILINESTRING Z ((441036.1749 4478498.3157 0,441033.3416 4478463.3991 0))",2333411,Verde,Línea,7
"MULTILINESTRING Z ((440985.7966 4478486.9365 0,440987.0566 4478502.2565 0))",2333412,Verde,Batería,5
"MULTILINESTRING Z ((441044.4958 4478497.4519 0,441037.5578 4478416.2593 0))",2333415,Verde,Línea,17
"MULTILINESTRING Z ((441061.681 4478392.1817 0,441040.2666 4478393.9165 0))",2333417,Verde,Batería,10
"MULTILINESTRING Z ((441054.8416 4478374.0241 0,441037.9666 4478375.3991 0))",2333418,Verde,Batería,6
"MULTILINESTRING Z ((441067.3066 4478372.9665 0,441056.0863 4478374.0065 0))",2333419,Verde,Batería,5
"MULTILINESTRING Z ((441025.8995 4478372.4279 0,441021.0353 4478311.6131 0))",2333423,Verde,Línea,12
"MULTILINESTRING Z ((440990.1464 4478504.6131 0,441001.6649 4478503.6501 0))",2333424,Verde,Batería,7
"MULTILINESTRING Z ((441003.776 4478503.465 0,441029.6649 4478501.3909 0))",2333425,Verde,Batería,9
"MULTILINESTRING Z ((441049.4057 4478518.6316 0,441063.5168 4478517.465 0))",2333427,Verde,Batería,6
"MULTILINESTRING Z ((441025.6773 4478521.8847 0,441029.6032 4478521.6131 0))",2333429,Verde,Batería,2
"MULTILINESTRING Z ((440964.2066 4478511.4365 0,440966.5766 4478539.6265 0))",2333431,Verde,Batería,10
"MULTILINESTRING Z ((440976.5266 4478510.0966 0,440978.2307 4478530.3194 0))",2333433,Verde,Batería,8
"MULTILINESTRING Z ((440826.4427 4478435.8724 0,440826.776 4478440.502 0))",2333448,Verde,Batería,2
"MULTILINESTRING Z ((440829.7843 4478483.325 0,440829.0764 4478473.1851 0))",2333450,Verde,Batería,4
"MULTILINESTRING Z ((440833.3416 4478562.7324 0,440834.6749 4478579.3991 0))",2333455,Verde,Línea,3
"MULTILINESTRING Z ((440824.7582 4478577.6491 0,440824.5082 4478575.6491 0))",2333456,Verde,Batería,1
"MULTILINESTRING Z ((441036.2066 4478399.5365 0,441036.6353 4478404.8915 0))",2333461,Verde,Línea,1
"MULTILINESTRING Z ((441201.4666 4478360.5241 0,441199.2166 4478327.1491 0))",2333468,Verde,Batería,12
"MULTILINESTRING Z ((441271.6279 4478380.7242 0,441272.5538 4478392.465 0))",2333472,Verde,Batería,5
"MULTILINESTRING Z ((441268.3366 4478339.9265 0,441269.5466 4478355.4765 0))",2333473,Verde,Batería,6
"MULTILINESTRING Z ((441268.0916 4478336.5657 0,441267.0082 4478322.3991 0))",2333474,Verde,Batería,6
"MULTILINESTRING Z ((441274.6736 4478420.1928 0,441276.0514 4478437.9473 0))",2333476,Verde,Batería,7
"MULTILINESTRING Z ((441276.8493 4478446.0288 0,441276.5518 4478442.512 0))",2333477,Verde,Batería,1
"MULTILINESTRING Z ((441277.4866 4478453.0565 0,441279.6066 4478475.8565 0))",2333478,Verde,Batería,10
"MULTILINESTRING Z ((441176.739 4478487.502 0,441202.1094 4478485.539 0))",2333484,Verde,Batería,11
"MULTILINESTRING Z ((441102.8501 4478493.7613 0,441110.776 4478493.1316 0))",2333488,Verde,Batería,3
"MULTILINESTRING Z ((440550.5908 4478285.3662 0,440543.8995 4478257.5637 0))",2333501,Verde,Batería,11
"MULTILINESTRING Z ((440406.0476 4478135.9094 0,440441.1834 4478126.7242 0))",2333508,Verde,Línea,7
"MULTILINESTRING Z ((440489.2512 4478114.0476 0,440561.9117 4478095.1793 0))",2333511,Verde,Línea,15
"MULTILINESTRING Z ((440598.6278 4478085.4673 0,440605.4919 4478083.6649 0,440639.0722 4478074.6525 0))",2333515,Verde,Línea,8
"MULTILINESTRING Z ((440660.5168 4478034.2057 0,440659.4797 4478020.0576 0))",2333517,Verde,Línea,3
"MULTILINESTRING Z ((440670.9118 4478087.144 0,440674.1711 4478108.8971 0))",2333519,Verde,Batería,8
"MULTILINESTRING Z ((440675.5579 4478117.7544 0,440674.8991 4478114.0649 0))",2333520,Verde,Batería,2
"MULTILINESTRING Z ((440668.7143 4478126.0246 0,440644.6978 4478131.2098 0))",2333521,Verde,Línea,5
"MULTILINESTRING Z ((440539.4205 4478193.3963 0,440530.9205 4478160.1463 0))",2333525,Verde,Línea,7
"MULTILINESTRING Z ((440545.2946 4478196.2798 0,440585.739 4478192.0576 0))",2333526,Verde,Línea,8
"MULTILINESTRING Z ((440634.4205 4478187.063 0,440613.0872 4478189.313 0))",2333528,Verde,Línea,4
"MULTILINESTRING Z ((440667.0872 4478183.813 0,440640.1705 4478186.6463 0))",2333529,Verde,Línea,5
"MULTILINESTRING Z ((440679.1705 4478182.563 0,440673.9205 4478182.9796 0))",2333530,Verde,Línea,1
"MULTILINESTRING Z ((440652.6279 4478241.3538 0,440653.2205 4478246.6501 0))",2333532,Verde,Línea,1
"MULTILINESTRING Z ((440564.9249 4478301.8991 0,440556.8372 4478267.9796 0))",2333538,Verde,Línea,7
"MULTILINESTRING Z ((440548.6279 4478232.0576 0,440546.4057 4478223.1316 0))",2333540,Verde,Línea,2
"MULTILINESTRING Z ((440535.5785 4478311.5226 0,440528.5003 4478312.2798 0))",2333541,Verde,Línea,1
"MULTILINESTRING Z ((440681.9488 4478079.4094 0,440680.9605 4478073.0186 0))",2333543,Verde,Línea,1
"MULTILINESTRING Z ((440786.9822 4478065.3038 0,440789.8035 4478099.8379 0))",2333547,Verde,Batería,12
"MULTILINESTRING Z ((440872.7522 4478052.5838 0,440863.1722 4478053.3338 0))",2333551,Verde,Batería,2
"MULTILINESTRING Z ((440906.3686 4478050.0205 0,440912.3686 4478049.502 0))",2333553,Verde,Batería,3
"MULTILINESTRING Z ((440806.1834 4478146.4094 0,440807.5723 4478163.0761 0))",2333568,Verde,Línea,3
"MULTILINESTRING Z ((440870.2575 4478303.6501 0,440869.4797 4478293.0576 0))",2333591,Verde,Batería,5
"MULTILINESTRING Z ((440902.0476 4478309.6131 0,440891.3316 4478310.4032 0))",2333592,Verde,Línea,2
"MULTILINESTRING Z ((440913.8501 4478308.7983 0,440955.7946 4478305.4094 0))",2333593,Verde,Línea,9
"MULTILINESTRING Z ((440962.1464 4478304.9094 0,440977.2205 4478303.6501 0))",2333594,Verde,Línea,3
"MULTILINESTRING Z ((440983.739 4478303.0946 0,441014.0353 4478300.5761 0))",2333595,Verde,Línea,6
"MULTILINESTRING Z ((441030.6279 4478330.2057 0,441026.5908 4478281.1687 0))",2333607,Verde,Línea,10
"MULTILINESTRING Z ((441031.3206 4478039.6927 0,441033.0764 4478039.572 0))",2333618,Verde,Batería,1
"MULTILINESTRING Z ((440907.9242 4478316.9464 0,440964.5538 4478312.4279 0))",2333620,Verde,Línea,12
"MULTILINESTRING Z ((441041.381 4477982.1563 0,441044.0229 4478014.8477 0))",2333623,Verde,Línea,6
"MULTILINESTRING Z ((440677.2246 4478128.9876 0,440678.2781 4478136.2798 0))",2333626,Verde,Batería,3
"MULTILINESTRING Z ((441129.9983 4478273.4279 0,441154.3686 4478271.4279 0))",2333628,Verde,Línea,4
"MULTILINESTRING Z ((441256.4205 4478262.813 0,441237.8372 4478264.3963 0))",2333631,Verde,Línea,4
"MULTILINESTRING Z ((441401.6361 4478285.5528 0,441399.3069 4478256.7242 0))",2333635,Verde,Línea,6
"MULTILINESTRING Z ((441126.2538 4478278.4796 0,441110.8372 4478279.7296 0))",2333639,Verde,Batería,6
"MULTILINESTRING Z ((441135.0872 4478277.813 0,441135.7538 4478285.6463 0))",2333640,Verde,Batería,3
"MULTILINESTRING Z ((440645.702 4477978.502 0,440631.3069 4477980.2057 0))",2333641,Verde,Línea,3
"MULTILINESTRING Z ((440421.421 4477924.4844 0,440448.671 4477919.9844 0))",2333651,Verde,Línea,5
"MULTILINESTRING Z ((440452.2543 4477783.1511 0,440454.7543 4477804.3178 0))",2333655,Verde,Línea,4
"MULTILINESTRING Z ((440608.7142 4477823.8254 0,440619.6031 4477822.8994 0))",2333663,Verde,Línea,2
"MULTILINESTRING Z ((440641.138 4477786.388 0,440641.8144 4477795.3626 0))",2333666,Verde,Línea,2
"MULTILINESTRING Z ((440640.2093 4477774.6715 0,440640.619 4477779.5881 0))",2333667,Verde,Línea,1
"MULTILINESTRING Z ((440638.5119 4477753.5418 0,440639.6532 4477767.8526 0))",2333668,Verde,Línea,2
"MULTILINESTRING Z ((440575.8328 4477741.7269 0,440593.0828 4477740.3102 0))",2333671,Verde,Batería,5
"MULTILINESTRING Z ((440573.2495 4477735.8102 0,440572.8328 4477727.1435 0))",2333672,Verde,Línea,1
"MULTILINESTRING Z ((440572.1661 4477719.5602 0,440571.4161 4477712.5602 0))",2333673,Verde,Línea,1
"MULTILINESTRING Z ((440493.9161 4477707.2269 0,440493.5828 4477700.1435 0))",2333679,Verde,Línea,1
"MULTILINESTRING Z ((440651.5433 4477919.9009 0,440652.6749 4477934.2211 0))",2333686,Verde,Línea,3
"MULTILINESTRING Z ((440568.5038 4477910.563 0,440577.6705 4477909.563 0))",2333690,Verde,Línea,2
"MULTILINESTRING Z ((440546.6649 4477916.539 0,440555.8871 4477915.5761 0))",2333691,Verde,Batería,3
"MULTILINESTRING Z ((440487.1176 4477747.8353 0,440482.0641 4477748.0329 0))",2333696,Verde,Batería,2
"MULTILINESTRING Z ((440374.1834 4477702.6872 0,440381.4797 4477701.8353 0))",2333698,Verde,Línea,1
"MULTILINESTRING Z ((440656.9125 4477983.0858 0,440658.9549 4478012.9975 0))",2333701,Verde,Línea,6
"MULTILINESTRING Z ((440645.0828 4477712.9769 0,440643.9161 4477695.3102 0))",2333702,Verde,Batería,7
"MULTILINESTRING Z ((440761.0828 4477718.7269 0,440758.5828 4477688.4769 0))",2333704,Verde,Batería,11
"MULTILINESTRING Z ((440774.5744 4477967.325 0,440751.5456 4477969.0699 0))",2333709,Verde,Línea,4
"MULTILINESTRING Z ((440667.6427 4477975.9796 0,440706.8094 4477972.813 0))",2333710,Verde,Línea,8
"MULTILINESTRING Z ((440776.2026 4477898.9852 0,440777.1847 4477912.9395 0))",2333713,Verde,Batería,5
"MULTILINESTRING Z ((440721.6705 4477814.6463 0,440732.0872 4477813.813 0))",2333720,Verde,Línea,2
"MULTILINESTRING Z ((440768.1079 4477793.0442 0,440769.5322 4477810.2738 0))",2333723,Verde,Batería,6
"MULTILINESTRING Z ((440767.6661 4477787.8102 0,440765.8328 4477766.3935 0))",2333724,Verde,Batería,8
"MULTILINESTRING Z ((440764.4161 4477750.3935 0,440765.4161 4477762.5602 0))",2333725,Verde,Batería,5
"MULTILINESTRING Z ((440712.9865 4477760.9818 0,440712.7004 4477756.3168 0))",2333726,Verde,Línea,1
"MULTILINESTRING Z ((440784.9995 4477733.8102 0,440796.2495 4477733.1435 0))",2333730,Verde,Línea,2
"MULTILINESTRING Z ((440849.7478 4477715.211 0,440839.2978 4477716.091 0))",2333732,Verde,Línea,2
"MULTILINESTRING Z ((440859.9161 4477714.6435 0,440869.6661 4477713.8935 0))",2333733,Verde,Línea,2
"MULTILINESTRING Z ((440915.8328 4477709.8935 0,440939.0828 4477708.0602 0))",2333734,Verde,Línea,5
"MULTILINESTRING Z ((440950.4995 4477707.0602 0,440966.3328 4477705.7269 0))",2333735,Verde,Línea,3
"MULTILINESTRING Z ((440907.4995 4477772.6435 0,440904.7495 4477740.4769 0))",2333738,Verde,Línea,7
"MULTILINESTRING Z ((440896.3328 4477783.6435 0,440895.3328 4477772.7269 0))",2333739,Verde,Línea,2
"MULTILINESTRING Z ((440911.3372 4477816.063 0,440910.4205 4477806.3963 0))",2333741,Verde,Línea,2
"MULTILINESTRING Z ((440863.1023 4477917.8237 0,440870.8369 4477917.193 0))",2333753,Verde,Batería,2
"MULTILINESTRING Z ((440902.0038 4477914.6463 0,440875.7538 4477916.6463 0))",2333754,Verde,Batería,10
"MULTILINESTRING Z ((440917.2538 4478020.3963 0,440913.7538 4477978.7296 0))",2333755,Verde,Línea,8
"MULTILINESTRING Z ((440913.1705 4477970.813 0,440911.1705 4477945.1463 0))",2333756,Verde,Línea,5
"MULTILINESTRING Z ((440910.8372 4477940.3963 0,440909.1705 4477918.313 0))",2333757,Verde,Línea,4
"MULTILINESTRING Z ((440958.7522 4477864.2438 0,440977.9022 4477862.6938 0))",2333759,Verde,Línea,4
"MULTILINESTRING Z ((440935.6622 4477851.4638 0,440948.5622 4477850.3438 0))",2333761,Verde,Batería,5
"MULTILINESTRING Z ((441010.7637 4477848.7983 0,441018.5415 4477848.181 0))",2333764,Verde,Línea,1
"MULTILINESTRING Z ((441026.8131 4477799.539 0,441028.9612 4477825.3168 0,441029.2946 4477828.2798 0,441030.2205 4477840.2427 0))",2333766,Verde,Línea,8
"MULTILINESTRING Z ((440755.9995 4477656.3102 0,440757.3328 4477676.5602 0))",2333774,Verde,Batería,7
"MULTILINESTRING Z ((440439.2543 4477644.7344 0,440431.421 4477646.1511 0))",2333786,Verde,Línea,1
"MULTILINESTRING Z ((440457.3328 4477649.5602 0,440450.6661 4477650.4769 0))",2333789,Verde,Línea,1
"MULTILINESTRING Z ((440481.8871 4477646.3168 0,440474.2946 4477647.2798 0))",2333790,Verde,Línea,1
"MULTILINESTRING Z ((440492.4161 4477685.9769 0,440492.2495 4477680.2269 0))",2333792,Verde,Línea,1
"MULTILINESTRING Z ((440585.5828 4477660.7269 0,440572.9161 4477662.1435 0))",2333798,Verde,Línea,2
"MULTILINESTRING Z ((440607.6661 4477659.1435 0,440592.9995 4477660.3102 0))",2333799,Verde,Línea,2
"MULTILINESTRING Z ((440624.8328 4477657.6435 0,440612.2495 4477658.6435 0))",2333800,Verde,Línea,2
"MULTILINESTRING Z ((440634.0828 4477700.3935 0,440633.5828 4477695.0602 0))",2333802,Verde,Línea,1
"MULTILINESTRING Z ((440519.3372 4478095.9796 0,440534.5038 4478092.063 0))",2333817,Verde,Batería,6
"MULTILINESTRING Z ((440577.4427 4478081.0205 0,440594.0723 4478076.5761 0))",2333819,Verde,Batería,7
"MULTILINESTRING Z ((441072.9242 4478084.8353 0,441073.989 4478098.1594 0))",2333837,Azul,Línea,2
"MULTILINESTRING Z ((440766.1661 4477584.5602 0,440768.4995 4477609.2269 0))",2333838,Azul,Línea,5
"MULTILINESTRING Z ((441058.3372 4477887.063 0,441057.2538 4477870.2296 0))",2333840,Azul,Línea,2
"MULTILINESTRING Z ((440737.3416 4478458.2324 0,440733.0916 4478444.6491 0))",2333843,Verde,Línea,3
"MULTILINESTRING Z ((440750.4731 4478322.2447 0,440751.708 4478337.7374 0))",2333844,Verde,Línea,2
"MULTILINESTRING Z ((440365.7543 4477646.2344 0,440379.0877 4477649.7344 0))",2333850,Verde,Línea,2
"MULTILINESTRING Z ((439190.1464 4477457.7983 0,439192.702 4477448.0576 0))",2333860,Azul,Línea,2
"MULTILINESTRING Z ((439203.595 4477408.5432 0,439202.0806 4477414.0411 0))",2333862,Azul,Línea,1
"MULTILINESTRING Z ((439985.3316 4477478.7613 0,439975.776 4477470.9094 0))",2333870,Azul,Batería,4
"MULTILINESTRING Z ((439001.6279 4477199.5143 0,438986.8131 4477236.0822 0))",2333872,Azul,Línea,8
"MULTILINESTRING Z ((439198.739 4477155.0205 0,439244.5168 4477152.539 0))",2333874,Azul,Línea,9
"MULTILINESTRING Z ((439023.9983 4477144.0205 0,439028.8131 4477132.1316 0))",2333877,Azul,Línea,2
"MULTILINESTRING Z ((439028.9057 4477132.0205 0,439039.3501 4477105.965 0,439050.1279 4477079.5205 0))",2333878,Azul,Línea,10
"MULTILINESTRING Z ((439438.6279 4477339.7427 0,439435.239 4477292.1872 0,439433.5723 4477272.2427 0))",2333885,Azul,Línea,14
"MULTILINESTRING Z ((439317.9612 4477148.6131 0,439329.2205 4477148.0205 0))",2333888,Azul,Línea,2
"MULTILINESTRING Z ((440269.4057 4477435.5637 0,440276.9612 4477435.0452 0))",2333889,Azul,Batería,4
"MULTILINESTRING Z ((440281.8131 4477186.6131 0,440280.4797 4477150.1316 0))",2333890,Azul,Línea,8
"MULTILINESTRING Z ((440280.4797 4477149.8353 0,440280.1464 4477140.3909 0))",2333891,Azul,Línea,2
"MULTILINESTRING Z ((439053.4427 4477071.3168 0,439078.5168 4477009.3909 0))",2333892,Azul,Línea,13
"MULTILINESTRING Z ((439393.6032 4476992.8394 0,439388.4509 4476988.3621 0))",2333901,Azul,Línea,1
"MULTILINESTRING Z ((439433.5538 4477027.539 0,439454.702 4477045.8353 0))",2333902,Azul,Línea,6
"MULTILINESTRING Z ((439931.8995 4476927.9094 0,439918.2205 4476921.4403 0))",2333909,Azul,Línea,3
"MULTILINESTRING Z ((440279.4962 4477123.5061 0,440280.1053 4477139.9999 0))",2333911,Azul,Línea,4
"MULTILINESTRING Z ((440276.4921 4477018.1316 0,440276.3439 4477013.1687 0))",2333912,Azul,Línea,1
"MULTILINESTRING Z ((439555.1094 4476830.1316 0,439553.0353 4476798.9711 0))",2333916,Azul,Línea,6
"MULTILINESTRING Z ((439731.0106 4476724.3538 0,439749.1094 4476723.1934 0))",2333920,Azul,Línea,4
"MULTILINESTRING Z ((439776.1217 4476721.3662 0,439756.8131 4476722.6995 0))",2333921,Azul,Línea,4
"MULTILINESTRING Z ((440088.5662 4476704.1563 0,440108.3192 4476703.1934 0))",2333929,Azul,Línea,4
"MULTILINESTRING Z ((440108.5908 4476703.1687 0,440118.4674 4476702.6748 0))",2333930,Azul,Línea,2
"MULTILINESTRING Z ((440118.7884 4476702.6748 0,440138.6402 4476701.7119 0))",2333931,Azul,Línea,4
"MULTILINESTRING Z ((440162.2946 4476700.5514 0,440150.9612 4476701.0946 0))",2333932,Azul,Línea,2
"MULTILINESTRING Z ((440182.0723 4476699.5637 0,440258.5662 4476695.6872 0))",2333933,Azul,Línea,16
"MULTILINESTRING Z ((440061.0353 4477406.0205 0,440061.3686 4477405.1316 0,440063.3686 4477401.3168 0,440068.9242 4477391.2427 0,440079.739 4477367.8353 0))",2333939,Azul,Línea,9
"MULTILINESTRING Z ((440027.4797 4477432.2057 0,440046.4427 4477409.0205 0,440049.5538 4477404.5761 0,440054.4427 4477397.3538 0,440058.1834 4477390.3538 0,440060.3686 4477385.9464 0,440078.5168 4477346.6872 0))",2333940,Azul,Línea,22
"MULTILINESTRING Z ((440293.1752 4477525.679 0,440292.9118 4477518.0082 0))",2333941,Azul,Línea,1
"MULTILINESTRING Z ((439002.0168 4477433.2427 0,439034.5168 4477426.465 0))",2333947,Verde,Línea,6
"MULTILINESTRING Z ((439009.3563 4477439.218 0,439102.418 4477419.3415 0))",2333948,Verde,Línea,20
"MULTILINESTRING Z ((439054.2205 4477422.3168 0,439087.4057 4477415.4279 0))",2333949,Verde,Línea,6
"MULTILINESTRING Z ((439108.6155 4477410.9958 0,439093.9242 4477414.0576 0))",2333950,Verde,Línea,3
"MULTILINESTRING Z ((439130.311 4477413.86 0,439147.1834 4477410.2551 0))",2333951,Verde,Línea,3
"MULTILINESTRING Z ((439152.418 4477409.144 0,439164.9365 4477406.4773 0))",2333952,Verde,Línea,2
"MULTILINESTRING Z ((439170.5168 4477405.3168 0,439188.5168 4477401.5637 0))",2333953,Verde,Línea,4
"MULTILINESTRING Z ((439128.3083 4477407.0452 0,439132.8295 4477406.0905 0))",2333954,Verde,Línea,1
"MULTILINESTRING Z ((439140.5662 4477404.4444 0,439150.5579 4477402.3374 0))",2333955,Verde,Línea,2
"MULTILINESTRING Z ((439202.1094 4477391.3538 0,439208.1094 4477390.1316 0,439220.9242 4477389.0205 0))",2333957,Verde,Línea,4
"MULTILINESTRING Z ((439415.2205 4477374.7613 0,439420.1834 4477374.4279 0))",2333969,Verde,Línea,1
"MULTILINESTRING Z ((439570.1958 4477365.7859 0,439544.1217 4477367.6131 0))",2333971,Verde,Línea,6
"MULTILINESTRING Z ((439039.776 4477425.3168 0,439050.1094 4477423.1687 0))",2333974,Verde,Línea,2
"MULTILINESTRING Z ((439123.8967 4477422.3538 0,439126.7884 4477436.4279 0))",2333976,Verde,Línea,3
"MULTILINESTRING Z ((439053.2575 4477525.2674 0,439059.3974 4477532.9382 0))",2333989,Verde,Línea,2
"MULTILINESTRING Z ((439378.3933 4477449.8436 0,439377.8501 4477440.2304 0))",2334004,Verde,Línea,2
"MULTILINESTRING Z ((439378.7061 4477455.0781 0,439378.4262 4477450.2551 0))",2334005,Verde,Línea,1
"MULTILINESTRING Z ((439388.6759 4477453.7393 0,439388.3796 4477448.7901 0))",2334006,Verde,Línea,1
"MULTILINESTRING Z ((439388.3522 4477448.4115 0,439387.8254 4477439.4732 0))",2334007,Verde,Línea,2
"MULTILINESTRING Z ((439624.2946 4477475.1687 0,439670.9983 4477489.9094 0))",2334008,Verde,Línea,10
"MULTILINESTRING Z ((439679.2164 4477483.0287 0,439691.1999 4477486.8148 0))",2334011,Verde,Batería,5
"MULTILINESTRING Z ((439762.3604 4477521.3991 0,439761.2081 4477501.0699 0))",2334015,Verde,Línea,4
"MULTILINESTRING Z ((439760.0723 4477481.037 0,439759.7431 4477475.4732 0))",2334017,Verde,Línea,1
"MULTILINESTRING Z ((439759.4797 4477470.6501 0,439758.8871 4477460.0822 0))",2334018,Verde,Línea,2
"MULTILINESTRING Z ((439944.6834 4477464.6316 0,439926.0723 4477449.6872 0))",2334020,Verde,Batería,8
"MULTILINESTRING Z ((440015.2081 4477556.4773 0,440038.5415 4477554.181 0))",2334025,Verde,Línea,5
"MULTILINESTRING Z ((440042.1217 4477544.7242 0,440044.3686 4477541.0946 0))",2334031,Verde,Línea,1
"MULTILINESTRING Z ((440070.0476 4477435.2427 0,440069.3563 4477435.5884 0,440067.702 4477436.7242 0,440066.3192 4477438.0329 0,440065.776 4477438.6995 0,440065.3316 4477439.3415 0,440060.6649 4477447.218 0))",2334036,Verde,Batería,6
"MULTILINESTRING Z ((440023.1094 4477475.0452 0,440051.6526 4477426.1316 0))",2334037,Verde,Línea,12
"MULTILINESTRING Z ((440076.1876 4477489.5966 0,440068.3686 4477502.2386 0))",2334041,Verde,Batería,6
"MULTILINESTRING Z ((440074.2122 4477430.8806 0,440074.6567 4477431.4897 0,440074.9201 4477431.5884 0,440077.1258 4477432.3621 0,440079.1834 4477432.7242 0,440080.4839 4477433.0864 0,440082.1629 4477433.7283 0,440100.9118 4477443.9835 0))",2334042,Verde,Línea,6
"MULTILINESTRING Z ((440204.204 4477570.8806 0,440201.2246 4477527.6378 0))",2334045,Verde,Línea,9
"MULTILINESTRING Z ((440207.5044 4477483.8106 0,440208.1464 4477492.9711 0))",2334049,Verde,Línea,2
"MULTILINESTRING Z ((439100.739 4477378.9094 0,439103.1279 4477381.6872 0,439104.6834 4477383.6872 0,439107.0723 4477387.5761 0,439109.4057 4477392.2427 0,439109.8501 4477393.3538 0,439111.5168 4477398.2983 0,439113.0168 4477404.2983 0,439113.0168 4477404.5205 0))",2334053,Verde,Línea,6
"MULTILINESTRING Z ((439065.2822 4477344.7983 0,439068.2699 4477348.4032 0))",2334054,Verde,Línea,1
"MULTILINESTRING Z ((439112.8131 4477242.3909 0,439075.4057 4477246.9094 0))",2334068,Verde,Línea,7
"MULTILINESTRING Z ((439118.8268 4477241.6351 0,439133.6526 4477239.8463 0))",2334069,Verde,Línea,3
"MULTILINESTRING Z ((439247.1834 4477221.2839 0,439265.2575 4477223.572 0,439280.632 4477225.7283 0,439298.5908 4477230.2057 0))",2334079,Verde,Línea,11
"MULTILINESTRING Z ((439298.7637 4477138.2057 0,439270.6896 4477140.0822 0))",2334081,Verde,Batería,9
"MULTILINESTRING Z ((439169.5538 4477242.502 0,439170.2946 4477247.3909 0,439172.776 4477258.6131 0,439175.702 4477268.465 0,439177.2205 4477272.6501 0))",2334083,Verde,Línea,6
"MULTILINESTRING Z ((439212.4057 4477315.2057 0,439205.9612 4477308.3538 0,439201.9612 4477303.1687 0))",2334087,Verde,Línea,3
"MULTILINESTRING Z ((439269.3686 4477331.9835 0,439258.5168 4477331.9464 0))",2334091,Verde,Línea,2
"MULTILINESTRING Z ((439193.776 4477331.2798 0,439203.3316 4477331.3909 0))",2334094,Verde,Línea,2
"MULTILINESTRING Z ((439136.3316 4477324.1687 0,439151.1464 4477324.2427 0))",2334096,Verde,Línea,3
"MULTILINESTRING Z ((439174.6732 4477331.144 0,439184.3686 4477331.1769 0))",2334102,Verde,Línea,2
"MULTILINESTRING Z ((439258.2205 4477331.9464 0,439252.8131 4477331.9094 0))",2334106,Verde,Línea,1
"MULTILINESTRING Z ((439256.4674 4477140.9958 0,439234.7143 4477142.1069 0))",2334107,Verde,Batería,8
"MULTILINESTRING Z ((439277.2411 4477235.1275 0,439288.3686 4477237.6625 0))",2334120,Verde,Línea,2
"MULTILINESTRING Z ((439270.7829 4477288.801 0,439271.1999 4477295.9999 0))",2334124,Verde,Línea,1
"MULTILINESTRING Z ((439352.3686 4477154.6831 0,439353.1094 4477165.8106 0))",2334131,Verde,Línea,2
"MULTILINESTRING Z ((439370.8131 4477267.0205 0,439395.8007 4477265.2427 0))",2334134,Verde,Batería,10
"MULTILINESTRING Z ((439427.2164 4477263.0123 0,439403.99 4477264.6584 0))",2334135,Verde,Batería,9
"MULTILINESTRING Z ((439534.9914 4477255.9999 0,439494.7609 4477258.6337 0))",2334137,Verde,Batería,16
"MULTILINESTRING Z ((439689.9736 4477219.3662 0,439668.6649 4477200.8971 0))",2334147,Verde,Línea,6
"MULTILINESTRING Z ((439633.0929 4477170.074 0,439627.9406 4477165.5966 0))",2334148,Verde,Línea,1
"MULTILINESTRING Z ((439617.5067 4477156.5462 0,439610.5192 4477150.4886 0))",2334149,Verde,Línea,2
"MULTILINESTRING Z ((439387.8254 4477439.1934 0,439387.3316 4477431.144 0))",2334151,Verde,Línea,2
"MULTILINESTRING Z ((439822.5662 4477361.9835 0,439843.5785 4477378.5514 0))",2334158,Verde,Línea,5
"MULTILINESTRING Z ((439755.6663 4477403.5116 0,439753.6032 4477362.9958 0))",2334160,Verde,Línea,9
"MULTILINESTRING Z ((439715.776 4477241.7366 0,439690.2452 4477219.6131 0))",2334162,Verde,Línea,7
"MULTILINESTRING Z ((439820.9057 4477146.5205 0,439804.3501 4477165.5205 0))",2334164,Verde,Línea,5
"MULTILINESTRING Z ((440116.4015 4477302.1892 0,440122.4592 4477289.3333 0))",2334167,Verde,Línea,3
"MULTILINESTRING Z ((440122.6238 4477288.9547 0,440127.1889 4477279.5061 0,440141.3782 4477250.7544 0,440144.3083 4477245.9917 0))",2334168,Verde,Línea,11
"MULTILINESTRING Z ((440169.6526 4477181.5884 0,440177.4304 4477167.9835 0))",2334170,Verde,Línea,3
"MULTILINESTRING Z ((440211.9242 4477196.9094 0,440248.1094 4477194.6131 0))",2334175,Verde,Línea,7
"MULTILINESTRING Z ((440212.3686 4477206.181 0,440227.5785 4477205.0699 0))",2334176,Verde,Línea,3
"MULTILINESTRING Z ((440233.2904 4477204.6419 0,440249.1423 4477203.4732 0))",2334177,Verde,Línea,3
"MULTILINESTRING Z ((440273.3686 4477201.6872 0,440254.4427 4477203.0946 0))",2334178,Verde,Línea,4
"MULTILINESTRING Z ((440283.6279 4477242.1316 0,440284.2946 4477261.4094 0))",2334180,Verde,Línea,4
"MULTILINESTRING Z ((440289.1834 4477415.0452 0,440288.739 4477400.3538 0))",2334183,Verde,Línea,3
"MULTILINESTRING Z ((440253.2328 4477194.2304 0,440262.8871 4477193.539 0))",2334184,Verde,Línea,2
"MULTILINESTRING Z ((440273.883 4477192.7571 0,440268.4509 4477193.1522 0))",2334185,Verde,Línea,1
"MULTILINESTRING Z ((439288.2863 4476913.7283 0,439262.3439 4476943.2592 0))",2334193,Verde,Línea,8
"MULTILINESTRING Z ((439239.8007 4476828.6501 0,439255.2575 4476842.0822 0))",2334194,Verde,Línea,4
"MULTILINESTRING Z ((439455.9242 4476954.2057 0,439464.5662 4476958.3868 0,439466.7555 4476959.5555 0,439469.5209 4476961.4485 0,439471.8913 4476963.2921 0,439475.381 4476967.144 0,439476.9283 4476969.3497 0,439479.6773 4476974.1069 0))",2334203,Verde,Batería,11
"MULTILINESTRING Z ((439438.0168 4476848.4094 0,439436.9057 4476829.2983 0))",2334204,Verde,Batería,7
"MULTILINESTRING Z ((439316.1711 4476881.7366 0,439331.776 4476863.7366 0))",2334210,Verde,Línea,5
"MULTILINESTRING Z ((439276.7308 4476860.7242 0,439296.1053 4476877.5308 0))",2334211,Verde,Línea,5
"MULTILINESTRING Z ((439339.1505 4476855.1934 0,439342.0147 4476851.9012 0))",2334213,Verde,Línea,1
"MULTILINESTRING Z ((439583.9242 4476842.2798 0,439564.3316 4476843.6872 0))",2334215,Verde,Línea,4
"MULTILINESTRING Z ((439545.6032 4476987.8353 0,439537.4797 4476988.2551 0))",2334218,Verde,Batería,3
"MULTILINESTRING Z ((439509.776 4476976.7613 0,439545.0723 4476974.7983 0))",2334219,Verde,Batería,13
"MULTILINESTRING Z ((439577.6032 4476983.86 0,439578.5662 4476983.6872 0,439582.739 4476983.3909 0))",2334221,Verde,Línea,1
"MULTILINESTRING Z ((439613.5538 4476991.3635 0,439622.2452 4476996.7517 0))",2334223,Verde,Línea,2
"MULTILINESTRING Z ((439628.1217 4477000.5761 0,439634.0476 4477004.5761 0))",2334224,Verde,Línea,1
"MULTILINESTRING Z ((439639.3316 4477008.1481 0,439643.4139 4477010.8971 0))",2334225,Verde,Línea,1
"MULTILINESTRING Z ((439651.2946 4477016.0761 0,439688.4057 4477041.2427 0))",2334226,Verde,Línea,9
"MULTILINESTRING Z ((439715.9983 4477046.6255 0,439727.776 4477054.5761 0))",2334228,Verde,Línea,3
"MULTILINESTRING Z ((439596.0943 4476841.4375 0,439603.1066 4476840.9327 0))",2334244,Verde,Línea,1
"MULTILINESTRING Z ((440087.8254 4476921.7119 0,440087.1834 4476911.0205 0))",2334269,Verde,Línea,2
"MULTILINESTRING Z ((440091.8501 4476831.3909 0,440092.4427 4476841.9835 0))",2334274,Verde,Línea,2
"MULTILINESTRING Z ((440106.7143 4476991.2921 0,440115.6032 4476995.4897 0))",2334278,Verde,Línea,2
"MULTILINESTRING Z ((440115.8254 4476995.6131 0,440128.9612 4477001.86 0))",2334279,Verde,Línea,3
"MULTILINESTRING Z ((439815.9242 4477127.4897 0,439821.6032 4477131.5637 0))",2334282,Verde,Línea,1
"MULTILINESTRING Z ((439723.7946 4477065.0761 0,439694.0168 4477044.965 0))",2334286,Verde,Línea,7
"MULTILINESTRING Z ((440215.3481 4477113.1522 0,440215.6443 4477107.9506 0))",2334290,Verde,Línea,1
"MULTILINESTRING Z ((440227.6773 4477101.1934 0,440230.1464 4477101.0205 0))",2334292,Verde,Batería,1
"MULTILINESTRING Z ((440143.2438 4477008.6913 0,440134.2671 4477004.4224 0))",2334295,Verde,Línea,2
"MULTILINESTRING Z ((439212.9983 4476805.8353 0,439225.6279 4476816.3168 0))",2334300,Verde,Línea,4
"MULTILINESTRING Z ((439348.097 4476768.1069 0,439351.7267 4476822.6501 0))",2334302,Verde,Línea,12
"MULTILINESTRING Z ((439339.1341 4476768.8477 0,439340.739 4476793.1193 0))",2334303,Verde,Línea,5
"MULTILINESTRING Z ((439443.6773 4476789.9752 0,439444.2699 4476800.8394 0))",2334305,Verde,Línea,2
"MULTILINESTRING Z ((439446.1958 4476834.7242 0,439445.6526 4476825.1687 0))",2334306,Verde,Línea,2
"MULTILINESTRING Z ((439628.9118 4476793.2016 0,439626.6834 4476797.8538 0))",2334307,Verde,Línea,1
"MULTILINESTRING Z ((439613.1464 4476806.4279 0,439601.3686 4476830.7613 0))",2334308,Verde,Línea,6
"MULTILINESTRING Z ((440081.2081 4476804.6995 0,440080.8871 4476799.2674 0))",2334310,Verde,Línea,1
"MULTILINESTRING Z ((440079.8501 4476781.2921 0,440079.2575 4476770.9464 0))",2334311,Verde,Línea,2
"MULTILINESTRING Z ((440075.809 4476710.9135 0,440078.2781 4476753.8436 0))",2334314,Verde,Línea,9
"MULTILINESTRING Z ((440177.6032 4477167.6625 0,440185.3563 4477154.1069 0))",2334335,Verde,Línea,3
"MULTILINESTRING Z ((440062.9475 4477410.6776 0,440063.8254 4477408.7352 0,440082.4153 4477368.6255 0))",2334338,Verde,Línea,10
"MULTILINESTRING Z ((440061.1437 4477535.9892 0,440071.6992 4477518.4337 0))",2334339,Verde,Línea,4
"MULTILINESTRING Z ((440059.0881 4477534.1003 0,440069.5881 4477516.4892 0))",2334340,Verde,Batería,10
"MULTILINESTRING Z ((439583.9406 4477127.5061 0,439587.5785 4477130.6501 0))",2334345,Verde,Línea,1
"MULTILINESTRING Z ((439268.6649 4476887.1193 0,439279.4495 4476896.5288 0))",2334354,Azul,Línea,3
"MULTILINESTRING Z ((439992.5168 4476711.2921 0,440001.489 4476710.8261 0))",2334356,Azul,Línea,2
"MULTILINESTRING Z ((439767.9571 4477572.2139 0,439767.6557 4477564.4511 0))",2334360,Verde,Línea,2
"MULTILINESTRING Z ((440115.9242 4477585.7983 0,440114.2946 4477566.6131 0))",2334361,Verde,Batería,6
"MULTILINESTRING Z ((439406.4057 4477021.4927 0,439396.3223 4477033.1594 0))",2334367,Verde,Línea,3
"MULTILINESTRING Z ((439700.1711 4476751.1934 0,439699.0847 4476736.2551 0))",2334371,Verde,Línea,3
"MULTILINESTRING Z ((440077.3563 4476792.0329 0,440076.7884 4476781.9341 0))",2334373,Verde,Línea,2
"MULTILINESTRING Z ((439611.2493 4476804.7571 0,439615.5785 4476795.6707 0))",2334378,Verde,Línea,2
"MULTILINESTRING Z ((440214.4756 4477125.2345 0,440214.9036 4477119.4732 0))",2334379,Verde,Línea,1
"MULTILINESTRING Z ((439538.2575 4477242.3168 0,439554.5168 4477241.0576 0))",2334380,Verde,Línea,3
"MULTILINESTRING Z ((439607.6443 4477473.1028 0,439623.0024 4477477.9094 0))",2334382,Verde,Línea,3
"MULTILINESTRING Z ((441404.9057 4477295.5761 0,441401.8223 4477260.5761 0))",2334385,Azul,Línea,8
"MULTILINESTRING Z ((441394.3279 4477169.2193 0,441392.7446 4477150.4693 0))",2334388,Azul,Línea,4
"MULTILINESTRING Z ((441564.8215 4477349.9129 0,441577.2301 4477331.3001 0,441582.0881 4477319.8866 0,441583.6685 4477313.8579 0))",2334404,Azul,Línea,8
"MULTILINESTRING Z ((441824.8652 4477097.9747 0,441826.869 4477119.5862 0))",2334405,Azul,Línea,5
"MULTILINESTRING Z ((441828.5168 4477150.6872 0,441827.8501 4477141.7613 0))",2334408,Azul,Línea,2
"MULTILINESTRING Z ((441838.3227 4477287.5451 0,441836.656 4477266.2118 0))",2334411,Azul,Línea,4
"MULTILINESTRING Z ((441821.3227 4477046.7951 0,441820.7394 4477037.3784 0))",2334421,Azul,Línea,2
"MULTILINESTRING Z ((441816.739 4476984.2427 0,441819.739 4477025.5761 0))",2334422,Azul,Línea,9
"MULTILINESTRING Z ((441809.2394 4476881.9618 0,441809.5727 4476887.2118 0))",2334424,Azul,Línea,1
"MULTILINESTRING Z ((442144.4528 4476785.4412 0,442171.2014 4476804.7563 0))",2334427,Azul,Línea,7
"MULTILINESTRING Z ((442100.9643 4476920.5889 0,442101.257 4476925.447 0))",2334431,Azul,Línea,1
"MULTILINESTRING Z ((442191.9894 4476819.4618 0,442176.0727 4476808.2118 0))",2334432,Azul,Línea,4
"MULTILINESTRING Z ((441792.6 4476654.0978 0,441791.8586 4476644.2648 0))",2334440,Azul,Línea,3
"MULTILINESTRING Z ((441070.6649 4477494.3168 0,441067.5538 4477450.1687 0))",2334452,Azul,Línea,9
"MULTILINESTRING Z ((440390.6649 4477326.9094 0,440365.9612 4477404.2427 0))",2334454,Azul,Línea,17
"MULTILINESTRING Z ((440303.5908 4477300.7983 0,440302.2575 4477260.539 0))",2334461,Azul,Línea,8
"MULTILINESTRING Z ((440299.8007 4477185.2921 0,440298.7143 4477150.7983 0))",2334464,Azul,Línea,7
"MULTILINESTRING Z ((440298.2616 4477136.5267 0,440298.097 4477131.1111 0))",2334465,Azul,Línea,1
"MULTILINESTRING Z ((441065.6279 4477422.7983 0,441063.239 4477386.5205 0))",2334476,Azul,Línea,9
"MULTILINESTRING Z ((441523.3686 4476483.3538 0,441530.5908 4476469.502 0))",2334518,Verde,Línea,3
"MULTILINESTRING Z ((441522.8223 4476484.2427 0,441516.0723 4476497.3261 0))",2334519,Verde,Línea,2
"MULTILINESTRING Z ((441544.5723 4476571.6594 0,441550.0723 4476574.6594 0))",2334521,Verde,Línea,1
"MULTILINESTRING Z ((441493.9057 4476555.965 0,441509.1834 4476564.0205 0))",2334522,Verde,Línea,4
"MULTILINESTRING Z ((441632.7946 4476539.4094 0,441628.2946 4476530.2983 0))",2334523,Verde,Línea,2
"MULTILINESTRING Z ((441639.9057 4476554.465 0,441635.5723 4476545.1872 0))",2334524,Verde,Línea,2
"MULTILINESTRING Z ((441573.1094 4476435.3909 0,441581.702 4476453.3538 0))",2334529,Verde,Batería,7
"MULTILINESTRING Z ((441567.776 4476424.2427 0,441572.6279 4476434.4279 0))",2334530,Verde,Batería,4
"MULTILINESTRING Z ((441665.776 4476434.8353 0,441673.4427 4476423.4279 0))",2334537,Verde,Línea,3
"MULTILINESTRING Z ((441672.1094 4476445.465 0,441682.776 4476429.6131 0))",2334539,Verde,Línea,4
"MULTILINESTRING Z ((441697.1578 4477369.3073 0,441699.559 4477399.5939 0))",2334542,Verde,Línea,6
"MULTILINESTRING Z ((441700.1557 4477404.9094 0,441700.739 4477413.5761 0))",2334543,Verde,Línea,2
"MULTILINESTRING Z ((441707.8274 4477417.8811 0,441739.9108 4477415.4645 0))",2334544,Verde,Línea,7
"MULTILINESTRING Z ((441757.4612 4477414.1316 0,441776.6279 4477412.7983 0))",2334545,Verde,Línea,4
"MULTILINESTRING Z ((441784.4286 4477412.1939 0,441814.7411 4477409.9734 0))",2334546,Verde,Línea,6
"MULTILINESTRING Z ((441751.0837 4477350.0079 0,441728.0529 4477351.1784 0))",2334549,Verde,Línea,5
"MULTILINESTRING Z ((441710.1515 4477352.0735 0,441721.0644 4477351.5226 0))",2334550,Verde,Línea,2
"MULTILINESTRING Z ((441605.9791 4477357.3406 0,441580.9859 4477358.6144 0))",2334554,Verde,Línea,5
"MULTILINESTRING Z ((441578.3007 4477349.2161 0,441584.1187 4477339.4048 0,441586.0465 4477335.9278 0,441589.0416 4477329.4901 0))",2334555,Verde,Línea,5
"MULTILINESTRING Z ((441595.1349 4477305.461 0,441595.4792 4477302.7413 0,441595.7202 4477299.9184 0,441595.8923 4477296.7512 0,441596.0989 4477291.2087 0))",2334557,Verde,Línea,3
"MULTILINESTRING Z ((441544.1218 4477360.6688 0,441548.2969 4477360.4347 0))",2334558,Verde,Línea,1
"MULTILINESTRING Z ((441534.835 4477361.176 0,441539.4394 4477360.9419 0))",2334559,Verde,Línea,1
"MULTILINESTRING Z ((441517.1608 4477362.1311 0,441530.9941 4477361.3811 0))",2334560,Verde,Línea,3
"MULTILINESTRING Z ((441459.9983 4477364.9094 0,441473.9983 4477364.2057 0))",2334562,Verde,Línea,3
"MULTILINESTRING Z ((441502.5774 4477362.7145 0,441482.2441 4477363.7978 0))",2334563,Verde,Línea,4
"MULTILINESTRING Z ((441506.5723 4477353.4927 0,441504.3223 4477323.4094 0))",2334564,Verde,Línea,7
"MULTILINESTRING Z ((441484.9448 4477297.9752 0,441498.1464 4477296.9711 0))",2334566,Verde,Línea,2
"MULTILINESTRING Z ((441500.8488 4477283.7997 0,441498.9758 4477255.4323 0))",2334568,Verde,Línea,5
"MULTILINESTRING Z ((441497.2589 4477229.6792 0,441498.5076 4477248.916 0))",2334569,Verde,Línea,4
"MULTILINESTRING Z ((441467.6557 4477226.5761 0,441493.6557 4477224.4094 0))",2334570,Verde,Línea,5
"MULTILINESTRING Z ((441463.3223 4477226.9094 0,441444.5723 4477228.4927 0))",2334571,Verde,Línea,4
"MULTILINESTRING Z ((441436.4113 4477229.136 0,441408.2446 4477231.636 0))",2334572,Verde,Línea,6
"MULTILINESTRING Z ((441408.0776 4477221.2212 0,441432.6834 4477219.0117 0))",2334573,Verde,Línea,5
"MULTILINESTRING Z ((441433.2859 4477219.0117 0,441443.2287 4477218.2083 0))",2334574,Verde,Línea,2
"MULTILINESTRING Z ((441449.5083 4477217.6374 0,441454.9774 4477217.2956 0))",2334575,Verde,Línea,1
"MULTILINESTRING Z ((441498.3623 4477213.8809 0,441467.8068 4477216.3254 0))",2334576,Verde,Línea,7
"MULTILINESTRING Z ((441505.1019 4477223.241 0,441523.6363 4477221.8363 0))",2334577,Verde,Línea,4
"MULTILINESTRING Z ((441526.953 4477221.6021 0,441531.5964 4477221.251 0))",2334578,Verde,Línea,1
"MULTILINESTRING Z ((441543.6535 4477287.3115 0,441538.5029 4477287.6627 0))",2334579,Verde,Línea,1
"MULTILINESTRING Z ((441509.7063 4477289.5356 0,441532.1817 4477288.0529 0))",2334580,Verde,Línea,4
"MULTILINESTRING Z ((441612.6279 4477282.6316 0,441618.9057 4477282.1872 0))",2334585,Verde,Línea,1
"MULTILINESTRING Z ((441643.2394 4477280.1284 0,441658.906 4477278.8784 0))",2334587,Verde,Línea,3
"MULTILINESTRING Z ((441671.239 4477228.8261 0,441711.489 4477265.5761 0))",2334589,Verde,Línea,11
"MULTILINESTRING Z ((441727.739 4477280.5761 0,441734.8223 4477287.1594 0))",2334591,Verde,Línea,2
"MULTILINESTRING Z ((441679.2946 4477219.7613 0,441695.702 4477234.8724 0))",2334592,Verde,Línea,4
"MULTILINESTRING Z ((441756.2394 4477168.6284 0,441728.4894 4477180.8784 0))",2334595,Verde,Línea,7
"MULTILINESTRING Z ((441526.0723 4477205.1594 0,441535.489 4477209.9094 0,441537.5723 4477210.6594 0))",2334599,Verde,Línea,3
"MULTILINESTRING Z ((441625.5727 4477187.7118 0,441593.7394 4477157.6284 0))",2334606,Verde,Línea,9
"MULTILINESTRING Z ((441837.6279 4477068.5205 0,441838.739 4477083.6316 0))",2334609,Verde,Línea,3
"MULTILINESTRING Z ((441936.414 4477150.443 0,441905.0421 4477141.8586 0))",2334612,Verde,Línea,7
"MULTILINESTRING Z ((441894.9894 4477149.7118 0,441886.0727 4477147.3784 0))",2334615,Verde,Línea,2
"MULTILINESTRING Z ((441844.1834 4477156.3538 0,441844.5908 4477162.7613 0))",2334617,Verde,Línea,1
"MULTILINESTRING Z ((441852.6834 4477274.0761 0,441848.7946 4477218.5205 0))",2334620,Verde,Línea,11
"MULTILINESTRING Z ((441855.0353 4477306.0576 0,441853.2575 4477280.9094 0))",2334621,Verde,Línea,5
"MULTILINESTRING Z ((441856.702 4477329.539 0,441856.1834 4477322.7242 0))",2334622,Verde,Línea,1
"MULTILINESTRING Z ((441762.9612 4477359.2983 0,441739.8501 4477360.5205 0))",2334624,Verde,Línea,4
"MULTILINESTRING Z ((441803.6834 4477357.1872 0,441792.0168 4477357.6872 0))",2334626,Verde,Línea,2
"MULTILINESTRING Z ((441762.2441 4477311.8811 0,441742.3274 4477293.8811 0))",2334628,Verde,Línea,5
"MULTILINESTRING Z ((441744.3028 4477279.4238 0,441765.6197 4477298.8477 0))",2334629,Verde,Línea,6
"MULTILINESTRING Z ((441777.7843 4477309.9423 0,441796.5168 4477327.0287 0))",2334630,Verde,Línea,5
"MULTILINESTRING Z ((441710.2291 4476742.7119 0,441711.2046 4476746.3017 0,441712.0631 4476748.4868 0,441712.7654 4476750.0476 0,441713.7409 4476751.9205 0,441714.5603 4476753.3253 0,441715.5358 4476754.769 0))",2334633,Verde,Línea,3
"MULTILINESTRING Z ((441741.2499 4476779.4295 0,441738.5575 4476779.2344 0,441731.9632 4476778.1028 0,441730.3634 4476777.5956 0,441726.3833 4476776.0738 0,441724.7835 4476775.3715 0,441721.9741 4476773.9277 0,441718.7745 4476771.9377 0,441714.8335 4476769.0112 0,441711.4778 4476765.7726 0,441710.3072 4476764.4069 0,441707.3027 4476760.4659 0))",2334634,Verde,Batería,15
"MULTILINESTRING Z ((441786.3958 4476756.5639 0,441782.3768 4476758.6319 0,441779.1772 4476760.1147 0,441775.5873 4476761.6365 0,441764.2716 4476765.6165 0))",2334636,Verde,Línea,5
"MULTILINESTRING Z ((441816.1094 4476769.2798 0,441815.4057 4476760.0205 0))",2334637,Verde,Línea,1
"MULTILINESTRING Z ((441819.239 4476809.4927 0,441816.6557 4476777.2427 0))",2334638,Verde,Línea,7
"MULTILINESTRING Z ((441826.989 4476918.4094 0,441824.0723 4476877.8261 0))",2334640,Verde,Línea,8
"MULTILINESTRING Z ((441881.489 4476934.9094 0,441869.489 4476940.2427 0))",2334643,Verde,Línea,2
"MULTILINESTRING Z ((441952.9612 4476904.2798 0,441946.8871 4476906.9094 0))",2334646,Verde,Línea,1
"MULTILINESTRING Z ((441909.3501 4476791.4094 0,441911.0723 4476798.465 0,441915.6834 4476810.3538 0,441922.9057 4476828.1316 0))",2334649,Verde,Línea,8
"MULTILINESTRING Z ((441908.1557 4476786.4094 0,441904.989 4476769.4927 0))",2334650,Verde,Línea,3
"MULTILINESTRING Z ((442008.3686 4476881.3538 0,442013.702 4476879.4279 0))",2334654,Verde,Línea,1
"MULTILINESTRING Z ((442064.8227 4476869.0451 0,442050.156 4476870.3784 0))",2334656,Verde,Línea,3
"MULTILINESTRING Z ((442036.6279 4476882.7427 0,442031.4612 4476884.0205 0))",2334658,Verde,Línea,1
"MULTILINESTRING Z ((441982.8223 4476937.0761 0,441972.4057 4476918.4094 0))",2334662,Verde,Línea,3
"MULTILINESTRING Z ((442015.5538 4476994.539 0,442002.5538 4476971.8724 0))",2334665,Verde,Línea,5
"MULTILINESTRING Z ((442025.989 4476992.0761 0,442038.0723 4477013.6594 0))",2334667,Verde,Línea,4
"MULTILINESTRING Z ((442003.5506 4477028.6546 0,441996.8723 4477029.1359 0))",2334669,Verde,Línea,1
"MULTILINESTRING Z ((441885.5727 4477037.2118 0,441932.8227 4477033.6284 0))",2334672,Verde,Línea,10
"MULTILINESTRING Z ((441852.3227 4477039.7118 0,441866.3227 4477038.5451 0))",2334674,Verde,Línea,3
"MULTILINESTRING Z ((441832.9894 4477002.5451 0,441831.9894 4476991.2951 0))",2334676,Verde,Línea,2
"MULTILINESTRING Z ((441889.3227 4476942.7118 0,441957.406 4476913.2951 0))",2334680,Verde,Línea,16
"MULTILINESTRING Z ((442087.489 4477009.6594 0,442086.1557 4476990.5761 0))",2334686,Verde,Línea,4
"MULTILINESTRING Z ((442081.656 4476930.7118 0,442084.8227 4476974.7118 0))",2334687,Verde,Línea,9
"MULTILINESTRING Z ((442106.7394 4476868.0451 0,442150.0727 4476866.6284 0))",2334691,Verde,Línea,9
"MULTILINESTRING Z ((442161.3223 4476866.2427 0,442226.489 4476864.0761 0))",2334692,Verde,Línea,14
"MULTILINESTRING Z ((442214.4057 4476816.5761 0,442206.4057 4476811.3538 0))",2334698,Verde,Batería,3
"MULTILINESTRING Z ((441664.739 4476628.465 0,441671.0723 4476641.7427 0))",2334704,Verde,Línea,3
"MULTILINESTRING Z ((441706.6557 4476718.5761 0,441705.4057 4476713.3261 0))",2334707,Verde,Línea,1
"MULTILINESTRING Z ((441704.489 4476708.6594 0,441703.1557 4476703.8261 0,441697.8223 4476682.6594 0,441695.489 4476675.1594 0,441691.239 4476662.7427 0,441690.6557 4476660.8261 0))",2334708,Verde,Línea,10
"MULTILINESTRING Z ((441691.2575 4476731.0576 0,441689.1094 4476731.3538 0,441673.2205 4476732.7983 0,441668.0723 4476732.9464 0,441662.4427 4476732.7242 0))",2334710,Verde,Batería,13
"MULTILINESTRING Z ((441531.489 4476723.7427 0,441546.6557 4476718.7427 0,441549.489 4476717.9927 0))",2334714,Verde,Línea,4
"MULTILINESTRING Z ((441709.0416 4476736.6849 0,441709.5684 4476739.3188 0))",2334719,Verde,Batería,1
"MULTILINESTRING Z ((441886.739 4476599.0205 0,441934.9057 4476633.3538 0,441973.9612 4476661.1872 0))",2334720,Verde,Línea,23
"MULTILINESTRING Z ((442041.4057 4476710.0205 0,442020.1834 4476694.4094 0,441983.9057 4476668.2427 0))",2334721,Verde,Línea,15
"MULTILINESTRING Z ((441937.2575 4476736.1316 0,441922.9983 4476731.2427 0))",2334724,Verde,Línea,3
"MULTILINESTRING Z ((441961.4563 4476741.6813 0,441966.7896 4476742.5146 0,441971.2896 4476743.0702 0,441974.9008 4476743.4591 0,441979.0119 4476743.7924 0,441984.0674 4476743.8479 0,441991.7341 4476743.9591 0))",2334725,Verde,Línea,5
"MULTILINESTRING Z ((441904.0723 4476763.4094 0,441902.1557 4476745.6594 0,441901.4057 4476731.1594 0))",2334728,Verde,Línea,6
"MULTILINESTRING Z ((441914.3223 4476764.4927 0,441913.6557 4476760.1594 0,441911.6557 4476740.5761 0,441911.8223 4476737.9927 0,441912.239 4476735.6594 0,441912.5723 4476734.7427 0))",2334729,Verde,Línea,6
"MULTILINESTRING Z ((441628.4894 4477213.7118 0,441635.0727 4477213.2951 0))",2334730,Verde,Línea,1
"MULTILINESTRING Z ((441645.739 4476730.8261 0,441636.739 4476729.1594 0,441633.8223 4476728.4094 0))",2334732,Verde,Batería,4
"MULTILINESTRING Z ((441755.5702 4476777.9468 0,441749.405 4476779.1174 0,441747.1809 4476779.3515 0,441742.4985 4476779.4685 0))",2334735,Verde,Batería,5
"MULTILINESTRING Z ((440796.0427 4476783.193 0,440790.1777 4476783.6113 0))",2334756,Verde,Línea,1
"MULTILINESTRING Z ((440815.4797 4476772.7983 0,440800.4057 4476773.8353 0))",2334758,Verde,Línea,3
"MULTILINESTRING Z ((440824.6649 4476788.1687 0,440825.2575 4476797.5761 0))",2334760,Verde,Línea,2
"MULTILINESTRING Z ((440825.0168 4476676.965 0,440824.1834 4476663.7983 0))",2334766,Verde,Línea,2
"MULTILINESTRING Z ((440767.9477 4476770.013 0,440753.5727 4476691.888 0))",2334770,Verde,Línea,17
"MULTILINESTRING Z ((440318.0723 4477440.8353 0,440342.2946 4477439.0205 0))",2334772,Verde,Línea,5
"MULTILINESTRING Z ((440469.9612 4477438.5205 0,440471.739 4477456.1316 0))",2334777,Verde,Batería,7
"MULTILINESTRING Z ((440471.8501 4477456.2427 0,440472.6279 4477463.9094 0))",2334778,Verde,Batería,3
"MULTILINESTRING Z ((440604.1834 4477535.7242 0,440596.4057 4477433.0205 0))",2334780,Verde,Línea,22
"MULTILINESTRING Z ((440605.1834 4477428.3538 0,440608.0168 4477466.6872 0))",2334782,Verde,Batería,14
"MULTILINESTRING Z ((440474.4057 4477481.965 0,440476.0168 4477497.965 0))",2334786,Verde,Batería,6
"MULTILINESTRING Z ((440880.6834 4477456.1316 0,440878.9612 4477431.5205 0))",2334796,Verde,Línea,5
"MULTILINESTRING Z ((441011.06 4477504.8724 0,441010.3439 4477492.3045 0))",2334801,Verde,Línea,2
"MULTILINESTRING Z ((440305.6773 4477359.9094 0,440305.7513 4477364.4032 0))",2334805,Verde,Línea,1
"MULTILINESTRING Z ((440305.0353 4477343.6872 0,440304.5168 4477328.0946 0))",2334806,Verde,Línea,3
"MULTILINESTRING Z ((440308.2452 4477199.0452 0,440327.1341 4477197.8106 0))",2334811,Verde,Línea,4
"MULTILINESTRING Z ((440363.2575 4477183.6378 0,440378.5662 4477182.4773 0))",2334817,Verde,Línea,3
"MULTILINESTRING Z ((440307.1176 4477190.4197 0,440322.4921 4477189.3168 0))",2334820,Verde,Línea,3
"MULTILINESTRING Z ((440497.8871 4477176.9464 0,440528.4797 4477174.7242 0))",2334823,Verde,Línea,6
"MULTILINESTRING Z ((440537.1464 4477174.1316 0,440542.8131 4477173.7242 0))",2334824,Verde,Línea,1
"MULTILINESTRING Z ((440554.2447 4477172.8074 0,440548.578 4477173.2241 0))",2334825,Verde,Línea,1
"MULTILINESTRING Z ((440573.6279 4477125.7613 0,440572.776 4477114.3168 0))",2334828,Verde,Línea,2
"MULTILINESTRING Z ((440583.4113 4477129.8908 0,440582.9113 4477124.4741 0))",2334829,Verde,Batería,2
"MULTILINESTRING Z ((440585.7447 4477163.4741 0,440583.4113 4477130.7241 0))",2334830,Verde,Batería,12
"MULTILINESTRING Z ((440610.6402 4477168.9464 0,440621.0353 4477168.181 0))",2334832,Verde,Línea,2
"MULTILINESTRING Z ((440594.7884 4477179.1111 0,440612.6814 4477177.8929 0))",2334834,Verde,Línea,3
"MULTILINESTRING Z ((440581.6032 4477230.7983 0,440581.1588 4477224.6748 0))",2334842,Verde,Línea,1
"MULTILINESTRING Z ((440580.8131 4477219.7983 0,440579.4797 4477201.3538 0))",2334843,Verde,Línea,3
"MULTILINESTRING Z ((440596.1834 4477308.8724 0,440597.5908 4477327.8353 0))",2334846,Verde,Batería,7
"MULTILINESTRING Z ((440588.7472 4477330.4855 0,440587.1505 4477309.1687 0))",2334847,Verde,Línea,4
"MULTILINESTRING Z ((440598.5168 4477338.965 0,440600.4612 4477366.2427 0))",2334849,Verde,Batería,10
"MULTILINESTRING Z ((440592.097 4477375.0452 0,440590.6155 4477355.3909 0))",2334852,Verde,Línea,4
"MULTILINESTRING Z ((440610.8131 4477409.4897 0,440629.7513 4477408.0329 0))",2334857,Verde,Batería,7
"MULTILINESTRING Z ((440658.1958 4477405.8847 0,440649.702 4477406.5267 0))",2334858,Verde,Batería,3
"MULTILINESTRING Z ((440666.3192 4477405.2674 0,440728.7637 4477400.3292 0))",2334859,Verde,Batería,22
"MULTILINESTRING Z ((440737.739 4477296.8353 0,440739.1464 4477316.7983 0))",2334866,Verde,Línea,4
"MULTILINESTRING Z ((440729.7678 4477312.0493 0,440731.8871 4477341.6501 0))",2334868,Verde,Línea,6
"MULTILINESTRING Z ((440734.6402 4477253.4156 0,440731.2493 4477205.3827 0))",2334873,Verde,Línea,10
"MULTILINESTRING Z ((440619.3069 4477177.4156 0,440630.5415 4477176.6501 0))",2334875,Verde,Línea,2
"MULTILINESTRING Z ((440710.4947 4477161.8074 0,440689.4113 4477163.3908 0))",2334877,Verde,Línea,4
"MULTILINESTRING Z ((440718.6613 4477151.5574 0,440716.9947 4477131.7241 0))",2334879,Verde,Línea,4
"MULTILINESTRING Z ((440724.5723 4477110.7427 0,440725.5723 4477124.7427 0))",2334880,Verde,Línea,3
"MULTILINESTRING Z ((440725.6279 4477125.465 0,440726.9057 4477143.0205 0))",2334881,Verde,Línea,4
"MULTILINESTRING Z ((440731.4797 4477169.3909 0,440774.776 4477166.2798 0))",2334883,Verde,Línea,9
"MULTILINESTRING Z ((440811.3069 4477154.6255 0,440824.8871 4477153.6378 0))",2334885,Verde,Línea,2
"MULTILINESTRING Z ((440849.0353 4477131.0205 0,440849.8501 4477141.8353 0))",2334889,Verde,Línea,2
"MULTILINESTRING Z ((440847.9242 4477115.7242 0,440848.9983 4477130.7242 0))",2334890,Verde,Línea,3
"MULTILINESTRING Z ((440857.0168 4477115.3538 0,440858.0723 4477130.0761 0))",2334891,Verde,Línea,3
"MULTILINESTRING Z ((440858.0476 4477130.2551 0,440858.8625 4477141.3662 0))",2334892,Verde,Línea,2
"MULTILINESTRING Z ((440927.2822 4477155.539 0,440952.8131 4477153.7366 0))",2334903,Verde,Línea,5
"MULTILINESTRING Z ((440858.418 4477263.8106 0,440856.1217 4477231.465 0))",2334907,Verde,Línea,6
"MULTILINESTRING Z ((440867.5723 4477263.0761 0,440866.4057 4477246.9094 0))",2334908,Verde,Línea,3
"MULTILINESTRING Z ((440852.5662 4477271.6131 0,440834.418 4477272.9464 0))",2334909,Verde,Línea,4
"MULTILINESTRING Z ((440782.2205 4477276.7983 0,440829.9736 4477273.2674 0))",2334910,Verde,Línea,10
"MULTILINESTRING Z ((440788.2946 4477284.9218 0,440819.3563 4477282.6255 0))",2334911,Verde,Línea,7
"MULTILINESTRING Z ((440852.9777 4477280.1645 0,440838.6073 4477281.218 0))",2334912,Verde,Línea,3
"MULTILINESTRING Z ((440869.8131 4477295.7613 0,440869.3686 4477290.0205 0))",2334913,Verde,Línea,1
"MULTILINESTRING Z ((440863.2946 4477332.0576 0,440865.0723 4477357.1316 0))",2334916,Verde,Línea,5
"MULTILINESTRING Z ((440866.8131 4477382.1563 0,440865.7513 4477366.9464 0))",2334918,Verde,Línea,3
"MULTILINESTRING Z ((440754.4057 4477398.3538 0,440771.5538 4477397.0576 0))",2334921,Verde,Batería,6
"MULTILINESTRING Z ((440924.9612 4477330.6501 0,440968.8131 4477328.1687 0))",2334925,Verde,Línea,10
"MULTILINESTRING Z ((441000.0559 4477317.7119 0,440997.8995 4477284.609 0))",2334927,Verde,Línea,7
"MULTILINESTRING Z ((441002.0476 4477350.3538 0,441000.3933 4477323.465 0))",2334928,Verde,Línea,6
"MULTILINESTRING Z ((440994.3439 4477374.7242 0,440992.7637 4477346.4526 0))",2334929,Verde,Línea,6
"MULTILINESTRING Z ((441003.1588 4477369.4403 0,441004.3933 4477390.7489 0))",2334931,Verde,Línea,5
"MULTILINESTRING Z ((440998.1834 4477193.4094 0,441013.3501 4477192.2427 0))",2334948,Verde,Línea,3
"MULTILINESTRING Z ((440991.0024 4477196.0493 0,440992.6155 4477215.6049 0))",2334949,Verde,Línea,4
"MULTILINESTRING Z ((440878.9612 4477431.5205 0,440877.239 4477407.2983 0))",2334959,Verde,Línea,5
"MULTILINESTRING Z ((440526.0476 4476947.1687 0,440529.1341 4476937.6378 0))",2334963,Verde,Línea,2
"MULTILINESTRING Z ((440329.9983 4477075.8353 0,440335.7267 4477075.4403 0))",2334964,Verde,Línea,1
"MULTILINESTRING Z ((440410.3933 4477070.0082 0,440425.1917 4477068.9218 0))",2334967,Verde,Línea,3
"MULTILINESTRING Z ((440425.5044 4477068.9053 0,440430.4921 4477068.5432 0))",2334968,Verde,Línea,1
"MULTILINESTRING Z ((440564.4511 4476826.8386 0,440571.6307 4476804.1681 0))",2334975,Verde,Línea,5
"MULTILINESTRING Z ((440572.739 4477114.2057 0,440569.6279 4477070.2551 0))",2334979,Verde,Línea,10
"MULTILINESTRING Z ((440739.5723 4477026.1316 0,440772.8501 4477023.6872 0))",2334994,Verde,Línea,7
"MULTILINESTRING Z ((440840.5723 4477012.1872 0,440839.9612 4477003.4094 0))",2334996,Verde,Línea,1
"MULTILINESTRING Z ((440849.2946 4477007.465 0,440849.6279 4477011.9094 0))",2334997,Verde,Línea,1
"MULTILINESTRING Z ((440833.6613 4476912.6408 0,440837.4113 4476967.7241 0))",2335001,Verde,Línea,12
"MULTILINESTRING Z ((440862.0723 4477017.3168 0,440873.0353 4477016.539 0))",2335002,Verde,Línea,2
"MULTILINESTRING Z ((440890.776 4477015.2057 0,440877.9983 4477016.1316 0))",2335003,Verde,Línea,2
"MULTILINESTRING Z ((440969.903 4476903.5382 0,440970.5409 4476912.3826 0))",2335011,Verde,Línea,2
"MULTILINESTRING Z ((440970.9612 4476917.965 0,440971.739 4476928.7983 0))",2335012,Verde,Línea,2
"MULTILINESTRING Z ((440972.9947 4476946.4741 0,440972.2447 4476935.6408 0))",2335013,Verde,Línea,2
"MULTILINESTRING Z ((441031.5168 4476889.3168 0,441041.4427 4476888.6131 0))",2335020,Verde,Línea,2
"MULTILINESTRING Z ((440953.9983 4476806.7613 0,440955.2575 4476824.1687 0))",2335027,Verde,Línea,4
"MULTILINESTRING Z ((440958.5908 4476871.3168 0,440957.2946 4476852.7983 0))",2335029,Verde,Línea,4
"MULTILINESTRING Z ((440836.9113 4476834.5574 0,440837.828 4476846.6408 0))",2335039,Verde,Línea,2
"MULTILINESTRING Z ((440716.9947 4477131.3074 0,440715.2447 4477106.3074 0))",2335044,Verde,Línea,5
"MULTILINESTRING Z ((441248.3501 4476859.1872 0,441246.4612 4476834.1316 0))",2335046,Verde,Batería,9
"MULTILINESTRING Z ((441064.3501 4477109.0761 0,441063.2946 4477093.3538 0))",2335047,Verde,Línea,3
"MULTILINESTRING Z ((441085.2197 4476953.9864 0,441086.2679 4476966.0886 0,441077.3104 4476972.092 0))",2335054,Verde,Batería,8
"MULTILINESTRING Z ((441111.6279 4476928.465 0,441112.1834 4476939.4094 0))",2335056,Verde,Línea,2
"MULTILINESTRING Z ((441110.2205 4476910.9711 0,441110.5415 4476915.218 0))",2335058,Verde,Línea,1
"MULTILINESTRING Z ((441162.1953 4476960.5605 0,441166.6644 4476960.2148 0,441169.2817 4476959.8939 0,441174.6891 4476958.8815 0,441177.6768 4476958.2148 0,441183.8249 4476957.1778 0,441195.9237 4476955.1284 0,441198.1212 4476954.7827 0,441200.3434 4476954.6099 0,441209.8084 4476953.5893 0))",2335070,Verde,Línea,10
"MULTILINESTRING Z ((441252.6834 4476916.965 0,441251.9612 4476907.5205 0))",2335073,Verde,Batería,3
"MULTILINESTRING Z ((441249.489 4476876.2427 0,441251.1557 4476897.8261 0))",2335074,Verde,Batería,8
"MULTILINESTRING Z ((440587.3501 4476755.5761 0,440596.8501 4476726.465 0))",2335075,Verde,Línea,6
"MULTILINESTRING Z ((440907.4057 4476766.2983 0,440857.6834 4476769.9094 0))",2335077,Verde,Línea,11
"MULTILINESTRING Z ((440943.8501 4476763.7427 0,440924.2946 4476765.1316 0))",2335078,Verde,Línea,4
"MULTILINESTRING Z ((440952.239 4476782.0205 0,440954.0168 4476806.465 0))",2335083,Verde,Línea,5
"MULTILINESTRING Z ((440969.2205 4476770.9835 0,440978.2946 4476770.2798 0))",2335085,Verde,Línea,2
"MULTILINESTRING Z ((440954.4427 4476687.0576 0,440955.2575 4476698.8724 0))",2335093,Verde,Línea,2
"MULTILINESTRING Z ((441230.6155 4476632.5514 0,441231.9983 4476653.6872 0))",2335097,Verde,Línea,4
"MULTILINESTRING Z ((441274.097 4476739.8518 0,441280.9228 4476739.358 0))",2335099,Verde,Batería,2
"MULTILINESTRING Z ((441107.0723 4476745.2983 0,441104.5723 4476711.1872 0))",2335108,Verde,Batería,13
"MULTILINESTRING Z ((441097.8227 4476744.2214 0,441095.906 4476718.888 0))",2335109,Verde,Línea,5
"MULTILINESTRING Z ((441229.1258 4476695.7036 0,441221.4221 4476696.3292 0))",2335116,Verde,Línea,1
"MULTILINESTRING Z ((441243.8858 4476688.1426 0,441243.4907 4476683.2811 0))",2335118,Verde,Línea,1
"MULTILINESTRING Z ((441162.2452 4476694.3045 0,441156.6485 4476694.7489 0))",2335127,Verde,Línea,1
"MULTILINESTRING Z ((441132.097 4476696.6995 0,441142.0229 4476695.9341 0))",2335129,Verde,Línea,2
"MULTILINESTRING Z ((441119.4057 4476697.7119 0,441128.3933 4476696.9958 0))",2335130,Verde,Línea,2
"MULTILINESTRING Z ((441591.156 4477133.7118 0,441602.156 4477143.7951 0))",2335137,Azul,Línea,3
"MULTILINESTRING Z ((441819.8227 4477026.7951 0,441820.2394 4477031.4618 0))",2335138,Azul,Línea,1
"MULTILINESTRING Z ((442130.2341 4476779.0424 0,442142.4008 4476787.7924 0))",2335139,Azul,Línea,3
"MULTILINESTRING Z ((441741.8223 4476510.0761 0,441755.1557 4476517.0761 0))",2335151,Verde,Línea,3
"MULTILINESTRING Z ((441435.8501 4477378.2798 0,441443.8501 4477377.8353 0))",2335152,Verde,Línea,1
"MULTILINESTRING Z ((441771.656 4477164.6284 0,441758.0727 4477170.7951 0))",2335153,Verde,Línea,3
"MULTILINESTRING Z ((441841.489 4477083.9094 0,441842.4057 4477098.9927 0))",2335154,Verde,Línea,3
"MULTILINESTRING Z ((441894.8227 4477153.0451 0,441909.3227 4477156.8784 0))",2335155,Verde,Línea,3
"MULTILINESTRING Z ((440314.4674 4477448.9218 0,440314.8378 4477460.0576 0))",2335158,Verde,Línea,2
"MULTILINESTRING Z ((441014.8131 4477517.9464 0,441013.9983 4477504.6131 0))",2335161,Verde,Línea,3
"MULTILINESTRING Z ((440838.2946 4477281.2345 0,440819.4139 4477282.6337 0))",2335165,Verde,Línea,4
"MULTILINESTRING Z ((440389.9583 4477052.0233 0,440404.703 4477050.8908 0))",2335169,Verde,Línea,3
"MULTILINESTRING Z ((440847.5168 4476939.502 0,440848.8131 4476958.6872 0))",2335173,Verde,Línea,3
"MULTILINESTRING Z ((440729.0723 4477022.0761 0,440739.1834 4477021.2427 0))",2335177,Verde,Línea,2
"MULTILINESTRING Z ((441530.8223 4476577.9927 0,441508.5723 4476565.9927 0))",2335179,Verde,Línea,5
"MULTILINESTRING Z ((442591.4797 4475969.7366 0,442595.7267 4475969.4156 0))",2335190,Azul,Línea,1
"MULTILINESTRING Z ((442567.1834 4475997.2674 0,442561.6773 4475997.6378 0))",2335192,Azul,Línea,1
"MULTILINESTRING Z ((442678.8871 4475702.539 0,442699.8871 4475701.0205 0))",2335212,Azul,Línea,4
"MULTILINESTRING Z ((442609.9983 4475707.2427 0,442661.2205 4475703.7242 0))",2335213,Azul,Línea,11
"MULTILINESTRING Z ((442819.8501 4475692.2427 0,442844.2946 4475690.502 0))",2335222,Azul,Línea,5
"MULTILINESTRING Z ((441641.5723 4476298.6872 0,441641.8501 4476289.2983 0))",2335238,Azul,Línea,2
"MULTILINESTRING Z ((441605.4612 4475835.965 0,441599.239 4475806.1872 0))",2335257,Azul,Línea,6
"MULTILINESTRING Z ((441599.0723 4475805.1872 0,441596.9612 4475794.6872 0))",2335258,Azul,Línea,2
"MULTILINESTRING Z ((442005.3563 4476037.5884 0,441995.8007 4476038.2304 0))",2335264,Azul,Línea,1
"MULTILINESTRING Z ((441949.2328 4476041.3168 0,441992.2946 4476038.4526 0))",2335265,Azul,Línea,9
"MULTILINESTRING Z ((442096.6155 4476005.0699 0,442127.5538 4476002.8971 0))",2335273,Azul,Línea,7
"MULTILINESTRING Z ((442233.8501 4476021.4403 0,442218.418 4476022.5761 0))",2335278,Azul,Línea,3
"MULTILINESTRING Z ((442232.1382 4475995.4567 0,442218.0147 4475996.4444 0))",2335279,Azul,Línea,3
"MULTILINESTRING Z ((442208.5168 4475997.1193 0,442217.6197 4475996.4773 0))",2335280,Azul,Línea,2
"MULTILINESTRING Z ((442189.3069 4475998.4691 0,442203.4962 4475997.465 0))",2335281,Azul,Línea,3
"MULTILINESTRING Z ((442184.9057 4475998.7983 0,442154.5723 4476000.8538 0))",2335282,Azul,Línea,6
"MULTILINESTRING Z ((442024.989 4475856.9927 0,442022.0723 4475817.1594 0))",2335285,Azul,Línea,7
"MULTILINESTRING Z ((442019.4057 4475779.0205 0,442020.5168 4475794.5205 0))",2335295,Azul,Línea,3
"MULTILINESTRING Z ((441971.739 4475737.7427 0,441981.4057 4475737.2427 0))",2335299,Azul,Línea,2
"MULTILINESTRING Z ((441882.9733 4475758.9537 0,441849.5567 4475761.2037 0))",2335304,Azul,Línea,7
"MULTILINESTRING Z ((441990.14 4475650.7037 0,441993.4733 4475700.9537 0,441994.4733 4475714.037 0))",2335305,Azul,Línea,13
"MULTILINESTRING Z ((442213.989 4475735.9927 0,442161.489 4475739.8261 0))",2335312,Azul,Línea,11
"MULTILINESTRING Z ((442084.2341 4476691.7924 0,442087.3174 4476700.7924 0,442089.9841 4476704.9591 0,442093.6508 4476709.6257 0,442098.1508 4476712.8757 0,442102.9008 4476715.2091 0,442103.5674 4476715.5424 0))",2335318,Azul,Línea,6
"MULTILINESTRING Z ((442408.0629 4476360.7005 0,442438.5629 4476358.4505 0))",2335322,Verde,Batería,11
"MULTILINESTRING Z ((442517.489 4476300.3261 0,442517.9057 4476305.7427 0))",2335336,Verde,Línea,1
"MULTILINESTRING Z ((442517.0723 4476295.1594 0,442516.239 4476282.9094 0))",2335338,Verde,Línea,2
"MULTILINESTRING Z ((442515.989 4476277.2427 0,442514.239 4476249.5761 0))",2335339,Verde,Línea,5
"MULTILINESTRING Z ((442636.7303 4476292.6114 0,442636.3917 4476286.942 0))",2335341,Verde,Batería,2
"MULTILINESTRING Z ((442634.9612 4476264.465 0,442635.9057 4476278.7427 0))",2335342,Verde,Batería,5
"MULTILINESTRING Z ((442626.4057 4476264.9835 0,442625.5908 4476252.9835 0))",2335344,Verde,Línea,2
"MULTILINESTRING Z ((442570.739 4476107.0761 0,442550.3223 4476108.5761 0))",2335349,Verde,Línea,4
"MULTILINESTRING Z ((442434.239 4476117.1594 0,442391.6557 4476120.1594 0))",2335357,Verde,Línea,9
"MULTILINESTRING Z ((442814.0229 4476091.7119 0,442842.6155 4476089.5143 0))",2335375,Verde,Línea,6
"MULTILINESTRING Z ((442875.2345 4476007.9774 0,442873.0988 4475981.5492 0))",2335380,Verde,Batería,10
"MULTILINESTRING Z ((442586.0723 4475846.4279 0,442555.4057 4475848.6872 0))",2335387,Verde,Línea,6
"MULTILINESTRING Z ((442616.8871 4475844.2057 0,442647.2205 4475841.9835 0))",2335400,Verde,Línea,6
"MULTILINESTRING Z ((442829.776 4475819.4279 0,442824.5538 4475819.7983 0))",2335410,Verde,Línea,1
"MULTILINESTRING Z ((442868.2456 4475789.8895 0,442865.4946 4475752.898 0))",2335411,Verde,Línea,8
"MULTILINESTRING Z ((442865.4654 4475752.0493 0,442864.2362 4475734.929 0))",2335412,Verde,Línea,4
"MULTILINESTRING Z ((442864.324 4475734.2266 0,442863.0949 4475719.0379 0))",2335413,Verde,Línea,4
"MULTILINESTRING Z ((442951.114 4475810.714 0,442964.6726 4475809.7845 0))",2335416,Verde,Línea,3
"MULTILINESTRING Z ((442965.3917 4475809.8587 0,442969.975 4475809.442 0))",2335417,Verde,Línea,1
"MULTILINESTRING Z ((442980.725 4475808.6087 0,442975.3084 4475809.0254 0))",2335418,Verde,Línea,1
"MULTILINESTRING Z ((443005.2205 4475806.9835 0,443019.9983 4475805.9094 0))",2335424,Verde,Línea,3
"MULTILINESTRING Z ((443033.3223 4475814.2427 0,443009.0723 4475815.8261 0))",2335426,Verde,Batería,10
"MULTILINESTRING Z ((442854.7197 4475729.2727 0,442852.8031 4475701.7727 0))",2335429,Verde,Batería,10
"MULTILINESTRING Z ((442855.3864 4475741.106 0,442854.7197 4475730.0227 0))",2335430,Verde,Batería,4
"MULTILINESTRING Z ((442856.9697 4475764.1894 0,442855.3864 4475742.0227 0))",2335431,Verde,Batería,8
"MULTILINESTRING Z ((442862.239 4475836.5761 0,442863.3223 4475851.5761 0))",2335436,Verde,Batería,5
"MULTILINESTRING Z ((442875.3084 4475888.1087 0,442877.6417 4475922.692 0))",2335438,Verde,Línea,7
"MULTILINESTRING Z ((442364.7017 4475588.81 0,442380.6124 4475587.6208 0))",2335446,Verde,Línea,3
"MULTILINESTRING Z ((442843.8382 4475576.603 0,442844.0138 4475579.5295 0))",2335457,Verde,Batería,1
"MULTILINESTRING Z ((442850.1464 4475662.6501 0,442848.9612 4475646.9835 0))",2335458,Verde,Batería,5
"MULTILINESTRING Z ((442932.2197 4475597.7727 0,442922.9697 4475598.5227 0))",2335465,Verde,Línea,2
"MULTILINESTRING Z ((442958.6683 4475595.7632 0,442963.975 4475595.334 0))",2335490,Verde,Línea,1
"MULTILINESTRING Z ((441882.739 4476450.0761 0,441885.1557 4476482.8261 0))",2335495,Verde,Batería,10
"MULTILINESTRING Z ((442165.0723 4476423.7427 0,442166.4057 4476441.8261 0))",2335510,Verde,Línea,4
"MULTILINESTRING Z ((442168.4008 4476352.0424 0,442167.2341 4476337.0424 0))",2335518,Verde,Línea,3
"MULTILINESTRING Z ((441865.4612 4476334.465 0,441866.6279 4476349.3538 0))",2335520,Verde,Línea,3
"MULTILINESTRING Z ((441854.8174 4476401.6257 0,441842.9841 4476402.2924 0))",2335523,Verde,Línea,2
"MULTILINESTRING Z ((441871.2287 4476290.7897 0,441872.2341 4476304.9591 0))",2335526,Verde,Batería,5
"MULTILINESTRING Z ((441963.0723 4476372.0205 0,441960.9057 4476342.5205 0))",2335530,Verde,Línea,6
"MULTILINESTRING Z ((441950.3316 4476197.5761 0,441948.2575 4476170.8724 0))",2335533,Verde,Línea,5
"MULTILINESTRING Z ((441947.4057 4476159.6501 0,441947.739 4476163.9835 0))",2335534,Verde,Línea,1
"MULTILINESTRING Z ((441981.1454 4476149.2897 0,441987.1454 4476148.873 0))",2335536,Verde,Batería,2
"MULTILINESTRING Z ((442017.1464 4476146.7613 0,441992.2946 4476148.539 0))",2335537,Verde,Batería,9
"MULTILINESTRING Z ((441943.312 4476226.5397 0,441942.7287 4476217.123 0))",2335539,Verde,Batería,3
"MULTILINESTRING Z ((441868.739 4476253.0205 0,441867.9612 4476244.2427 0))",2335541,Verde,Batería,3
"MULTILINESTRING Z ((441867.3501 4476235.5761 0,441865.739 4476212.7983 0))",2335542,Verde,Batería,8
"MULTILINESTRING Z ((441862.239 4476165.7427 0,441864.9612 4476202.965 0))",2335543,Verde,Batería,13
"MULTILINESTRING Z ((441859.6279 4476253.5205 0,441856.739 4476212.3538 0))",2335545,Verde,Línea,8
"MULTILINESTRING Z ((441851.6557 4476143.4927 0,441850.6557 4476129.7427 0))",2335548,Verde,Línea,3
"MULTILINESTRING Z ((441850.6557 4476129.0761 0,441849.989 4476119.8261 0))",2335549,Verde,Línea,2
"MULTILINESTRING Z ((441943.239 4476112.0761 0,441943.8501 4476120.0205 0))",2335554,Verde,Línea,2
"MULTILINESTRING Z ((442054.8954 4476143.7064 0,442070.2287 4476142.7897 0))",2335559,Verde,Línea,3
"MULTILINESTRING Z ((442160.1834 4476128.3538 0,442177.8501 4476126.9835 0))",2335560,Verde,Batería,6
"MULTILINESTRING Z ((442146.6557 4476167.7427 0,442145.489 4476149.3261 0))",2335567,Verde,Batería,7
"MULTILINESTRING Z ((442154.1834 4476283.8538 0,442154.739 4476292.4094 0))",2335570,Verde,Batería,3
"MULTILINESTRING Z ((442158.4057 4476341.0946 0,442159.2205 4476351.7613 0))",2335573,Verde,Batería,4
"MULTILINESTRING Z ((442086.2341 4476394.2091 0,442121.7341 4476391.5424 0))",2335578,Verde,Línea,7
"MULTILINESTRING Z ((442271.0723 4476275.2427 0,442273.4057 4476313.1594 0))",2335588,Verde,Batería,14
"MULTILINESTRING Z ((442264.4057 4476310.5205 0,442263.1834 4476293.965 0))",2335589,Verde,Línea,3
"MULTILINESTRING Z ((442265.4787 4476194.2897 0,442264.062 4476174.873 0))",2335592,Verde,Batería,7
"MULTILINESTRING Z ((441831.562 4475855.5397 0,441831.6454 4475860.7897 0))",2335603,Verde,Línea,1
"MULTILINESTRING Z ((441828.239 4475810.5205 0,441830.1279 4475838.5205 0))",2335604,Verde,Línea,6
"MULTILINESTRING Z ((441827.0723 4475795.7427 0,441828.1279 4475810.0205 0))",2335605,Verde,Línea,3
"MULTILINESTRING Z ((441912.1454 4475885.623 0,441901.3954 4475886.373 0))",2335611,Verde,Línea,2
"MULTILINESTRING Z ((441918.562 4475877.2897 0,441916.2287 4475849.2897 0))",2335612,Verde,Batería,10
"MULTILINESTRING Z ((441919.6834 4475768.5205 0,441923.239 4475816.7983 0))",2335616,Verde,Línea,10
"MULTILINESTRING Z ((441977.7946 4475880.6316 0,441961.6279 4475881.6316 0))",2335619,Verde,Línea,3
"MULTILINESTRING Z ((441998.6834 4475879.2983 0,441983.1279 4475880.2427 0))",2335620,Verde,Línea,3
"MULTILINESTRING Z ((441912.2946 4475894.3538 0,441897.7946 4475895.465 0))",2335623,Verde,Batería,5
"MULTILINESTRING Z ((441850.9057 4475898.7983 0,441884.5168 4475896.2983 0))",2335624,Verde,Batería,12
"MULTILINESTRING Z ((441848.8223 4475971.4927 0,441851.6557 4476014.6594 0))",2335627,Verde,Batería,15
"MULTILINESTRING Z ((441839.9057 4475979.2983 0,441841.4057 4475998.5205 0))",2335629,Verde,Línea,4
"MULTILINESTRING Z ((441927.739 4476008.1594 0,441926.6557 4475992.6594 0))",2335631,Verde,Batería,6
"MULTILINESTRING Z ((441925.4612 4475976.4094 0,441925.9057 4475982.7983 0))",2335632,Verde,Batería,2
"MULTILINESTRING Z ((442037.4057 4475875.8538 0,442047.0723 4475875.1316 0))",2335638,Verde,Línea,2
"MULTILINESTRING Z ((442124.2512 4475842.5754 0,442125.5845 4475861.3254 0))",2335639,Verde,Batería,7
"MULTILINESTRING Z ((442131.1279 4475812.4094 0,442128.7946 4475781.9094 0))",2335643,Verde,Línea,6
"MULTILINESTRING Z ((442183.776 4475865.6501 0,442198.4427 4475864.6131 0))",2335646,Verde,Línea,3
"MULTILINESTRING Z ((442199.1094 4475864.5761 0,442213.702 4475863.539 0))",2335647,Verde,Línea,3
"MULTILINESTRING Z ((442202.562 4475873.373 0,442205.4787 4475873.2064 0))",2335649,Verde,Batería,1
"MULTILINESTRING Z ((442174.562 4475875.2897 0,442197.562 4475873.623 0))",2335650,Verde,Batería,8
"MULTILINESTRING Z ((442136.2946 4475885.2427 0,442138.7946 4475919.8538 0))",2335652,Verde,Línea,7
"MULTILINESTRING Z ((442127.5723 4475885.6872 0,442129.5723 4475914.1872 0))",2335653,Verde,Batería,11
"MULTILINESTRING Z ((442130.739 4475932.2057 0,442130.9242 4475934.8353 0))",2335654,Verde,Batería,1
"MULTILINESTRING Z ((442139.562 4475929.5397 0,442141.7287 4475960.623 0))",2335655,Verde,Línea,6
"MULTILINESTRING Z ((442131.0168 4475936.1316 0,442135.0723 4475993.3538 0))",2335656,Verde,Batería,21
"MULTILINESTRING Z ((442149.739 4476079.0946 0,442151.5908 4476108.6872 0,442151.776 4476110.3538 0,442152.4797 4476122.8724 0))",2335660,Verde,Línea,9
"MULTILINESTRING Z ((442224.1454 4475871.873 0,442218.562 4475872.373 0))",2335662,Verde,Batería,2
"MULTILINESTRING Z ((441849.989 4476118.9094 0,441846.989 4476079.2427 0))",2335664,Verde,Línea,8
"MULTILINESTRING Z ((441939.4612 4476056.5761 0,441941.6279 4476088.5761 0))",2335666,Verde,Línea,6
"MULTILINESTRING Z ((441942.1279 4476096.0205 0,441943.1834 4476111.3538 0))",2335667,Verde,Línea,3
"MULTILINESTRING Z ((442241.1094 4475853.2798 0,442240.6649 4475847.3909 0))",2335671,Verde,Batería,2
"MULTILINESTRING Z ((442250.7287 4475861.4564 0,442258.6454 4475861.0397 0))",2335675,Verde,Línea,1
"MULTILINESTRING Z ((442300.3501 4475857.965 0,442284.5723 4475859.0761 0))",2335678,Verde,Línea,3
"MULTILINESTRING Z ((442318.9057 4475856.5205 0,442307.5168 4475857.465 0))",2335679,Verde,Línea,2
"MULTILINESTRING Z ((442332.6279 4475855.6316 0,442326.3501 4475856.0205 0))",2335680,Verde,Línea,1
"MULTILINESTRING Z ((442245.6557 4476039.6594 0,442244.9057 4476030.2427 0))",2335686,Verde,Línea,2
"MULTILINESTRING Z ((442246.3501 4476051.7983 0,442246.739 4476057.0205 0))",2335687,Verde,Línea,1
"MULTILINESTRING Z ((442250.8501 4476114.0761 0,442247.6834 4476070.465 0,442247.239 4476065.4094 0))",2335688,Verde,Línea,10
"MULTILINESTRING Z ((442258.0723 4476086.0205 0,442258.9057 4476097.465 0))",2335689,Verde,Batería,4
"MULTILINESTRING Z ((441816.4057 4475695.9927 0,441818.8223 4475714.5761 0))",2335694,Verde,Línea,4
"MULTILINESTRING Z ((441898.4733 4475633.9537 0,441902.0567 4475673.4537 0))",2335699,Verde,Batería,14
"MULTILINESTRING Z ((441907.6557 4475633.5761 0,441908.5723 4475643.2427 0))",2335700,Verde,Línea,2
"MULTILINESTRING Z ((441916.89 4475620.7315 0,441929.5567 4475619.8426 0))",2335701,Verde,Línea,2
"MULTILINESTRING Z ((441933.5196 4475619.6018 0,441941.7048 4475619.0092 0))",2335702,Verde,Línea,2
"MULTILINESTRING Z ((441976.5567 4475616.4166 0,441947.9641 4475618.5277 0))",2335703,Verde,Línea,6
"MULTILINESTRING Z ((441907.64 4475730.2037 0,441903.0567 4475683.1203 0))",2335705,Verde,Batería,17
"MULTILINESTRING Z ((442113.3074 4475692.7141 0,442115.0217 4475715.5278 0))",2335706,Verde,Batería,8
"MULTILINESTRING Z ((442112.3067 4475679.9537 0,442110.14 4475650.1203 0))",2335708,Verde,Batería,11
"MULTILINESTRING Z ((442109.4612 4475641.7427 0,442108.9057 4475633.5205 0))",2335710,Verde,Batería,3
"MULTILINESTRING Z ((442107.5723 4475615.8538 0,442107.9057 4475621.2427 0))",2335711,Verde,Batería,2
"MULTILINESTRING Z ((442214.8345 4475608.3254 0,442216.5012 4475633.242 0))",2335715,Verde,Línea,5
"MULTILINESTRING Z ((442280.5567 4475594.4537 0,442291.4456 4475593.787 0))",2335717,Verde,Línea,2
"MULTILINESTRING Z ((442228.5723 4475676.965 0,442228.0723 4475671.3538 0))",2335726,Verde,Batería,2
"MULTILINESTRING Z ((442227.8067 4475665.3703 0,442225.4733 4475632.3703 0))",2335727,Verde,Batería,12
"MULTILINESTRING Z ((441732.9841 4476410.1257 0,441721.9008 4476410.9591 0))",2335730,Verde,Línea,2
"MULTILINESTRING Z ((442276.6279 4476365.2057 0,442276.4057 4476361.3168 0))",2335732,Verde,Batería,1
"MULTILINESTRING Z ((442255.239 4476770.4927 0,442250.6557 4476746.4927 0,442244.489 4476712.0761 0))",2335734,Verde,Batería,23
"MULTILINESTRING Z ((442259.702 4476712.8724 0,442262.9612 4476730.3538 0))",2335735,Verde,Batería,7
"MULTILINESTRING Z ((442261.8227 4476806.1284 0,442256.7341 4476778.9591 0))",2335738,Verde,Batería,11
"MULTILINESTRING Z ((442130.6834 4476721.6316 0,442155.739 4476717.465 0))",2335742,Verde,Línea,5
"MULTILINESTRING Z ((442063.489 4476673.5761 0,442064.1557 4476683.4094 0))",2335743,Verde,Línea,1
"MULTILINESTRING Z ((441981.739 4476628.0761 0,441979.5723 4476598.6872 0))",2335746,Verde,Línea,6
"MULTILINESTRING Z ((441969.5723 4476584.0205 0,441972.0168 4476618.4094 0))",2335747,Verde,Línea,7
"MULTILINESTRING Z ((442207.4424 4476692.5007 0,442201.5674 4476688.1257 0,442196.6924 4476683.2507 0,442192.9008 4476678.7091 0,442189.1508 4476673.4591 0,442186.8174 4476669.2924 0,442184.6508 4476664.2924 0,442182.9008 4476659.4591 0,442181.2341 4476652.7924 0,442180.4841 4476643.5424 0,442179.3174 4476628.7091 0,442177.7341 4476606.5424 0,442176.1508 4476584.7924 0))",2335751,Verde,Línea,25
"MULTILINESTRING Z ((442192.1508 4476653.3757 0,442190.7341 4476646.5424 0,442189.5674 4476634.7924 0,442188.0674 4476609.3757 0))",2335753,Verde,Línea,9
"MULTILINESTRING Z ((442197.2583 4476666.1487 0,442199.3324 4476669.4832 0,442201.6624 4476672.6732 0,442204.2224 4476675.6932 0,442208.9424 4476680.2832 0,442212.8624 4476683.3332 0))",2335754,Verde,Línea,5
"MULTILINESTRING Z ((442223.4057 4476688.7427 0,442226.989 4476689.9094 0,442230.5723 4476690.6594 0,442235.739 4476691.2427 0,442239.8223 4476691.3261 0,442243.8223 4476691.1594 0,442246.8223 4476690.7427 0,442250.1557 4476690.0761 0,442252.989 4476689.4094 0,442256.739 4476688.0761 0,442264.8223 4476684.1594 0,442269.1557 4476681.1594 0))",2335755,Verde,Línea,11
"MULTILINESTRING Z ((442277.8223 4476672.4927 0,442274.4057 4476676.1594 0))",2335756,Verde,Línea,1
"MULTILINESTRING Z ((442285.4209 4476616.4119 0,442286.6614 4476634.4463 0,442287.2339 4476646.5646 0,442286.1843 4476655.1524 0,442283.8942 4476661.9272 0,442280.5545 4476668.3203 0))",2335757,Verde,Línea,10
"MULTILINESTRING Z ((442297.489 4476648.8261 0,442296.739 4476653.6594 0,442296.0723 4476656.3261 0,442294.1557 4476663.1594 0,442291.4057 4476668.6594 0,442289.3223 4476673.2427 0))",2335761,Verde,Línea,4
"MULTILINESTRING Z ((442161.5723 4476716.2983 0,442172.5723 4476714.2983 0))",2335771,Verde,Línea,2
"MULTILINESTRING Z ((442285.1557 4476610.9927 0,442284.1557 4476596.5761 0))",2335774,Verde,Línea,3
"MULTILINESTRING Z ((442773.725 4475985.2754 0,442760.1417 4475986.192 0))",2335787,Azul,Línea,3
"MULTILINESTRING Z ((442813.5168 4475695.3168 0,442798.4427 4475696.3168 0))",2335790,Azul,Línea,3
"MULTILINESTRING Z ((442612.6279 4476115.0761 0,442613.1279 4476122.0761 0))",2335792,Azul,Línea,2
"MULTILINESTRING Z ((442583.4057 4475998.3261 0,442596.989 4475997.4927 0))",2335793,Azul,Línea,3
"MULTILINESTRING Z ((442399.9057 4475981.4511 0,442383.9057 4475982.4511 0))",2335794,Azul,Línea,3
"MULTILINESTRING Z ((442072.6649 4476457.6501 0,442073.4057 4476467.5761 0))",2335797,Azul,Línea,2
"MULTILINESTRING Z ((442076.4057 4476511.0946 0,442077.1094 4476521.0576 0))",2335798,Azul,Línea,2
"MULTILINESTRING Z ((442037.1557 4475982.6594 0,442038.3223 4475998.4094 0))",2335808,Azul,Línea,3
"MULTILINESTRING Z ((441601.3316 4475646.1316 0,441615.3686 4475645.2057 0))",2335811,Azul,Línea,3
"MULTILINESTRING Z ((441664.8067 4475641.4537 0,441679.8067 4475640.4537 0))",2335812,Azul,Línea,3
"MULTILINESTRING Z ((442621.989 4476236.2427 0,442623.1557 4476249.2427 0))",2335822,Verde,Línea,3
"MULTILINESTRING Z ((442644.489 4476227.0761 0,442658.5723 4476226.1594 0))",2335824,Verde,Línea,3
"MULTILINESTRING Z ((442512.489 4476114.1594 0,442528.989 4476112.9094 0))",2335826,Verde,Línea,4
"MULTILINESTRING Z ((442488.8501 4475862.9835 0,442489.5538 4475872.9464 0))",2335829,Verde,Línea,2
"MULTILINESTRING Z ((442494.3917 4475856.0254 0,442508.8084 4475854.942 0))",2335830,Verde,Línea,3
"MULTILINESTRING Z ((442699.3917 4475841.692 0,442711.8917 4475840.692 0))",2335832,Verde,Línea,2
"MULTILINESTRING Z ((442746.725 4475822.6087 0,442760.725 4475821.5254 0))",2335833,Verde,Línea,3
"MULTILINESTRING Z ((442850.475 4475815.1087 0,442834.975 4475816.192 0))",2335834,Verde,Línea,3
"MULTILINESTRING Z ((442872.0588 4475806.7093 0,442870.9927 4475791.7429 0))",2335835,Verde,Línea,3
"MULTILINESTRING Z ((442879.3984 4475812.6958 0,442892.0276 4475811.7527 0))",2335836,Verde,Línea,3
"MULTILINESTRING Z ((442880.6557 4475922.2427 0,442881.739 4475936.2427 0))",2335838,Verde,Línea,3
"MULTILINESTRING Z ((442476.4057 4475691.5761 0,442475.1557 4475672.9094 0))",2335840,Verde,Línea,3
"MULTILINESTRING Z ((442455.3044 4475597.7689 0,442455.7965 4475606.3806 0))",2335841,Verde,Batería,3
"MULTILINESTRING Z ((442593.2197 4475575.0227 0,442608.1364 4475573.9394 0))",2335843,Verde,Línea,3
"MULTILINESTRING Z ((442728.9697 4475565.0227 0,442743.9697 4475564.0227 0))",2335844,Verde,Línea,3
"MULTILINESTRING Z ((442860.9179 4475555.1587 0,442874.3345 4475554.0754 0))",2335846,Verde,Línea,3
"MULTILINESTRING Z ((442974.7197 4475658.106 0,442973.8031 4475644.1894 0))",2335848,Verde,Línea,3
"MULTILINESTRING Z ((443104.5538 4475538.4279 0,443088.6649 4475539.539 0))",2335849,Verde,Línea,3
"MULTILINESTRING Z ((442842.9612 4475607.8724 0,442843.5538 4475616.3538 0))",2335853,Verde,Batería,3
"MULTILINESTRING Z ((443020.4944 4475803.627 0,443036.0804 4475802.1129 0))",2335854,Verde,Línea,3
"MULTILINESTRING Z ((442285.0674 4476441.1257 0,442283.9008 4476424.7091 0))",2335855,Verde,Batería,6
"MULTILINESTRING Z ((442290.0723 4476505.0761 0,442291.239 4476520.2983 0))",2335856,Verde,Batería,5
"MULTILINESTRING Z ((441944.4057 4476285.465 0,441945.2946 4476297.0761 0))",2335858,Verde,Batería,4
"MULTILINESTRING Z ((441899.4612 4476410.6872 0,441919.4057 4476409.0761 0))",2335860,Verde,Línea,4
"MULTILINESTRING Z ((441996.3174 4476403.4591 0,441981.4008 4476404.4591 0))",2335861,Verde,Línea,3
"MULTILINESTRING Z ((441966.739 4476384.5761 0,441965.8501 4476372.8538 0))",2335862,Verde,Línea,2
"MULTILINESTRING Z ((442070.6279 4476146.6131 0,442084.6279 4476145.6501 0))",2335866,Verde,Línea,3
"MULTILINESTRING Z ((442160.4797 4476140.3909 0,442168.4057 4476139.8724 0,442174.8501 4476139.3909 0))",2335867,Verde,Línea,3
"MULTILINESTRING Z ((442162.7287 4476232.4008 0,442161.7287 4476217.623 0))",2335868,Verde,Línea,3
"MULTILINESTRING Z ((442149.3501 4476268.5205 0,442150.5723 4476282.9094 0))",2335869,Verde,Batería,5
"MULTILINESTRING Z ((442075.4008 4476398.1257 0,442085.5674 4476397.3757 0))",2335870,Verde,Línea,2
"MULTILINESTRING Z ((442096.8131 4476239.7242 0,442112.1094 4476238.6131 0))",2335871,Verde,Línea,3
"MULTILINESTRING Z ((442263.6557 4476368.8261 0,442244.1557 4476370.5761 0))",2335874,Verde,Batería,7
"MULTILINESTRING Z ((442272.9787 4476261.7064 0,442273.8954 4476274.623 0))",2335876,Verde,Batería,5
"MULTILINESTRING Z ((442250.312 4476136.4564 0,442251.1454 4476150.5397 0))",2335878,Verde,Línea,3
"MULTILINESTRING Z ((441766.3316 4475892.9835 0,441776.6279 4475892.2057 0))",2335879,Verde,Línea,2
"MULTILINESTRING Z ((441830.1094 4475884.5761 0,441828.9242 4475868.0205 0))",2335880,Verde,Línea,3
"MULTILINESTRING Z ((441849.489 4475887.4094 0,441864.9057 4475885.9927 0))",2335881,Verde,Línea,3
"MULTILINESTRING Z ((441930.4057 4475877.1872 0,441929.4612 4475861.4094 0))",2335882,Verde,Línea,3
"MULTILINESTRING Z ((441932.0723 4475901.3261 0,441933.3223 4475915.7427 0))",2335883,Verde,Línea,3
"MULTILINESTRING Z ((442237.0723 4475957.7983 0,442235.9057 4475941.2427 0))",2335886,Verde,Línea,3
"MULTILINESTRING Z ((441886.9456 4475626.1203 0,441871.6678 4475627.1203 0))",2335890,Verde,Línea,3
"MULTILINESTRING Z ((441919.8067 4475730.9537 0,441918.4733 4475716.2037 0))",2335891,Verde,Línea,3
"MULTILINESTRING Z ((442017.5567 4475616.4166 0,442032.4085 4475615.3796 0))",2335892,Verde,Línea,3
"MULTILINESTRING Z ((442124.9612 4475608.8538 0,442139.1279 4475607.7983 0))",2335893,Verde,Línea,3
"MULTILINESTRING Z ((442118.6279 4475868.0761 0,442107.4612 4475868.7427 0))",2335896,Verde,Línea,2
"MULTILINESTRING Z ((442147.4057 4475993.965 0,442146.6279 4475983.465 0))",2335897,Verde,Línea,2
"MULTILINESTRING Z ((441832.9612 4476148.0205 0,441818.4057 4476148.965 0))",2335898,Verde,Línea,3
"MULTILINESTRING Z ((441873.2341 4476471.2091 0,441873.9008 4476480.7924 0))",2335899,Verde,Línea,2
"MULTILINESTRING Z ((442266.3174 4476391.7924 0,442266.9841 4476401.7924 0))",2335900,Verde,Línea,2
"MULTILINESTRING Z ((442294.4057 4476570.2427 0,442293.9057 4476561.6594 0))",2335910,Verde,Línea,2
"MULTILINESTRING Z ((443682.4153 4477120.3401 0,443717.2356 4477057.5582 0))",2335911,Azul,Línea,15
"MULTILINESTRING Z ((443081.4803 4476750.3614 0,443062.397 4476742.1947 0,443052.8137 4476738.028 0,443041.5637 4476733.528 0,443025.9803 4476727.8614 0,442995.2303 4476718.278 0))",2335916,Azul,Línea,20
"MULTILINESTRING Z ((443480.8871 4476940.465 0,443481.4427 4476935.7983 0))",2335919,Azul,Línea,1
"MULTILINESTRING Z ((443452.5415 4476948.2057 0,443441.6472 4476993.0974 0))",2335920,Azul,Línea,10
"MULTILINESTRING Z ((443561.9242 4476910.5761 0,443550.1711 4476907.9835 0,443540.0229 4476906.1069 0,443520.9859 4476903.4897 0))",2335921,Azul,Línea,9
"MULTILINESTRING Z ((443406.1881 4476787.3218 0,443433.5908 4476848.1487 0))",2335925,Azul,Línea,14
"MULTILINESTRING Z ((443762.989 4476958.2427 0,443759.0723 4476970.9094 0))",2335926,Azul,Batería,5
"MULTILINESTRING Z ((443779.4797 4476710.2551 0,443779.3069 4476698.3045 0,443779.6279 4476695.465 0))",2335930,Azul,Línea,3
"MULTILINESTRING Z ((443134.1405 4476466.3995 0,443143.7654 4476458.5435 0))",2335943,Azul,Línea,3
"MULTILINESTRING Z ((443668.4489 4476447.3747 0,443678.4489 4476424.9303 0))",2335946,Azul,Línea,5
"MULTILINESTRING Z ((443670.8972 4476423.0615 0,443661.2593 4476444.3273 0))",2335947,Azul,Línea,5
"MULTILINESTRING Z ((443644.1296 4476438.2012 0,443655.5233 4476450.3754 0))",2335948,Azul,Línea,3
"MULTILINESTRING Z ((443187.2205 4476357.8353 0,443188.2946 4476363.6501 0,443188.9242 4476368.5761 0,443189.2205 4476372.2057 0,443189.3316 4476374.9094 0,443189.3686 4476380.3168 0))",2335959,Azul,Línea,5
"MULTILINESTRING Z ((443128.2946 4476076.1687 0,443128.8501 4476090.2427 0))",2335962,Azul,Línea,3
"MULTILINESTRING Z ((442860.4509 4476247.4897 0,442868.5003 4476255.6378 0))",2335971,Azul,Línea,2
"MULTILINESTRING Z ((443573.2149 4476389.9189 0,443557.3581 4476379.8385 0))",2335976,Azul,Línea,4
"MULTILINESTRING Z ((443556.905 4476379.3855 0,443549.0899 4476374.4019 0))",2335977,Azul,Línea,2
"MULTILINESTRING Z ((443938.4797 4476223.2798 0,443934.3686 4476200.2057 0))",2335981,Azul,Línea,5
"MULTILINESTRING Z ((443129.475 4475818.442 0,443129.1417 4475808.192 0))",2335991,Azul,Línea,2
"MULTILINESTRING Z ((443662.4612 4475928.6872 0,443661.0168 4475943.1316 0))",2336004,Azul,Batería,6
"MULTILINESTRING Z ((443843.0353 4476039.7613 0,443844.0229 4476038.8724 0,443848.7143 4476034.1563 0,443851.8748 4476030.823 0,443855.5291 4476026.6255 0,443859.8254 4476021.2674 0,443865.5291 4476013.1687 0))",2336014,Azul,Batería,15
"MULTILINESTRING Z ((443817.6773 4476000.1316 0,443820.9859 4475996.0329 0))",2336015,Azul,Batería,3
"MULTILINESTRING Z ((443792.8131 4476063.502 0,443790.3686 4476058.0576 0))",2336019,Azul,Batería,3
"MULTILINESTRING Z ((443764.702 4476063.3168 0,443769.4057 4476062.6131 0,443778.5908 4476060.2798 0,443783.8131 4476058.539 0,443787.8131 4476057.0576 0,443791.9983 4476055.1687 0))",2336020,Azul,Batería,12
"MULTILINESTRING Z ((443847.4714 4476007.5943 0,443841.6381 4476015.9276 0,443839.8048 4476018.0943 0,443837.3048 4476020.8443 0,443833.2214 4476025.1776 0,443831.3881 4476026.9276 0))",2336022,Azul,Batería,11
"MULTILINESTRING Z ((443838.8881 4476001.8443 0,443832.0548 4476010.6776 0,443828.8048 4476014.5943 0,443823.8881 4476019.3443 0))",2336023,Azul,Batería,9
"MULTILINESTRING Z ((443745.4797 4476052.5761 0,443756.7884 4476051.3415 0))",2336028,Azul,Batería,5
"MULTILINESTRING Z ((443793.3881 4476040.261 0,443784.3881 4476044.4276 0,443779.1381 4476046.3443 0,443775.9714 4476047.3443 0,443772.9714 4476048.3443 0,443769.6381 4476049.261 0,443766.3881 4476050.0943 0,443764.4714 4476050.4276 0))",2336029,Azul,Batería,13
"MULTILINESTRING Z ((443799.8254 4476050.0905 0,443806.7946 4476046.2427 0,443815.4057 4476040.3538 0,443824.7807 4476033.2011 0))",2336032,Azul,Batería,13
"MULTILINESTRING Z ((443394.548 4475754.3479 0,443388.7874 4475740.6445 0))",2336044,Azul,Batería,6
"MULTILINESTRING Z ((443949.5538 4476170.6748 0,443947.8254 4476161.6625 0))",2336050,Azul,Línea,2
"MULTILINESTRING Z ((443710.3686 4477043.0205 0,443686.2946 4477029.6872 0))",2336061,Verde,Línea,6
"MULTILINESTRING Z ((443594.489 4477079.0761 0,443615.489 4477090.9094 0))",2336070,Verde,Línea,5
"MULTILINESTRING Z ((443621.3316 4477116.5761 0,443636.9057 4477126.5761 0,443644.5003 4477131.539 0))",2336072,Verde,Línea,6
"MULTILINESTRING Z ((443572.1557 4477083.1594 0,443581.1557 4477088.9094 0))",2336074,Verde,Línea,2
"MULTILINESTRING Z ((443535.1279 4477015.4094 0,443530.3501 4477021.965 0))",2336079,Verde,Línea,2
"MULTILINESTRING Z ((443575.8254 4476981.6131 0,443556.0723 4477017.9094 0))",2336080,Verde,Línea,8
"MULTILINESTRING Z ((443851.5723 4477008.8261 0,443866.3223 4477008.8261 0))",2336086,Verde,Batería,5
"MULTILINESTRING Z ((443882.8984 4477008.5996 0,443876.1484 4477008.5996 0))",2336087,Verde,Batería,2
"MULTILINESTRING Z ((443932.8131 4477059.502 0,443932.9983 4477089.539 0,443933.2205 4477113.9094 0))",2336091,Verde,Batería,23
"MULTILINESTRING Z ((443920.3316 4477035.1687 0,443920.4797 4477052.4279 0))",2336094,Verde,Batería,8
"MULTILINESTRING Z ((443827.2688 4477054.6181 0,443846.0095 4477064.7662 0))",2336099,Verde,Línea,4
"MULTILINESTRING Z ((443786.2452 4477085.1193 0,443790.6073 4477087.3909 0))",2336103,Verde,Batería,2
"MULTILINESTRING Z ((443815.9242 4477172.7242 0,443826.2946 4477153.539 0))",2336107,Verde,Batería,9
"MULTILINESTRING Z ((443776.739 4477162.4927 0,443795.5723 4477173.0761 0))",2336109,Verde,Batería,8
"MULTILINESTRING Z ((443771.1341 4477159.4403 0,443773.3563 4477160.6255 0))",2336110,Verde,Batería,1
"MULTILINESTRING Z ((443803.1464 4477189.0576 0,443829.4057 4477203.1687 0))",2336111,Verde,Línea,6
"MULTILINESTRING Z ((443766.1958 4477168.7983 0,443793.1588 4477183.3909 0))",2336113,Verde,Línea,6
"MULTILINESTRING Z ((443599.2987 4476970.9958 0,443610.5085 4476977.2839 0))",2336122,Verde,Línea,3
"MULTILINESTRING Z ((443612.4057 4476988.1594 0,443605.1557 4476984.3261 0))",2336123,Verde,Línea,2
"MULTILINESTRING Z ((443598.4057 4476980.7427 0,443604.489 4476983.9094 0))",2336124,Verde,Línea,2
"MULTILINESTRING Z ((443639.3686 4476946.0946 0,443695.2205 4476977.1316 0))",2336126,Verde,Línea,13
"MULTILINESTRING Z ((443687.3316 4476988.2057 0,443690.6279 4476982.0946 0))",2336128,Verde,Batería,3
"MULTILINESTRING Z ((443711.9242 4476919.1687 0,443711.5511 4476881.7777 0))",2336129,Verde,Línea,8
"MULTILINESTRING Z ((443711.0106 4476832.4279 0,443711.3563 4476865.3415 0))",2336130,Verde,Línea,7
"MULTILINESTRING Z ((443558.7719 4476702.8971 0,443563.2657 4476694.3538 0))",2336142,Verde,Línea,2
"MULTILINESTRING Z ((443412.5991 4476699.3415 0,443401.9489 4476696.0493 0))",2336150,Verde,Línea,2
"MULTILINESTRING Z ((443647.702 4476737.3538 0,443632.5168 4476708.3538 0))",2336153,Verde,Batería,14
"MULTILINESTRING Z ((443723.6557 4476777.2011 0,443724.1557 4476856.5761 0,443724.6557 4476900.3261 0,443724.6557 4476913.0761 0))",2336162,Verde,Línea,29
"MULTILINESTRING Z ((443732.418 4476912.9711 0,443731.8995 4476865.465 0))",2336163,Verde,Línea,10
"MULTILINESTRING Z ((443731.0106 4476771.7119 0,443731.1588 4476797.9835 0,443731.7513 4476852.3538 0))",2336164,Verde,Línea,17
"MULTILINESTRING Z ((443734.739 4476762.6316 0,443719.9612 4476764.6316 0))",2336172,Verde,Línea,3
"MULTILINESTRING Z ((443917.6649 4476797.7983 0,443917.739 4476804.0576 0))",2336186,Verde,Batería,3
"MULTILINESTRING Z ((443917.7513 4476806.1316 0,443917.8007 4476816.3292 0))",2336187,Verde,Batería,5
"MULTILINESTRING Z ((443918.0476 4476864.181 0,443917.9983 4476858.1563 0))",2336191,Verde,Batería,3
"MULTILINESTRING Z ((443918.0723 4476867.7859 0,443918.1217 4476876.4032 0))",2336192,Verde,Batería,4
"MULTILINESTRING Z ((443918.7061 4476926.3045 0,443918.7225 4476931.4732 0))",2336196,Verde,Batería,2
"MULTILINESTRING Z ((443917.1834 4476727.3538 0,443917.1094 4476721.9835 0))",2336201,Verde,Batería,2
"MULTILINESTRING Z ((443917.2946 4476737.6872 0,443917.1834 4476729.2057 0))",2336202,Verde,Batería,4
"MULTILINESTRING Z ((443917.1834 4476752.7613 0,443917.2946 4476740.7242 0))",2336203,Verde,Batería,5
"MULTILINESTRING Z ((443843.0723 4476991.5761 0,443842.8871 4476927.6131 0))",2336210,Verde,Batería,26
"MULTILINESTRING Z ((443843.1094 4477003.8847 0,443843.1094 4476995.7613 0))",2336211,Verde,Batería,4
"MULTILINESTRING Z ((442780.897 4476633.528 0,442801.897 4476600.778 0))",2336215,Verde,Batería,15
"MULTILINESTRING Z ((442767.397 4476532.3614 0,442791.147 4476508.6114 0))",2336218,Verde,Línea,7
"MULTILINESTRING Z ((442690.5266 4476481.0743 0,442697.4526 4476474.4077 0))",2336220,Verde,Línea,2
"MULTILINESTRING Z ((442710.0353 4476462.2427 0,442717.8871 4476454.6131 0))",2336221,Verde,Línea,2
"MULTILINESTRING Z ((442803.3316 4476563.3909 0,442796.4057 4476558.9094 0))",2336226,Verde,Batería,3
"MULTILINESTRING Z ((442749.3316 4476425.6501 0,442753.4797 4476421.6872 0))",2336228,Verde,Línea,1
"MULTILINESTRING Z ((442772.0168 4476390.6316 0,442774.0168 4476388.6316 0))",2336231,Verde,Batería,1
"MULTILINESTRING Z ((442783.239 4476380.2983 0,442779.6279 4476383.6872 0))",2336232,Verde,Batería,2
"MULTILINESTRING Z ((442884.2575 4476481.6131 0,442880.4057 4476477.3538 0))",2336248,Verde,Línea,1
"MULTILINESTRING Z ((442927.8137 4476514.8614 0,442918.9803 4476505.028 0))",2336253,Verde,Batería,5
"MULTILINESTRING Z ((442898.739 4476573.5761 0,442931.9057 4476540.5761 0))",2336255,Verde,Línea,10
"MULTILINESTRING Z ((442932.3137 4476614.3614 0,442922.2303 4476604.278 0))",2336257,Verde,Línea,3
"MULTILINESTRING Z ((443011.15 4476505.6664 0,443007.9114 4476508.9831 0))",2336260,Verde,Línea,1
"MULTILINESTRING Z ((443104.6814 4476412.4554 0,443107.9736 4476409.218 0))",2336268,Verde,Línea,1
"MULTILINESTRING Z ((443043.8583 4476426.6337 0,443061.0106 4476444.6584 0))",2336271,Verde,Línea,5
"MULTILINESTRING Z ((442975.8131 4476671.0576 0,442964.4427 4476667.9835 0))",2336276,Verde,Línea,2
"MULTILINESTRING Z ((443037.9242 4476566.7983 0,443028.702 4476563.1316 0))",2336281,Verde,Línea,2
"MULTILINESTRING Z ((443052.5908 4476572.5761 0,443047.1094 4476570.4279 0))",2336282,Verde,Línea,1
"MULTILINESTRING Z ((443054.8501 4476573.465 0,443068.6649 4476578.9464 0))",2336283,Verde,Línea,3
"MULTILINESTRING Z ((443071.1834 4476579.9464 0,443074.4797 4476581.2057 0))",2336284,Verde,Línea,1
"MULTILINESTRING Z ((443100.3316 4476591.4279 0,443091.3316 4476587.8724 0))",2336285,Verde,Línea,2
"MULTILINESTRING Z ((443102.7303 4476592.3614 0,443115.8137 4476597.6947 0))",2336286,Verde,Línea,3
"MULTILINESTRING Z ((443125.2303 4476601.4447 0,443130.8137 4476603.6947 0))",2336288,Verde,Línea,1
"MULTILINESTRING Z ((443137.5637 4476606.1114 0,443145.9803 4476609.528 0))",2336289,Verde,Línea,2
"MULTILINESTRING Z ((443160.397 4476615.1114 0,443169.2303 4476618.6947 0))",2336291,Verde,Línea,2
"MULTILINESTRING Z ((443188.239 4476626.0761 0,443201.489 4476631.4094 0))",2336293,Verde,Línea,3
"MULTILINESTRING Z ((443215.2303 4476636.6947 0,443229.2303 4476642.528 0))",2336294,Verde,Línea,3
"MULTILINESTRING Z ((443231.239 4476643.1594 0,443245.1557 4476648.6594 0))",2336296,Verde,Línea,3
"MULTILINESTRING Z ((443277.2205 4476661.3538 0,443268.9242 4476658.0576 0))",2336298,Verde,Línea,2
"MULTILINESTRING Z ((443292.776 4476667.465 0,443279.5908 4476662.2798 0))",2336299,Verde,Línea,3
"MULTILINESTRING Z ((443202.647 4476539.1114 0,443203.8137 4476530.028 0))",2336306,Verde,Línea,2
"MULTILINESTRING Z ((443198.8744 4476514.7971 0,443200.9034 4476500.2817 0))",2336308,Verde,Línea,3
"MULTILINESTRING Z ((443205.897 4476515.6114 0,443207.4803 4476503.778 0))",2336309,Verde,Línea,2
"MULTILINESTRING Z ((443212.739 4476447.5761 0,443208.8223 4476464.4094 0))",2336313,Verde,Línea,3
"MULTILINESTRING Z ((443216.5723 4476432.0761 0,443214.1557 4476441.4927 0))",2336315,Verde,Línea,2
"MULTILINESTRING Z ((443229.0723 4476411.965 0,443222.0723 4476439.6872 0))",2336316,Verde,Línea,6
"MULTILINESTRING Z ((443221.818 4476410.0679 0,443217.9941 4476426.2221 0))",2336317,Verde,Línea,3
"MULTILINESTRING Z ((443287.0168 4476424.2983 0,443282.6279 4476422.8538 0))",2336319,Verde,Línea,1
"MULTILINESTRING Z ((442941.897 4476614.528 0,442945.147 4476610.3614 0))",2336321,Verde,Línea,1
"MULTILINESTRING Z ((443111.1834 4476471.7695 0,443116.1876 4476467.6872 0))",2336324,Verde,Línea,1
"MULTILINESTRING Z ((443127.7267 4476458.1069 0,443120.6978 4476463.9341 0))",2336325,Verde,Línea,2
"MULTILINESTRING Z ((443148.5003 4476441.0864 0,443142.1025 4476446.3977 0))",2336327,Verde,Línea,2
"MULTILINESTRING Z ((443294.5637 4476519.3614 0,443294.9803 4476514.1947 0))",2336334,Verde,Línea,1
"MULTILINESTRING Z ((443295.0637 4476513.6114 0,443295.647 4476503.278 0))",2336335,Verde,Línea,2
"MULTILINESTRING Z ((443297.4797 4476478.8724 0,443297.8871 4476473.539 0))",2336336,Verde,Línea,1
"MULTILINESTRING Z ((443320.4057 4476435.6594 0,443343.0723 4476443.3261 0))",2336339,Verde,Línea,5
"MULTILINESTRING Z ((443392.989 4476548.4927 0,443394.3223 4476582.9094 0))",2336348,Verde,Línea,7
"MULTILINESTRING Z ((443400.4612 4476583.0761 0,443398.6279 4476558.8538 0))",2336349,Verde,Línea,5
"MULTILINESTRING Z ((443398.3933 4476547.7636 0,443398.4766 4476552.6803 0))",2336350,Verde,Línea,1
"MULTILINESTRING Z ((443417.739 4476580.0205 0,443427.9057 4476576.3538 0))",2336352,Verde,Línea,2
"MULTILINESTRING Z ((443440.1679 4476643.742 0,443425.7512 4476690.742 0))",2336360,Verde,Línea,10
"MULTILINESTRING Z ((443483.5785 4476656.2798 0,443484.1834 4476670.5761 0))",2336362,Verde,Línea,3
"MULTILINESTRING Z ((443518.2553 4476645.648 0,443499.0397 4476639.7003 0))",2336370,Verde,Línea,4
"MULTILINESTRING Z ((443536.31 4476612.6803 0,443532.4766 4476625.3469 0))",2336371,Verde,Línea,3
"MULTILINESTRING Z ((443532.6279 4476604.9094 0,443493.0723 4476593.6872 0))",2336372,Verde,Línea,8
"MULTILINESTRING Z ((443473.5908 4476587.7613 0,443461.5908 4476583.5761 0))",2336373,Verde,Línea,3
"MULTILINESTRING Z ((443489.3223 4476592.4927 0,443478.5723 4476589.2427 0))",2336375,Verde,Línea,2
"MULTILINESTRING Z ((443542.1433 4476593.0969 0,443545.06 4476582.0136 0))",2336378,Verde,Línea,2
"MULTILINESTRING Z ((443547.81 4476571.7636 0,443546.3933 4476577.6803 0))",2336379,Verde,Línea,1
"MULTILINESTRING Z ((443552.9057 4476603.465 0,443557.3501 4476604.6316 0))",2336381,Verde,Línea,1
"MULTILINESTRING Z ((443543.4057 4476614.7427 0,443534.9057 4476641.0761 0))",2336384,Verde,Línea,6
"MULTILINESTRING Z ((443540.56 4476652.2636 0,443549.7266 4476655.1803 0))",2336385,Verde,Línea,2
"MULTILINESTRING Z ((443554.1433 4476656.5136 0,443558.8933 4476658.0969 0))",2336386,Verde,Línea,1
"MULTILINESTRING Z ((443519.9242 4476691.9094 0,443528.4797 4476663.0576 0))",2336388,Verde,Línea,6
"MULTILINESTRING Z ((443596.5338 4476583.3791 0,443599.1849 4476573.513 0))",2336398,Verde,Línea,2
"MULTILINESTRING Z ((443585.739 4476560.2427 0,443596.489 4476566.2427 0))",2336399,Verde,Línea,3
"MULTILINESTRING Z ((443623.9377 4476422.6668 0,443610.4171 4476413.4774 0,443607.6076 4476411.663 0))",2336407,Verde,Línea,4
"MULTILINESTRING Z ((443666.739 4476489.0946 0,443670.9242 4476497.1687 0))",2336414,Verde,Línea,2
"MULTILINESTRING Z ((443689.3686 4476550.7242 0,443682.8501 4476554.1687 0))",2336416,Verde,Batería,3
"MULTILINESTRING Z ((443660.3192 4476566.0082 0,443670.739 4476560.5267 0))",2336417,Verde,Batería,5
"MULTILINESTRING Z ((443664.4674 4476575.7859 0,443692.0723 4476561.86 0))",2336418,Verde,Batería,13
"MULTILINESTRING Z ((443721.5538 4476622.3868 0,443712.846 4476626.9629 0))",2336423,Verde,Línea,2
"MULTILINESTRING Z ((443699.3069 4476634.0576 0,443712.5168 4476627.1193 0))",2336424,Verde,Línea,3
"MULTILINESTRING Z ((443704.31 4476655.9303 0,443713.31 4476672.8469 0))",2336426,Verde,Batería,8
"MULTILINESTRING Z ((443689.8933 4476658.4303 0,443686.4766 4476651.9303 0))",2336428,Verde,Batería,3
"MULTILINESTRING Z ((443696.06 4476670.5136 0,443691.9766 4476662.5969 0))",2336429,Verde,Batería,4
"MULTILINESTRING Z ((443678.1433 4476680.1803 0,443685.9766 4476675.9303 0))",2336430,Verde,Batería,4
"MULTILINESTRING Z ((443661.7266 4476689.1803 0,443676.3933 4476681.4303 0))",2336431,Verde,Batería,6
"MULTILINESTRING Z ((443645.0723 4476698.1872 0,443651.5168 4476694.7427 0))",2336432,Verde,Batería,3
"MULTILINESTRING Z ((443528.2266 4476639.2636 0,443530.9766 4476630.1803 0))",2336441,Verde,Línea,2
"MULTILINESTRING Z ((443569.4797 4476615.539 0,443564.9242 4476614.2427 0))",2336442,Verde,Línea,1
"MULTILINESTRING Z ((443579.5908 4476618.4279 0,443573.9983 4476616.8353 0))",2336443,Verde,Línea,1
"MULTILINESTRING Z ((443610.9612 4476667.539 0,443608.1094 4476661.6872 0))",2336445,Verde,Batería,3
"MULTILINESTRING Z ((443623.06 4476493.7859 0,443617.4304 4476488.6008 0))",2336449,Verde,Batería,3
"MULTILINESTRING Z ((443708.5491 4476403.0776 0,443721.9017 4476403.0776 0))",2336451,Verde,Batería,5
"MULTILINESTRING Z ((443691.7487 4476403.1403 0,443707.7341 4476403.1403 0))",2336452,Verde,Batería,6
"MULTILINESTRING Z ((443671.489 4476393.8261 0,443671.4057 4476397.6594 0))",2336453,Verde,Batería,1
"MULTILINESTRING Z ((443671.489 4476392.9094 0,443671.6557 4476383.8261 0))",2336454,Verde,Batería,4
"MULTILINESTRING Z ((443671.7925 4476367.6872 0,443671.595 4476382.6831 0))",2336455,Verde,Batería,6
"MULTILINESTRING Z ((443785.4057 4476675.0761 0,443809.0723 4476662.8261 0))",2336458,Verde,Línea,5
"MULTILINESTRING Z ((443742.3933 4476535.5136 0,443734.1433 4476519.5969 0))",2336469,Verde,Batería,7
"MULTILINESTRING Z ((443780.2933 4476610.1984 0,443790.044 4476628.1995 0))",2336470,Verde,Batería,7
"MULTILINESTRING Z ((443733.31 4476491.9303 0,443728.56 4476482.7636 0))",2336471,Verde,Batería,4
"MULTILINESTRING Z ((443748.2822 4476376.2636 0,443748.1711 4476381.2636 0))",2336478,Verde,Línea,1
"MULTILINESTRING Z ((443918.1557 4476428.8261 0,443918.2807 4476473.0761 0))",2336481,Verde,Línea,9
"MULTILINESTRING Z ((443917.0847 4476667.6131 0,443917.1341 4476663.3909 0))",2336488,Verde,Batería,2
"MULTILINESTRING Z ((443916.9365 4476685.8353 0,443917.0106 4476677.9341 0))",2336489,Verde,Batería,4
"MULTILINESTRING Z ((443916.9283 4476702.4855 0,443916.9118 4476700.609 0))",2336490,Verde,Batería,1
"MULTILINESTRING Z ((443942.5538 4476678.502 0,443942.702 4476698.2427 0))",2336491,Verde,Línea,4
"MULTILINESTRING Z ((443796.8379 4476631.5635 0,443794.4967 4476626.4128 0))",2336497,Verde,Línea,1
"MULTILINESTRING Z ((443798.489 4476427.8261 0,443798.489 4476451.6594 0))",2336498,Verde,Línea,5
"MULTILINESTRING Z ((442763.674 4476335.1104 0,442768.2512 4476340.1212 0))",2336505,Verde,Batería,3
"MULTILINESTRING Z ((442916.1352 4476383.1535 0,442949.6684 4476349.1143 0))",2336510,Verde,Línea,10
"MULTILINESTRING Z ((442868.7308 4476151.4183 0,442872.6375 4476155.3909 0))",2336519,Verde,Línea,1
"MULTILINESTRING Z ((442891.4057 4476174.4526 0,442895.8254 4476178.9218 0))",2336521,Verde,Línea,1
"MULTILINESTRING Z ((443065.3892 4476254.2386 0,443069.4057 4476258.2222 0))",2336535,Verde,Batería,2
"MULTILINESTRING Z ((443056.8295 4476238.2057 0,443066.9859 4476222.0082 0))",2336539,Verde,Línea,4
"MULTILINESTRING Z ((443069.1917 4476218.4691 0,443078.1629 4476204.181 0))",2336540,Verde,Línea,3
"MULTILINESTRING Z ((442992.5662 4476174.1563 0,443017.06 4476133.8847 0))",2336543,Verde,Batería,17
"MULTILINESTRING Z ((443201.702 4476146.5761 0,443224.5662 4476112.823 0))",2336554,Verde,Línea,9
"MULTILINESTRING Z ((443256.1217 4476301.4485 0,443259.5785 4476288.0329 0))",2336564,Verde,Línea,3
"MULTILINESTRING Z ((443195.1588 4476334.7983 0,443231.2822 4476347.465 0))",2336567,Verde,Línea,8
"MULTILINESTRING Z ((443177.4057 4476360.9094 0,443178.776 4476369.502 0))",2336573,Verde,Línea,2
"MULTILINESTRING Z ((443002.3165 4476202.5788 0,443010.3384 4476210.8861 0))",2336576,Verde,Línea,2
"MULTILINESTRING Z ((443017.2411 4476218.0411 0,443022.2122 4476223.1934 0))",2336577,Verde,Línea,1
"MULTILINESTRING Z ((443361.1557 4476336.1594 0,443348.739 4476328.1594 0))",2336589,Verde,Línea,3
"MULTILINESTRING Z ((443308.1464 4476172.9711 0,443298.0723 4476188.0082 0))",2336592,Verde,Línea,4
"MULTILINESTRING Z ((443382.1587 4476184.7968 0,443376.893 4476163.2885 0))",2336596,Verde,Línea,4
"MULTILINESTRING Z ((443392.0229 4476137.679 0,443393.669 4476147.2263 0))",2336600,Verde,Línea,2
"MULTILINESTRING Z ((443406.2781 4476201.4979 0,443400.0065 4476174.9135 0,443398.6732 4476169.9094 0,443394.8378 4476153.5308 0))",2336601,Verde,Línea,10
"MULTILINESTRING Z ((443391.9057 4476184.2427 0,443384.989 4476156.9094 0,443384.6557 4476155.2427 0))",2336606,Verde,Batería,10
"MULTILINESTRING Z ((443472.4839 4476116.7736 0,443470.8213 4476123.1111 0,443470.4098 4476124.0987 0,443460.8789 4476138.6008 0))",2336609,Verde,Línea,5
"MULTILINESTRING Z ((443475.4139 4476187.1934 0,443486.1464 4476170.7489 0))",2336615,Verde,Batería,8
"MULTILINESTRING Z ((443509.1807 4476258.3374 0,443528.3631 4476261.5966 0))",2336621,Verde,Línea,4
"MULTILINESTRING Z ((443511.5127 4476189.7777 0,443549.2411 4476230.4032 0))",2336626,Verde,Línea,12
"MULTILINESTRING Z ((443504.7143 4476173.539 0,443525.6526 4476196.1069 0))",2336629,Verde,Línea,6
"MULTILINESTRING Z ((443574.9201 4476113.218 0,443568.9118 4476148.3292 0))",2336633,Verde,Línea,7
"MULTILINESTRING Z ((443499.7431 4476154.4362 0,443510.4262 4476143.9176 0))",2336636,Verde,Batería,6
"MULTILINESTRING Z ((443590.3439 4476079.8847 0,443584.5662 4476114.1069 0))",2336637,Verde,Línea,7
"MULTILINESTRING Z ((443641.5867 4476119.9506 0,443643.8254 4476108.3456 0))",2336641,Verde,Línea,2
"MULTILINESTRING Z ((443640.5723 4476125.5761 0,443638.6557 4476136.4094 0))",2336642,Verde,Línea,2
"MULTILINESTRING Z ((443583.1588 4476122.4773 0,443581.776 4476130.3292 0))",2336645,Verde,Batería,3
"MULTILINESTRING Z ((443613.0271 4476268.8065 0,443614.1629 4476262.8806 0))",2336649,Verde,Línea,1
"MULTILINESTRING Z ((443678.8131 4476253.5637 0,443683.4797 4476227.2674 0))",2336662,Verde,Línea,5
"MULTILINESTRING Z ((443676.2699 4476267.9094 0,443677.8748 4476258.7983 0))",2336663,Verde,Línea,2
"MULTILINESTRING Z ((443649.5785 4476276.823 0,443654.1217 4476276.5761 0))",2336665,Verde,Línea,1
"MULTILINESTRING Z ((443628.5662 4476278.0082 0,443644.7884 4476277.0946 0))",2336666,Verde,Línea,3
"MULTILINESTRING Z ((443695.4962 4476199.4403 0,443694.5744 4476204.6255 0))",2336668,Verde,Línea,1
"MULTILINESTRING Z ((443761.7074 4476279.3515 0,443782.0948 4476279.2156 0))",2336674,Verde,Línea,4
"MULTILINESTRING Z ((443537.2575 4476329.1522 0,443539.99 4476314.6995 0))",2336679,Verde,Línea,3
"MULTILINESTRING Z ((443449.3398 4476227.144 0,443451.3481 4476224.0658 0))",2336683,Verde,Batería,1
"MULTILINESTRING Z ((443477.7623 4476144.2304 0,443488.1876 4476155.3909 0))",2336685,Verde,Línea,3
"MULTILINESTRING Z ((443626.9695 4476287.2098 0,443632.1876 4476287.0287 0))",2336690,Verde,Línea,1
"MULTILINESTRING Z ((443643.1725 4476286.6282 0,443664.2424 4476285.8161 0))",2336691,Verde,Línea,4
"MULTILINESTRING Z ((443917.2266 4476306.2636 0,443917.31 4476317.0969 0))",2336699,Verde,Línea,2
"MULTILINESTRING Z ((443244.1417 4476065.6087 0,443249.1417 4476058.1087 0))",2336701,Verde,Batería,4
"MULTILINESTRING Z ((443258.3501 4476031.965 0,443261.2946 4476010.9094 0))",2336703,Verde,Línea,4
"MULTILINESTRING Z ((443264.6896 4475986.5761 0,443262.0723 4476004.9218 0))",2336704,Verde,Línea,4
"MULTILINESTRING Z ((443042.1629 4475988.2633 0,443066.2452 4476003.3744 0))",2336709,Verde,Línea,6
"MULTILINESTRING Z ((443069.702 4476065.5761 0,443091.776 4476027.6131 0))",2336710,Verde,Línea,9
"MULTILINESTRING Z ((443102.3933 4476026.1316 0,443117.9983 4476035.7366 0))",2336711,Verde,Línea,4
"MULTILINESTRING Z ((443136.4427 4475838.7983 0,443157.3686 4475841.8353 0))",2336720,Verde,Línea,4
"MULTILINESTRING Z ((443135.4797 4475796.3538 0,443148.3686 4475798.2057 0))",2336727,Verde,Batería,5
"MULTILINESTRING Z ((443273.3223 4475815.9927 0,443281.4057 4475817.0761 0))",2336730,Verde,Batería,2
"MULTILINESTRING Z ((443214.4057 4475764.0761 0,443274.0723 4475772.6316 0))",2336737,Verde,Línea,13
"MULTILINESTRING Z ((443276.475 4475867.8587 0,443299.3917 4475871.1087 0))",2336744,Verde,Batería,9
"MULTILINESTRING Z ((443307.6557 4475872.5761 0,443313.0723 4475873.4094 0))",2336745,Verde,Batería,2
"MULTILINESTRING Z ((443319.1373 4475874.1835 0,443334.9706 4475876.3502 0))",2336746,Verde,Batería,7
"MULTILINESTRING Z ((443364.1373 4475880.6002 0,443358.6373 4475879.7669 0))",2336748,Verde,Batería,2
"MULTILINESTRING Z ((443401.6526 4475871.4403 0,443402.5168 4475865.6872 0))",2336753,Verde,Línea,1
"MULTILINESTRING Z ((443404.5168 4475852.7427 0,443403.4612 4475859.2427 0))",2336754,Verde,Línea,1
"MULTILINESTRING Z ((443289.6649 4475827.2798 0,443307.776 4475829.8724 0))",2336760,Verde,Línea,4
"MULTILINESTRING Z ((443419.2206 4475798.5169 0,443430.7206 4475800.1002 0))",2336766,Verde,Línea,2
"MULTILINESTRING Z ((443640.6204 4475830.0462 0,443625.1379 4475827.8298 0))",2336773,Verde,Línea,3
"MULTILINESTRING Z ((443550.9714 4475850.0943 0,443556.2214 4475831.1776 0))",2336776,Verde,Línea,4
"MULTILINESTRING Z ((443544.6381 4475848.5943 0,443550.1381 4475828.4276 0))",2336777,Verde,Línea,4
"MULTILINESTRING Z ((443514.239 4475850.7427 0,443522.9057 4475852.1594 0))",2336778,Verde,Batería,3
"MULTILINESTRING Z ((443430.7946 4475838.7427 0,443447.6279 4475841.1872 0))",2336782,Verde,Batería,6
"MULTILINESTRING Z ((443497.8881 4475848.4276 0,443506.3048 4475849.5943 0))",2336784,Verde,Batería,3
"MULTILINESTRING Z ((443530.9612 4475861.965 0,443526.0168 4475861.2427 0))",2336785,Verde,Línea,1
"MULTILINESTRING Z ((443537.5168 4475873.465 0,443534.0723 4475886.965 0))",2336787,Verde,Línea,3
"MULTILINESTRING Z ((443541.7946 4475884.2983 0,443544.1834 4475875.465 0))",2336788,Verde,Línea,2
"MULTILINESTRING Z ((443636.9612 4475881.0761 0,443625.4057 4475895.965 0))",2336790,Verde,Línea,4
"MULTILINESTRING Z ((443564.5902 4475907.1251 0,443574.3078 4475908.5599 0))",2336794,Verde,Línea,2
"MULTILINESTRING Z ((443534.0723 4475911.9927 0,443525.1557 4475944.9927 0))",2336799,Verde,Línea,7
"MULTILINESTRING Z ((443517.9714 4475946.1776 0,443521.6381 4475932.3443 0,443521.7214 4475931.9276 0))",2336800,Verde,Línea,3
"MULTILINESTRING Z ((443527.6279 4475910.7427 0,443524.0168 4475923.6316 0))",2336801,Verde,Línea,2
"MULTILINESTRING Z ((443395.0168 4475913.0761 0,443392.5168 4475928.6316 0))",2336807,Verde,Línea,3
"MULTILINESTRING Z ((443414.0353 4475944.9464 0,443449.9057 4475950.0761 0))",2336809,Verde,Línea,7
"MULTILINESTRING Z ((443285.6417 4476009.442 0,443323.3084 4476014.692 0))",2336815,Verde,Línea,8
"MULTILINESTRING Z ((443323.6417 4476014.7754 0,443337.8917 4476016.692 0))",2336816,Verde,Línea,3
"MULTILINESTRING Z ((443375.9389 4476021.911 0,443350.1757 4476018.4634 0))",2336817,Verde,Línea,5
"MULTILINESTRING Z ((443341.739 4476025.5761 0,443339.9057 4476037.3261 0))",2336821,Verde,Línea,2
"MULTILINESTRING Z ((443386.6578 4475972.4532 0,443381.9565 4476005.3624 0))",2336822,Verde,Línea,7
"MULTILINESTRING Z ((443418.8039 4475826.9335 0,443425.3873 4475839.4335 0))",2336825,Verde,Línea,3
"MULTILINESTRING Z ((443403.6279 4475758.965 0,443418.5723 4475753.0761 0))",2336831,Verde,Línea,3
"MULTILINESTRING Z ((443528.9118 4475713.7119 0,443539.1834 4475716.5514 0))",2336837,Verde,Línea,2
"MULTILINESTRING Z ((443544.6402 4475718.0576 0,443573.8748 4475725.9094 0))",2336838,Verde,Línea,6
"MULTILINESTRING Z ((443574.9057 4475761.4927 0,443579.989 4475742.7427 0))",2336841,Verde,Línea,4
"MULTILINESTRING Z ((443574.5148 4475737.5195 0,443573.3584 4475741.5185 0))",2336842,Verde,Línea,1
"MULTILINESTRING Z ((443426.5539 4475748.7669 0,443434.2206 4475699.3502 0))",2336847,Verde,Línea,10
"MULTILINESTRING Z ((443913.1279 4476634.5205 0,443906.3501 4476635.5761 0,443902.1279 4476636.3538 0,443894.0168 4476638.2427 0,443886.239 4476640.1872 0,443882.4612 4476640.6872 0))",2336850,Verde,Batería,11
"MULTILINESTRING Z ((443028.3028 4476229.4979 0,443032.0559 4476233.3991 0))",2336856,Verde,Línea,1
"MULTILINESTRING Z ((443576.1765 4476339.3774 0,443589.2874 4476339.1432 0))",2336865,Verde,Batería,5
"MULTILINESTRING Z ((443508.739 4476694.9094 0,443490.5723 4476688.2427 0))",2336869,Verde,Línea,4
"MULTILINESTRING Z ((443170.4612 4475852.7983 0,443163.9612 4475851.8538 0))",2336888,Verde,Batería,2
"MULTILINESTRING Z ((442885.9057 4476468.7427 0,442873.0723 4476454.9927 0))",2336890,Verde,Batería,8
"MULTILINESTRING Z ((443267.6773 4476579.5143 0,443277.06 4476582.6255 0))",2336892,Verde,Línea,2
"MULTILINESTRING Z ((442921.0723 4476594.8538 0,442952.3501 4476563.6316 0))",2336893,Verde,Línea,9
"MULTILINESTRING Z ((443227.7946 4476090.1316 0,443243.4612 4476066.5205 0))",2336898,Verde,Batería,13
"MULTILINESTRING Z ((443640.702 4476502.502 0,443660.8871 4476491.9094 0))",2336909,Verde,Batería,11
"MULTILINESTRING Z ((442735.8137 4476321.028 0,442746.147 4476332.028 0))",2336910,Verde,Línea,3
"MULTILINESTRING Z ((443240.6402 4476377.7119 0,443243.776 4476366.1069 0))",2336914,Verde,Línea,2
"MULTILINESTRING Z ((443165.9736 4476210.4032 0,443174.1279 4476215.5205 0))",2336915,Verde,Línea,2
"MULTILINESTRING Z ((443380.1557 4475842.3261 0,443394.989 4475844.4927 0))",2336920,Verde,Línea,3
"MULTILINESTRING Z ((443437.4057 4475878.9927 0,443454.239 4475881.4094 0))",2336921,Verde,Línea,3
"MULTILINESTRING Z ((443592.1482 4475705.4758 0,443588.6794 4475718.0503 0))",2336922,Verde,Línea,3
"MULTILINESTRING Z ((443268.2946 4476577.7983 0,443258.4057 4476574.4094 0))",2336923,Verde,Línea,2
"MULTILINESTRING Z ((443878.6402 4476909.9588 0,443892.9118 4476909.7859 0))",2336924,Verde,Línea,3
"MULTILINESTRING Z ((443087.8137 4476487.8614 0,443077.0637 4476496.8614 0))",2336926,Verde,Línea,3
"MULTILINESTRING Z ((443462.5723 4475950.3538 0,443479.739 4475952.8261 0))",2336937,Verde,Línea,3
"MULTILINESTRING Z ((443594.9612 4476420.9464 0,443606.989 4476428.8261 0))",2336938,Verde,Línea,3
"MULTILINESTRING Z ((441587.9057 4479428.7427 0,441588.1279 4479452.7427 0))",2344208,Verde,Línea,5
"MULTILINESTRING Z ((441402.239 4477192.6316 0,441401.0723 4477178.5761 0))",2344583,Azul,Línea,3
"MULTILINESTRING Z ((442100.4057 4476887.6594 0,442101.1557 4476897.4927 0))",2344586,Azul,Línea,2
"MULTILINESTRING Z ((443615.1505 4477036.9053 0,443617.5209 4477032.6419 0))",2344640,Verde,Línea,1
"MULTILINESTRING Z ((441712.739 4479452.4094 0,441718.1279 4479452.0205 0))",2344647,Verde,Línea,1
"MULTILINESTRING Z ((441690.6782 4479423.7254 0,441691.0115 4479427.3087 0))",2344648,Verde,Línea,1
"MULTILINESTRING Z ((441584.989 4479264.8261 0,441592.5723 4479264.3261 0))",2344649,Azul,Línea,1
"MULTILINESTRING Z ((441426.1025 4474936.9971 0,441413.6951 4474940.7443 0))",2344669,Verde,Línea,2
"MULTILINESTRING Z ((440001.5957 4474316.7793 0,439998.248 4474305.3323 0))",2344670,Verde,Línea,2
"MULTILINESTRING Z ((440695.0228 4477597.8485 0,440696.1872 4477612.8335 0))",2344685,Verde,Línea,3
"MULTILINESTRING Z ((439288.7946 4477239.6872 0,439296.0723 4477241.6872 0,439303.3223 4477244.4927 0))",2344691,Verde,Línea,3
"MULTILINESTRING Z ((441186.3947 4474276.5288 0,441197.3554 4474275.0454 0))",2344695,Azul,Línea,2
"MULTILINESTRING Z ((441095.406 4476709.0547 0,441093.656 4476685.5547 0))",2344696,Verde,Línea,5
"MULTILINESTRING Z ((441092.7946 4476716.0205 0,441093.1279 4476720.465 0))",2344697,Verde,Línea,1
"MULTILINESTRING Z ((440362.0806 4477943.9012 0,440375.739 4477941.7427 0))",2344700,Verde,Línea,2
"MULTILINESTRING Z ((440926.0599 4479348.3809 0,440918.0845 4479356.0599 0))",2344701,Verde,Línea,2
"MULTILINESTRING Z ((440390.3421 4478143.2372 0,440403.6754 4478139.9872 0))",2344703,Verde,Línea,3
"MULTILINESTRING Z ((440830.3613 4477851.067 0,440838.047 4477850.4009 0))",2344725,Verde,Batería,2
"MULTILINESTRING Z ((440938.739 4478120.4094 0,440939.739 4478134.8261 0))",2344739,Verde,Línea,3
"MULTILINESTRING Z ((440941.4205 4478156.7574 0,440939.6983 4478135.9241 0))",2344740,Verde,Línea,4
"MULTILINESTRING Z ((441036.4612 4478357.5205 0,441035.4057 4478344.7983 0))",2344755,Verde,Línea,3
"MULTILINESTRING Z ((443457.7267 4477063.0699 0,443461.9612 4477048.2983 0,443471.0766 4477005.3187 0))",2345568,Azul,Línea,12
"MULTILINESTRING Z ((443440.5723 4476998.2427 0,443427.1557 4477052.0761 0))",2345569,Azul,Línea,12
"MULTILINESTRING Z ((441362.4337 4479488.0713 0,441362.0121 4479484.8136 0))",2345575,Verde,Batería,1
"MULTILINESTRING Z ((441419.8501 4479281.1316 0,441426.5168 4479280.6872 0))",2345725,Verde,Batería,2
"MULTILINESTRING Z ((439112.8131 4477467.8353 0,439113.3686 4477466.9464 0,439114.0353 4477466.1687 0,439124.5538 4477451.539 0))",2345821,Verde,Línea,4
"MULTILINESTRING Z ((439206.0229 4477318.8971 0,439200.5908 4477312.4773 0,439191.9489 4477300.7736 0,439188.5415 4477295.4403 0,439187.1094 4477292.8724 0,439185.2575 4477289.8847 0,439182.9859 4477285.5884 0,439182.3439 4477284.2304 0))",2345824,Verde,Línea,9
"MULTILINESTRING Z ((439377.8336 4477439.8518 0,439377.0106 4477425.432 0))",2345825,Verde,Línea,3
"MULTILINESTRING Z ((439130.6896 4477230.0246 0,439136.1546 4477229.3497 0))",2345829,Verde,Línea,1
"MULTILINESTRING Z ((439325.0929 4477382.0137 0,439285.455 4477384.6913 0))",2345836,Verde,Línea,8
"MULTILINESTRING Z ((439451.7102 4477261.4485 0,439483.381 4477259.3744 0))",2345839,Verde,Batería,12
"MULTILINESTRING Z ((439071.1999 4477351.9341 0,439075.1834 4477356.4773 0,439079.4139 4477360.395 0,439084.2369 4477364.5432 0,439093.4221 4477371.8683 0))",2345867,Verde,Línea,6
"MULTILINESTRING Z ((440038.8131 4477554.1563 0,440043.5538 4477553.6872 0,440047.1834 4477552.4526 0))",2345912,Verde,Línea,2
"MULTILINESTRING Z ((437645.9616 4476089.9294 0,437640.2564 4476109.0091 0))",2346002,Azul,Batería,8
"MULTILINESTRING Z ((437929.164 4475657.0824 0,437917.5665 4475669.3346 0))",2346038,Verde,Línea,3
"MULTILINESTRING Z ((438121.3638 4475566.1421 0,438112.8839 4475558.4105 0))",2346052,Verde,Línea,2
"MULTILINESTRING Z ((438087.8808 4475534.4674 0,438077.2186 4475524.7405 0))",2346054,Verde,Línea,3
"MULTILINESTRING Z ((437637.9182 4475917.1834 0,437603.0323 4476006.2843 0))",2346060,Azul,Línea,20
"MULTILINESTRING Z ((437556.5489 4475866.0237 0,437549.3473 4475891.0891 0))",2346067,Verde,Línea,5
"MULTILINESTRING Z ((437500.3387 4475977.883 0,437507.5403 4475980.4083 0))",2346070,Azul,Batería,3
"MULTILINESTRING Z ((437618.6515 4475870.7001 0,437629.9683 4475871.3548 0))",2346080,Verde,Línea,2
"MULTILINESTRING Z ((437686.6462 4475798.4966 0,437679.4446 4475807.2882 0))",2346086,Verde,Línea,2
"MULTILINESTRING Z ((437626.9769 4475756.7977 0,437649.5093 4475771.0901 0))",2346090,Verde,Línea,6
"MULTILINESTRING Z ((437590.8812 4475760.0791 0,437563.9007 4475774.1528 0))",2346091,Verde,Línea,6
"MULTILINESTRING Z ((437560.4734 4475775.9758 0,437552.3063 4475780.2052 0))",2346092,Verde,Línea,2
"MULTILINESTRING Z ((437550.4833 4475772.1839 0,437551.2854 4475762.3397 0,437552.0876 4475757.0894 0,437553.2543 4475751.3287 0,437556.0253 4475741.6303 0,437558.14 4475734.9945 0,437564.0465 4475721.9418 0))",2346095,Verde,Línea,11
"MULTILINESTRING Z ((437545.306 4475704.8784 0,437558.4316 4475713.1184 0))",2346097,Verde,Línea,3
"MULTILINESTRING Z ((437570.8251 4475711.3262 0,437580.2614 4475700.3999 0,437585.4762 4475695.4335 0,437590.8152 4475690.8395 0,437598.389 4475685.128 0,437607.4528 4475679.6649 0))",2346098,Verde,Línea,9
"MULTILINESTRING Z ((437663.6982 4475772.0414 0,437667.1747 4475764.9641 0,437669.5338 4475759.2527 0,437672.1412 4475752.1755 0,437673.2587 4475748.4506 0))",2346124,Verde,Línea,5
"MULTILINESTRING Z ((437667.2989 4475774.7729 0,437670.2788 4475768.5648 0,437675.9902 4475754.0379 0,437677.9768 4475747.0848 0,437679.4668 4475740.5042 0,437680.8325 4475732.5579 0))",2346127,Verde,Línea,9
"MULTILINESTRING Z ((437690.2003 4475708.6163 0,437697.4019 4475708.3357 0,437706.2871 4475707.2134 0,437715.6399 4475705.2493 0))",2346129,Verde,Línea,5
"MULTILINESTRING Z ((437725.4603 4475755.2867 0,437701.9848 4475780.6327 0))",2346133,Verde,Línea,7
"MULTILINESTRING Z ((437694.7831 4475789.0502 0,437698.2437 4475785.1221 0))",2346134,Verde,Línea,1
"MULTILINESTRING Z ((437745.4752 4475734.5235 0,437759.4109 4475719.2785 0))",2346140,Verde,Línea,4
"MULTILINESTRING Z ((437764.4614 4475713.5732 0,437786.3469 4475689.8172 0))",2346141,Verde,Línea,6
"MULTILINESTRING Z ((437692.6782 4475681.4709 0,437685.0945 4475683.2939 0))",2346156,Verde,Línea,1
"MULTILINESTRING Z ((437643.4569 4475661.4907 0,437641.3422 4475656.0217 0,437639.9567 4475651.4277 0,437639.0817 4475646.7608 0,437638.4254 4475641.2188 0))",2346158,Verde,Línea,4
"MULTILINESTRING Z ((437627.4431 4475572.9073 0,437646.8969 4475585.8142 0))",2346160,Verde,Línea,5
"MULTILINESTRING Z ((437679.0705 4475600.1239 0,437712.2729 4475549.6189 0))",2346165,Verde,Línea,13
"MULTILINESTRING Z ((437662.329 4475514.4524 0,437683.4663 4475528.014 0))",2346166,Verde,Línea,5
"MULTILINESTRING Z ((437691.3226 4475533.158 0,437711.5246 4475546.2519 0))",2346167,Verde,Línea,5
"MULTILINESTRING Z ((437718.3522 4475550.9283 0,437730.7914 4475558.6911 0))",2346168,Verde,Línea,3
"MULTILINESTRING Z ((437793.3084 4475570.7048 0,437799.9442 4475561.5168 0))",2346170,Verde,Línea,2
"MULTILINESTRING Z ((437787.6935 4475588.3515 0,437803.0068 4475564.2878 0))",2346171,Verde,Línea,6
"MULTILINESTRING Z ((437809.7289 4475665.0323 0,437798.9732 4475676.6297 0))",2346173,Verde,Línea,3
"MULTILINESTRING Z ((437839.9384 4475643.5209 0,437796.4479 4475690.1913 0))",2346175,Verde,Batería,24
"MULTILINESTRING Z ((437792.1457 4475596.3828 0,437837.6002 4475624.7218 0))",2346178,Verde,Línea,11
"MULTILINESTRING Z ((437830.118 4475570.2886 0,437816.65 4475561.684 0))",2346180,Verde,Línea,3
"MULTILINESTRING Z ((437878.1913 4475591.987 0,437923.1782 4475543.8202 0))",2346187,Verde,Línea,13
"MULTILINESTRING Z ((437997.4705 4475475.1707 0,437943.9102 4475532.0357 0))",2346188,Verde,Batería,31
"MULTILINESTRING Z ((437922.43 4475412.4135 0,437946.2796 4475424.9462 0))",2346217,Verde,Batería,11
"MULTILINESTRING Z ((437908.244 4475298.2526 0,437917.994 4475310.0026 0))",2346224,Verde,Línea,3
"MULTILINESTRING Z ((438052.9014 4475218.4367 0,438052.9014 4475221.5231 0,438052.2467 4475223.3937 0,438049.7214 4475225.8254 0))",2346238,Verde,Batería,3
"MULTILINESTRING Z ((438063.47 4475231.8112 0,438047.6638 4475233.2141 0))",2346240,Verde,Línea,3
"MULTILINESTRING Z ((437925.239 4475381.4329 0,437910.5723 4475394.4329 0))",2346252,Verde,Batería,7
"MULTILINESTRING Z ((437930.4057 4475385.4745 0,437914.0307 4475400.0995 0))",2346253,Verde,Línea,4
"MULTILINESTRING Z ((438076.8515 4475264.3432 0,438096.7166 4475286.862 0))",2346257,Verde,Batería,11
"MULTILINESTRING Z ((438129.4539 4475311.684 0,438118.6515 4475302.7053 0,438113.7412 4475298.3563 0))",2346259,Verde,Línea,4
"MULTILINESTRING Z ((438093.773 4475146.0461 0,438095.4565 4475138.5639 0))",2346282,Verde,Batería,3
"MULTILINESTRING Z ((438174.3941 4475161.4782 0,438200.6754 4475137.6286 0))",2346285,Verde,Línea,7
"MULTILINESTRING Z ((438233.6907 4475340.9582 0,438237.2448 4475336.843 0))",2346321,Verde,Línea,1
"MULTILINESTRING Z ((438392.739 4475175.9927 0,438401.6557 4475165.4927 0))",2346330,Verde,Línea,3
"MULTILINESTRING Z ((438740.1445 4474763.4847 0,438735.7279 4474770.7347 0))",2346342,Verde,Línea,2
"MULTILINESTRING Z ((438675.15 4474853.1542 0,438678.5667 4474849.3209 0))",2346348,Verde,Línea,1
"MULTILINESTRING Z ((438504.4539 4475098.1599 0,438562.7218 4475034.3738 0))",2346352,Azul,Línea,17
"MULTILINESTRING Z ((438563.0959 4475034.0933 0,438573.1969 4475022.6829 0))",2346353,Azul,Línea,3
"MULTILINESTRING Z ((438704.2295 4474876.7794 0,438714.0499 4474865.9302 0))",2346358,Azul,Línea,3
"MULTILINESTRING Z ((438860.7951 4474738.6387 0,438833.3914 4474768.1935 0))",2346360,Azul,Línea,7
"MULTILINESTRING Z ((438574.1557 4475045.4329 0,438567.4057 4475052.8495 0))",2346366,Azul,Línea,2
"MULTILINESTRING Z ((442851.9035 4474156.5668 0,442827.2272 4474152.4881 0))",2346412,Verde,Línea,5
"MULTILINESTRING Z ((441024.6452 4475450.835 0,441024.0494 4475456.4619 0))",2346425,Azul,Batería,2
"MULTILINESTRING Z ((443256.0442 4473639.5479 0,443243.6199 4473640.592 0))",2346430,Azul,Línea,2
"MULTILINESTRING Z ((438797.5703 4474773.3376 0,438808.9807 4474760.6178 0))",2346442,Azul,Línea,3
"MULTILINESTRING Z ((442739.2409 4473824.6926 0,442746.8166 4473827.5915 0,442752.8463 4473831.7659 0,442761.4657 4473838.0662 0))",2346448,Azul,Línea,5
"MULTILINESTRING Z ((442798.3606 4473875.8641 0,442793.3287 4473865.4649 0,442789.4151 4473859.4267 0,442780.1341 4473850.7048 0,442778.5686 4473849.5866 0))",2346449,Azul,Línea,8
"MULTILINESTRING Z ((442370.9057 4475276.5761 0,442406.4057 4475274.0761 0))",2346469,Verde,Línea,8
"MULTILINESTRING Z ((441767.8223 4475281.0761 0,441766.0723 4475266.2427 0))",2346473,Verde,Línea,3
"MULTILINESTRING Z ((442307.3223 4474846.9094 0,442303.989 4474858.4094 0))",2346487,Azul,Línea,2
"MULTILINESTRING Z ((441987.3486 4474737.8871 0,441992.2386 4474740.6037 0))",2346506,Azul,Línea,1
"MULTILINESTRING Z ((438529.4057 4475319.2245 0,438558.2807 4475345.9745 0))",2346574,Naranja,Línea,8
"MULTILINESTRING Z ((440701.4618 4472567.5666 0,440707.3886 4472575.9291 0))",2346604,Verde,Línea,2
"MULTILINESTRING Z ((441311.7933 4474651.3325 0,441336.9353 4474646.8718 0))",2346625,Verde,Línea,5
"MULTILINESTRING Z ((441573.6585 4474891.1981 0,441568.3291 4474892.8636 0))",2346633,Verde,Línea,1
"MULTILINESTRING Z ((437612.342 4475763.7488 0,437610.9897 4475790.2155 0))",2346656,Verde,Línea,5
"MULTILINESTRING Z ((441200.702 4479281.3168 0,441226.6321 4479279.299 0))",2346826,Verde,Línea,5
"MULTILINESTRING Z ((441345.381 4479310.9958 0,441345.2081 4479308.1316 0))",2346829,Verde,Batería,1
"MULTILINESTRING Z ((441479.4427 4479233.9464 0,441480.776 4479250.2427 0))",2346832,Verde,Línea,5
"MULTILINESTRING Z ((441474.9983 4479228.0576 0,441475.4427 4479233.9835 0))",2346833,Verde,Línea,1
"MULTILINESTRING Z ((441354.8871 4479151.9094 0,441353.5538 4479135.3168 0))",2346835,Verde,Batería,5
"MULTILINESTRING Z ((441349.596 4479069.1889 0,441347.9663 4479050.9296 0))",2346871,Verde,Batería,6
"MULTILINESTRING Z ((441346.3737 4479029.1518 0,441347.0034 4479037.4852 0))",2346872,Verde,Batería,3
"MULTILINESTRING Z ((441308.2807 4478816.9511 0,441308.5307 4478821.2011 0))",2346874,Verde,Batería,2
"MULTILINESTRING Z ((441281.6154 4478972.0599 0,441288.8253 4478971.492 0))",2346891,Azul,Batería,3
"MULTILINESTRING Z ((441251.5589 4478974.4481 0,441254.7441 4478974.2259 0))",2346892,Azul,Batería,1
"MULTILINESTRING Z ((441218.5723 4478944.2427 0,441206.489 4478944.9927 0))",2346899,Verde,Batería,4
"MULTILINESTRING Z ((441190.8223 4478946.2427 0,441181.1557 4478947.0761 0))",2346905,Verde,Batería,3
"MULTILINESTRING Z ((441151.596 4478949.2352 0,441154.846 4478949.2352 0))",2346906,Verde,Batería,1
"MULTILINESTRING Z ((441301.0168 4478730.0761 0,441297.9057 4478691.1316 0))",2346934,Verde,Batería,14
"MULTILINESTRING Z ((441429.4612 4478671.8538 0,441430.739 4478687.7427 0))",2346939,Verde,Línea,3
"MULTILINESTRING Z ((440924.8871 4478806.0205 0,440923.9242 4478794.502 0,440923.4057 4478788.0946 0))",2346956,Verde,Batería,7
"MULTILINESTRING Z ((440929.096 4478828.8185 0,440937.2626 4478851.8185 0))",2346963,Verde,Batería,9
"MULTILINESTRING Z ((441072.4057 4478821.9927 0,441074.739 4478850.2427 0))",2346967,Verde,Batería,10
"MULTILINESTRING Z ((441022.2452 4478927.1193 0,441017.702 4478927.5884 0))",2346969,Verde,Batería,1
"MULTILINESTRING Z ((441138.7626 4478937.3185 0,441135.346 4478904.6518 0))",2346980,Verde,Batería,12
"MULTILINESTRING Z ((441130.6896 4479061.9588 0,441129.06 4479047.5143 0))",2346982,Azul,Línea,3
"MULTILINESTRING Z ((440995.1957 4479417.992 0,441008.8068 4479408.8809 0))",2346990,Verde,Batería,7
"MULTILINESTRING Z ((441191.7946 4479448.5761 0,441177.4057 4479460.0205 0))",2346991,Verde,Línea,4
"MULTILINESTRING Z ((441201.0723 4479447.1316 0,441226.239 4479478.6316 0))",2346993,Verde,Batería,19
"MULTILINESTRING Z ((441102.5168 4479149.2427 0,441062.0168 4479159.6316 0))",2347004,Verde,Batería,17
"MULTILINESTRING Z ((441017.6526 4479217.7119 0,441024.097 4479225.6872 0))",2347009,Azul,Batería,4
"MULTILINESTRING Z ((441032.8871 4479393.6501 0,441028.2205 4479385.5761 0))",2347011,Verde,Línea,2
"MULTILINESTRING Z ((441015.5538 4479363.465 0,441024.9242 4479379.7983 0))",2347012,Verde,Línea,4
"MULTILINESTRING Z ((441057.739 4479104.4094 0,441026.9612 4479115.5205 0))",2347017,Verde,Línea,7
"MULTILINESTRING Z ((441090.1834 4479082.6316 0,441065.9057 4479091.3538 0))",2347019,Verde,Batería,9
"MULTILINESTRING Z ((440960.4427 4479085.9835 0,440964.6279 4479096.8353 0))",2347022,Verde,Batería,5
"MULTILINESTRING Z ((440788.9612 4478994.0946 0,440793.2575 4478992.539 0))",2347030,Verde,Línea,1
"MULTILINESTRING Z ((440664.6155 4478930.1316 0,440672.7143 4478926.7489 0))",2347033,Verde,Línea,1
"MULTILINESTRING Z ((440614.5723 4478809.8538 0,440634.0168 4478803.0761 0))",2347036,Verde,Línea,4
"MULTILINESTRING Z ((441374.1834 4479383.502 0,441374.5908 4479388.3909 0))",2347067,Verde,Batería,2
"MULTILINESTRING Z ((441361.8623 4479230.0846 0,441362.529 4479238.6402 0))",2347068,Verde,Batería,3
"MULTILINESTRING Z ((441361.566 4479226.5661 0,441361.0105 4479219.7142 0))",2347069,Verde,Batería,2
"MULTILINESTRING Z ((441059.4057 4478658.8261 0,441070.2807 4478658.2011 0))",2347098,Azul,Línea,2
"MULTILINESTRING Z ((440981.3503 4479443.4046 0,440990.767 4479437.3213 0))",2347100,Verde,Línea,2
"MULTILINESTRING Z ((441053.4057 4479381.4897 0,441055.455 4479380.181 0))",2347102,Verde,Batería,1
"MULTILINESTRING Z ((441086.6896 4479426.2057 0,441105.4057 4479413.1687 0))",2347104,Verde,Línea,4
"MULTILINESTRING Z ((441191.6608 4478625.7448 0,441174.2781 4478627.1275 0))",2347858,Azul,Batería,6
"MULTILINESTRING Z ((441096.0038 4478289.2296 0,441126.8372 4478286.563 0))",2347863,Verde,Línea,6
"MULTILINESTRING Z ((441030.5307 4477601.2011 0,441028.1557 4477576.2011 0))",2347877,Azul,Línea,5
"MULTILINESTRING Z ((441042.9666 4478586.0241 0,441046.9666 4478635.7741 0))",2347881,Verde,Línea,11
"MULTILINESTRING Z ((440971.1834 4478486.465 0,440970.2205 4478474.9835 0))",2347886,Verde,Batería,5
"MULTILINESTRING Z ((440980.8994 4478427.7513 0,440981.6771 4478437.0476 0))",2347889,Verde,Batería,5
"MULTILINESTRING Z ((440983.2697 4478456.455 0,440982.1586 4478443.0105 0))",2347890,Verde,Batería,4
"MULTILINESTRING Z ((440937.8871 4478047.3168 0,440941.8871 4478047.0205 0))",2347893,Verde,Batería,2
"MULTILINESTRING Z ((440953.6649 4478046.0576 0,440944.8131 4478046.7613 0))",2347894,Verde,Batería,4
"MULTILINESTRING Z ((440875.9578 4477575.8935 0,440877.9578 4477596.2685 0))",2347914,Verde,Línea,4
"MULTILINESTRING Z ((440958.0082 4478503.1491 0,440946.8416 4478504.0657 0))",2347920,Verde,Línea,2
"MULTILINESTRING Z ((440740.3691 4478467.9661 0,440737.8993 4478459.9952 0))",2347923,Verde,Línea,2
"MULTILINESTRING Z ((440755.1882 4478337.4006 0,440759.9034 4478398.3611 0))",2347924,Verde,Línea,11
"MULTILINESTRING Z ((440680.489 4478714.4094 0,440694.739 4478710.2427 0))",2347925,Azul,Línea,3
"MULTILINESTRING Z ((440476.739 4478573.5761 0,440459.9612 4478578.465 0))",2347927,Verde,Línea,3
"MULTILINESTRING Z ((440433.1557 4478491.0761 0,440447.489 4478486.9927 0))",2347928,Verde,Línea,3
"MULTILINESTRING Z ((440365.7647 4477752.4358 0,440379.3946 4477751.7474 0))",2347930,Verde,Línea,3
"MULTILINESTRING Z ((442904.4177 4475822.9594 0,442879.3079 4475824.7154 0))",2347932,Verde,Batería,10
"MULTILINESTRING Z ((439297.239 4476925.1594 0,439281.0723 4476943.4094 0))",2347934,Verde,Batería,10
"MULTILINESTRING Z ((439708.8871 4477967.539 0,439722.5538 4477969.0576 0))",2348025,Verde,Línea,3
"MULTILINESTRING Z ((439706.1464 4477989.9094 0,439706.5908 4477979.539 0))",2348027,Verde,Línea,2
"MULTILINESTRING Z ((439699.1834 4477988.8538 0,439700.2946 4477962.1316 0,439701.7946 4477913.1316 0))",2348029,Verde,Línea,15
"MULTILINESTRING Z ((439671.739 4478033.0205 0,439676.702 4478008.7613 0))",2348030,Verde,Línea,5
"MULTILINESTRING Z ((439679.9057 4478034.7983 0,439684.6279 4478010.2983 0))",2348031,Verde,Línea,5
"MULTILINESTRING Z ((439556.4057 4478011.4279 0,439565.702 4478012.5761 0,439574.4427 4478013.9464 0,439577.8871 4478014.5761 0,439580.9983 4478015.3909 0,439586.8501 4478017.2427 0,439592.6279 4478018.8353 0,439605.4797 4478022.7242 0,439615.4797 4478025.6131 0,439626.4797 4478029.2427 0,439630.9242 4478030.3909 0,439648.8131 4478035.8353 0,439668.4057 4478041.6131 0))",2348033,Verde,Línea,25
"MULTILINESTRING Z ((439499.8501 4478004.4094 0,439514.9057 4478006.5205 0,439541.7946 4478009.9094 0))",2348034,Verde,Línea,9
"MULTILINESTRING Z ((439516.6402 4477940.6995 0,439500.5415 4477991.6378 0))",2348035,Verde,Línea,11
"MULTILINESTRING Z ((439413.776 4477870.0822 0,439400.739 4477868.1316 0))",2348054,Verde,Línea,2
"MULTILINESTRING Z ((439419.0723 4477870.8724 0,439437.776 4477873.6501 0))",2348055,Verde,Línea,4
"MULTILINESTRING Z ((439545.9057 4477888.965 0,439592.5168 4477893.9094 0,439618.9612 4477896.6316 0))",2348057,Verde,Línea,15
"MULTILINESTRING Z ((439300.5784 4477846.2821 0,439343.8376 4477850.85 0))",2348063,Azul,Línea,10
"MULTILINESTRING Z ((439363.5044 4477853.0699 0,439391.9983 4477856.8724 0))",2348065,Verde,Línea,6
"MULTILINESTRING Z ((439420.4674 4477860.6995 0,439518.2946 4477875.144 0))",2348067,Verde,Línea,21
"MULTILINESTRING Z ((439552.9057 4477875.0761 0,439593.1279 4477879.3538 0))",2348068,Azul,Batería,16
"MULTILINESTRING Z ((439788.9057 4477886.3538 0,439790.5168 4477883.1316 0,439794.4057 4477874.5205 0))",2348074,Verde,Batería,5
"MULTILINESTRING Z ((439540.0353 4477868.9835 0,439546.9612 4477846.7983 0))",2348080,Verde,Línea,5
"MULTILINESTRING Z ((439663.529 4477875.0476 0,439668.8623 4477857.9365 0))",2348082,Verde,Línea,3
"MULTILINESTRING Z ((439694.9365 4477776.1069 0,439698.6402 4477764.6501 0))",2348099,Verde,Línea,2
"MULTILINESTRING Z ((439383.1834 4477740.9464 0,439351.5168 4477757.6131 0))",2348107,Verde,Línea,7
"MULTILINESTRING Z ((439588.8501 4477783.2427 0,439593.9612 4477784.7983 0))",2348117,Verde,Línea,1
"MULTILINESTRING Z ((439576.2946 4477779.539 0,439580.776 4477780.8724 0))",2348118,Verde,Línea,1
"MULTILINESTRING Z ((439739.9489 4477662.9464 0,439745.5785 4477645.144 0))",2348126,Azul,Línea,4
"MULTILINESTRING Z ((439107.8995 4477611.144 0,439116.6896 4477621.7119 0))",2348137,Verde,Línea,3
"MULTILINESTRING Z ((439135.7946 4477645.0761 0,439122.7946 4477629.4094 0))",2348138,Verde,Línea,5
"MULTILINESTRING Z ((439156.9612 4477674.9464 0,439150.4057 4477663.3909 0,439143.4427 4477654.8353 0))",2348139,Verde,Línea,5
"MULTILINESTRING Z ((439116.0723 4477603.5143 0,439119.776 4477608.0822 0))",2348148,Azul,Línea,1
"MULTILINESTRING Z ((439159.5044 4477657.3909 0,439164.3439 4477663.3662 0,439173.5291 4477681.3415 0))",2348151,Azul,Línea,5
"MULTILINESTRING Z ((439172.8501 4477632.8353 0,439158.6649 4477640.465 0))",2348158,Verde,Línea,3
"MULTILINESTRING Z ((439325.5538 4477551.1316 0,439319.4427 4477554.2798 0,439297.2946 4477566.2427 0))",2348159,Verde,Línea,6
"MULTILINESTRING Z ((439567.2081 4477761.2674 0,439573.4797 4477741.9588 0))",2348161,Verde,Línea,4
"MULTILINESTRING Z ((439627.8501 4477748.3538 0,439630.9118 4477738.8724 0))",2348171,Verde,Línea,2
"MULTILINESTRING Z ((439622.776 4477786.7983 0,439626.2205 4477775.9835 0))",2348174,Verde,Línea,2
"MULTILINESTRING Z ((439645.8995 4477714.7736 0,439650.5415 4477700.2304 0))",2348177,Verde,Línea,3
"MULTILINESTRING Z ((439662.4427 4477663.0699 0,439660.8131 4477668.181 0))",2348179,Verde,Línea,1
"MULTILINESTRING Z ((439328.3439 4477545.6378 0,439325.3316 4477544.4279 0,439322.0353 4477542.8353 0,439318.8871 4477540.8724 0,439316.9242 4477539.3909 0,439313.9612 4477536.6501 0,439311.8871 4477534.4279 0,439310.6279 4477532.9464 0,439307.4057 4477528.465 0))",2348181,Verde,Línea,5
"MULTILINESTRING Z ((439335.0353 4477540.3168 0,439340.5538 4477542.0946 0,439342.0353 4477542.4279 0,439353.4797 4477545.9835 0))",2348184,Verde,Línea,4
"MULTILINESTRING Z ((439645.0847 4477649.2921 0,439654.3933 4477652.2798 0))",2348192,Verde,Línea,2
"MULTILINESTRING Z ((439741.9612 4477680.0946 0,439750.776 4477682.8353 0))",2348195,Verde,Línea,2
"MULTILINESTRING Z ((439763.8871 4477686.9835 0,439783.8131 4477693.3538 0))",2348196,Verde,Línea,4
"MULTILINESTRING Z ((439502.097 4477594.5761 0,439510.3686 4477597.218 0))",2348200,Verde,Batería,3
"MULTILINESTRING Z ((439598.4427 4477624.9094 0,439582.5908 4477619.8353 0))",2348204,Verde,Batería,6
"MULTILINESTRING Z ((439406.239 4478820.1316 0,439420.6279 4478818.5761 0))",2348229,Verde,Línea,3
"MULTILINESTRING Z ((439439.5044 4478824.1563 0,439453.5538 4478820.6501 0))",2348234,Verde,Línea,3
"MULTILINESTRING Z ((439440.5415 4478826.9218 0,439453.6526 4478821.4403 0))",2348238,Azul,Línea,3
"MULTILINESTRING Z ((439254.322 4478776.2853 0,439249.7267 4478762.6748 0))",2348250,Azul,Línea,3
"MULTILINESTRING Z ((439231.7047 4478692.7846 0,439252.3851 4478749.6954 0))",2348253,Verde,Línea,13
"MULTILINESTRING Z ((439228.0614 4478683.1165 0,439229.7952 4478687.7036 0))",2348254,Verde,Línea,1
"MULTILINESTRING Z ((439214.1299 4478646.4691 0,439222.8707 4478669.3333 0))",2348255,Verde,Línea,5
"MULTILINESTRING Z ((439145.7678 4478517.679 0,439128.5003 4478481.9917 0))",2348257,Azul,Línea,9
"MULTILINESTRING Z ((439126.0147 4478476.8394 0,439121.5908 4478467.6501 0))",2348258,Azul,Línea,2
"MULTILINESTRING Z ((439101.3501 4478426.7427 0,439115.9057 4478455.965 0,439119.0723 4478462.5761 0))",2348259,Azul,Línea,8
"MULTILINESTRING Z ((439094.4674 4478412.3785 0,439096.9118 4478417.4156 0))",2348260,Azul,Línea,1
"MULTILINESTRING Z ((439079.702 4478381.8353 0,439091.6279 4478406.5761 0))",2348261,Azul,Línea,5
"MULTILINESTRING Z ((439075.8501 4478373.9588 0,439075.3069 4478373.3909 0,439073.6032 4478372.6748 0,439072.2452 4478372.6008 0,439071.381 4478372.7736 0))",2348262,Azul,Línea,1
"MULTILINESTRING Z ((439125.3316 4478459.8106 0,439115.381 4478439.2674 0))",2348267,Verde,Línea,4
"MULTILINESTRING Z ((439196.3686 4478606.7983 0,439203.0847 4478620.6748 0))",2348269,Verde,Línea,3
"MULTILINESTRING Z ((439176.529 4478564.9365 0,439191.3623 4478596.4365 0))",2348270,Verde,Línea,7
"MULTILINESTRING Z ((439251.2822 4478553.7366 0,439243.2822 4478537.5143 0))",2348274,Verde,Línea,3
"MULTILINESTRING Z ((439285.1752 4478507.7366 0,439273.0271 4478512.3785 0))",2348276,Verde,Línea,2
"MULTILINESTRING Z ((439242.7225 4478523.9176 0,439267.7267 4478514.3868 0))",2348277,Verde,Línea,5
"MULTILINESTRING Z ((439129.702 4478335.4279 0,439139.776 4478344.7242 0,439165.0723 4478368.2057 0))",2348278,Verde,Línea,10
"MULTILINESTRING Z ((439170.0422 4478372.8065 0,439180.9173 4478382.8477 0))",2348279,Verde,Línea,3
"MULTILINESTRING Z ((439225.4427 4478429.4279 0,439243.1094 4478448.7613 0))",2348281,Verde,Línea,5
"MULTILINESTRING Z ((439312.776 4478539.7983 0,439294.9983 4478506.9464 0))",2348283,Verde,Línea,8
"MULTILINESTRING Z ((439237.06 4478431.7119 0,439256.7143 4478453.2921 0,439258.6155 4478455.5884 0,439261.6526 4478459.1934 0))",2348286,Verde,Línea,7
"MULTILINESTRING Z ((439223.2946 4478416.6501 0,439236.8131 4478431.465 0))",2348288,Verde,Línea,4
"MULTILINESTRING Z ((439219.2328 4478412.1316 0,439209.6526 4478401.6378 0,439202.097 4478393.7859 0,439178.3686 4478370.9711 0))",2348290,Verde,Línea,12
"MULTILINESTRING Z ((439472.4057 4478589.4094 0,439482.9057 4478593.2427 0))",2348297,Verde,Batería,4
"MULTILINESTRING Z ((439439.739 4478568.3261 0,439485.6557 4478584.7427 0))",2348298,Verde,Línea,10
"MULTILINESTRING Z ((439148.1557 4478320.1594 0,439155.9057 4478319.0761 0,439160.739 4478319.4094 0,439164.489 4478319.8261 0,439180.1557 4478323.4927 0,439190.0723 4478326.0761 0,439195.1557 4478328.4927 0,439201.989 4478333.4094 0,439203.739 4478335.9094 0,439213.0723 4478348.3261 0))",2348341,Verde,Línea,16
"MULTILINESTRING Z ((439307.4057 4478446.0761 0,439299.239 4478441.3261 0,439291.6557 4478434.7427 0,439274.9057 4478418.3261 0,439255.0723 4478398.5761 0,439243.739 4478387.4927 0,439235.0723 4478378.2427 0,439213.0723 4478348.3261 0))",2348343,Verde,Línea,29
"MULTILINESTRING Z ((439200.8131 4478343.539 0,439217.9489 4478367.0452 0))",2348345,Verde,Línea,6
"MULTILINESTRING Z ((439218.2287 4478367.4073 0,439224.1546 4478375.358 0))",2348346,Verde,Línea,2
"MULTILINESTRING Z ((439230.0806 4478383.0781 0,439243.8131 4478397.539 0))",2348347,Verde,Línea,4
"MULTILINESTRING Z ((439248.632 4478402.1728 0,439253.6526 4478407.1604 0))",2348351,Verde,Línea,1
"MULTILINESTRING Z ((439278.953 4478431.9341 0,439284.0723 4478436.7736 0,439289.1917 4478441.9917 0,439292.2205 4478444.6255 0,439295.2987 4478447.0946 0,439299.1176 4478449.5473 0,439303.3151 4478451.9012 0))",2348353,Verde,Línea,6
"MULTILINESTRING Z ((439318.5168 4478539.144 0,439324.1958 4478515.0205 0))",2348355,Verde,Línea,5
"MULTILINESTRING Z ((439324.2946 4478514.502 0,439335.1464 4478469.0205 0))",2348356,Verde,Línea,10
"MULTILINESTRING Z ((439343.6443 4478464.6419 0,439344.8954 4478459.3744 0))",2348359,Verde,Línea,1
"MULTILINESTRING Z ((439439.4427 4478629.6501 0,439432.8871 4478627.539 0,439406.4427 4478618.6501 0))",2348365,Verde,Línea,7
"MULTILINESTRING Z ((439472.4612 4478674.7983 0,439460.7946 4478683.465 0))",2348370,Verde,Línea,3
"MULTILINESTRING Z ((439239.7815 4478302.3319 0,439255.3974 4478323.358 0))",2348381,Verde,Línea,5
"MULTILINESTRING Z ((439260.702 4478758.3909 0,439276.9983 4478736.9464 0,439278.3686 4478734.9835 0,439282.0353 4478728.3538 0))",2348389,Verde,Línea,7
"MULTILINESTRING Z ((439302.9734 4478690.492 0,439287.3623 4478718.6031 0))",2348390,Verde,Línea,6
"MULTILINESTRING Z ((439340.7946 4478622.6316 0,439330.1834 4478641.5761 0))",2348395,Verde,Línea,4
"MULTILINESTRING Z ((439350.1217 4478632.6008 0,439339.1341 4478652.5514 0,439335.4797 4478659.1687 0))",2348397,Verde,Batería,11
"MULTILINESTRING Z ((439384.5662 4478553.218 0,439393.4304 4478528.4279 0))",2348406,Verde,Línea,5
"MULTILINESTRING Z ((439501.8501 4478292.2057 0,439516.2205 4478282.6872 0))",2348410,Verde,Línea,3
"MULTILINESTRING Z ((439534.6279 4478726.9835 0,439545.5538 4478730.7983 0,439548.1834 4478731.7983 0,439549.2205 4478732.539 0,439549.8871 4478733.3538 0))",2348419,Verde,Batería,6
"MULTILINESTRING Z ((439526.8501 4478724.2427 0,439529.4057 4478725.0761 0))",2348422,Verde,Batería,1
"MULTILINESTRING Z ((439489.4797 4478668.6008 0,439490.2452 4478670.4279 0,439501.2328 4478684.6008 0))",2348426,Verde,Línea,4
"MULTILINESTRING Z ((439465.5908 4478638.8724 0,439455.2205 4478623.3909 0))",2348428,Verde,Línea,4
"MULTILINESTRING Z ((439534.9057 4478454.1594 0,439556.6557 4478398.2427 0))",2348444,Verde,Línea,12
"MULTILINESTRING Z ((439585.8007 4478637.9341 0,439590.5908 4478646.6008 0))",2348446,Verde,Línea,2
"MULTILINESTRING Z ((439574.2452 4478616.9958 0,439583.1094 4478633.0452 0))",2348447,Verde,Línea,4
"MULTILINESTRING Z ((439569.5209 4478608.4444 0,439574.1464 4478616.823 0))",2348448,Verde,Línea,2
"MULTILINESTRING Z ((439301.6649 4478533.7983 0,439290.2205 4478512.3168 0))",2348465,Verde,Línea,5
"MULTILINESTRING Z ((439215.5168 4478418.539 0,439222.702 4478426.4279 0))",2348466,Verde,Línea,2
"MULTILINESTRING Z ((439822.1557 4477854.4094 0,439844.6557 4477807.1594 0))",2348467,Verde,Línea,11
"MULTILINESTRING Z ((437617.1654 4475760.0318 0,437618.8585 4475759.6998 0,437620.6844 4475758.9694 0,437622.0787 4475757.8739 0,437622.8755 4475757.2763 0))",2348496,Verde,Línea,1
"MULTILINESTRING Z ((437624.6018 4475736.5272 0,437623.1743 4475735.1993 0,437620.8504 4475733.5062 0,437618.4601 4475732.477 0))",2348499,Verde,Línea,1
"MULTILINESTRING Z ((437610.1937 4475731.6803 0,437607.1394 4475732.7094 0,437604.5167 4475734.2034 0,437603.4544 4475734.9337 0))",2348500,Verde,Línea,1
"MULTILINESTRING Z ((437599.205 4475749.873 0,437598.873 4475747.7151 0,437598.8398 4475745.6236 0,437599.2382 4475743.2665 0))",2348501,Verde,Línea,1
"MULTILINESTRING Z ((441733.989 4477269.9927 0,441738.8223 4477274.4094 0))",2348511,Verde,Línea,1
"MULTILINESTRING Z ((443634.6896 4476445.5637 0,443644.7637 4476455.7613 0,443651.9489 4476464.3538 0,443653.1094 4476465.9094 0))",2348516,Verde,Línea,6
"MULTILINESTRING Z ((443640.2452 4476750.0082 0,443639.702 4476751.465 0,443638.8871 4476752.7489 0,443637.9489 4476753.6378 0,443636.9365 4476754.3045 0))",2348517,Verde,Batería,2
"MULTILINESTRING Z ((440548.8871 4477039.7366 0,440544.0286 4477040.5378 0))",2348589,Verde,Línea,1
"MULTILINESTRING Z ((439616.239 4477784.6316 0,439622.4057 4477765.3538 0))",2348593,Verde,Línea,4
"MULTILINESTRING Z ((439243.0723 4478537.1316 0,439240.4427 4478531.7983 0))",2348594,Verde,Línea,1
"MULTILINESTRING Z ((439852.739 4477790.0761 0,439879.3223 4477734.5761 0))",2348946,Verde,Línea,13
"MULTILINESTRING Z ((441267.7513 4479501.2427 0,441274.6896 4479510.8971 0,441277.0353 4479512.3785 0))",2349036,Verde,Línea,3
"MULTILINESTRING Z ((441112.7261 4479356.5084 0,441104.945 4479361.46 0))",2349037,Verde,Línea,2
"MULTILINESTRING Z ((439424.5908 4478818.1069 0,439427.4057 4478817.7859 0,439428.9859 4478817.8847 0))",2349111,Verde,Línea,1
"MULTILINESTRING Z ((439488.1279 4478717.3538 0,439458.6279 4478707.0761 0))",2349113,Verde,Batería,14
"MULTILINESTRING Z ((439510.9983 4478738.4279 0,439502.1094 4478735.3909 0))",2349114,Verde,Línea,2
"MULTILINESTRING Z ((439482.5908 4478728.8724 0,439500.5538 4478734.8353 0))",2349115,Verde,Línea,4
"MULTILINESTRING Z ((439549.9612 4478653.4279 0,439552.3316 4478646.9094 0))",2349118,Verde,Batería,3
"MULTILINESTRING Z ((440705.7678 4477171.2427 0,440656.2699 4477174.8724 0))",2349236,Verde,Línea,10
"MULTILINESTRING Z ((440592.4205 4478191.3963 0,440604.1705 4478190.313 0))",2349239,Verde,Línea,2
"MULTILINESTRING Z ((441301.239 4478732.1872 0,441301.7946 4478740.8538 0))",2349241,Verde,Batería,4
"MULTILINESTRING Z ((442233.239 4475750.1594 0,442234.3223 4475764.7427 0))",2349246,Verde,Batería,4
"MULTILINESTRING Z ((440755.9186 4482287.6869 0,440746.9971 4482308.2453 0))",2349452,Verde,Línea,4
"MULTILINESTRING Z ((440759.289 4482280.4277 0,440769.8446 4482256.0203 0))",2349453,Verde,Línea,5
"MULTILINESTRING Z ((440779.6223 4482253.5018 0,440764.8446 4482287.724 0))",2349454,Verde,Línea,8
"MULTILINESTRING Z ((440702.9186 4482218.8721 0,440677.5483 4482208.0203 0))",2349458,Verde,Línea,6
"MULTILINESTRING Z ((440676.8075 4482207.6869 0,440672.6594 4482205.9832 0))",2349459,Verde,Línea,1
"MULTILINESTRING Z ((440548.789 4482197.6684 0,440556.9557 4482178.4184 0,440559.4557 4482172.5851 0,440562.289 4482165.8351 0))",2349466,Verde,Línea,7
"MULTILINESTRING Z ((440398.8871 4482134.9835 0,440381.776 4482124.502 0))",2349469,Verde,Batería,8
"MULTILINESTRING Z ((440347.4429 4482089.9219 0,440344.5169 4482097.2552 0,440343.8503 4482099.8478 0))",2349470,Verde,Línea,2
"MULTILINESTRING Z ((440440.0723 4482057.9835 0,440416.6279 4482051.3168 0))",2349473,Verde,Batería,10
"MULTILINESTRING Z ((440524.5723 4482065.8538 0,440485.6279 4482055.0761 0))",2349480,Verde,Línea,8
"MULTILINESTRING Z ((440478.2946 4482053.0205 0,440443.8871 4482043.3909 0,440428.1094 4482039.2427 0,440415.6649 4482035.502 0))",2349481,Verde,Línea,15
"MULTILINESTRING Z ((440338.2206 4482026.8848 0,440314.554 4482015.2552 0))",2349483,Verde,Línea,6
"MULTILINESTRING Z ((440298.554 4482008.8108 0,440308.591 4482012.8478 0))",2349484,Verde,Línea,2
"MULTILINESTRING Z ((440277.1464 4482003.3168 0,440297.4057 4482010.9464 0))",2349485,Verde,Batería,9
"MULTILINESTRING Z ((440249.0168 4481992.6316 0,440264.7946 4481998.5205 0))",2349486,Verde,Batería,7
"MULTILINESTRING Z ((440245.1836 4481991.107 0,440242.8132 4481990.1811 0))",2349487,Verde,Batería,1
"MULTILINESTRING Z ((440206.1466 4481975.8478 0,440204.2577 4481975.2182 0,440169.9984 4481962.07 0))",2349489,Verde,Batería,17
"MULTILINESTRING Z ((440065.9984 4481908.4404 0,440061.6651 4481919.5515 0))",2349497,Verde,Batería,5
"MULTILINESTRING Z ((440060.8223 4481921.3261 0,440082.239 4481929.4927 0))",2349500,Verde,Batería,10
"MULTILINESTRING Z ((440108.2206 4481937.1441 0,440090.554 4481930.4404 0,440090.1095 4481930.2552 0,440088.4429 4481928.9959 0,440084.5169 4481925.5145 0,440083.3317 4481924.2922 0,440081.8503 4481922.5515 0,440079.628 4481919.4033 0,440078.591 4481917.6996 0,440077.9614 4481916.3293 0,440076.7021 4481912.2552 0,440076.1836 4481910.107 0))",2349502,Verde,Línea,9
"MULTILINESTRING Z ((440277.6651 4481988.1441 0,440307.1836 4481999.4033 0))",2349509,Verde,Línea,6
"MULTILINESTRING Z ((440615.1834 4482109.1872 0,440675.6834 4482134.5205 0))",2349510,Verde,Línea,14
"MULTILINESTRING Z ((440685.4057 4482138.5761 0,440758.8223 4482169.9927 0))",2349511,Verde,Línea,17
"MULTILINESTRING Z ((440896.789 4482073.6684 0,440894.1223 4482078.0851 0))",2349520,Verde,Línea,1
"MULTILINESTRING Z ((440870.4057 4482092.9835 0,440850.702 4482089.1687 0))",2349521,Verde,Batería,8
"MULTILINESTRING Z ((440835.9529 4482071.492 0,440859.4426 4482076.1505 0))",2349524,Verde,Batería,9
"MULTILINESTRING Z ((440741.4612 4482072.5205 0,440738.9612 4482076.8538 0))",2349525,Azul,Batería,2
"MULTILINESTRING Z ((440714.289 4482070.8351 0,440722.326 4482075.3166 0))",2349530,Azul,Batería,3
"MULTILINESTRING Z ((440869.5538 4482080.539 0,440839.6649 4482062.7613 0))",2349534,Verde,Línea,7
"MULTILINESTRING Z ((440832.1094 4482070.7613 0,440836.9612 4482061.7613 0))",2349535,Azul,Línea,2
"MULTILINESTRING Z ((440764.2452 4482059.7859 0,440767.6526 4482060.3292 0,440772.6896 4482060.6008 0,440774.9118 4482060.6008 0,440776.3933 4482060.3292 0,440777.2328 4482059.7366 0,440777.6032 4482058.4526 0,440777.702 4482056.6501 0,440777.6032 4482026.6748 0))",2349539,Verde,Batería,12
"MULTILINESTRING Z ((440741.0353 4482047.6501 0,440740.4427 4482048.3168 0,440739.3316 4482049.7983 0,440739.4427 4482050.0946 0,440739.8501 4482050.3168 0,440750.6279 4482055.5761 0,440757.4797 4482058.1687 0,440761.776 4482059.3909 0,440763.2946 4482059.6131 0))",2349540,Verde,Batería,10
"MULTILINESTRING Z ((440749.9983 4482038.2427 0,440741.2205 4482047.4279 0))",2349541,Verde,Batería,4
"MULTILINESTRING Z ((440748.4612 4482033.5205 0,440770.4612 4481994.465 0))",2349542,Verde,Batería,19
"MULTILINESTRING Z ((440775.3069 4482012.3045 0,440777.5538 4482006.4526 0))",2349543,Verde,Batería,3
"MULTILINESTRING Z ((440755.4557 4482050.5573 0,440768.0112 4482020.2795 0))",2349544,Verde,Batería,13
"MULTILINESTRING Z ((440757.4001 4482051.6684 0,440764.1223 4482035.3906 0))",2349545,Verde,Batería,7
"MULTILINESTRING Z ((440716.5723 4482052.3538 0,440679.1279 4482030.6872 0))",2349551,Verde,Batería,19
"MULTILINESTRING Z ((440700.0353 4482024.7613 0,440684.739 4482015.9835 0))",2349554,Verde,Batería,7
"MULTILINESTRING Z ((440667.2575 4482005.9094 0,440680.9612 4482013.7983 0))",2349555,Verde,Batería,6
"MULTILINESTRING Z ((440616.6978 4481977.5143 0,440632.1382 4481986.3538 0))",2349560,Verde,Batería,7
"MULTILINESTRING Z ((440593.7843 4481964.3621 0,440598.9859 4481967.4403 0))",2349568,Verde,Batería,3
"MULTILINESTRING Z ((440527.6964 4481929.761 0,440534.5483 4481917.4647 0))",2349574,Verde,Batería,6
"MULTILINESTRING Z ((440499.4304 4481770.6337 0,440488.3851 4481765.1028 0))",2349584,Verde,Línea,2
"MULTILINESTRING Z ((440649.1038 4481858.761 0,440676.1038 4481874.2795 0))",2349588,Azul,Batería,12
"MULTILINESTRING Z ((440678.4592 4481875.6707 0,440695.4304 4481885.3827 0))",2349589,Azul,Batería,8
"MULTILINESTRING Z ((440764.7472 4481919.5884 0,440768.7966 4481922.0082 0,440770.5579 4481923.1604 0,440772.1382 4481924.4115 0,440773.9653 4481926.1728 0,440774.7225 4481927.0452 0,440775.8583 4481928.5596 0,440777.5374 4481931.4732 0,440778.4262 4481933.5802 0,440779.0847 4481935.3415 0,440779.6937 4481937.7777 0,440780.0888 4481941.9752 0,440780.2699 4481949.1357 0,440780.204 4481958.9958 0))",2349593,Verde,Línea,10
"MULTILINESTRING Z ((440780.4839 4482006.5349 0,440780.3686 4481990.2715 0,440780.204 4481970.1728 0))",2349594,Verde,Línea,8
"MULTILINESTRING Z ((440516.239 4481938.0761 0,440560.1834 4481963.3538 0,440592.6279 4481981.7983 0,440598.5723 4481985.0205 0))",2349603,Verde,Batería,34
"MULTILINESTRING Z ((440451.776 4481902.7983 0,440464.5662 4481909.6378 0))",2349607,Azul,Batería,6
"MULTILINESTRING Z ((440567.5723 4481681.7427 0,440599.739 4481696.4094 0))",2349638,Verde,Batería,15
"MULTILINESTRING Z ((440415.8049 4481608.9829 0,440441.989 4481621.0761 0))",2349645,Verde,Línea,6
"MULTILINESTRING Z ((440299.6496 4481555.3728 0,440303.451 4481557.1326 0))",2349648,Verde,Línea,1
"MULTILINESTRING Z ((440115.4633 4481709.5473 0,440127.3974 4481698.9958 0,440137.1423 4481690.074 0,440141.9983 4481685.4979 0,440153.5044 4481674.0905 0))",2349656,Verde,Línea,10
"MULTILINESTRING Z ((437832.3626 4476059.4393 0,437859.2051 4476076.3679 0))",2349744,Azul,Batería,12
"MULTILINESTRING Z ((437860.6081 4476078.7061 0,437833.2979 4476117.9878 0))",2349745,Azul,Batería,18
"MULTILINESTRING Z ((437804.5849 4476097.1311 0,437828.9956 4476060.9358 0))",2349746,Azul,Batería,16
"MULTILINESTRING Z ((437849.1977 4476082.5407 0,437832.8303 4476072.5332 0))",2349747,Azul,Batería,7
"MULTILINESTRING Z ((437846.953 4476085.8142 0,437828.528 4476074.3102 0))",2349749,Azul,Batería,8
"MULTILINESTRING Z ((437841.9025 4476093.9511 0,437823.0099 4476082.2601 0))",2349750,Azul,Batería,8
"MULTILINESTRING Z ((437821.4199 4476085.1595 0,437839.7513 4476096.4764 0))",2349751,Azul,Batería,8
"MULTILINESTRING Z ((437832.7368 4476107.045 0,437814.3118 4476095.2605 0))",2349752,Azul,Batería,8
"MULTILINESTRING Z ((437814.7794 4476099.0951 0,437830.5856 4476109.5703 0))",2349753,Azul,Batería,7
"MULTILINESTRING Z ((441369.5723 4477930.7427 0,441367.5723 4477905.7427 0))",2349870,Azul,Línea,5
"MULTILINESTRING Z ((440074.5415 4477537.3168 0,440079.8995 4477530.7983 0,440080.4921 4477529.9588 0,440080.6649 4477529.5637 0,440081.0847 4477528.4279 0,440082.6557 4477517.8261 0))",2349907,Verde,Batería,9
"MULTILINESTRING Z ((440083.0106 4477508.2057 0,440080.2205 4477491.8847 0))",2349908,Verde,Batería,5
"MULTILINESTRING Z ((440754.3631 4482240.4647 0,440717.5853 4482224.9832 0))",2350172,Verde,Línea,8
"MULTILINESTRING Z ((440683.2205 4482202.0205 0,440688.3316 4482204.2057 0))",2350179,Verde,Línea,1
"MULTILINESTRING Z ((440553.7705 4482086.6129 0,440558.7705 4482088.2425 0))",2350186,Verde,Línea,1
"MULTILINESTRING Z ((440334.2114 4482085.0978 0,440330.378 4482094.5978 0))",2350194,Verde,Línea,2
"MULTILINESTRING Z ((440336.3501 4482079.465 0,440341.6279 4482065.8538 0))",2350200,Verde,Línea,2
"MULTILINESTRING Z ((440348.0229 4482049.3333 0,440349.2575 4482046.2386 0))",2350201,Verde,Línea,1
"MULTILINESTRING Z ((440240.9367 4481986.6996 0,440215.3071 4481976.7984 0))",2350203,Verde,Línea,5
"MULTILINESTRING Z ((440170.739 4481959.6378 0,440133.883 4481945.8436 0))",2350204,Verde,Línea,8
"MULTILINESTRING Z ((440548.9689 4482040.1536 0,440544.3115 4482028.1387 0))",2350209,Verde,Batería,5
"MULTILINESTRING Z ((440213.378 4481883.1811 0,440225.128 4481887.0561 0))",2350212,Verde,Línea,3
"MULTILINESTRING Z ((440555.7526 4482017.2039 0,440553.3564 4482010.9939 0))",2350230,Verde,Línea,1
"MULTILINESTRING Z ((440354.3501 4481919.7983 0,440363.4612 4481922.7983 0))",2350242,Verde,Línea,2
"MULTILINESTRING Z ((440054.4058 4481931.2922 0,440049.2577 4481929.3293 0))",2350264,Verde,Batería,2
"MULTILINESTRING Z ((440055.3317 4481905.07 0,440054.3688 4481907.8478 0,440048.4429 4481923.1811 0))",2350267,Verde,Batería,8
"MULTILINESTRING Z ((439999.8223 4481814.2427 0,439965.989 4481843.9927 0))",2350289,Azul,Línea,9
"MULTILINESTRING Z ((440216.8501 4481806.1872 0,440245.1279 4481816.5205 0))",2350300,Verde,Batería,12
"MULTILINESTRING Z ((440246.9243 4481812.5885 0,440254.1095 4481815.2182 0))",2350301,Verde,Línea,1
"MULTILINESTRING Z ((440319.1834 4481840.502 0,440311.4427 4481837.3168 0))",2350304,Verde,Línea,1
"MULTILINESTRING Z ((440342.123 4481908.9512 0,440355.7341 4481879.1178 0))",2350308,Verde,Línea,7
"MULTILINESTRING Z ((440370.5257 4481871.977 0,440354.2758 4481907.5647 0))",2350309,Verde,Línea,8
"MULTILINESTRING Z ((440199.1094 4481782.4279 0,440211.1588 4481786.4773 0))",2350311,Verde,Batería,5
"MULTILINESTRING Z ((440317.239 4481828.6316 0,440348.6834 4481841.8538 0))",2350316,Verde,Línea,6
"MULTILINESTRING Z ((440210.9859 4481652.823 0,440214.6402 4481654.0822 0))",2350322,Verde,Línea,1
"MULTILINESTRING Z ((440221.6279 4481656.3785 0,440228.097 4481658.5267 0))",2350324,Verde,Línea,1
"MULTILINESTRING Z ((440260.0229 4481669.144 0,440270.2452 4481672.6255 0))",2350328,Verde,Línea,2
"MULTILINESTRING Z ((440354.5168 4481708.6501 0,440354.6896 4481708.7736 0,440358.739 4481710.3045 0))",2350336,Verde,Batería,2
"MULTILINESTRING Z ((440242.3192 4481652.181 0,440267.7267 4481660.7242 0))",2350342,Verde,Línea,6
"MULTILINESTRING Z ((440284.8088 4481666.6968 0,440274.6977 4481663.1783 0))",2350346,Verde,Línea,2
"MULTILINESTRING Z ((440756.776 4482155.6501 0,440767.2946 4482160.0576 0))",2350372,Verde,Línea,2
"MULTILINESTRING Z ((440781.0723 4482151.1872 0,440781.0168 4482116.7983 0))",2350377,Verde,Línea,6
"MULTILINESTRING Z ((440814.239 4481823.6872 0,440818.7946 4481826.1872 0))",2350394,Verde,Línea,1
"MULTILINESTRING Z ((440799.6834 4481815.2983 0,440795.5723 4481813.0205 0))",2350395,Verde,Línea,1
"MULTILINESTRING Z ((440768.1464 4481843.4897 0,440765.9242 4481847.2921 0))",2350400,Verde,Batería,2
"MULTILINESTRING Z ((440770.2205 4481839.9464 0,440786.2946 4481812.3538 0))",2350401,Verde,Batería,16
"MULTILINESTRING Z ((440688.4612 4481752.2983 0,440675.4612 4481774.6316 0))",2350404,Verde,Línea,6
"MULTILINESTRING Z ((440651.6032 4481795.5884 0,440668.8625 4481765.465 0))",2350408,Verde,Línea,7
"MULTILINESTRING Z ((440634.3686 4481825.2427 0,440646.8048 4481803.8683 0))",2350410,Verde,Línea,5
"MULTILINESTRING Z ((440811.789 4481828.4184 0,440792.7057 4481859.5851 0))",2350413,Verde,Batería,16
"MULTILINESTRING Z ((440794.289 4481818.8351 0,440776.289 4481850.3351 0))",2350415,Verde,Batería,16
"MULTILINESTRING Z ((440798.7057 4481821.7518 0,440780.539 4481852.5018 0))",2350416,Verde,Batería,16
"MULTILINESTRING Z ((440760.8131 4481871.1316 0,440785.8871 4481885.6501 0))",2350423,Verde,Batería,12
"MULTILINESTRING Z ((440741.7267 4481890.1069 0,440751.229 4481873.2774 0))",2350424,Verde,Batería,8
"MULTILINESTRING Z ((440760.7637 4481884.0082 0,440775.6279 4481892.4526 0))",2350428,Verde,Línea,3
"MULTILINESTRING Z ((440772.1094 4481907.1687 0,440779.4427 4481894.3168 0))",2350430,Verde,Línea,3
"MULTILINESTRING Z ((440708.4674 4481875.3909 0,440728.4427 4481886.6995 0))",2350434,Verde,Línea,5
"MULTILINESTRING Z ((440717.5168 4481865.6872 0,440732.0168 4481840.2427 0))",2350435,Verde,Batería,12
"MULTILINESTRING Z ((440717.2334 4481838.6129 0,440701.0668 4481866.9462 0))",2350440,Verde,Batería,13
"MULTILINESTRING Z ((440703.4557 4481858.3351 0,440699.289 4481865.9462 0))",2350441,Verde,Batería,4
"MULTILINESTRING Z ((440706.7334 4481853.224 0,440711.1223 4481845.0018 0))",2350442,Verde,Batería,4
"MULTILINESTRING Z ((440678.3439 4481858.1234 0,440686.9365 4481863.0781 0))",2350444,Verde,Línea,2
"MULTILINESTRING Z ((440656.2534 4481845.4979 0,440669.3563 4481852.9382 0))",2350447,Verde,Línea,3
"MULTILINESTRING Z ((440815.4557 4481830.7518 0,440797.1223 4481861.8351 0))",2350462,Verde,Batería,16
"MULTILINESTRING Z ((440465.0106 4481742.3292 0,440475.1588 4481747.2427 0))",2350463,Verde,Línea,2
"MULTILINESTRING Z ((440362.1339 4481492.2936 0,440343.4178 4481483.882 0))",2350470,Azul,Línea,4
"MULTILINESTRING Z ((440281.9446 4481349.9067 0,440274.1174 4481379.3388 0))",2350476,Azul,Línea,6
"MULTILINESTRING Z ((440302.4427 4481271.6131 0,440285.8871 4481334.3909 0))",2350477,Azul,Línea,14
"MULTILINESTRING Z ((440430.1793 4481292.181 0,440435.4139 4481272.5432 0))",2350482,Azul,Línea,4
"MULTILINESTRING Z ((440379.1176 4481485.465 0,440386.8542 4481455.8353 0))",2350495,Azul,Línea,6
"MULTILINESTRING Z ((440399.3316 4481409.1316 0,440412.9612 4481357.539 0))",2350500,Azul,Línea,11
"MULTILINESTRING Z ((440577.5538 4481535.9094 0,440561.4797 4481528.3045 0))",2350523,Verde,Batería,7
"MULTILINESTRING Z ((440519.2081 4481505.2674 0,440541.1341 4481515.7366 0))",2350547,Verde,Línea,5
"MULTILINESTRING Z ((440498.2699 4481495.3168 0,440494.6649 4481493.5884 0))",2350550,Verde,Línea,1
"MULTILINESTRING Z ((440712.2205 4481585.7613 0,440726.9242 4481592.9094 0))",2350552,Verde,Batería,6
"MULTILINESTRING Z ((440681.8871 4481571.4279 0,440698.2575 4481579.3168 0))",2350554,Verde,Batería,6
"MULTILINESTRING Z ((440459.381 4481469.1357 0,440465.2411 4481471.9176 0))",2350558,Verde,Línea,1
"MULTILINESTRING Z ((440875.0847 4481479.5884 0,440875.5538 4481478.0082 0))",2350564,Verde,Batería,1
"MULTILINESTRING Z ((440876.7637 4481488.3045 0,440878.6896 4481494.6995 0))",2350565,Verde,Línea,1
"MULTILINESTRING Z ((440863.455 4481561.3168 0,440865.0847 4481568.1316 0))",2350569,Verde,Línea,1
"MULTILINESTRING Z ((440898.9612 4481630.0205 0,440929.1279 4481645.5205 0))",2350570,Verde,Línea,6
"MULTILINESTRING Z ((440914.692 4481613.3508 0,440912.0624 4481618.2768 0,440911.692 4481619.536 0,440911.692 4481625.1657 0,440911.8772 4481625.7953 0,440912.6179 4481627.2768 0,440913.0624 4481627.9805 0,440913.8402 4481628.9805 0,440915.7661 4481630.6101 0,440932.7661 4481639.3138 0))",2350573,Verde,Línea,8
"MULTILINESTRING Z ((440880.4427 4481579.3538 0,440901.2205 4481590.0946 0))",2350580,Verde,Línea,5
"MULTILINESTRING Z ((441170.6179 4481407.1101 0,441214.2846 4481390.999 0,441215.729 4481391.2212 0))",2350596,Azul,Batería,18
"MULTILINESTRING Z ((441186.229 4481421.7212 0,441208.6179 4481413.6657 0))",2350598,Azul,Batería,9
"MULTILINESTRING Z ((441214.8378 4481413.7942 0,441213.1917 4481411.9999 0,441209.9324 4481407.8847 0))",2350600,Azul,Línea,2
"MULTILINESTRING Z ((441183.8748 4481417.6872 0,441183.776 4481423.3168 0))",2350601,Azul,Línea,1
"MULTILINESTRING Z ((441077.6279 4481536.0205 0,441084.9999 4481558.0702 0))",2350612,Verde,Línea,5
"MULTILINESTRING Z ((441082.4612 4481534.7983 0,441089.3127 4481556.5701 0))",2350614,Verde,Línea,5
"MULTILINESTRING Z ((441189.6773 4481612.7489 0,441189.2575 4481599.4156 0))",2350619,Verde,Línea,2
"MULTILINESTRING Z ((441191.1094 4481667.218 0,441191.3069 4481664.4279 0,441191.1588 4481655.3415 0,441190.5168 4481638.5267 0,441190.0229 4481622.8724 0))",2350620,Verde,Línea,9
"MULTILINESTRING Z ((441177.455 4481669.8847 0,441156.3686 4481666.502 0))",2350621,Verde,Batería,7
"MULTILINESTRING Z ((441069.2205 4481616.7983 0,441075.8131 4481637.9094 0))",2350627,Verde,Batería,8
"MULTILINESTRING Z ((441046.9118 4481624.1316 0,441051.1094 4481637.9835 0))",2350628,Verde,Batería,5
"MULTILINESTRING Z ((441094.5723 4481669.5761 0,441145.1834 4481677.6316 0))",2350631,Verde,Línea,10
"MULTILINESTRING Z ((441147.3481 4481677.9423 0,441151.6279 4481678.6501 0))",2350633,Verde,Línea,1
"MULTILINESTRING Z ((441154.1094 4481683.5761 0,441174.5168 4481686.9464 0))",2350634,Verde,Batería,8
"MULTILINESTRING Z ((441264.2452 4481527.465 0,441267.5291 4481538.1316 0))",2350641,Verde,Batería,5
"MULTILINESTRING Z ((441215.8254 4481526.4526 0,441234.7143 4481520.6501 0))",2350647,Verde,Línea,4
"MULTILINESTRING Z ((441207.1341 4481438.2057 0,441227.9983 4481430.6008 0,441271.8748 4481414.9958 0))",2350654,Verde,Línea,15
"MULTILINESTRING Z ((441192.1876 4481443.8353 0,441197.2246 4481441.7613 0))",2350655,Verde,Línea,1
"MULTILINESTRING Z ((441043.6443 4481801.432 0,441053.3727 4481803.2263 0,441064.7637 4481804.9547 0,441082.5579 4481807.2921 0))",2350668,Verde,Línea,8
"MULTILINESTRING Z ((441091.4057 4481749.6872 0,441093.5908 4481754.1687 0,441096.6279 4481762.1687 0))",2350680,Verde,Línea,3
"MULTILINESTRING Z ((441109.455 4481750.8724 0,441136.739 4481741.0699 0))",2350681,Verde,Batería,11
"MULTILINESTRING Z ((441110.0723 4481800.2798 0,441103.1464 4481781.1316 0))",2350684,Verde,Línea,4
"MULTILINESTRING Z ((441188.9983 4481747.502 0,441187.4427 4481705.465 0))",2350692,Verde,Batería,16
"MULTILINESTRING Z ((441205.9736 4481788.6255 0,441205.5785 4481785.7366 0,441205.3316 4481782.2057 0,441204.7143 4481753.6378 0))",2350693,Verde,Línea,7
"MULTILINESTRING Z ((441318.8378 4481760.5432 0,441355.381 4481740.7407 0,441435.8583 4481696.8394 0,441439.6279 4481694.4197 0,441442.953 4481692.5102 0,441465.4715 4481677.0205 0,441474.953 4481671.6707 0,441503.562 4481656.1316 0))",2350706,Verde,Línea,46
"MULTILINESTRING Z ((441323.9736 4481770.2304 0,441326.5662 4481768.9464 0,441344.418 4481759.1193 0,441385.8995 4481736.6255 0,441411.8254 4481722.6995 0,441466.097 4481693.1687 0,441510.8871 4481668.7242 0))",2350707,Verde,Línea,46
"MULTILINESTRING Z ((441294.7637 4481430.6748 0,441295.3069 4481433.5143 0,441299.8995 4481453.9341 0,441304.8871 4481477.4403 0,441315.7267 4481534.7242 0,441316.8871 4481541.9588 0))",2350708,Verde,Línea,24
"MULTILINESTRING Z ((441240.702 4481411.3168 0,441279.8871 4481397.2427 0))",2350709,Verde,Línea,8
"MULTILINESTRING Z ((441798.6834 4480973.5205 0,441806.0723 4481010.465 0,441807.1834 4481015.5761 0))",2350748,Azul,Línea,8
"MULTILINESTRING Z ((441266.6128 4481170.3703 0,441295.5401 4481166.3977 0))",2350752,Azul,Línea,6
"MULTILINESTRING Z ((441233.5922 4481174.9355 0,441226.1409 4481175.956 0))",2350755,Azul,Línea,1
"MULTILINESTRING Z ((441188.1464 4481181.0699 0,441218.9612 4481176.9464 0))",2350756,Azul,Línea,6
"MULTILINESTRING Z ((441157.7678 4481185.1028 0,441179.8583 4481182.1234 0))",2350757,Azul,Línea,4
"MULTILINESTRING Z ((441127.6279 4481189.3004 0,441143.595 4481187.0617 0))",2350758,Azul,Línea,3
"MULTILINESTRING Z ((441154.0476 4481209.8106 0,441170.7143 4481207.6378 0))",2350761,Azul,Línea,3
"MULTILINESTRING Z ((441124.1217 4481214.0576 0,441105.1094 4481216.5432 0,441083.7596 4481219.4567 0,441068.6485 4481221.3662 0,440998.3439 4481231.0946 0,440940.4839 4481238.9464 0))",2350762,Azul,Línea,40
"MULTILINESTRING Z ((441009.4825 4481205.3772 0,441061.5867 4481198.2222 0))",2350764,Azul,Línea,11
"MULTILINESTRING Z ((440909.5538 4481218.93 0,440914.8213 4481218.2222 0))",2350768,Verde,Línea,1
"MULTILINESTRING Z ((440678.9695 4481274.5514 0,440686.5908 4481273.4814 0))",2350772,Verde,Línea,1
"MULTILINESTRING Z ((440371.0353 4481204.5514 0,440361.9057 4481202.2011 0))",2350783,Verde,Línea,2
"MULTILINESTRING Z ((440951.1094 4481019.9341 0,441059.4797 4481002.823 0,441143.1588 4480990.0082 0,441280.3686 4480968.8477 0))",2350786,Verde,Línea,72
"MULTILINESTRING Z ((441127.6114 4480982.5185 0,441286.1464 4480957.8929 0))",2350787,Verde,Línea,34
"MULTILINESTRING Z ((440942.8131 4481200.0576 0,440937.9983 4481156.4526 0))",2350791,Verde,Línea,9
"MULTILINESTRING Z ((440933.6197 4481121.1687 0,440934.0312 4481122.5185 0,440936.7966 4481145.9094 0))",2350793,Verde,Línea,5
"MULTILINESTRING Z ((440934.739 4481036.2469 0,440940.1876 4481085.432 0))",2350794,Verde,Línea,10
"MULTILINESTRING Z ((440924.8378 4481037.8106 0,440930.2946 4481086.2057 0))",2350795,Verde,Línea,10
"MULTILINESTRING Z ((440847.095 4481131.6197 0,440900.6259 4481120.2617 0))",2350797,Verde,Línea,11
"MULTILINESTRING Z ((440818.6567 4481137.0534 0,440833.9242 4481134.3909 0))",2350799,Verde,Línea,3
"MULTILINESTRING Z ((440813.8007 4481137.5884 0,440809.702 4481137.9835 0,440800.2946 4481137.9835 0,440795.3069 4481137.86 0,440790.739 4481137.4156 0,440786.8131 4481136.9218 0,440780.1464 4481135.7119 0))",2350800,Verde,Línea,6
"MULTILINESTRING Z ((440756.1821 4481130.4691 0,440773.8172 4481134.3538 0))",2350801,Verde,Línea,3
"MULTILINESTRING Z ((440757.8131 4481120.7242 0,440787.5908 4481126.7613 0))",2350802,Verde,Línea,5
"MULTILINESTRING Z ((440750.8481 4481129.3481 0,440739.4078 4481126.9777 0,440738.0251 4481126.4345 0,440736.1321 4481125.4962 0,440734.2884 4481124.2781 0,440732.4942 4481122.7637 0,440731.1115 4481121.3152 0,440730.1238 4481120.0148 0))",2350805,Verde,Línea,5
"MULTILINESTRING Z ((440727.0024 4481112.7901 0,440726.8048 4481111.7859 0,440726.5908 4481109.5308 0,440726.6402 4481107.4238 0,440726.9201 4481105.5966 0))",2350806,Verde,Línea,1
"MULTILINESTRING Z ((440741.9736 4481078.6748 0,440740.5415 4481086.2304 0,440736.9283 4481107.2757 0,440736.9118 4481109.251 0,440737.2081 4481110.8312 0,440737.455 4481111.6378 0,440737.9818 4481112.8559 0,440738.8378 4481114.2222 0,440740.0394 4481115.572 0,440740.9118 4481116.2962 0,440741.9983 4481117.0041 0,440743.7596 4481117.7777 0,440752.5168 4481119.6213 0))",2350808,Verde,Línea,11
"MULTILINESTRING Z ((440745.5785 4481057.3168 0,440743.0106 4481072.7242 0))",2350809,Verde,Línea,3
"MULTILINESTRING Z ((440749.9921 4481049.5127 0,440750.9304 4481042.665 0))",2350811,Verde,Batería,3
"MULTILINESTRING Z ((440748.2144 4481041.7431 0,440748.4777 4481039.0765 0,440749.0868 4481036.0477 0))",2350812,Verde,Línea,1
"MULTILINESTRING Z ((440758.5662 4481029.2427 0,440766.8625 4481030.2798 0))",2350813,Verde,Línea,1
"MULTILINESTRING Z ((440766.8131 4481032.7489 0,440778.097 4481034.2304 0))",2350814,Verde,Batería,4
"MULTILINESTRING Z ((440802.9859 4481036.0822 0,440783.4962 4481034.6995 0))",2350815,Verde,Batería,8
"MULTILINESTRING Z ((441126.739 4480982.6316 0,441050.6834 4480994.2983 0))",2350821,Azul,Línea,16
"MULTILINESTRING Z ((440913.3995 4481013.1728 0,440942.3136 4481008.5375 0))",2350823,Verde,Batería,12
"MULTILINESTRING Z ((440886.2105 4481017.298 0,440899.6512 4481015.4379 0))",2350824,Verde,Batería,6
"MULTILINESTRING Z ((440880.7952 4481020.4032 0,440886.1655 4481019.6531 0))",2350825,Verde,Línea,1
"MULTILINESTRING Z ((440868.4839 4481021.7283 0,440875.4304 4481020.9876 0))",2350826,Verde,Línea,1
"MULTILINESTRING Z ((440853.2987 4481023.2083 0,440860.9266 4481022.4883 0))",2350827,Verde,Línea,1
"MULTILINESTRING Z ((440804.7884 4481021.1193 0,440821.1588 4481021.3909 0))",2350829,Verde,Batería,7
"MULTILINESTRING Z ((440759.455 4481019.144 0,440765.8501 4481020.2057 0,440769.2328 4481020.6255 0,440784.2946 4481022.181 0))",2350831,Verde,Línea,5
"MULTILINESTRING Z ((440744.6978 4480982.7983 0,440742.6896 4481005.7283 0))",2350834,Verde,Línea,5
"MULTILINESTRING Z ((440742.311 4480982.2386 0,440743.8748 4480964.8888 0))",2350835,Verde,Batería,8
"MULTILINESTRING Z ((440747.0847 4480953.6131 0,440746.6238 4480959.9012 0))",2350837,Verde,Línea,1
"MULTILINESTRING Z ((440838.1814 4480924.4839 0,440850.7493 4480922.4592 0))",2350841,Verde,Batería,5
"MULTILINESTRING Z ((440886.5395 4480892.9407 0,440882.6506 4480879.1999 0))",2350844,Verde,Batería,5
"MULTILINESTRING Z ((440842.4654 4480904.7925 0,440872.5765 4480893.5703 0))",2350846,Verde,Batería,13
"MULTILINESTRING Z ((440818.3913 4480910.4962 0,440874.3913 4480901.3851 0))",2350847,Verde,Batería,23
"MULTILINESTRING Z ((440777.6876 4480911.8296 0,440812.6506 4480898.6073 0))",2350848,Verde,Batería,15
"MULTILINESTRING Z ((440623.0703 4480912.6814 0,440642.3296 4480917.2246 0))",2350855,Verde,Batería,8
"MULTILINESTRING Z ((440619.1938 4480906.632 0,440623.6382 4480888.1876 0))",2350856,Verde,Batería,5
"MULTILINESTRING Z ((440624.5024 4480888.2123 0,440646.9469 4480893.5703 0))",2350857,Verde,Batería,8
"MULTILINESTRING Z ((440678.1684 4480906.908 0,440684.9283 4480908.5212 0))",2350859,Verde,Línea,1
"MULTILINESTRING Z ((440756.2918 4480908.7078 0,440755.7541 4480906.3264 0,440754.097 4480900.3017 0,440752.012 4480893.9259 0,440747.0627 4480883.0397 0))",2350862,Verde,Línea,6
"MULTILINESTRING Z ((440736.1814 4480889.6444 0,440732.0333 4480881.9901 0))",2350866,Verde,Línea,2
"MULTILINESTRING Z ((440731.1691 4480879.9654 0,440718.8728 4480861.7678 0))",2350868,Verde,Línea,4
"MULTILINESTRING Z ((440729.8995 4480855.2592 0,440735.4633 4480863.9012 0,440743.9077 4480877.432 0))",2350869,Verde,Línea,5
"MULTILINESTRING Z ((440740.5825 4480847.6086 0,440758.1335 4480838.2481 0))",2350870,Verde,Batería,8
"MULTILINESTRING Z ((440760.6536 4480836.9581 0,440766.2939 4480834.0029 0))",2350871,Verde,Batería,3
"MULTILINESTRING Z ((440764.4839 4480829.4485 0,440788.9118 4480816.3456 0))",2350872,Verde,Línea,6
"MULTILINESTRING Z ((440791.9464 4480820.713 0,440794.2265 4480819.5029 0))",2350874,Verde,Batería,1
"MULTILINESTRING Z ((440796.3567 4480818.3629 0,440805.6772 4480813.4226 0))",2350875,Verde,Batería,4
"MULTILINESTRING Z ((440863.8131 4480794.9464 0,440837.2205 4480808.9464 0))",2350877,Verde,Batería,11
"MULTILINESTRING Z ((440853.5908 4480773.539 0,440863.9242 4480793.9464 0))",2350878,Verde,Batería,7
"MULTILINESTRING Z ((440805.6526 4480792.8724 0,440832.2205 4480778.8312 0))",2350879,Verde,Batería,13
"MULTILINESTRING Z ((440795.7431 4480798.0246 0,440803.7651 4480793.8216 0))",2350880,Verde,Batería,4
"MULTILINESTRING Z ((440761.5257 4480821.9297 0,440774.7384 4480814.9064 0))",2350882,Verde,Línea,3
"MULTILINESTRING Z ((440752.7472 4480826.6008 0,440757.1917 4480824.2304 0))",2350883,Verde,Línea,1
"MULTILINESTRING Z ((440728.9941 4480838.8641 0,440747.595 4480829.2674 0))",2350884,Verde,Línea,4
"MULTILINESTRING Z ((440708.9716 4480847.8913 0,440694.0827 4480830.8049 0))",2350885,Verde,Línea,5
"MULTILINESTRING Z ((440695.4654 4480829.1752 0,440684.379 4480817.8172 0))",2350886,Verde,Línea,3
"MULTILINESTRING Z ((440652.0229 4480787.539 0,440679.06 4480812.502 0))",2350887,Verde,Línea,7
"MULTILINESTRING Z ((440658.1958 4480779.5226 0,440665.2575 4480786.1069 0))",2350889,Verde,Línea,1
"MULTILINESTRING Z ((440715.6279 4480732.3909 0,440734.4427 4480722.3909 0))",2350892,Verde,Línea,4
"MULTILINESTRING Z ((440743.0518 4480714.9135 0,440753.0929 4480709.7283 0))",2350893,Verde,Línea,2
"MULTILINESTRING Z ((440769.7184 4480700.9711 0,440761.2904 4480705.465 0))",2350895,Verde,Línea,2
"MULTILINESTRING Z ((440798.4262 4480685.646 0,440779.3974 4480695.8024 0))",2350897,Verde,Línea,4
"MULTILINESTRING Z ((440820.7472 4480678.2222 0,440804.5662 4480685.3662 0))",2350898,Verde,Línea,3
"MULTILINESTRING Z ((440576.1834 4480842.1687 0,440593.4797 4480810.7983 0))",2350901,Verde,Línea,7
"MULTILINESTRING Z ((440581.8995 4480858.6995 0,440574.4921 4480871.8353 0))",2350903,Verde,Línea,3
"MULTILINESTRING Z ((440517.5291 4480946.8971 0,440519.0106 4480944.6008 0,440542.0229 4480903.4403 0))",2350904,Verde,Línea,9
"MULTILINESTRING Z ((440614.418 4480758.4279 0,440601.381 4480750.502 0))",2350905,Verde,Línea,3
"MULTILINESTRING Z ((440548.9983 4480718.9094 0,440548.5538 4480718.5761 0,440542.1094 4480715.3538 0,440534.9242 4480712.0946 0,440529.739 4480709.8724 0,440524.1464 4480707.6131 0,440521.1464 4480706.465 0,440519.702 4480706.0205 0))",2350909,Verde,Línea,8
"MULTILINESTRING Z ((440495.9242 4480698.1687 0,440475.1094 4480692.6131 0))",2350911,Verde,Línea,5
"MULTILINESTRING Z ((440452.001 4480708.4806 0,440448.9722 4480720.0361 0))",2350916,Verde,Línea,2
"MULTILINESTRING Z ((440415.5538 4480917.1934 0,440434.1958 4480922.1316 0))",2350924,Verde,Batería,9
"MULTILINESTRING Z ((440429.9612 4480941.6872 0,440466.0353 4480950.8724 0))",2350934,Azul,Línea,7
"MULTILINESTRING Z ((440668.4509 4481009.679 0,440685.0929 4481013.5308 0))",2350936,Verde,Línea,3
"MULTILINESTRING Z ((440634.2616 4481001.7777 0,440653.905 4481006.3209 0))",2350938,Verde,Línea,4
"MULTILINESTRING Z ((440531.4304 4480977.9094 0,440542.2781 4480980.4444 0))",2350939,Verde,Línea,2
"MULTILINESTRING Z ((440555.6557 4480983.4927 0,440620.489 4480998.6594 0))",2350940,Verde,Línea,14
"MULTILINESTRING Z ((440717.1464 4481010.7983 0,440730.1094 4481013.539 0))",2350941,Verde,Línea,2
"MULTILINESTRING Z ((440695.167 4481005.7777 0,440712.1958 4481009.6872 0))",2350942,Verde,Línea,3
"MULTILINESTRING Z ((440489.2081 4481010.181 0,440497.6526 4480978.3538 0))",2350948,Verde,Batería,14
"MULTILINESTRING Z ((440479.2802 4481047.9036 0,440487.4654 4481016.6814 0))",2350949,Verde,Batería,14
"MULTILINESTRING Z ((440492.4921 4481076.2798 0,440494.3686 4481069.0946 0))",2350954,Verde,Batería,4
"MULTILINESTRING Z ((440463.3223 4481124.4927 0,440477.1557 4481071.8261 0))",2350957,Verde,Batería,20
"MULTILINESTRING Z ((440452.6259 4481124.2123 0,440468.5518 4481063.6691 0))",2350959,Verde,Línea,13
"MULTILINESTRING Z ((440436.2205 4481210.9464 0,440445.776 4481174.9094 0))",2350964,Verde,Batería,15
"MULTILINESTRING Z ((440560.6375 4481111.2247 0,440575.5211 4481115.4771 0))",2350971,Verde,Batería,6
"MULTILINESTRING Z ((440337.347 4481160.6644 0,440338.9272 4481154.6644 0))",2350979,Verde,Batería,3
"MULTILINESTRING Z ((440357.3716 4481137.6768 0,440380.9272 4481143.7755 0))",2350982,Verde,Batería,10
"MULTILINESTRING Z ((440368.8284 4481096.8126 0,440397.026 4481104.2694 0))",2350985,Verde,Batería,8
"MULTILINESTRING Z ((440360.0136 4481128.4175 0,440368.2605 4481097.7015 0))",2350989,Verde,Batería,13
"MULTILINESTRING Z ((440369.026 4481131.0225 0,440375.2482 4481106.5039 0))",2350993,Verde,Batería,10
"MULTILINESTRING Z ((440379.3223 4481133.3928 0,440385.6186 4481109.0225 0))",2350994,Verde,Batería,10
"MULTILINESTRING Z ((440396.9057 4481004.0761 0,440392.8501 4481003.0761 0,440384.6834 4481033.9094 0))",2351001,Verde,Batería,14
"MULTILINESTRING Z ((440414.8501 4481008.9094 0,440397.3501 4481004.2427 0))",2351004,Verde,Batería,6
"MULTILINESTRING Z ((440407.2164 4480951.0781 0,440424.0888 4480955.4073 0))",2351010,Azul,Batería,7
"MULTILINESTRING Z ((440456.3543 4480963.6691 0,440469.3419 4480967.0518 0))",2351012,Azul,Batería,5
"MULTILINESTRING Z ((440471.5642 4480967.6197 0,440490.0333 4480972.4839 0))",2351014,Azul,Batería,8
"MULTILINESTRING Z ((440392.2314 4481037.2542 0,440406.4777 4481040.9283 0))",2351016,Verde,Batería,6
"MULTILINESTRING Z ((440394.0833 4481030.9579 0,440408.1321 4481034.4098 0))",2351017,Verde,Batería,6
"MULTILINESTRING Z ((440396.182 4481022.6123 0,440410.2555 4481026.1135 0))",2351018,Verde,Batería,6
"MULTILINESTRING Z ((440398.4536 4481015.8715 0,440412.4283 4481019.2493 0))",2351019,Verde,Batería,6
"MULTILINESTRING Z ((440441.1464 4481002.3168 0,440457.0353 4481006.3909 0))",2351020,Verde,Batería,7
"MULTILINESTRING Z ((440466.6557 4480969.8261 0,440468.739 4480970.3261 0,440461.1557 4480998.9094 0,440459.239 4481006.4094 0))",2351021,Verde,Batería,12
"MULTILINESTRING Z ((440453.6649 4480966.3909 0,440466.4057 4480969.7242 0))",2351022,Verde,Batería,5
"MULTILINESTRING Z ((440441.5168 4480963.1687 0,440428.4057 4480959.7613 0))",2351023,Verde,Batería,5
"MULTILINESTRING Z ((440428.097 4480959.6872 0,440426.6649 4480959.3168 0,440426.5415 4480959.539 0,440425.9983 4480961.6131 0))",2351024,Verde,Batería,1
"MULTILINESTRING Z ((440434.0168 4480979.1872 0,440452.2807 4480983.9511 0))",2351027,Verde,Batería,8
"MULTILINESTRING Z ((440432.5908 4480982.3909 0,440451.3978 4480987.472 0))",2351029,Verde,Batería,8
"MULTILINESTRING Z ((440076.4015 4481705.5637 0,440069.7349 4481711.3744 0))",2351051,Verde,Línea,2
"MULTILINESTRING Z ((439986.8378 4481791.7695 0,439991.9736 4481787.2263 0))",2351053,Verde,Línea,1
"MULTILINESTRING Z ((439924.0723 4481846.3785 0,439923.3563 4481846.9218 0,439920.418 4481848.3538 0,439916.7143 4481849.3168 0,439914.5415 4481849.7119 0,439912.3192 4481849.9094 0,439910.1958 4481849.8847 0,439907.9983 4481849.7366 0,439905.6526 4481849.2427 0,439886.9612 4481844.7489 0,439861.3069 4481837.6378 0,439849.6773 4481834.5514 0))",2351055,Verde,Línea,16
"MULTILINESTRING Z ((439502.739 4481621.7503 0,439514.2836 4481625.0973 0))",2351061,Verde,Batería,4
"MULTILINESTRING Z ((439492.6896 4481602.5267 0,439499.7267 4481605.1687 0))",2351062,Verde,Batería,3
"MULTILINESTRING Z ((439502.9036 4481603.9012 0,439508.3686 4481605.9094 0))",2351063,Verde,Batería,2
"MULTILINESTRING Z ((439619.8501 4481658.6501 0,439635.6773 4481663.6872 0))",2351065,Verde,Batería,7
"MULTILINESTRING Z ((439632.0229 4481648.8477 0,439619.4304 4481644.7983 0))",2351066,Verde,Batería,4
"MULTILINESTRING Z ((439617.4384 4481644.1783 0,439607.4755 4481640.9931 0))",2351067,Verde,Batería,4
"MULTILINESTRING Z ((439606.068 4481640.4746 0,439595.8829 4481637.1413 0))",2351068,Verde,Batería,4
"MULTILINESTRING Z ((439594.068 4481636.5857 0,439579.6606 4481631.9931 0))",2351070,Verde,Batería,5
"MULTILINESTRING Z ((439577.8829 4481631.4006 0,439566.4384 4481627.6968 0))",2351071,Verde,Batería,5
"MULTILINESTRING Z ((439552.8295 4481623.2921 0,439540.0394 4481619.144 0))",2351073,Verde,Batería,4
"MULTILINESTRING Z ((439530.2781 4481616.0493 0,439538.2781 4481618.6008 0))",2351076,Verde,Batería,3
"MULTILINESTRING Z ((439528.7308 4481615.5226 0,439524.7637 4481614.2715 0,439523.3316 4481614.1069 0))",2351077,Verde,Batería,3
"MULTILINESTRING Z ((439595.5538 4481519.3909 0,439577.9242 4481513.7242 0))",2351079,Azul,Batería,8
"MULTILINESTRING Z ((439597.5538 4481519.9835 0,439615.2205 4481525.6131 0))",2351080,Azul,Batería,8
"MULTILINESTRING Z ((439808.1464 4481574.9835 0,439825.1834 4481579.465 0))",2351088,Verde,Línea,4
"MULTILINESTRING Z ((439905.5168 4481600.8353 0,439950.5168 4481612.7242 0))",2351092,Verde,Línea,9
"MULTILINESTRING Z ((439946.0476 4481585.6872 0,439967.4304 4481609.3168 0))",2351094,Verde,Línea,6
"MULTILINESTRING Z ((439938.5908 4481593.0534 0,439943.3481 4481598.2551 0))",2351097,Verde,Línea,1
"MULTILINESTRING Z ((439931.8254 4481516.4032 0,439944.3439 4481468.6995 0))",2351103,Verde,Línea,11
"MULTILINESTRING Z ((439675.4029 4481528.7681 0,439680.6704 4481530.2825 0))",2351107,Verde,Línea,1
"MULTILINESTRING Z ((439629.4986 4481500.0533 0,439636.3736 4481477.8033 0))",2351113,Verde,Línea,5
"MULTILINESTRING Z ((439573.7903 4481417.1783 0,439559.4014 4481456.4006 0))",2351129,Verde,Batería,16
"MULTILINESTRING Z ((439575.8144 4481411.5445 0,439581.8062 4481395.2592 0))",2351130,Verde,Batería,7
"MULTILINESTRING Z ((439691.5413 4481387.5908 0,439705.3685 4481391.1463 0))",2351135,Verde,Línea,3
"MULTILINESTRING Z ((439639.5908 4481445.2798 0,439670.8871 4481454.3909 0))",2351152,Verde,Línea,6
"MULTILINESTRING Z ((439672.0723 4481451.4279 0,439677.0353 4481434.0576 0))",2351154,Verde,Línea,4
"MULTILINESTRING Z ((439633.1792 4481443.4561 0,439628.4014 4481442.0672 0))",2351174,Verde,Línea,1
"MULTILINESTRING Z ((439636.1279 4481430.7427 0,439646.989 4481393.9094 0))",2351175,Verde,Línea,8
"MULTILINESTRING Z ((439623.6236 4481436.345 0,439637.9569 4481395.2617 0))",2351179,Verde,Batería,18
"MULTILINESTRING Z ((439638.6279 4481386.3538 0,439648.3316 4481388.9835 0))",2351180,Verde,Línea,2
"MULTILINESTRING Z ((440252.6402 4481374.4526 0,440262.2205 4481338.1563 0))",2351181,Azul,Línea,8
"MULTILINESTRING Z ((439885.8253 4481350.0105 0,439904.1957 4481354.8994 0))",2351192,Azul,Línea,4
"MULTILINESTRING Z ((439359.5908 4481170.539 0,439364.1094 4481171.7613 0,439370.2205 4481173.7613 0,439373.8131 4481175.1316 0,439376.8501 4481176.3909 0,439383.5908 4481179.3909 0,439388.6649 4481181.9464 0,439400.5168 4481188.1687 0,439407.9612 4481191.9835 0,439447.9983 4481211.9094 0))",2351212,Verde,Línea,20
"MULTILINESTRING Z ((439452.0559 4481202.5349 0,439460.8378 4481168.4032 0))",2351213,Verde,Línea,7
"MULTILINESTRING Z ((439457.3969 4481127.4533 0,439438.9525 4481122.5089 0))",2351214,Verde,Línea,4
"MULTILINESTRING Z ((439398.9365 4481176.7736 0,439422.2946 4481182.8477 0))",2351223,Verde,Línea,5
"MULTILINESTRING Z ((439390.6649 4481164.4279 0,439430.4057 4481174.9835 0))",2351282,Verde,Batería,19
"MULTILINESTRING Z ((439464.3279 4481202.5907 0,439508.471 4481214.694 0))",2351283,Verde,Batería,20
"MULTILINESTRING Z ((439499.5168 4481224.4279 0,439499.2946 4481224.0205 0,439498.8131 4481223.502 0,439480.6557 4481216.9927 0))",2351289,Verde,Línea,4
"MULTILINESTRING Z ((439352.5723 4480971.9927 0,439337.5723 4481028.4927 0))",2351308,Verde,Batería,24
"MULTILINESTRING Z ((439326.5662 4480959.9835 0,439338.5415 4480963.3415 0))",2351314,Verde,Batería,5
"MULTILINESTRING Z ((439414.5908 4480983.218 0,439428.2699 4480986.8724 0))",2351318,Verde,Batería,6
"MULTILINESTRING Z ((439471.776 4480998.7736 0,439461.1588 4480996.0329 0))",2351319,Verde,Batería,5
"MULTILINESTRING Z ((439532.6649 4481014.6501 0,439511.0723 4481008.9464 0))",2351323,Verde,Batería,9
"MULTILINESTRING Z ((439537.2575 4481015.8724 0,439551.5908 4481019.3538 0))",2351326,Verde,Batería,6
"MULTILINESTRING Z ((439588.5826 4481029.3168 0,439609.6032 4481034.6666 0))",2351329,Verde,Batería,9
"MULTILINESTRING Z ((440030.5168 4481148.8724 0,440076.1834 4481160.9094 0))",2351344,Azul,Línea,10
"MULTILINESTRING Z ((440307.8501 4481163.3538 0,440306.7946 4481167.465 0,440306.0723 4481168.6316 0,440303.739 4481171.2427 0,440301.8501 4481172.7983 0,440300.5723 4481173.7427 0,440298.2946 4481174.965 0,440295.1834 4481176.7983 0,440292.8501 4481178.2983 0,440291.7946 4481179.4094 0,440287.2946 4481183.3538 0,440284.3501 4481185.5205 0,440282.0168 4481186.465 0,440281.1279 4481186.5205 0))",2351350,Verde,Línea,7
"MULTILINESTRING Z ((440240.5168 4481112.1316 0,440232.239 4481143.2427 0))",2351351,Verde,Línea,7
"MULTILINESTRING Z ((440242.5415 4481135.9094 0,440251.3316 4481138.3292 0))",2351352,Verde,Línea,2
"MULTILINESTRING Z ((440248.4427 4481151.9464 0,440251.739 4481139.8724 0))",2351353,Verde,Batería,5
"MULTILINESTRING Z ((440250.9612 4481155.2057 0,440263.1094 4481158.539 0))",2351354,Verde,Batería,5
"MULTILINESTRING Z ((440268.4057 4481155.6316 0,440276.2946 4481126.1872 0))",2351356,Verde,Batería,13
"MULTILINESTRING Z ((440246.0168 4481123.465 0,440270.1834 4481129.965 0))",2351363,Verde,Batería,10
"MULTILINESTRING Z ((440261.2328 4481132.823 0,440244.7637 4481128.3292 0))",2351365,Verde,Batería,8
"MULTILINESTRING Z ((440259.9057 4481149.4094 0,440264.739 4481131.1316 0))",2351366,Verde,Batería,8
"MULTILINESTRING Z ((440193.6834 4481123.4094 0,440202.7946 4481125.6872 0))",2351371,Verde,Línea,2
"MULTILINESTRING Z ((440191.9242 4481124.2304 0,440189.381 4481133.8847 0))",2351372,Verde,Línea,2
"MULTILINESTRING Z ((440181.8254 4481137.0452 0,440186.6649 4481138.2551 0))",2351373,Verde,Batería,2
"MULTILINESTRING Z ((440186.6279 4481110.1872 0,440182.4612 4481126.5761 0))",2351384,Verde,Batería,7
"MULTILINESTRING Z ((440206.6279 4481113.6316 0,440185.1834 4481107.9094 0))",2351385,Verde,Batería,9
"MULTILINESTRING Z ((440206.1279 4481117.2427 0,440189.3501 4481113.0205 0))",2351386,Verde,Batería,7
"MULTILINESTRING Z ((440218.3501 4481066.465 0,440210.2946 4481097.5761 0))",2351388,Verde,Línea,7
"MULTILINESTRING Z ((440223.4057 4481063.465 0,440244.0168 4481068.7427 0))",2351390,Verde,Batería,9
"MULTILINESTRING Z ((440248.0476 4481069.8353 0,440254.8625 4481071.6131 0))",2351391,Verde,Batería,3
"MULTILINESTRING Z ((440222.3501 4481090.965 0,440241.0307 4481095.8261 0))",2351394,Verde,Batería,7
"MULTILINESTRING Z ((440224.0353 4481088.6501 0,440242.9612 4481093.5761 0))",2351395,Verde,Batería,7
"MULTILINESTRING Z ((440226.5168 4481078.7983 0,440245.1557 4481083.9511 0))",2351397,Verde,Batería,7
"MULTILINESTRING Z ((440105.8748 4481126.9218 0,440118.6649 4481078.4526 0))",2351399,Verde,Línea,10
"MULTILINESTRING Z ((440118.7946 4481103.465 0,440130.2946 4481106.4094 0))",2351400,Verde,Batería,6
"MULTILINESTRING Z ((440145.455 4481126.4526 0,440128.3192 4481121.9094 0))",2351403,Verde,Batería,7
"MULTILINESTRING Z ((440130.5415 4481107.8353 0,440127.8748 4481117.8353 0))",2351404,Verde,Línea,2
"MULTILINESTRING Z ((440148.9612 4481111.965 0,440135.3501 4481108.2427 0))",2351410,Verde,Batería,6
"MULTILINESTRING Z ((440147.5723 4481117.0761 0,440134.1834 4481113.6316 0))",2351411,Verde,Batería,6
"MULTILINESTRING Z ((440148.0168 4481101.8538 0,440121.5723 4481094.965 0))",2351413,Verde,Línea,5
"MULTILINESTRING Z ((440150.1279 4481095.7983 0,440123.4612 4481088.9094 0))",2351414,Verde,Batería,11
"MULTILINESTRING Z ((440100.8501 4481030.6501 0,440122.9612 4481036.7613 0))",2351417,Verde,Batería,9
"MULTILINESTRING Z ((440097.739 4481070.0946 0,440117.3686 4481075.3168 0))",2351418,Verde,Batería,8
"MULTILINESTRING Z ((440100.418 4481058.5267 0,440119.2807 4481063.3261 0))",2351419,Verde,Batería,7
"MULTILINESTRING Z ((440102.5168 4481056.3538 0,440121.0021 4481060.9766 0))",2351421,Verde,Batería,7
"MULTILINESTRING Z ((440104.4612 4481046.965 0,440123.2523 4481052.1635 0))",2351422,Verde,Batería,7
"MULTILINESTRING Z ((440089.4797 4481066.0576 0,440097.8871 4481034.5761 0))",2351427,Verde,Línea,7
"MULTILINESTRING Z ((440085.3501 4481071.3538 0,440067.3501 4481066.4094 0))",2351428,Verde,Batería,7
"MULTILINESTRING Z ((440066.3933 4481077.6625 0,440083.1557 4481081.5761 0))",2351430,Verde,Batería,7
"MULTILINESTRING Z ((440066.3501 4481080.465 0,440083.3123 4481084.7906 0))",2351433,Verde,Batería,7
"MULTILINESTRING Z ((440067.7303 4481101.5644 0,440070.1192 4481092.3978 0))",2351436,Verde,Batería,4
"MULTILINESTRING Z ((440053.0353 4481102.9464 0,440062.2575 4481105.3168 0))",2351437,Verde,Batería,4
"MULTILINESTRING Z ((440049.4612 4481096.965 0,440056.2946 4481070.6872 0))",2351441,Verde,Batería,12
"MULTILINESTRING Z ((440059.9489 4481096.6008 0,440062.5307 4481087.4511 0))",2351443,Verde,Batería,4
"MULTILINESTRING Z ((440012.6649 4481010.2057 0,440005.4057 4481037.8724 0))",2351447,Verde,Batería,12
"MULTILINESTRING Z ((439967.5168 4481036.6316 0,439975.8501 4481004.6872 0,439976.9612 4481000.6872 0))",2351450,Verde,Batería,16
"MULTILINESTRING Z ((439994.6279 4481037.465 0,440001.3697 4481012.9736 0))",2351451,Verde,Batería,9
"MULTILINESTRING Z ((439991.4057 4481037.6316 0,439997.9945 4481013.5361 0))",2351452,Verde,Batería,9
"MULTILINESTRING Z ((439981.9057 4481035.2983 0,439988.3761 4481010.9446 0))",2351453,Verde,Batería,9
"MULTILINESTRING Z ((439980.0353 4481033.3538 0,439986.1812 4481008.6608 0))",2351454,Verde,Batería,9
"MULTILINESTRING Z ((439970.7535 4481088.1634 0,439983.1019 4481044.3482 0))",2351457,Verde,Batería,18
"MULTILINESTRING Z ((439969.9525 4481049.2866 0,439963.5636 4481074.12 0))",2351459,Verde,Batería,11
"MULTILINESTRING Z ((439865.2246 4481052.5761 0,439874.8378 4481016.4279 0))",2351464,Verde,Línea,8
"MULTILINESTRING Z ((439885.669 4481018.1563 0,439895.6773 4481020.823 0))",2351467,Verde,Batería,4
"MULTILINESTRING Z ((439882.6155 4481031.2427 0,439882.4921 4481030.7736 0,439883.6032 4481027.0205 0,439883.8748 4481026.7489 0))",2351469,Verde,Batería,2
"MULTILINESTRING Z ((439853.9242 4481004.9835 0,439874.2946 4481010.465 0))",2351477,Verde,Batería,9
"MULTILINESTRING Z ((439850.4525 4481009.0644 0,439842.2858 4481040.62 0))",2351479,Verde,Línea,7
"MULTILINESTRING Z ((439856.3439 4480994.1069 0,439876.1557 4480999.3261 0))",2351480,Verde,Batería,8
"MULTILINESTRING Z ((439858.2946 4480991.7613 0,439877.6557 4480996.9927 0))",2351482,Verde,Batería,8
"MULTILINESTRING Z ((439861.1279 4480983.3538 0,439879.8621 4480988.222 0))",2351486,Verde,Batería,8
"MULTILINESTRING Z ((439860.6834 4480980.1872 0,439879.8621 4480985.2219 0))",2351487,Verde,Batería,8
"MULTILINESTRING Z ((439824.8378 4481001.9341 0,439842.3686 4481006.6995 0))",2351489,Verde,Batería,9
"MULTILINESTRING Z ((439836.0081 4481029.0089 0,439820.4525 4481024.7866 0))",2351491,Verde,Batería,7
"MULTILINESTRING Z ((439835.4525 4481011.7311 0,439833.1192 4481020.7311 0))",2351493,Verde,Batería,4
"MULTILINESTRING Z ((439832.6747 4481010.8422 0,439830.8414 4481017.8422 0))",2351494,Verde,Batería,3
"MULTILINESTRING Z ((439747.1279 4481032.0761 0,439757.739 4480992.5205 0))",2351518,Verde,Línea,8
"MULTILINESTRING Z ((439753.3892 4480981.3333 0,439744.0723 4481016.7242 0))",2351519,Verde,Línea,7
"MULTILINESTRING Z ((439716.9983 4481023.6872 0,439729.1464 4480976.539 0))",2351520,Verde,Línea,10
"MULTILINESTRING Z ((439710.239 4481022.1594 0,439720.6279 4480983.1687 0))",2351521,Verde,Línea,8
"MULTILINESTRING Z ((439731.9242 4480972.8353 0,439752.2946 4480978.2798 0))",2351523,Verde,Batería,9
"MULTILINESTRING Z ((439735.1464 4480936.2057 0,439766.8871 4480944.7242 0))",2351527,Verde,Batería,13
"MULTILINESTRING Z ((439735.2946 4480962.3538 0,439756.1557 4480968.1594 0))",2351538,Verde,Batería,8
"MULTILINESTRING Z ((439734.9118 4480959.9588 0,439755.989 4480965.8261 0))",2351539,Verde,Batería,8
"MULTILINESTRING Z ((439737.3686 4480950.7242 0,439758.5307 4480955.8261 0))",2351540,Verde,Batería,8
"MULTILINESTRING Z ((439739.2946 4480948.5761 0,439759.7807 4480953.5761 0))",2351542,Verde,Batería,8
"MULTILINESTRING Z ((440307.702 4481154.5514 0,440312.6155 4481136.823 0))",2351545,Verde,Batería,8
"MULTILINESTRING Z ((440308.3316 4481125.539 0,440311.8131 4481126.465 0))",2351547,Verde,Batería,1
"MULTILINESTRING Z ((440312.0476 4481112.3785 0,440314.5662 4481112.9218 0))",2351548,Verde,Batería,1
"MULTILINESTRING Z ((440324.9612 4481094.6131 0,440321.3686 4481098.1687 0,440318.4797 4481108.7242 0))",2351549,Verde,Batería,6
"MULTILINESTRING Z ((440328.0476 4481076.9218 0,440333.8254 4481056.4773 0))",2351560,Verde,Batería,8
"MULTILINESTRING Z ((440332.5168 4481017.7983 0,440300.3501 4481009.0761 0))",2351565,Azul,Batería,14
"MULTILINESTRING Z ((440329.3501 4481031.6872 0,440304.4057 4481025.0205 0))",2351566,Azul,Línea,5
"MULTILINESTRING Z ((440291.8501 4481064.7613 0,440299.5538 4481035.5761 0))",2351567,Verde,Batería,13
"MULTILINESTRING Z ((440286.7946 4481067.465 0,440265.4057 4481061.965 0))",2351568,Verde,Batería,9
"MULTILINESTRING Z ((440254.2452 4481053.86 0,440262.6649 4481022.3785 0))",2351572,Verde,Batería,14
"MULTILINESTRING Z ((440293.0168 4481025.9094 0,440268.0168 4481019.465 0))",2351573,Verde,Batería,11
"MULTILINESTRING Z ((440267.6279 4481050.2798 0,440272.6557 4481032.5761 0))",2351576,Verde,Batería,8
"MULTILINESTRING Z ((440270.6279 4481050.2983 0,440275.7807 4481032.4511 0))",2351577,Verde,Batería,8
"MULTILINESTRING Z ((440280.6834 4481052.965 0,440285.3501 4481034.5205 0))",2351578,Verde,Batería,8
"MULTILINESTRING Z ((440282.5168 4481054.8538 0,440287.239 4481036.2427 0))",2351579,Verde,Batería,8
"MULTILINESTRING Z ((440343.3686 4481005.9835 0,440339.6557 4481020.8261 0))",2351581,Verde,Batería,6
"MULTILINESTRING Z ((440304.1094 4480993.3168 0,440336.702 4481002.3168 0))",2351582,Verde,Batería,14
"MULTILINESTRING Z ((440307.6279 4480979.8353 0,440340.4797 4480988.539 0))",2351583,Verde,Batería,14
"MULTILINESTRING Z ((440346.6649 4480990.2798 0,440349.3686 4480990.9464 0))",2351584,Verde,Batería,1
"MULTILINESTRING Z ((440329.6649 4480925.3168 0,440307.4427 4480919.4279 0))",2351590,Azul,Línea,5
"MULTILINESTRING Z ((440273.239 4480910.1872 0,440297.8501 4480916.965 0))",2351592,Azul,Línea,5
"MULTILINESTRING Z ((440273.9242 4481009.0946 0,440277.5785 4480995.2427 0))",2351597,Verde,Línea,3
"MULTILINESTRING Z ((440270.4057 4481012.8538 0,440238.5723 4481004.5761 0))",2351599,Verde,Batería,14
"MULTILINESTRING Z ((440248.1279 4480995.465 0,440267.6363 4481000.7853 0))",2351600,Verde,Batería,8
"MULTILINESTRING Z ((440248.0168 4480992.2427 0,440267.4057 4480997.4094 0))",2351601,Verde,Batería,8
"MULTILINESTRING Z ((440250.5723 4480982.4927 0,440270.3223 4480987.4927 0))",2351602,Verde,Batería,8
"MULTILINESTRING Z ((440251.989 4480980.1594 0,440271.7616 4480985.2219 0))",2351603,Verde,Batería,8
"MULTILINESTRING Z ((440153.0929 4480972.9053 0,440174.4921 4480891.9506 0))",2351605,Verde,Línea,18
"MULTILINESTRING Z ((440148.4921 4480981.6378 0,440136.2205 4480978.4279 0))",2351606,Verde,Batería,5
"MULTILINESTRING Z ((440116.0476 4480973.144 0,440131.8995 4480977.2921 0))",2351607,Verde,Batería,7
"MULTILINESTRING Z ((440144.8969 4480969.7311 0,440126.2858 4480965.3422 0))",2351609,Verde,Batería,8
"MULTILINESTRING Z ((440146.0081 4480961.7866 0,440126.8414 4480957.12 0))",2351610,Verde,Batería,8
"MULTILINESTRING Z ((440128.5081 4480950.4533 0,440147.3969 4480956.1755 0))",2351611,Verde,Batería,8
"MULTILINESTRING Z ((440132.3969 4480942.7866 0,440151.5081 4480948.1755 0))",2351612,Verde,Batería,8
"MULTILINESTRING Z ((440133.06 4480933.8436 0,440153.6197 4480939.2757 0))",2351613,Verde,Batería,9
"MULTILINESTRING Z ((440051.3481 4480864.395 0,440030.3439 4480945.2345 0))",2351620,Verde,Línea,18
"MULTILINESTRING Z ((439994.3686 4480940.8477 0,440026.6896 4480949.3662 0))",2351622,Verde,Batería,14
"MULTILINESTRING Z ((439993.6747 4480935.2311 0,440001.6192 4480905.1755 0))",2351623,Verde,Línea,6
"MULTILINESTRING Z ((440023.4525 4480938.7866 0,440004.5636 4480934.5089 0))",2351624,Verde,Batería,8
"MULTILINESTRING Z ((440004.8969 4480925.7311 0,440012.8969 4480927.5089 0))",2351626,Verde,Batería,3
"MULTILINESTRING Z ((440023.6192 4480930.0505 0,440017.9942 4480928.6755 0))",2351628,Verde,Batería,3
"MULTILINESTRING Z ((440009.9057 4480911.3261 0,440029.239 4480916.9094 0))",2351630,Verde,Batería,8
"MULTILINESTRING Z ((440011.5168 4480902.6872 0,440031.0723 4480907.9094 0))",2351631,Verde,Batería,9
"MULTILINESTRING Z ((440007.9242 4480904.9464 0,440021.9612 4480852.7613 0))",2351632,Verde,Línea,11
"MULTILINESTRING Z ((440012.7198 4480841.657 0,439943.0572 4480823.1879 0))",2351635,Azul,Línea,15
"MULTILINESTRING Z ((439909.8995 4480908.0493 0,439930.9922 4480827.2596 0))",2351636,Verde,Línea,18
"MULTILINESTRING Z ((439873.8995 4480908.5761 0,439905.381 4480916.5514 0))",2351637,Verde,Batería,14
"MULTILINESTRING Z ((439881.7946 4480898.1872 0,439902.0892 4480903.8419 0))",2351639,Verde,Batería,8
"MULTILINESTRING Z ((439883.489 4480895.0761 0,439903.301 4480900.4666 0))",2351640,Verde,Batería,8
"MULTILINESTRING Z ((439886.4427 4480884.5761 0,439905.7387 4480890.3409 0))",2351641,Verde,Batería,8
"MULTILINESTRING Z ((439886.239 4480881.4927 0,439905.9057 4480887.0761 0))",2351642,Verde,Batería,8
"MULTILINESTRING Z ((439889.6747 4480869.7311 0,439909.5636 4480874.8978 0))",2351643,Verde,Batería,9
"MULTILINESTRING Z ((439878.1094 4480861.7242 0,439883.9242 4480839.9464 0))",2351644,Verde,Batería,9
"MULTILINESTRING Z ((439787.6649 4480877.2798 0,439794.1464 4480852.8353 0))",2351650,Verde,Línea,5
"MULTILINESTRING Z ((439766.489 4480864.9094 0,439780.4809 4480868.5896 0))",2351655,Verde,Batería,6
"MULTILINESTRING Z ((439768.1051 4480862.0267 0,439782.9185 4480865.7769 0))",2351656,Verde,Batería,6
"MULTILINESTRING Z ((439770.5723 4480852.465 0,439784.7807 4480856.2011 0))",2351657,Verde,Batería,6
"MULTILINESTRING Z ((439770.6557 4480848.7011 0,439785.3562 4480852.6511 0))",2351658,Verde,Batería,6
"MULTILINESTRING Z ((439713.3316 4480776.8724 0,439709.4304 4480791.6131 0,439706.6155 4480802.8477 0,439700.7143 4480816.0576 0))",2351661,Verde,Línea,8
"MULTILINESTRING Z ((439692.3439 4480917.0699 0,439703.6526 4480919.9588 0))",2351669,Verde,Línea,2
"MULTILINESTRING Z ((439686.9118 4480932.4032 0,439692.1711 4480933.8106 0))",2351670,Verde,Batería,3
"MULTILINESTRING Z ((439632.9525 4481006.6755 0,439637.1192 4480991.4533 0))",2351675,Verde,Batería,5
"MULTILINESTRING Z ((439609.2328 4481002.6501 0,439623.9983 4481006.5267 0))",2351677,Verde,Batería,6
"MULTILINESTRING Z ((439587.6279 4480997.0205 0,439563.1834 4480990.539 0))",2351679,Verde,Batería,7
"MULTILINESTRING Z ((439562.5908 4480990.3538 0,439567.3316 4480973.0576 0))",2351680,Verde,Batería,6
"MULTILINESTRING Z ((439637.4797 4480989.5884 0,439608.0723 4480981.8847 0))",2351681,Verde,Batería,13
"MULTILINESTRING Z ((439593.9525 4480991.7311 0,439603.3969 4480994.3422 0))",2351683,Verde,Batería,4
"MULTILINESTRING Z ((439628.4611 4480995.8419 0,439574.0742 4480981.8521 0))",2351684,Verde,Batería,23
"MULTILINESTRING Z ((439515.4797 4480974.2057 0,439503.3316 4480971.0205 0))",2351689,Verde,Batería,5
"MULTILINESTRING Z ((439485.3563 4480966.3538 0,439501.2822 4480970.5514 0))",2351690,Verde,Batería,7
"MULTILINESTRING Z ((439478.3439 4480966.3538 0,439482.1464 4480951.9341 0))",2351693,Verde,Batería,5
"MULTILINESTRING Z ((439348.2205 4480929.9835 0,439381.6649 4480938.8353 0))",2351705,Verde,Batería,14
"MULTILINESTRING Z ((439386.6739 4480886.3752 0,439326.1231 4480870.2755 0))",2351708,Verde,Línea,13
"MULTILINESTRING Z ((439319.7864 4480894.1804 0,439380.4531 4480910.1804 0))",2351709,Verde,Batería,27
"MULTILINESTRING Z ((439329.1945 4480883.9563 0,439352.2386 4480889.9698 0,439376.3577 4480896.1118 0))",2351710,Verde,Batería,18
"MULTILINESTRING Z ((439330.899 4480881.8187 0,439378.2941 4480893.9475 0))",2351711,Verde,Batería,18
"MULTILINESTRING Z ((439424.9365 4480906.6748 0,439448.0476 4480912.7489 0))",2351715,Verde,Batería,10
"MULTILINESTRING Z ((439408.8871 4480875.4279 0,439411.8131 4480876.1687 0))",2351720,Verde,Batería,1
"MULTILINESTRING Z ((439411.5168 4480891.3538 0,439455.2807 4480902.7011 0))",2351723,Verde,Batería,17
"MULTILINESTRING Z ((439413.2946 4480888.9094 0,439457.2807 4480900.2011 0))",2351724,Verde,Batería,17
"MULTILINESTRING Z ((439347.053 4480835.4061 0,439361.1838 4480839.2013 0))",2351726,Verde,Batería,6
"MULTILINESTRING Z ((439430.6073 4480849.5802 0,439423.1834 4480847.6872 0))",2351732,Verde,Línea,2
"MULTILINESTRING Z ((439426.6073 4480852.609 0,439436.7472 4480855.2921 0))",2351733,Verde,Batería,4
"MULTILINESTRING Z ((439452.5168 4480859.3415 0,439467.4962 4480863.1769 0))",2351735,Verde,Batería,6
"MULTILINESTRING Z ((439518.4525 4480887.0644 0,439551.9525 4480895.8422 0))",2351738,Verde,Línea,7
"MULTILINESTRING Z ((439521.702 4480874.9218 0,439535.6773 4480878.6008 0))",2351740,Verde,Batería,6
"MULTILINESTRING Z ((439519.5636 4480882.8422 0,439553.2858 4480891.6755 0))",2351742,Verde,Línea,7
"MULTILINESTRING Z ((439504.6155 4480943.0205 0,439531.9736 4480950.4032 0))",2351751,Verde,Batería,12
"MULTILINESTRING Z ((439513.4612 4480932.965 0,439556.5919 4480943.9693 0))",2351754,Verde,Batería,17
"MULTILINESTRING Z ((439515.3686 4480930.7983 0,439558.5723 4480941.7427 0))",2351755,Verde,Batería,17
"MULTILINESTRING Z ((439544.7308 4480927.7695 0,439551.6114 4480929.5966 0))",2351757,Verde,Batería,3
"MULTILINESTRING Z ((439644.1747 4480964.0644 0,439575.0081 4480945.62 0))",2351760,Verde,Batería,26
"MULTILINESTRING Z ((439646.1192 4480955.9533 0,439593.5081 4480942.3422 0))",2351761,Verde,Batería,20
"MULTILINESTRING Z ((439645.7858 4480946.2311 0,439594.0636 4480932.5089 0))",2351762,Verde,Batería,20
"MULTILINESTRING Z ((439650.5636 4480939.1755 0,439590.3414 4480923.1755 0))",2351763,Verde,Batería,23
"MULTILINESTRING Z ((439659.8414 4480919.1755 0,439653.3969 4480943.3978 0))",2351764,Verde,Línea,5
"MULTILINESTRING Z ((439335.2023 4480812.6949 0,439354.8459 4480817.7577 0))",2351765,Verde,Línea,4
"MULTILINESTRING Z ((439369.1792 4480818.8152 0,439406.8013 4480828.6708 0))",2351766,Verde,Línea,8
"MULTILINESTRING Z ((439496.1217 4480854.2798 0,439509.2328 4480857.7366 0))",2351771,Verde,Línea,3
"MULTILINESTRING Z ((439568.4839 4480873.432 0,439578.1135 4480875.9835 0))",2351813,Verde,Línea,2
"MULTILINESTRING Z ((439666.8871 4480892.4115 0,439670.2616 4480879.4073 0))",2351815,Verde,Línea,3
"MULTILINESTRING Z ((439629.6032 4480761.7613 0,439661.4797 4480770.3045 0))",2351825,Verde,Batería,14
"MULTILINESTRING Z ((439612.5223 4480811.0068 0,439625.2191 4480763.4677 0))",2351832,Verde,Batería,21
"MULTILINESTRING Z ((439545.776 4480773.6131 0,439544.3439 4480778.6255 0))",2351836,Verde,Batería,2
"MULTILINESTRING Z ((439549.1588 4480770.9629 0,439554.2781 4480772.3127 0))",2351837,Verde,Batería,2
"MULTILINESTRING Z ((439556.0723 4480734.0576 0,439611.0723 4480748.465 0))",2351840,Verde,Batería,24
"MULTILINESTRING Z ((439620.8369 4480722.1172 0,439613.8925 4480749.0061 0))",2351841,Verde,Batería,12
"MULTILINESTRING Z ((439629.9481 4480745.4505 0,439635.0592 4480726.1172 0))",2351842,Verde,Batería,9
"MULTILINESTRING Z ((439552.1703 4480746.7838 0,439608.2814 4480761.2838 0))",2351843,Verde,Batería,24
"MULTILINESTRING Z ((439636.6155 4480720.181 0,439637.4057 4480717.1851 0))",2351844,Verde,Batería,1
"MULTILINESTRING Z ((439542.1703 4480719.7283 0,439514.4481 4480712.5061 0))",2351850,Verde,Batería,12
"MULTILINESTRING Z ((439532.2863 4480695.0781 0,439533.5703 4480690.0905 0))",2351854,Verde,Batería,3
"MULTILINESTRING Z ((439534.0476 4480689.6954 0,439540.1546 4480691.3909 0))",2351855,Verde,Batería,3
"MULTILINESTRING Z ((439512.7884 4480697.0946 0,439495.0106 4480692.3538 0))",2351861,Verde,Batería,8
"MULTILINESTRING Z ((439494.4427 4480689.9094 0,439504.4797 4480651.8724 0))",2351863,Verde,Línea,7
"MULTILINESTRING Z ((439494.2205 4480649.6501 0,439486.1464 4480679.8724 0))",2351864,Verde,Batería,13
"MULTILINESTRING Z ((439494.3686 4480692.181 0,439491.4057 4480691.3662 0))",2351865,Verde,Batería,1
"MULTILINESTRING Z ((439378.4057 4480781.6594 0,439390.489 4480734.6594 0))",2351869,Verde,Batería,18
"MULTILINESTRING Z ((439382.95 4480724.6475 0,439392.4005 4480727.0777 0))",2351871,Verde,Línea,2
"MULTILINESTRING Z ((439390.9604 4480784.9171 0,439402.5566 4480739.0324 0))",2351872,Verde,Línea,10
"MULTILINESTRING Z ((439370.3439 4480811.6872 0,439375.4797 4480791.4403 0))",2351874,Verde,Batería,9
"MULTILINESTRING Z ((439439.3975 4480778.9027 0,439437.4531 4480786.4582 0))",2351886,Verde,Línea,1
"MULTILINESTRING Z ((439443.3975 4480764.0138 0,439451.5086 4480733.236 0))",2351893,Verde,Batería,13
"MULTILINESTRING Z ((439456.0723 4480701.2798 0,439450.4797 4480722.5761 0))",2351895,Verde,Batería,9
"MULTILINESTRING Z ((439455.0847 4480657.1687 0,439449.6526 4480677.679 0))",2351899,Verde,Línea,4
"MULTILINESTRING Z ((439523.9481 4480650.0061 0,439483.2258 4480639.2283 0))",2351901,Verde,Batería,15
"MULTILINESTRING Z ((439526.7258 4480643.6172 0,439485.2814 4480632.7283 0))",2351902,Verde,Batería,15
"MULTILINESTRING Z ((439475.9571 4480626.3868 0,439481.2411 4480606.1563 0))",2351912,Verde,Batería,9
"MULTILINESTRING Z ((440183.8748 4478597.2171 0,440193.3748 4478608.3282 0))",2351917,Azul,Línea,3
"MULTILINESTRING Z ((440153.2946 4478561.539 0,440134.4427 4478539.7983 0))",2351923,Azul,Línea,6
"MULTILINESTRING Z ((439458.739 4480643.8353 0,439464.1876 4480623.2757 0))",2351925,Verde,Línea,4
"MULTILINESTRING Z ((440158.1464 4478611.3415 0,440175.8995 4478610.0329 0))",2351927,Verde,Línea,4
"MULTILINESTRING Z ((440122.0476 4478614.0082 0,440152.9118 4478611.7366 0))",2351932,Verde,Línea,7
"MULTILINESTRING Z ((440099.9057 4478613.465 0,440104.5168 4478590.9094 0))",2351937,Verde,Línea,4
"MULTILINESTRING Z ((439442.3439 4480616.7983 0,439449.6279 4480618.7242 0))",2351938,Verde,Batería,3
"MULTILINESTRING Z ((439431.3069 4480613.86 0,439438.9118 4480615.8847 0))",2351942,Verde,Batería,4
"MULTILINESTRING Z ((439419.6773 4480610.7983 0,439429.2575 4480613.3168 0))",2351943,Verde,Batería,4
"MULTILINESTRING Z ((439411.3316 4480608.5761 0,439417.702 4480610.2798 0))",2351945,Verde,Batería,3
"MULTILINESTRING Z ((439386.2452 4480601.9588 0,439396.418 4480604.6501 0))",2351949,Verde,Batería,4
"MULTILINESTRING Z ((440073.7843 4478588.8065 0,440085.3727 4478575.358 0))",2351951,Verde,Línea,3
"MULTILINESTRING Z ((440110.4612 4478545.8538 0,440100.1834 4478557.965 0))",2351960,Verde,Línea,3
"MULTILINESTRING Z ((439839.2575 4478717.9464 0,439865.4797 4478708.0946 0))",2351961,Verde,Batería,12
"MULTILINESTRING Z ((439425.9057 4480539.3261 0,439477.4057 4480541.5761 0))",2351963,Verde,Batería,20
"MULTILINESTRING Z ((439401.739 4480529.9835 0,439406.3686 4480531.2427 0,439425.7087 4480534.2562 0))",2351965,Verde,Línea,5
"MULTILINESTRING Z ((439548.7258 4480606.9505 0,439488.9481 4480591.2838 0))",2351972,Verde,Batería,26
"MULTILINESTRING Z ((439485.8748 4480588.502 0,439495.5291 4480551.9835 0))",2351981,Verde,Batería,16
"MULTILINESTRING Z ((440045.8501 4478589.218 0,440047.4962 4478587.2921 0))",2351984,Verde,Batería,1
"MULTILINESTRING Z ((440055.8192 4478577.5504 0,440050.8192 4478583.4393 0))",2351992,Verde,Batería,3
"MULTILINESTRING Z ((440069.5044 4478554.2304 0,440075.7513 4478547.0946 0))",2351994,Verde,Batería,4
"MULTILINESTRING Z ((440083.3481 4478545.3333 0,440086.5744 4478541.5637 0))",2351995,Verde,Batería,2
"MULTILINESTRING Z ((440133.8748 4478518.4526 0,440154.6649 4478494.2551 0))",2352002,Verde,Línea,6
"MULTILINESTRING Z ((440171.6526 4478462.0082 0,440189.3316 4478441.6872 0,440229.3069 4478395.2674 0))",2352007,Verde,Línea,17
"MULTILINESTRING Z ((440169.9242 4478461.539 0,440178.7637 4478451.465 0,440179.1834 4478450.8971 0,440187.702 4478441.1193 0,440228.0476 4478394.1316 0))",2352008,Verde,Línea,17
"MULTILINESTRING Z ((440140.3933 4478478.9464 0,440143.5785 4478475.3168 0))",2352010,Verde,Batería,2
"MULTILINESTRING Z ((440150.3192 4478467.6378 0,440146.3933 4478472.1069 0))",2352011,Verde,Batería,2
"MULTILINESTRING Z ((439992.7637 4478604.9218 0,440015.1834 4478614.4526 0))",2352013,Verde,Línea,5
"MULTILINESTRING Z ((439978.6567 4478574.5678 0,440001.488 4478550.0905 0))",2352019,Verde,Línea,7
"MULTILINESTRING Z ((440005.4989 4478545.8216 0,440012.5991 4478538.3154 0))",2352020,Verde,Línea,2
"MULTILINESTRING Z ((440015.6937 4478535.0617 0,440061.3892 4478486.6172 0))",2352021,Verde,Línea,14
"MULTILINESTRING Z ((440074.3384 4478483.8628 0,440094.0037 4478506.6776 0))",2352024,Verde,Línea,6
"MULTILINESTRING Z ((439961.347 4478560.1615 0,439964.9303 4478521.0782 0,439966.4303 4478517.4115 0,439968.347 4478514.5782 0,439970.1803 4478512.9948 0))",2352030,Verde,Línea,10
"MULTILINESTRING Z ((440014.474 4478414.3596 0,440027.7646 4478429.7913 0))",2352037,Verde,Línea,4
"MULTILINESTRING Z ((440044.3007 4478449.0134 0,440031.7451 4478434.4578 0))",2352038,Verde,Línea,4
"MULTILINESTRING Z ((439691.5785 4480865.1687 0,439690.953 4480867.4897 0))",2352043,Verde,Batería,1
"MULTILINESTRING Z ((439510.9036 4480918.8312 0,439514.8871 4480919.8847 0))",2352044,Verde,Batería,2
"MULTILINESTRING Z ((439882.2081 4478698.606 0,439868.8192 4478703.4393 0))",2352048,Verde,Batería,5
"MULTILINESTRING Z ((439513.263 4480538.3703 0,439569.0929 4480540.9053 0))",2352051,Verde,Línea,12
"MULTILINESTRING Z ((439938.6402 4478455.2674 0,439985.4057 4478417.6378 0))",2352061,Verde,Línea,12
"MULTILINESTRING Z ((439724.8501 4480734.2798 0,439724.5168 4480734.7613 0,439720.4797 4480750.539 0))",2352062,Verde,Línea,4
"MULTILINESTRING Z ((439747.9489 4480738.9464 0,439746.9859 4480738.2798 0,439742.0476 4480735.5884 0,439739.9983 4480734.6995 0,439737.0847 4480733.9341 0,439735.0106 4480733.6131 0,439730.9365 4480733.3168 0,439727.06 4480733.6378 0,439725.9242 4480733.7859 0,439724.989 4480734.0761 0))",2352066,Verde,Línea,5
"MULTILINESTRING Z ((439753.7946 4480742.965 0,439795.3501 4480771.465 0))",2352067,Verde,Línea,10
"MULTILINESTRING Z ((439730.739 4480756.7613 0,439793.9612 4480773.502 0))",2352069,Verde,Línea,14
"MULTILINESTRING Z ((439715.455 4480680.4526 0,439717.2081 4480684.4279 0))",2352071,Verde,Línea,1
"MULTILINESTRING Z ((440577.489 4481798.3261 0,440590.5723 4481805.8261 0))",2352073,Verde,Línea,3
"MULTILINESTRING Z ((439817.2637 4478718.0504 0,439808.4859 4478693.0504 0))",2352080,Verde,Línea,5
"MULTILINESTRING Z ((439785.9983 4478638.6501 0,439787.2575 4478640.0946 0,439788.739 4478642.2057 0,439791.3316 4478646.6131 0))",2352086,Verde,Línea,2
"MULTILINESTRING Z ((439616.5662 4481529.6131 0,439634.097 4481535.2427 0))",2352124,Azul,Batería,8
"MULTILINESTRING Z ((440197.2205 4478417.1316 0,440212.2575 4478399.7242 0))",2352125,Verde,Línea,4
"MULTILINESTRING Z ((440226.7081 4478379.3837 0,440240.4303 4478363.6615 0))",2352129,Verde,Batería,8
"MULTILINESTRING Z ((440181.8501 4480886.2798 0,440236.5908 4480900.6501 0))",2352132,Azul,Línea,11
"MULTILINESTRING Z ((440082.1279 4480859.9094 0,440112.6834 4480868.0205 0,440119.1834 4480869.8538 0))",2352134,Azul,Línea,7
"MULTILINESTRING Z ((439770.2616 4478639.9835 0,439772.9283 4478642.4362 0,439774.7061 4478644.2139 0,439776.7472 4478646.6172 0,439778.7555 4478649.1522 0,439779.8583 4478650.8148 0,439781.5867 4478653.7613 0,439782.739 4478656.1481 0,439784.5332 4478660.5761 0,439790.2452 4478677.3827 0))",2352148,Verde,Línea,9
"MULTILINESTRING Z ((439752.0723 4478607.2983 0,439780.3501 4478633.1316 0))",2352151,Verde,Línea,8
"MULTILINESTRING Z ((439720.0353 4478610.539 0,439713.8501 4478615.6131 0,439712.702 4478616.4279 0,439702.0723 4478622.2798 0))",2352155,Verde,Línea,4
"MULTILINESTRING Z ((439716.1834 4478574.7427 0,439683.0723 4478544.5205 0))",2352164,Verde,Línea,9
"MULTILINESTRING Z ((439641.702 4478505.5761 0,439672.9983 4478535.3168 0))",2352165,Verde,Línea,9
"MULTILINESTRING Z ((439566.8542 4478506.4855 0,439570.1464 4478503.1769 0))",2352175,Verde,Línea,1
"MULTILINESTRING Z ((439799.9859 4478554.9393 0,439803.097 4478557.8837 0))",2352187,Verde,Batería,2
"MULTILINESTRING Z ((439828.5168 4478582.2983 0,439806.5723 4478561.3538 0))",2352188,Verde,Batería,13
"MULTILINESTRING Z ((439853.0353 4478565.1934 0,439850.4674 4478567.86 0))",2352190,Verde,Batería,2
"MULTILINESTRING Z ((439853.097 4478557.4948 0,439842.2637 4478546.9948 0))",2352191,Verde,Batería,6
"MULTILINESTRING Z ((439817.702 4478530.502 0,439837.9983 4478543.4403 0))",2352192,Verde,Batería,10
"MULTILINESTRING Z ((439835.6525 4478562.8282 0,439826.0414 4478553.606 0))",2352194,Verde,Batería,5
"MULTILINESTRING Z ((439833.5414 4478565.106 0,439817.3192 4478550.106 0))",2352195,Verde,Batería,9
"MULTILINESTRING Z ((439740.9365 4478582.0576 0,439787.1341 4478507.9094 0))",2352198,Verde,Línea,18
"MULTILINESTRING Z ((439842.8068 4478408.8809 0,439830.1401 4478429.992 0,439819.5413 4478446.9241 0))",2352203,Verde,Batería,19
"MULTILINESTRING Z ((439724.1464 4478573.1687 0,439728.4057 4478553.8724 0))",2352212,Verde,Línea,4
"MULTILINESTRING Z ((439730.4674 4478544.9464 0,439740.4674 4478501.3662 0))",2352213,Verde,Línea,9
"MULTILINESTRING Z ((439754.1464 4478440.502 0,439758.8871 4478419.539 0))",2352220,Verde,Línea,4
"MULTILINESTRING Z ((439798.702 4478332.4279 0,439794.702 4478340.7242 0,439792.2575 4478345.1687 0,439775.9242 4478381.0576 0))",2352229,Verde,Línea,11
"MULTILINESTRING Z ((439806.9242 4478314.3909 0,439800.9612 4478327.6501 0))",2352233,Verde,Línea,3
"MULTILINESTRING Z ((439677.994 4478479.3603 0,439681.2697 4478477.2204 0,439683.3438 4478475.6896 0,439685.385 4478473.9282 0,439687.7389 4478471.706 0,439689.9282 4478469.4344 0,439691.5413 4478467.5085 0,439694.7677 4478462.7513 0))",2352239,Verde,Línea,4
"MULTILINESTRING Z ((439673.2327 4478334.7142 0,439672.4549 4478335.7513 0,439671.4179 4478338.1587 0,439670.3438 4478341.2698 0,439669.4549 4478344.8254 0))",2352251,Verde,Batería,4
"MULTILINESTRING Z ((439662.8213 4478310.9629 0,439667.0518 4478313.0534 0))",2352261,Verde,Línea,1
"MULTILINESTRING Z ((439583.5723 4478331.8538 0,439579.739 4478340.3538 0))",2352271,Verde,Línea,2
"MULTILINESTRING Z ((439591.5538 4478311.8724 0,439601.4797 4478287.9464 0))",2352272,Verde,Línea,5
"MULTILINESTRING Z ((439730.1852 4478272.3809 0,439742.7777 4478278.492 0))",2352280,Verde,Línea,3
"MULTILINESTRING Z ((439749.6296 4478281.7883 0,439758.037 4478285.7883 0))",2352281,Verde,Línea,2
"MULTILINESTRING Z ((439785.9859 4478299.1615 0,439781.8192 4478297.2171 0))",2352282,Verde,Línea,1
"MULTILINESTRING Z ((439799.8748 4478305.9588 0,439791.06 4478301.6378 0))",2352283,Verde,Línea,2
"MULTILINESTRING Z ((439686.037 4478243.492 0,439711.3148 4478255.7143 0))",2352284,Verde,Línea,6
"MULTILINESTRING Z ((439732.0926 4478233.4365 0,439725.9259 4478247.6587 0))",2352286,Verde,Línea,3
"MULTILINESTRING Z ((439757.489 4478277.9094 0,439767.0723 4478282.4094 0))",2352287,Verde,Línea,2
"MULTILINESTRING Z ((439801.7637 4478298.606 0,439771.5926 4478284.5476 0))",2352288,Verde,Línea,7
"MULTILINESTRING Z ((439892.4057 4478342.2983 0,439883.8501 4478338.1872 0))",2352292,Verde,Línea,2
"MULTILINESTRING Z ((439816.2452 4478300.6748 0,439813.3563 4478292.0082 0))",2352294,Verde,Línea,2
"MULTILINESTRING Z ((439795.5723 4478234.2427 0,439796.739 4478232.1594 0,439797.9057 4478231.4094 0,439798.6557 4478231.1594 0))",2352298,Verde,Batería,2
"MULTILINESTRING Z ((439832.2327 4478249.204 0,439836.0516 4478251.4591 0))",2352300,Verde,Línea,1
"MULTILINESTRING Z ((439903.566 4478340.5291 0,439917.0105 4478323.1957 0))",2352305,Verde,Línea,5
"MULTILINESTRING Z ((439929.4488 4478419.0874 0,439945.4859 4478402.7541 0))",2352310,Verde,Línea,4
"MULTILINESTRING Z ((440273.0044 4478404.1615 0,440244.4488 4478409.7171 0))",2352317,Verde,Línea,6
"MULTILINESTRING Z ((440324.981 4478393.8206 0,440314.8748 4478395.8837 0))",2352319,Verde,Línea,2
"MULTILINESTRING Z ((440319.0736 4478343.6354 0,440321.2958 4478357.5613 0))",2352324,Verde,Línea,3
"MULTILINESTRING Z ((440059.1232 4478441.5041 0,440063.6834 4478437.6316 0))",2352332,Verde,Línea,1
"MULTILINESTRING Z ((440079.4797 4478424.4279 0,440071.3686 4478431.2427 0))",2352333,Verde,Línea,2
"MULTILINESTRING Z ((439677.3316 4480567.0576 0,439681.5168 4480578.9094 0))",2352345,Verde,Batería,6
"MULTILINESTRING Z ((439607.9242 4480512.9094 0,439629.8871 4480513.9835 0))",2352356,Verde,Batería,9
"MULTILINESTRING Z ((439640.5538 4480514.465 0,439636.0353 4480514.2798 0))",2352357,Verde,Línea,1
"MULTILINESTRING Z ((439635.1094 4480527.7366 0,439642.8625 4480525.8847 0))",2352359,Verde,Batería,4
"MULTILINESTRING Z ((439628.0599 4480528.9982 0,439612.1339 4480530.2821 0))",2352360,Verde,Batería,6
"MULTILINESTRING Z ((439624.9612 4480511.2427 0,439625.5723 4480497.5205 0))",2352363,Verde,Batería,4
"MULTILINESTRING Z ((439639.9983 4480511.7983 0,439631.702 4480488.0576 0))",2352366,Verde,Batería,8
"MULTILINESTRING Z ((439594.4057 4480507.1594 0,439483.8223 4480502.0761 0))",2352372,Verde,Batería,46
"MULTILINESTRING Z ((439583.2205 4480486.7242 0,439591.1464 4480487.1316 0))",2352373,Verde,Batería,3
"MULTILINESTRING Z ((439595.2328 4480490.4526 0,439594.8871 4480498.4526 0))",2352375,Verde,Batería,3
"MULTILINESTRING Z ((439465.3223 4480486.9927 0,439582.0723 4480491.9094 0))",2352415,Verde,Batería,49
"MULTILINESTRING Z ((439484.1279 4480505.6316 0,439483.239 4480522.0761 0))",2352419,Verde,Batería,6
"MULTILINESTRING Z ((439418.6896 4480499.0205 0,439469.6279 4480501.4156 0))",2352420,Verde,Batería,22
"MULTILINESTRING Z ((439408.8871 4480502.823 0,439416.3439 4480503.0946 0))",2352421,Verde,Batería,3
"MULTILINESTRING Z ((439409.8501 4480484.3538 0,439446.5908 4480486.0205 0))",2352422,Verde,Batería,15
"MULTILINESTRING Z ((439461.739 4480465.6316 0,439460.739 4480488.2427 0))",2352423,Verde,Línea,5
"MULTILINESTRING Z ((439452.0723 4480464.465 0,439450.8501 4480487.8538 0))",2352424,Verde,Línea,5
"MULTILINESTRING Z ((439580.9612 4480470.4032 0,439586.8131 4480470.6995 0))",2352428,Verde,Batería,2
"MULTILINESTRING Z ((439574.5662 4480470.1069 0,439578.1958 4480470.3045 0))",2352432,Verde,Batería,2
"MULTILINESTRING Z ((439565.9983 4480469.7119 0,439571.6526 4480470.0082 0))",2352433,Verde,Batería,2
"MULTILINESTRING Z ((439540.8871 4480468.502 0,439544.1958 4480468.6995 0))",2352438,Verde,Batería,2
"MULTILINESTRING Z ((439530.4674 4480468.0329 0,439538.097 4480468.4032 0))",2352440,Verde,Batería,3
"MULTILINESTRING Z ((440213.3909 4478347.548 0,440227.3485 4478346.038 0))",2352441,Azul,Línea,3
"MULTILINESTRING Z ((439522.3439 4480467.7119 0,439527.5044 4480467.9094 0))",2352442,Verde,Batería,2
"MULTILINESTRING Z ((439513.6834 4480467.2983 0,439519.6279 4480467.465 0))",2352444,Verde,Batería,3
"MULTILINESTRING Z ((439504.5168 4480466.7983 0,439510.9612 4480467.218 0))",2352445,Verde,Batería,2
"MULTILINESTRING Z ((440210.3105 4478341.3731 0,440208.2597 4478327.6296 0))",2352446,Verde,Línea,3
"MULTILINESTRING Z ((440202.6834 4478289.2983 0,440207.1834 4478320.2427 0))",2352448,Verde,Línea,7
"MULTILINESTRING Z ((439487.455 4480466.0082 0,439501.5785 4480466.6995 0))",2352449,Verde,Batería,6
"MULTILINESTRING Z ((439478.4674 4480465.6131 0,439484.5662 4480465.9094 0))",2352451,Verde,Batería,3
"MULTILINESTRING Z ((439467.4797 4480465.1193 0,439475.6279 4480465.5143 0))",2352452,Verde,Batería,3
"MULTILINESTRING Z ((440289.5168 4478263.8724 0,440303.1094 4478262.0576 0))",2352457,Verde,Línea,3
"MULTILINESTRING Z ((440202.9031 4478275.6553 0,440209.3922 4478274.7983 0))",2352462,Verde,Línea,1
"MULTILINESTRING Z ((440268.6031 4478274.9735 0,440272.7142 4478304.6772 0))",2352463,Azul,Línea,6
"MULTILINESTRING Z ((440266.7555 4478308.2469 0,440262.4057 4478275.7011 0))",2352464,Azul,Línea,6
"MULTILINESTRING Z ((440204.037 4478282.5476 0,440216.6481 4478280.4365 0))",2352469,Azul,Línea,2
"MULTILINESTRING Z ((440194.0806 4478292.6419 0,440179.6937 4478294.6008 0))",2352472,Azul,Batería,6
"MULTILINESTRING Z ((440170.597 4478295.9115 0,440174.9303 4478295.3282 0))",2352473,Azul,Batería,2
"MULTILINESTRING Z ((440036.7308 4478376.4608 0,440043.9626 4478370.5349 0))",2352504,Verde,Línea,2
"MULTILINESTRING Z ((440080.9118 4478299.8847 0,440099.6279 4478297.2427 0))",2352513,Verde,Línea,4
"MULTILINESTRING Z ((439420.8131 4480449.6131 0,439431.0847 4480450.1069 0))",2352525,Verde,Batería,4
"MULTILINESTRING Z ((440022.2205 4478313.8724 0,440023.8131 4478314.3538 0,440024.9983 4478315.3168 0))",2352528,Verde,Batería,1
"MULTILINESTRING Z ((440032.4859 4478321.7726 0,440037.097 4478316.8837 0))",2352532,Verde,Línea,1
"MULTILINESTRING Z ((439847.702 4478195.218 0,439858.7637 4478204.181 0))",2352552,Azul,Batería,7
"MULTILINESTRING Z ((439484.0723 4480430.965 0,439524.7946 4480432.8538 0))",2352554,Verde,Batería,17
"MULTILINESTRING Z ((439484.9057 4480415.7427 0,439525.739 4480417.5761 0))",2352558,Verde,Batería,17
"MULTILINESTRING Z ((439749.1834 4478181.6501 0,439760.5538 4478158.0205 0))",2352564,Verde,Línea,5
"MULTILINESTRING Z ((439559.6834 4480426.965 0,439542.5168 4480425.965 0))",2352568,Verde,Batería,7
"MULTILINESTRING Z ((439550.4057 4480444.7983 0,439561.5908 4480445.2057 0))",2352570,Verde,Batería,5
"MULTILINESTRING Z ((439598.7143 4480442.7983 0,439570.6402 4480441.6872 0))",2352573,Verde,Línea,5
"MULTILINESTRING Z ((439599.9983 4480436.6255 0,439610.4921 4480437.1193 0))",2352578,Verde,Batería,4
"MULTILINESTRING Z ((439499.6032 4480394.6255 0,439510.6155 4480395.0946 0))",2352585,Verde,Batería,5
"MULTILINESTRING Z ((439447.156 4480392.2084 0,439458.0312 4480392.6913 0))",2352591,Verde,Batería,5
"MULTILINESTRING Z ((439803.7037 4478138.1032 0,439817.4814 4478137.2143 0))",2352599,Verde,Línea,3
"MULTILINESTRING Z ((439888.8148 4478139.4365 0,439893.4814 4478139.3809 0))",2352606,Verde,Línea,1
"MULTILINESTRING Z ((439564.3316 4480342.6131 0,439585.489 4480362.4094 0))",2352614,Verde,Línea,6
"MULTILINESTRING Z ((439555.4797 4480349.86 0,439576.5168 4480369.7119 0))",2352615,Verde,Batería,11
"MULTILINESTRING Z ((439487.9571 4480368.9382 0,439489.2411 4480344.7407 0,439490.0806 4480324.8888 0))",2352620,Verde,Línea,9
"MULTILINESTRING Z ((439499.9242 4480334.2057 0,439500.2946 4480326.6131 0))",2352621,Verde,Batería,3
"MULTILINESTRING Z ((439990.9259 4478246.0476 0,439984.2592 4478253.1032 0))",2352622,Verde,Línea,2
"MULTILINESTRING Z ((439502.739 4480321.6872 0,439515.6279 4480323.0699 0))",2352623,Verde,Batería,6
"MULTILINESTRING Z ((439539.2575 4480328.3538 0,439547.6773 4480330.9711 0))",2352624,Verde,Línea,2
"MULTILINESTRING Z ((440010.7555 4478225.0041 0,440020.8295 4478214.3868 0))",2352627,Verde,Línea,3
"MULTILINESTRING Z ((439977.9274 4478250.0094 0,439977.9858 4478249.813 0,439978.6278 4478249.1217 0,439988.1833 4478236.776 0))",2352630,Verde,Línea,3
"MULTILINESTRING Z ((440071.5185 4478291.5109 0,440070.4166 4478282.1445 0))",2352636,Verde,Línea,2
"MULTILINESTRING Z ((440066.9057 4478253.2427 0,440069.7946 4478277.1316 0))",2352638,Verde,Línea,5
"MULTILINESTRING Z ((440069.4167 4478250.1886 0,440106.6986 4478246.8216 0))",2352643,Verde,Línea,8
"MULTILINESTRING Z ((440111.4532 4478246.4134 0,440120.1666 4478245.638 0))",2352644,Verde,Línea,2
"MULTILINESTRING Z ((440058.6402 4478259.9835 0,440053.4797 4478215.7119 0))",2352645,Verde,Batería,16
"MULTILINESTRING Z ((440124.9242 4478248.8353 0,440126.8131 4478262.1316 0))",2352648,Verde,Línea,3
"MULTILINESTRING Z ((440123.4112 4478235.2309 0,440123.4112 4478234.8228 0,440120.4727 4478215.4574 0))",2352650,Verde,Línea,4
"MULTILINESTRING Z ((440194.4814 4478216.5476 0,440204.3148 4478216.1032 0))",2352655,Verde,Línea,2
"MULTILINESTRING Z ((440064.3686 4480357.0946 0,440201.6279 4480372.4279 0))",2352656,Azul,Línea,30
"MULTILINESTRING Z ((440219.7267 4480386.3785 0,440228.6155 4480387.4403 0))",2352659,Verde,Batería,3
"MULTILINESTRING Z ((440217.2 4478215.508 0,440221.8525 4478215.3039 0))",2352660,Verde,Línea,1
"MULTILINESTRING Z ((440204.9365 4480384.6501 0,440211.5785 4480385.4403 0))",2352662,Verde,Batería,3
"MULTILINESTRING Z ((440174.9983 4480381.2798 0,440192.9612 4480383.3538 0))",2352665,Verde,Batería,7
"MULTILINESTRING Z ((440153.1094 4480378.8477 0,440166.3439 4480380.2798 0))",2352666,Verde,Batería,6
"MULTILINESTRING Z ((440239.4016 4478214.5421 0,440272.9626 4478213.0865 0))",2352667,Verde,Línea,7
"MULTILINESTRING Z ((440081.5206 4480371.0229 0,440088.2807 4480371.7011 0))",2352670,Verde,Batería,2
"MULTILINESTRING Z ((440285.1498 4478212.57 0,440296.8731 4478212.0802 0))",2352671,Verde,Línea,2
"MULTILINESTRING Z ((440061.3501 4480368.7427 0,440068.739 4480369.5205 0))",2352672,Verde,Batería,3
"MULTILINESTRING Z ((440307.4638 4478216.4267 0,440310.8002 4478240.8222 0))",2352673,Verde,Línea,5
"MULTILINESTRING Z ((440056.6896 4480368.1069 0,440043.3069 4480366.7242 0))",2352677,Verde,Batería,5
"MULTILINESTRING Z ((440304.7472 4478198.0246 0,440303.381 4478188.6913 0))",2352678,Verde,Línea,2
"MULTILINESTRING Z ((440020.6896 4480364.0576 0,440026.3439 4480364.7489 0))",2352679,Verde,Batería,2
"MULTILINESTRING Z ((439973.4241 4480358.881 0,439987.4612 4480360.3538 0,440007.4057 4480362.5761 0))",2352680,Verde,Batería,14
"MULTILINESTRING Z ((439927.6876 4480353.4472 0,439931.5168 4480353.9094 0,439937.5723 4480354.4927 0))",2352686,Verde,Batería,4
"MULTILINESTRING Z ((439902.3501 4480350.5761 0,439921.5723 4480352.6872 0))",2352688,Verde,Batería,8
"MULTILINESTRING Z ((439896.9699 4480349.9436 0,439890.1834 4480349.2427 0))",2352689,Verde,Batería,2
"MULTILINESTRING Z ((440282.2781 4478205.8765 0,440295.2493 4478205.432 0))",2352690,Verde,Línea,3
"MULTILINESTRING Z ((439820.3238 4480341.4832 0,439825.489 4480342.0761 0))",2352693,Verde,Batería,1
"MULTILINESTRING Z ((439807.1834 4480340.0761 0,439776.739 4480336.7427 0))",2352694,Verde,Batería,12
"MULTILINESTRING Z ((439770.8877 4480336.0921 0,439759.6557 4480334.8261 0))",2352696,Verde,Batería,4
"MULTILINESTRING Z ((439734.4797 4480332.2057 0,439746.0723 4480333.3909 0))",2352698,Verde,Batería,4
"MULTILINESTRING Z ((439677.1094 4480325.8847 0,439656.7143 4480323.539 0))",2352706,Verde,Batería,6
"MULTILINESTRING Z ((440052.1481 4478204.8809 0,440049.4259 4478182.1032 0,440049.4259 4478181.992 0))",2352707,Verde,Batería,8
"MULTILINESTRING Z ((440057.2751 4478173.7678 0,440059.0912 4478188.5826 0))",2352709,Verde,Línea,3
"MULTILINESTRING Z ((440046.702 4478159.4279 0,440047.6279 4478167.1687 0,440047.8501 4478169.0576 0))",2352710,Verde,Batería,4
"MULTILINESTRING Z ((440013.1481 4478139.7143 0,439997.037 4478138.992 0))",2352716,Verde,Línea,3
"MULTILINESTRING Z ((440274.8223 4478112.8261 0,440273.3223 4478103.0761 0))",2352736,Verde,Línea,2
"MULTILINESTRING Z ((440256.7143 4478075.2153 0,440252.1601 4478075.7969 0))",2352737,Azul,Línea,1
"MULTILINESTRING Z ((439772.8954 4480414.9464 0,439781.4715 4480415.7859 0))",2352752,Verde,Línea,2
"MULTILINESTRING Z ((439882.097 4480427.144 0,439888.418 4480427.7859 0))",2352756,Verde,Línea,1
"MULTILINESTRING Z ((439898.0723 4480428.9464 0,439912.6155 4480430.502 0))",2352757,Verde,Línea,3
"MULTILINESTRING Z ((440030.4612 4480443.6872 0,440039.8501 4480444.7427 0))",2352763,Verde,Línea,2
"MULTILINESTRING Z ((440058.7884 4480446.7736 0,440053.9489 4480446.2798 0))",2352766,Verde,Línea,1
"MULTILINESTRING Z ((440162.5415 4480458.4526 0,440172.7884 4480459.5637 0))",2352774,Verde,Línea,2
"MULTILINESTRING Z ((440224.3686 4480465.465 0,440255.2822 4480468.8724 0))",2352777,Azul,Línea,6
"MULTILINESTRING Z ((440264.6557 4480469.9927 0,440288.989 4480472.7427 0))",2352778,Azul,Línea,5
"MULTILINESTRING Z ((440221.5209 4480418.93 0,440217.7349 4480453.679 0))",2352779,Azul,Línea,7
"MULTILINESTRING Z ((440228.6834 4480429.6316 0,440229.8501 4480419.9094 0))",2352781,Azul,Línea,2
"MULTILINESTRING Z ((440216.4612 4480474.8538 0,440246.8501 4480478.2427 0))",2352803,Verde,Línea,6
"MULTILINESTRING Z ((440177.739 4480470.465 0,440210.8131 4480474.2057 0))",2352804,Verde,Línea,6
"MULTILINESTRING Z ((440126.8378 4480464.502 0,440169.9736 4480469.3168 0))",2352805,Verde,Línea,9
"MULTILINESTRING Z ((439735.3316 4480420.8724 0,439728.1834 4480420.0576 0))",2352815,Verde,Línea,2
"MULTILINESTRING Z ((440117.6158 4478206.2951 0,440107.7801 4478206.4175 0))",2352822,Verde,Línea,2
"MULTILINESTRING Z ((439656.6402 4480513.7366 0,439647.3316 4480487.6488 0))",2352826,Verde,Línea,5
"MULTILINESTRING Z ((439965.4057 4478209.2427 0,439936.1279 4478209.6316 0))",2352830,Verde,Línea,6
"MULTILINESTRING Z ((439680.8131 4480473.1316 0,439679.2205 4480507.6131 0))",2352831,Verde,Línea,7
"MULTILINESTRING Z ((439690.7143 4480499.3909 0,439691.3069 4480487.9835 0))",2352832,Verde,Batería,6
"MULTILINESTRING Z ((440239.5291 4478207.3909 0,440244.9283 4478207.2098 0))",2352833,Verde,Línea,1
"MULTILINESTRING Z ((439731.0839 4480511.0218 0,439737.8699 4480530.1046 0))",2352842,Verde,Batería,8
"MULTILINESTRING Z ((440046.5538 4478105.7242 0,440042.9612 4478087.1316 0))",2352854,Verde,Línea,4
"MULTILINESTRING Z ((440042.0353 4478082.3909 0,440038.4057 4478063.539 0))",2352855,Verde,Línea,4
"MULTILINESTRING Z ((440033.2592 4478084.992 0,440032.037 4478078.6032 0))",2352859,Verde,Batería,2
"MULTILINESTRING Z ((440026.4057 4478007.4094 0,440028.989 4478019.7427 0))",2352864,Verde,Línea,2
"MULTILINESTRING Z ((440104.4814 4478012.4365 0,440086.6481 4478007.992 0))",2352871,Verde,Línea,4
"MULTILINESTRING Z ((440083.8148 4478007.1587 0,440071.8148 4478003.992 0))",2352872,Verde,Línea,2
"MULTILINESTRING Z ((440063.7037 4478002.0476 0,440057.8148 4478000.2698 0))",2352873,Verde,Línea,1
"MULTILINESTRING Z ((440264.2037 4478023.992 0,440265.8703 4478036.7143 0))",2352877,Verde,Línea,2
"MULTILINESTRING Z ((440324.5497 4477936.9218 0,440304.9283 4477939.3086 0))",2352882,Azul,Línea,4
"MULTILINESTRING Z ((440216.8889 4477959.1957 0,440221.9629 4477958.6402 0))",2352886,Azul,Línea,1
"MULTILINESTRING Z ((440133.4441 4477831.2757 0,440133.7294 4477835.325 0))",2352905,Verde,Línea,1
"MULTILINESTRING Z ((440130.8871 4477801.9835 0,440129.8871 4477789.465 0))",2352907,Verde,Línea,3
"MULTILINESTRING Z ((440070.3439 4477783.4732 0,440123.3151 4477779.4348 0))",2352911,Azul,Línea,11
"MULTILINESTRING Z ((440021.4612 4477787.1316 0,440053.4612 4477784.7427 0))",2352912,Azul,Línea,6
"MULTILINESTRING Z ((440318.5908 4477885.3909 0,440304.3316 4477887.1316 0))",2352913,Verde,Línea,3
"MULTILINESTRING Z ((440169.3703 4477900.7513 0,440174.6666 4477900.3069 0))",2352918,Verde,Línea,1
"MULTILINESTRING Z ((439815.1341 4480476.7242 0,439813.4386 4480471.8847 0))",2352927,Verde,Línea,1
"MULTILINESTRING Z ((439811.2987 4480442.4855 0,439827.2987 4480488.2962 0))",2352930,Verde,Línea,10
"MULTILINESTRING Z ((439832.8954 4480454.1563 0,439852.9118 4480447.1275 0))",2352934,Verde,Batería,9
"MULTILINESTRING Z ((440056.0723 4477677.7283 0,440068.6978 4477677.9094 0))",2352937,Verde,Línea,3
"MULTILINESTRING Z ((439852.4057 4480458.6872 0,439864.2946 4480454.5761 0))",2352938,Verde,Línea,2
"MULTILINESTRING Z ((439862.6896 4480449.037 0,439884.1053 4480441.465 0))",2352940,Verde,Línea,5
"MULTILINESTRING Z ((440048.2205 4477690.5761 0,440044.8625 4477704.5267 0))",2352941,Verde,Línea,3
"MULTILINESTRING Z ((440025.7459 4477854.299 0,440042.0751 4477844.5541 0))",2352946,Verde,Línea,4
"MULTILINESTRING Z ((439817.4304 4480484.7242 0,439798.8871 4480491.1934 0))",2352947,Verde,Batería,7
"MULTILINESTRING Z ((439825.8007 4480494.7242 0,439820.5662 4480496.4279 0))",2352950,Verde,Línea,1
"MULTILINESTRING Z ((439801.9736 4480501.0699 0,439818.6649 4480496.9711 0))",2352952,Verde,Batería,6
"MULTILINESTRING Z ((440077.0179 4477936.2733 0,440081.5465 4477937.378 0))",2352954,Verde,Batería,2
"MULTILINESTRING Z ((440021.3703 4477971.4365 0,440019.9814 4477959.7143 0))",2352958,Verde,Línea,2
"MULTILINESTRING Z ((439876.5908 4480481.86 0,439906.0229 4480471.539 0))",2352959,Verde,Batería,12
"MULTILINESTRING Z ((439958.3686 4480448.4526 0,439943.4304 4480446.823 0))",2352965,Verde,Línea,3
"MULTILINESTRING Z ((439944.8954 4480457.9917 0,439950.1135 4480456.2633 0))",2352971,Verde,Línea,1
"MULTILINESTRING Z ((439987.455 4477877.6378 0,439996.6649 4477872.0082 0))",2352972,Verde,Línea,2
"MULTILINESTRING Z ((439965.2592 4477891.1587 0,439939.537 4477906.8254 0))",2352974,Verde,Línea,6
"MULTILINESTRING Z ((440000.739 4477869.539 0,440013.1588 4477861.9588 0))",2352983,Verde,Línea,3
"MULTILINESTRING Z ((439900.8818 4477939.969 0,439901.9794 4477943.638 0))",2352990,Verde,Línea,1
"MULTILINESTRING Z ((439891.2786 4478014.1001 0,439892.474 4478013.3124 0,439909.8871 4478001.8353 0))",2352999,Verde,Línea,5
"MULTILINESTRING Z ((439962.5926 4478006.8254 0,439998.2592 4477988.492 0))",2353003,Verde,Línea,8
"MULTILINESTRING Z ((439965.3234 4480489.6131 0,439967.0353 4480494.4362 0))",2353006,Verde,Línea,1
"MULTILINESTRING Z ((439974.9612 4480507.8724 0,439983.2205 4480486.465 0))",2353009,Verde,Batería,7
"MULTILINESTRING Z ((439909.1588 4480538.6255 0,439920.5662 4480534.6255 0))",2353012,Verde,Línea,2
"MULTILINESTRING Z ((439925.2822 4480532.9711 0,439936.2452 4480529.1193 0))",2353015,Verde,Línea,2
"MULTILINESTRING Z ((439992.4674 4480480.1069 0,439991.455 4480482.1563 0,439978.8131 4480514.502 0))",2353018,Verde,Línea,8
"MULTILINESTRING Z ((439857.3727 4478104.395 0,439902.9036 4478076.2469 0))",2353024,Verde,Línea,11
"MULTILINESTRING Z ((439864.4015 4480788.8394 0,439878.5579 4480792.6419 0,439893.4057 4480796.4773 0))",2353034,Verde,Batería,12
"MULTILINESTRING Z ((439963.2493 4480814.93 0,439991.4633 4480822.5514 0))",2353039,Verde,Batería,12
"MULTILINESTRING Z ((439847.9736 4477915.1193 0,439850.9612 4477895.6131 0))",2353053,Verde,Línea,4
"MULTILINESTRING Z ((439792.0394 4477991.4732 0,439821.5374 4477974.6666 0))",2353055,Verde,Línea,7
"MULTILINESTRING Z ((439799.8995 4478007.539 0,439799.4304 4477996.5267 0))",2353056,Verde,Batería,5
"MULTILINESTRING Z ((439804.6155 4477992.1069 0,439830.2205 4477977.86 0))",2353057,Verde,Línea,8
"MULTILINESTRING Z ((439793.5908 4478140.7613 0,439794.0353 4478139.4279 0,439794.2946 4478137.3538 0,439792.739 4478116.8353 0,439790.9612 4478095.7242 0,439790.5908 4478087.2057 0,439789.9612 4478069.0946 0,439788.2575 4478012.9464 0,439787.8871 4477997.9835 0,439787.9612 4477995.3538 0))",2353060,Verde,Línea,30
"MULTILINESTRING Z ((439797.8336 4478094.716 0,439799.2657 4478111.0123 0))",2353063,Verde,Línea,3
"MULTILINESTRING Z ((439797.3563 4478083.1193 0,439795.1094 4478009.7119 0))",2353064,Verde,Línea,15
"MULTILINESTRING Z ((439833.1834 4477890.8477 0,439824.0229 4477894.0822 0))",2353068,Verde,Línea,2
"MULTILINESTRING Z ((439846.8148 4477842.3254 0,439839.9814 4477857.0476 0))",2353072,Verde,Batería,6
"MULTILINESTRING Z ((439905.2548 4477711.6003 0,439913.8659 4477693.3781 0))",2353075,Verde,Línea,4
"MULTILINESTRING Z ((440052.9118 4480839.539 0,440058.3933 4480841.037 0))",2353077,Verde,Línea,1
"MULTILINESTRING Z ((440066.1629 4480843.0452 0,440077.4386 4480845.9917 0))",2353078,Verde,Línea,2
"MULTILINESTRING Z ((440139.4304 4480863.6625 0,440161.1834 4480869.4403 0))",2353079,Verde,Línea,4
"MULTILINESTRING Z ((440228.5662 4480887.2427 0,440196.6402 4480878.8477 0))",2353081,Verde,Línea,7
"MULTILINESTRING Z ((440252.4674 4480893.465 0,440230.5168 4480887.7366 0))",2353082,Verde,Línea,5
"MULTILINESTRING Z ((440299.381 4480901.6131 0,440314.7143 4480905.5143 0))",2353084,Verde,Batería,7
"MULTILINESTRING Z ((440314.5662 4480781.7119 0,440311.9489 4480791.539 0))",2353098,Verde,Línea,2
"MULTILINESTRING Z ((440329.2328 4480709.3415 0,440324.8131 4480724.1316 0))",2353100,Verde,Batería,7
"MULTILINESTRING Z ((440329.9489 4480705.9094 0,440332.1464 4480697.7859 0))",2353101,Verde,Batería,4
"MULTILINESTRING Z ((440333.0847 4480694.2798 0,440335.2822 4480686.1316 0))",2353104,Verde,Batería,4
"MULTILINESTRING Z ((440447.8583 4480630.3374 0,440452.9118 4480611.2757 0))",2353108,Verde,Línea,4
"MULTILINESTRING Z ((440324.097 4480653.86 0,440331.702 4480655.6131 0))",2353112,Verde,Línea,2
"MULTILINESTRING Z ((440280.0723 4480650.6255 0,440296.9118 4480653.8353 0))",2353116,Verde,Batería,7
"MULTILINESTRING Z ((440281.6649 4480635.7983 0,440286.8501 4480636.5761 0))",2353117,Verde,Línea,1
"MULTILINESTRING Z ((440274.4921 4480644.6748 0,440270.6402 4480644.0822 0))",2353118,Verde,Línea,1
"MULTILINESTRING Z ((440167.7946 4480638.6872 0,440194.5168 4480640.4094 0))",2353126,Verde,Batería,11
"MULTILINESTRING Z ((440139.1834 4480622.3909 0,440156.5908 4480622.6872 0))",2353139,Verde,Línea,3
"MULTILINESTRING Z ((439838.1094 4480625.6131 0,439861.776 4480640.539 0))",2353153,Verde,Línea,5
"MULTILINESTRING Z ((439844.4427 4480671.465 0,439845.7513 4480668.1316 0,439848.9118 4480660.8724 0,439850.7884 4480657.0946 0,439851.702 4480655.5143 0,439857.5044 4480648.0576 0))",2353155,Verde,Línea,5
"MULTILINESTRING Z ((441707.4687 4480578.6293 0,441695.2024 4480521.816 0))",2353156,Azul,Línea,12
"MULTILINESTRING Z ((439821.4057 4480668.7407 0,439821.6032 4480667.5555 0,439821.6032 4480660.3621 0,439821.8995 4480654.716 0,439823.0353 4480649.2016 0,439823.8748 4480645.6131 0,439824.5826 4480643.0452 0,439826.7884 4480637.646 0,439827.7925 4480635.4897 0,439831.3316 4480629.9423 0))",2353157,Verde,Línea,8
"MULTILINESTRING Z ((439847.6771 4480715.2698 0,439849.7512 4480719.492 0,439851.0475 4480721.8254 0,439852.8253 4480724.6772 0,439854.3808 4480726.7513 0,439858.6771 4480731.7142 0,439861.3068 4480734.492 0,439865.8994 4480738.7513 0,439866.6031 4480739.3809 0,439873.0475 4480743.7513 0,439879.2327 4480746.8254 0,439884.4179 4480748.9735 0,439890.0105 4480750.4179 0,439899.6031 4480751.5291 0,439900.7512 4480751.6031 0,439922.7142 4480751.7142 0,439946.9364 4480751.0105 0))",2353167,Verde,Línea,25
"MULTILINESTRING Z ((440023.1834 4477927.4094 0,440025.739 4477925.5761 0,440027.4612 4477925.2983 0,440043.2946 4477925.4094 0))",2353183,Verde,Línea,4
"MULTILINESTRING Z ((441712.5908 4480602.3538 0,441710.3686 4480592.1316 0))",2353185,Azul,Línea,2
"MULTILINESTRING Z ((441653.989 4480264.3261 0,441643.1557 4480213.7427 0,441642.4057 4480210.5761 0))",2353193,Azul,Línea,11
"MULTILINESTRING Z ((441636.6834 4480461.0761 0,441655.0723 4480457.2983 0))",2353198,Verde,Línea,4
"MULTILINESTRING Z ((441665.4612 4480455.1872 0,441670.4057 4480454.2427 0))",2353199,Verde,Línea,1
"MULTILINESTRING Z ((441626.1034 4480512.5702 0,441607.1979 4480516.7259 0))",2353204,Verde,Línea,4
"MULTILINESTRING Z ((441614.1035 4480591.3698 0,441604.6591 4480547.5364 0,441602.2147 4480536.4809 0))",2353213,Verde,Línea,12
"MULTILINESTRING Z ((441622.0062 4480590.0651 0,441608.5734 4480529.31 0))",2353215,Verde,Línea,13
"MULTILINESTRING Z ((440370.0723 4478443.8261 0,440377.3307 4478432.0623 0))",2353217,Azul,Línea,3
"MULTILINESTRING Z ((441578.6406 4480525.3194 0,441584.9917 4480554.8401 0))",2353218,Verde,Batería,10
"MULTILINESTRING Z ((440363.4139 4478451.2427 0,440368.204 4478443.3909 0))",2353219,Azul,Línea,2
"MULTILINESTRING Z ((440399.7102 4478508.609 0,440362.0312 4478526.7325 0))",2353224,Verde,Línea,9
"MULTILINESTRING Z ((440330.942 4478518.3429 0,440343.391 4478526.1932 0))",2353227,Verde,Línea,3
"MULTILINESTRING Z ((441499.739 4480505.0761 0,441527.239 4480494.1316 0))",2353232,Verde,Línea,6
"MULTILINESTRING Z ((440285.2081 4478580.5432 0,440323.4468 4478518.5843 0))",2353233,Azul,Línea,15
"MULTILINESTRING Z ((441653.048 4480437.2216 0,441633.3813 4480441.4068 0))",2353234,Verde,Batería,8
"MULTILINESTRING Z ((441618.9612 4480465.0205 0,441624.2946 4480463.8538 0))",2353237,Verde,Línea,1
"MULTILINESTRING Z ((440272.2369 4478608.7571 0,440285.5374 4478586.9958 0))",2353238,Azul,Línea,5
"MULTILINESTRING Z ((441651.702 4480414.1069 0,441655.4304 4480430.3785 0))",2353239,Verde,Batería,6
"MULTILINESTRING Z ((440262.6155 4478617.9835 0,440268.9859 4478607.465 0))",2353240,Azul,Línea,2
"MULTILINESTRING Z ((440319.2946 4478644.5205 0,440322.739 4478634.6872 0))",2353256,Verde,Línea,2
"MULTILINESTRING Z ((441586.9612 4480332.4032 0,441588.0476 4480337.3415 0))",2353266,Verde,Línea,1
"MULTILINESTRING Z ((441523.1279 4480321.7983 0,441532.9612 4480317.965 0))",2353271,Verde,Línea,2
"MULTILINESTRING Z ((440399.3974 4478621.1248 0,440413.8282 4478620.8285 0))",2353280,Verde,Línea,3
"MULTILINESTRING Z ((441520.1279 4480256.1872 0,441545.239 4480245.7427 0))",2353282,Verde,Línea,6
"MULTILINESTRING Z ((441492.3686 4480268.5761 0,441493.3316 4480268.0576 0,441512.8131 4480259.6872 0))",2353283,Verde,Línea,5
"MULTILINESTRING Z ((441500.7759 4480219.9118 0,441476.529 4480225.492 0))",2353287,Verde,Línea,6
"MULTILINESTRING Z ((440312.3501 4478692.5761 0,440369.239 4478713.0205 0))",2353289,Verde,Línea,12
"MULTILINESTRING Z ((440457.4612 4478743.1316 0,440471.4057 4478748.1594 0))",2353305,Verde,Línea,3
"MULTILINESTRING Z ((440391.6649 4478721.0946 0,440406.2205 4478726.3538 0))",2353311,Verde,Línea,3
"MULTILINESTRING Z ((441532.9242 4480063.2798 0,441538.1094 4480062.2427 0,441573.2946 4480054.7983 0))",2353312,Verde,Línea,7
"MULTILINESTRING Z ((440238.5723 4478685.5761 0,440252.6279 4478690.5205 0))",2353318,Azul,Línea,3
"MULTILINESTRING Z ((440288.3501 4478702.8538 0,440269.1834 4478696.1316 0))",2353321,Azul,Línea,4
"MULTILINESTRING Z ((441504.9983 4479940.0576 0,441497.8501 4479929.2798 0))",2353324,Verde,Línea,2
"MULTILINESTRING Z ((441438.1279 4479874.965 0,441476.6279 4479932.6872 0))",2353327,Verde,Línea,14
"MULTILINESTRING Z ((441271.7714 4479938.6018 0,441290.3825 4479978.3796 0))",2353331,Verde,Línea,9
"MULTILINESTRING Z ((441312.4381 4480023.4351 0,441297.827 4479993.4351 0))",2353332,Verde,Línea,6
"MULTILINESTRING Z ((441358.7159 4480016.8611 0,441325.7159 4480029.824 0))",2353334,Verde,Línea,7
"MULTILINESTRING Z ((441376.5998 4480009.483 0,441400.7664 4479999.7053 0))",2353335,Verde,Línea,5
"MULTILINESTRING Z ((441437.1547 4480057.5337 0,441444.9881 4480076.2004 0))",2353344,Verde,Línea,4
"MULTILINESTRING Z ((441450.9057 4480100.4927 0,441455.4057 4480110.2427 0))",2353347,Verde,Batería,5
"MULTILINESTRING Z ((441463.8623 4480199.8254 0,441478.1957 4480193.0476 0))",2353354,Verde,Línea,4
"MULTILINESTRING Z ((441366.5307 4480026.824 0,441368.4566 4480031.0092 0))",2353356,Verde,Línea,1
"MULTILINESTRING Z ((441406.419 4480110.4858 0,441416.7153 4480132.0413 0))",2353360,Verde,Línea,5
"MULTILINESTRING Z ((441423.1597 4480146.0043 0,441420.9745 4480140.9673 0))",2353362,Verde,Línea,1
"MULTILINESTRING Z ((441437.8264 4480176.3376 0,441439.7893 4480180.5969 0))",2353364,Verde,Línea,1
"MULTILINESTRING Z ((441478.2697 4480261.3809 0,441467.7142 4480238.8254 0))",2353366,Verde,Línea,5
"MULTILINESTRING Z ((441440.2807 4480188.9511 0,441447.2807 4480203.5761 0))",2353369,Verde,Línea,3
"MULTILINESTRING Z ((440409.7946 4478741.6316 0,440413.7946 4478743.1316 0))",2353373,Azul,Línea,1
"MULTILINESTRING Z ((440382.6649 4478731.8724 0,440398.3316 4478737.502 0))",2353375,Azul,Línea,3
"MULTILINESTRING Z ((441479.702 4480274.4279 0,441447.702 4480288.2057 0))",2353377,Verde,Línea,7
"MULTILINESTRING Z ((440367.7946 4478726.3538 0,440344.9612 4478718.1872 0))",2353380,Azul,Línea,5
"MULTILINESTRING Z ((440432.3686 4478749.465 0,440444.4427 4478753.8724 0))",2353386,Azul,Línea,2
"MULTILINESTRING Z ((441555.1094 4480425.2427 0,441543.4057 4480399.502 0))",2353393,Verde,Línea,6
"MULTILINESTRING Z ((441528.3316 4480454.2798 0,441549.8501 4480436.8353 0))",2353394,Verde,Línea,6
"MULTILINESTRING Z ((441452.739 4480307.8724 0,441447.9242 4480297.5761 0))",2353409,Verde,Línea,2
"MULTILINESTRING Z ((441410.993 4480218.9302 0,441406.7153 4480210.4858 0))",2353413,Verde,Línea,2
"MULTILINESTRING Z ((441390.3316 4480176.5761 0,441394.0723 4480184.2798 0))",2353415,Verde,Línea,2
"MULTILINESTRING Z ((441383.9242 4480162.823 0,441377.5044 4480149.4156 0))",2353416,Verde,Línea,3
"MULTILINESTRING Z ((441389.2946 4480165.6872 0,441402.9612 4480159.2427 0))",2353419,Verde,Línea,3
"MULTILINESTRING Z ((441368.7143 4480122.823 0,441392.2452 4480111.9341 0))",2353421,Verde,Línea,5
"MULTILINESTRING Z ((441440.7659 4480092.7004 0,441418.8819 4480100.208 0))",2353422,Verde,Línea,5
"MULTILINESTRING Z ((441322.3501 4480046.0205 0,441339.9612 4480082.9094 0))",2353425,Verde,Línea,8
"MULTILINESTRING Z ((439851.8501 4478739.465 0,439865.5168 4478734.3538 0))",2353428,Azul,Línea,3
"MULTILINESTRING Z ((441216.3825 4480007.7129 0,441204.1047 4479983.6018 0))",2353434,Verde,Línea,6
"MULTILINESTRING Z ((440013.6834 4478692.5205 0,440024.7807 4478691.8261 0))",2353435,Azul,Línea,2
"MULTILINESTRING Z ((440075.4304 4478686.7983 0,440078.9612 4478686.6255 0))",2353437,Azul,Línea,1
"MULTILINESTRING Z ((441225.9667 4480051.153 0,441217.9622 4480035.7156 0))",2353438,Verde,Batería,6
"MULTILINESTRING Z ((440122.9057 4478686.0761 0,440137.4057 4478685.3261 0))",2353440,Azul,Línea,3
"MULTILINESTRING Z ((439836.6814 4478815.8024 0,439846.3275 4478818.0905 0,439848.8295 4478818.7489 0,439849.7513 4478819.0123 0,439851.6279 4478819.8683 0,439868.5332 4478829.3004 0,439880.7966 4478837.1522 0))",2353445,Verde,Línea,10
"MULTILINESTRING Z ((439872.5723 4478820.2983 0,439884.6279 4478827.1872 0))",2353446,Verde,Línea,3
"MULTILINESTRING Z ((439861.3563 4478791.3415 0,439862.8871 4478796.4938 0))",2353448,Verde,Línea,1
"MULTILINESTRING Z ((439976.3439 4478747.3909 0,439956.1464 4478744.6995 0))",2353459,Verde,Línea,4
"MULTILINESTRING Z ((440021.9242 4478753.2798 0,440028.4797 4478754.0946 0))",2353462,Verde,Línea,1
"MULTILINESTRING Z ((440035.2575 4478754.9464 0,440045.3316 4478756.2057 0))",2353463,Verde,Línea,2
"MULTILINESTRING Z ((440134.4921 4478767.1275 0,440151.381 4478769.1522 0))",2353465,Verde,Línea,3
"MULTILINESTRING Z ((440116.5826 4478764.9711 0,440127.381 4478766.2715 0))",2353467,Verde,Línea,2
"MULTILINESTRING Z ((440087.2946 4478735.2427 0,440090.6279 4478726.0205 0))",2353470,Verde,Línea,2
"MULTILINESTRING Z ((441255.2205 4479997.3909 0,441289.2205 4479980.1687 0))",2353472,Verde,Línea,8
"MULTILINESTRING Z ((441234.1047 4480041.7129 0,441228.327 4480030.7129 0))",2353475,Verde,Línea,2
"MULTILINESTRING Z ((441239.4381 4480052.2129 0,441235.5492 4480044.1574 0))",2353476,Verde,Línea,2
"MULTILINESTRING Z ((441271.7431 4480049.3827 0,441266.6896 4480051.3415 0))",2353478,Verde,Línea,1
"MULTILINESTRING Z ((441278.7297 4480047.1574 0,441281.6047 4480045.9074 0))",2353479,Verde,Línea,1
"MULTILINESTRING Z ((441283.3547 4480047.4074 0,441296.6047 4480042.4074 0))",2353481,Verde,Línea,3
"MULTILINESTRING Z ((441246.1688 4480065.5104 0,441255.2533 4480085.2042 0))",2353485,Verde,Línea,4
"MULTILINESTRING Z ((441278.7159 4480122.6018 0,441287.1047 4480118.7129 0))",2353487,Verde,Línea,2
"MULTILINESTRING Z ((441317.9613 4480104.4649 0,441328.295 4480099.6369 0))",2353490,Verde,Línea,2
"MULTILINESTRING Z ((441309.2714 4480198.7685 0,441301.1603 4480182.324 0))",2353497,Verde,Línea,4
"MULTILINESTRING Z ((441324.5301 4480196.7821 0,441337.7523 4480190.3376 0))",2353500,Verde,Línea,3
"MULTILINESTRING Z ((441326.5168 4480235.1316 0,441328.739 4480240.3538 0))",2353504,Verde,Línea,1
"MULTILINESTRING Z ((441335.239 4480254.6872 0,441331.5723 4480246.465 0))",2353505,Verde,Línea,2
"MULTILINESTRING Z ((441340.6279 4480255.9094 0,441355.0168 4480249.2983 0))",2353507,Verde,Línea,3
"MULTILINESTRING Z ((441355.9057 4480250.6316 0,441370.1279 4480243.5205 0))",2353508,Verde,Línea,3
"MULTILINESTRING Z ((441383.5723 4480237.2427 0,441374.3501 4480241.5205 0))",2353510,Verde,Línea,2
"MULTILINESTRING Z ((441437.5486 4480416.6525 0,441430.8264 4480407.9858 0))",2353519,Verde,Línea,2
"MULTILINESTRING Z ((441440.0723 4480425.0576 0,441423.8131 4480433.0946 0))",2353520,Verde,Línea,4
"MULTILINESTRING Z ((441450.548 4480424.5364 0,441463.048 4480450.8142 0))",2353521,Verde,Línea,6
"MULTILINESTRING Z ((441706.739 4479453.0761 0,441712.1834 4479452.465 0))",2353524,Verde,Línea,1
"MULTILINESTRING Z ((441477.0168 4480509.1872 0,441467.239 4480510.4094 0))",2353530,Verde,Línea,2
"MULTILINESTRING Z ((441440.5168 4480510.9094 0,441430.1279 4480515.8538 0))",2353535,Verde,Línea,2
"MULTILINESTRING Z ((441369.5168 4480505.7613 0,441371.5168 4480521.7983 0))",2353539,Verde,Batería,6
"MULTILINESTRING Z ((441339.2758 4480485.8268 0,441283.7758 4480511.549 0))",2353542,Verde,Línea,13
"MULTILINESTRING Z ((441277.6649 4480507.2798 0,441290.8871 4480500.9835 0))",2353543,Verde,Línea,3
"MULTILINESTRING Z ((441379.0353 4480428.823 0,441378.8378 4480438.8477 0))",2353547,Verde,Línea,2
"MULTILINESTRING Z ((441324.5536 4480437.2157 0,441330.9425 4480450.4935 0))",2353550,Verde,Línea,3
"MULTILINESTRING Z ((441330.5168 4480426.9094 0,441359.239 4480413.6316 0))",2353551,Verde,Línea,6
"MULTILINESTRING Z ((441272.1091 4480504.7851 0,441265.9841 4480492.2851 0))",2353554,Verde,Batería,5
"MULTILINESTRING Z ((441261.7946 4480482.7427 0,441255.739 4480469.6316 0))",2353555,Verde,Batería,6
"MULTILINESTRING Z ((441243.2917 4480450.824 0,441238.6946 4480440.9359 0))",2353556,Verde,Línea,2
"MULTILINESTRING Z ((441274.2205 4480455.4156 0,441281.8995 4480451.9094 0))",2353558,Verde,Batería,3
"MULTILINESTRING Z ((441305.8254 4480438.1563 0,441312.8871 4480434.8477 0))",2353559,Verde,Línea,1
"MULTILINESTRING Z ((441292.998 4480384.9935 0,441275.998 4480393.4379 0))",2353561,Verde,Línea,4
"MULTILINESTRING Z ((441307.6078 4480377.9642 0,441358.0892 4480353.721 0))",2353562,Verde,Línea,12
"MULTILINESTRING Z ((441193.2758 4480342.3268 0,441194.998 4480346.9379 0))",2353567,Verde,Línea,1
"MULTILINESTRING Z ((441203.9425 4480321.9935 0,441190.2758 4480328.4379 0))",2353568,Verde,Línea,3
"MULTILINESTRING Z ((441228.0536 4480310.6601 0,441210.2758 4480319.1046 0))",2353569,Verde,Línea,4
"MULTILINESTRING Z ((441252.498 4480299.2712 0,441234.8314 4480307.549 0))",2353570,Verde,Línea,4
"MULTILINESTRING Z ((441185.4841 4480325.9101 0,441164.9797 4480282.9074 0))",2353572,Verde,Línea,10
"MULTILINESTRING Z ((441328.3316 4480263.3538 0,441324.0353 4480265.4279 0))",2353575,Verde,Línea,1
"MULTILINESTRING Z ((441141.9936 4480234.6574 0,441159.4381 4480269.824 0))",2353579,Verde,Línea,8
"MULTILINESTRING Z ((441189.6361 4480260.3456 0,441197.9324 4480256.395 0))",2353581,Verde,Línea,2
"MULTILINESTRING Z ((441209.2575 4480251.0452 0,441215.3151 4480248.181 0))",2353582,Verde,Línea,1
"MULTILINESTRING Z ((441227.8913 4480242.2222 0,441222.6402 4480244.7078 0))",2353583,Verde,Línea,1
"MULTILINESTRING Z ((441249.4311 4480232.5927 0,441241.393 4480236.3386 0))",2353585,Verde,Línea,2
"MULTILINESTRING Z ((441273.2592 4480221.329 0,441269.4872 4480223.0979 0))",2353587,Verde,Línea,1
"MULTILINESTRING Z ((441190.5334 4480206.7655 0,441145.9068 4480227.7777 0))",2353589,Verde,Línea,10
"MULTILINESTRING Z ((441205.7159 4480199.824 0,441196.2714 4480203.9907 0))",2353590,Verde,Línea,2
"MULTILINESTRING Z ((441191.1834 4480164.1316 0,441160.5168 4480178.7427 0))",2353597,Verde,Línea,7
"MULTILINESTRING Z ((441208.7714 4480034.9907 0,441153.6047 4480084.574 0))",2353606,Verde,Línea,16
"MULTILINESTRING Z ((441159.1279 4480133.9094 0,441128.8501 4480163.1316 0))",2353612,Verde,Línea,9
"MULTILINESTRING Z ((441113.5492 4480162.9907 0,441148.7159 4480129.1574 0))",2353613,Verde,Línea,10
"MULTILINESTRING Z ((441137.8547 4480078.1574 0,441120.2297 4480059.0324 0))",2353615,Verde,Línea,5
"MULTILINESTRING Z ((441112.769 4480065.8829 0,441130.4296 4480084.3904 0))",2353616,Verde,Línea,5
"MULTILINESTRING Z ((441076.0504 4480158.8477 0,441079.4194 4480155.6104 0))",2353621,Verde,Línea,1
"MULTILINESTRING Z ((441059.5492 4480162.4351 0,441045.1603 4480176.6018 0))",2353623,Verde,Línea,4
"MULTILINESTRING Z ((441007.2328 4480213.1687 0,441017.1834 4480203.539 0))",2353625,Verde,Línea,3
"MULTILINESTRING Z ((440989.2327 4480219.0476 0,440972.4919 4480201.8994 0))",2353626,Azul,Línea,5
"MULTILINESTRING Z ((440988.2297 4480200.9074 0,440980.7297 4480193.1574 0))",2353629,Azul,Línea,2
"MULTILINESTRING Z ((441013.6649 4480230.5761 0,441033.2205 4480250.3168 0))",2353630,Azul,Línea,5
"MULTILINESTRING Z ((441006.8501 4480237.1316 0,441023.2946 4480254.6316 0,441026.6279 4480258.0761 0))",2353631,Azul,Línea,5
"MULTILINESTRING Z ((441033.6603 4480275.1018 0,441008.4425 4480299.2157 0))",2353640,Verde,Línea,7
"MULTILINESTRING Z ((440999.461 4480293.6046 0,441023.2714 4480270.5277 0))",2353641,Verde,Línea,7
"MULTILINESTRING Z ((441022.422 4480339.9694 0,441067.5249 4480319.0147 0))",2353643,Verde,Línea,10
"MULTILINESTRING Z ((441094.3501 4480361.1316 0,441079.4612 4480329.9094 0))",2353645,Verde,Línea,7
"MULTILINESTRING Z ((441132.1464 4480364.539 0,441166.9983 4480348.1687 0))",2353648,Verde,Línea,8
"MULTILINESTRING Z ((441121.5422 4480384.6112 0,441128.9198 4480388.2714 0,441133.3234 4480390.8449 0,441134.8962 4480391.8458 0,441138.6135 4480394.6481 0,441141.6732 4480397.193 0,441144.0466 4480399.5378 0,441146.4486 4480402.1114 0,441148.822 4480404.9995 0,441151.996 4480409.2602 0,441153.9405 4480412.1197 0,441156.4855 4480416.2088 0,441157.1146 4480417.3526 0,441165.1498 4480434.6812 0))",2353656,Verde,Batería,27
"MULTILINESTRING Z ((441129.0723 4480467.4279 0,441164.0723 4480451.2057 0))",2353657,Verde,Línea,8
"MULTILINESTRING Z ((441115.6526 4480465.8847 0,441144.1217 4480452.8724 0,441161.0106 4480445.0205 0))",2353658,Verde,Línea,10
"MULTILINESTRING Z ((441099.9425 4480475.1601 0,441080.7758 4480471.8268 0))",2353659,Verde,Línea,4
"MULTILINESTRING Z ((441198.0168 4480475.7427 0,441192.5723 4480464.465 0))",2353664,Verde,Batería,5
"MULTILINESTRING Z ((441184.9612 4480496.9094 0,441164.0723 4480506.7983 0))",2353668,Verde,Línea,5
"MULTILINESTRING Z ((440988.5415 4480483.1193 0,440989.455 4480485.0946 0,440989.8007 4480485.5637 0,440990.9365 4480486.5761 0,440991.6526 4480487.0699 0,441046.3686 4480511.7366 0,441049.8995 4480513.3909 0,441050.5415 4480513.6378 0,441051.3069 4480513.8106 0,441052.739 4480513.8353 0))",2353680,Verde,Línea,15
"MULTILINESTRING Z ((441009.239 4480459.7983 0,441048.6279 4480466.5761 0))",2353681,Verde,Línea,7
"MULTILINESTRING Z ((441010.2946 4480453.1316 0,441036.3316 4480457.502 0))",2353682,Verde,Línea,5
"MULTILINESTRING Z ((441049.6647 4480459.6601 0,441044.498 4480458.8824 0))",2353683,Verde,Línea,1
"MULTILINESTRING Z ((441026.3869 4480406.4379 0,440991.7758 4480423.049 0))",2353686,Verde,Línea,8
"MULTILINESTRING Z ((440994.2341 4480448.6601 0,440988.8591 4480436.5351 0))",2353687,Verde,Batería,5
"MULTILINESTRING Z ((440913.6279 4480446.2304 0,440916.2452 4480447.7119 0,440919.0847 4480448.8971 0,440921.7267 4480449.6625 0,440924.7637 4480450.4032 0,440927.3069 4480450.6995 0,440930.097 4480450.6995 0,440934.3192 4480450.2304 0,440937.2328 4480449.4897 0,440939.9489 4480448.4773 0,440958.1834 4480440.2057 0,440958.6649 4480440.0576 0))",2353692,Verde,Línea,10
"MULTILINESTRING Z ((440968.739 4480372.5761 0,441005.8501 4480355.7983 0))",2353694,Verde,Línea,8
"MULTILINESTRING Z ((440965.9612 4480366.0761 0,441002.8501 4480349.0761 0))",2353695,Verde,Línea,8
"MULTILINESTRING Z ((441022.739 4480358.0761 0,441036.9612 4480388.7427 0))",2353698,Verde,Línea,6
"MULTILINESTRING Z ((441072.3501 4480507.2983 0,441072.0723 4480493.5761 0,441071.1834 4480480.7983 0))",2353702,Verde,Línea,5
"MULTILINESTRING Z ((440785.2203 4480441.2698 0,440803.6154 4480448.7266 0))",2353704,Verde,Línea,4
"MULTILINESTRING Z ((440883.4907 4480365.4979 0,440912.7033 4480368.4828 0,440914.2287 4480368.5267 0,440915.8967 4480368.4279 0,440917.5209 4480368.1645 0,440919.0463 4480367.7805 0,440920.9338 4480367.1111 0,440922.2397 4480366.5075 0,440923.3371 4480365.86 0,440924.5771 4480364.9272 0,440945.5307 4480344.8261 0))",2353712,Verde,Línea,16
"MULTILINESTRING Z ((440951.8748 4480338.8971 0,440978.6155 4480313.1687 0))",2353714,Verde,Línea,7
"MULTILINESTRING Z ((441004.6647 4480338.6601 0,440998.5536 4480325.2712 0))",2353716,Verde,Línea,3
"MULTILINESTRING Z ((440946.6557 4480272.9094 0,440907.0723 4480310.7427 0,440884.239 4480332.4094 0,440871.8223 4480344.8261 0))",2353720,Verde,Línea,22
"MULTILINESTRING Z ((440849.6091 4480355.1601 0,440830.998 4480335.6601 0))",2353723,Verde,Línea,5
"MULTILINESTRING Z ((440842.8314 4480362.3268 0,440824.2758 4480342.8824 0))",2353724,Verde,Línea,5
"MULTILINESTRING Z ((440985.7512 4480175.9735 0,441000.8253 4480161.455 0))",2353731,Azul,Línea,4
"MULTILINESTRING Z ((440162.0641 4478766.0246 0,440169.0307 4478756.3261 0))",2353738,Azul,Línea,2
"MULTILINESTRING Z ((441044.5492 4480119.9351 0,441070.8825 4480094.5463 0))",2353739,Azul,Línea,7
"MULTILINESTRING Z ((441173.9057 4479989.1316 0,441143.8501 4480016.1872 0,441111.4057 4480045.6872 0))",2353751,Verde,Línea,18
"MULTILINESTRING Z ((441359.776 4479686.1069 0,441356.6402 4479698.3785 0))",2353760,Azul,Batería,5
"MULTILINESTRING Z ((441268.4337 4479649.8213 0,441265.2115 4479663.6546 0))",2353776,Azul,Línea,3
"MULTILINESTRING Z ((441230.4522 4479714.1176 0,441231.4892 4479714.1916 0,441232.9337 4479713.8953 0,441241.8596 4479709.3028 0,441242.6374 4479708.525 0))",2353781,Verde,Batería,6
"MULTILINESTRING Z ((441198.989 4479700.4927 0,441216.739 4479708.5761 0))",2353782,Verde,Línea,4
"MULTILINESTRING Z ((441166.6003 4479607.7657 0,441150.267 4479643.599 0))",2353788,Azul,Línea,8
"MULTILINESTRING Z ((441072.2115 4479622.3768 0,441065.3781 4479628.4324 0))",2353792,Verde,Línea,2
"MULTILINESTRING Z ((441098.1279 4479757.4094 0,441120.1279 4479709.1872 0))",2353797,Verde,Línea,10
"MULTILINESTRING Z ((441177.776 4479704.3909 0,441174.9983 4479710.7242 0))",2353800,Verde,Línea,1
"MULTILINESTRING Z ((441172.739 4479715.7613 0,441168.9983 4479724.2427 0))",2353801,Verde,Línea,2
"MULTILINESTRING Z ((441245.0723 4479736.2983 0,441241.5168 4479751.3538 0))",2353806,Verde,Línea,3
"MULTILINESTRING Z ((441288.5538 4479859.6501 0,441277.9983 4479837.502 0))",2353812,Verde,Línea,5
"MULTILINESTRING Z ((441244.239 4479882.0761 0,441227.5723 4479847.2983 0,441224.8501 4479841.7983 0))",2353815,Verde,Línea,9
"MULTILINESTRING Z ((441187.0353 4479834.6008 0,441208.3686 4479885.5308 0))",2353819,Verde,Línea,11
"MULTILINESTRING Z ((441209.6047 4479909.8796 0,441179.7159 4479927.824 0))",2353822,Azul,Línea,7
"MULTILINESTRING Z ((441159.6603 4479904.4907 0,441150.6047 4479886.7129 0))",2353824,Verde,Línea,4
"MULTILINESTRING Z ((441142.6603 4479869.1018 0,441136.2714 4479856.6018 0))",2353832,Verde,Línea,3
"MULTILINESTRING Z ((441127.9381 4479839.2129 0,441133.7714 4479851.3796 0))",2353833,Verde,Línea,3
"MULTILINESTRING Z ((441089.4892 4479737.599 0,441074.8781 4479703.4324 0))",2353837,Verde,Línea,8
"MULTILINESTRING Z ((441069.9337 4479691.7102 0,441066.4892 4479683.5435 0))",2353840,Verde,Línea,2
"MULTILINESTRING Z ((441008.5168 4479714.465 0,441021.6279 4479708.9835 0))",2353843,Verde,Línea,3
"MULTILINESTRING Z ((441032.776 4479704.2798 0,441026.9242 4479706.7613 0))",2353844,Verde,Línea,1
"MULTILINESTRING Z ((440993.7115 4479769.6731 0,441003.6744 4479765.599 0))",2353847,Verde,Línea,2
"MULTILINESTRING Z ((441075.1189 4479734.9694 0,441068.1559 4479738.0435 0))",2353848,Verde,Línea,1
"MULTILINESTRING Z ((441029.3041 4479754.6361 0,441037.23 4479751.3398 0))",2353849,Verde,Línea,2
"MULTILINESTRING Z ((441025.702 4479756.2057 0,441009.4057 4479763.1687 0))",2353850,Verde,Línea,3
"MULTILINESTRING Z ((440993.6003 4479782.4879 0,440998.5307 4479793.3426 0))",2353851,Verde,Línea,2
"MULTILINESTRING Z ((441001.827 4479800.5648 0,441008.2714 4479814.4907 0))",2353853,Verde,Línea,3
"MULTILINESTRING Z ((441056.2946 4479805.4094 0,441017.4612 4479821.8538 0))",2353854,Verde,Línea,8
"MULTILINESTRING Z ((441083.1603 4479794.0833 0,441062.2714 4479802.9351 0))",2353855,Verde,Línea,4
"MULTILINESTRING Z ((441096.6744 4479788.3398 0,441087.0078 4479792.4139 0))",2353856,Verde,Línea,2
"MULTILINESTRING Z ((441037.489 4479876.9094 0,441094.4057 4479848.4094 0))",2353862,Verde,Línea,12
"MULTILINESTRING Z ((441066.9797 4479913.7824 0,441071.7297 4479911.4074 0))",2353867,Verde,Línea,1
"MULTILINESTRING Z ((441148.9612 4479951.1872 0,441165.3501 4479937.0205 0))",2353873,Verde,Línea,4
"MULTILINESTRING Z ((441097.8501 4479997.6872 0,441125.9057 4479972.0205 0))",2353877,Verde,Línea,8
"MULTILINESTRING Z ((441055.1834 4479989.6872 0,441074.1094 4480009.2427 0))",2353879,Verde,Batería,10
"MULTILINESTRING Z ((441073.5307 4479954.3796 0,441051.2714 4479972.4537 0))",2353881,Verde,Línea,6
"MULTILINESTRING Z ((441038.4756 4479975.0946 0,441031.381 4479966.6337 0))",2353883,Verde,Línea,2
"MULTILINESTRING Z ((440981.6047 4479928.5463 0,440963.9936 4479944.3796 0))",2353894,Verde,Línea,5
"MULTILINESTRING Z ((440969.4797 4479929.9835 0,440978.9612 4479921.6131 0))",2353895,Verde,Línea,3
"MULTILINESTRING Z ((440961.669 4479963.1111 0,441002.0476 4480009.1357 0))",2353897,Verde,Línea,13
"MULTILINESTRING Z ((441001.702 4480029.8724 0,440990.9612 4480040.2427 0))",2353901,Verde,Línea,3
"MULTILINESTRING Z ((441001.7946 4480076.0761 0,440982.0723 4480055.8538 0))",2353905,Verde,Batería,10
"MULTILINESTRING Z ((440970.5492 4480050.1574 0,440946.5492 4480073.1574 0))",2353909,Verde,Línea,7
"MULTILINESTRING Z ((440910.739 4480107.3909 0,440929.5538 4480089.502 0))",2353910,Verde,Línea,5
"MULTILINESTRING Z ((440906.0168 4480132.1872 0,440924.7946 4480151.2983 0))",2353916,Verde,Línea,5
"MULTILINESTRING Z ((440913.0723 4480125.0576 0,440931.6649 4480144.0205 0))",2353918,Verde,Línea,5
"MULTILINESTRING Z ((440895.8131 4480122.3168 0,440875.8871 4480141.4279 0))",2353921,Verde,Línea,5
"MULTILINESTRING Z ((440788.7143 4480304.5761 0,440823.6279 4480271.0699 0))",2353931,Azul,Línea,10
"MULTILINESTRING Z ((440747.498 4480333.8268 0,440744.0536 4480337.049 0))",2353938,Azul,Línea,1
"MULTILINESTRING Z ((440616.6557 4480322.1594 0,440644.989 4480295.9094 0))",2353949,Verde,Línea,8
"MULTILINESTRING Z ((440542.4829 4480296.091 0,440525.3922 4480308.2652 0))",2353951,Verde,Línea,5
"MULTILINESTRING Z ((440587.1047 4480263.8796 0,440570.9381 4480275.4351 0))",2353953,Verde,Línea,4
"MULTILINESTRING Z ((440502.9431 4480271.3317 0,440506.7714 4480268.4351 0))",2353957,Verde,Línea,1
"MULTILINESTRING Z ((440523.2081 4480259.2674 0,440535.3223 4480250.9927 0))",2353958,Verde,Línea,3
"MULTILINESTRING Z ((440658.9859 4480167.5226 0,440663.5785 4480172.3785 0))",2353968,Verde,Batería,3
"MULTILINESTRING Z ((440707.0353 4480238.6872 0,440696.2205 4480248.7983 0))",2353972,Verde,Línea,3
"MULTILINESTRING Z ((440742.2205 4480262.0205 0,440724.6279 4480243.465 0))",2353973,Verde,Línea,6
"MULTILINESTRING Z ((440771.0168 4480300.3538 0,440748.9057 4480277.6316 0))",2353977,Verde,Línea,6
"MULTILINESTRING Z ((440777.3438 4480293.0846 0,440756.0475 4480270.8624 0))",2353978,Verde,Línea,6
"MULTILINESTRING Z ((440751.702 4480259.7859 0,440759.1094 4480252.7242 0))",2353980,Verde,Línea,2
"MULTILINESTRING Z ((440818.6155 4480195.7859 0,440814.3439 4480199.86 0))",2353987,Verde,Línea,1
"MULTILINESTRING Z ((440842.1094 4480197.502 0,440849.0723 4480204.6872 0))",2353988,Verde,Línea,2
"MULTILINESTRING Z ((440703.7925 4480177.2345 0,440696.0394 4480183.0452 0))",2353995,Verde,Línea,2
"MULTILINESTRING Z ((440711.8995 4480171.2427 0,440723.776 4480162.4526 0,440725.776 4480160.7736 0,440741.9489 4480144.8971 0))",2353996,Verde,Línea,8
"MULTILINESTRING Z ((440756.6834 4480130.5205 0,440752.5168 4480134.5761 0))",2353997,Verde,Línea,1
"MULTILINESTRING Z ((440763.2081 4480133.8847 0,440753.7513 4480143.0205 0))",2353999,Verde,Línea,3
"MULTILINESTRING Z ((440863.739 4480164.4094 0,440837.6279 4480189.5205 0))",2354002,Verde,Línea,7
"MULTILINESTRING Z ((440706.0353 4480115.8353 0,440722.4427 4480088.1316 0))",2354006,Verde,Línea,6
"MULTILINESTRING Z ((440777.7159 4480119.6574 0,440789.0492 4480108.9351 0))",2354010,Verde,Línea,3
"MULTILINESTRING Z ((440800.2714 4480098.4351 0,440791.9381 4480106.1574 0))",2354011,Verde,Línea,2
"MULTILINESTRING Z ((440795.7714 4480092.824 0,440785.2714 4480102.824 0))",2354013,Verde,Línea,3
"MULTILINESTRING Z ((440855.1094 4480130.7242 0,440864.702 4480140.9835 0))",2354015,Verde,Batería,5
"MULTILINESTRING Z ((440844.4797 4480119.3538 0,440851.4797 4480126.8353 0))",2354016,Verde,Batería,4
"MULTILINESTRING Z ((440884.1711 4480167.144 0,440890.3933 4480184.0329 0))",2354018,Verde,Línea,3
"MULTILINESTRING Z ((440891.566 4480105.6772 0,440884.6771 4480098.4179 0))",2354019,Verde,Línea,2
"MULTILINESTRING Z ((440861.9983 4480029.2427 0,440866.5168 4480024.8353 0))",2354034,Verde,Línea,1
"MULTILINESTRING Z ((440936.6603 4480072.8796 0,440901.6603 4480035.9351 0))",2354037,Verde,Línea,11
"MULTILINESTRING Z ((440791.4797 4479978.9464 0,440796.8501 4479973.465 0))",2354039,Verde,Línea,1
"MULTILINESTRING Z ((440835.2877 4479970.5096 0,440852.4954 4479988.6928 0))",2354044,Verde,Línea,5
"MULTILINESTRING Z ((440888.7922 4480012.1574 0,440913.1672 4479988.9074 0))",2354047,Verde,Línea,7
"MULTILINESTRING Z ((440834.0492 4479935.5463 0,440838.2159 4479930.824 0))",2354048,Verde,Línea,1
"MULTILINESTRING Z ((440842.7714 4479925.824 0,440845.9381 4479922.1018 0))",2354049,Verde,Línea,1
"MULTILINESTRING Z ((440928.9612 4479965.3168 0,440920.702 4479972.4279 0))",2354055,Verde,Línea,2
"MULTILINESTRING Z ((440950.0353 4479947.1687 0,440935.5538 4479959.6131 0))",2354056,Verde,Línea,4
"MULTILINESTRING Z ((440909.6834 4479900.5205 0,440905.5168 4479896.0761 0))",2354059,Verde,Línea,1
"MULTILINESTRING Z ((440959.1047 4479878.324 0,440949.9936 4479867.4351 0))",2354064,Verde,Línea,3
"MULTILINESTRING Z ((440909.8131 4479838.3538 0,440902.5538 4479848.0946 0))",2354068,Azul,Línea,2
"MULTILINESTRING Z ((440938.4057 4479799.6316 0,440922.3501 4479820.965 0))",2354069,Azul,Línea,5
"MULTILINESTRING Z ((440946.3501 4479788.8538 0,440954.7946 4479777.965 0))",2354070,Azul,Línea,3
"MULTILINESTRING Z ((441013.1603 4479884.324 0,440997.2714 4479863.2685 0))",2354072,Verde,Línea,5
"MULTILINESTRING Z ((440978.7714 4479838.4351 0,440994.4936 4479859.6574 0))",2354073,Verde,Línea,5
"MULTILINESTRING Z ((440953.5492 4479804.7685 0,440973.827 4479832.2129 0))",2354074,Verde,Línea,7
"MULTILINESTRING Z ((440991.3069 4479603.8847 0,440998.6557 4479615.7011 0))",2354090,Verde,Línea,3
"MULTILINESTRING Z ((440905.1834 4479693.6625 0,440902.6896 4479689.6131 0))",2354099,Verde,Línea,1
"MULTILINESTRING Z ((440887.0188 4479663.8518 0,440900.7801 4479686.4855 0))",2354100,Verde,Línea,5
"MULTILINESTRING Z ((440817.2575 4479620.7242 0,440828.4674 4479617.6378 0))",2354108,Verde,Batería,5
"MULTILINESTRING Z ((440848.3192 4479723.0287 0,440845.1423 4479716.2962 0))",2354114,Azul,Batería,3
"MULTILINESTRING Z ((440821.0847 4479696.1563 0,440825.5291 4479704.9218 0))",2354116,Azul,Línea,2
"MULTILINESTRING Z ((440812.9337 4479679.4046 0,440807.8503 4479669.5713 0))",2354117,Azul,Línea,2
"MULTILINESTRING Z ((440918.7555 4479753.9917 0,440930.525 4479744.6748 0))",2354120,Verde,Línea,3
"MULTILINESTRING Z ((440892.7308 4479775.2263 0,440905.6032 4479764.6419 0))",2354121,Verde,Línea,3
"MULTILINESTRING Z ((440941.5209 4479778.8422 0,440935.3535 4479787.2921 0))",2354125,Verde,Batería,4
"MULTILINESTRING Z ((440915.776 4479813.3662 0,440930.3439 4479793.7119 0))",2354126,Verde,Batería,10
"MULTILINESTRING Z ((440875.2328 4479868.181 0,440878.8048 4479863.4403 0))",2354128,Verde,Batería,2
"MULTILINESTRING Z ((440827.1233 4479816.0092 0,440826.7529 4479815.3426 0,440826.4566 4479814.824 0,440826.0492 4479814.1203 0,440825.3455 4479812.8981 0,440825.0122 4479812.3055 0,440824.3084 4479811.0833 0,440823.9751 4479810.4537 0,440823.2714 4479809.2314 0,440822.9751 4479808.6759 0,440822.2344 4479807.3796 0,440821.901 4479806.787 0,440821.1973 4479805.5648 0,440820.864 4479805.0092 0,440820.1233 4479803.6759 0))",2354134,Verde,Línea,3
"MULTILINESTRING Z ((440806.4427 4479759.218 0,440807.4304 4479757.8847 0,440808.739 4479756.3538 0,440811.776 4479753.3662 0))",2354137,Verde,Línea,1
"MULTILINESTRING Z ((440748.7637 4479733.6296 0,440753.4715 4479743.967 0))",2354140,Verde,Línea,2
"MULTILINESTRING Z ((440772.9707 4479720.8213 0,440772.3781 4479721.1176 0,440772.0818 4479721.2657 0,440771.1559 4479721.7472 0,440770.7855 4479721.9694 0,440770.267 4479722.2287 0,440769.9337 4479722.4139 0,440769.3411 4479722.7102 0,440769.0448 4479722.8953 0,440768.1189 4479723.3768 0,440767.8226 4479723.525 0,440767.1929 4479723.8583 0,440767.0448 4479723.9324 0,440766.8596 4479724.0435 0))",2354142,Verde,Batería,3
"MULTILINESTRING Z ((440762.3503 4479713.7796 0,440750.4753 4479720.4046 0))",2354144,Verde,Línea,3
"MULTILINESTRING Z ((440726.8596 4479708.0435 0,440726.5263 4479707.2287 0,440726.0818 4479706.2657 0,440725.3411 4479704.562 0,440725.0078 4479703.7472 0,440724.267 4479702.0435 0,440723.8226 4479701.0805 0,440723.4522 4479700.2287 0,440723.0818 4479699.3398 0,440722.3411 4479697.6361 0,440721.9707 4479696.8213 0,440721.1929 4479695.0435 0,440720.8226 4479694.1546 0,440720.4522 4479693.3028 0,440720.0818 4479692.4509 0,440719.7115 4479691.6361 0,440719.3781 4479690.8213 0))",2354145,Verde,Batería,7
"MULTILINESTRING Z ((440754.8871 4479821.7448 0,440760.2863 4479816.5596 0))",2354151,Verde,Batería,3
"MULTILINESTRING Z ((440844.8954 4479877.9917 0,440850.311 4479880.9876 0))",2354154,Verde,Línea,1
"MULTILINESTRING Z ((440839.8583 4479877.2455 0,440843.776 4479879.3305 0))",2354155,Verde,Línea,1
"MULTILINESTRING Z ((440771.827 4479851.9722 0,440771.3084 4479852.9351 0,440770.864 4479853.787 0,440770.3825 4479854.7129 0,440769.827 4479855.75 0,440769.3825 4479856.6018 0,440768.827 4479857.6018 0,440768.3455 4479858.5277 0,440767.864 4479859.4537 0,440767.3455 4479860.3796 0,440766.864 4479861.3426 0,440766.3825 4479862.1944 0,440765.864 4479863.1944 0,440765.3825 4479864.1203 0,440764.901 4479865.0463 0,440764.3825 4479865.9722 0,440763.901 4479866.8981 0,440763.4196 4479867.787 0,440762.9381 4479868.7129 0,440762.1603 4479870.1944 0,440762.0492 4479870.3796 0,440761.9381 4479870.6018 0))",2354156,Verde,Línea,4
"MULTILINESTRING Z ((440759.9751 4479873.9722 0,440759.1603 4479875.4537 0,440758.901 4479875.9351 0,440758.1233 4479877.4166 0,440757.864 4479877.8981 0,440757.3455 4479878.8611 0,440757.0862 4479879.3426 0,440756.3084 4479880.787 0,440756.0492 4479881.3055 0,440755.2714 4479882.75 0,440755.0122 4479883.2314 0,440754.901 4479883.4537 0,440754.7159 4479883.75 0))",2354157,Verde,Línea,2
"MULTILINESTRING Z ((440742.4921 4479925.8847 0,440764.5908 4479934.0576 0))",2354159,Verde,Línea,4
"MULTILINESTRING Z ((440705.7513 4479868.4032 0,440694.4427 4479879.7366 0))",2354165,Verde,Línea,3
"MULTILINESTRING Z ((440691.6526 4479871.539 0,440684.2946 4479879.0452 0))",2354167,Verde,Línea,2
"MULTILINESTRING Z ((440667.3501 4479894.4094 0,440677.2807 4479884.3261 0))",2354168,Verde,Línea,3
"MULTILINESTRING Z ((440645.9324 4479967.0946 0,440650.0641 4479969.6131 0))",2354172,Verde,Línea,1
"MULTILINESTRING Z ((440654.6622 4479972.4115 0,440669.049 4479981.1248 0))",2354173,Verde,Línea,3
"MULTILINESTRING Z ((440623.3316 4479946.6995 0,440631.9242 4479936.7983 0))",2354176,Verde,Línea,2
"MULTILINESTRING Z ((440671.1603 4479934.9351 0,440672.0122 4479935.4907 0,440672.4196 4479935.75 0,440672.827 4479936.0092 0,440673.2344 4479936.2685 0,440674.0492 4479936.787 0,440674.3825 4479936.9722 0,440674.7899 4479937.2314 0,440675.1973 4479937.4907 0,440676.0492 4479938.0463 0,440676.4566 4479938.3055 0,440676.864 4479938.5648 0,440677.2714 4479938.824 0,440678.0862 4479939.3426 0,440678.4196 4479939.5277 0,440679.0862 4479939.9722 0,440679.2714 4479940.0833 0))",2354180,Verde,Línea,2
"MULTILINESTRING Z ((440695.4936 4479950.3426 0,440694.901 4479949.9722 0,440694.2714 4479949.5648 0,440692.9381 4479948.75 0,440692.3084 4479948.3426 0,440691.6418 4479947.8981 0,440691.0862 4479947.5648 0,440690.4566 4479947.1574 0,440689.827 4479946.75 0,440689.1603 4479946.3426 0,440687.864 4479945.5277 0,440687.2344 4479945.1203 0,440685.9381 4479944.3055 0,440685.3825 4479943.9351 0,440684.0492 4479943.1203 0,440683.1233 4479942.5277 0,440682.9751 4479942.4166 0,440682.864 4479942.3426 0))",2354181,Verde,Línea,3
"MULTILINESTRING Z ((440719.6047 4479965.6574 0,440712.1047 4479960.9074 0))",2354182,Verde,Línea,2
"MULTILINESTRING Z ((440698.3439 4480010.8312 0,440674.7225 4480033.1357 0))",2354186,Verde,Línea,7
"MULTILINESTRING Z ((440675.3109 4480038.0764 0,440683.8706 4480045.3192 0))",2354187,Verde,Línea,2
"MULTILINESTRING Z ((440718.327 4480073.0463 0,440692.9936 4480052.6574 0))",2354188,Verde,Línea,7
"MULTILINESTRING Z ((440576.2644 4480073.6021 0,440573.1368 4480069.2674 0))",2354197,Verde,Línea,1
"MULTILINESTRING Z ((439948.9777 4478836.1645 0,439933.4386 4478837.0534 0))",2354208,Verde,Línea,3
"MULTILINESTRING Z ((440536.8295 4480192.181 0,440541.8666 4480188.4938 0))",2354210,Verde,Línea,1
"MULTILINESTRING Z ((439961.6279 4478814.6131 0,439955.5538 4478833.2057 0))",2354213,Verde,Línea,4
"MULTILINESTRING Z ((440478.4797 4480234.2057 0,440506.8501 4480213.7983 0,440507.3316 4480213.2798 0))",2354214,Verde,Línea,7
"MULTILINESTRING Z ((440490.4756 4480113.5308 0,440486.5579 4480116.823 0))",2354217,Verde,Línea,1
"MULTILINESTRING Z ((439914.0723 4478875.1872 0,439912.9612 4478869.2427 0,439909.9057 4478855.9094 0))",2354220,Verde,Línea,4
"MULTILINESTRING Z ((439914.3501 4478886.7427 0,439914.1834 4478880.5205 0))",2354222,Verde,Línea,1
"MULTILINESTRING Z ((439917.8007 4478889.3662 0,439927.5538 4478889.8106 0))",2354225,Verde,Línea,2
"MULTILINESTRING Z ((439937.6834 4478887.6872 0,439942.4057 4478873.2983 0))",2354227,Verde,Línea,3
"MULTILINESTRING Z ((439951.4057 4478845.8353 0,439945.2946 4478864.502 0))",2354229,Verde,Línea,4
"MULTILINESTRING Z ((439955.3223 4478891.0761 0,439990.6557 4478893.3261 0))",2354232,Verde,Línea,7
"MULTILINESTRING Z ((440003.7212 4478890.8641 0,440023.7486 4478855.978 0))",2354233,Verde,Línea,8
"MULTILINESTRING Z ((440037.4057 4478832.1975 0,440026.5908 4478851.0287 0))",2354234,Verde,Línea,4
"MULTILINESTRING Z ((440321.8336 4480079.0781 0,440331.5785 4480112.3785 0))",2354244,Verde,Línea,7
"MULTILINESTRING Z ((440027.1615 4478897.0754 0,440034.7225 4478897.6899 0))",2354249,Verde,Línea,1
"MULTILINESTRING Z ((440371.3563 4480085.0946 0,440379.1588 4480098.8724 0))",2354250,Verde,Batería,7
"MULTILINESTRING Z ((440042.1135 4478895.6213 0,440052.6978 4478896.3785 0))",2354251,Verde,Línea,2
"MULTILINESTRING Z ((440075.3069 4478878.8724 0,440069.1094 4478887.0452 0))",2354255,Azul,Línea,2
"MULTILINESTRING Z ((440386.1464 4480090.6831 0,440380.5003 4480080.7242 0))",2354258,Verde,Línea,2
"MULTILINESTRING Z ((440106.4262 4478837.7283 0,440113.1258 4478828.8724 0))",2354261,Azul,Línea,2
"MULTILINESTRING Z ((440334.2452 4480070.3538 0,440350.6073 4480058.1563 0))",2354262,Verde,Línea,4
"MULTILINESTRING Z ((440085.3727 4478902.2551 0,440106.1464 4478904.0658 0))",2354271,Azul,Línea,4
"MULTILINESTRING Z ((440138.6649 4478906.9094 0,440144.6649 4478907.4279 0))",2354273,Azul,Línea,1
"MULTILINESTRING Z ((440452.4381 4480031.824 0,440446.5492 4480024.5463 0))",2354274,Verde,Línea,2
"MULTILINESTRING Z ((440444.6603 4480022.2129 0,440441.6603 4480018.7685 0))",2354276,Verde,Línea,1
"MULTILINESTRING Z ((440488.0122 4480076.75 0,440487.1233 4480075.8981 0,440486.9381 4480075.6759 0,440486.1603 4480074.6759 0,440485.2714 4480073.5648 0))",2354278,Verde,Línea,1
"MULTILINESTRING Z ((440496.6788 4480088.0463 0,440496.2344 4480087.4907 0,440496.0862 4480087.3055 0,440495.1603 4480086.1574 0,440495.0122 4480085.9722 0,440494.1233 4480084.8611 0,440493.9751 4480084.6759 0,440493.827 4480084.4907 0))",2354279,Verde,Línea,1
"MULTILINESTRING Z ((440442.2287 4480048.4773 0,440450.8048 4480040.7078 0))",2354280,Verde,Línea,2
"MULTILINESTRING Z ((440411.809 4480075.9012 0,440426.9859 4480062.2715 0))",2354282,Verde,Línea,4
"MULTILINESTRING Z ((440430.1135 4480072.7901 0,440467.1999 4480117.7942 0))",2354283,Verde,Línea,12
"MULTILINESTRING Z ((440442.864 4479966.8611 0,440443.0492 4479967.1203 0,440443.1603 4479967.2685 0,440444.0492 4479968.4907 0,440444.2344 4479968.75 0,440445.0122 4479969.824 0,440445.1973 4479970.0463 0,440446.0862 4479971.2685 0,440446.1603 4479971.3796 0))",2354289,Verde,Línea,1
"MULTILINESTRING Z ((440422.333 4479938.4691 0,440440.6814 4479963.8518 0))",2354290,Verde,Línea,6
"MULTILINESTRING Z ((440379.6279 4479879.358 0,440402.8048 4479911.4403 0))",2354292,Verde,Línea,8
"MULTILINESTRING Z ((440417.5538 4479989.6296 0,440414.5085 4479985.9917 0))",2354294,Verde,Línea,1
"MULTILINESTRING Z ((440413.0106 4479984.2139 0,440410.1629 4479980.7901 0))",2354295,Verde,Línea,1
"MULTILINESTRING Z ((440400.9983 4479969.7983 0,440404.1834 4479973.6501 0))",2354296,Verde,Línea,1
"MULTILINESTRING Z ((440396.6402 4479964.6255 0,440399.5538 4479968.1316 0))",2354297,Verde,Línea,1
"MULTILINESTRING Z ((440383.9736 4479949.465 0,440387.239 4479953.3261 0))",2354298,Verde,Línea,1
"MULTILINESTRING Z ((440156.418 4478918.4773 0,440164.1958 4478919.1687 0))",2354307,Verde,Batería,3
"MULTILINESTRING Z ((440181.702 4478920.7983 0,440202.7637 4478922.181 0))",2354308,Verde,Batería,8
"MULTILINESTRING Z ((440214.3439 4478922.502 0,440218.0723 4478922.8724 0))",2354309,Verde,Batería,2
"MULTILINESTRING Z ((440181.3069 4478909.5884 0,440194.0723 4478910.6995 0))",2354313,Azul,Línea,2
"MULTILINESTRING Z ((440229.2822 4478913.7859 0,440209.2575 4478912.0329 0))",2354314,Azul,Línea,4
"MULTILINESTRING Z ((440274.6279 4478798.7983 0,440268.7614 4478820.5866 0))",2354320,Verde,Línea,4
"MULTILINESTRING Z ((440283.8223 4478794.4094 0,440320.739 4478806.4094 0))",2354329,Verde,Línea,8
"MULTILINESTRING Z ((440333.9324 4478810.8477 0,440343.2493 4478813.9094 0))",2354331,Verde,Línea,2
"MULTILINESTRING Z ((440282.0422 4478862.2112 0,440288.0998 4478863.8024 0))",2354338,Verde,Línea,1
"MULTILINESTRING Z ((440293.5044 4478865.218 0,440303.7102 4478867.9012 0,440304.4674 4478868.181 0,440305.2904 4478868.6419 0,440306.3769 4478869.3991 0,440318.9695 4478879.7859 0))",2354339,Verde,Línea,6
"MULTILINESTRING Z ((440317.5785 4478898.9218 0,440321.1834 4478889.2921 0))",2354343,Verde,Línea,2
"MULTILINESTRING Z ((440266.3316 4478917.6872 0,440288.702 4478919.3168 0))",2354346,Azul,Batería,9
"MULTILINESTRING Z ((440150.6279 4478958.3168 0,440152.4057 4478941.3168 0))",2354351,Verde,Línea,3
"MULTILINESTRING Z ((440152.9612 4478934.9094 0,440153.3316 4478930.3168 0))",2354353,Verde,Línea,1
"MULTILINESTRING Z ((440149.455 4478973.4979 0,440148.6649 4478982.5349 0))",2354364,Verde,Línea,2
"MULTILINESTRING Z ((440146.0723 4479012.6501 0,440147.8254 4478992.5761 0))",2354365,Verde,Línea,4
"MULTILINESTRING Z ((439925.8501 4478925.6131 0,439933.9612 4478899.6131 0))",2354369,Verde,Línea,6
"MULTILINESTRING Z ((439895.4057 4478947.1316 0,439898.0168 4478931.1316 0))",2354375,Verde,Línea,3
"MULTILINESTRING Z ((439902.6834 4478898.6872 0,439898.8501 4478925.2427 0))",2354376,Verde,Línea,5
"MULTILINESTRING Z ((439745.8172 4478893.218 0,439751.6773 4478902.4362 0))",2354379,Verde,Línea,2
"MULTILINESTRING Z ((439727.0353 4478859.5774 0,439729.7459 4478864.5925 0))",2354382,Verde,Línea,1
"MULTILINESTRING Z ((439837.5044 4479047.3909 0,439839.4139 4479019.4238 0))",2354389,Verde,Línea,5
"MULTILINESTRING Z ((439841.4057 4478987.8353 0,439840.1834 4479007.8353 0))",2354390,Verde,Línea,4
"MULTILINESTRING Z ((439846.6402 4478906.0576 0,439841.7267 4478982.3785 0))",2354391,Verde,Línea,16
"MULTILINESTRING Z ((439854.1217 4478899.1687 0,439853.2575 4478914.1069 0))",2354392,Verde,Línea,3
"MULTILINESTRING Z ((439849.9983 4478964.7242 0,439850.5908 4478955.3662 0))",2354394,Verde,Línea,2
"MULTILINESTRING Z ((439849.7946 4478968.965 0,439849.4612 4478973.8538 0))",2354395,Verde,Línea,1
"MULTILINESTRING Z ((439848.2946 4478993.3538 0,439847.9242 4478998.9464 0))",2354396,Verde,Línea,1
"MULTILINESTRING Z ((439846.6402 4479018.5761 0,439847.0847 4479012.3292 0))",2354397,Verde,Línea,1
"MULTILINESTRING Z ((439908.2946 4479014.2427 0,439946.0168 4479019.5205 0))",2354398,Verde,Línea,8
"MULTILINESTRING Z ((439949.2946 4479011.965 0,439917.4057 4479007.3538 0))",2354400,Verde,Línea,7
"MULTILINESTRING Z ((439961.2205 4479013.7613 0,439980.8871 4479016.7613 0))",2354401,Azul,Línea,4
"MULTILINESTRING Z ((439957.4057 4479007.7613 0,439961.9983 4478969.1316 0,439962.4797 4478966.7242 0,439962.9612 4478965.1687 0,439966.9242 4478955.9094 0))",2354403,Verde,Línea,12
"MULTILINESTRING Z ((439969.3316 4478950.9464 0,439991.3316 4478911.9464 0))",2354404,Verde,Línea,9
"MULTILINESTRING Z ((440015.06 4479004.6008 0,440018.2699 4478994.0822 0))",2354405,Azul,Línea,2
"MULTILINESTRING Z ((440355.5456 4479961.218 0,440359.5127 4479966.5185 0))",2354410,Verde,Línea,1
"MULTILINESTRING Z ((440314.0312 4479996.395 0,440322.3769 4480006.5185 0))",2354414,Verde,Batería,5
"MULTILINESTRING Z ((440348.3139 4479912.6437 0,440335.5441 4479922.4 0))",2354425,Verde,Línea,3
"MULTILINESTRING Z ((440030.3761 4480069.1988 0,440034.2977 4480078.5052 0))",2354433,Verde,Línea,2
"MULTILINESTRING Z ((441663.9156 4476469.2843 0,441678.2844 4476476.6468 0))",2354472,Verde,Línea,3
"MULTILINESTRING Z ((440238.4427 4479871.0946 0,440253.5374 4479864.2962 0))",2354474,Azul,Batería,7
"MULTILINESTRING Z ((440340.9118 4479896.4032 0,440344.418 4479900.7983 0))",2354484,Verde,Línea,1
"MULTILINESTRING Z ((439668.0065 4480428.1152 0,439668.3851 4480416.9053 0))",2354486,Azul,Batería,4
"MULTILINESTRING Z ((439686.5168 4480428.823 0,439686.9118 4480418.6995 0))",2354487,Azul,Batería,4
"MULTILINESTRING Z ((439642.4921 4480410.6255 0,439637.6773 4480410.1316 0,439636.097 4480411.218 0,439634.0723 4480413.3415 0,439633.0106 4480415.218 0,439632.3686 4480416.9711 0))",2354488,Azul,Línea,3
"MULTILINESTRING Z ((441198.9914 4481545.1083 0,441201.3686 4481539.8353 0))",2354490,Verde,Línea,1
"MULTILINESTRING Z ((441203.8254 4481540.2469 0,441203.9736 4481539.9506 0,441206.6732 4481536.2304 0,441211.595 4481531.753 0))",2354491,Verde,Batería,5
"MULTILINESTRING Z ((440313.5703 4479862.0685 0,440316.6649 4479865.9423 0))",2354492,Verde,Línea,1
"MULTILINESTRING Z ((440349.6557 4479826.7427 0,440355.6557 4479837.0761 0))",2354493,Verde,Línea,2
"MULTILINESTRING Z ((440414.3878 4479839.3964 0,440406.6732 4479845.454 0))",2354500,Verde,Línea,2
"MULTILINESTRING Z ((440457.8501 4479816.8394 0,440470.5579 4479810.7983 0))",2354508,Verde,Línea,3
"MULTILINESTRING Z ((440475.9187 4479808.2523 0,440484.4784 4479804.17 0))",2354509,Verde,Línea,2
"MULTILINESTRING Z ((440427.9242 4479831.0946 0,440451.8501 4479819.7119 0))",2354513,Verde,Línea,5
"MULTILINESTRING Z ((441070.6834 4478980.5205 0,441053.1834 4478989.4094 0))",2354519,Verde,Línea,4
"MULTILINESTRING Z ((440450.702 4479774.2798 0,440459.776 4479769.7983 0))",2354521,Azul,Batería,4
"MULTILINESTRING Z ((440476.3357 4479777.2619 0,440479.156 4479782.4965 0))",2354526,Verde,Línea,1
"MULTILINESTRING Z ((441843.8501 4478774.502 0,441833.2946 4478775.3909 0))",2354527,Verde,Batería,4
"MULTILINESTRING Z ((440483.0847 4479789.7832 0,440485.9818 4479794.8312 0))",2354530,Verde,Línea,1
"MULTILINESTRING Z ((441808.9242 4478777.4279 0,441803.0353 4478777.9835 0))",2354531,Verde,Batería,2
"MULTILINESTRING Z ((440527.0847 4479789.6378 0,440541.9983 4479806.5267 0))",2354534,Verde,Línea,5
"MULTILINESTRING Z ((440600.7529 4479815.787 0,440600.1233 4479815.0833 0,440599.864 4479814.824 0,440599.1603 4479814.0463 0,440598.864 4479813.7129 0,440598.2344 4479813.0463 0,440597.9381 4479812.7129 0,440597.3084 4479812.0092 0,440597.0492 4479811.75 0,440596.3825 4479811.0092 0,440596.0862 4479810.6759 0,440595.1233 4479809.6389 0,440594.827 4479809.3055 0,440594.5677 4479809.0463 0))",2354547,Verde,Línea,2
"MULTILINESTRING Z ((440499.3481 4479818.6501 0,440501.7843 4479822.9958 0))",2354549,Verde,Línea,1
"MULTILINESTRING Z ((440506.2726 4479831.0452 0,440508.7966 4479835.5445 0))",2354550,Verde,Línea,1
"MULTILINESTRING Z ((440510.2561 4479838.1453 0,440512.7582 4479842.6337 0))",2354552,Verde,Línea,1
"MULTILINESTRING Z ((440425.8007 4479848.4773 0,440430.7143 4479857.2921 0))",2354556,Verde,Línea,2
"MULTILINESTRING Z ((440453.1368 4479897.4595 0,440450.7774 4479893.2345 0))",2354562,Verde,Línea,1
"MULTILINESTRING Z ((440506.3604 4479879.6597 0,440486.0915 4479891.5774 0))",2354570,Verde,Línea,5
"MULTILINESTRING Z ((440521.8336 4479870.5733 0,440517.8611 4479872.9108 0))",2354571,Verde,Línea,1
"MULTILINESTRING Z ((440060.739 4478950.3538 0,440075.1279 4478957.1316 0))",2354573,Verde,Línea,3
"MULTILINESTRING Z ((440077.0723 4478915.1872 0,440089.0168 4478946.4094 0))",2354575,Verde,Línea,7
"MULTILINESTRING Z ((440155.8501 4478964.2427 0,440166.2205 4478966.6501 0))",2354583,Verde,Línea,2
"MULTILINESTRING Z ((440596.6603 4479825.3796 0,440574.6047 4479838.8796 0))",2354584,Verde,Línea,5
"MULTILINESTRING Z ((440172.6279 4478968.1687 0,440182.9612 4478970.5761 0))",2354585,Verde,Línea,2
"MULTILINESTRING Z ((440192.8625 4478972.8971 0,440198.2946 4478974.181 0))",2354588,Verde,Línea,1
"MULTILINESTRING Z ((440111.4057 4479001.0205 0,440110.7946 4479000.8538 0,440109.8501 4478999.9094 0,440107.4057 4478994.0761 0,440095.4612 4478963.5205 0))",2354592,Verde,Línea,8
"MULTILINESTRING Z ((440510.1464 4479978.3538 0,440521.3069 4479994.6337 0))",2354593,Verde,Batería,7
"MULTILINESTRING Z ((440117.9818 4479004.1481 0,440111.776 4479001.2674 0))",2354594,Verde,Línea,1
"MULTILINESTRING Z ((440574.5307 4479950.0092 0,440575.0122 4479950.8611 0,440575.1233 4479951.0833 0,440576.0862 4479952.75 0,440576.2344 4479952.9722 0,440576.9381 4479954.1944 0))",2354596,Verde,Línea,1
"MULTILINESTRING Z ((440573.4797 4479947.9074 0,440571.9797 4479945.0324 0))",2354597,Verde,Línea,1
"MULTILINESTRING Z ((440570.3547 4479942.5324 0,440568.2297 4479939.1574 0))",2354598,Verde,Línea,1
"MULTILINESTRING Z ((440146.5168 4479017.4156 0,440167.8501 4479027.8847 0))",2354599,Verde,Línea,5
"MULTILINESTRING Z ((440176.4427 4479031.9464 0,440186.5538 4479036.8353 0))",2354600,Verde,Línea,2
"MULTILINESTRING Z ((440499.7513 4479956.823 0,440520.8378 4479945.6131 0))",2354601,Verde,Línea,5
"MULTILINESTRING Z ((440175.5538 4479030.1687 0,440177.2946 4479010.4279 0))",2354604,Verde,Línea,4
"MULTILINESTRING Z ((440551.3151 4479910.074 0,440555.8583 4479917.9259 0))",2354608,Verde,Línea,2
"MULTILINESTRING Z ((440180.1094 4478979.1687 0,440178.739 4478994.2427 0))",2354609,Verde,Línea,3
"MULTILINESTRING Z ((440617.1862 4479890.8971 0,440623.5401 4479887.2757 0))",2354610,Verde,Línea,1
"MULTILINESTRING Z ((440159.9983 4478863.9835 0,440155.702 4478903.2427 0))",2354611,Verde,Línea,8
"MULTILINESTRING Z ((440611.9381 4479893.8981 0,440611.1233 4479894.3426 0,440610.7529 4479894.5648 0,440610.2714 4479894.824 0,440609.901 4479895.0463 0,440609.4196 4479895.3426 0,440609.0492 4479895.5277 0,440608.3084 4479895.9722 0,440607.9381 4479896.1574 0,440607.1603 4479896.6018 0,440606.864 4479896.787 0,440606.5307 4479896.9722 0,440606.2344 4479897.1574 0))",2354614,Verde,Línea,1
"MULTILINESTRING Z ((440582.6293 4479910.6172 0,440595.8748 4479903.0562 0))",2354616,Verde,Línea,3
"MULTILINESTRING Z ((440645.1233 4479886.0463 0,440646.0492 4479887.2685 0,440646.1973 4479887.4537 0,440646.9751 4479888.4907 0,440647.1233 4479888.7129 0,440648.0492 4479889.9351 0,440648.1603 4479890.0833 0))",2354625,Verde,Línea,1
"MULTILINESTRING Z ((440654.7159 4479857.3055 0,440653.9751 4479857.9722 0,440653.3084 4479858.5648 0,440651.864 4479859.824 0,440651.0492 4479860.5648 0,440650.3455 4479861.1944 0,440648.864 4479862.4907 0,440648.3084 4479862.9722 0,440647.4196 4479863.75 0,440646.864 4479864.2685 0,440646.1603 4479864.8611 0,440645.2344 4479865.7129 0,440644.4936 4479866.3426 0,440644.0122 4479866.787 0,440643.3084 4479867.4166 0,440642.3084 4479868.2685 0,440641.864 4479868.6759 0,440640.864 4479869.5648 0,440640.4936 4479869.8981 0))",2354627,Verde,Línea,4
"MULTILINESTRING Z ((440635.359 4479802.8093 0,440626.547 4479807.9012 0))",2354631,Verde,Línea,2
"MULTILINESTRING Z ((439909.2575 4479038.539 0,439911.776 4479040.2427 0,439917.4427 4479044.7242 0))",2354632,Verde,Línea,2
"MULTILINESTRING Z ((439929.3316 4479078.4279 0,439928.1711 4479068.0822 0))",2354636,Verde,Línea,2
"MULTILINESTRING Z ((440548.0065 4479730.2496 0,440542.6732 4479732.5761 0))",2354641,Azul,Batería,2
"MULTILINESTRING Z ((440641.8995 4479690.502 0,440632.8625 4479693.0205 0))",2354643,Azul,Batería,4
"MULTILINESTRING Z ((440682.3275 4479744.1645 0,440674.5085 4479731.0617 0))",2354654,Verde,Línea,3
"MULTILINESTRING Z ((440685.5099 4479749.5308 0,440692.9941 4479762.063 0))",2354655,Verde,Línea,3
"MULTILINESTRING Z ((440089.8666 4479778.5513 0,440087.4179 4479770.742 0))",2354675,Verde,Línea,2
"MULTILINESTRING Z ((439960.5168 4479118.6501 0,439955.8131 4479118.9094 0,439952.1834 4479118.8353 0,439944.3316 4479118.0576 0,439942.5168 4479117.7242 0,439939.8501 4479117.0205 0,439934.6279 4479114.7613 0))",2354680,Verde,Línea,5
"MULTILINESTRING Z ((439950.3316 4479058.1316 0,439948.9242 4479069.8353 0))",2354685,Verde,Línea,2
"MULTILINESTRING Z ((439954.2946 4479028.6419 0,439951.5456 4479049.1687 0))",2354686,Verde,Línea,4
"MULTILINESTRING Z ((440003.5127 4479096.0493 0,440009.0435 4479094.6172 0,440010.2287 4479094.6172 0,440013.8501 4479095.0287 0))",2354690,Verde,Línea,2
"MULTILINESTRING Z ((440077.5291 4479070.0822 0,440079.0106 4479069.6872 0,440080.9365 4479069.3168 0,440083.8007 4479068.8971 0,440085.5785 4479068.7489 0,440094.4674 4479069.0946 0))",2354695,Verde,Línea,3
"MULTILINESTRING Z ((440128.1464 4479082.539 0,440107.4797 4479073.0946 0))",2354696,Verde,Línea,5
"MULTILINESTRING Z ((440144.3501 4479100.4094 0,440162.739 4479109.1872 0))",2354700,Verde,Línea,4
"MULTILINESTRING Z ((440142.9118 4479089.7613 0,440168.097 4479101.8353 0))",2354701,Verde,Línea,6
"MULTILINESTRING Z ((440199.3069 4479084.0822 0,440201.5538 4479075.5637 0))",2354703,Verde,Línea,2
"MULTILINESTRING Z ((440203.2081 4479069.3168 0,440205.1588 4479061.8353 0))",2354704,Verde,Línea,1
"MULTILINESTRING Z ((440222.3316 4478996.6872 0,440228.1464 4478974.0576 0))",2354707,Verde,Línea,5
"MULTILINESTRING Z ((440395.0353 4478831.6213 0,440406.4921 4478835.4073 0))",2354711,Azul,Línea,2
"MULTILINESTRING Z ((440418.6238 4478839.4238 0,440427.5785 4478842.3703 0))",2354712,Azul,Línea,2
"MULTILINESTRING Z ((440470.739 4478884.5761 0,440476.5307 4478871.5761 0))",2354715,Azul,Línea,3
"MULTILINESTRING Z ((440338.7884 4478889.4403 0,440377.381 4478900.2551 0))",2354721,Verde,Línea,8
"MULTILINESTRING Z ((438601.5723 4475689.6829 0,438598.5723 4475697.9329 0,438596.239 4475702.8495 0,438594.0723 4475706.4329 0,438590.3223 4475710.1829 0,438587.6557 4475711.9329 0,438580.8223 4475713.9329 0,438574.739 4475715.5995 0,438567.739 4475717.2662 0))",2354722,Naranja,Batería,16
"MULTILINESTRING Z ((438562.5723 4475668.0162 0,438568.3223 4475667.0995 0,438574.489 4475666.8495 0,438580.0723 4475667.3495 0,438585.3223 4475668.2662 0))",2354723,Naranja,Batería,7
"MULTILINESTRING Z ((438553.0723 4475679.3495 0,438551.0723 4475684.4329 0,438549.489 4475691.3495 0,438548.9057 4475696.8495 0,438548.989 4475702.9329 0))",2354724,Naranja,Batería,9
"MULTILINESTRING Z ((440120.0429 4479874.083 0,440115.455 4479859.5942 0))",2354733,Verde,Línea,3
"MULTILINESTRING Z ((440134.097 4479744.0987 0,440137.1094 4479739.2427 0))",2354748,Verde,Línea,1
"MULTILINESTRING Z ((440224.5318 4479759.5005 0,440216.3466 4479753.056 0))",2354759,Verde,Línea,2
"MULTILINESTRING Z ((440162.754 4479697.6856 0,440168.6059 4479687.7597 0))",2354760,Verde,Línea,2
"MULTILINESTRING Z ((440186.2355 4479658.5375 0,440185.8651 4479658.6116 0,440182.6799 4479663.9819 0))",2354762,Verde,Línea,1
"MULTILINESTRING Z ((440230.4734 4479582.1031 0,440242.5845 4479561.4365 0))",2354781,Verde,Línea,5
"MULTILINESTRING Z ((440242.8404 4479540.9326 0,440242.1984 4479539.5992 0,440242.0997 4479539.377 0,440241.1614 4479537.4511 0,440241.0626 4479537.2289 0,440240.7663 4479536.6363 0))",2354784,Verde,Línea,1
"MULTILINESTRING Z ((440225.9242 4479505.8847 0,440231.2081 4479516.823 0))",2354787,Verde,Línea,3
"MULTILINESTRING Z ((440267.9242 4479486.7983 0,440271.3686 4479496.6501 0))",2354788,Verde,Línea,2
"MULTILINESTRING Z ((440283.0133 4479528.8338 0,440283.1614 4479529.2782 0,440284.0873 4479531.7968 0,440284.2725 4479532.3523 0,440285.0133 4479534.3523 0,440285.1614 4479534.7968 0,440286.0873 4479537.3893 0,440286.2725 4479537.8708 0,440287.0133 4479539.9079 0,440287.2725 4479541.056 0,440287.6429 4479544.1301 0))",2354790,Verde,Línea,3
"MULTILINESTRING Z ((440283.0353 4479586.7242 0,440277.4427 4479584.9835 0))",2354795,Verde,Línea,1
"MULTILINESTRING Z ((440240.3466 4479597.3893 0,440240.9762 4479597.6856 0,440241.1984 4479597.7968 0,440241.9762 4479598.1671 0,440242.1984 4479598.2782 0,440243.0133 4479598.6486 0,440243.2355 4479598.7597 0,440243.9392 4479599.1301 0,440244.1614 4479599.2412 0,440244.8651 4479599.6116 0))",2354796,Verde,Línea,1
"MULTILINESTRING Z ((440253.8775 4479603.1795 0,440254.2972 4479603.3276 0,440255.038 4479603.5745 0,440255.433 4479603.698 0,440255.8281 4479603.8461 0,440256.2478 4479603.9943 0,440256.9639 4479604.2659 0,440257.433 4479604.4387 0,440257.754 4479604.5375 0,440258.1244 4479604.6856 0,440258.9392 4479604.9079 0,440259.3342 4479605.0313 0,440259.754 4479605.1548 0,440260.1738 4479605.2535 0,440260.9886 4479605.4758 0,440261.3836 4479605.5992 0,440261.8281 4479605.7227 0,440262.1984 4479605.8214 0,440262.9639 4479605.9943 0,440263.4083 4479606.1177 0,440263.8034 4479606.2165 0,440264.1491 4479606.2906 0,440264.9145 4479606.4634 0,440265.3096 4479606.5622 0,440266.0997 4479606.7597 0,440266.4947 4479606.8338 0,440266.8651 4479606.9326 0,440267.3096 4479607.0313 0,440267.6305 4479607.1054 0,440268.1244 4479607.2042 0,440268.8898 4479607.377 0,440269.2355 4479607.4511 0,440269.6552 4479607.5498 0))",2354797,Verde,Línea,3
"MULTILINESTRING Z ((440113.577 4479658.5851 0,440123.9953 4479641.4164 0))",2354800,Verde,Línea,4
"MULTILINESTRING Z ((440129.1984 4479632.9079 0,440126.1984 4479637.8338 0))",2354801,Verde,Línea,1
"MULTILINESTRING Z ((440148.6085 4479616.1699 0,440188.5851 4479648.713 0))",2354803,Verde,Línea,11
"MULTILINESTRING Z ((440191.9947 4479648.3893 0,440199.9392 4479634.7782 0))",2354804,Verde,Línea,3
"MULTILINESTRING Z ((440227.4392 4479619.8338 0,440229.9947 4479625.6116 0))",2354827,Verde,Línea,1
"MULTILINESTRING Z ((440287.4179 4479626.1217 0,440284.8623 4479620.5291 0))",2354830,Verde,Línea,1
"MULTILINESTRING Z ((440322.9242 4479677.9835 0,440337.4797 4479676.6131 0))",2354839,Verde,Línea,3
"MULTILINESTRING Z ((440342.0744 4479676.1376 0,440343.1115 4479676.0388 0,440343.9016 4479675.9647 0,440344.2473 4479675.94 0,440346.0004 4479675.7919 0,440346.272 4479675.7672 0,440347.0374 4479675.6931 0,440347.2843 4479675.6684 0))",2354840,Verde,Línea,1
"MULTILINESTRING Z ((440396.739 4479680.3538 0,440399.702 4479695.5761 0))",2354841,Verde,Línea,3
"MULTILINESTRING Z ((440400.9386 4479701.8289 0,440401.0498 4479702.3845 0,440401.1609 4479703.0141 0,440401.5312 4479704.8289 0,440401.8646 4479706.4956 0))",2354842,Verde,Línea,1
"MULTILINESTRING Z ((440403.0868 4479712.7549 0,440403.1979 4479713.2734 0,440404.0127 4479717.2363 0,440404.1238 4479717.7919 0,440405.0498 4479722.3474 0,440405.1609 4479722.8289 0,440405.346 4479723.903 0))",2354843,Verde,Línea,2
"MULTILINESTRING Z ((440372.1347 4478978.0727 0,440405.3868 4478986.9574 0))",2354846,Verde,Línea,8
"MULTILINESTRING Z ((440361.3446 4478967.7674 0,440375.9087 4478971.6379 0))",2354848,Verde,Línea,3
"MULTILINESTRING Z ((440407.2004 4478980.094 0,440385.6392 4478974.2827 0))",2354849,Verde,Línea,4
"MULTILINESTRING Z ((440482.346 4479739.866 0,440482.0127 4479739.0882 0,440481.1979 4479737.3474 0,440480.8275 4479736.5326 0,440480.4572 4479735.7178 0,440480.0868 4479734.903 0,440479.346 4479733.3104 0,440478.9757 4479732.4956 0,440478.1979 4479730.7919 0,440477.8275 4479729.9771 0,440477.4572 4479729.1252 0,440477.0868 4479728.3104 0,440476.346 4479726.6808 0,440475.9757 4479725.866 0,440475.2349 4479724.2734 0,440474.9386 4479723.3845 0,440474.1609 4479720.9771 0,440473.9757 4479720.1252 0,440473.1238 4479716.3104 0,440472.9386 4479715.4956 0,440472.1979 4479712.3474 0,440472.0127 4479711.5697 0,440471.1238 4479707.6437 0,440470.9386 4479706.866 0,440470.272 4479703.8289 0,440470.0498 4479702.94 0,440469.5312 4479700.5697 0))",2354852,Verde,Línea,8
"MULTILINESTRING Z ((440522.9831 4479661.7842 0,440523.1312 4479662.2534 0,440524.0942 4479665.2904 0,440524.2176 4479665.7349 0,440525.0078 4479668.204 0,440525.1559 4479668.6978 0,440526.0942 4479671.6608 0))",2354863,Verde,Línea,2
"MULTILINESTRING Z ((440394.5168 4479611.3168 0,440444.4057 4479614.9835 0))",2354874,Verde,Línea,10
"MULTILINESTRING Z ((440331.0408 4479623.8683 0,440333.6197 4479623.6049 0))",2354879,Verde,Batería,1
"MULTILINESTRING Z ((440361.9612 4479566.0946 0,440353.9242 4479568.6872 0))",2354885,Verde,Línea,1
"MULTILINESTRING Z ((440337.6834 4479565.2983 0,440333.4612 4479542.6872 0))",2354886,Verde,Línea,5
"MULTILINESTRING Z ((440346.0723 4479571.2798 0,440341.2205 4479572.9094 0))",2354887,Verde,Línea,1
"MULTILINESTRING Z ((440334.1614 4479541.2782 0,440333.9299 4479540.6968 0,440333.1984 4479538.9079 0,440332.9762 4479538.3153 0,440332.2725 4479536.5745 0,440332.0503 4479536.019 0,440331.1244 4479533.6856 0,440330.8651 4479533.093 0,440330.1984 4479531.4264 0,440329.9392 4479530.7597 0,440329.4577 4479529.5745 0))",2354889,Verde,Línea,2
"MULTILINESTRING Z ((440325.0873 4479518.6116 0,440325.1614 4479518.8338 0,440326.0503 4479521.019 0,440326.1614 4479521.3523 0,440327.0503 4479523.5005 0))",2354890,Verde,Línea,1
"MULTILINESTRING Z ((440344.6059 4479474.056 0,440345.0503 4479475.1301 0,440345.2355 4479475.5745 0,440346.0503 4479477.6856 0,440346.3096 4479478.2782 0,440347.0873 4479480.3153 0,440347.3466 4479480.9079 0,440347.9762 4479482.4634 0,440348.1614 4479482.9449 0,440348.6429 4479484.2042 0,440348.754 4479484.4634 0))",2354896,Verde,Línea,2
"MULTILINESTRING Z ((440362.1834 4479517.5761 0,440363.0353 4479519.6872 0,440364.8871 4479524.502 0))",2354898,Verde,Línea,1
"MULTILINESTRING Z ((440360.0873 4479512.4634 0,440359.1244 4479510.1671 0,440359.0133 4479509.8708 0,440358.9022 4479509.5745 0,440358.2355 4479507.9449 0))",2354900,Verde,Línea,1
"MULTILINESTRING Z ((440384.846 4479409.9533 0,440394.1279 4479403.8538 0))",2354903,Azul,Línea,2
"MULTILINESTRING Z ((440362.7555 4479430.3868 0,440385.3234 4479464.9876 0))",2354904,Verde,Línea,9
"MULTILINESTRING Z ((440393.1834 4479469.502 0,440420.739 4479450.6501 0))",2354905,Verde,Línea,7
"MULTILINESTRING Z ((440436.017 4479471.1546 0,440428.8509 4479457.3261 0))",2354907,Verde,Línea,3
"MULTILINESTRING Z ((440331.1249 4478997.4006 0,440302.5554 4478987.1569 0))",2354913,Verde,Línea,7
"MULTILINESTRING Z ((440392.418 4479555.9341 0,440399.0188 4479553.7613 0))",2354915,Verde,Línea,1
"MULTILINESTRING Z ((440360.0737 4479007.7193 0,440344.3385 4479002.0771 0))",2354916,Verde,Línea,4
"MULTILINESTRING Z ((440473.5785 4479528.4773 0,440459.1341 4479533.5637 0))",2354926,Verde,Línea,3
"MULTILINESTRING Z ((440469.3563 4479373.218 0,440467.9242 4479368.6008 0))",2354937,Verde,Línea,1
"MULTILINESTRING Z ((440302.0194 4479030.3122 0,440329.3277 4479039.7878 0,440338.5307 4479042.8261 0))",2354942,Verde,Línea,8
"MULTILINESTRING Z ((440351.4312 4479047.212 0,440355.6159 4479048.6362 0))",2354944,Verde,Línea,1
"MULTILINESTRING Z ((440487.1999 4479430.8148 0,440488.6704 4479435.6762 0))",2354946,Verde,Línea,1
"MULTILINESTRING Z ((440328.8323 4479050.9797 0,440333.7807 4479052.5761 0))",2354949,Verde,Batería,2
"MULTILINESTRING Z ((440292.9118 4479093.3415 0,440308.0476 4479099.3415 0))",2354952,Verde,Línea,3
"MULTILINESTRING Z ((440396.0504 4479606.1124 0,440420.4784 4479600.801 0))",2354953,Verde,Línea,5
"MULTILINESTRING Z ((440312.4921 4479101.0946 0,440340.3439 4479112.1563 0))",2354954,Verde,Línea,6
"MULTILINESTRING Z ((440254.4057 4479116.7242 0,440257.4427 4479111.4279 0))",2354957,Verde,Línea,1
"MULTILINESTRING Z ((440446.2781 4479610.4032 0,440444.9283 4479600.7571 0))",2354958,Verde,Línea,2
"MULTILINESTRING Z ((440260.1711 4479106.5761 0,440263.1834 4479101.3168 0))",2354959,Verde,Línea,1
"MULTILINESTRING Z ((440436.9365 4479552.2304 0,440439.6773 4479570.0822 0))",2354961,Verde,Línea,3
"MULTILINESTRING Z ((440523.7267 4479579.9176 0,440547.8254 4479574.9794 0))",2354966,Verde,Línea,5
"MULTILINESTRING Z ((440552.2699 4479574.074 0,440573.669 4479569.6954 0))",2354967,Verde,Línea,4
"MULTILINESTRING Z ((440257.2575 4479125.4279 0,440294.3316 4479135.1687 0))",2354968,Verde,Línea,8
"MULTILINESTRING Z ((440298.8871 4479136.3621 0,440309.2575 4479139.0781 0))",2354969,Verde,Línea,2
"MULTILINESTRING Z ((440527.1341 4479618.4032 0,440530.0476 4479617.7119 0))",2354970,Verde,Batería,1
"MULTILINESTRING Z ((440323.2822 4479142.7736 0,440314.1464 4479140.3785 0))",2354971,Verde,Línea,2
"MULTILINESTRING Z ((440305.9324 4479145.2839 0,440290.9201 4479141.3333 0))",2354976,Verde,Línea,3
"MULTILINESTRING Z ((440603.9983 4479600.9094 0,440599.0723 4479602.0576 0))",2354979,Verde,Batería,2
"MULTILINESTRING Z ((440586.776 4479604.7613 0,440583.5168 4479605.465 0))",2354980,Verde,Batería,1
"MULTILINESTRING Z ((440580.3781 4479574.1176 0,440584.1189 4479590.0435 0))",2354981,Verde,Línea,3
"MULTILINESTRING Z ((440529.8623 4479650.992 0,440555.5845 4479643.2698 0))",2354986,Verde,Línea,5
"MULTILINESTRING Z ((440563.2203 4479640.7266 0,440585.7636 4479633.3686 0))",2354987,Verde,Línea,4
"MULTILINESTRING Z ((440612.0229 4479624.8065 0,440671.3645 4479605.8929 0))",2354989,Verde,Línea,14
"MULTILINESTRING Z ((439870.739 4479132.2427 0,439874.0723 4479138.965 0))",2355022,Verde,Línea,1
"MULTILINESTRING Z ((439876.4509 4479143.4732 0,439881.3069 4479152.7078 0))",2355023,Verde,Línea,2
"MULTILINESTRING Z ((439908.1834 4479206.965 0,439910.8501 4479211.6872 0))",2355024,Verde,Línea,1
"MULTILINESTRING Z ((439987.9983 4479218.6872 0,439982.8871 4479237.8353 0))",2355032,Verde,Línea,4
"MULTILINESTRING Z ((440011.0847 4479221.2345 0,440051.6443 4479247.0946 0))",2355039,Verde,Línea,10
"MULTILINESTRING Z ((440061.5209 4479253.3991 0,440074.4427 4479261.646 0))",2355040,Verde,Línea,3
"MULTILINESTRING Z ((440094.2205 4479274.2551 0,440078.8871 4479264.4773 0))",2355042,Verde,Línea,4
"MULTILINESTRING Z ((440088.5538 4479258.2427 0,440092.739 4479261.0576 0))",2355048,Verde,Batería,2
"MULTILINESTRING Z ((440045.3316 4479184.0576 0,440031.06 4479180.1316 0))",2355053,Verde,Batería,6
"MULTILINESTRING Z ((440064.4057 4479189.3538 0,440049.9612 4479185.2983 0))",2355054,Verde,Batería,6
"MULTILINESTRING Z ((440084.1464 4479194.6501 0,440093.5538 4479197.3909 0))",2355055,Verde,Batería,4
"MULTILINESTRING Z ((440097.0106 4479188.6008 0,440085.4797 4479185.218 0))",2355056,Verde,Línea,2
"MULTILINESTRING Z ((440067.9983 4479179.7613 0,440077.2822 4479182.7489 0))",2355057,Verde,Línea,2
"MULTILINESTRING Z ((440055.4797 4479175.7242 0,440036.9612 4479171.4279 0))",2355058,Verde,Línea,4
"MULTILINESTRING Z ((440025.9242 4479134.502 0,440028.5538 4479125.6131 0))",2355062,Verde,Línea,2
"MULTILINESTRING Z ((440152.1279 4479150.465 0,440160.739 4479127.6316 0))",2355071,Verde,Línea,5
"MULTILINESTRING Z ((440555.0324 4479425.9571 0,440555.9213 4479429.1176 0,440556.4645 4479431.3892 0))",2355083,Verde,Línea,1
"MULTILINESTRING Z ((440542.4756 4479381.0205 0,440544.0394 4479386.6008 0))",2355085,Verde,Línea,1
"MULTILINESTRING Z ((440107.381 4479263.1604 0,440116.1217 4479241.7283 0))",2355095,Verde,Línea,5
"MULTILINESTRING Z ((440119.9571 4479232.2962 0,440117.916 4479237.3333 0))",2355098,Verde,Línea,1
"MULTILINESTRING Z ((440569.8227 4479340.1261 0,440609.5922 4479314.2715 0))",2355100,Verde,Línea,10
"MULTILINESTRING Z ((440582.8048 4479399.2921 0,440587.7431 4479396.7407 0))",2355110,Verde,Línea,1
"MULTILINESTRING Z ((440138.1834 4479210.9094 0,440130.8131 4479229.0946 0))",2355124,Verde,Línea,4
"MULTILINESTRING Z ((440148.6279 4479185.3909 0,440152.2205 4479176.3538 0))",2355130,Verde,Línea,2
"MULTILINESTRING Z ((440670.909 4479360.0558 0,440677.1065 4479356.9694 0,440677.9954 4479356.525 0,440684.1189 4479353.4632 0,440685.0078 4479353.0188 0,440687.7238 4479351.6855 0,440688.0448 4479351.5126 0,440688.6374 4479351.2163 0))",2355135,Verde,Línea,4
"MULTILINESTRING Z ((440715.23 4479337.9818 0,440712.909 4479339.1423 0,440712.1929 4479339.4879 0,440709.0818 4479341.0435 0,440708.3658 4479341.3892 0,440706.0201 4479342.5744 0,440705.2547 4479342.9447 0,440702.9584 4479344.0805 0,440702.1929 4479344.4756 0,440700.6621 4479345.241 0,440700.1683 4479345.4879 0,440700.0201 4479345.562 0,440699.872 4479345.6361 0))",2355137,Verde,Línea,3
"MULTILINESTRING Z ((440665.6003 4479347.4046 0,440660.3503 4479337.7796 0))",2355139,Verde,Batería,5
"MULTILINESTRING Z ((440654.8596 4479327.6361 0,440655.0078 4479327.8953 0,440655.23 4479328.3028 0,440656.0818 4479329.8583 0,440656.23 4479330.1916 0,440657.0818 4479331.7472 0,440657.1929 4479331.9694 0,440658.0818 4479333.6361 0,440658.23 4479333.8953 0))",2355140,Verde,Batería,3
"MULTILINESTRING Z ((440096.2534 4479370.1508 0,440111.7596 4479351.2208 0))",2355146,Verde,Línea,5
"MULTILINESTRING Z ((440747.1176 4479897.9588 0,440749.8666 4479892.8394 0))",2355156,Verde,Línea,1
"MULTILINESTRING Z ((440114.5168 4479468.7983 0,440133.239 4479441.1316 0))",2355167,Verde,Línea,7
"MULTILINESTRING Z ((440151.5044 4479304.6255 0,440157.06 4479307.7613 0,440171.8254 4479316.6995 0,440172.9057 4479317.6316 0))",2355169,Verde,Línea,5
"MULTILINESTRING Z ((440337.2081 4479936.7242 0,440351.5785 4479955.9094 0))",2355175,Verde,Línea,5
"MULTILINESTRING Z ((440366.1629 4479975.3909 0,440370.1464 4479980.7242 0))",2355179,Verde,Línea,1
"MULTILINESTRING Z ((440204.5662 4479394.1316 0,440215.1094 4479387.1193 0))",2355181,Verde,Línea,2
"MULTILINESTRING Z ((440761.5538 4479430.6995 0,440740.1711 4479438.0576 0))",2355188,Verde,Línea,4
"MULTILINESTRING Z ((440722.1279 4479391.0205 0,440693.9612 4479401.6316 0))",2355193,Verde,Línea,6
"MULTILINESTRING Z ((440756.5497 4479389.0205 0,440760.0723 4479398.3868 0))",2355195,Verde,Línea,2
"MULTILINESTRING Z ((440795.4742 4479412.2778 0,440791.4177 4479397.7532 0))",2355200,Verde,Línea,3
"MULTILINESTRING Z ((440794.739 4479320.2427 0,440784.9612 4479321.3538 0))",2355211,Verde,Línea,2
"MULTILINESTRING Z ((440744.0818 4479377.599 0,440743.23 4479376.1546 0,440742.8226 4479375.4139 0,440742.4152 4479374.6361 0,440742.0078 4479373.8953 0,440741.1929 4479372.4139 0,440740.7855 4479371.6731 0,440740.4152 4479370.9324 0,440739.9337 4479370.0805 0,440739.1189 4479368.599 0,440738.7855 4479367.9324 0,440738.3781 4479367.1916 0,440737.9707 4479366.4509 0,440737.1559 4479364.9324 0,440736.7485 4479364.1916 0,440736.1559 4479363.1176 0,440736.0078 4479362.8583 0,440735.9707 4479362.7472 0))",2355213,Verde,Línea,3
"MULTILINESTRING Z ((440722.9337 4479338.7102 0,440723.1189 4479339.0435 0,440723.9707 4479340.6361 0,440724.1929 4479341.0065 0,440725.0818 4479342.6731 0,440725.267 4479342.9694 0,440725.9707 4479344.3028 0))",2355216,Verde,Línea,1
"MULTILINESTRING Z ((440730.9337 4479329.3768 0,440731.3041 4479329.1916 0,440731.9337 4479328.8583 0,440732.3041 4479328.6731 0,440733.0448 4479328.3398 0,440733.3411 4479328.1916 0,440734.0818 4479327.8213 0,440734.3781 4479327.6731 0,440735.0448 4479327.3398 0,440735.4522 4479327.1546 0,440735.7485 4479327.0065 0,440736.1559 4479326.8213 0,440736.7855 4479326.4879 0,440737.1189 4479326.3398 0,440737.8226 4479326.0065 0,440739.1929 4479325.8953 0,440739.8966 4479325.8213 0,440741.3411 4479325.6731 0,440742.0448 4479325.599 0,440744.1559 4479325.3768 0,440744.8596 4479325.3028 0,440746.267 4479325.1546 0,440746.9707 4479325.0805 0,440749.1189 4479324.8583 0,440749.8226 4479324.7842 0,440751.8966 4479324.562 0))",2355217,Verde,Línea,4
"MULTILINESTRING Z ((440767.6744 4479322.8213 0,440763.1189 4479323.3028 0,440762.0448 4479323.4139 0,440760.267 4479323.6361 0,440756.267 4479324.0435 0))",2355219,Verde,Línea,2
"MULTILINESTRING Z ((440623.8748 4479285.2674 0,440619.4797 4479277.1028 0))",2355229,Verde,Línea,2
"MULTILINESTRING Z ((440619.4797 4479264.6872 0,440615.1834 4479256.9094 0))",2355231,Verde,Batería,4
"MULTILINESTRING Z ((440607.6649 4479255.3168 0,440610.4057 4479260.3168 0))",2355232,Verde,Línea,1
"MULTILINESTRING Z ((440674.4797 4479231.3168 0,440667.4427 4479218.6501 0))",2355233,Verde,Batería,6
"MULTILINESTRING Z ((440659.7811 4479224.2629 0,440660.3367 4479225.2629 0,440660.8182 4479226.1889 0,440661.3367 4479227.1518 0,440661.9293 4479228.2259 0,440662.4478 4479229.1889 0,440662.9663 4479230.1518 0,440663.4478 4479231.0778 0,440663.9663 4479232.0407 0,440664.4848 4479233.0407 0,440665.0404 4479234.0778 0,440665.5589 4479235.0407 0,440666.0774 4479235.9666 0,440667.1515 4479238.0037 0,440667.67 4479238.9666 0,440668.1886 4479239.9296 0,440668.7071 4479240.8555 0,440669.2626 4479241.8926 0,440669.9663 4479243.2259 0,440670.1145 4479243.5222 0,440670.3367 4479243.8926 0))",2355235,Verde,Línea,4
"MULTILINESTRING Z ((440718.3439 4479243.9012 0,440716.1217 4479234.6666 0))",2355240,Azul,Línea,2
"MULTILINESTRING Z ((440702.8048 4479264.7352 0,440718.9585 4479253.9917 0))",2355245,Verde,Línea,4
"MULTILINESTRING Z ((440725.776 4479252.9958 0,440738.5168 4479273.0761 0))",2355246,Azul,Línea,5
"MULTILINESTRING Z ((440615.1834 4478938.9094 0,440604.0723 4478947.5761 0))",2355262,Azul,Línea,3
"MULTILINESTRING Z ((440543.9612 4478991.1316 0,440559.6834 4478979.1316 0))",2355266,Azul,Línea,4
"MULTILINESTRING Z ((440518.9734 4479009.9735 0,440503.4549 4479021.4179 0))",2355269,Verde,Línea,4
"MULTILINESTRING Z ((440412.4689 4479007.932 0,440404.2187 4479024.6985 0))",2355275,Verde,Línea,4
"MULTILINESTRING Z ((440343.5637 4479120.9303 0,440337.1362 4479132.0671 0))",2355281,Verde,Línea,3
"MULTILINESTRING Z ((440352.8695 4479119.5257 0,440357.8937 4479111.848 0))",2355282,Verde,Línea,2
"MULTILINESTRING Z ((440312.418 4479171.144 0,440320.1711 4479159.2757 0))",2355284,Verde,Línea,3
"MULTILINESTRING Z ((440314.5415 4479179.7859 0,440320.9612 4479171.218 0))",2355285,Verde,Línea,2
"MULTILINESTRING Z ((440244.1053 4479224.4279 0,440247.9242 4479220.0164 0))",2355289,Verde,Línea,1
"MULTILINESTRING Z ((440238.1464 4479232.7078 0,440240.7472 4479228.8559 0))",2355290,Verde,Línea,1
"MULTILINESTRING Z ((440255.2822 4479223.4156 0,440256.4427 4479222.2551 0,440260.8625 4479218.2798 0,440269.2822 4479211.86 0))",2355293,Verde,Línea,4
"MULTILINESTRING Z ((440238.1299 4479280.7736 0,440235.8748 4479260.3127 0,440235.9077 4479259.325 0,440236.7472 4479256.0493 0))",2355295,Verde,Línea,5
"MULTILINESTRING Z ((440244.2205 4479341.86 0,440242.8131 4479330.3045 0))",2355301,Verde,Línea,2
"MULTILINESTRING Z ((440245.1094 4479348.8477 0,440245.8007 4479355.465 0))",2355302,Verde,Línea,1
"MULTILINESTRING Z ((440240.9612 4479381.4403 0,440244.4674 4479411.4403 0,440245.8995 4479423.4403 0))",2355306,Verde,Línea,9
"MULTILINESTRING Z ((440251.0847 4479463.2921 0,440249.4304 4479450.4032 0))",2355307,Verde,Línea,2
"MULTILINESTRING Z ((440335.5176 4479422.7428 0,440331.6059 4479425.0838 0))",2355312,Azul,Línea,1
"MULTILINESTRING Z ((440291.7596 4479378.6337 0,440297.5209 4479374.9135 0))",2355316,Verde,Línea,1
"MULTILINESTRING Z ((440316.0476 4479362.9464 0,440301.776 4479372.1563 0))",2355317,Verde,Línea,3
"MULTILINESTRING Z ((440271.3316 4479349.7242 0,440276.776 4479346.3909 0))",2355319,Verde,Línea,1
"MULTILINESTRING Z ((440306.9612 4479327.965 0,440301.5168 4479331.2983 0))",2355321,Verde,Línea,1
"MULTILINESTRING Z ((440284.3686 4479341.7613 0,440298.3686 4479333.2427 0))",2355322,Verde,Línea,3
"MULTILINESTRING Z ((440309.776 4479300.3909 0,440311.3686 4479305.3538 0))",2355325,Azul,Línea,1
"MULTILINESTRING Z ((440335.3563 4479350.4279 0,440340.418 4479347.0452 0))",2355328,Verde,Línea,1
"MULTILINESTRING Z ((440344.6924 4479344.1865 0,440351.2767 4479339.775 0))",2355329,Verde,Línea,1
"MULTILINESTRING Z ((440358.7719 4479334.7654 0,440391.3316 4479313.0041 0))",2355332,Verde,Línea,8
"MULTILINESTRING Z ((440442.5538 4479278.7613 0,440430.702 4479286.6501 0))",2355335,Verde,Línea,3
"MULTILINESTRING Z ((440407.1834 4479371.9341 0,440418.5908 4479363.9341 0))",2355337,Azul,Línea,3
"MULTILINESTRING Z ((440463.8501 4479331.1687 0,440472.1834 4479324.9835 0))",2355339,Azul,Línea,2
"MULTILINESTRING Z ((440422.953 4479229.5473 0,440425.6361 4479233.3991 0))",2355343,Azul,Línea,1
"MULTILINESTRING Z ((440411.7513 4479213.2674 0,440419.6773 4479224.7736 0))",2355344,Azul,Línea,3
"MULTILINESTRING Z ((440476.9612 4479158.9025 0,440471.3974 4479162.3374 0))",2355352,Verde,Línea,1
"MULTILINESTRING Z ((440443.4426 4479064.85 0,440465.2697 4479049.0476 0))",2355360,Verde,Línea,5
"MULTILINESTRING Z ((440468.6978 4479046.5678 0,440478.4921 4479039.4732 0))",2355361,Verde,Línea,2
"MULTILINESTRING Z ((440539.0024 4479057.8929 0,440553.7349 4479045.9917 0))",2355366,Verde,Línea,4
"MULTILINESTRING Z ((440561.2205 4479032.539 0,440554.1094 4479018.502 0))",2355367,Verde,Línea,3
"MULTILINESTRING Z ((440569.9489 4479048.502 0,440579.2328 4479065.1687 0))",2355369,Verde,Línea,4
"MULTILINESTRING Z ((440588.6485 4479082.0905 0,440581.5703 4479069.3827 0))",2355370,Verde,Línea,3
"MULTILINESTRING Z ((440578.0751 4479096.3401 0,440582.0037 4479093.8052 0))",2355371,Verde,Línea,1
"MULTILINESTRING Z ((440570.6649 4479100.9464 0,440574.6649 4479098.465 0))",2355372,Verde,Línea,1
"MULTILINESTRING Z ((440529.739 4479120.8353 0,440514.0723 4479092.7613 0))",2355376,Verde,Línea,6
"MULTILINESTRING Z ((440502.5978 4479087.1863 0,440488.0733 4479098.6479 0))",2355377,Verde,Línea,4
"MULTILINESTRING Z ((440479.0308 4479105.8549 0,440483.2807 4479102.4511 0))",2355379,Verde,Línea,1
"MULTILINESTRING Z ((440504.6896 4479141.6872 0,440515.9983 4479134.7489 0))",2355382,Verde,Línea,2
"MULTILINESTRING Z ((440560.739 4479179.3168 0,440551.9612 4479162.8353 0))",2355385,Verde,Línea,4
"MULTILINESTRING Z ((440569.6032 4479169.4156 0,440563.8748 4479158.7489 0))",2355386,Azul,Batería,5
"MULTILINESTRING Z ((440571.8501 4479200.2057 0,440579.0106 4479213.7119 0))",2355391,Verde,Línea,3
"MULTILINESTRING Z ((440582.6238 4479220.2798 0,440589.1094 4479231.9835 0))",2355392,Verde,Línea,3
"MULTILINESTRING Z ((440581.922 4479181.0367 0,440599.4612 4479170.7427 0))",2355402,Verde,Línea,4
"MULTILINESTRING Z ((440623.1094 4479145.0946 0,440616.9859 4479134.0082 0))",2355405,Verde,Línea,2
"MULTILINESTRING Z ((440597.1464 4479098.1687 0,440607.9983 4479117.7983 0))",2355407,Verde,Línea,4
"MULTILINESTRING Z ((440672.0168 4479100.3538 0,440678.9612 4479110.9094 0))",2355414,Verde,Línea,3
"MULTILINESTRING Z ((440650.2452 4479067.8847 0,440659.0188 4479081.0534 0))",2355415,Verde,Línea,3
"MULTILINESTRING Z ((440635.8501 4479060.3538 0,440624.1217 4479067.6872 0))",2355418,Azul,Línea,3
"MULTILINESTRING Z ((440567.9983 4479034.539 0,440569.5538 4479033.3909 0,440598.2946 4479010.6872 0))",2355419,Azul,Línea,8
"MULTILINESTRING Z ((440615.5723 4478996.6316 0,440625.1279 4478989.3538 0))",2355422,Azul,Línea,2
"MULTILINESTRING Z ((440651.8254 4479049.6131 0,440672.4674 4479036.7983 0))",2355425,Azul,Línea,5
"MULTILINESTRING Z ((440683.4304 4479030.0082 0,440672.6402 4479036.6995 0))",2355426,Azul,Línea,2
"MULTILINESTRING Z ((440683.1341 4479028.181 0,440694.7143 4479020.7983 0))",2355427,Azul,Línea,3
"MULTILINESTRING Z ((440832.8682 4479318.1892 0,440847.2946 4479316.9094 0))",2355433,Verde,Línea,3
"MULTILINESTRING Z ((440832.1559 4479316.7472 0,440828.9707 4479317.0805 0,440828.1929 4479317.1546 0,440825.8226 4479317.3768 0,440824.23 4479317.562 0,440821.0818 4479317.8583 0,440820.3041 4479317.9324 0,440818.8226 4479318.0805 0,440817.1559 4479318.2657 0,440816.3411 4479318.3398 0))",2355434,Verde,Línea,3
"MULTILINESTRING Z ((440706.1958 4479194.8724 0,440719.7267 4479219.1193 0))",2355435,Azul,Línea,6
"MULTILINESTRING Z ((440290.9695 4479241.2674 0,440296.0394 4479257.5966 0))",2355437,Verde,Línea,3
"MULTILINESTRING Z ((440286.4797 4479226.7983 0,440289.2205 4479235.6501 0))",2355438,Verde,Línea,2
"MULTILINESTRING Z ((439840.3969 4481055.1755 0,439843.9525 4481041.3978 0))",2355455,Verde,Línea,3
"MULTILINESTRING Z ((440083.6279 4481119.7983 0,440088.5307 4481100.9511 0))",2355458,Verde,Línea,3
"MULTILINESTRING Z ((440219.1279 4481102.2427 0,440239.3501 4481107.465 0))",2355461,Verde,Batería,9
"MULTILINESTRING Z ((441055.6744 4479741.8583 0,441040.4892 4479748.4879 0))",2355489,Verde,Línea,3
"MULTILINESTRING Z ((440100.6155 4481722.6501 0,440105.702 4481718.1563 0))",2355490,Verde,Línea,1
"MULTILINESTRING Z ((439812.6747 4481092.62 0,439802.5081 4481090.0089 0))",2355505,Azul,Línea,2
"MULTILINESTRING Z ((440418.4057 4481211.6594 0,440425.739 4481213.5761 0))",2355507,Verde,Batería,3
"MULTILINESTRING Z ((440424.7151 4481268.5845 0,440428.3453 4481255.3088 0))",2355508,Verde,Línea,3
"MULTILINESTRING Z ((439886.2575 4478840.6872 0,439890.4797 4478843.7613 0,439892.4797 4478845.465 0,439893.8871 4478847.1316 0,439894.5908 4478848.0946 0,439896.1834 4478850.3909 0,439897.6279 4478852.6501 0,439899.0353 4478855.1316 0,439900.6279 4478858.6131 0,439901.9983 4478862.539 0,439902.9983 4478866.1687 0,439903.3686 4478867.7983 0))",2355513,Verde,Línea,6
"MULTILINESTRING Z ((439902.4057 4478884.0205 0,439902.4057 4478878.6316 0,439902.0168 4478873.6872 0))",2355515,Verde,Línea,2
"MULTILINESTRING Z ((440418.6279 4478623.0761 0,440427.0168 4478622.9094 0))",2355519,Verde,Línea,2
"MULTILINESTRING Z ((440303.4633 4478936.4608 0,440301.7513 4478940.9053 0))",2355521,Verde,Línea,1
"MULTILINESTRING Z ((440297.9324 4478950.8971 0,440291.5785 4478967.5226 0))",2355522,Verde,Línea,4
"MULTILINESTRING Z ((440289.3563 4478973.2921 0,440287.5538 4478978.0082 0))",2355523,Verde,Línea,1
"MULTILINESTRING Z ((440930.9337 4479642.3213 0,440928.6837 4479638.4879 0))",2355526,Verde,Batería,2
"MULTILINESTRING Z ((441563.6317 4480444.1712 0,441574.8304 4480468.9878 0))",2355531,Verde,Línea,6
"MULTILINESTRING Z ((441060.0476 4481631.9341 0,441067.1341 4481655.0205 0))",2355533,Verde,Línea,5
"MULTILINESTRING Z ((441061.7513 4481630.2057 0,441069.455 4481654.5514 0))",2355534,Verde,Línea,5
"MULTILINESTRING Z ((443920.5168 4477113.6872 0,443920.4674 4477100.7983 0))",2356165,Verde,Batería,5
"MULTILINESTRING Z ((439934.9859 4476985.8271 0,439937.3234 4476976.7571 0,439940.7801 4476952.7078 0))",2356186,Verde,Línea,7
"MULTILINESTRING Z ((439709.8501 4476912.5267 0,439710.1793 4476910.7983 0,439712.3686 4476903.325 0,439714.2122 4476898.4526 0,439716.0065 4476894.5678 0))",2356189,Verde,Línea,4
"MULTILINESTRING Z ((439209.4221 4477331.4403 0,439215.2328 4477331.5061 0))",2356190,Verde,Línea,1
"MULTILINESTRING Z ((439356.7527 4477218.1508 0,439357.06 4477222.5294 0))",2356210,Verde,Línea,1
"MULTILINESTRING Z ((439358.6896 4477245.218 0,439357.4057 4477227.4732 0))",2356211,Verde,Línea,3
"MULTILINESTRING Z ((439287.8254 4477015.9588 0,439308.2205 4477033.7119 0,439347.5291 4477067.7613 0))",2356233,Verde,Batería,30
"MULTILINESTRING Z ((441809.8172 4476149.4156 0,441801.916 4476149.9588 0))",2356234,Verde,Línea,1
"MULTILINESTRING Z ((439510.1629 4477063.4732 0,439502.6896 4477057.0041 0))",2356258,Verde,Línea,2
"MULTILINESTRING Z ((439515.809 4477065.3936 0,439527.3686 4477075.2798 0))",2356259,Verde,Línea,3
"MULTILINESTRING Z ((439536.6155 4477086.3785 0,439529.6526 4477080.3292 0))",2356260,Verde,Línea,2
"MULTILINESTRING Z ((442926.7462 4476632.3908 0,442931.931 4476625.3436 0))",2356264,Verde,Línea,2
"MULTILINESTRING Z ((439269.1697 4477520.2194 0,439271.3755 4477506.0411 0))",2356265,Azul,Línea,3
"MULTILINESTRING Z ((439312.1711 4477397.2674 0,439307.5044 4477403.9835 0))",2356291,Azul,Línea,2
"MULTILINESTRING Z ((441529.0353 4480813.4279 0,441535.8131 4480794.3538 0,441536.9983 4480791.6872 0,441538.5168 4480788.9094 0,441540.5908 4480785.9464 0,441542.3686 4480783.8724 0,441544.1464 4480782.2057 0,441546.702 4480780.2057 0,441548.1094 4480779.3168 0,441550.6279 4480777.9094 0))",2356523,Rojo,Línea,9
"MULTILINESTRING Z ((441338.8378 4480949.86 0,441382.9612 4480942.8724 0))",2356527,Rojo,Línea,9
"MULTILINESTRING Z ((441415.4797 4481035.465 0,441433.5168 4480986.7613 0))",2356529,Rojo,Línea,10
"MULTILINESTRING Z ((441581.4304 4481242.4032 0,441577.6279 4481235.218 0,441575.1834 4481231.2674 0,441572.7637 4481227.7859 0,441572.1464 4481226.7489 0,441571.0847 4481225.465 0,441569.9736 4481224.5267 0,441568.3933 4481223.6378 0))",2356530,Rojo,Línea,4
"MULTILINESTRING Z ((441432.9057 4481170.6594 0,441438.989 4481170.9927 0,441443.0723 4481171.4927 0,441449.5723 4481172.5761 0,441458.0723 4481175.0761 0,441469.239 4481178.7427 0,441478.4057 4481182.7427 0,441476.739 4481181.7427 0,441497.489 4481193.2427 0,441511.6557 4481200.9927 0,441517.489 4481204.4927 0,441523.3223 4481209.1594 0,441528.9057 4481215.2427 0,441534.239 4481222.7427 0,441538.0723 4481232.4094 0,441541.4057 4481241.4927 0,441542.239 4481244.9927 0,441543.4057 4481251.0761 0))",2356531,Rojo,Línea,31
"MULTILINESTRING Z ((441456.8131 4481349.5308 0,441468.0559 4481346.8148 0,441478.6073 4481344.4938 0,441500.739 4481340.3261 0,441532.3686 4481334.4773 0))",2356533,Rojo,Línea,16
"MULTILINESTRING Z ((441628.418 4481583.4567 0,441629.5703 4481578.5678 0))",2356539,Rojo,Línea,1
"MULTILINESTRING Z ((441607.6526 4481437.218 0,441625.8995 4481524.6995 0))",2356541,Rojo,Línea,19
"MULTILINESTRING Z ((441855.5723 4478824.2427 0,441856.239 4478833.7427 0))",2356594,Verde,Línea,2
"MULTILINESTRING Z ((440309.7843 4477480.3127 0,440310.7061 4477507.5061 0))",2356595,Verde,Línea,6
"MULTILINESTRING Z ((440315.3069 4477474.6748 0,440314.8625 4477460.4526 0))",2356596,Verde,Línea,3
"MULTILINESTRING Z ((440412.4784 4477433.7228 0,440417.8995 4477433.2949 0))",2356598,Verde,Línea,1
"MULTILINESTRING Z ((440418.7884 4477436.2057 0,440432.2946 4477435.1934 0))",2356599,Verde,Línea,3
"MULTILINESTRING Z ((440439.9406 4477431.5884 0,440449.6855 4477430.8477 0))",2356600,Verde,Línea,2
"MULTILINESTRING Z ((440464.204 4477429.7283 0,440457.6855 4477430.2222 0))",2356601,Verde,Línea,1
"MULTILINESTRING Z ((440714.2205 4477413.465 0,440700.418 4477414.502 0))",2356677,Verde,Línea,3
"MULTILINESTRING Z ((440742.5168 4477517.1316 0,440742.9612 4477522.3538 0))",2356709,Verde,Línea,1
"MULTILINESTRING Z ((440757.6526 4477535.0452 0,440756.489 4477518.8261 0))",2356715,Verde,Línea,3
"MULTILINESTRING Z ((441010.3686 4477492.3168 0,441006.3686 4477422.7983 0))",2356794,Verde,Línea,14
"MULTILINESTRING Z ((441065.6279 4477422.8477 0,441067.1834 4477444.9958 0))",2356798,Azul,Línea,5
"MULTILINESTRING Z ((440306.0353 4477372.7983 0,440305.8871 4477368.6872 0))",2356803,Verde,Línea,1
"MULTILINESTRING Z ((440307.9166 4477358.9817 0,440307.5833 4477349.4817 0))",2356811,Verde,Línea,2
"MULTILINESTRING Z ((440329.6197 4477428.6913 0,440343.7946 4477427.6872 0))",2356823,Verde,Línea,3
"MULTILINESTRING Z ((440597.6279 4477328.2551 0,440597.8254 4477330.8477 0))",2356875,Verde,Batería,1
"MULTILINESTRING Z ((440630.1958 4477408.0082 0,440640.7143 4477407.218 0))",2356882,Verde,Batería,4
"MULTILINESTRING Z ((440772.2946 4477396.965 0,440792.7946 4477395.465 0))",2356891,Verde,Batería,7
"MULTILINESTRING Z ((440845.9983 4477388.3538 0,440859.8871 4477387.3168 0))",2356899,Verde,Batería,6
"MULTILINESTRING Z ((440783.8007 4477285.4403 0,440788.0476 4477284.9218 0))",2356916,Verde,Línea,1
"MULTILINESTRING Z ((440865.7349 4477366.7489 0,440865.3501 4477361.8538 0))",2356920,Verde,Línea,1
"MULTILINESTRING Z ((440858.2699 4477303.4897 0,440857.2575 4477288.9958 0))",2356923,Verde,Línea,3
"MULTILINESTRING Z ((440870.9612 4477312.2057 0,440871.9983 4477326.5761 0))",2356925,Verde,Línea,3
"MULTILINESTRING Z ((440868.9612 4477283.6501 0,440869.3316 4477289.465 0))",2356927,Verde,Línea,1
"MULTILINESTRING Z ((440992.739 4477346.1563 0,440992.2205 4477337.3662 0))",2356931,Verde,Línea,2
"MULTILINESTRING Z ((441002.3686 4477355.4897 0,441002.0723 4477350.6748 0))",2356934,Verde,Línea,1
"MULTILINESTRING Z ((441039.5538 4477343.4156 0,441038.9612 4477334.0329 0))",2356935,Verde,Línea,2
"MULTILINESTRING Z ((440362.1217 4477198.5267 0,440371.8254 4477197.86 0))",2356970,Verde,Línea,2
"MULTILINESTRING Z ((440336.1053 4477197.2345 0,440340.8295 4477196.9218 0))",2356972,Verde,Línea,1
"MULTILINESTRING Z ((440377.7678 4477194.4801 0,440372.0833 4477194.8532 0))",2356974,Verde,Línea,1
"MULTILINESTRING Z ((440585.3686 4477281.6501 0,440582.3686 4477240.9464 0))",2357003,Verde,Línea,8
"MULTILINESTRING Z ((440604.0723 4477288.0493 0,440615.8456 4477287.1157 0,440617.0307 4477286.9511 0))",2357032,Azul,Línea,2
"MULTILINESTRING Z ((440631.1834 4477179.502 0,440645.702 4477178.4279 0))",2357050,Verde,Línea,3
"MULTILINESTRING Z ((440852.1711 4477175.572 0,440851.9077 4477171.7366 0))",2357083,Verde,Línea,1
"MULTILINESTRING Z ((440867.1279 4477221.5205 0,440866.3501 4477211.1872 0))",2357124,Verde,Línea,2
"MULTILINESTRING Z ((440958.097 4477153.3827 0,440964.5332 4477152.9382 0))",2357133,Verde,Línea,1
"MULTILINESTRING Z ((440875.0353 4477269.9835 0,440890.3316 4477268.9094 0))",2357134,Verde,Línea,3
"MULTILINESTRING Z ((440905.3563 4477264.6255 0,440927.1588 4477262.9711 0))",2357141,Verde,Línea,3
"MULTILINESTRING Z ((440984.632 4477232.3621 0,440979.7651 4477172.5541 0))",2357142,Verde,Línea,13
"MULTILINESTRING Z ((440976.5168 4477172.2057 0,440975.5908 4477160.9835 0))",2357145,Verde,Línea,2
"MULTILINESTRING Z ((440298.6896 4477150.5267 0,440298.5415 4477145.6131 0))",2357182,Azul,Línea,1
"MULTILINESTRING Z ((440338.7555 4477188.1481 0,440331.0353 4477188.7078 0))",2357188,Verde,Línea,1
"MULTILINESTRING Z ((440351.2328 4477187.3415 0,440358.8378 4477186.7818 0))",2357189,Verde,Línea,1
"MULTILINESTRING Z ((440408.5723 4477183.1316 0,440423.5168 4477182.0205 0))",2357190,Verde,Línea,2
"MULTILINESTRING Z ((440569.6197 4477070.0082 0,440569.274 4477065.646 0))",2357215,Verde,Línea,1
"MULTILINESTRING Z ((440353.06 4477074.1563 0,440341.8995 4477074.9711 0))",2357216,Verde,Línea,2
"MULTILINESTRING Z ((440353.7678 4477077.1906 0,440365.239 4477076.2983 0))",2357219,Verde,Línea,2
"MULTILINESTRING Z ((440430.7884 4477068.5102 0,440435.7431 4477068.1645 0))",2357221,Verde,Línea,1
"MULTILINESTRING Z ((440439.8254 4477067.8518 0,440444.5332 4477067.5226 0))",2357222,Verde,Línea,1
"MULTILINESTRING Z ((440582.0229 4477113.4403 0,440581.8254 4477110.6255 0))",2357226,Verde,Batería,1
"MULTILINESTRING Z ((440582.8131 4477124.2304 0,440582.6402 4477121.6625 0))",2357228,Verde,Batería,1
"MULTILINESTRING Z ((440714.4057 4477095.502 0,440715.1834 4477106.0576 0))",2357233,Verde,Línea,2
"MULTILINESTRING Z ((440714.078 4477091.5574 0,440713.328 4477079.8908 0))",2357236,Verde,Línea,2
"MULTILINESTRING Z ((440726.9612 4477143.465 0,440727.1834 4477147.0205 0))",2357247,Verde,Línea,1
"MULTILINESTRING Z ((440741.6279 4477159.6131 0,440729.4797 4477160.4773 0))",2357248,Verde,Línea,2
"MULTILINESTRING Z ((440748.3933 4477159.1193 0,440771.2575 4477157.4897 0))",2357249,Verde,Línea,4
"MULTILINESTRING Z ((440970.3501 4477037.6872 0,440972.3501 4477069.965 0))",2357290,Verde,Línea,7
"MULTILINESTRING Z ((440979.4057 4477037.4094 0,440981.3223 4477067.3261 0))",2357301,Verde,Línea,6
"MULTILINESTRING Z ((441061.0723 4477058.8538 0,441062.1279 4477076.0761 0))",2357328,Verde,Línea,3
"MULTILINESTRING Z ((441060.4612 4477050.2427 0,441059.5307 4477036.0761 0))",2357330,Verde,Línea,3
"MULTILINESTRING Z ((440355.6773 4477056.6995 0,440351.1834 4477057.0205 0))",2357343,Verde,Línea,1
"MULTILINESTRING Z ((440436.203 4477051.0158 0,440405.203 4477053.1408 0))",2357344,Verde,Línea,6
"MULTILINESTRING Z ((440503.3056 4477017.7502 0,440506.2907 4477008.3853 0))",2357350,Verde,Línea,2
"MULTILINESTRING Z ((440523.1475 4476956.0587 0,440512.6705 4476988.7774 0))",2357353,Verde,Línea,7
"MULTILINESTRING Z ((440529.1464 4476937.6131 0,440533.8131 4476923.1687 0))",2357357,Verde,Línea,3
"MULTILINESTRING Z ((440817.3316 4476904.5761 0,440822.3686 4476904.2057 0))",2357391,Verde,Línea,1
"MULTILINESTRING Z ((440773.328 4477023.6408 0,440778.078 4477023.3908 0))",2357392,Verde,Línea,1
"MULTILINESTRING Z ((440845.8501 4476958.9464 0,440846.9242 4476974.2798 0))",2357394,Verde,Línea,3
"MULTILINESTRING Z ((440843.5291 4476926.6501 0,440842.4921 4476911.9341 0))",2357407,Verde,Línea,3
"MULTILINESTRING Z ((440891.1094 4477009.9464 0,440907.3686 4477008.8724 0))",2357416,Verde,Línea,3
"MULTILINESTRING Z ((442273.9057 4476676.7427 0,442271.9057 4476678.8261 0,442269.739 4476680.5761 0))",2357425,Verde,Línea,1
"MULTILINESTRING Z ((440965.3686 4476966.0946 0,440962.776 4476930.0946 0))",2357426,Verde,Línea,7
"MULTILINESTRING Z ((440976.828 4476999.4741 0,440973.328 4476951.4741 0))",2357438,Verde,Línea,10
"MULTILINESTRING Z ((440993.6279 4476895.0761 0,440984.1279 4476895.7983 0))",2357441,Verde,Línea,2
"MULTILINESTRING Z ((440988.9612 4477007.965 0,441002.1834 4477007.1316 0))",2357446,Verde,Línea,2
"MULTILINESTRING Z ((441083.4612 4476991.2983 0,441096.1279 4476982.465 0))",2357452,Verde,Línea,3
"MULTILINESTRING Z ((441099.9612 4476980.6872 0,441108.6834 4476977.0205 0))",2357454,Verde,Línea,2
"MULTILINESTRING Z ((441066.5214 4476955.1341 0,441068.0037 4476980.0367 0))",2357465,Verde,Batería,10
"MULTILINESTRING Z ((441076.1192 4476972.759 0,441070.8305 4476971.4726 0,441069.9728 4476961.181 0))",2357466,Verde,Batería,4
"MULTILINESTRING Z ((441088.5908 4476957.6501 0,441089.1464 4476964.465 0,441102.9983 4476958.7242 0))",2357494,Verde,Batería,5
"MULTILINESTRING Z ((441109.1834 4476897.2674 0,441110.1958 4476910.6995 0))",2357496,Verde,Línea,3
"MULTILINESTRING Z ((441118.239 4476896.2427 0,441118.8501 4476904.7427 0))",2357498,Verde,Batería,3
"MULTILINESTRING Z ((440932.6649 4479138.6255 0,440945.3563 4479134.4773 0))",2357500,Verde,Batería,6
"MULTILINESTRING Z ((440625.739 4478591.6872 0,440621.0723 4478576.3538 0))",2357511,Verde,Batería,6
"MULTILINESTRING Z ((439633.1834 4477754.3785 0,439643.2822 4477722.8724 0))",2357514,Verde,Línea,7
"MULTILINESTRING Z ((441228.828 4476951.7241 0,441242.4947 4476950.4741 0))",2357516,Verde,Línea,2
"MULTILINESTRING Z ((443325.3501 4476148.1872 0,443328.239 4476143.7427 0))",2357524,Verde,Línea,1
"MULTILINESTRING Z ((441975.9242 4476149.7613 0,441973.4057 4476149.9464 0))",2357526,Verde,Batería,1
"MULTILINESTRING Z ((440571.6773 4476803.9588 0,440573.1834 4476799.7859 0))",2357549,Verde,Línea,1
"MULTILINESTRING Z ((440808.2205 4476782.2798 0,440802.0353 4476782.7242 0))",2357563,Verde,Línea,1
"MULTILINESTRING Z ((440836.6031 4476788.3315 0,440837.3438 4476798.2821 0))",2357577,Verde,Línea,2
"MULTILINESTRING Z ((440918.4057 4476888.2798 0,440926.702 4476887.6872 0))",2357581,Verde,Batería,3
"MULTILINESTRING Z ((440954.489 4476852.4927 0,440953.239 4476837.6594 0))",2357584,Verde,Línea,2
"MULTILINESTRING Z ((440904.9057 4476775.3538 0,440917.2946 4476774.5205 0))",2357608,Verde,Línea,2
"MULTILINESTRING Z ((440967.9983 4476876.0576 0,440967.4057 4476868.1316 0))",2357611,Verde,Línea,1
"MULTILINESTRING Z ((441103.702 4476866.5267 0,441102.9118 4476855.3662 0))",2357628,Verde,Línea,2
"MULTILINESTRING Z ((441099.5168 4476767.6316 0,441102.1279 4476802.6872 0))",2357629,Verde,Línea,7
"MULTILINESTRING Z ((441169.8131 4476870.539 0,441187.702 4476869.2427 0))",2357645,Verde,Batería,6
"MULTILINESTRING Z ((441246.239 4476832.8538 0,441245.3501 4476821.7427 0))",2357651,Verde,Batería,4
"MULTILINESTRING Z ((441240.418 4476758.5761 0,441240.9859 4476766.0576 0))",2357654,Verde,Batería,3
"MULTILINESTRING Z ((441230.0723 4476752.0205 0,441207.0168 4476753.6872 0))",2357658,Verde,Línea,5
"MULTILINESTRING Z ((440621.2946 4476786.5761 0,440649.2946 4476784.539 0))",2357663,Verde,Línea,6
"MULTILINESTRING Z ((440654.8131 4476784.2057 0,440683.702 4476782.3168 0))",2357664,Verde,Línea,6
"MULTILINESTRING Z ((440749.0727 4476668.0547 0,440750.406 4476674.7214 0))",2357683,Verde,Línea,1
"MULTILINESTRING Z ((440831.9612 4476727.2427 0,440830.776 4476712.2057 0))",2357704,Verde,Línea,3
"MULTILINESTRING Z ((440827.739 4476711.7427 0,440826.4057 4476694.4094 0))",2357708,Verde,Línea,4
"MULTILINESTRING Z ((440923.906 4476765.138 0,440918.656 4476765.4714 0))",2357720,Verde,Línea,1
"MULTILINESTRING Z ((441092.2807 4476710.4511 0,441092.6557 4476715.3261 0))",2357739,Verde,Línea,1
"MULTILINESTRING Z ((441093.1279 4476679.1316 0,441092.2946 4476667.3538 0))",2357741,Verde,Línea,2
"MULTILINESTRING Z ((441090.7946 4476643.7983 0,441091.8501 4476661.3538 0))",2357743,Verde,Línea,3
"MULTILINESTRING Z ((441172.3522 4476633.8929 0,441156.8501 4476635.0761 0))",2357751,Azul,Línea,3
"MULTILINESTRING Z ((441237.5908 4476723.8353 0,441236.6279 4476711.3909 0))",2357756,Verde,Línea,2
"MULTILINESTRING Z ((441193.455 4476698.5185 0,441204.5003 4476697.5966 0))",2357760,Verde,Línea,2
"MULTILINESTRING Z ((441208.1711 4476697.3991 0,441217.1094 4476696.6748 0))",2357762,Verde,Línea,1
"MULTILINESTRING Z ((441109.4304 4476698.502 0,441115.6279 4476698.0329 0))",2357764,Verde,Línea,1
"MULTILINESTRING Z ((441165.8666 4476694.0082 0,441175.9571 4476693.2016 0))",2357765,Verde,Línea,2
"MULTILINESTRING Z ((441184.5908 4476692.502 0,441196.8625 4476691.5143 0))",2357766,Verde,Línea,3
"MULTILINESTRING Z ((441221.1368 4476686.8916 0,441228.5723 4476686.3261 0))",2357767,Verde,Línea,2
"MULTILINESTRING Z ((441337.1588 4476735.2674 0,441286.3192 4476738.9464 0))",2357770,Verde,Batería,18
"MULTILINESTRING Z ((441245.6855 4476677.3333 0,441244.7966 4476666.9958 0))",2357771,Verde,Línea,2
"MULTILINESTRING Z ((440318.8378 4477431.86 0,440329.1094 4477431.0699 0))",2357836,Verde,Línea,2
"MULTILINESTRING Z ((441154.4592 4476701.5473 0,441165.8172 4476700.6584 0))",2357841,Verde,Línea,2
"MULTILINESTRING Z ((441140.3686 4476702.6748 0,441151.6773 4476701.7859 0))",2357845,Verde,Línea,2
"MULTILINESTRING Z ((441125.1834 4476703.8353 0,441136.5662 4476702.9958 0))",2357846,Verde,Línea,2
"MULTILINESTRING Z ((441109.8748 4476704.9958 0,441121.8748 4476704.1069 0))",2357847,Verde,Línea,2
"MULTILINESTRING Z ((441216.0778 4476687.3196 0,441220.989 4476686.9094 0))",2357849,Verde,Línea,1
"MULTILINESTRING Z ((441013.6834 4477192.1316 0,441023.5168 4477191.465 0))",2357850,Verde,Línea,2
"MULTILINESTRING Z ((441247.6526 4476733.7366 0,441244.8378 4476699.6131 0))",2357851,Verde,Línea,7
"MULTILINESTRING Z ((440695.0353 4477411.9999 0,440685.4057 4477412.7407 0))",2357873,Verde,Línea,2
"MULTILINESTRING Z ((440719.9489 4477413.0452 0,440714.5415 4477413.4403 0))",2357880,Verde,Línea,1
"MULTILINESTRING Z ((441407.67 4478386.7248 0,441406.7533 4478376.2248 0))",2357911,Verde,Línea,2
"MULTILINESTRING Z ((441398.0353 4478286.3168 0,441399.2575 4478301.539 0))",2357913,Verde,Línea,4
"MULTILINESTRING Z ((441254.2946 4478621.144 0,441256.7884 4478620.9711 0))",2358035,Azul,Batería,1
"MULTILINESTRING Z ((441266.9249 4478321.8157 0,441266.6749 4478320.0657 0))",2358047,Verde,Batería,1
"MULTILINESTRING Z ((441237.5038 4478265.9796 0,441224.7538 4478266.9796 0))",2358048,Verde,Línea,2
"MULTILINESTRING Z ((441096.0916 4478476.8991 0,441095.6749 4478473.1491 0))",2358056,Azul,Línea,1
"MULTILINESTRING Z ((441119.8007 4478327.6378 0,441129.9242 4478326.5267 0))",2358066,Verde,Batería,4
"MULTILINESTRING Z ((441109.9205 4478279.7296 0,441102.1705 4478280.4796 0))",2358069,Verde,Batería,3
"MULTILINESTRING Z ((441079.8501 4478161.965 0,441080.4612 4478169.4094 0))",2358070,Azul,Línea,2
"MULTILINESTRING Z ((441052.0673 4477863.4223 0,441052.5348 4477870.0917 0))",2358072,Azul,Línea,1
"MULTILINESTRING Z ((441047.2582 4478544.4824 0,441052.1749 4478604.8157 0))",2358075,Verde,Línea,13
"MULTILINESTRING Z ((441055.9057 4478634.6872 0,441054.4612 4478616.9094 0))",2358077,Verde,Línea,4
"MULTILINESTRING Z ((441032.9249 4478357.5657 0,441034.1749 4478371.7324 0))",2358083,Verde,Línea,2
"MULTILINESTRING Z ((440923.0723 4478129.4927 0,440922.739 4478124.9094 0))",2358120,Verde,Batería,3
"MULTILINESTRING Z ((440905.6952 4477892.0064 0,440903.433 4477865.4525 0))",2358128,Verde,Línea,5
"MULTILINESTRING Z ((441034.9205 4477899.8963 0,441038.6705 4477946.8963 0))",2358129,Verde,Línea,10
"MULTILINESTRING Z ((440948.8372 4477851.8963 0,440965.3372 4477850.813 0))",2358130,Verde,Línea,3
"MULTILINESTRING Z ((440896.702 4477787.7242 0,440897.739 4477800.2427 0))",2358133,Verde,Línea,2
"MULTILINESTRING Z ((440914.6705 4477806.1463 0,440913.8372 4477796.1463 0))",2358134,Verde,Línea,2
"MULTILINESTRING Z ((440885.6771 4477661.5661 0,440887.0475 4477676.7142 0))",2358142,Verde,Línea,3
"MULTILINESTRING Z ((440912.8501 4478514.0205 0,440897.1279 4478515.2427 0))",2358152,Verde,Batería,6
"MULTILINESTRING Z ((440896.4797 4478512.0205 0,440912.4268 4478510.8039 0))",2358153,Verde,Batería,6
"MULTILINESTRING Z ((440875.0723 4478408.3909 0,440876.9612 4478430.3538 0))",2358154,Verde,Línea,5
"MULTILINESTRING Z ((440882.6749 4478407.2324 0,440885.8416 4478450.8157 0))",2358155,Verde,Línea,9
"MULTILINESTRING Z ((440880.3933 4478381.5637 0,440880.7637 4478386.2798 0))",2358159,Verde,Línea,1
"MULTILINESTRING Z ((440892.4839 4478385.1193 0,440892.1053 4478380.2962 0))",2358160,Verde,Línea,1
"MULTILINESTRING Z ((440851.5538 4478655.6872 0,440852.2946 4478657.9094 0))",2358176,Verde,Batería,1
"MULTILINESTRING Z ((440847.9249 4478644.8991 0,440842.7582 4478629.5657 0,440841.9249 4478618.8157 0))",2358178,Verde,Batería,10
"MULTILINESTRING Z ((440832.7582 4478555.5657 0,440830.4249 4478527.9824 0))",2358179,Verde,Línea,5
"MULTILINESTRING Z ((440758.2946 4478519.7427 0,440759.6279 4478524.2427 0))",2358193,Verde,Línea,1
"MULTILINESTRING Z ((440792.3316 4478156.0576 0,440793.1834 4478166.3909 0))",2358242,Verde,Batería,3
"MULTILINESTRING Z ((440801.1557 4478078.9927 0,440801.8223 4478090.6594 0))",2358244,Verde,Línea,2
"MULTILINESTRING Z ((440803.0872 4478078.313 0,440802.0038 4478063.4796 0))",2358247,Verde,Línea,3
"MULTILINESTRING Z ((440849.4427 4478034.2798 0,440856.8131 4478033.6872 0))",2358249,Azul,Batería,2
"MULTILINESTRING Z ((440742.8871 4478046.5514 0,440768.739 4478044.4032 0))",2358251,Azul,Línea,5
"MULTILINESTRING Z ((440768.8871 4478042.0329 0,440775.9736 4478041.4156 0))",2358252,Azul,Línea,1
"MULTILINESTRING Z ((440784.6705 4478011.7296 0,440784.2538 4478007.3963 0))",2358254,Azul,Línea,1
"MULTILINESTRING Z ((440777.6144 4477919.1391 0,440778.1668 4477926.73 0))",2358259,Verde,Batería,3
"MULTILINESTRING Z ((440723.5897 4477901.1084 0,440724.6722 4477914.5429 0))",2358262,Verde,Línea,3
"MULTILINESTRING Z ((440724.9419 4477919.2767 0,440724.6108 4477914.7359 0))",2358263,Verde,Línea,1
"MULTILINESTRING Z ((440713.7826 4477771.0426 0,440716.6506 4477810.3753 0))",2358265,Verde,Línea,8
"MULTILINESTRING Z ((440733.3686 4477813.7613 0,440737.8131 4477813.4279 0))",2358266,Verde,Línea,1
"MULTILINESTRING Z ((440772.3369 4477843.4697 0,440772.5278 4477846.2069 0))",2358268,Verde,Batería,1
"MULTILINESTRING Z ((440795.1705 4477911.3963 0,440809.9205 4477910.063 0))",2358296,Verde,Batería,5
"MULTILINESTRING Z ((440714.6661 4477733.4769 0,440726.9161 4477732.7269 0))",2358314,Verde,Línea,2
"MULTILINESTRING Z ((440770.5828 4477631.2685 0,440769.4578 4477616.2685 0))",2358317,Azul,Línea,3
"MULTILINESTRING Z ((440749.9489 4477585.7613 0,440751.9983 4477610.9218 0))",2358329,Verde,Batería,10
"MULTILINESTRING Z ((440859.3416 4478312.7324 0,440870.3416 4478312.0657 0))",2358363,Verde,Línea,2
"MULTILINESTRING Z ((440859.8501 4478320.7613 0,440864.702 4478320.502 0))",2358365,Verde,Línea,1
"MULTILINESTRING Z ((440707.0872 4477972.7574 0,440721.1983 4477971.5907 0))",2358366,Verde,Línea,3
"MULTILINESTRING Z ((440650.971 4477912.6302 0,440650.3987 4477905.3725 0))",2358403,Verde,Línea,1
"MULTILINESTRING Z ((440618.239 4477985.1316 0,440631.0307 4477983.4511 0))",2358404,Verde,Línea,2
"MULTILINESTRING Z ((440578.2946 4477902.1563 0,440583.5785 4477901.5473 0))",2358410,Azul,Línea,1
"MULTILINESTRING Z ((440532.2946 4477920.5514 0,440545.8007 4477918.8477 0))",2358414,Verde,Batería,4
"MULTILINESTRING Z ((440647.4943 4477868.7624 0,440644.5406 4477830.7441 0))",2358418,Verde,Línea,8
"MULTILINESTRING Z ((440642.9206 4477802.7176 0,440644.046 4477815.2259 0))",2358432,Verde,Línea,2
"MULTILINESTRING Z ((440645.3563 4477735.218 0,440652.9612 4477734.6748 0))",2358433,Verde,Batería,2
"MULTILINESTRING Z ((440683.5723 4478171.6872 0,440680.739 4478152.965 0))",2358434,Verde,Batería,8
"MULTILINESTRING Z ((440685.8372 4478181.7296 0,440684.9205 4478172.9796 0))",2358435,Verde,Línea,1
"MULTILINESTRING Z ((440648.3372 4478195.563 0,440652.0038 4478226.8963 0))",2358440,Verde,Línea,6
"MULTILINESTRING Z ((440654.5415 4478258.181 0,440655.2822 4478264.7736 0))",2358444,Verde,Línea,1
"MULTILINESTRING Z ((440678.2409 4478295.492 0,440674.0763 4478296.0188 0))",2358453,Verde,Línea,1
"MULTILINESTRING Z ((440702.208 4478360.3315 0,440688.0022 4478362.5538 0))",2358466,Verde,Línea,3
"MULTILINESTRING Z ((440647.4549 4478368.8624 0,440652.4179 4478368.0846 0))",2358471,Verde,Línea,1
"MULTILINESTRING Z ((440644.7882 4478369.2698 0,440638.0475 4478370.3439 0))",2358472,Verde,Línea,1
"MULTILINESTRING Z ((440566.2122 4478094.0466 0,440577.5374 4478091.0617 0))",2358474,Verde,Línea,2
"MULTILINESTRING Z ((440622.5168 4478574.8538 0,440621.6834 4478572.1872 0))",2358485,Verde,Batería,1
"MULTILINESTRING Z ((440589.6834 4478421.3538 0,440593.739 4478438.2427 0))",2358503,Verde,Línea,3
"MULTILINESTRING Z ((440587.2582 4478410.2324 0,440583.9249 4478397.2324 0))",2358504,Verde,Línea,3
"MULTILINESTRING Z ((440574.5168 4478387.8538 0,440576.6834 4478397.1316 0))",2358505,Verde,Batería,4
"MULTILINESTRING Z ((440569.7582 4478358.3157 0,440568.6749 4478354.2324 0))",2358507,Verde,Batería,2
"MULTILINESTRING Z ((440584.4921 4478542.0576 0,440591.6526 4478539.9588 0))",2358512,Verde,Línea,1
"MULTILINESTRING Z ((440532.6749 4478507.4824 0,440530.7582 4478501.3991 0))",2358515,Verde,Línea,1
"MULTILINESTRING Z ((440552.0723 4478309.7242 0,440540.0723 4478311.0205 0))",2358516,Verde,Línea,2
"MULTILINESTRING Z ((440408.5921 4478323.4872 0,440422.5921 4478321.9039 0))",2358518,Verde,Línea,2
"MULTILINESTRING Z ((440552.7538 4478252.2296 0,440555.5872 4478263.063 0))",2358521,Verde,Línea,2
"MULTILINESTRING Z ((440546.3372 4478222.813 0,440542.2538 4478206.063 0))",2358532,Verde,Línea,4
"MULTILINESTRING Z ((440510.776 4478085.0576 0,440512.702 4478092.3538 0))",2358540,Verde,Batería,3
"MULTILINESTRING Z ((440474.6031 4478117.9447 0,440489.0722 4478114.1587 0))",2358544,Verde,Línea,3
"MULTILINESTRING Z ((440554.1705 4477905.063 0,440543.1705 4477906.3963 0))",2358548,Azul,Línea,2
"MULTILINESTRING Z ((440522.5085 4477919.0946 0,440524.7308 4477918.8641 0))",2358550,Verde,Batería,1
"MULTILINESTRING Z ((440507.0872 4477918.563 0,440511.2538 4477918.063 0))",2358551,Verde,Línea,1
"MULTILINESTRING Z ((440502.936 4477911.959 0,440494.6657 4477913.1828 0))",2358554,Azul,Línea,1
"MULTILINESTRING Z ((440497.566 4477777.8254 0,440498.1216 4477775.3439 0,440497.3068 4477764.1957 0))",2358557,Verde,Línea,2
"MULTILINESTRING Z ((440539.4427 4477653.2798 0,440555.702 4477654.0946 0))",2358563,Verde,Línea,3
"MULTILINESTRING Z ((440549.4057 4477740.5761 0,440556.8871 4477740.0946 0))",2358574,Verde,Línea,1
"MULTILINESTRING Z ((440597.0916 4478615.7741 0,440579.3416 4478618.7741 0))",2358579,Verde,Línea,4
"MULTILINESTRING Z ((440511.5127 4478561.3991 0,440515.9406 4478560.0987 0))",2358580,Verde,Línea,1
"MULTILINESTRING Z ((440466.2327 4478486.4056 0,440460.3068 4478487.9118 0))",2358621,Verde,Línea,1
"MULTILINESTRING Z ((440424.8501 4478436.6316 0,440439.1557 4478434.7011 0))",2358624,Verde,Línea,2
"MULTILINESTRING Z ((440470.3604 4478108.5102 0,440474.8213 4478107.358 0))",2358630,Verde,Batería,2
"MULTILINESTRING Z ((440479.0872 4477991.813 0,440486.2538 4477991.6463 0))",2358632,Verde,Línea,1
"MULTILINESTRING Z ((440463.5872 4477931.7817 0,440467.9264 4477950.5845 0))",2358633,Verde,Línea,4
"MULTILINESTRING Z ((440449.8372 4477926.813 0,440428.421 4477930.2344 0))",2358636,Verde,Línea,4
"MULTILINESTRING Z ((440418.7637 4477931.8106 0,440422.5415 4477931.1934 0))",2358637,Verde,Línea,1
"MULTILINESTRING Z ((440636.5415 4478618.0576 0,440639.3069 4478627.5143 0))",2358646,Verde,Línea,2
"MULTILINESTRING Z ((439076.5991 4477554.4252 0,439079.0902 4477557.2016 0))",2358666,Verde,Línea,1
"MULTILINESTRING Z ((439059.6882 4477533.3113 0,439073.8666 4477551.0123 0))",2358668,Verde,Línea,5
"MULTILINESTRING Z ((439004.2534 4477440.3127 0,439009.0929 4477439.2757 0))",2358681,Verde,Línea,1
"MULTILINESTRING Z ((439187.595 4477394.4362 0,439175.7267 4477396.9711 0))",2358690,Verde,Línea,2
"MULTILINESTRING Z ((439221.1834 4477388.9958 0,439226.1958 4477388.6501 0))",2358696,Verde,Línea,1
"MULTILINESTRING Z ((439376.3357 4477413.5802 0,439376.7637 4477421.0534 0))",2358697,Verde,Línea,1
"MULTILINESTRING Z ((439391.6834 4477385.3538 0,439434.4057 4477382.5205 0))",2358698,Verde,Línea,8
"MULTILINESTRING Z ((439391.4633 4477376.3785 0,439403.6937 4477375.5555 0))",2358699,Verde,Línea,2
"MULTILINESTRING Z ((439410.1299 4477375.1275 0,439414.9859 4477374.7983 0))",2358701,Verde,Línea,1
"MULTILINESTRING Z ((439728.4797 4477508.0576 0,439690.6279 4477496.1316 0))",2358703,Verde,Línea,8
"MULTILINESTRING Z ((439671.1834 4477489.9835 0,439680.8871 4477493.0576 0))",2358704,Verde,Línea,2
"MULTILINESTRING Z ((439032.1711 4477372.9547 0,439036.1711 4477367.4732 0))",2358709,Verde,Línea,1
"MULTILINESTRING Z ((438994.776 4477247.0946 0,438995.4427 4477247.0946 0,438997.5168 4477246.8353 0,439093.2946 4477234.6501 0))",2358725,Verde,Línea,20
"MULTILINESTRING Z ((439184.1107 4477270.5953 0,439186.2507 4477275.8298 0,439189.3343 4477282.7654 0,439196.4235 4477295.133 0))",2358778,Verde,Línea,5
"MULTILINESTRING Z ((439396.4015 4477265.1961 0,439398.9256 4477265.0205 0))",2358840,Verde,Batería,1
"MULTILINESTRING Z ((441004.0828 4477611.5602 0,441002.8328 4477598.5602 0))",2358863,Verde,Línea,3
"MULTILINESTRING Z ((439440.2946 4477363.8538 0,439438.5723 4477339.7427 0))",2358880,Azul,Línea,5
"MULTILINESTRING Z ((439456.989 4477373.6594 0,439537.3223 4477368.0761 0))",2358897,Verde,Línea,16
"MULTILINESTRING Z ((439259.7102 4477151.7366 0,439244.6485 4477152.5432 0))",2358917,Azul,Línea,3
"MULTILINESTRING Z ((439349.5908 4477245.4279 0,439343.4427 4477155.9464 0))",2358925,Verde,Línea,19
"MULTILINESTRING Z ((439259.7925 4476991.5226 0,439264.2369 4476995.4238 0))",2358958,Verde,Batería,2
"MULTILINESTRING Z ((439262.0723 4477007.86 0,439336.6402 4477072.6008 0))",2358964,Verde,Línea,20
"MULTILINESTRING Z ((439524.9365 4476991.9341 0,439536.1711 4476991.3168 0))",2359000,Verde,Batería,4
"MULTILINESTRING Z ((439499.5291 4476990.3292 0,439523.6032 4476989.0205 0))",2359001,Verde,Batería,9
"MULTILINESTRING Z ((439571.8995 4477089.7613 0,439570.9859 4477075.9835 0))",2359005,Azul,Línea,3
"MULTILINESTRING Z ((439573.2575 4477075.1193 0,439572.4427 4477060.7489 0))",2359006,Azul,Línea,3
"MULTILINESTRING Z ((441020.6679 4477761.242 0,441022.2512 4477781.0754 0))",2359007,Verde,Línea,4
"MULTILINESTRING Z ((441025.2575 4477781.2798 0,441026.3686 4477794.2057 0))",2359008,Verde,Línea,2
"MULTILINESTRING Z ((439569.0929 4477047.0123 0,439565.7843 4476996.2633 0))",2359010,Azul,Línea,11
"MULTILINESTRING Z ((439569.6526 4477055.6707 0,439569.3892 4477051.6213 0))",2359012,Azul,Línea,1
"MULTILINESTRING Z ((439569.3892 4477051.3909 0,439569.1094 4477047.1604 0))",2359014,Azul,Línea,1
"MULTILINESTRING Z ((441043.0872 4478071.7574 0,441044.7538 4478091.7018 0))",2359015,Verde,Línea,4
"MULTILINESTRING Z ((441054.4205 4478145.813 0,441050.1705 4478091.313 0))",2359016,Verde,Línea,8
"MULTILINESTRING Z ((439247.0353 4476865.465 0,439258.0147 4476874.9794 0))",2359018,Azul,Línea,3
"MULTILINESTRING Z ((439265.2301 4476850.7325 0,439259.5785 4476845.8271 0))",2359021,Verde,Línea,1
"MULTILINESTRING Z ((439342.2946 4476851.5884 0,439343.4304 4476850.2798 0,439343.8748 4476849.5637 0,439344.1711 4476848.7489 0,439344.2946 4476847.5637 0,439342.9365 4476826.7736 0))",2359033,Verde,Línea,5
"MULTILINESTRING Z ((439441.7267 4476914.7983 0,439439.6279 4476877.3662 0))",2359036,Verde,Batería,15
"MULTILINESTRING Z ((441947.1079 4480857.5669 0,441951.7746 4480856.5669 0))",2359047,Azul,Línea,1
"MULTILINESTRING Z ((441980.9412 4480850.1503 0,441960.9412 4480854.6503 0))",2359050,Azul,Línea,5
"MULTILINESTRING Z ((441988.6912 4480840.7336 0,441984.7746 4480817.3169 0,441982.2746 4480802.5669 0,441980.1035 4480789.8975 0,441978.4369 4480779.6475 0))",2359053,Verde,Línea,13
"MULTILINESTRING Z ((441975.4612 4480762.6872 0,441968.739 4480722.9094 0))",2359057,Verde,Línea,10
"MULTILINESTRING Z ((441998.4057 4480767.502 0,441995.9612 4480752.2057 0))",2359062,Verde,Línea,3
"MULTILINESTRING Z ((442572.9118 4475996.8724 0,442567.5291 4475997.2427 0))",2359063,Azul,Línea,1
"MULTILINESTRING Z ((442541.6361 4476001.4814 0,442556.0065 4476000.3292 0))",2359066,Azul,Línea,3
"MULTILINESTRING Z ((442007.4369 4480757.0642 0,442006.3535 4480751.1475 0))",2359067,Verde,Línea,1
"MULTILINESTRING Z ((442012.4785 4480776.6475 0,442032.1035 4480773.1475 0,442032.2285 4480773.1475 0))",2359068,Verde,Línea,4
"MULTILINESTRING Z ((442013.8535 4480784.1475 0,442033.4785 4480780.5225 0))",2359069,Verde,Línea,4
"MULTILINESTRING Z ((442013.4829 4480814.0253 0,442008.9785 4480787.7725 0))",2359071,Verde,Línea,6
"MULTILINESTRING Z ((442010.3223 4480835.9094 0,442001.4057 4480784.3261 0))",2359073,Verde,Línea,12
"MULTILINESTRING Z ((441968.3316 4480867.502 0,441957.8131 4480869.7242 0))",2359077,Verde,Línea,2
"MULTILINESTRING Z ((441962.9612 4480960.7983 0,441963.4612 4480963.3538 0))",2359085,Verde,Batería,1
"MULTILINESTRING Z ((441970.3501 4480995.2427 0,441971.6279 4481001.2983 0))",2359087,Verde,Batería,2
"MULTILINESTRING Z ((441975.0168 4481017.2427 0,441976.2946 4481023.4094 0))",2359088,Verde,Batería,2
"MULTILINESTRING Z ((441911.4614 4481122.1581 0,441907.901 4481103.7371 0))",2359107,Verde,Batería,8
"MULTILINESTRING Z ((441896.9057 4481133.9511 0,441890.4057 4481105.2011 0))",2359110,Azul,Batería,13
"MULTILINESTRING Z ((442000.8223 4481165.6594 0,441999.9057 4481160.9094 0))",2359121,Verde,Batería,2
"MULTILINESTRING Z ((442005.6834 4481165.2983 0,442011.5168 4481192.2983 0))",2359122,Verde,Línea,6
"MULTILINESTRING Z ((442020.6279 4481233.6316 0,442012.1279 4481195.1316 0))",2359123,Verde,Línea,8
"MULTILINESTRING Z ((442050.6279 4481283.1872 0,442038.6279 4481285.6872 0))",2359128,Verde,Línea,2
"MULTILINESTRING Z ((441992.9057 4481307.5761 0,442053.1834 4481294.9094 0))",2359129,Verde,Línea,13
"MULTILINESTRING Z ((441949.4612 4481295.1872 0,441944.9612 4481274.965 0))",2359140,Verde,Batería,8
"MULTILINESTRING Z ((441933.0723 4481300.8261 0,441930.1557 4481287.5761 0))",2359141,Azul,Batería,5
"MULTILINESTRING Z ((441928.8223 4481280.9094 0,441927.6557 4481275.9094 0))",2359142,Azul,Batería,2
"MULTILINESTRING Z ((441927.239 4481273.5761 0,441919.489 4481238.2427 0))",2359144,Azul,Batería,14
"MULTILINESTRING Z ((441943.7285 4480672.3975 0,441933.7285 4480674.5225 0,441930.1035 4480674.8975 0,441919.8535 4480674.8975 0))",2359149,Verde,Línea,5
"MULTILINESTRING Z ((441859.9057 4480621.3261 0,441848.989 4480622.5761 0))",2359156,Verde,Línea,2
"MULTILINESTRING Z ((441942.6279 4480618.0576 0,441940.1094 4480612.9464 0))",2359160,Verde,Línea,1
"MULTILINESTRING Z ((441829.7946 4480588.5205 0,441902.4057 4480573.465 0))",2359162,Verde,Línea,16
"MULTILINESTRING Z ((441821.5021 4480590.1258 0,441801.929 4480594.3143 0))",2359163,Verde,Línea,4
"MULTILINESTRING Z ((441830.8223 4480537.8261 0,441811.3223 4480541.9927 0))",2359164,Verde,Línea,4
"MULTILINESTRING Z ((441794.0723 4480537.4927 0,441810.239 4480533.9927 0))",2359166,Verde,Línea,3
"MULTILINESTRING Z ((441815.739 4480532.7983 0,441826.9057 4480530.5205 0))",2359167,Verde,Línea,2
"MULTILINESTRING Z ((441869.1094 4480466.6131 0,441876.1094 4480481.0576 0))",2359172,Verde,Línea,3
"MULTILINESTRING Z ((441763.4057 4480441.6594 0,441804.9057 4480432.5761 0))",2359177,Verde,Línea,9
"MULTILINESTRING Z ((441792.6649 4480428.0576 0,441776.702 4480431.465 0))",2359179,Verde,Línea,3
"MULTILINESTRING Z ((441803.9612 4480425.6501 0,441793.2946 4480427.9094 0))",2359180,Verde,Línea,2
"MULTILINESTRING Z ((441838.4612 4480418.2983 0,441826.7946 4480420.7983 0))",2359181,Verde,Línea,2
"MULTILINESTRING Z ((441870.4785 4480395.0225 0,441863.8535 4480364.0225 0))",2359195,Verde,Línea,6
"MULTILINESTRING Z ((441851.6834 4480308.9094 0,441852.7946 4480314.5761 0))",2359196,Verde,Línea,1
"MULTILINESTRING Z ((441843.1557 4480270.6594 0,441849.4057 4480298.5761 0))",2359197,Verde,Línea,6
"MULTILINESTRING Z ((441846.1869 4480318.9809 0,441835.4325 4480272.0615 0))",2359199,Verde,Línea,10
"MULTILINESTRING Z ((441944.9612 4480381.1687 0,441988.9983 4480367.502 0))",2359202,Verde,Línea,10
"MULTILINESTRING Z ((441997.989 4480362.4094 0,441998.9057 4480360.5761 0,441999.5723 4480357.4927 0,441999.489 4480354.4927 0,441995.1557 4480344.8261 0))",2359203,Verde,Línea,7
"MULTILINESTRING Z ((442107.239 4479874.9094 0,442109.8223 4479883.8261 0))",2359206,Verde,Línea,2
"MULTILINESTRING Z ((442110.989 4479887.9094 0,442112.6557 4479893.8261 0))",2359207,Verde,Línea,1
"MULTILINESTRING Z ((442116.739 4479907.4927 0,442118.239 4479912.4927 0))",2359210,Verde,Línea,1
"MULTILINESTRING Z ((442119.489 4479917.3261 0,442121.0723 4479922.5761 0))",2359212,Verde,Línea,1
"MULTILINESTRING Z ((442122.489 4479927.0761 0,442124.6557 4479934.3261 0,442135.5723 4479978.9094 0,442145.9057 4480020.4094 0,442147.489 4480026.1594 0))",2359213,Verde,Línea,21
"MULTILINESTRING Z ((442219.0723 4480120.7427 0,442206.4057 4480111.2427 0))",2359221,Verde,Línea,2
"MULTILINESTRING Z ((442202.9057 4480101.1594 0,442207.9057 4480105.0761 0))",2359223,Verde,Línea,1
"MULTILINESTRING Z ((442197.239 4480091.2427 0,442196.1557 4480070.9927 0))",2359228,Verde,Línea,4
"MULTILINESTRING Z ((442189.8371 4479927.3577 0,442188.466 4479896.3807 0))",2359235,Verde,Línea,6
"MULTILINESTRING Z ((442176.1825 4479870.6448 0,442166.0992 4479869.7281 0))",2359241,Azul,Línea,2
"MULTILINESTRING Z ((442127.4325 4479862.8948 0,442165.1825 4479866.8948 0))",2359243,Azul,Línea,8
"MULTILINESTRING Z ((441739.8223 4480283.4094 0,441731.239 4480285.1594 0))",2359245,Verde,Línea,1
"MULTILINESTRING Z ((441802.6649 4480269.6131 0,441787.9612 4480273.0946 0))",2359247,Verde,Línea,3
"MULTILINESTRING Z ((441806.739 4480252.823 0,441803.2081 4480237.0699 0))",2359257,Verde,Línea,3
"MULTILINESTRING Z ((441794.2205 4480182.1069 0,441795.3563 4480187.1687 0))",2359265,Verde,Línea,1
"MULTILINESTRING Z ((442122.776 4478092.2427 0,442134.5168 4478086.0576 0))",2359282,Verde,Línea,2
"MULTILINESTRING Z ((442142.1629 4478082.2551 0,442149.2575 4478078.716 0))",2359283,Verde,Línea,1
"MULTILINESTRING Z ((442063.0847 4478069.7119 0,442071.381 4478065.5637 0))",2359294,Verde,Línea,2
"MULTILINESTRING Z ((442160.0818 4478011.745 0,442157.8596 4478007.0783 0))",2359303,Verde,Línea,1
"MULTILINESTRING Z ((442149.7543 4477995.928 0,442155.3361 4478007.3778 0))",2359305,Verde,Línea,2
"MULTILINESTRING Z ((441695.8131 4480137.3538 0,441699.9983 4480136.3538 0,441738.5538 4480128.2057 0))",2359311,Verde,Línea,9
"MULTILINESTRING Z ((441774.4325 4480120.2281 0,441741.1825 4480127.7281 0))",2359312,Verde,Línea,7
"MULTILINESTRING Z ((441771.989 4480093.0761 0,441775.1557 4480107.4927 0))",2359316,Verde,Línea,4
"MULTILINESTRING Z ((441757.2946 4480027.3538 0,441760.0353 4480040.0205 0))",2359319,Verde,Línea,3
"MULTILINESTRING Z ((441753.4427 4480023.2427 0,441728.9242 4480028.7613 0))",2359320,Verde,Línea,5
"MULTILINESTRING Z ((441693.6557 4480036.6594 0,441716.9057 4480031.4094 0))",2359321,Verde,Línea,5
"MULTILINESTRING Z ((441723.6773 4480022.5514 0,441749.7267 4480016.8477 0))",2359326,Verde,Línea,5
"MULTILINESTRING Z ((441742.1464 4479982.7613 0,441739.2205 4479978.6872 0))",2359328,Verde,Batería,2
"MULTILINESTRING Z ((441698.3501 4479921.0761 0,441697.5723 4479920.1316 0,441695.239 4479918.0205 0,441692.7946 4479916.8538 0,441689.3501 4479916.5761 0,441686.6279 4479917.2427 0))",2359331,Verde,Línea,3
"MULTILINESTRING Z ((441686.6279 4479919.5205 0,441672.9057 4479922.5205 0))",2359332,Verde,Línea,3
"MULTILINESTRING Z ((441805.739 4479852.1316 0,441810.5908 4479832.0946 0))",2359342,Verde,Línea,4
"MULTILINESTRING Z ((441775.5908 4479975.6872 0,441778.4427 4479963.9464 0))",2359344,Verde,Línea,2
"MULTILINESTRING Z ((441822.7946 4479858.465 0,441833.5723 4479814.4094 0,441836.5168 4479802.7427 0))",2359345,Azul,Línea,11
"MULTILINESTRING Z ((441799.4427 4479966.465 0,441797.5908 4479974.3909 0))",2359350,Azul,Línea,1
"MULTILINESTRING Z ((441847.1557 4479797.0761 0,441858.3223 4479800.1594 0))",2359352,Azul,Línea,3
"MULTILINESTRING Z ((441889.9612 4479811.2983 0,441894.9057 4479812.5205 0))",2359355,Azul,Línea,1
"MULTILINESTRING Z ((441895.7946 4479812.6872 0,441905.6834 4479815.1316 0))",2359357,Azul,Línea,2
"MULTILINESTRING Z ((441959.8223 4479825.5761 0,441942.1557 4479821.3261 0))",2359360,Azul,Línea,3
"MULTILINESTRING Z ((441968.5992 4479898.1448 0,441971.0159 4479932.4781 0))",2359366,Verde,Línea,8
"MULTILINESTRING Z ((441978.5723 4480040.3261 0,441977.3223 4480022.9094 0))",2359372,Verde,Línea,4
"MULTILINESTRING Z ((441827.0159 4479874.1448 0,441890.4325 4479890.8115 0,441895.5992 4479891.4781 0,441959.1825 4479889.4781 0))",2359373,Verde,Línea,29
"MULTILINESTRING Z ((441843.6825 4479885.8115 0,441848.2659 4479886.8948 0))",2359379,Verde,Línea,1
"MULTILINESTRING Z ((441864.239 4479890.9094 0,441885.0723 4479896.5761 0))",2359381,Verde,Línea,4
"MULTILINESTRING Z ((441904.4965 4479898.2744 0,441914.5805 4479897.8742 0))",2359384,Verde,Línea,2
"MULTILINESTRING Z ((441921.6557 4479897.7427 0,441926.9057 4479897.5761 0))",2359386,Verde,Línea,1
"MULTILINESTRING Z ((441888.9057 4479932.6594 0,441889.3223 4479944.3261 0))",2359399,Verde,Línea,2
"MULTILINESTRING Z ((441891.1557 4480001.9927 0,441891.739 4480013.5761 0))",2359402,Verde,Línea,2
"MULTILINESTRING Z ((441898.0992 4480007.5615 0,441897.4325 4479981.3948 0,441896.6825 4479963.3948 0,441896.0992 4479948.3115 0))",2359405,Verde,Línea,12
"MULTILINESTRING Z ((441895.4612 4479931.2983 0,441895.3501 4479925.965 0))",2359406,Verde,Línea,1
"MULTILINESTRING Z ((441902.5992 4480057.4781 0,441917.5992 4480056.3115 0))",2359409,Verde,Línea,3
"MULTILINESTRING Z ((441972.4057 4480059.4094 0,441938.239 4480061.9094 0))",2359410,Verde,Línea,7
"MULTILINESTRING Z ((441887.9057 4480060.5761 0,441871.4057 4480072.6594 0))",2359413,Verde,Línea,4
"MULTILINESTRING Z ((441850.8492 4480089.9781 0,441866.9325 4480078.4781 0))",2359414,Verde,Línea,4
"MULTILINESTRING Z ((441801.0723 4480033.3261 0,441817.739 4480056.4094 0))",2359420,Verde,Línea,5
"MULTILINESTRING Z ((441808.7946 4480074.1316 0,441799.9612 4480062.1316 0))",2359421,Verde,Línea,2
"MULTILINESTRING Z ((441803.4325 4480075.2281 0,441806.0159 4480087.0615 0))",2359427,Verde,Batería,4
"MULTILINESTRING Z ((441798.8492 4480102.2281 0,441790.0992 4480062.3948 0))",2359430,Verde,Línea,8
"MULTILINESTRING Z ((441793.0106 4480176.6008 0,441790.5168 4480165.4403 0))",2359439,Verde,Línea,2
"MULTILINESTRING Z ((441790.1958 4480163.9835 0,441785.8007 4480144.181 0))",2359440,Verde,Línea,4
"MULTILINESTRING Z ((441813.739 4480125.4094 0,441811.239 4480112.5761 0,441811.239 4480111.9927 0))",2359441,Verde,Línea,3
"MULTILINESTRING Z ((441814.9325 4480174.2281 0,441805.5159 4480132.2281 0,441800.0159 4480107.9781 0))",2359442,Verde,Línea,14
"MULTILINESTRING Z ((441817.489 4480153.5761 0,441811.9057 4480128.3261 0))",2359443,Verde,Línea,6
"MULTILINESTRING Z ((441817.8492 4480155.3115 0,441820.0159 4480164.9781 0))",2359444,Verde,Línea,2
"MULTILINESTRING Z ((441879.489 4480178.7427 0,441888.0723 4480190.8261 0))",2359449,Verde,Línea,2
"MULTILINESTRING Z ((441882.239 4480176.0761 0,441875.489 4480166.9094 0))",2359450,Verde,Línea,2
"MULTILINESTRING Z ((441850.2659 4480101.3948 0,441856.1825 4480109.4781 0))",2359452,Verde,Línea,2
"MULTILINESTRING Z ((441875.0723 4480135.1872 0,441870.5723 4480129.5761 0))",2359453,Verde,Línea,1
"MULTILINESTRING Z ((441922.3501 4480201.1872 0,441925.0723 4480204.965 0))",2359457,Verde,Línea,2
"MULTILINESTRING Z ((441982.5168 4480091.2427 0,441981.9057 4480081.1316 0))",2359494,Verde,Línea,2
"MULTILINESTRING Z ((441983.1557 4480097.1594 0,441984.0723 4480112.3261 0))",2359495,Verde,Línea,3
"MULTILINESTRING Z ((442010.5992 4479874.9781 0,442010.0992 4479849.7281 0))",2359498,Verde,Línea,6
"MULTILINESTRING Z ((442231.5723 4479880.4927 0,442231.3223 4479886.8261 0))",2359515,Verde,Línea,1
"MULTILINESTRING Z ((442231.3223 4479891.1594 0,442230.9057 4479912.5761 0))",2359516,Verde,Línea,4
"MULTILINESTRING Z ((442231.1557 4479891.0761 0,442230.8223 4479912.7427 0))",2359521,Verde,Línea,4
"MULTILINESTRING Z ((442230.0723 4479933.2427 0,442229.5723 4479951.7427 0))",2359523,Verde,Línea,3
"MULTILINESTRING Z ((442238.334 4479920.6545 0,442237.3691 4479957.9285 0))",2359524,Verde,Línea,8
"MULTILINESTRING Z ((442240.2242 4480000.0198 0,442245.0992 4479997.1448 0,442248.8492 4479992.3948 0,442250.5992 4479989.0198 0))",2359529,Verde,Batería,7
"MULTILINESTRING Z ((442216.4977 4479990.7845 0,442218.3258 4479993.9076 0,442221.1442 4479996.726 0,442224.0388 4479998.935 0,442227.8475 4480000.3061 0))",2359530,Verde,Batería,6
"MULTILINESTRING Z ((442277.7242 4479975.6448 0,442276.4742 4479953.5198 0))",2359532,Verde,Línea,4
"MULTILINESTRING Z ((442289.239 4480151.4094 0,442289.489 4480158.9927 0))",2359535,Verde,Línea,1
"MULTILINESTRING Z ((442291.3223 4480161.3261 0,442304.989 4480160.5761 0))",2359536,Verde,Línea,3
"MULTILINESTRING Z ((442305.8492 4480170.6448 0,442285.4742 4480171.1448 0))",2359537,Verde,Batería,8
"MULTILINESTRING Z ((442267.989 4480189.7427 0,442266.6557 4480161.2427 0))",2359541,Verde,Línea,6
"MULTILINESTRING Z ((442235.5723 4480136.4094 0,442233.9612 4480142.5761 0))",2359543,Verde,Línea,1
"MULTILINESTRING Z ((442227.0723 4480126.6594 0,442222.0723 4480123.0761 0))",2359546,Verde,Línea,1
"MULTILINESTRING Z ((442233.3223 4480054.8261 0,442233.239 4480049.1594 0))",2359552,Verde,Línea,1
"MULTILINESTRING Z ((442231.2575 4480001.9094 0,442232.9612 4480044.2798 0))",2359553,Verde,Línea,9
"MULTILINESTRING Z ((442273.489 4479877.4927 0,442262.4057 4479876.4094 0))",2359555,Verde,Línea,2
"MULTILINESTRING Z ((442280.489 4479878.1594 0,442292.9057 4479879.3261 0))",2359556,Verde,Línea,2
"MULTILINESTRING Z ((442305.3223 4479880.5761 0,442366.989 4479886.6594 0))",2359559,Verde,Línea,13
"MULTILINESTRING Z ((442443.6784 4479884.6363 0,442445.345 4479895.3029 0))",2359560,Verde,Línea,2
"MULTILINESTRING Z ((442496.8452 4479880.6305 0,442522.4285 4479888.3805 0))",2359561,Verde,Batería,10
"MULTILINESTRING Z ((442662.3452 4480184.0055 0,442658.5952 4480184.7555 0,442616.8452 4480173.5055 0))",2359575,Azul,Línea,10
"MULTILINESTRING Z ((442603.4961 4480161.9798 0,442604.5365 4480161.8198 0,442612.1396 4480163.8206 0,442614.5405 4480164.3808 0,442615.5009 4480165.4212 0,442615.661 4480165.9814 0))",2359576,Azul,Batería,5
"MULTILINESTRING Z ((442694.9057 4479887.2427 0,442715.9612 4479879.0205 0))",2359579,Verde,Línea,4
"MULTILINESTRING Z ((442720.9057 4479876.8538 0,442751.1279 4479865.0761 0))",2359580,Verde,Línea,7
"MULTILINESTRING Z ((442832.8223 4479875.4927 0,442837.989 4479885.6594 0))",2359582,Verde,Línea,2
"MULTILINESTRING Z ((442846.9612 4479862.5761 0,442866.3501 4479900.5205 0))",2359583,Verde,Línea,9
"MULTILINESTRING Z ((443005.9747 4479970.7076 0,443002.8126 4479937.3479 0,443001.7849 4479926.755 0))",2359588,Verde,Línea,9
"MULTILINESTRING Z ((443007.9003 4479868.9062 0,443008.1344 4479881.2562 0))",2359592,Azul,Línea,2
"MULTILINESTRING Z ((443010.9057 4479856.9094 0,443011.239 4479868.0761 0))",2359593,Azul,Línea,2
"MULTILINESTRING Z ((443031.9564 4479844.0306 0,443015.919 4479844.3232 0,443013.4607 4479844.85 0,443011.4706 4479846.1377 0,443010.0074 4479847.3668 0,443009.1294 4479848.596 0,443008.1929 4479850.6446 0,443007.4905 4479851.9322 0,443007.3149 4479856.3806 0))",2359594,Azul,Línea,7
"MULTILINESTRING Z ((443037.3452 4479843.5055 0,443040.8452 4479843.6305 0,443042.2202 4479844.2555 0))",2359595,Azul,Línea,1
"MULTILINESTRING Z ((442976.9057 4479776.4094 0,442972.239 4479778.8261 0))",2359599,Azul,Línea,1
"MULTILINESTRING Z ((442942.0168 4479794.3538 0,442921.4057 4479804.7427 0))",2359602,Azul,Línea,5
"MULTILINESTRING Z ((443051.0375 4479851.5225 0,443053.9055 4479903.0297 0))",2359606,Azul,Línea,11
"MULTILINESTRING Z ((443067.239 4479792.4927 0,443063.1557 4479796.2427 0,443058.8223 4479801.1594 0,443055.5723 4479805.3261 0))",2359611,Azul,Batería,6
"MULTILINESTRING Z ((443110.4171 4479777.9492 0,443117.792 4479778.6516 0,443123.7621 4479779.4417 0,443126.5716 4479780.0563 0))",2359613,Azul,Batería,6
"MULTILINESTRING Z ((443104.489 4479777.8261 0,443107.9057 4479777.8261 0))",2359617,Azul,Batería,1
"MULTILINESTRING Z ((443144.0431 4479784.0072 0,443129.0299 4479780.4075 0))",2359619,Azul,Batería,7
"MULTILINESTRING Z ((443194.5259 4479794.6305 0,443199.1791 4479796.123 0,443202.7788 4479797.7912 0,443205.5883 4479799.8983 0,443209.3635 4479804.5515 0,443212.173 4479808.7657 0))",2359621,Azul,Batería,8
"MULTILINESTRING Z ((443210.0659 4479838.7921 0,443212.612 4479835.1924 0,443214.8947 4479831.3294 0,443216.475 4479825.7104 0,443216.7384 4479823.7789 0))",2359622,Azul,Batería,5
"MULTILINESTRING Z ((443214.6898 4479822.14 0,443214.6313 4479818.0429 0))",2359623,Azul,Batería,2
"MULTILINESTRING Z ((443180.9175 4479846.0206 0,443178.4592 4479845.0841 0,443176.2936 4479844.1476 0,443173.7767 4479842.6258 0,443171.7282 4479841.104 0,443170.6746 4479839.9919 0))",2359625,Azul,Batería,4
"MULTILINESTRING Z ((443164.6459 4479832.5 0,443163.0071 4479828.9296 0,443162.2462 4479825.4763 0,443161.6609 4479819.6817 0,443161.8365 4479816.2284 0,443162.7729 4479811.663 0))",2359626,Azul,Batería,8
"MULTILINESTRING Z ((442951.3223 4480150.6594 0,442951.239 4480162.5761 0,442950.989 4480169.7427 0,442949.1557 4480183.6594 0,442946.0723 4480199.9094 0,442939.4057 4480220.4927 0,442937.5723 4480225.3261 0,442936.239 4480228.4094 0))",2359627,Verde,Batería,32
"MULTILINESTRING Z ((442571.1557 4480272.7427 0,442566.3223 4480290.6594 0))",2359639,Verde,Línea,3
"MULTILINESTRING Z ((442564.9329 4480296.5499 0,442556.0162 4480329.7999 0))",2359641,Verde,Línea,8
"MULTILINESTRING Z ((442542.1557 4480380.4927 0,442536.6557 4480401.7427 0))",2359645,Verde,Línea,4
"MULTILINESTRING Z ((442558.9676 4480632.4259 0,442554.7532 4480619.1242 0))",2359654,Azul,Línea,3
"MULTILINESTRING Z ((442584.3416 4480750.2056 0,442569.1528 4480702.9712 0,442557.7393 4480668.3794 0,442546.677 4480633.5243 0))",2359655,Azul,Línea,27
"MULTILINESTRING Z ((442624.9329 4480691.6332 0,442645.0162 4480690.5499 0))",2359660,Verde,Línea,4
"MULTILINESTRING Z ((442650.5723 4480690.5761 0,442655.5723 4480690.4094 0))",2359662,Verde,Línea,1
"MULTILINESTRING Z ((442681.489 4480689.2427 0,442688.739 4480689.1594 0))",2359663,Verde,Línea,1
"MULTILINESTRING Z ((442660.6557 4480690.2427 0,442676.5723 4480689.5761 0))",2359664,Verde,Línea,3
"MULTILINESTRING Z ((442695.5723 4480686.8261 0,442695.5723 4480650.9927 0))",2359667,Azul,Línea,7
"MULTILINESTRING Z ((442708.5723 4480495.9094 0,442709.239 4480489.4927 0))",2359674,Azul,Línea,1
"MULTILINESTRING Z ((442705.5995 4480679.1332 0,442705.2662 4480663.7166 0))",2359676,Verde,Línea,3
"MULTILINESTRING Z ((442667.3539 4480859.511 0,442646.9789 4480795.261 0,442634.5995 4480753.7582 0))",2359681,Verde,Línea,24
"MULTILINESTRING Z ((442680.7289 4480869.136 0,442704.9789 4480865.636 0))",2359683,Verde,Línea,5
"MULTILINESTRING Z ((442713.3223 4480751.0761 0,442717.4057 4480776.3261 0))",2359687,Verde,Línea,4
"MULTILINESTRING Z ((442720.8223 4480796.1594 0,442719.489 4480788.0761 0))",2359688,Verde,Línea,1
"MULTILINESTRING Z ((442704.3539 4480888.2193 0,442701.4372 4480869.636 0))",2359691,Verde,Batería,7
"MULTILINESTRING Z ((442713.5205 4480889.8026 0,442717.7705 4480888.9693 0))",2359692,Verde,Batería,2
"MULTILINESTRING Z ((442716.4057 4480881.4094 0,442714.489 4480868.4927 0))",2359693,Verde,Batería,5
"MULTILINESTRING Z ((442732.7336 4480918.2503 0,442724.9431 4480871.3477 0))",2359694,Verde,Línea,10
"MULTILINESTRING Z ((442733.489 4480871.5761 0,442741.1557 4480917.4927 0,442744.489 4480939.4094 0,442748.489 4480962.7427 0))",2359695,Verde,Línea,20
"MULTILINESTRING Z ((442739.5101 4480958.2161 0,442739.19 4480956.7221 0,442734.6011 4480929.1888 0))",2359696,Verde,Línea,6
"MULTILINESTRING Z ((442735.9057 4480954.965 0,442729.6834 4480956.0761 0))",2359697,Verde,Batería,3
"MULTILINESTRING Z ((442725.1039 4480979.386 0,442722.7705 4480965.0526 0))",2359698,Verde,Batería,6
"MULTILINESTRING Z ((442773.1872 4481014.636 0,442776.2705 4480978.4693 0))",2359702,Verde,Batería,15
"MULTILINESTRING Z ((442757.7705 4481012.7193 0,442760.6039 4480984.136 0))",2359704,Verde,Línea,6
"MULTILINESTRING Z ((442786.9789 4481075.761 0,442786.3539 4481065.011 0))",2359707,Verde,Batería,4
"MULTILINESTRING Z ((442786.7289 4481110.136 0,442779.2289 4481109.511 0))",2359710,Verde,Batería,3
"MULTILINESTRING Z ((442770.1039 4481133.886 0,442772.1039 4481108.886 0))",2359711,Verde,Batería,10
"MULTILINESTRING Z ((442781.9057 4481119.2427 0,442780.0723 4481134.4927 0))",2359712,Verde,Batería,6
"MULTILINESTRING Z ((442784.4789 4481189.511 0,442789.4789 4481170.011 0))",2359714,Verde,Batería,8
"MULTILINESTRING Z ((442768.7289 4481193.136 0,442773.9789 4481173.761 0))",2359715,Verde,Línea,4
"MULTILINESTRING Z ((442784.739 4481208.2427 0,442791.489 4481221.6594 0))",2359716,Verde,Batería,6
"MULTILINESTRING Z ((442776.1039 4481234.2193 0,442765.4372 4481211.886 0))",2359717,Verde,Batería,10
"MULTILINESTRING Z ((442815.1279 4481238.5761 0,442794.5723 4481241.5205 0))",2359719,Verde,Línea,4
"MULTILINESTRING Z ((442738.2946 4481268.1872 0,442754.9057 4481269.9094 0,442775.239 4481271.6316 0))",2359723,Verde,Batería,17
"MULTILINESTRING Z ((442813.0723 4481535.7427 0,442763.239 4481543.4094 0))",2359733,Verde,Línea,12
"MULTILINESTRING Z ((442777.9019 4481549.4866 0,442814.8797 4481543.4037 0))",2359734,Verde,Línea,7
"MULTILINESTRING Z ((442837.9307 4481462.0046 0,442836.5701 4481421.5852 0))",2359737,Verde,Línea,9
"MULTILINESTRING Z ((439442.3933 4476765.9341 0,439443.3069 4476782.9218 0))",2359763,Verde,Línea,3
"MULTILINESTRING Z ((439445.6361 4476824.8559 0,439444.8131 4476810.5678 0))",2359765,Verde,Línea,3
"MULTILINESTRING Z ((439584.097 4476842.3045 0,439588.8871 4476841.9588 0))",2359770,Verde,Línea,1
"MULTILINESTRING Z ((439569.7843 4476832.0987 0,439572.3851 4476831.9341 0))",2359773,Verde,Batería,1
"MULTILINESTRING Z ((439962.9174 4476042.1038 0,439953.2205 4476042.9186 0))",2359779,Verde,Línea,2
"MULTILINESTRING Z ((441161.198 4475637.8556 0,441160.6973 4475626.5053 0))",2359780,Verde,Línea,2
"MULTILINESTRING Z ((440588.9057 4476291.8261 0,440587.489 4476296.6594 0))",2359782,Verde,Línea,1
"MULTILINESTRING Z ((439758.8625 4477459.8353 0,439758.3192 4477449.9094 0))",2359786,Verde,Línea,2
"MULTILINESTRING Z ((439953.2946 4477472.0205 0,439945.4057 4477465.2427 0))",2359787,Verde,Batería,4
"MULTILINESTRING Z ((439920.977 4477429.4337 0,439905.3104 4477416.3781 0))",2359788,Azul,Batería,7
"MULTILINESTRING Z ((439925.1992 4477426.9337 0,439909.5326 4477414.267 0))",2359789,Azul,Batería,7
"MULTILINESTRING Z ((439967.5881 4477463.0726 0,439938.8381 4477439.9892 0))",2359792,Azul,Batería,12
"MULTILINESTRING Z ((439779.6649 4477338.2798 0,439788.6557 4477338.7011 0))",2359796,Verde,Batería,3
"MULTILINESTRING Z ((439956.4797 4477595.1316 0,439955.1094 4477595.2427 0,439953.2205 4477595.0576 0,439951.2205 4477594.5761 0,439949.739 4477593.9464 0,439948.4427 4477593.2427 0,439946.4797 4477591.7613 0,439945.4797 4477590.5761 0,439944.776 4477589.3909 0,439943.9612 4477587.2798 0,439943.702 4477585.7613 0,439943.702 4477578.3168 0,439944.5168 4477575.9835 0,439945.702 4477572.9835 0))",2359797,Verde,Línea,6
"MULTILINESTRING Z ((440051.5785 4477550.4032 0,440069.6361 4477541.9423 0))",2359799,Verde,Batería,8
"MULTILINESTRING Z ((440082.739 4477517.3168 0,440083.1834 4477514.3538 0))",2359800,Verde,Batería,1
"MULTILINESTRING Z ((440068.0559 4477502.7489 0,440061.5307 4477513.4511 0,440060.9365 4477514.2551 0,440046.8871 4477536.9958 0))",2359802,Verde,Batería,14
"MULTILINESTRING Z ((440010.1834 4477549.9094 0,440012.8501 4477549.8724 0,440028.5538 4477548.9094 0))",2359803,Verde,Línea,3
"MULTILINESTRING Z ((440032.6649 4477444.9958 0,440037.0106 4477439.6131 0,440037.776 4477438.4773 0,440038.2205 4477437.9341 0,440049.1588 4477424.7489 0))",2359807,Verde,Línea,5
"MULTILINESTRING Z ((440101.1917 4477444.1152 0,440105.1972 4477446.1453 0))",2359808,Verde,Línea,1
"MULTILINESTRING Z ((440116.5442 4477557.0918 0,440114.4262 4477530.6556 0))",2359809,Verde,Batería,9
"MULTILINESTRING Z ((441892.1094 4479012.1316 0,441889.6649 4478983.0576 0))",2359836,Verde,Línea,6
"MULTILINESTRING Z ((441893.4427 4479028.2057 0,441892.776 4479020.0576 0))",2359838,Verde,Línea,1
"MULTILINESTRING Z ((441947.1557 4479057.6594 0,441980.989 4479058.0761 0,442003.989 4479057.9927 0))",2359844,Azul,Línea,12
"MULTILINESTRING Z ((442040.9242 4479058.465 0,442016.3316 4479058.0205 0))",2359845,Azul,Línea,5
"MULTILINESTRING Z ((442137.1464 4479044.4279 0,442120.5538 4478994.1687 0))",2359848,Verde,Línea,11
"MULTILINESTRING Z ((442103.989 4478931.9927 0,442106.989 4478948.3261 0,442109.5723 4478961.4927 0,442117.6557 4478985.9927 0,442118.0723 4478987.0761 0))",2359849,Verde,Línea,11
"MULTILINESTRING Z ((442099.3223 4478903.8261 0,442102.0723 4478921.2427 0))",2359850,Verde,Línea,3
"MULTILINESTRING Z ((442093.8501 4478899.0946 0,442074.4427 4478901.2057 0))",2359852,Verde,Línea,4
"MULTILINESTRING Z ((442014.9238 4478907.7227 0,442061.7572 4478902.4727 0))",2359853,Verde,Línea,10
"MULTILINESTRING Z ((441981.989 4478911.7427 0,441977.0723 4478912.3261 0))",2359858,Verde,Línea,1
"MULTILINESTRING Z ((441974.4057 4478918.5761 0,441977.239 4478931.3261 0))",2359859,Verde,Línea,3
"MULTILINESTRING Z ((441933.0723 4478916.6594 0,441966.989 4478913.4927 0))",2359860,Verde,Línea,7
"MULTILINESTRING Z ((441917.5723 4478918.4094 0,441927.9057 4478917.3261 0))",2359863,Verde,Línea,2
"MULTILINESTRING Z ((441903.739 4479071.0761 0,441935.489 4479068.7427 0))",2359864,Verde,Línea,7
"MULTILINESTRING Z ((442010.1738 4479068.8893 0,441943.7572 4479068.3893 0))",2359865,Verde,Línea,14
"MULTILINESTRING Z ((442011.0723 4479071.4094 0,442021.6557 4479071.5761 0))",2359866,Verde,Línea,2
"MULTILINESTRING Z ((442143.5905 4479072.056 0,442114.1738 4479071.4727 0))",2359877,Verde,Batería,12
"MULTILINESTRING Z ((442162.489 4479122.1594 0,442165.0723 4479130.1594 0))",2359880,Verde,Línea,1
"MULTILINESTRING Z ((442080.2572 4479197.9727 0,442091.5905 4479189.7227 0))",2359883,Verde,Línea,3
"MULTILINESTRING Z ((442068.9612 4479195.1872 0,442039.9612 4479155.1872 0))",2359884,Verde,Línea,10
"MULTILINESTRING Z ((442036.8223 4479136.9927 0,442036.739 4479143.0761 0))",2359886,Verde,Línea,1
"MULTILINESTRING Z ((442037.5072 4479072.806 0,442037.3405 4479091.1393 0))",2359891,Verde,Línea,3
"MULTILINESTRING Z ((442030.8223 4479072.8261 0,442030.739 4479083.6594 0))",2359894,Verde,Línea,2
"MULTILINESTRING Z ((441897.239 4479072.2427 0,441900.0723 4479107.2427 0))",2359896,Verde,Línea,7
"MULTILINESTRING Z ((441901.5723 4479124.9094 0,441901.9057 4479129.3261 0))",2359897,Verde,Línea,1
"MULTILINESTRING Z ((441911.6279 4479246.3538 0,441916.6279 4479308.6316 0))",2359900,Verde,Línea,13
"MULTILINESTRING Z ((441952.7807 4479313.2011 0,441981.0307 4479281.0761 0,441993.2807 4479268.8261 0,442024.7807 4479240.0761 0,442036.1557 4479230.5761 0,442047.6557 4479221.4511 0,442055.4057 4479215.7011 0))",2359905,Verde,Línea,30
"MULTILINESTRING Z ((441996.239 4479288.5761 0,442010.7946 4479274.0205 0,442033.3501 4479254.0205 0,442069.6834 4479224.7427 0))",2359906,Verde,Línea,20
"MULTILINESTRING Z ((442087.8405 4479222.1393 0,442103.4238 4479242.4727 0))",2359908,Verde,Línea,5
"MULTILINESTRING Z ((442087.6279 4479212.2057 0,442112.2946 4479194.8724 0))",2359910,Verde,Línea,6
"MULTILINESTRING Z ((442169.6557 4479153.9927 0,442158.8223 4479162.1594 0))",2359913,Verde,Línea,2
"MULTILINESTRING Z ((442177.4057 4479157.5761 0,442188.989 4479189.1594 0))",2359914,Verde,Línea,7
"MULTILINESTRING Z ((442191.489 4479195.2427 0,442205.239 4479231.5761 0))",2359915,Verde,Línea,8
"MULTILINESTRING Z ((442210.8405 4479246.056 0,442207.0905 4479236.4727 0))",2359916,Verde,Línea,2
"MULTILINESTRING Z ((442220.4057 4479269.9927 0,442228.8223 4479301.5761 0))",2359918,Verde,Línea,7
"MULTILINESTRING Z ((442230.8223 4479308.4927 0,442233.1557 4479317.6594 0,442235.0723 4479325.9094 0,442236.4057 4479334.4094 0))",2359919,Verde,Línea,5
"MULTILINESTRING Z ((442238.6279 4479349.3168 0,442240.2575 4479359.9094 0))",2359921,Verde,Línea,2
"MULTILINESTRING Z ((442256.0723 4479246.3261 0,442299.489 4479236.5761 0))",2359922,Verde,Línea,9
"MULTILINESTRING Z ((442227.8223 4479252.4927 0,442251.239 4479247.2427 0))",2359923,Verde,Línea,5
"MULTILINESTRING Z ((442216.8131 4479242.3909 0,442212.9242 4479232.1316 0))",2359925,Azul,Línea,2
"MULTILINESTRING Z ((442192.4238 4479177.7227 0,442183.7572 4479153.806 0))",2359927,Azul,Línea,6
"MULTILINESTRING Z ((442184.4057 4479145.8261 0,442233.3223 4479111.0761 0))",2359928,Verde,Línea,12
"MULTILINESTRING Z ((442250.239 4479099.0761 0,442238.6557 4479107.1594 0))",2359929,Verde,Línea,2
"MULTILINESTRING Z ((442177.8405 4479131.7227 0,442190.5072 4479122.6393 0))",2359930,Verde,Línea,3
"MULTILINESTRING Z ((442189.8405 4479120.6393 0,442198.0905 4479114.806 0))",2359931,Verde,Línea,2
"MULTILINESTRING Z ((442232.489 4479061.4094 0,442212.489 4479060.9927 0))",2359935,Azul,Línea,4
"MULTILINESTRING Z ((442179.8871 4479060.5761 0,442206.6279 4479060.9094 0))",2359936,Azul,Línea,5
"MULTILINESTRING Z ((442144.6649 4479046.6131 0,442135.6649 4479019.3909 0))",2359939,Verde,Línea,6
"MULTILINESTRING Z ((442128.3686 4478997.1687 0,442133.4057 4479012.502 0))",2359940,Verde,Línea,3
"MULTILINESTRING Z ((442129.489 4478995.3261 0,442160.489 4478992.6594 0,442179.4057 4478993.0761 0))",2359942,Verde,Línea,11
"MULTILINESTRING Z ((442186.2946 4478993.3168 0,442205.6649 4478993.502 0))",2359943,Verde,Línea,4
"MULTILINESTRING Z ((442225.1094 4478993.7242 0,442211.776 4478993.5761 0))",2359944,Verde,Línea,2
"MULTILINESTRING Z ((442172.239 4478949.0761 0,442152.1557 4478952.3261 0))",2359946,Verde,Línea,4
"MULTILINESTRING Z ((442110.1438 4478896.9709 0,442140.1537 4478895.7804 0))",2359948,Verde,Línea,6
"MULTILINESTRING Z ((442253.8405 4478897.8893 0,442231.0905 4478897.2227 0))",2359950,Verde,Batería,9
"MULTILINESTRING Z ((442292.3316 4478903.3538 0,442288.3316 4478922.1316 0))",2359952,Verde,Línea,4
"MULTILINESTRING Z ((442281.9242 4478927.5761 0,442226.9612 4478926.6872 0))",2359953,Verde,Línea,11
"MULTILINESTRING Z ((442249.8871 4478933.9835 0,442259.702 4478934.1316 0))",2359955,Verde,Línea,2
"MULTILINESTRING Z ((442245.702 4478933.9835 0,442238.702 4478933.8724 0))",2359956,Verde,Línea,1
"MULTILINESTRING Z ((442276.8501 4478977.4094 0,442284.2946 4478939.4094 0))",2359957,Verde,Línea,8
"MULTILINESTRING Z ((442272.489 4478998.9927 0,442267.5723 4479023.1594 0))",2359959,Verde,Línea,6
"MULTILINESTRING Z ((442279.0723 4479048.3261 0,442280.989 4479049.7427 0,442282.489 4479051.0761 0,442284.9057 4479054.4927 0,442287.3223 4479058.4094 0,442287.8223 4479058.9927 0,442288.6557 4479059.5761 0))",2359961,Verde,Línea,3
"MULTILINESTRING Z ((442273.1279 4479030.6872 0,442278.6834 4478999.6316 0))",2359962,Verde,Línea,7
"MULTILINESTRING Z ((442284.739 4478978.5205 0,442286.1834 4478970.965 0))",2359964,Verde,Línea,1
"MULTILINESTRING Z ((442293.3405 4478937.1393 0,442287.1738 4478965.9727 0))",2359965,Verde,Línea,6
"MULTILINESTRING Z ((442530.5865 4478910.7917 0,442531.5865 4478924.7917 0))",2359968,Verde,Línea,3
"MULTILINESTRING Z ((442542.989 4478920.5761 0,442542.0723 4478910.4927 0))",2359969,Verde,Línea,2
"MULTILINESTRING Z ((442541.5865 4478931.4583 0,442540.7532 4478921.0417 0))",2359970,Verde,Línea,2
"MULTILINESTRING Z ((442529.5168 4478931.502 0,442479.9242 4478930.502 0))",2359971,Verde,Línea,10
"MULTILINESTRING Z ((442325.4057 4478934.7983 0,442304.9612 4478934.3538 0))",2359975,Azul,Línea,4
"MULTILINESTRING Z ((442341.6279 4478935.0761 0,442353.739 4478935.4094 0))",2359976,Azul,Línea,2
"MULTILINESTRING Z ((442409.6279 4478936.0946 0,442387.1834 4478935.7613 0))",2359978,Azul,Línea,5
"MULTILINESTRING Z ((442432.0863 4478936.4641 0,442437.253 4478936.5475 0))",2359979,Azul,Línea,1
"MULTILINESTRING Z ((442547.9199 4478957.0417 0,442552.1699 4478970.2917 0,442552.6699 4478973.125 0,442551.9199 4478994.875 0))",2359986,Verde,Línea,8
"MULTILINESTRING Z ((442538.1699 4478997.375 0,442496.1699 4478996.5417 0))",2359987,Verde,Línea,9
"MULTILINESTRING Z ((442551.2532 4479052.5417 0,442551.8365 4479012.9583 0,442551.7532 4479001.375 0))",2359989,Verde,Línea,11
"MULTILINESTRING Z ((442336.239 4479058.3261 0,442366.989 4479058.7427 0))",2359997,Verde,Línea,6
"MULTILINESTRING Z ((442311.8871 4479061.2057 0,442330.4797 4479061.3909 0))",2359998,Verde,Línea,3
"MULTILINESTRING Z ((442311.2575 4479076.1687 0,442317.739 4479076.2798 0))",2360000,Azul,Línea,1
"MULTILINESTRING Z ((442330.489 4479076.4094 0,442351.4057 4479076.7427 0))",2360001,Azul,Línea,4
"MULTILINESTRING Z ((442418.6649 4479078.1316 0,442408.5538 4479077.9835 0))",2360004,Azul,Línea,2
"MULTILINESTRING Z ((442556.4199 4479062.875 0,442576.3365 4479062.7917 0))",2360010,Verde,Línea,4
"MULTILINESTRING Z ((442566.239 4479112.1316 0,442559.7946 4479087.8538 0))",2360012,Verde,Línea,5
"MULTILINESTRING Z ((442552.6699 4479088.7917 0,442555.0032 4479098.2083 0))",2360013,Azul,Línea,2
"MULTILINESTRING Z ((442569.239 4479111.5761 0,442572.5723 4479124.8261 0))",2360014,Verde,Línea,2
"MULTILINESTRING Z ((442569.7532 4479126.0417 0,442574.5865 4479144.125 0))",2360016,Verde,Línea,4
"MULTILINESTRING Z ((442583.9199 4479180.375 0,442586.4199 4479190.4583 0))",2360019,Verde,Línea,2
"MULTILINESTRING Z ((442579.2532 4479191.125 0,442576.1699 4479178.875 0))",2360020,Azul,Línea,2
"MULTILINESTRING Z ((442591.9983 4479211.6378 0,442587.9489 4479196.0082 0))",2360021,Verde,Línea,3
"MULTILINESTRING Z ((442585.1699 4479213.375 0,442580.9199 4479196.9583 0))",2360022,Azul,Línea,3
"MULTILINESTRING Z ((442551.3501 4479153.965 0,442542.739 4479156.8538 0))",2360024,Verde,Línea,2
"MULTILINESTRING Z ((442527.5865 4479118.2917 0,442533.5032 4479144.625 0))",2360025,Verde,Línea,5
"MULTILINESTRING Z ((442521.2946 4479122.3168 0,442525.9983 4479142.9835 0))",2360026,Verde,Línea,4
"MULTILINESTRING Z ((442517.0353 4479105.8353 0,442519.739 4479115.4279 0))",2360027,Verde,Línea,2
"MULTILINESTRING Z ((442517.5538 4479086.0576 0,442521.776 4479097.6501 0,442523.0353 4479101.4279 0,442525.776 4479110.9464 0))",2360028,Verde,Línea,5
"MULTILINESTRING Z ((442510.702 4479087.8353 0,442515.8501 4479101.9464 0))",2360029,Verde,Línea,3
"MULTILINESTRING Z ((442424.3501 4479140.6316 0,442426.739 4479148.465 0))",2360031,Verde,Línea,1
"MULTILINESTRING Z ((442360.4057 4479134.1594 0,442360.4057 4479144.1594 0,442361.0723 4479148.5761 0,442363.0723 4479156.4927 0,442365.5723 4479164.0761 0,442366.489 4479167.3261 0))",2360038,Verde,Línea,6
"MULTILINESTRING Z ((442372.489 4479185.4927 0,442369.1557 4479174.9927 0))",2360039,Verde,Línea,2
"MULTILINESTRING Z ((442323.2574 4479237.1335 0,442327.674 4479235.8002 0))",2360047,Verde,Línea,1
"MULTILINESTRING Z ((442352.5538 4479227.3538 0,442337.8131 4479232.2427 0))",2360048,Verde,Línea,3
"MULTILINESTRING Z ((442376.1094 4479219.502 0,442360.6649 4479224.6501 0))",2360049,Verde,Línea,3
"MULTILINESTRING Z ((442398.4057 4479212.0576 0,442381.2946 4479217.7613 0))",2360050,Verde,Línea,3
"MULTILINESTRING Z ((442447.674 4479188.8002 0,442451.674 4479187.4669 0))",2360052,Verde,Línea,1
"MULTILINESTRING Z ((442496.5723 4479179.4927 0,442456.6557 4479192.7427 0))",2360053,Verde,Línea,8
"MULTILINESTRING Z ((442469.776 4479181.4279 0,442457.3316 4479185.539 0))",2360054,Verde,Línea,2
"MULTILINESTRING Z ((442475.4199 4479179.4583 0,442487.9199 4479175.375 0))",2360056,Verde,Línea,2
"MULTILINESTRING Z ((442565.7532 4479156.4583 0,442542.2532 4479164.375 0))",2360058,Verde,Línea,5
"MULTILINESTRING Z ((442523.2532 4479170.7917 0,442533.0032 4479167.4583 0))",2360059,Verde,Línea,2
"MULTILINESTRING Z ((442532.6699 4479222.4583 0,442522.3365 4479174.4583 0))",2360060,Verde,Línea,10
"MULTILINESTRING Z ((442518.702 4479189.3538 0,442515.776 4479175.1316 0))",2360061,Verde,Línea,3
"MULTILINESTRING Z ((442526.0723 4479223.3261 0,442524.9057 4479218.4094 0))",2360065,Verde,Línea,1
"MULTILINESTRING Z ((442565.8166 4479221.5547 0,442575.0059 4479219.9744 0))",2360067,Verde,Línea,2
"MULTILINESTRING Z ((442561.1557 4479222.4927 0,442552.3223 4479224.0761 0))",2360068,Verde,Línea,1
"MULTILINESTRING Z ((442539.0032 4479226.2917 0,442545.6699 4479225.2917 0))",2360069,Verde,Línea,1
"MULTILINESTRING Z ((442636.739 4479209.965 0,442622.6279 4479212.2983 0))",2360070,Verde,Línea,3
"MULTILINESTRING Z ((442611.739 4479214.1594 0,442599.6557 4479216.3261 0))",2360071,Verde,Línea,2
"MULTILINESTRING Z ((442601.0865 4479222.375 0,442638.3365 4479216.7083 0))",2360072,Verde,Línea,8
"MULTILINESTRING Z ((442581.5538 4479225.7242 0,442577.9612 4479226.465 0,442566.9983 4479228.502 0))",2360074,Verde,Línea,3
"MULTILINESTRING Z ((442562.0353 4479229.3909 0,442555.2575 4479230.6501 0))",2360075,Verde,Línea,1
"MULTILINESTRING Z ((442540.5168 4479233.2983 0,442546.0723 4479232.3538 0))",2360076,Verde,Línea,1
"MULTILINESTRING Z ((442443.8223 4479251.4094 0,442496.989 4479241.4927 0,442508.0723 4479239.5761 0,442522.239 4479236.8261 0))",2360081,Verde,Línea,17
"MULTILINESTRING Z ((442418.5907 4479257.1335 0,442438.5074 4479252.4669 0))",2360082,Verde,Línea,4
"MULTILINESTRING Z ((442330.3407 4479277.6335 0,442345.0907 4479274.4669 0))",2360085,Verde,Línea,3
"MULTILINESTRING Z ((442330.739 4479309.3261 0,442329.6557 4479303.8261 0))",2360088,Verde,Línea,1
"MULTILINESTRING Z ((442339.674 4479349.1335 0,442334.5907 4479325.7169 0))",2360089,Verde,Línea,5
"MULTILINESTRING Z ((442346.4612 4479379.0761 0,442342.3501 4479360.5761 0))",2360093,Verde,Línea,3
"MULTILINESTRING Z ((442558.4324 4479370.6564 0,442556.7583 4479363.402 0))",2360095,Verde,Línea,1
"MULTILINESTRING Z ((442566.5538 4479377.2798 0,442565.1464 4479370.2427 0))",2360096,Verde,Línea,1
"MULTILINESTRING Z ((442560.5908 4479348.3538 0,442562.776 4479358.8353 0))",2360097,Verde,Línea,2
"MULTILINESTRING Z ((442551.6557 4479341.9094 0,442554.6557 4479354.5761 0))",2360099,Verde,Línea,3
"MULTILINESTRING Z ((442548.3409 4479335.2944 0,442533.1742 4479338.7944 0))",2360100,Verde,Línea,3
"MULTILINESTRING Z ((442550.2946 4479333.4094 0,442547.7946 4479321.6316 0))",2360102,Verde,Línea,2
"MULTILINESTRING Z ((442546.5723 4479318.6316 0,442545.4612 4479313.6316 0))",2360105,Verde,Línea,1
"MULTILINESTRING Z ((442547.4057 4479288.2427 0,442551.6557 4479308.4094 0))",2360106,Verde,Línea,4
"MULTILINESTRING Z ((442542.3409 4479307.2111 0,442523.7575 4479311.2944 0))",2360107,Verde,Línea,4
"MULTILINESTRING Z ((442542.3409 4479298.5444 0,442539.8365 4479287.2917 0))",2360108,Verde,Línea,2
"MULTILINESTRING Z ((442545.5908 4479279.2057 0,442546.8501 4479285.3909 0))",2360109,Verde,Línea,1
"MULTILINESTRING Z ((442533.989 4479272.4094 0,442522.739 4479274.9094 0))",2360111,Verde,Línea,2
"MULTILINESTRING Z ((442542.6279 4479266.0576 0,442541.5168 4479260.8353 0))",2360112,Verde,Línea,1
"MULTILINESTRING Z ((442535.1976 4479264.7361 0,442532.7532 4479252.625 0))",2360113,Verde,Línea,2
"MULTILINESTRING Z ((442536.9612 4479239.5761 0,442540.776 4479257.2798 0))",2360114,Verde,Línea,3
"MULTILINESTRING Z ((442531.0032 4479244.5417 0,442530.2532 4479240.2083 0))",2360115,Verde,Línea,1
"MULTILINESTRING Z ((442616.1094 4479332.8724 0,442612.8871 4479315.9835 0))",2360119,Verde,Línea,3
"MULTILINESTRING Z ((442667.0075 4479320.5444 0,442668.8409 4479331.0444 0))",2360124,Azul,Línea,2
"MULTILINESTRING Z ((442670.0909 4479338.4611 0,442673.1742 4479357.5444 0))",2360125,Azul,Línea,4
"MULTILINESTRING Z ((442657.5168 4479262.9094 0,442659.239 4479273.6316 0))",2360126,Azul,Línea,2
"MULTILINESTRING Z ((442604.6421 4478917.1806 0,442593.4754 4478907.9583 0))",2360133,Verde,Línea,3
"MULTILINESTRING Z ((442703.0723 4479065.0761 0,442716.6557 4479065.0761 0))",2360144,Azul,Línea,2
"MULTILINESTRING Z ((442721.0032 4479058.2917 0,442715.5865 4479002.9583 0))",2360146,Verde,Línea,12
"MULTILINESTRING Z ((442724.6557 4478990.3261 0,442730.489 4479055.4927 0))",2360147,Verde,Batería,27
"MULTILINESTRING Z ((442711.739 4478990.4094 0,442712.9057 4479003.0761 0))",2360149,Verde,Línea,2
"MULTILINESTRING Z ((442832.4199 4478890.7917 0,442833.7532 4478917.9583 0))",2360153,Verde,Línea,5
"MULTILINESTRING Z ((442823.6834 4478932.0205 0,442822.0723 4478909.0205 0))",2360154,Verde,Línea,5
"MULTILINESTRING Z ((442812.6699 4478932.2917 0,442821.5032 4478932.0417 0))",2360155,Verde,Batería,4
"MULTILINESTRING Z ((442824.4427 4478942.0576 0,442824.8871 4478949.2057 0))",2360156,Verde,Línea,1
"MULTILINESTRING Z ((442822.6699 4478947.7083 0,442813.5865 4478948.2083 0))",2360157,Verde,Batería,4
"MULTILINESTRING Z ((442822.6699 4478944.7083 0,442813.3365 4478945.125 0))",2360158,Verde,Batería,4
"MULTILINESTRING Z ((442823.4199 4478960.875 0,442814.1699 4478961.375 0))",2360159,Verde,Batería,4
"MULTILINESTRING Z ((442836.739 4478969.6872 0,442834.239 4478928.4094 0))",2360160,Verde,Línea,9
"MULTILINESTRING Z ((442821.2532 4478968.2917 0,442806.6699 4478969.2917 0))",2360161,Verde,Batería,7
"MULTILINESTRING Z ((442729.489 4478979.4927 0,442752.5723 4478978.0761 0))",2360163,Verde,Línea,4
"MULTILINESTRING Z ((442807.0032 4478987.2083 0,442823.5865 4478986.2917 0))",2360165,Verde,Batería,8
"MULTILINESTRING Z ((442827.5865 4479061.125 0,442784.2532 4479063.7917 0))",2360168,Verde,Línea,9
"MULTILINESTRING Z ((442831.6699 4479078.2917 0,442854.8365 4479076.9583 0))",2360170,Azul,Línea,5
"MULTILINESTRING Z ((442777.0032 4479079.4583 0,442826.5865 4479076.2917 0,442826.7532 4479076.2917 0,442826.9199 4479076.2917 0))",2360171,Azul,Línea,10
"MULTILINESTRING Z ((442746.9672 4479080.9645 0,442757.4313 4479080.4662 0))",2360172,Azul,Línea,2
"MULTILINESTRING Z ((442651.1699 4479101.0417 0,442662.9199 4479086.7917 0))",2360174,Azul,Línea,3
"MULTILINESTRING Z ((442660.0723 4479157.9927 0,442661.239 4479164.5761 0))",2360177,Azul,Línea,1
"MULTILINESTRING Z ((442661.739 4479168.4094 0,442662.739 4479173.9094 0))",2360178,Azul,Línea,1
"MULTILINESTRING Z ((442663.8223 4479179.9927 0,442664.6557 4479185.6594 0))",2360179,Azul,Línea,1
"MULTILINESTRING Z ((442666.4057 4479195.4927 0,442665.239 4479188.9927 0))",2360180,Azul,Línea,1
"MULTILINESTRING Z ((442668.4057 4479207.3261 0,442671.1557 4479224.0761 0))",2360182,Azul,Línea,3
"MULTILINESTRING Z ((442691.4057 4479327.1594 0,442693.4057 4479338.4094 0))",2360187,Azul,Batería,5
"MULTILINESTRING Z ((442695.8223 4479353.3261 0,442697.4057 4479364.0761 0))",2360189,Azul,Batería,5
"MULTILINESTRING Z ((442791.0075 4479296.5444 0,442758.9199 4479260.7917 0))",2360190,Verde,Línea,10
"MULTILINESTRING Z ((442800.3409 4479306.3777 0,442817.0075 4479333.2111 0))",2360191,Verde,Línea,6
"MULTILINESTRING Z ((442816.702 4479346.0946 0,442805.739 4479328.8353 0))",2360192,Verde,Línea,4
"MULTILINESTRING Z ((442894.9242 4479308.7944 0,442885.2575 4479313.0444 0,442838.5075 4479327.7111 0))",2360193,Verde,Línea,13
"MULTILINESTRING Z ((442820.8223 4479352.9927 0,442834.6557 4479374.8261 0))",2360194,Verde,Línea,5
"MULTILINESTRING Z ((442826.5909 4479348.0444 0,442830.5909 4479354.7944 0))",2360195,Verde,Línea,1
"MULTILINESTRING Z ((442915.5785 4479377.3168 0,442904.0723 4479348.8971 0))",2360198,Verde,Línea,6
"MULTILINESTRING Z ((442925.8538 4479316.8699 0,442930.2673 4479326.2663 0))",2360199,Verde,Línea,2
"MULTILINESTRING Z ((442948.776 4479368.2427 0,442946.776 4479361.5761 0,442944.1464 4479355.6131 0))",2360200,Verde,Línea,3
"MULTILINESTRING Z ((442963.6649 4479369.3168 0,443003.3686 4479368.3909 0))",2360201,Verde,Línea,8
"MULTILINESTRING Z ((443050.2766 4479361.9703 0,443029.9957 4479362.5849 0))",2360202,Verde,Línea,4
"MULTILINESTRING Z ((442993.9774 4479325.1273 0,443001.2382 4479339.0795 0))",2360205,Azul,Línea,3
"MULTILINESTRING Z ((442966.7946 4479274.2983 0,442978.239 4479295.5205 0))",2360208,Azul,Línea,5
"MULTILINESTRING Z ((442942.7807 4479231.0761 0,442926.2807 4479201.3261 0))",2360210,Azul,Línea,7
"MULTILINESTRING Z ((442895.0723 4479204.3261 0,442878.6557 4479210.6594 0))",2360212,Verde,Línea,4
"MULTILINESTRING Z ((442844.4057 4479224.8353 0,442863.3686 4479222.465 0))",2360213,Verde,Línea,4
"MULTILINESTRING Z ((442874.4586 4479225.9673 0,442878.8721 4479235.7908 0))",2360215,Verde,Línea,2
"MULTILINESTRING Z ((442880.794 4479239.8483 0,442886.2041 4479251.5225 0))",2360216,Verde,Línea,2
"MULTILINESTRING Z ((442899.1699 4479279.5417 0,442888.9199 4479257.2917 0))",2360217,Verde,Línea,5
"MULTILINESTRING Z ((442906.3409 4479293.7111 0,442901.1699 4479283.5417 0))",2360218,Verde,Línea,2
"MULTILINESTRING Z ((442865.0032 4479206.625 0,442858.3365 4479192.625 0))",2360219,Verde,Línea,3
"MULTILINESTRING Z ((442827.1557 4479125.2427 0,442816.3223 4479101.9094 0))",2360221,Verde,Línea,5
"MULTILINESTRING Z ((442811.8163 4479100.2555 0,442802.9894 4479100.6826 0))",2360222,Verde,Línea,1
"MULTILINESTRING Z ((442798.1488 4479101.0385 0,442776.0816 4479102.391 0))",2360223,Verde,Línea,4
"MULTILINESTRING Z ((442770.0865 4479102.9583 0,442762.5865 4479103.5417 0))",2360224,Verde,Línea,1
"MULTILINESTRING Z ((442745.0032 4479089.125 0,442745.3365 4479101.875 0))",2360225,Verde,Línea,2
"MULTILINESTRING Z ((442983.3563 4479159.539 0,442993.1094 4479158.8971 0))",2360232,Verde,Batería,4
"MULTILINESTRING Z ((442924.702 4479182.9094 0,442946.8131 4479222.0205 0))",2360234,Verde,Línea,9
"MULTILINESTRING Z ((443019.2532 4479225.5417 0,443019.5032 4479223.7917 0,443019.4199 4479220.2917 0))",2360237,Verde,Batería,2
"MULTILINESTRING Z ((442952.4199 4479233.4583 0,442957.1699 4479242.2917 0))",2360240,Verde,Línea,2
"MULTILINESTRING Z ((442981.9983 4479287.8353 0,442982.2946 4479288.502 0,442988.8871 4479300.6131 0))",2360246,Verde,Línea,3
"MULTILINESTRING Z ((443049.9057 4479305.2983 0,442998.3501 4479308.5761 0))",2360248,Verde,Línea,11
"MULTILINESTRING Z ((443054.5075 4479318.2944 0,443055.3409 4479356.0444 0))",2360249,Verde,Línea,8
"MULTILINESTRING Z ((443063.739 4479311.0761 0,443064.1279 4479351.3538 0))",2360250,Verde,Línea,8
"MULTILINESTRING Z ((443054.5168 4479289.3538 0,443106.1464 4479286.0946 0))",2360255,Verde,Batería,21
"MULTILINESTRING Z ((443106.3316 4479301.8353 0,443093.3686 4479302.6131 0))",2360256,Verde,Batería,5
"MULTILINESTRING Z ((443088.2946 4479302.9094 0,443069.0723 4479304.0946 0))",2360258,Verde,Batería,8
"MULTILINESTRING Z ((442934.5865 4478880.4583 0,442919.5865 4478881.0417 0))",2360265,Verde,Línea,3
"MULTILINESTRING Z ((443049.1834 4478946.0946 0,443048.0723 4478920.2057 0))",2360273,Azul,Línea,5
"MULTILINESTRING Z ((442880.2532 4479072.7083 0,442898.2532 4479071.875 0))",2360289,Azul,Línea,3
"MULTILINESTRING Z ((442940.9199 4479069.125 0,442902.0032 4479071.625 0))",2360290,Azul,Línea,8
"MULTILINESTRING Z ((443087.7532 4479060.0417 0,443069.1699 4479061.4583 0))",2360294,Verde,Línea,4
"MULTILINESTRING Z ((443150.7532 4479056.125 0,443093.4199 4479059.875 0))",2360295,Verde,Línea,12
"MULTILINESTRING Z ((443150.4057 4479058.5761 0,443157.9057 4479058.1594 0))",2360296,Verde,Línea,1
"MULTILINESTRING Z ((443198.4612 4479048.8538 0,443179.1834 4479053.465 0,443176.0168 4479054.1316 0,443165.9612 4479055.3538 0))",2360297,Verde,Línea,7
"MULTILINESTRING Z ((443204.8501 4479046.8538 0,443210.4612 4479045.0761 0))",2360298,Verde,Línea,1
"MULTILINESTRING Z ((443170.8223 4478935.6594 0,443164.239 4478953.8261 0,443162.8223 4478959.9927 0,443162.5723 4478964.4094 0,443162.989 4478975.4927 0,443163.6557 4478989.9927 0,443164.4057 4479002.2427 0))",2360304,Verde,Línea,14
"MULTILINESTRING Z ((443164.4057 4479006.0761 0,443164.8223 4479020.3261 0))",2360306,Verde,Línea,2
"MULTILINESTRING Z ((443184.8223 4478897.2427 0,443172.989 4478929.6594 0))",2360307,Verde,Línea,7
"MULTILINESTRING Z ((443059.0865 4478966.625 0,443082.7532 4478965.125 0))",2360312,Verde,Línea,5
"MULTILINESTRING Z ((443149.7946 4478961.0205 0,443088.4057 4478964.6872 0))",2360313,Verde,Línea,13
"MULTILINESTRING Z ((443165.2205 4479033.5761 0,443164.9612 4479026.2798 0))",2360314,Verde,Línea,1
"MULTILINESTRING Z ((443341.3365 4478981.9583 0,443344.0032 4479028.7083 0))",2360320,Verde,Línea,10
"MULTILINESTRING Z ((443344.4057 4479036.2057 0,443345.5538 4479055.8724 0))",2360322,Verde,Línea,4
"MULTILINESTRING Z ((443348.4427 4479105.2427 0,443348.1464 4479099.7983 0))",2360326,Verde,Línea,1
"MULTILINESTRING Z ((443226.4921 4479123.2427 0,443231.8419 4479122.8806 0))",2360334,Verde,Línea,1
"MULTILINESTRING Z ((443268.739 4479120.2427 0,443292.1557 4479118.8261 0))",2360337,Verde,Línea,4
"MULTILINESTRING Z ((443305.2205 4479118.1316 0,443298.0353 4479118.5761 0))",2360338,Verde,Línea,1
"MULTILINESTRING Z ((443196.0865 4479119.0417 0,443164.5032 4479120.9583 0))",2360340,Verde,Línea,7
"MULTILINESTRING Z ((443076.7532 4479126.875 0,443164.0032 4479120.9583 0))",2360341,Verde,Batería,36
"MULTILINESTRING Z ((443124.239 4479135.9094 0,443078.4057 4479138.7427 0))",2360342,Verde,Batería,18
"MULTILINESTRING Z ((443128.4057 4479135.8261 0,443157.6557 4479133.7427 0))",2360343,Verde,Batería,14
"MULTILINESTRING Z ((443145.3365 4479192.4583 0,443160.2532 4479192.4583 0))",2360348,Verde,Línea,3
"MULTILINESTRING Z ((443122.2532 4479192.5417 0,443141.5032 4479192.5417 0))",2360349,Verde,Línea,4
"MULTILINESTRING Z ((443113.0032 4479198.7083 0,443112.6699 4479205.0417 0))",2360350,Verde,Batería,3
"MULTILINESTRING Z ((443160.0168 4479199.7427 0,443129.7946 4479199.465 0))",2360351,Verde,Línea,7
"MULTILINESTRING Z ((443125.8501 4479246.2427 0,443125.3501 4479203.8538 0))",2360352,Verde,Línea,9
"MULTILINESTRING Z ((443117.3365 4479205.4583 0,443117.5032 4479211.375 0))",2360353,Verde,Línea,1
"MULTILINESTRING Z ((443117.5865 4479230.2083 0,443117.5865 4479222.625 0))",2360354,Verde,Línea,1
"MULTILINESTRING Z ((443117.5865 4479252.9583 0,443117.4199 4479236.9583 0))",2360355,Verde,Línea,3
"MULTILINESTRING Z ((443162.4057 4479263.0576 0,443133.4427 4479250.9094 0))",2360356,Verde,Línea,6
"MULTILINESTRING Z ((443169.6834 4479203.1316 0,443170.0723 4479246.6316 0))",2360357,Verde,Línea,9
"MULTILINESTRING Z ((443184.0032 4479235.375 0,443184.1699 4479224.625 0))",2360358,Azul,Línea,2
"MULTILINESTRING Z ((443181.6834 4479192.0761 0,443181.8501 4479224.6872 0))",2360359,Azul,Línea,7
"MULTILINESTRING Z ((443202.2946 4479185.7242 0,443189.8501 4479186.502 0))",2360361,Azul,Línea,2
"MULTILINESTRING Z ((443199.739 4479244.9927 0,443190.739 4479245.6594 0))",2360372,Azul,Línea,1
"MULTILINESTRING Z ((443249.4057 4479241.965 0,443299.3501 4479238.7427 0))",2360375,Azul,Línea,10
"MULTILINESTRING Z ((443324.8223 4479342.9927 0,443340.1557 4479340.3261 0))",2360382,Azul,Línea,3
"MULTILINESTRING Z ((443343.1701 4479304.2025 0,443344.0868 4479316.2858 0))",2360384,Azul,Línea,2
"MULTILINESTRING Z ((443342.5723 4479322.0761 0,443343.3223 4479327.1594 0,443344.4057 4479333.5761 0))",2360386,Azul,Línea,2
"MULTILINESTRING Z ((443309.0723 4479290.4927 0,443332.989 4479289.1594 0))",2360393,Azul,Línea,5
"MULTILINESTRING Z ((443333.0723 4479298.2798 0,443303.4427 4479300.1316 0))",2360394,Azul,Línea,6
"MULTILINESTRING Z ((443296.5168 4479300.5761 0,443247.702 4479303.6131 0))",2360396,Azul,Línea,10
"MULTILINESTRING Z ((443252.1557 4479294.2427 0,443246.1557 4479294.6594 0))",2360399,Azul,Línea,1
"MULTILINESTRING Z ((443189.9057 4479295.9094 0,443205.0723 4479294.7427 0))",2360400,Azul,Línea,3
"MULTILINESTRING Z ((443335.8501 4479355.6501 0,443293.8501 4479363.0946 0))",2360405,Verde,Batería,17
"MULTILINESTRING Z ((443350.5415 4479352.1069 0,443355.2575 4479352.2798 0))",2360406,Verde,Línea,1
"MULTILINESTRING Z ((443380.3686 4479388.7983 0,443372.1094 4479377.6872 0))",2360410,Verde,Batería,5
"MULTILINESTRING Z ((439196.9305 4475385.2173 0,439205.8148 4475372.5107 0))",2360412,Verde,Línea,3
"MULTILINESTRING Z ((443413.739 4479437.3261 0,443409.3223 4479414.9094 0))",2360413,Verde,Batería,9
"MULTILINESTRING Z ((443359.6701 4479459.2858 0,443406.2534 4479450.9525 0))",2360415,Verde,Batería,19
"MULTILINESTRING Z ((443390.1464 4479435.7983 0,443360.8131 4479441.2427 0))",2360417,Verde,Batería,12
"MULTILINESTRING Z ((443348.8501 4479438.6131 0,443338.9242 4479440.3538 0))",2360419,Verde,Batería,4
"MULTILINESTRING Z ((443331.3686 4479441.6501 0,443316.776 4479444.1316 0))",2360421,Verde,Línea,3
"MULTILINESTRING Z ((443278.702 4479440.8724 0,443272.5908 4479436.2427 0,443270.9983 4479435.1316 0,443266.8131 4479432.5761 0,443260.0723 4479429.3168 0))",2360424,Verde,Línea,4
"MULTILINESTRING Z ((443252.4797 4479426.0205 0,443221.739 4479413.0576 0))",2360425,Verde,Línea,7
"MULTILINESTRING Z ((443219.1557 4479421.5761 0,443254.1557 4479436.4094 0,443263.6557 4479440.5761 0,443268.239 4479443.5761 0,443272.989 4479447.4927 0,443275.6557 4479450.6594 0,443277.8223 4479453.5761 0,443279.6557 4479456.9094 0,443282.5723 4479463.9094 0,443283.9057 4479470.3261 0))",2360431,Verde,Línea,18
"MULTILINESTRING Z ((443304.5075 4479544.7111 0,443297.0909 4479503.2944 0,443295.6742 4479495.6277 0))",2360434,Verde,Línea,10
"MULTILINESTRING Z ((443297.489 4479546.4094 0,443295.8223 4479536.7427 0))",2360435,Verde,Línea,2
"MULTILINESTRING Z ((443294.5723 4479529.4927 0,443288.9057 4479497.2427 0))",2360436,Verde,Línea,7
"MULTILINESTRING Z ((443319.4057 4479546.5761 0,443309.1834 4479549.0205 0))",2360438,Verde,Línea,2
"MULTILINESTRING Z ((443345.2946 4479540.3538 0,443329.9612 4479544.0576 0))",2360439,Verde,Línea,3
"MULTILINESTRING Z ((443345.1742 4479502.2111 0,443336.7575 4479503.5444 0))",2360441,Verde,Batería,3
"MULTILINESTRING Z ((443350.643 4479521.0515 0,443348.1308 4479508.2116 0))",2360442,Verde,Línea,2
"MULTILINESTRING Z ((443356.1742 4479534.4611 0,443361.4242 4479533.5444 0))",2360443,Verde,Batería,2
"MULTILINESTRING Z ((443358.3409 4479579.4611 0,443380.5909 4479522.8777 0))",2360445,Verde,Batería,21
"MULTILINESTRING Z ((443364.2575 4479531.0444 0,443351.3409 4479563.2111 0))",2360446,Verde,Batería,12
"MULTILINESTRING Z ((443344.739 4479553.9927 0,443350.9057 4479566.4927 0))",2360447,Verde,Batería,5
"MULTILINESTRING Z ((443283.489 4479562.9927 0,443289.3223 4479561.5761 0))",2360451,Verde,Línea,1
"MULTILINESTRING Z ((443269.989 4479566.2427 0,443275.489 4479564.9094 0))",2360452,Verde,Línea,1
"MULTILINESTRING Z ((443240.739 4479573.4927 0,443254.5723 4479570.0761 0))",2360454,Verde,Línea,3
"MULTILINESTRING Z ((443238.3223 4479566.4094 0,443265.0723 4479560.1594 0))",2360455,Verde,Línea,6
"MULTILINESTRING Z ((443271.5723 4479558.5761 0,443292.489 4479553.4927 0))",2360456,Verde,Línea,4
"MULTILINESTRING Z ((443234.5723 4479575.0761 0,443229.489 4479576.2427 0))",2360457,Verde,Línea,1
"MULTILINESTRING Z ((443228.2512 4479579.6031 0,443222.9734 4479593.2698 0))",2360458,Verde,Batería,6
"MULTILINESTRING Z ((443208.5075 4479618.3777 0,443208.1742 4479596.7944 0))",2360462,Verde,Línea,4
"MULTILINESTRING Z ((443083.3686 4479676.5761 0,443098.9983 4479673.8724 0))",2360464,Verde,Línea,3
"MULTILINESTRING Z ((443106.1094 4479672.6131 0,443116.8871 4479670.7242 0))",2360465,Verde,Línea,2
"MULTILINESTRING Z ((443138.6742 4479667.1277 0,443127.4242 4479668.9611 0))",2360466,Verde,Línea,2
"MULTILINESTRING Z ((443127.239 4479610.2427 0,443132.239 4479608.4094 0))",2360468,Verde,Línea,1
"MULTILINESTRING Z ((443150.6279 4479601.539 0,443144.5908 4479603.8353 0))",2360469,Verde,Línea,1
"MULTILINESTRING Z ((443191.5723 4479585.7427 0,443162.3223 4479596.9927 0))",2360470,Verde,Línea,6
"MULTILINESTRING Z ((443189.3316 4479579.6131 0,443160.5538 4479590.5761 0))",2360472,Verde,Línea,6
"MULTILINESTRING Z ((443194.0353 4479578.0576 0,443213.702 4479572.8353 0))",2360473,Verde,Línea,4
"MULTILINESTRING Z ((443227.739 4479563.0205 0,443225.0168 4479546.2427 0))",2360474,Verde,Línea,3
"MULTILINESTRING Z ((443218.7276 4479550.8622 0,443221.2398 4479564.2603 0))",2360475,Verde,Línea,3
"MULTILINESTRING Z ((443220.739 4479521.4094 0,443223.6834 4479538.9094 0))",2360476,Verde,Línea,3
"MULTILINESTRING Z ((443216.8501 4479539.2427 0,443214.0168 4479523.7427 0))",2360477,Verde,Línea,3
"MULTILINESTRING Z ((443221.7575 4479518.7111 0,443232.9242 4479516.4611 0))",2360478,Verde,Batería,5
"MULTILINESTRING Z ((443209.1742 4479508.7944 0,443201.2575 4479510.2944 0))",2360480,Verde,Batería,3
"MULTILINESTRING Z ((443214.489 4479484.4094 0,443217.1557 4479499.9094 0))",2360482,Verde,Línea,3
"MULTILINESTRING Z ((443116.5723 4479577.3261 0,443118.6557 4479567.1594 0,443119.0723 4479561.9094 0,443120.489 4479548.6594 0,443121.739 4479535.5761 0))",2363152,Verde,Línea,9
"MULTILINESTRING Z ((443105.0723 4479575.1594 0,443106.5723 4479565.4927 0,443107.3223 4479558.4094 0))",2363156,Verde,Línea,4
"MULTILINESTRING Z ((443107.989 4479550.4927 0,443110.5723 4479514.4094 0,443111.489 4479499.8261 0))",2363157,Verde,Línea,10
"MULTILINESTRING Z ((443115.6557 4479447.9094 0,443118.5723 4479432.3261 0,443121.0723 4479423.4094 0))",2363162,Verde,Línea,6
"MULTILINESTRING Z ((443127.5723 4479404.0761 0,443129.4057 4479400.5761 0))",2363164,Verde,Línea,1
"MULTILINESTRING Z ((443087.5723 4479459.9927 0,443106.6557 4479461.6594 0))",2363166,Verde,Línea,4
"MULTILINESTRING Z ((443062.6557 4479420.5761 0,443086.239 4479449.5761 0,443087.5723 4479450.8261 0,443090.8223 4479451.0761 0))",2363168,Verde,Línea,9
"MULTILINESTRING Z ((443102.489 4479408.4094 0,443117.8223 4479408.3261 0))",2363170,Verde,Línea,3
"MULTILINESTRING Z ((443059.8223 4479408.8261 0,443086.6557 4479408.9094 0))",2363172,Verde,Línea,7
"MULTILINESTRING Z ((443005.1464 4479377.3538 0,443004.3686 4479377.4279 0,442990.0353 4479377.7983 0))",2363176,Verde,Línea,3
"MULTILINESTRING Z ((442964.3223 4479378.4094 0,442984.239 4479378.1594 0))",2363177,Verde,Línea,4
"MULTILINESTRING Z ((442940.3522 4479379.0123 0,442945.274 4479377.1522 0))",2363178,Verde,Línea,1
"MULTILINESTRING Z ((442902.6557 4479401.3261 0,442914.989 4479397.3261 0))",2363180,Verde,Línea,2
"MULTILINESTRING Z ((442895.239 4479403.7427 0,442883.8223 4479407.6594 0))",2363181,Verde,Línea,2
"MULTILINESTRING Z ((442954.0723 4479385.7427 0,442966.2946 4479415.2983 0,442968.5168 4479419.2983 0,442972.6834 4479425.0205 0,442978.9057 4479433.0205 0,442992.5168 4479451.2983 0))",2363182,Verde,Línea,16
"MULTILINESTRING Z ((443019.5723 4479478.0761 0,443006.1834 4479465.6316 0,442996.6834 4479455.965 0))",2363183,Verde,Línea,6
"MULTILINESTRING Z ((443024.9242 4479488.3538 0,443018.3316 4479494.539 0))",2363184,Verde,Línea,2
"MULTILINESTRING Z ((443006.489 4479505.7427 0,443015.5723 4479497.1594 0))",2363185,Verde,Línea,3
"MULTILINESTRING Z ((443037.5211 4479488.6081 0,443042.1367 4479495.1966 0))",2363186,Verde,Línea,1
"MULTILINESTRING Z ((443045.2946 4479500.0946 0,443057.9983 4479519.7242 0,443071.3316 4479538.4279 0))",2363187,Verde,Línea,10
"MULTILINESTRING Z ((443083.239 4479624.9094 0,443080.739 4479621.5761 0))",2363190,Verde,Línea,1
"MULTILINESTRING Z ((443076.489 4479615.1594 0,443053.6557 4479583.4094 0))",2363191,Verde,Línea,8
"MULTILINESTRING Z ((443013.239 4479530.4927 0,443000.6557 4479514.7427 0))",2363195,Verde,Línea,4
"MULTILINESTRING Z ((443024.1834 4479544.1872 0,443031.2946 4479553.6872 0))",2363196,Verde,Línea,2
"MULTILINESTRING Z ((443015.4057 4479533.3538 0,443021.7946 4479541.2427 0))",2363197,Verde,Línea,2
"MULTILINESTRING Z ((442995.9983 4479500.8353 0,442990.4427 4479495.1316 0,442971.4427 4479475.0205 0))",2363199,Verde,Línea,7
"MULTILINESTRING Z ((442929.6557 4479410.1594 0,442937.9057 4479431.8261 0))",2363202,Verde,Línea,5
"MULTILINESTRING Z ((442924.489 4479396.8261 0,442927.3223 4479404.4927 0))",2363203,Verde,Línea,2
"MULTILINESTRING Z ((442833.3852 4479359.2247 0,442861.503 4479403.2167 0))",2363205,Verde,Línea,11
"MULTILINESTRING Z ((442852.0353 4479401.9094 0,442840.2205 4479383.2798 0))",2363206,Verde,Línea,4
"MULTILINESTRING Z ((442864.3223 4479407.9094 0,442868.5723 4479414.1594 0))",2363207,Verde,Línea,1
"MULTILINESTRING Z ((442916.1557 4479489.1594 0,442873.6557 4479422.0761 0))",2363209,Verde,Línea,17
"MULTILINESTRING Z ((442919.702 4479494.7983 0,442922.6649 4479499.539 0))",2363210,Verde,Línea,1
"MULTILINESTRING Z ((442995.5168 4479614.7983 0,443006.1279 4479631.5761 0))",2363213,Verde,Línea,4
"MULTILINESTRING Z ((443010.5723 4479638.3261 0,443018.6557 4479651.0761 0))",2363215,Verde,Línea,2
"MULTILINESTRING Z ((442994.4242 4479627.2944 0,443005.0909 4479644.2111 0))",2363229,Verde,Línea,4
"MULTILINESTRING Z ((442964.2205 4479579.3168 0,442969.2946 4479587.6131 0))",2363233,Verde,Línea,2
"MULTILINESTRING Z ((442946.6557 4479579.1594 0,442935.989 4479577.5761 0))",2363234,Verde,Línea,2
"MULTILINESTRING Z ((442939.7513 4479539.7613 0,442934.9118 4479532.0822 0))",2363236,Verde,Línea,2
"MULTILINESTRING Z ((442868.4057 4479427.0761 0,442891.4057 4479463.9094 0))",2363237,Verde,Línea,9
"MULTILINESTRING Z ((442902.6279 4479481.2427 0,442911.739 4479495.1872 0))",2363238,Verde,Línea,3
"MULTILINESTRING Z ((442919.8995 4479508.3045 0,442913.9489 4479498.8971 0))",2363239,Verde,Línea,2
"MULTILINESTRING Z ((442767.776 4479455.502 0,442811.8871 4479436.2798 0))",2363246,Verde,Línea,10
"MULTILINESTRING Z ((442719.6649 4479476.7983 0,442758.9242 4479459.3538 0))",2363247,Verde,Línea,9
"MULTILINESTRING Z ((442808.4797 4479430.2057 0,442786.1094 4479439.9464 0))",2363251,Verde,Línea,5
"MULTILINESTRING Z ((442705.8871 4479413.2427 0,442705.4057 4479410.465 0))",2363254,Azul,Batería,1
"MULTILINESTRING Z ((442728.8223 4479551.6594 0,442729.489 4479554.4094 0))",2363255,Verde,Batería,1
"MULTILINESTRING Z ((442731.5909 4479567.3777 0,442730.9242 4479564.4611 0))",2363256,Verde,Batería,1
"MULTILINESTRING Z ((442732.739 4479575.0761 0,442734.739 4479588.2427 0))",2363257,Verde,Batería,7
"MULTILINESTRING Z ((442833.6773 4479673.4897 0,442816.418 4479671.2674 0))",2363261,Verde,Línea,3
"MULTILINESTRING Z ((442796.4057 4479675.6594 0,442837.8223 4479681.0761 0))",2363263,Verde,Línea,8
"MULTILINESTRING Z ((442865.0075 4479684.7111 0,442843.0909 4479681.8777 0))",2363264,Verde,Línea,4
"MULTILINESTRING Z ((442892.989 4479688.3261 0,442904.6557 4479689.8261 0))",2363267,Verde,Línea,2
"MULTILINESTRING Z ((442909.5723 4479690.4927 0,442922.0723 4479692.1594 0))",2363268,Verde,Línea,2
"MULTILINESTRING Z ((443028.1557 4479705.9094 0,442964.3223 4479697.7427 0))",2363271,Verde,Línea,13
"MULTILINESTRING Z ((443029.3501 4479698.8538 0,443005.739 4479696.0205 0))",2363274,Verde,Línea,4
"MULTILINESTRING Z ((442988.9057 4479693.965 0,442976.1834 4479692.1872 0))",2363275,Verde,Línea,3
"MULTILINESTRING Z ((442949.1742 4479688.6277 0,442932.2575 4479686.3777 0))",2363276,Verde,Línea,3
"MULTILINESTRING Z ((442985.739 4479741.7427 0,442990.3223 4479739.4094 0))",2363280,Azul,Línea,1
"MULTILINESTRING Z ((442952.3223 4479759.3261 0,442956.739 4479757.2427 0))",2363281,Azul,Línea,1
"MULTILINESTRING Z ((442850.5168 4479811.1316 0,442855.5908 4479808.5761 0))",2363284,Azul,Línea,1
"MULTILINESTRING Z ((442817.0952 4479797.4638 0,442814.9285 4479793.6305 0))",2363285,Verde,Batería,2
"MULTILINESTRING Z ((442800.776 4479765.7242 0,442806.9983 4479778.0576 0))",2363287,Verde,Batería,6
"MULTILINESTRING Z ((442788.0723 4479740.2427 0,442796.989 4479757.3261 0))",2363288,Verde,Batería,7
"MULTILINESTRING Z ((442780.6557 4479726.3261 0,442779.8223 4479724.6594 0))",2363289,Verde,Batería,1
"MULTILINESTRING Z ((442796.8131 4479806.7613 0,442791.9242 4479797.1316 0))",2363290,Verde,Línea,2
"MULTILINESTRING Z ((442742.2866 4479699.7983 0,442740.0049 4479695.3836 0))",2363293,Verde,Línea,1
"MULTILINESTRING Z ((442700.1742 4479515.1277 0,442702.6742 4479530.4611 0))",2363300,Verde,Línea,3
"MULTILINESTRING Z ((442685.0776 4479481.8419 0,442651.612 4479486.8023 0))",2363301,Verde,Línea,7
"MULTILINESTRING Z ((442674.5307 4479366.0761 0,442689.0307 4479451.2011 0))",2363304,Azul,Línea,19
"MULTILINESTRING Z ((442628.739 4479398.0761 0,442621.8501 4479362.0761 0,442617.0723 4479338.0761 0))",2363305,Verde,Línea,13
"MULTILINESTRING Z ((442626.5908 4479423.0205 0,442628.9983 4479435.5761 0))",2363309,Azul,Línea,2
"MULTILINESTRING Z ((442643.0075 4479472.4611 0,442641.4242 4479464.2111 0))",2363310,Verde,Línea,1
"MULTILINESTRING Z ((442639.8223 4479455.7427 0,442637.489 4479443.9094 0))",2363311,Verde,Línea,2
"MULTILINESTRING Z ((442648.989 4479495.7427 0,442654.989 4479519.1594 0))",2363313,Verde,Línea,5
"MULTILINESTRING Z ((442656.9057 4479525.4927 0,442667.1557 4479563.8261 0))",2363315,Verde,Línea,8
"MULTILINESTRING Z ((442662.3316 4479573.9094 0,442663.5908 4479578.8353 0,442664.5908 4479583.3168 0,442665.8501 4479590.0576 0,442666.2205 4479592.5761 0,442666.5168 4479595.0946 0,442666.9612 4479601.0946 0,442667.0723 4479607.1316 0))",2363318,Azul,Línea,7
"MULTILINESTRING Z ((442666.9057 4479614.6872 0,442666.4057 4479618.9094 0,442662.9057 4479642.465 0))",2363319,Azul,Línea,5
"MULTILINESTRING Z ((442642.1874 4479662.6455 0,442641.9394 4479664.1832 0,442639.4096 4479693.2507 0))",2363323,Verde,Línea,6
"MULTILINESTRING Z ((442637.989 4479709.0761 0,442639.0723 4479697.4927 0))",2363324,Verde,Línea,2
"MULTILINESTRING Z ((442634.739 4479746.6594 0,442637.5723 4479713.8261 0))",2363325,Verde,Línea,7
"MULTILINESTRING Z ((442652.6785 4479886.2972 0,442668.4285 4479882.2138 0,442688.8452 4479874.7138 0))",2363328,Verde,Línea,8
"MULTILINESTRING Z ((442737.2619 4479855.2138 0,442695.6785 4479871.9638 0))",2363329,Verde,Línea,10
"MULTILINESTRING Z ((442626.3501 4479762.7427 0,442541.4057 4479749.7983 0))",2363330,Verde,Línea,18
"MULTILINESTRING Z ((442537.3501 4479742.5205 0,442550.239 4479692.3538 0,442554.9057 4479674.7427 0,442560.8501 4479653.2983 0))",2363332,Verde,Línea,20
"MULTILINESTRING Z ((442633.2919 4479489.547 0,442616.0961 4479492.0933 0))",2363333,Verde,Línea,3
"MULTILINESTRING Z ((442588.776 4479481.7242 0,442586.4057 4479470.2798 0))",2363336,Verde,Línea,2
"MULTILINESTRING Z ((442584.5908 4479461.7613 0,442579.5908 4479438.6872 0))",2363338,Verde,Línea,5
"MULTILINESTRING Z ((442576.739 4479457.4156 0,442579.0106 4479468.2551 0))",2363339,Verde,Línea,2
"MULTILINESTRING Z ((442570.1834 4479426.3538 0,442571.9057 4479435.465 0))",2363343,Verde,Línea,2
"MULTILINESTRING Z ((442577.5075 4479428.1277 0,442575.4242 4479418.9611 0))",2363344,Verde,Línea,2
"MULTILINESTRING Z ((442567.1279 4479411.965 0,442569.6279 4479423.965 0))",2363345,Verde,Línea,3
"MULTILINESTRING Z ((442563.739 4479404.465 0,442549.5168 4479407.3538 0))",2363346,Verde,Línea,3
"MULTILINESTRING Z ((442572.9983 4479407.9464 0,442567.0353 4479379.539 0))",2363347,Verde,Línea,6
"MULTILINESTRING Z ((442563.0168 4479392.1316 0,442565.3501 4479402.8538 0))",2363348,Verde,Línea,2
"MULTILINESTRING Z ((442559.7946 4479377.5205 0,442562.2946 4479389.6872 0))",2363349,Verde,Línea,2
"MULTILINESTRING Z ((442423.3223 4479511.9094 0,442419.0723 4479512.5761 0))",2363353,Verde,Batería,1
"MULTILINESTRING Z ((442524.0909 4479505.7111 0,442452.0909 4479516.7111 0))",2363355,Verde,Línea,15
"MULTILINESTRING Z ((442451.0723 4479629.6594 0,442469.0723 4479631.3261 0))",2363359,Verde,Línea,3
"MULTILINESTRING Z ((442407.9057 4479625.7983 0,442443.5723 4479629.1316 0))",2363361,Verde,Línea,7
"MULTILINESTRING Z ((442388.7946 4479567.2983 0,442386.8501 4479557.6872 0))",2363366,Verde,Línea,2
"MULTILINESTRING Z ((442383.739 4479544.465 0,442382.9057 4479541.0761 0))",2363367,Verde,Línea,1
"MULTILINESTRING Z ((442375.4057 4479508.1594 0,442364.6557 4479459.9094 0))",2363369,Verde,Línea,11
"MULTILINESTRING Z ((442359.674 4479439.1335 0,442349.0074 4479390.3002 0))",2363370,Verde,Línea,10
"MULTILINESTRING Z ((442307.9057 4479458.4927 0,442332.1557 4479463.4094 0))",2363373,Verde,Línea,5
"MULTILINESTRING Z ((442285.2946 4479453.2983 0,442301.0168 4479456.7983 0))",2363374,Verde,Línea,3
"MULTILINESTRING Z ((442257.0723 4479447.0761 0,442279.8223 4479451.9094 0))",2363375,Verde,Línea,4
"MULTILINESTRING Z ((442272.9242 4479440.9835 0,442253.9242 4479436.9094 0))",2363376,Verde,Línea,4
"MULTILINESTRING Z ((442242.739 4479427.8538 0,442242.2946 4479403.9094 0,442241.9057 4479376.6316 0))",2363379,Verde,Línea,11
"MULTILINESTRING Z ((442240.7615 4479433.8087 0,442232.3448 4479431.8921 0))",2363380,Verde,Línea,1
"MULTILINESTRING Z ((442227.0723 4479430.6501 0,442218.6279 4479428.7983 0,442211.8131 4479427.1316 0))",2363381,Verde,Línea,3
"MULTILINESTRING Z ((442268.1834 4479529.1872 0,442247.239 4479485.6316 0,442246.1834 4479481.6316 0,442244.9612 4479470.1316 0,442242.1279 4479451.1872 0))",2363383,Verde,Línea,18
"MULTILINESTRING Z ((442332.239 4479533.7427 0,442288.239 4479540.6594 0))",2363386,Verde,Línea,10
"MULTILINESTRING Z ((442277.5723 4479559.4927 0,442291.489 4479609.2427 0,442296.6557 4479625.9927 0))",2363389,Verde,Línea,14
"MULTILINESTRING Z ((442377.4057 4479763.5761 0,442389.739 4479781.0761 0))",2363393,Verde,Línea,4
"MULTILINESTRING Z ((442269.4057 4479543.3538 0,442210.0723 4479552.6316 0))",2363397,Verde,Línea,13
"MULTILINESTRING Z ((442218.3223 4479543.3261 0,442252.239 4479537.9927 0))",2363400,Azul,Línea,7
"MULTILINESTRING Z ((442207.3223 4479674.7427 0,442207.739 4479681.3261 0))",2363403,Verde,Línea,1
"MULTILINESTRING Z ((442208.5723 4479700.7983 0,442207.9612 4479688.6316 0))",2363404,Verde,Línea,2
"MULTILINESTRING Z ((442208.9057 4479708.4094 0,442210.3223 4479745.0761 0))",2363405,Verde,Línea,7
"MULTILINESTRING Z ((442131.6649 4479739.539 0,442145.739 4479742.9464 0))",2363406,Verde,Línea,3
"MULTILINESTRING Z ((442130.8501 4479746.6501 0,442140.6649 4479749.1316 0))",2363407,Verde,Línea,2
"MULTILINESTRING Z ((442134.6279 4479585.4279 0,442133.0723 4479574.7983 0))",2363408,Verde,Línea,2
"MULTILINESTRING Z ((442125.5168 4479575.9094 0,442126.9612 4479585.0205 0))",2363409,Verde,Línea,2
"MULTILINESTRING Z ((442136.9057 4479563.6872 0,442148.4057 4479562.0205 0))",2363411,Verde,Línea,2
"MULTILINESTRING Z ((442128.3223 4479555.0761 0,442143.0723 4479552.8261 0))",2363413,Azul,Línea,3
"MULTILINESTRING Z ((442077.739 4479564.7427 0,442111.0723 4479559.7427 0,442122.239 4479557.9927 0))",2363414,Azul,Línea,9
"MULTILINESTRING Z ((442086.4057 4479571.5761 0,442107.3223 4479568.4927 0))",2363416,Verde,Línea,4
"MULTILINESTRING Z ((442058.4057 4479575.7427 0,442079.9057 4479572.5761 0))",2363417,Verde,Línea,4
"MULTILINESTRING Z ((442033.2946 4479564.2427 0,442034.1464 4479548.502 0))",2363418,Verde,Línea,3
"MULTILINESTRING Z ((442036.1557 4479508.5761 0,442034.7807 4479538.9511 0))",2363419,Verde,Línea,6
"MULTILINESTRING Z ((442037.4057 4479484.5761 0,442036.4057 4479501.4094 0))",2363420,Verde,Línea,3
"MULTILINESTRING Z ((442039.4057 4479441.5761 0,442039.1557 4479449.8261 0))",2363421,Verde,Línea,1
"MULTILINESTRING Z ((442127.1834 4479419.6625 0,442114.9118 4479416.6995 0))",2363424,Verde,Línea,2
"MULTILINESTRING Z ((442155.739 4479423.6594 0,442166.3223 4479426.1594 0))",2363426,Verde,Línea,2
"MULTILINESTRING Z ((442212.9282 4479418.8087 0,442192.0948 4479375.3921 0,442182.3448 4479355.4754 0,442176.5115 4479343.6421 0))",2363428,Verde,Línea,18
"MULTILINESTRING Z ((441926.9282 4479405.1421 0,441935.9282 4479373.3921 0,441939.0948 4479364.3921 0,441942.0115 4479357.8087 0,441944.9282 4479352.0587 0))",2363433,Verde,Línea,12
"MULTILINESTRING Z ((441974.2575 4479422.9464 0,441979.6649 4479422.465 0,442031.5908 4479418.2798 0))",2363435,Verde,Línea,12
"MULTILINESTRING Z ((441964.239 4479465.2427 0,441959.6834 4479515.0761 0))",2363437,Verde,Línea,10
"MULTILINESTRING Z ((441956.9057 4479545.2983 0,441958.7946 4479523.5761 0))",2363438,Verde,Línea,4
"MULTILINESTRING Z ((441955.6279 4479557.5205 0,441956.4057 4479549.965 0))",2363439,Verde,Línea,1
"MULTILINESTRING Z ((441954.3448 4479572.3921 0,441954.7615 4479567.5587 0))",2363440,Verde,Línea,1
"MULTILINESTRING Z ((441947.5723 4479584.7427 0,441900.2946 4479592.2427 0))",2363444,Azul,Línea,10
"MULTILINESTRING Z ((441890.3501 4479608.965 0,441891.2946 4479601.7983 0))",2363450,Verde,Línea,1
"MULTILINESTRING Z ((441873.6782 4479723.7254 0,441881.6782 4479668.0587 0,441885.0948 4479645.2254 0,441885.7615 4479640.3921 0))",2363453,Verde,Línea,18
"MULTILINESTRING Z ((441879.1557 4479731.9094 0,441889.489 4479735.9927 0))",2363455,Verde,Línea,2
"MULTILINESTRING Z ((441894.6557 4479738.2427 0,441925.989 4479750.6594 0))",2363456,Verde,Línea,7
"MULTILINESTRING Z ((441934.4057 4479744.4094 0,441933.8223 4479748.9927 0))",2363457,Verde,Línea,1
"MULTILINESTRING Z ((441934.989 4479739.4927 0,441937.989 4479720.1594 0))",2363458,Verde,Línea,3
"MULTILINESTRING Z ((441930.239 4479731.4927 0,441921.5723 4479730.2427 0))",2363459,Verde,Línea,2
"MULTILINESTRING Z ((441914.0723 4479725.8538 0,441915.6834 4479715.0761 0))",2363460,Verde,Línea,2
"MULTILINESTRING Z ((441932.3686 4479712.9464 0,441920.5908 4479711.2798 0))",2363461,Verde,Línea,2
"MULTILINESTRING Z ((441938.9057 4479715.4094 0,441940.5723 4479702.8261 0))",2363462,Verde,Línea,2
"MULTILINESTRING Z ((441943.0115 4479687.0587 0,441941.3448 4479698.5587 0))",2363463,Verde,Línea,2
"MULTILINESTRING Z ((441872.0353 4479736.1687 0,441871.776 4479736.9464 0,441869.3686 4479753.7613 0))",2363465,Verde,Línea,3
"MULTILINESTRING Z ((441887.5723 4479792.9927 0,441895.489 4479794.9927 0))",2363466,Verde,Línea,1
"MULTILINESTRING Z ((441923.0723 4479801.8261 0,441930.1557 4479803.7427 0))",2363467,Verde,Línea,1
"MULTILINESTRING Z ((441957.1557 4479763.1594 0,441934.3223 4479754.4094 0))",2363469,Verde,Línea,5
"MULTILINESTRING Z ((441974.0723 4479777.4927 0,441974.6557 4479779.1594 0,441975.8223 4479781.4094 0,441976.4057 4479782.0761 0))",2363471,Verde,Línea,1
"MULTILINESTRING Z ((441985.1557 4479785.7427 0,441990.4057 4479783.2427 0))",2363472,Verde,Línea,1
"MULTILINESTRING Z ((441991.0723 4479769.9094 0,441992.239 4479771.3261 0,441993.239 4479773.4927 0,441993.4057 4479775.4094 0))",2363473,Verde,Batería,2
"MULTILINESTRING Z ((442038.4057 4479772.9094 0,442040.989 4479755.9927 0))",2363480,Verde,Línea,3
"MULTILINESTRING Z ((442046.989 4479715.8261 0,442041.9057 4479751.2427 0))",2363482,Verde,Línea,7
"MULTILINESTRING Z ((442033.8223 4479709.4094 0,442042.239 4479711.4927 0))",2363485,Verde,Línea,2
"MULTILINESTRING Z ((442029.9057 4479708.3261 0,442003.8223 4479701.3261 0))",2363486,Verde,Línea,5
"MULTILINESTRING Z ((441996.9057 4479674.5761 0,441992.0723 4479706.5761 0))",2363487,Verde,Línea,6
"MULTILINESTRING Z ((441987.6557 4479734.2427 0,441985.739 4479746.9927 0))",2363489,Verde,Línea,2
"MULTILINESTRING Z ((441983.1557 4479763.6594 0,441984.9057 4479752.0761 0))",2363490,Verde,Línea,2
"MULTILINESTRING Z ((442222.1834 4479858.0761 0,442175.1834 4479853.2983 0))",2363493,Verde,Línea,10
"MULTILINESTRING Z ((441850.0723 4478179.8353 0,441830.776 4478181.9094 0))",2363496,Azul,Batería,8
"MULTILINESTRING Z ((441749.8669 4478446.5609 0,441747.1121 4478407.2358 0))",2363500,Verde,Línea,8
"MULTILINESTRING Z ((441750.239 4478456.7427 0,441750.739 4478464.8261 0))",2363501,Verde,Línea,1
"MULTILINESTRING Z ((441933.5168 4478887.7613 0,441924.2575 4478888.5761 0))",2363511,Azul,Línea,2
"MULTILINESTRING Z ((441915.0723 4478889.3909 0,441919.739 4478888.9464 0))",2363512,Azul,Línea,1
"MULTILINESTRING Z ((441948.5723 4478820.8261 0,441960.9057 4478879.7427 0))",2363514,Azul,Línea,13
"MULTILINESTRING Z ((442004.3405 4478879.9727 0,442008.9238 4478879.556 0))",2363516,Azul,Línea,1
"MULTILINESTRING Z ((442036.6834 4478872.5761 0,442021.4057 4478874.465 0))",2363517,Azul,Línea,3
"MULTILINESTRING Z ((442053.5908 4478874.6501 0,442088.4427 4478870.3909 0))",2363518,Azul,Línea,7
"MULTILINESTRING Z ((442126.1738 4478864.6393 0,442141.2572 4478864.1393 0))",2363520,Azul,Línea,3
"MULTILINESTRING Z ((442035.989 4478770.2427 0,442051.1557 4478767.5761 0))",2363522,Verde,Línea,3
"MULTILINESTRING Z ((442056.1557 4478766.4927 0,442070.739 4478764.0761 0))",2363523,Verde,Línea,3
"MULTILINESTRING Z ((442098.6738 4478862.2227 0,442091.7572 4478820.8893 0))",2363524,Verde,Línea,9
"MULTILINESTRING Z ((442087.1557 4478792.9094 0,442090.3223 4478813.4094 0))",2363526,Verde,Línea,4
"MULTILINESTRING Z ((442120.989 4478657.3261 0,442148.489 4478653.2427 0))",2363537,Verde,Línea,5
"MULTILINESTRING Z ((442076.2946 4478732.965 0,442072.739 4478711.965 0))",2363541,Verde,Línea,4
"MULTILINESTRING Z ((442084.3361 4478776.8866 0,442081.6695 4478762.9699 0))",2363542,Verde,Línea,3
"MULTILINESTRING Z ((442049.1279 4478592.4094 0,442046.7946 4478580.2427 0))",2363549,Verde,Línea,2
"MULTILINESTRING Z ((442044.365 4478567.999 0,442037.9266 4478535.7484 0))",2363550,Verde,Línea,7
"MULTILINESTRING Z ((442036.7528 4478529.4699 0,442029.5028 4478492.9699 0))",2363551,Verde,Línea,8
"MULTILINESTRING Z ((442021.489 4478450.2427 0,442025.9057 4478474.4927 0))",2363552,Verde,Línea,5
"MULTILINESTRING Z ((442010.5028 4478396.6366 0,442013.8361 4478415.7199 0))",2363553,Verde,Línea,4
"MULTILINESTRING Z ((441989.9622 4478365.7414 0,441985.8652 4478361.2151 0,441976.7345 4478350.4456 0))",2363554,Verde,Línea,4
"MULTILINESTRING Z ((441960.9057 4478332.5761 0,441968.1557 4478342.4927 0))",2363555,Verde,Línea,2
"MULTILINESTRING Z ((442017.1279 4478377.0761 0,442035.3501 4478395.5761 0))",2363563,Verde,Línea,5
"MULTILINESTRING Z ((442155.1557 4478516.8261 0,442160.6557 4478522.0761 0))",2363568,Verde,Línea,1
"MULTILINESTRING Z ((442185.6557 4478547.4927 0,442226.3223 4478588.6594 0))",2363573,Verde,Línea,12
"MULTILINESTRING Z ((442190.702 4478539.0205 0,442197.3316 4478532.3538 0,442198.8501 4478530.1687 0,442200.0353 4478528.1316 0))",2363575,Verde,Línea,3
"MULTILINESTRING Z ((442222.9983 4478438.502 0,442223.3686 4478442.4279 0,442223.5538 4478442.9094 0))",2363579,Verde,Línea,1
"MULTILINESTRING Z ((442215.6279 4478318.4094 0,442214.9057 4478325.6316 0,442214.9057 4478327.5761 0,442218.4057 4478375.5761 0))",2363587,Verde,Línea,12
"MULTILINESTRING Z ((442194.9064 4478126.6176 0,442151.8862 4478128.8418 0))",2363595,Verde,Línea,9
"MULTILINESTRING Z ((442125.8223 4478130.0761 0,442145.4057 4478129.2427 0))",2363596,Verde,Línea,3
"MULTILINESTRING Z ((442112.4057 4478130.8261 0,442119.239 4478130.4927 0))",2363597,Verde,Línea,1
"MULTILINESTRING Z ((442252.6929 4478159.9672 0,442261.7485 4478178.9117 0))",2363600,Verde,Línea,4
"MULTILINESTRING Z ((442271.1557 4478197.8261 0,442265.3223 4478186.4094 0))",2363601,Verde,Línea,2
"MULTILINESTRING Z ((442357.5723 4478123.8261 0,442339.5723 4478124.1594 0))",2363604,Verde,Línea,4
"MULTILINESTRING Z ((442366.7487 4478123.7947 0,442382.332 4478123.5447 0))",2363605,Verde,Línea,3
"MULTILINESTRING Z ((442462.489 4478122.4094 0,442454.9057 4478122.6594 0))",2363607,Verde,Línea,1
"MULTILINESTRING Z ((442442.489 4478230.1594 0,442442.4057 4478234.4927 0))",2363614,Verde,Línea,1
"MULTILINESTRING Z ((442376.1401 4478188.6587 0,442389.529 4478189.492 0))",2363622,Verde,Batería,6
"MULTILINESTRING Z ((442332.8623 4478199.8254 0,442337.9734 4478203.8809 0))",2363625,Verde,Batería,3
"MULTILINESTRING Z ((442310.3068 4478188.3809 0,442319.3623 4478196.1031 0))",2363627,Verde,Línea,3
"MULTILINESTRING Z ((442284.8378 4478205.9588 0,442287.702 4478206.6255 0))",2363628,Verde,Batería,1
"MULTILINESTRING Z ((442344.2512 4478275.1031 0,442351.2512 4478281.1587 0))",2363643,Verde,Línea,2
"MULTILINESTRING Z ((442322.0723 4478300.4094 0,442326.7946 4478294.965 0))",2363649,Verde,Línea,2
"MULTILINESTRING Z ((442328.6557 4478351.0761 0,442326.1557 4478308.4927 0,442332.739 4478300.3261 0))",2363650,Verde,Línea,12
"MULTILINESTRING Z ((442301.3223 4478303.8261 0,442312.5723 4478303.4927 0))",2363652,Verde,Línea,2
"MULTILINESTRING Z ((442256.0861 4478304.9699 0,442296.1653 4478304.0447 0))",2363653,Verde,Línea,8
"MULTILINESTRING Z ((442237.3501 4478381.0761 0,442254.739 4478379.7983 0))",2363657,Verde,Línea,3
"MULTILINESTRING Z ((442297.0861 4478376.5533 0,442303.0028 4478376.1366 0))",2363658,Verde,Línea,1
"MULTILINESTRING Z ((442321.4987 4478374.4614 0,442310.582 4478375.4614 0))",2363659,Verde,Línea,2
"MULTILINESTRING Z ((442349.7487 4478369.7947 0,442335.2487 4478370.9614 0))",2363660,Verde,Línea,3
"MULTILINESTRING Z ((442465.1557 4478378.2427 0,442492.239 4478400.6594 0))",2363668,Verde,Línea,7
"MULTILINESTRING Z ((442501.9057 4478432.7427 0,442516.6557 4478444.8261 0))",2363671,Verde,Línea,4
"MULTILINESTRING Z ((442387.4153 4478489.0447 0,442383.582 4478502.2114 0))",2363674,Azul,Línea,3
"MULTILINESTRING Z ((442390.832 4478489.7947 0,442392.2487 4478485.2114 0))",2363675,Azul,Línea,1
"MULTILINESTRING Z ((442256.5028 4478462.7199 0,442246.7528 4478460.2199 0))",2363726,Verde,Batería,4
"MULTILINESTRING Z ((442240.9612 4478458.6872 0,442227.5168 4478455.2983 0))",2363727,Verde,Batería,6
"MULTILINESTRING Z ((442255.6614 4478452.459 0,442224.8742 4478444.0306 0))",2363728,Verde,Línea,6
"MULTILINESTRING Z ((442316.5861 4478472.0533 0,442300.0861 4478467.5533 0))",2363730,Verde,Línea,3
"MULTILINESTRING Z ((442329.0861 4478456.8866 0,442325.0861 4478470.8866 0))",2363731,Verde,Línea,3
"MULTILINESTRING Z ((442313.0723 4478399.1594 0,442336.6557 4478424.5761 0))",2363733,Verde,Línea,8
"MULTILINESTRING Z ((442332.0168 4478491.8538 0,442345.6279 4478442.9094 0))",2363739,Verde,Línea,11
"MULTILINESTRING Z ((442242.989 4478531.4094 0,442227.5723 4478524.9094 0))",2363750,Verde,Batería,5
"MULTILINESTRING Z ((442247.989 4478533.4927 0,442253.239 4478535.5761 0))",2363751,Verde,Batería,2
"MULTILINESTRING Z ((442298.239 4478554.7983 0,442295.9057 4478553.9094 0))",2363753,Verde,Batería,1
"MULTILINESTRING Z ((442360.0352 4478578.0591 0,442315.2399 4478560.9855 0))",2363754,Verde,Línea,10
"MULTILINESTRING Z ((442312.7946 4478568.6316 0,442340.739 4478579.1316 0))",2363755,Verde,Línea,6
"MULTILINESTRING Z ((442355.5861 4478586.8866 0,442344.5861 4478582.8033 0))",2363756,Verde,Línea,2
"MULTILINESTRING Z ((442315.3686 4478857.6501 0,442317.8871 4478845.2057 0))",2363774,Verde,Línea,3
"MULTILINESTRING Z ((442314.6279 4478844.6501 0,442314.776 4478843.502 0,442316.8131 4478833.2798 0,442320.9242 4478814.4279 0))",2363775,Verde,Línea,6
"MULTILINESTRING Z ((442323.5723 4478801.8261 0,442328.5723 4478776.6594 0))",2363776,Verde,Línea,5
"MULTILINESTRING Z ((442329.8501 4478771.465 0,442336.4612 4478739.4094 0))",2363777,Verde,Línea,7
"MULTILINESTRING Z ((442349.4197 4478687.8808 0,442346.253 4478703.0475 0))",2363779,Verde,Línea,3
"MULTILINESTRING Z ((442532.2946 4478818.1687 0,442530.2205 4478792.9094 0))",2363790,Verde,Línea,5
"MULTILINESTRING Z ((442523.4155 4478702.6778 0,442522.2489 4478689.7889 0))",2363792,Verde,Línea,3
"MULTILINESTRING Z ((442519.739 4478689.9094 0,442519.1557 4478683.5761 0))",2363793,Verde,Línea,1
"MULTILINESTRING Z ((442514.5908 4478633.2798 0,442518.0723 4478673.1687 0))",2363794,Verde,Línea,9
"MULTILINESTRING Z ((442509.489 4478575.8261 0,442512.739 4478611.9094 0))",2363795,Verde,Línea,7
"MULTILINESTRING Z ((442502.6933 4478616.0111 0,442500.86 4478592.6778 0))",2363796,Verde,Batería,9
"MULTILINESTRING Z ((442498.9057 4478567.5761 0,442500.489 4478586.4927 0))",2363797,Verde,Batería,7
"MULTILINESTRING Z ((442498.6073 4478618.6501 0,442475.8583 4478612.2962 0))",2363798,Verde,Línea,5
"MULTILINESTRING Z ((442555.489 4478534.5761 0,442566.5723 4478529.6594 0))",2363815,Verde,Línea,2
"MULTILINESTRING Z ((442576.3501 4478580.6316 0,442577.239 4478590.6872 0))",2363816,Verde,Línea,2
"MULTILINESTRING Z ((442574.739 4478595.4927 0,442576.3223 4478611.6594 0))",2363817,Verde,Línea,3
"MULTILINESTRING Z ((442582.6557 4478650.4094 0,442579.239 4478611.4927 0))",2363818,Verde,Línea,8
"MULTILINESTRING Z ((442587.1287 4478694.7145 0,442584.7421 4478667.2682 0))",2363819,Verde,Línea,6
"MULTILINESTRING Z ((442572.5908 4478732.2798 0,442565.739 4478732.6131 0))",2363822,Azul,Batería,3
"MULTILINESTRING Z ((442603.0723 4478581.1594 0,442604.8223 4478596.1594 0))",2363829,Verde,Línea,3
"MULTILINESTRING Z ((442593.9155 4478490.9556 0,442593.5822 4478485.8723 0))",2363830,Azul,Batería,2
"MULTILINESTRING Z ((442588.2946 4478427.5761 0,442587.5723 4478421.6316 0))",2363831,Azul,Batería,2
"MULTILINESTRING Z ((442555.739 4478373.8538 0,442554.4057 4478356.465 0))",2363832,Verde,Batería,6
"MULTILINESTRING Z ((442556.4427 4478352.5761 0,442556.3316 4478349.502 0,442556.0353 4478346.539 0))",2363833,Verde,Línea,1
"MULTILINESTRING Z ((442553.0723 4478342.5761 0,442552.8131 4478339.8353 0))",2363834,Verde,Batería,1
"MULTILINESTRING Z ((442548.9242 4478298.6872 0,442548.2575 4478292.0946 0))",2363835,Verde,Batería,3
"MULTILINESTRING Z ((442546.5723 4478275.6316 0,442545.9057 4478267.6316 0))",2363836,Verde,Batería,3
"MULTILINESTRING Z ((442543.8501 4478243.2983 0,442544.4612 4478249.5205 0))",2363837,Verde,Batería,3
"MULTILINESTRING Z ((442540.2205 4478206.8724 0,442539.776 4478202.0946 0))",2363838,Verde,Batería,2
"MULTILINESTRING Z ((442537.8871 4478177.7613 0,442538.2205 4478182.2057 0))",2363839,Verde,Batería,2
"MULTILINESTRING Z ((442536.6155 4478165.86 0,442536.4674 4478164.2798 0))",2363840,Verde,Batería,1
"MULTILINESTRING Z ((442561.4668 4478142.5084 0,442561.189 4478139.7862 0))",2363842,Verde,Batería,1
"MULTILINESTRING Z ((442828.7512 4478384.3254 0,442831.8623 4478398.8254 0))",2363851,Azul,Línea,3
"MULTILINESTRING Z ((442604.0168 4478512.965 0,442650.7946 4478509.6872 0))",2363856,Verde,Línea,10
"MULTILINESTRING Z ((442668.0822 4478508.5111 0,442657.4155 4478509.2889 0))",2363857,Verde,Línea,2
"MULTILINESTRING Z ((442843.8223 4478477.1594 0,442843.5723 4478443.1594 0,442843.1557 4478428.9094 0,442843.1557 4478423.2427 0,442842.489 4478406.9094 0,442842.0723 4478401.1594 0,442841.4057 4478394.0761 0,442839.8223 4478385.4094 0,442838.239 4478380.0761 0,442834.1557 4478367.4094 0,442822.9057 4478334.3261 0))",2363861,Verde,Línea,31
"MULTILINESTRING Z ((442875.8223 4478197.4094 0,442858.4057 4478216.3261 0))",2363868,Verde,Batería,10
"MULTILINESTRING Z ((442886.5723 4478207.7427 0,442872.0723 4478223.7427 0))",2363869,Verde,Batería,9
"MULTILINESTRING Z ((442949.1834 4478313.1316 0,442931.4057 4478343.7427 0))",2363876,Verde,Línea,7
"MULTILINESTRING Z ((442896.9711 4478347.1223 0,442896.6378 4478335.2334 0))",2363878,Verde,Batería,3
"MULTILINESTRING Z ((442849.4057 4478116.7427 0,442856.1557 4478116.8261 0,442868.9057 4478117.6594 0,442873.8223 4478118.4094 0,442880.6557 4478119.3261 0,442887.5723 4478120.6594 0,442894.5723 4478122.1594 0,442901.3223 4478124.2427 0))",2363883,Verde,Línea,11
"MULTILINESTRING Z ((442916.1557 4478128.6594 0,442923.1557 4478130.7427 0))",2363884,Verde,Línea,1
"MULTILINESTRING Z ((442914.2946 4478224.6316 0,442897.3501 4478209.6316 0))",2363885,Azul,Línea,5
"MULTILINESTRING Z ((442923.4057 4478232.7427 0,442937.8501 4478245.7983 0))",2363886,Azul,Línea,4
"MULTILINESTRING Z ((442942.4057 4478249.7427 0,442969.5723 4478273.9927 0))",2363887,Azul,Línea,7
"MULTILINESTRING Z ((443004.739 4478190.6594 0,443013.489 4478163.0761 0))",2363894,Verde,Línea,6
"MULTILINESTRING Z ((443000.2445 4478197.9528 0,442991.0779 4478195.1751 0))",2363895,Verde,Línea,2
"MULTILINESTRING Z ((442958.9057 4478182.2427 0,442961.239 4478184.4094 0,442962.9057 4478185.8261 0,442966.239 4478187.4927 0,442968.489 4478188.2427 0))",2363897,Verde,Línea,2
"MULTILINESTRING Z ((442682.5267 4478525.4 0,442683.9155 4478542.6223 0))",2363902,Verde,Línea,3
"MULTILINESTRING Z ((442679.4155 4478514.6223 0,442680.36 4478525.1778 0))",2363903,Verde,Línea,2
"MULTILINESTRING Z ((442670.4612 4478516.0205 0,442674.1834 4478556.3538 0))",2363904,Verde,Línea,8
"MULTILINESTRING Z ((442681.86 4478542.9 0,442683.8044 4478562.7889 0))",2363905,Verde,Línea,4
"MULTILINESTRING Z ((442731.6933 4478701.5111 0,442704.6378 4478702.7334 0))",2363919,Verde,Línea,5
"MULTILINESTRING Z ((442789.3223 4478695.9094 0,442803.4057 4478695.2427 0))",2363921,Verde,Línea,3
"MULTILINESTRING Z ((442824.4057 4478606.4094 0,442828.1557 4478569.4094 0))",2363924,Verde,Línea,8
"MULTILINESTRING Z ((442834.4427 4478505.6501 0,442828.702 4478563.7983 0))",2363927,Verde,Línea,12
"MULTILINESTRING Z ((442852.489 4478484.1594 0,442921.5723 4478482.9927 0,442935.8223 4478482.5761 0))",2363928,Verde,Línea,18
"MULTILINESTRING Z ((442960.7489 4478482.3445 0,442945.36 4478482.6778 0))",2363931,Verde,Línea,3
"MULTILINESTRING Z ((442945.739 4478522.5205 0,442944.739 4478503.2983 0))",2363934,Verde,Línea,4
"MULTILINESTRING Z ((442935.7489 4478503.2889 0,442935.7489 4478522.9556 0))",2363938,Verde,Batería,8
"MULTILINESTRING Z ((442842.8501 4478505.9094 0,442839.4612 4478540.6872 0))",2363939,Verde,Línea,7
"MULTILINESTRING Z ((442898.1256 4478687.4628 0,442896.0144 4478652.1223 0))",2363943,Verde,Línea,7
"MULTILINESTRING Z ((442892.8223 4478648.8261 0,442892.0723 4478639.9094 0,442892.739 4478638.3261 0,442893.239 4478637.8261 0))",2363944,Verde,Batería,4
"MULTILINESTRING Z ((442907.2132 4478686.8203 0,442905.6527 4478656.0694 0))",2363946,Verde,Batería,13
"MULTILINESTRING Z ((443006.8871 4478685.6872 0,442974.9612 4478687.7242 0))",2363948,Verde,Línea,7
"MULTILINESTRING Z ((442701.6834 4478851.1316 0,442698.1834 4478815.7983 0))",2363959,Verde,Línea,7
"MULTILINESTRING Z ((442705.9155 4478786.7889 0,442710.4199 4478834.7917 0,442711.7532 4478848.7917 0))",2363960,Verde,Batería,26
"MULTILINESTRING Z ((442778.1279 4478780.1316 0,442714.5168 4478783.7983 0))",2363962,Verde,Línea,14
"MULTILINESTRING Z ((442819.5723 4478757.7983 0,442822.0723 4478716.5761 0))",2363970,Verde,Línea,9
"MULTILINESTRING Z ((442835.5168 4478769.5761 0,442900.776 4478767.1687 0))",2363971,Verde,Línea,14
"MULTILINESTRING Z ((442904.6279 4478766.9835 0,442930.1094 4478766.0576 0))",2363972,Verde,Línea,5
"MULTILINESTRING Z ((443011.2575 4478763.2057 0,443004.8131 4478763.3168 0,442935.739 4478765.8353 0))",2363973,Verde,Línea,16
"MULTILINESTRING Z ((442937.5166 4478774.0105 0,442947.1216 4478773.6649 0))",2363975,Verde,Línea,2
"MULTILINESTRING Z ((442903.7489 4478775.1778 0,442929.4155 4478774.3445 0))",2363976,Verde,Línea,5
"MULTILINESTRING Z ((442836.1279 4478777.9094 0,442860.1279 4478776.8538 0))",2363978,Verde,Línea,5
"MULTILINESTRING Z ((442828.7143 4478790.6995 0,442828.8871 4478793.2674 0))",2363982,Verde,Batería,1
"MULTILINESTRING Z ((442829.7513 4478805.8106 0,442830.1217 4478811.7613 0))",2363983,Verde,Batería,2
"MULTILINESTRING Z ((442831.1834 4478826.6316 0,442830.7946 4478819.965 0))",2363984,Verde,Batería,3
"MULTILINESTRING Z ((442832.4057 4478842.9927 0,442831.9057 4478836.3261 0))",2363985,Verde,Batería,3
"MULTILINESTRING Z ((442831.6834 4478834.8538 0,442831.2946 4478828.3538 0))",2363986,Verde,Batería,3
"MULTILINESTRING Z ((442818.5168 4478843.3538 0,442818.1094 4478837.9464 0))",2363987,Azul,Batería,2
"MULTILINESTRING Z ((442817.9983 4478836.1316 0,442817.6279 4478831.2427 0))",2363988,Azul,Batería,2
"MULTILINESTRING Z ((442817.4427 4478828.6872 0,442817.1094 4478823.7983 0))",2363989,Azul,Batería,2
"MULTILINESTRING Z ((442816.9242 4478821.6131 0,442816.5168 4478816.2057 0))",2363991,Azul,Batería,2
"MULTILINESTRING Z ((442816.4057 4478814.3909 0,442815.9983 4478808.9835 0))",2363992,Azul,Batería,2
"MULTILINESTRING Z ((442815.8501 4478807.0205 0,442815.4427 4478801.9094 0))",2363993,Azul,Batería,2
"MULTILINESTRING Z ((442815.2946 4478799.9094 0,442814.8871 4478794.3168 0))",2363994,Azul,Batería,2
"MULTILINESTRING Z ((442920.239 4478850.0761 0,442935.489 4478849.4927 0))",2363996,Verde,Línea,3
"MULTILINESTRING Z ((443016.3686 4478757.0205 0,443015.8871 4478744.2057 0))",2364001,Azul,Línea,2
"MULTILINESTRING Z ((443015.4057 4478725.6594 0,443014.989 4478719.9927 0))",2364002,Azul,Línea,1
"MULTILINESTRING Z ((443014.239 4478704.2427 0,443014.8223 4478715.1594 0))",2364003,Azul,Línea,2
"MULTILINESTRING Z ((443035.3501 4478770.965 0,443075.739 4478769.1872 0))",2364027,Verde,Línea,8
"MULTILINESTRING Z ((443101.9989 4478769.1223 0,443100.1655 4478768.8723 0,443080.1655 4478769.1223 0))",2364028,Verde,Línea,4
"MULTILINESTRING Z ((443250.9612 4478778.2427 0,443219.6279 4478804.6872 0,443213.0723 4478808.8538 0,443210.7946 4478809.9094 0,443204.9612 4478811.1872 0))",2364031,Verde,Línea,12
"MULTILINESTRING Z ((443038.1279 4478695.9094 0,443067.1279 4478694.9094 0,443077.9612 4478695.0205 0,443087.239 4478695.6316 0,443098.1834 4478696.7983 0,443105.4057 4478697.7427 0,443125.6279 4478701.7983 0))",2364035,Verde,Línea,19
"MULTILINESTRING Z ((443218.739 4478741.1594 0,443241.739 4478758.3261 0,443247.1557 4478762.9927 0))",2364040,Verde,Línea,7
"MULTILINESTRING Z ((443271.7491 4478787.9497 0,443260.8044 4478775.9556 0))",2364042,Verde,Línea,3
"MULTILINESTRING Z ((443274.9158 4478791.7831 0,443284.4158 4478803.8664 0,443297.3324 4478823.0331 0))",2364043,Verde,Línea,8
"MULTILINESTRING Z ((443299.3324 4478837.5331 0,443297.8324 4478841.9497 0))",2364045,Verde,Batería,2
"MULTILINESTRING Z ((443337.0353 4478850.1316 0,443302.5168 4478856.7983 0,443301.702 4478856.6131 0,443288.0353 4478851.7613 0))",2364046,Verde,Línea,10
"MULTILINESTRING Z ((443099.5723 4478685.0761 0,443090.4057 4478684.2427 0,443084.0723 4478683.4927 0,443075.6557 4478682.9927 0))",2364057,Verde,Línea,5
"MULTILINESTRING Z ((443036.239 4478683.7983 0,443048.8501 4478683.2427 0,443058.1279 4478682.965 0,443064.6279 4478682.965 0))",2364058,Verde,Línea,6
"MULTILINESTRING Z ((443126.8223 4478684.4927 0,443125.4057 4478655.8261 0))",2364060,Verde,Línea,6
"MULTILINESTRING Z ((443139.9242 4478664.2057 0,443141.3782 4478662.7599 0,443141.466 4478661.9698 0,443141.0929 4478655.4403 0,443140.5113 4478654.2112 0,443140.1162 4478653.7174 0,443139.6663 4478653.4101 0))",2364061,Verde,Batería,5
"MULTILINESTRING Z ((443434.1217 4478840.6255 0,443448.2946 4478824.6008 0))",2364066,Verde,Línea,4
"MULTILINESTRING Z ((443030.7946 4478678.465 0,443037.239 4478658.6316 0,443039.2946 4478651.4094 0,443049.0723 4478619.5761 0,443051.1834 4478612.4094 0))",2364068,Verde,Batería,29
"MULTILINESTRING Z ((443025.1655 4478654.8723 0,443036.1655 4478620.1223 0))",2364069,Azul,Línea,8
"MULTILINESTRING Z ((443038.0353 4478607.0205 0,443035.2205 4478615.5353 0))",2364070,Azul,Línea,3
"MULTILINESTRING Z ((443051.1834 4478572.9094 0,443043.5723 4478596.7427 0))",2364071,Azul,Línea,5
"MULTILINESTRING Z ((443000.9242 4478570.4279 0,443002.6649 4478560.7242 0,443002.6649 4478560.2057 0,443001.9242 4478558.4279 0))",2364074,Verde,Batería,5
"MULTILINESTRING Z ((443095.739 4478316.2983 0,443080.4057 4478327.1316 0))",2364080,Verde,Línea,4
"MULTILINESTRING Z ((443102.5723 4478329.6594 0,443097.0723 4478331.7427 0,443094.9057 4478331.9927 0,443092.239 4478331.7427 0))",2364081,Verde,Batería,4
"MULTILINESTRING Z ((443079.1279 4478466.0205 0,443079.9057 4478485.1316 0,443079.8501 4478488.6872 0,443079.9612 4478495.4094 0,443079.7946 4478501.465 0,443079.1279 4478510.0205 0,443078.6279 4478514.1316 0))",2364087,Verde,Batería,18
"MULTILINESTRING Z ((443086.9057 4478513.9094 0,443107.5723 4478512.4927 0))",2364089,Verde,Batería,8
"MULTILINESTRING Z ((443119.8501 4478511.7983 0,443115.4057 4478511.965 0))",2364091,Verde,Línea,1
"MULTILINESTRING Z ((443126.6279 4478505.965 0,443147.9057 4478503.2427 0))",2364093,Verde,Batería,9
"MULTILINESTRING Z ((443147.3322 4478519.1223 0,443131.7072 4478520.2473 0))",2364094,Verde,Línea,3
"MULTILINESTRING Z ((443153.8223 4478530.9927 0,443155.6557 4478557.0761 0))",2364096,Verde,Línea,5
"MULTILINESTRING Z ((443153.5822 4478585.0389 0,443152.2489 4478562.4556 0))",2364097,Verde,Batería,10
"MULTILINESTRING Z ((443155.6834 4478586.8538 0,443154.0723 4478586.8538 0,443151.739 4478587.2983 0,443150.7946 4478587.5761 0,443150.1279 4478588.3538 0,443149.6279 4478589.2983 0,443149.5168 4478589.8538 0))",2364098,Verde,Batería,3
"MULTILINESTRING Z ((443062.739 4478608.5761 0,443144.4057 4478603.4094 0))",2364100,Verde,Batería,34
"MULTILINESTRING Z ((443143.5723 4478594.2427 0,443137.9057 4478594.6316 0))",2364102,Verde,Línea,1
"MULTILINESTRING Z ((443070.0353 4478552.6872 0,443075.0353 4478531.7242 0))",2364104,Verde,Batería,9
"MULTILINESTRING Z ((443083.3044 4478423.0667 0,443080.36 4478416.0667 0))",2364105,Verde,Batería,3
"MULTILINESTRING Z ((443099.5822 4478416.2334 0,443096.6378 4478409.3445 0))",2364106,Verde,Batería,3
"MULTILINESTRING Z ((443135.4155 4478405.2889 0,443100.0822 4478419.9556 0))",2364107,Verde,Línea,9
"MULTILINESTRING Z ((443140.1557 4478403.2427 0,443160.1557 4478394.9927 0))",2364108,Verde,Línea,4
"MULTILINESTRING Z ((443295.8131 4478288.7242 0,443292.9242 4478297.539 0))",2364115,Verde,Línea,2
"MULTILINESTRING Z ((443013.4057 4478193.0761 0,443021.739 4478165.7427 0))",2364133,Verde,Línea,6
"MULTILINESTRING Z ((443151.239 4478235.465 0,443138.3501 4478233.1316 0,443120.1834 4478228.9094 0,443103.2946 4478224.1316 0,443075.5723 4478215.1872 0,443051.5723 4478207.965 0,443040.5168 4478204.4094 0,443015.3501 4478196.965 0))",2364139,Verde,Línea,30
"MULTILINESTRING Z ((443159.1094 4478236.8971 0,443170.7637 4478238.8724 0))",2364142,Verde,Línea,2
"MULTILINESTRING Z ((443173.489 4478235.9094 0,443176.3223 4478209.4094 0))",2364145,Verde,Línea,6
"MULTILINESTRING Z ((443295.1279 4478207.8538 0,443295.8501 4478232.5761 0))",2364147,Verde,Línea,5
"MULTILINESTRING Z ((443322.8223 4478196.9927 0,443329.9057 4478196.0761 0))",2364148,Verde,Línea,1
"MULTILINESTRING Z ((443362.5168 4478197.9094 0,443364.0168 4478206.7983 0))",2364150,Verde,Línea,2
"MULTILINESTRING Z ((443356.4057 4478199.5761 0,443369.1557 4478275.2011 0))",2364152,Verde,Línea,16
"MULTILINESTRING Z ((443373.5168 4478301.0761 0,443370.0168 4478281.4094 0))",2364153,Verde,Línea,4
"MULTILINESTRING Z ((443371.6834 4478306.8538 0,443331.9612 4478323.1316 0))",2364155,Verde,Línea,9
"MULTILINESTRING Z ((443217.989 4478431.9094 0,443225.8223 4478428.5761 0))",2364169,Verde,Línea,2
"MULTILINESTRING Z ((443164.9057 4478454.9094 0,443177.739 4478449.5761 0))",2364170,Verde,Línea,3
"MULTILINESTRING Z ((443181.8223 4478447.5761 0,443205.8223 4478437.4094 0))",2364171,Verde,Línea,6
"MULTILINESTRING Z ((443264.2807 4478535.9511 0,443271.2807 4478539.0761 0))",2364174,Verde,Línea,1
"MULTILINESTRING Z ((443228.8044 4478475.2334 0,443230.0822 4478445.7889 0))",2364176,Verde,Línea,6
"MULTILINESTRING Z ((443240.5723 4478439.6594 0,443244.8223 4478444.2427 0,443249.0723 4478448.5761 0,443253.989 4478452.6594 0,443256.9057 4478454.6594 0))",2364177,Verde,Línea,5
"MULTILINESTRING Z ((443267.1834 4478459.7427 0,443273.0723 4478461.5761 0))",2364178,Verde,Línea,1
"MULTILINESTRING Z ((443322.1834 4478471.539 0,443325.0723 4478471.7613 0))",2364184,Verde,Línea,1
"MULTILINESTRING Z ((443278.5267 4478517.0667 0,443279.5822 4478502.8445 0))",2364186,Verde,Línea,3
"MULTILINESTRING Z ((443277.9983 4478522.2427 0,443277.4427 4478528.9464 0))",2364187,Verde,Línea,1
"MULTILINESTRING Z ((443325.5723 4478537.3261 0,443309.989 4478536.2427 0))",2364189,Verde,Línea,3
"MULTILINESTRING Z ((443279.1279 4478591.6316 0,443342.739 4478585.0761 0))",2364191,Verde,Línea,13
"MULTILINESTRING Z ((443368.9612 4478582.5205 0,443347.5168 4478584.465 0))",2364193,Verde,Línea,4
"MULTILINESTRING Z ((443279.739 4478633.5761 0,443281.489 4478641.2427 0))",2364195,Verde,Línea,1
"MULTILINESTRING Z ((443288.2575 4478648.7983 0,443298.1094 4478647.5761 0,443321.1464 4478644.9464 0))",2364196,Verde,Línea,7
"MULTILINESTRING Z ((443364.0269 4478640.1164 0,443348.0269 4478641.8942 0))",2364198,Verde,Línea,3
"MULTILINESTRING Z ((443286.739 4478669.7427 0,443284.239 4478653.8261 0))",2364199,Verde,Línea,3
"MULTILINESTRING Z ((443211.8623 4478709.3254 0,443219.9179 4478707.992 0))",2364204,Verde,Línea,1
"MULTILINESTRING Z ((443294.239 4478704.0761 0,443296.8223 4478718.8261 0))",2364205,Verde,Línea,3
"MULTILINESTRING Z ((443322.5269 4478703.5053 0,443325.7491 4478703.0608 0))",2364206,Verde,Batería,1
"MULTILINESTRING Z ((443352.1936 4478697.672 0,443354.6936 4478697.2275 0))",2364207,Verde,Batería,1
"MULTILINESTRING Z ((443372.0824 4478695.7831 0,443368.3047 4478696.3386 0))",2364208,Verde,Batería,1
"MULTILINESTRING Z ((443334.5723 4478690.0761 0,443356.4057 4478686.4094 0))",2364211,Verde,Línea,4
"MULTILINESTRING Z ((443385.4158 4478765.672 0,443371.2491 4478767.7275 0))",2364213,Verde,Batería,6
"MULTILINESTRING Z ((443382.3047 4478750.172 0,443372.8047 4478751.4497 0))",2364214,Verde,Batería,4
"MULTILINESTRING Z ((443430.5723 4478733.2427 0,443431.3223 4478738.6594 0))",2364220,Azul,Línea,1
"MULTILINESTRING Z ((443367.5168 4478553.502 0,443365.702 4478551.7242 0,443364.0353 4478550.2798 0))",2364226,Verde,Línea,1
"MULTILINESTRING Z ((443330.9983 4478520.0946 0,443330.4427 4478527.6131 0))",2364231,Verde,Línea,1
"MULTILINESTRING Z ((443331.5723 4478511.1594 0,443332.5723 4478498.9094 0))",2364233,Verde,Línea,2
"MULTILINESTRING Z ((443333.9057 4478484.1594 0,443333.4057 4478490.1594 0))",2364234,Verde,Línea,1
"MULTILINESTRING Z ((443360.1557 4478471.4511 0,443370.4057 4478477.0761 0,443378.5307 4478483.4511 0))",2364235,Verde,Línea,4
"MULTILINESTRING Z ((443388.5723 4478434.6594 0,443392.5723 4478460.4927 0))",2364241,Verde,Línea,6
"MULTILINESTRING Z ((443398.4612 4478196.6316 0,443401.1834 4478212.2983 0))",2364244,Azul,Línea,3
"MULTILINESTRING Z ((443403.489 4478225.8261 0,443402.1557 4478217.4927 0))",2364246,Azul,Línea,1
"MULTILINESTRING Z ((443432.4115 4478308.5303 0,443431.5781 4478303.6136 0))",2364250,Verde,Línea,1
"MULTILINESTRING Z ((443416.6557 4478304.4094 0,443425.1557 4478356.9927 0))",2364252,Azul,Línea,11
"MULTILINESTRING Z ((443442.4115 4478367.7803 0,443444.4948 4478379.697 0))",2364254,Verde,Línea,2
"MULTILINESTRING Z ((443445.7448 4478388.0303 0,443448.2448 4478402.947 0))",2364255,Verde,Línea,3
"MULTILINESTRING Z ((443430.739 4478388.8261 0,443433.989 4478408.7427 0))",2364256,Azul,Línea,4
"MULTILINESTRING Z ((443453.8006 4478435.1633 0,443449.1337 4478407.7803 0))",2364258,Verde,Línea,6
"MULTILINESTRING Z ((443437.3223 4478428.2427 0,443438.989 4478439.3261 0))",2364260,Azul,Línea,2
"MULTILINESTRING Z ((443458.5168 4478514.0205 0,443458.8131 4478504.1687 0))",2364263,Verde,Línea,2
"MULTILINESTRING Z ((443458.0353 4478521.9464 0,443457.3316 4478527.9094 0))",2364264,Verde,Línea,1
"MULTILINESTRING Z ((443456.5228 4478534.33 0,443454.745 4478547.83 0,443452.1339 4478560.4411 0))",2364265,Verde,Línea,5
"MULTILINESTRING Z ((443442.245 4478618.33 0,443444.4673 4478600.8856 0))",2364268,Verde,Línea,3
"MULTILINESTRING Z ((443439.8047 4478666.7275 0,443439.7491 4478659.2275 0))",2364269,Verde,Línea,2
"MULTILINESTRING Z ((443440.2491 4478645.2831 0,443439.8047 4478655.672 0))",2364270,Verde,Línea,2
"MULTILINESTRING Z ((443440.5723 4478638.4927 0,443440.739 4478634.0761 0,443440.989 4478630.1594 0,443441.3223 4478626.9094 0))",2364271,Verde,Línea,2
"MULTILINESTRING Z ((443443.989 4478508.3261 0,443443.5723 4478516.4927 0,443442.8223 4478525.6594 0,443441.5723 4478533.7427 0))",2364272,Azul,Línea,5
"MULTILINESTRING Z ((443439.5784 4478547.3856 0,443438.3561 4478553.3856 0))",2364273,Azul,Línea,1
"MULTILINESTRING Z ((443431.245 4478590.1633 0,443434.1339 4478573.4411 0))",2364277,Azul,Línea,3
"MULTILINESTRING Z ((443437.3006 4478558.4967 0,443435.8006 4478565.7189 0))",2364278,Azul,Línea,1
"MULTILINESTRING Z ((443424.6279 4478672.5761 0,443424.6279 4478655.1872 0))",2364280,Azul,Línea,3
"MULTILINESTRING Z ((443443.989 4478718.2427 0,443441.989 4478699.4094 0))",2364283,Verde,Línea,4
"MULTILINESTRING Z ((443446.9057 4478743.7427 0,443450.739 4478777.4927 0))",2364287,Verde,Línea,7
"MULTILINESTRING Z ((443504.1557 4478817.1594 0,443513.989 4478825.5761 0))",2364297,Verde,Línea,2
"MULTILINESTRING Z ((443554.384 4478849.353 0,443547.2433 4478847.324 0))",2364302,Verde,Línea,1
"MULTILINESTRING Z ((443564.739 4478852.2427 0,443585.739 4478857.7427 0))",2364303,Verde,Línea,5
"MULTILINESTRING Z ((443589.6557 4478858.6594 0,443605.0723 4478862.8261 0))",2364304,Verde,Línea,3
"MULTILINESTRING Z ((443624.989 4478833.1594 0,443627.6557 4478822.5761 0))",2364306,Verde,Batería,4
"MULTILINESTRING Z ((443643.0723 4478765.4094 0,443645.1557 4478757.5761 0))",2364307,Verde,Batería,3
"MULTILINESTRING Z ((443593.4057 4478728.3261 0,443588.5723 4478737.4094 0))",2364309,Verde,Línea,2
"MULTILINESTRING Z ((443575.1588 4478762.3785 0,443570.1711 4478771.7119 0))",2364310,Verde,Línea,2
"MULTILINESTRING Z ((443565.8995 4478779.7366 0,443555.3563 4478800.0576 0))",2364311,Verde,Línea,5
"MULTILINESTRING Z ((443553.489 4478803.9927 0,443550.989 4478808.9094 0))",2364312,Verde,Línea,1
"MULTILINESTRING Z ((443492.3223 4478769.0761 0,443484.239 4478778.4094 0))",2364315,Verde,Batería,6
"MULTILINESTRING Z ((443526.5784 4478729.4411 0,443520.0784 4478736.9967 0))",2364318,Verde,Batería,4
"MULTILINESTRING Z ((443494.239 4478743.3538 0,443490.739 4478747.4094 0))",2364320,Verde,Batería,2
"MULTILINESTRING Z ((443528.9242 4478703.1316 0,443521.0723 4478712.2427 0))",2364324,Verde,Batería,5
"MULTILINESTRING Z ((443539.3223 4478691.3261 0,443536.5723 4478694.4094 0))",2364325,Verde,Batería,1
"MULTILINESTRING Z ((443506.989 4478647.0761 0,443524.9057 4478664.0761 0))",2364327,Verde,Línea,6
"MULTILINESTRING Z ((443474.989 4478670.4094 0,443485.4057 4478659.7427 0))",2364329,Verde,Línea,3
"MULTILINESTRING Z ((443446.9612 4478679.1316 0,443461.4427 4478677.0576 0,443462.9983 4478676.7613 0,443466.2946 4478675.7983 0,443468.702 4478674.7613 0,443470.1464 4478673.9835 0))",2364330,Verde,Línea,5
"MULTILINESTRING Z ((443478.5723 4478655.4094 0,443469.1557 4478665.0761 0,443466.4057 4478666.7427 0,443462.3223 4478668.5761 0,443446.1557 4478671.3261 0))",2364332,Verde,Línea,8
"MULTILINESTRING Z ((443491.1557 4478642.4094 0,443483.8223 4478649.7427 0))",2364334,Verde,Línea,2
"MULTILINESTRING Z ((443563.4673 4478699.83 0,443591.8561 4478723.7189 0))",2364336,Verde,Línea,8
"MULTILINESTRING Z ((443649.9612 4478707.6872 0,443643.2205 4478732.9094 0))",2364337,Verde,Línea,5
"MULTILINESTRING Z ((443658.489 4478675.8261 0,443666.989 4478644.8261 0))",2364339,Verde,Línea,6
"MULTILINESTRING Z ((443702.6635 4478465.6269 0,443672.8491 4478635.1375 0))",2364340,Azul,Línea,37
"MULTILINESTRING Z ((443695.8768 4478456.3925 0,443698.644 4478429.7581 0))",2364344,Verde,Línea,5
"MULTILINESTRING Z ((443684.4057 4478509.6594 0,443686.6557 4478496.1594 0))",2364346,Azul,Línea,3
"MULTILINESTRING Z ((443675.5784 4478556.7328 0,443677.9534 4478542.2328 0))",2364347,Azul,Línea,3
"MULTILINESTRING Z ((443669.7034 4478608.7328 0,443671.8284 4478594.2328 0))",2364348,Azul,Línea,3
"MULTILINESTRING Z ((443558.467 4478668.7021 0,443563.5298 4478662.8892 0))",2364351,Azul,Batería,2
"MULTILINESTRING Z ((443584.0723 4478638.9094 0,443590.4057 4478631.3261 0))",2364353,Azul,Batería,5
"MULTILINESTRING Z ((443635.1617 4478604.1078 0,443644.8284 4478592.8578 0))",2364355,Verde,Batería,6
"MULTILINESTRING Z ((443653.5723 4478546.6594 0,443647.8223 4478581.2427 0,443641.5723 4478588.5761 0))",2364356,Verde,Línea,9
"MULTILINESTRING Z ((443654.4057 4478541.1594 0,443661.5723 4478499.4094 0,443665.4057 4478474.4094 0))",2364357,Verde,Línea,14
"MULTILINESTRING Z ((443665.739 4478300.9927 0,443628.1557 4478297.6594 0))",2364360,Verde,Línea,8
"MULTILINESTRING Z ((443671.4612 4478301.465 0,443709.0723 4478304.0761 0))",2364361,Verde,Línea,8
"MULTILINESTRING Z ((443551.6574 4478212.2717 0,443561.324 4478221.9384 0,443566.4074 4478226.105 0,443570.6574 4478229.105 0,443576.4074 4478232.855 0,443579.9907 4478235.605 0,443585.574 4478242.5217 0))",2364364,Azul,Línea,9
"MULTILINESTRING Z ((443653.489 4478472.6594 0,443644.739 4478525.0761 0,443642.3223 4478538.6594 0))",2364368,Verde,Línea,14
"MULTILINESTRING Z ((443641.3501 4478544.7427 0,443638.5168 4478559.1872 0))",2364369,Verde,Línea,3
"MULTILINESTRING Z ((443623.1094 4478583.9464 0,443612.4797 4478574.1316 0))",2364370,Verde,Línea,3
"MULTILINESTRING Z ((443604.1617 4478572.2745 0,443594.1617 4478572.8578 0))",2364373,Verde,Línea,2
"MULTILINESTRING Z ((443566.4057 4478575.8261 0,443569.5723 4478574.6594 0,443572.489 4478574.2427 0,443589.0723 4478573.3261 0))",2364374,Verde,Línea,4
"MULTILINESTRING Z ((443552.8006 4478588.7189 0,443559.5228 4478581.6078 0))",2364375,Verde,Línea,2
"MULTILINESTRING Z ((443533.989 4478608.4927 0,443522.8223 4478620.3261 0))",2364377,Verde,Línea,3
"MULTILINESTRING Z ((443518.989 4478624.3261 0,443513.239 4478630.1594 0))",2364378,Verde,Línea,2
"MULTILINESTRING Z ((443537.3223 4478593.6594 0,443545.989 4478584.7427 0))",2364383,Verde,Línea,2
"MULTILINESTRING Z ((443553.739 4478576.9927 0,443560.489 4478569.7427 0))",2364384,Verde,Línea,2
"MULTILINESTRING Z ((443503.9459 4478583.2754 0,443502.1566 4478617.8048 0))",2364393,Verde,Línea,7
"MULTILINESTRING Z ((443505.739 4478555.5761 0,443506.4057 4478544.9094 0))",2364395,Verde,Línea,2
"MULTILINESTRING Z ((443506.739 4478540.4094 0,443507.0723 4478534.6594 0))",2364396,Verde,Línea,1
"MULTILINESTRING Z ((443507.6557 4478524.0761 0,443507.4057 4478529.7427 0))",2364397,Verde,Línea,1
"MULTILINESTRING Z ((443508.739 4478507.2427 0,443508.0723 4478519.3261 0))",2364398,Verde,Línea,2
"MULTILINESTRING Z ((443509.8223 4478487.1594 0,443509.0723 4478503.6594 0))",2364399,Verde,Línea,3
"MULTILINESTRING Z ((443510.9099 4478470.0633 0,443510.1845 4478482.8304 0))",2364400,Verde,Línea,2
"MULTILINESTRING Z ((443579.6557 4478461.8261 0,443589.3223 4478461.7427 0))",2364404,Verde,Línea,2
"MULTILINESTRING Z ((443593.6557 4478461.5761 0,443619.9057 4478460.9927 0))",2364405,Verde,Línea,5
"MULTILINESTRING Z ((443615.2205 4478403.4279 0,443610.2946 4478389.9094 0))",2364410,Verde,Línea,3
"MULTILINESTRING Z ((443602.3561 4478367.8856 0,443608.3006 4478384.33 0))",2364411,Verde,Línea,3
"MULTILINESTRING Z ((443600.1834 4478362.3168 0,443595.8131 4478350.3909 0))",2364412,Verde,Línea,2
"MULTILINESTRING Z ((443592.5228 4478341.2745 0,443581.6339 4478311.5522 0))",2364413,Verde,Línea,6
"MULTILINESTRING Z ((443514.8501 4478276.1316 0,443539.1464 4478268.0946 0))",2364418,Verde,Línea,5
"MULTILINESTRING Z ((443509.1834 4478278.0205 0,443490.1464 4478284.3168 0))",2364419,Verde,Línea,4
"MULTILINESTRING Z ((443566.239 4478311.0761 0,443575.8501 4478306.965 0))",2364421,Verde,Línea,2
"MULTILINESTRING Z ((443497.739 4478339.4094 0,443500.0723 4478353.1594 0))",2364425,Verde,Línea,3
"MULTILINESTRING Z ((441657.5538 4477879.3168 0,441659.5538 4477877.7242 0,441660.4427 4477877.2427 0,441663.3686 4477875.7983 0,441665.9612 4477874.9464 0,441672.4797 4477874.502 0))",2364441,Verde,Línea,3
"MULTILINESTRING Z ((441827.804 4478043.6894 0,441814.304 4478028.3005 0))",2364447,Verde,Línea,4
"MULTILINESTRING Z ((441757.1258 4477960.5925 0,441809.2191 4478022.288 0))",2364448,Verde,Línea,17
"MULTILINESTRING Z ((441730.2114 4477928.5042 0,441719.3596 4477915.6894 0))",2364450,Verde,Línea,3
"MULTILINESTRING Z ((441693.739 4477885.0761 0,441700.8223 4477893.5761 0,441712.6557 4477907.7427 0))",2364451,Verde,Línea,6
"MULTILINESTRING Z ((441688.8596 4477890.3561 0,441709.6373 4477914.4117 0))",2364452,Verde,Línea,6
"MULTILINESTRING Z ((441591.739 4477736.0205 0,441563.2946 4477679.5761 0,441559.5168 4477672.465 0))",2364461,Verde,Línea,15
"MULTILINESTRING Z ((441584.9057 4477706.6316 0,441595.739 4477729.2427 0))",2364462,Verde,Línea,5
"MULTILINESTRING Z ((441558.6885 4477654.7978 0,441578.0219 4477692.9645 0,441579.9108 4477696.6311 0))",2364463,Verde,Línea,10
"MULTILINESTRING Z ((441557.739 4477668.8353 0,441551.6649 4477656.6501 0,441543.1464 4477638.9835 0))",2364464,Verde,Línea,5
"MULTILINESTRING Z ((441551.4057 4477640.0576 0,441547.8131 4477632.7983 0))",2364465,Verde,Línea,1
"MULTILINESTRING Z ((441539.0353 4477630.2427 0,441534.8131 4477621.9094 0))",2364466,Verde,Línea,2
"MULTILINESTRING Z ((441525.4057 4477580.0761 0,441521.739 4477570.4094 0))",2364469,Verde,Línea,2
"MULTILINESTRING Z ((441514.5723 4477575.4927 0,441509.9057 4477561.4094 0))",2364470,Verde,Línea,3
"MULTILINESTRING Z ((441516.5723 4477581.4094 0,441522.5168 4477597.6872 0,441526.0723 4477605.1316 0,441531.6834 4477616.1872 0,441532.6279 4477617.8538 0))",2364471,Verde,Línea,7
"MULTILINESTRING Z ((441577.9057 4477633.7427 0,441583.9057 4477630.1594 0))",2364475,Verde,Línea,1
"MULTILINESTRING Z ((441876.7966 4477525.8929 0,441880.9118 4477522.9958 0))",2364489,Verde,Línea,1
"MULTILINESTRING Z ((441866.4002 4477533.1976 0,441871.1377 4477529.8373 0))",2364490,Verde,Línea,1
"MULTILINESTRING Z ((441861.5723 4477536.6594 0,441856.0723 4477540.1594 0,441852.0723 4477542.5761 0,441849.3223 4477544.0761 0))",2364491,Verde,Línea,3
"MULTILINESTRING Z ((441760.1557 4477575.7427 0,441749.6557 4477578.9927 0))",2364497,Verde,Línea,2
"MULTILINESTRING Z ((441642.4057 4477613.4094 0,441665.7946 4477606.0205 0,441674.6279 4477602.9094 0))",2364499,Verde,Línea,7
"MULTILINESTRING Z ((441740.1834 4477610.965 0,441737.5168 4477591.3538 0))",2364502,Verde,Línea,4
"MULTILINESTRING Z ((441706.7946 4477654.1316 0,441722.0168 4477650.7427 0))",2364505,Verde,Línea,3
"MULTILINESTRING Z ((441678.9057 4477660.7427 0,441680.6279 4477660.0761 0,441700.5168 4477655.5761 0))",2364506,Verde,Línea,3
"MULTILINESTRING Z ((441660.5723 4477670.6316 0,441662.4057 4477669.2427 0,441665.1279 4477667.7427 0,441671.239 4477664.1872 0,441674.239 4477662.7427 0))",2364507,Verde,Línea,3
"MULTILINESTRING Z ((441643.5723 4477683.0205 0,441647.6834 4477679.6872 0,441654.4612 4477674.965 0))",2364508,Verde,Línea,1
"MULTILINESTRING Z ((441638.9057 4477687.0761 0,441635.4057 4477690.2983 0,441633.2946 4477692.4094 0,441630.239 4477695.5205 0,441628.4612 4477697.5761 0,441626.1834 4477700.0205 0,441621.4612 4477706.0205 0,441618.739 4477709.6316 0,441613.739 4477716.7427 0,441612.5723 4477719.3538 0,441609.7946 4477726.2983 0,441609.4057 4477726.7983 0))",2364509,Verde,Línea,12
"MULTILINESTRING Z ((441658.0219 4477680.7978 0,441671.8552 4477672.1311 0,441676.2997 4477669.8534 0))",2364514,Verde,Línea,4
"MULTILINESTRING Z ((441682.8501 4477667.3538 0,441698.5168 4477663.7983 0))",2364515,Verde,Línea,3
"MULTILINESTRING Z ((441777.489 4477639.9094 0,441803.8223 4477631.7427 0))",2364524,Verde,Línea,5
"MULTILINESTRING Z ((441815.0723 4477637.4094 0,441823.989 4477634.7427 0))",2364525,Verde,Línea,1
"MULTILINESTRING Z ((441837.739 4477630.3261 0,441831.739 4477632.0761 0))",2364526,Verde,Línea,1
"MULTILINESTRING Z ((441847.239 4477582.1594 0,441854.739 4477602.9927 0))",2364530,Verde,Línea,6
"MULTILINESTRING Z ((441886.0723 4477604.4927 0,441894.989 4477601.4927 0))",2364537,Verde,Línea,1
"MULTILINESTRING Z ((441902.8129 4477599.027 0,441927.437 4477590.9842 0))",2364538,Verde,Línea,5
"MULTILINESTRING Z ((441948.4803 4477584.0432 0,441933.9924 4477588.7807 0))",2364540,Verde,Línea,3
"MULTILINESTRING Z ((441873.9736 4477608.4279 0,441878.2452 4477607.0452 0))",2364542,Verde,Línea,1
"MULTILINESTRING Z ((441880.1557 4477676.9927 0,441871.1557 4477651.0761 0))",2364546,Verde,Línea,6
"MULTILINESTRING Z ((441882.5723 4477655.5761 0,441879.489 4477647.2427 0))",2364549,Verde,Línea,2
"MULTILINESTRING Z ((441898.4217 4477702.6385 0,441888.5497 4477672.7883 0))",2364552,Verde,Línea,7
"MULTILINESTRING Z ((441877.9057 4477686.9927 0,441816.9057 4477705.4927 0,441796.1557 4477708.9927 0))",2364556,Verde,Línea,19
"MULTILINESTRING Z ((441762.6557 4477717.2427 0,441789.489 4477710.4927 0))",2364558,Verde,Línea,5
"MULTILINESTRING Z ((441724.9108 4477726.3534 0,441751.633 4477719.3534 0))",2364559,Verde,Línea,6
"MULTILINESTRING Z ((441704.5168 4477725.5884 0,441695.8995 4477727.7366 0))",2364561,Verde,Batería,3
"MULTILINESTRING Z ((441708.133 4477729.0756 0,441693.6885 4477732.7978 0))",2364562,Verde,Línea,3
"MULTILINESTRING Z ((441697.489 4477717.4927 0,441707.489 4477715.6594 0))",2364563,Verde,Batería,4
"MULTILINESTRING Z ((441686.489 4477720.1594 0,441687.0723 4477719.8261 0,441688.5723 4477719.4094 0,441692.8223 4477718.4927 0))",2364564,Verde,Batería,3
"MULTILINESTRING Z ((441684.7441 4477722.7423 0,441680.5219 4477728.7978 0))",2364565,Verde,Línea,1
"MULTILINESTRING Z ((441690.2699 4477743.0946 0,441682.097 4477738.7242 0))",2364566,Verde,Línea,2
"MULTILINESTRING Z ((441663.6557 4477741.4094 0,441677.0723 4477738.1594 0))",2364567,Verde,Línea,3
"MULTILINESTRING Z ((441623.702 4477751.1687 0,441637.2822 4477747.8847 0))",2364568,Verde,Línea,3
"MULTILINESTRING Z ((441635.5723 4477812.5761 0,441655.4057 4477805.7427 0))",2364569,Verde,Línea,4
"MULTILINESTRING Z ((441632.8501 4477806.0761 0,441628.1834 4477807.8538 0))",2364570,Verde,Línea,1
"MULTILINESTRING Z ((441740.3223 4477776.7427 0,441757.739 4477771.1594 0))",2364573,Verde,Línea,4
"MULTILINESTRING Z ((441654.0278 4477798.8547 0,441665.4782 4477794.8471 0))",2364574,Verde,Línea,2
"MULTILINESTRING Z ((441741.0774 4477768.8534 0,441699.9663 4477783.1867 0))",2364576,Verde,Línea,9
"MULTILINESTRING Z ((441759.5219 4477762.52 0,441749.7997 4477765.9645 0))",2364577,Verde,Línea,2
"MULTILINESTRING Z ((441760.2441 4477759.9645 0,441755.2997 4477721.7978 0))",2364578,Verde,Línea,8
"MULTILINESTRING Z ((441769.116 4477760.2124 0,441779.6928 4477758.9454 0))",2364579,Verde,Línea,2
"MULTILINESTRING Z ((441805.8501 4477755.6872 0,441787.4057 4477757.9094 0))",2364580,Verde,Línea,4
"MULTILINESTRING Z ((441831.5908 4477746.6872 0,441849.1094 4477735.1316 0))",2364581,Verde,Línea,4
"MULTILINESTRING Z ((441857.8871 4477730.1316 0,441853.0723 4477732.6131 0))",2364582,Verde,Línea,1
"MULTILINESTRING Z ((441870.2575 4477724.4279 0,441863.1464 4477727.6872 0))",2364583,Verde,Línea,1
"MULTILINESTRING Z ((441891.6834 4477714.3538 0,441882.2946 4477718.7983 0))",2364584,Verde,Línea,2
"MULTILINESTRING Z ((441907.6954 4477706.2489 0,441914.1923 4477703.4394 0))",2364585,Verde,Línea,1
"MULTILINESTRING Z ((441950.5132 4477687.0696 0,441940.6802 4477691.5179 0))",2364588,Verde,Línea,2
"MULTILINESTRING Z ((441969.9612 4477678.4094 0,441964.6279 4477680.6872 0))",2364589,Verde,Línea,1
"MULTILINESTRING Z ((441973.6145 4477684.2423 0,441978.9848 4477681.7608 0))",2364591,Verde,Línea,1
"MULTILINESTRING Z ((441956.9108 4477691.8348 0,441950.133 4477694.8348 0))",2364593,Verde,Línea,1
"MULTILINESTRING Z ((441916.9612 4477709.7983 0,441910.239 4477712.7983 0))",2364594,Verde,Línea,1
"MULTILINESTRING Z ((441944.5538 4477697.3909 0,441935.8131 4477701.3168 0))",2364596,Verde,Línea,2
"MULTILINESTRING Z ((441819.0723 4477763.2427 0,441820.1834 4477779.5205 0))",2364598,Verde,Línea,3
"MULTILINESTRING Z ((441820.7441 4477785.4645 0,441821.0219 4477790.7423 0))",2364599,Verde,Línea,1
"MULTILINESTRING Z ((441816.4057 4477795.6316 0,441787.239 4477812.6316 0))",2364600,Verde,Línea,7
"MULTILINESTRING Z ((441773.6373 4477820.5783 0,441780.0262 4477816.9117 0))",2364601,Verde,Línea,1
"MULTILINESTRING Z ((441764.9985 4477824.4672 0,441762.8274 4477789.7145 0))",2364602,Verde,Línea,7
"MULTILINESTRING Z ((441762.489 4477783.7427 0,441761.5723 4477773.5761 0))",2364603,Verde,Línea,2
"MULTILINESTRING Z ((441701.3223 4477863.4094 0,441761.5723 4477827.9927 0))",2364604,Verde,Línea,14
"MULTILINESTRING Z ((441690.6557 4477870.0761 0,441691.3223 4477869.3261 0,441693.739 4477867.9094 0,441696.239 4477866.2427 0))",2364605,Verde,Línea,1
"MULTILINESTRING Z ((441698.4151 4477874.3005 0,441733.3318 4477853.8839 0))",2364606,Verde,Línea,9
"MULTILINESTRING Z ((441742.6651 4477860.0505 0,441739.4985 4477856.7172 0))",2364609,Verde,Línea,1
"MULTILINESTRING Z ((441796.8596 4477923.3005 0,441766.804 4477888.4672 0,441756.0818 4477875.9672 0,441746.7485 4477864.8561 0))",2364610,Verde,Línea,16
"MULTILINESTRING Z ((441838.1557 4477971.4927 0,441805.489 4477933.4094 0))",2364611,Verde,Línea,11
"MULTILINESTRING Z ((441840.4057 4477991.6872 0,441839.239 4477977.2983 0))",2364612,Verde,Línea,3
"MULTILINESTRING Z ((441843.9707 4478040.9672 0,441841.5262 4478007.9672 0,441840.6929 4477997.3005 0))",2364613,Verde,Línea,9
"MULTILINESTRING Z ((441835.4151 4477949.745 0,441829.0262 4477950.3561 0))",2364614,Verde,Batería,3
"MULTILINESTRING Z ((441829.739 4477838.3261 0,441829.3223 4477832.6594 0))",2364618,Verde,Línea,1
"MULTILINESTRING Z ((441773.1557 4477855.9094 0,441771.989 4477834.1594 0))",2364620,Verde,Línea,4
"MULTILINESTRING Z ((441774.5262 4477878.9117 0,441775.0262 4477886.5783 0))",2364621,Verde,Línea,1
"MULTILINESTRING Z ((441774.0723 4477871.8261 0,441773.5723 4477862.4927 0))",2364622,Verde,Línea,1
"MULTILINESTRING Z ((441895.2441 4477725.1311 0,441896.0774 4477774.2145 0))",2364623,Verde,Línea,10
"MULTILINESTRING Z ((441896.6373 4477798.245 0,441896.2441 4477781.7423 0))",2364624,Verde,Línea,3
"MULTILINESTRING Z ((441897.8501 4477831.2983 0,441898.5723 4477844.1316 0))",2364627,Verde,Línea,2
"MULTILINESTRING Z ((441899.9057 4477862.5205 0,441898.9612 4477849.0761 0))",2364628,Verde,Línea,2
"MULTILINESTRING Z ((441903.7946 4477915.5205 0,441901.1279 4477881.0761 0,441900.1834 4477867.465 0))",2364629,Verde,Línea,9
"MULTILINESTRING Z ((441904.1279 4477946.6316 0,441902.3501 4477920.8538 0))",2364633,Verde,Línea,4
"MULTILINESTRING Z ((441913.4057 4478054.9094 0,441911.739 4478029.7427 0))",2364637,Verde,Línea,5
"MULTILINESTRING Z ((441911.239 4478064.4094 0,441909.5723 4478066.0761 0,441907.5723 4478067.0761 0,441904.8223 4478068.2427 0))",2364640,Verde,Línea,1
"MULTILINESTRING Z ((442075.1834 4478001.8724 0,442088.5908 4477994.3909 0))",2364648,Verde,Línea,3
"MULTILINESTRING Z ((442013.8501 4478031.965 0,441991.9057 4478042.1872 0))",2364655,Verde,Línea,5
"MULTILINESTRING Z ((441977.1557 4478048.9927 0,441987.489 4478044.3261 0))",2364656,Verde,Línea,2
"MULTILINESTRING Z ((441880.6485 4478092.4938 0,441894.7555 4478086.0246 0))",2364659,Verde,Línea,3
"MULTILINESTRING Z ((441962.5723 4478042.7427 0,441951.1279 4478047.8538 0))",2364660,Verde,Línea,3
"MULTILINESTRING Z ((441974.4057 4478037.1316 0,441966.7946 4478040.6872 0))",2364661,Verde,Línea,1
"MULTILINESTRING Z ((441993.8501 4478028.0761 0,441979.239 4478034.7983 0))",2364662,Verde,Línea,2
"MULTILINESTRING Z ((442001.5818 4478024.5505 0,442011.6651 4478019.8005 0))",2364663,Verde,Línea,2
"MULTILINESTRING Z ((442036.5168 4477998.0205 0,442029.5723 4477971.0761 0))",2364665,Verde,Línea,6
"MULTILINESTRING Z ((442003.9057 4477975.8538 0,442027.5723 4477969.8538 0))",2364666,Verde,Línea,5
"MULTILINESTRING Z ((441998.6279 4477977.2427 0,441966.1834 4477985.465 0))",2364667,Verde,Línea,6
"MULTILINESTRING Z ((441995.6557 4477970.8261 0,441972.9057 4477976.5761 0))",2364669,Verde,Línea,5
"MULTILINESTRING Z ((442025.4057 4477963.1872 0,442013.8501 4477966.0761 0))",2364670,Verde,Línea,2
"MULTILINESTRING Z ((442026.9612 4477960.965 0,442022.5168 4477943.6316 0))",2364671,Verde,Línea,4
"MULTILINESTRING Z ((442019.6834 4477932.6872 0,442012.739 4477906.5205 0))",2364672,Verde,Línea,5
"MULTILINESTRING Z ((442011.5168 4477901.2427 0,442007.7946 4477886.5761 0))",2364673,Verde,Línea,3
"MULTILINESTRING Z ((442002.0818 4477883.9117 0,441982.9707 4477888.745 0))",2364674,Verde,Línea,4
"MULTILINESTRING Z ((442003.9707 4477876.1339 0,441982.6373 4477881.5783 0))",2364677,Verde,Línea,4
"MULTILINESTRING Z ((442004.3501 4477871.965 0,441999.7946 4477855.1872 0))",2364678,Verde,Línea,4
"MULTILINESTRING Z ((441996.8515 4477844.203 0,441998.1574 4477849.0315 0))",2364679,Verde,Línea,1
"MULTILINESTRING Z ((441957.5168 4477841.3538 0,441981.8501 4477835.2427 0))",2364681,Verde,Línea,5
"MULTILINESTRING Z ((441934.4427 4477847.1316 0,441928.9242 4477848.539 0))",2364683,Verde,Línea,1
"MULTILINESTRING Z ((441917.6649 4477851.3538 0,441913.5908 4477852.3909 0))",2364684,Verde,Línea,1
"MULTILINESTRING Z ((442024.6279 4477801.2057 0,441995.8501 4477829.1316 0))",2364686,Verde,Línea,8
"MULTILINESTRING Z ((442027.3686 4477798.539 0,442031.0353 4477795.0205 0))",2364688,Verde,Línea,1
"MULTILINESTRING Z ((442041.9057 4477796.9094 0,442049.489 4477789.7427 0))",2364689,Verde,Línea,2
"MULTILINESTRING Z ((442038.8501 4477800.0761 0,442032.9057 4477805.9094 0))",2364690,Verde,Línea,1
"MULTILINESTRING Z ((442030.0168 4477808.6872 0,442021.4612 4477816.965 0))",2364691,Verde,Línea,2
"MULTILINESTRING Z ((442004.5818 4477833.4672 0,442018.4707 4477819.8005 0))",2364692,Verde,Línea,4
"MULTILINESTRING Z ((442004.4057 4477836.6316 0,442013.9612 4477873.6316 0))",2364693,Verde,Línea,8
"MULTILINESTRING Z ((442076.239 4477844.6594 0,442067.3223 4477848.8261 0))",2364694,Verde,Línea,2
"MULTILINESTRING Z ((442062.239 4477851.465 0,442057.4612 4477853.8538 0))",2364695,Verde,Línea,1
"MULTILINESTRING Z ((442106.0723 4477905.6594 0,442095.989 4477910.7427 0))",2364698,Verde,Línea,2
"MULTILINESTRING Z ((442091.3501 4477913.0761 0,442086.0723 4477915.6872 0))",2364699,Verde,Línea,1
"MULTILINESTRING Z ((442081.1744 4477918.2079 0,442072.2485 4477922.7265 0))",2364700,Verde,Línea,2
"MULTILINESTRING Z ((442054.4336 4477931.9117 0,442049.2114 4477934.4672 0))",2364702,Verde,Línea,1
"MULTILINESTRING Z ((442046.0168 4477936.1872 0,442033.3501 4477942.7427 0))",2364703,Verde,Línea,2
"MULTILINESTRING Z ((442037.5657 4477967.061 0,442032.1436 4477945.5789 0))",2364704,Verde,Línea,4
"MULTILINESTRING Z ((442045.0018 4477995.8242 0,442044.692 4477994.998 0,442043.9691 4477992.2611 0,442040.251 4477977.6471 0))",2364705,Verde,Línea,4
"MULTILINESTRING Z ((442069.2946 4477991.2427 0,442090.6279 4477978.6872 0))",2364707,Verde,Línea,5
"MULTILINESTRING Z ((442111.8596 4477966.8005 0,442117.7485 4477963.5783 0))",2364708,Verde,Línea,1
"MULTILINESTRING Z ((442125.8501 4477958.8538 0,442120.9612 4477961.6872 0))",2364709,Verde,Línea,1
"MULTILINESTRING Z ((442022.2575 4477720.0576 0,442019.9612 4477715.2057 0))",2364720,Azul,Línea,1
"MULTILINESTRING Z ((442010.3223 4477695.7427 0,442014.1557 4477703.9094 0))",2364721,Azul,Línea,2
"MULTILINESTRING Z ((441979.5723 4477630.5761 0,441993.4057 4477660.0761 0))",2364723,Azul,Línea,7
"MULTILINESTRING Z ((441975.8587 4477623.1552 0,441971.1763 4477613.7904 0))",2364724,Azul,Línea,2
"MULTILINESTRING Z ((441941.8223 4477554.6594 0,441951.239 4477571.9094 0,441953.3223 4477576.3261 0))",2364726,Azul,Línea,5
"MULTILINESTRING Z ((441954.096 4477551.6867 0,441944.133 4477534.0941 0))",2364730,Azul,Línea,4
"MULTILINESTRING Z ((442050.1557 4477751.0761 0,442037.4057 4477724.2427 0))",2364739,Azul,Línea,7
"MULTILINESTRING Z ((442055.739 4477762.4094 0,442053.239 4477757.7427 0))",2364740,Azul,Línea,1
"MULTILINESTRING Z ((442210.239 4478073.4094 0,442212.1557 4478077.8261 0))",2364748,Azul,Línea,1
"MULTILINESTRING Z ((442518.8501 4477978.1872 0,442518.7946 4477975.2983 0))",2364784,Verde,Batería,1
"MULTILINESTRING Z ((442449.4057 4477931.0761 0,442448.9612 4477926.965 0))",2364790,Verde,Línea,1
"MULTILINESTRING Z ((442451.6423 4477938.8356 0,442454.3141 4477975.7631 0))",2364791,Verde,Batería,14
"MULTILINESTRING Z ((442455.5545 4477991.889 0,442454.982 4478005.3432 0))",2364792,Verde,Batería,4
"MULTILINESTRING Z ((442452.4057 4478054.7707 0,442453.0736 4478042.557 0))",2364793,Verde,Línea,2
"MULTILINESTRING Z ((442450.6649 4478083.465 0,442451.5538 4478067.502 0))",2364795,Verde,Línea,3
"MULTILINESTRING Z ((442440.1834 4477945.1316 0,442440.9612 4477956.4094 0))",2364799,Azul,Línea,2
"MULTILINESTRING Z ((442222.0818 4477930.8561 0,442240.0818 4477966.4117 0))",2364830,Verde,Línea,8
"MULTILINESTRING Z ((442248.4612 4477970.5205 0,442259.1279 4477965.2983 0))",2364831,Verde,Línea,2
"MULTILINESTRING Z ((442280.3501 4477954.5761 0,442266.6834 4477961.2427 0))",2364832,Verde,Línea,3
"MULTILINESTRING Z ((442287.739 4478011.7427 0,442272.8223 4478019.2427 0))",2364834,Verde,Línea,3
"MULTILINESTRING Z ((442301.7485 4478004.5783 0,442297.9707 4478006.3561 0))",2364835,Verde,Línea,1
"MULTILINESTRING Z ((442260.9549 4478034.7362 0,442231.2218 4478049.9149 0))",2364837,Verde,Línea,7
"MULTILINESTRING Z ((442263.8501 4478028.2427 0,442257.5168 4478015.9094 0))",2364838,Verde,Línea,3
"MULTILINESTRING Z ((442255.7946 4478012.4094 0,442250.6834 4478002.1872 0))",2364839,Verde,Línea,2
"MULTILINESTRING Z ((442223.3223 4477948.4094 0,442242.9057 4477987.2427 0))",2364841,Verde,Línea,9
"MULTILINESTRING Z ((442215.9612 4477934.0205 0,442221.0168 4477944.0205 0))",2364842,Verde,Línea,2
"MULTILINESTRING Z ((442154.3316 4477944.6131 0,442165.5538 4477938.7613 0))",2364844,Verde,Línea,2
"MULTILINESTRING Z ((442178.8871 4477931.8353 0,442169.5908 4477936.6872 0))",2364845,Verde,Línea,2
"MULTILINESTRING Z ((442190.1094 4477925.9835 0,442184.702 4477928.7983 0))",2364846,Verde,Línea,1
"MULTILINESTRING Z ((442210.3966 4477907.3561 0,442200.4336 4477887.6894 0))",2364849,Verde,Línea,4
"MULTILINESTRING Z ((442189.2485 4477865.6154 0,442198.2114 4477883.3931 0))",2364850,Verde,Línea,4
"MULTILINESTRING Z ((442170.739 4477872.7427 0,442180.3223 4477867.9927 0))",2364851,Verde,Línea,2
"MULTILINESTRING Z ((442144.739 4477885.5761 0,442162.6557 4477876.8261 0))",2364852,Verde,Línea,4
"MULTILINESTRING Z ((442135.489 4477890.4094 0,442126.739 4477894.4927 0))",2364853,Verde,Línea,2
"MULTILINESTRING Z ((442243.739 4477835.4927 0,442228.489 4477843.2427 0))",2364855,Verde,Línea,4
"MULTILINESTRING Z ((442260.2485 4477827.1339 0,442249.9892 4477832.3191 0))",2364856,Verde,Línea,2
"MULTILINESTRING Z ((442274.8781 4477856.1339 0,442267.6188 4477830.6154 0,442267.2485 4477829.282 0))",2364858,Verde,Línea,6
"MULTILINESTRING Z ((442279.6188 4477872.8376 0,442276.5077 4477861.7635 0))",2364859,Verde,Línea,2
"MULTILINESTRING Z ((442262.4336 4477813.6524 0,442255.7256 4477791.6497 0,442254.2441 4477786.8719 0))",2364860,Verde,Línea,6
"MULTILINESTRING Z ((442247.0219 4477781.1311 0,442242.5404 4477783.4274 0))",2364861,Verde,Línea,1
"MULTILINESTRING Z ((442228.8501 4477790.2427 0,442232.9612 4477788.2427 0))",2364862,Verde,Línea,1
"MULTILINESTRING Z ((442208.3966 4477800.3561 0,442186.2485 4477811.1339 0))",2364864,Verde,Línea,5
"MULTILINESTRING Z ((442185.4151 4477857.6339 0,442167.9707 4477825.1339 0))",2364865,Verde,Línea,7
"MULTILINESTRING Z ((442151.5723 4477811.8538 0,442135.6279 4477819.9094 0))",2364867,Verde,Línea,3
"MULTILINESTRING Z ((442125.3223 4477824.9094 0,442131.4057 4477822.0761 0))",2364868,Verde,Línea,1
"MULTILINESTRING Z ((442120.304 4477827.5228 0,442116.3596 4477829.4672 0))",2364869,Verde,Línea,1
"MULTILINESTRING Z ((442107.6557 4477834.0761 0,442098.489 4477838.4927 0))",2364870,Verde,Línea,2
"MULTILINESTRING Z ((442160.2485 4477808.0228 0,442163.4151 4477814.245 0))",2364871,Verde,Línea,1
"MULTILINESTRING Z ((442154.6929 4477797.4117 0,442156.804 4477801.5228 0))",2364872,Verde,Línea,1
"MULTILINESTRING Z ((442148.8552 4477786.2423 0,442152.6373 4477793.5228 0))",2364873,Verde,Línea,1
"MULTILINESTRING Z ((442150.5723 4477804.4094 0,442137.9057 4477779.1872 0))",2364874,Verde,Línea,5
"MULTILINESTRING Z ((442214.633 4477750.9645 0,442150.633 4477782.8534 0))",2364875,Verde,Línea,15
"MULTILINESTRING Z ((442132.4663 4477773.7237 0,442125.7256 4477777.4645 0))",2364876,Verde,Línea,1
"MULTILINESTRING Z ((442144.1217 4477777.7366 0,442138.9612 4477767.3909 0))",2364879,Verde,Línea,2
"MULTILINESTRING Z ((442132.2946 4477753.8724 0,442136.9983 4477763.4279 0))",2364880,Verde,Línea,2
"MULTILINESTRING Z ((442126.0229 4477741.2674 0,442129.4797 4477748.2551 0))",2364881,Verde,Línea,1
"MULTILINESTRING Z ((442070.3501 4477768.9094 0,442117.5723 4477743.6316 0))",2364882,Verde,Línea,11
"MULTILINESTRING Z ((442133.4057 4477770.965 0,442121.1279 4477745.9094 0))",2364883,Verde,Línea,6
"MULTILINESTRING Z ((442149.489 4477725.7427 0,442143.4057 4477729.1594 0))",2364885,Verde,Línea,1
"MULTILINESTRING Z ((442161.0723 4477719.3261 0,442153.3223 4477723.5761 0))",2364886,Verde,Línea,2
"MULTILINESTRING Z ((442187.1557 4477706.7427 0,442189.739 4477705.7427 0,442202.739 4477701.7427 0))",2364888,Verde,Línea,3
"MULTILINESTRING Z ((442206.989 4477700.3261 0,442221.239 4477695.8261 0))",2364889,Verde,Línea,3
"MULTILINESTRING Z ((442228.9612 4477699.8538 0,442238.1279 4477731.7427 0))",2364893,Verde,Línea,7
"MULTILINESTRING Z ((442252.3223 4477685.9094 0,442238.3223 4477690.3261 0))",2364895,Verde,Línea,3
"MULTILINESTRING Z ((442269.3223 4477680.4927 0,442286.739 4477674.8261 0))",2364896,Verde,Línea,4
"MULTILINESTRING Z ((442233.6197 4477622.6008 0,442217.7513 4477631.2592 0))",2364897,Verde,Línea,4
"MULTILINESTRING Z ((442161.1557 4477662.9094 0,442165.4057 4477660.6594 0))",2364900,Verde,Línea,1
"MULTILINESTRING Z ((442103.2822 4477694.3045 0,442147.0353 4477670.5514 0))",2364904,Verde,Línea,10
"MULTILINESTRING Z ((442113.4057 4477716.9927 0,442104.989 4477701.6594 0))",2364905,Verde,Línea,3
"MULTILINESTRING Z ((442114.7884 4477734.4526 0,442114.3686 4477733.539 0,442102.5415 4477711.5637 0))",2364906,Verde,Línea,5
"MULTILINESTRING Z ((442099.5291 4477705.9259 0,442091.6937 4477691.3415 0))",2364907,Verde,Línea,3
"MULTILINESTRING Z ((442047.1557 4477706.7427 0,442042.4057 4477709.4927 0,442036.8223 4477712.2427 0))",2364909,Verde,Línea,3
"MULTILINESTRING Z ((442085.5758 4477685.7064 0,442079.7815 4477688.9327 0))",2364910,Verde,Línea,1
"MULTILINESTRING Z ((442100.7678 4477693.6948 0,442097.7411 4477688.153 0))",2364915,Verde,Línea,1
"MULTILINESTRING Z ((442090.4427 4477674.8971 0,442086.9118 4477668.4526 0))",2364916,Verde,Línea,1
"MULTILINESTRING Z ((442063.4057 4477639.4927 0,442085.9057 4477681.2427 0))",2364918,Verde,Línea,10
"MULTILINESTRING Z ((442020.5662 4477659.572 0,442016.0559 4477661.9917 0))",2364920,Verde,Línea,1
"MULTILINESTRING Z ((442030.0641 4477654.4526 0,442025.7184 4477656.7901 0))",2364921,Verde,Línea,1
"MULTILINESTRING Z ((442048.4057 4477644.5761 0,442044.0723 4477646.6594 0))",2364923,Verde,Línea,1
"MULTILINESTRING Z ((442059.1557 4477638.8261 0,442054.239 4477641.4094 0))",2364924,Verde,Línea,1
"MULTILINESTRING Z ((442082.9487 4477660.9554 0,442069.0089 4477635.6762 0))",2364925,Verde,Línea,5
"MULTILINESTRING Z ((442085.3552 4477661.3534 0,442133.2997 4477635.5756 0))",2364928,Verde,Línea,11
"MULTILINESTRING Z ((442136.9941 4477633.5308 0,442166.4756 4477617.6625 0))",2364930,Verde,Línea,7
"MULTILINESTRING Z ((442185.1341 4477614.6008 0,442204.7143 4477633.3415 0))",2364931,Verde,Línea,5
"MULTILINESTRING Z ((442187.6032 4477608.6995 0,442209.7267 4477629.9341 0))",2364932,Verde,Línea,6
"MULTILINESTRING Z ((442180.7143 4477565.86 0,442179.6526 4477566.7489 0,442168.418 4477576.9711 0))",2364934,Verde,Línea,3
"MULTILINESTRING Z ((442173.4057 4477561.9927 0,442162.3223 4477571.9094 0))",2364935,Verde,Línea,3
"MULTILINESTRING Z ((442162.8378 4477581.6625 0,442161.8995 4477582.3292 0,442143.9983 4477592.6008 0))",2364936,Verde,Línea,4
"MULTILINESTRING Z ((442138.7884 4477595.4128 0,442134.1574 4477597.9149 0))",2364937,Verde,Línea,1
"MULTILINESTRING Z ((442065.17 4477627.946 0,442051.0589 4477602.6497 0))",2364944,Verde,Línea,6
"MULTILINESTRING Z ((442046.9108 4477594.8811 0,442036.1608 4477575.4645 0))",2364946,Verde,Línea,4
"MULTILINESTRING Z ((442000.133 4477578.9645 0,441995.3552 4477580.02 0))",2364954,Verde,Línea,1
"MULTILINESTRING Z ((442022.489 4477563.9927 0,442013.489 4477568.9094 0,442007.989 4477570.0761 0))",2364958,Verde,Línea,3
"MULTILINESTRING Z ((442049.096 4477595.3534 0,442058.6885 4477590.2052 0))",2364961,Verde,Línea,2
"MULTILINESTRING Z ((442081.0095 4477578.1311 0,442063.3552 4477587.7361 0))",2364962,Verde,Línea,4
"MULTILINESTRING Z ((442097.489 4477569.3261 0,442085.8223 4477575.5761 0))",2364963,Verde,Línea,2
"MULTILINESTRING Z ((442100.3676 4477567.7855 0,442114.9355 4477560.0818 0))",2364964,Verde,Línea,3
"MULTILINESTRING Z ((442134.239 4477549.6594 0,442119.0723 4477557.8261 0))",2364965,Verde,Línea,4
"MULTILINESTRING Z ((442152.8223 4477538.7427 0,442152.489 4477539.3261 0,442151.489 4477540.4094 0,442138.8223 4477547.0761 0))",2364966,Verde,Línea,3
"MULTILINESTRING Z ((442060.5404 4477543.7978 0,442043.096 4477553.1311 0))",2364969,Verde,Línea,4
"MULTILINESTRING Z ((442066.5404 4477540.5756 0,442080.7626 4477533.02 0))",2364970,Verde,Línea,3
"MULTILINESTRING Z ((442087.5404 4477529.2793 0,442106.8367 4477518.6497 0,442108.7256 4477516.6497 0,442110.7256 4477513.8719 0,442111.8737 4477511.7608 0,442112.5404 4477508.8719 0))",2364971,Verde,Línea,7
"MULTILINESTRING Z ((442102.6557 4477529.3261 0,442084.6557 4477538.9094 0))",2364972,Verde,Línea,4
"MULTILINESTRING Z ((442051.2071 4477556.9089 0,442062.6885 4477550.7978 0))",2364973,Verde,Línea,2
"MULTILINESTRING Z ((442127.9108 4477507.1682 0,442152.7626 4477531.3163 0))",2364978,Azul,Línea,7
"MULTILINESTRING Z ((442173.7267 4477525.5637 0,442190.2699 4477541.3415 0))",2364980,Verde,Línea,4
"MULTILINESTRING Z ((442200.7626 4477551.6867 0,442230.2811 4477580.0941 0,442233.17 4477582.8719 0))",2364981,Verde,Línea,9
"MULTILINESTRING Z ((442238.3933 4477587.8024 0,442261.8172 4477610.5843 0))",2364982,Verde,Línea,7
"MULTILINESTRING Z ((442241.3214 4477615.7016 0,442222.4452 4477598.0546 0))",2364984,Azul,Línea,5
"MULTILINESTRING Z ((442279.5774 4477627.2423 0,442271.3552 4477619.6126 0))",2364985,Verde,Línea,2
"MULTILINESTRING Z ((442348.2814 4477693.5698 0,442321.4293 4477667.983 0))",2364988,Verde,Línea,8
"MULTILINESTRING Z ((442297.9057 4477801.1594 0,442337.9057 4477780.6594 0))",2364993,Verde,Línea,10
"MULTILINESTRING Z ((442375.739 4477761.1594 0,442347.489 4477775.4927 0))",2364995,Verde,Línea,6
"MULTILINESTRING Z ((442294.5777 4477810.2087 0,442293.0777 4477803.9587 0))",2364997,Verde,Batería,3
"MULTILINESTRING Z ((442497.776 4477751.9835 0,442490.8501 4477678.7242 0))",2365001,Azul,Línea,16
"MULTILINESTRING Z ((442485.06 4477617.1193 0,442483.7267 4477603.0205 0))",2365004,Azul,Línea,3
"MULTILINESTRING Z ((442390.0723 4477718.0576 0,442394.9242 4477728.9464 0))",2365017,Verde,Línea,2
"MULTILINESTRING Z ((442391.3554 4477696.792 0,442395.6147 4477706.9401 0))",2365019,Verde,Línea,2
"MULTILINESTRING Z ((442373.6557 4477655.4094 0,442370.1557 4477647.0761 0))",2365021,Verde,Línea,1
"MULTILINESTRING Z ((442325.9057 4477660.0761 0,442347.739 4477645.0761 0))",2365023,Verde,Línea,5
"MULTILINESTRING Z ((442336.7267 4477643.6794 0,442347.8476 4477635.8948 0))",2365025,Verde,Línea,3
"MULTILINESTRING Z ((442350.3439 4477629.251 0,442336.5332 4477612.0329 0))",2365028,Verde,Línea,4
"MULTILINESTRING Z ((442335.381 4477594.7242 0,442344.6896 4477606.4032 0))",2365032,Verde,Línea,3
"MULTILINESTRING Z ((442323.3316 4477579.5637 0,442332.8131 4477591.4897 0))",2365033,Verde,Línea,3
"MULTILINESTRING Z ((442285.4221 4477531.2921 0,442297.9818 4477548.5925 0))",2365053,Verde,Línea,4
"MULTILINESTRING Z ((442273.4057 4477514.8861 0,442282.3055 4477527.0233 0))",2365054,Verde,Línea,3
"MULTILINESTRING Z ((442261.989 4477514.9927 0,442277.9057 4477536.6594 0))",2365055,Verde,Línea,5
"MULTILINESTRING Z ((442251.5901 4477505.0031 0,442249.8733 4477506.3688 0,442209.2146 4477541.8378 0,442204.103 4477546.208 0))",2365057,Verde,Línea,13
"MULTILINESTRING Z ((442197.489 4477539.7427 0,442207.3223 4477531.4927 0))",2365058,Verde,Línea,3
"MULTILINESTRING Z ((442243.6557 4477500.4927 0,442212.3223 4477527.4927 0))",2365060,Verde,Línea,8
"MULTILINESTRING Z ((442366.8223 4477330.5761 0,442360.489 4477336.6594 0))",2365073,Verde,Línea,2
"MULTILINESTRING Z ((442325.6557 4477365.5761 0,442332.489 4477361.3261 0,442338.739 4477357.0761 0,442341.0723 4477355.3261 0,442342.9057 4477354.0761 0))",2365074,Verde,Línea,4
"MULTILINESTRING Z ((442371.0723 4477496.4094 0,442371.3223 4477499.8261 0,442371.0723 4477503.4927 0,442368.9057 4477512.2427 0))",2365089,Verde,Línea,3
"MULTILINESTRING Z ((442258.514 4477510.1673 0,442255.3535 4477505.6241 0))",2365095,Verde,Línea,1
"MULTILINESTRING Z ((442262.8223 4477500.6594 0,442268.989 4477508.8261 0))",2365096,Verde,Línea,2
"MULTILINESTRING Z ((442219.4139 4477437.0699 0,442232.1217 4477457.1028 0))",2365098,Verde,Línea,5
"MULTILINESTRING Z ((442200.1958 4477423.3168 0,442208.0476 4477435.9094 0))",2365100,Verde,Línea,3
"MULTILINESTRING Z ((442208.0559 4477418.93 0,442214.4921 4477429.218 0))",2365101,Verde,Línea,2
"MULTILINESTRING Z ((442167.7431 4477439.9506 0,442191.4962 4477420.5102 0))",2365102,Verde,Línea,6
"MULTILINESTRING Z ((442168.6557 4477429.1594 0,442149.739 4477444.4094 0))",2365104,Verde,Línea,5
"MULTILINESTRING Z ((442186.8871 4477414.0246 0,442172.1464 4477426.1563 0))",2365105,Verde,Línea,4
"MULTILINESTRING Z ((442205.8223 4477405.9927 0,442220.239 4477393.2427 0))",2365106,Verde,Línea,4
"MULTILINESTRING Z ((442449.3036 4477236.8979 0,442447.8989 4477221.7582 0))",2365127,Azul,Línea,3
"MULTILINESTRING Z ((442446.26 4477203.0287 0,442440.6412 4477142.626 0))",2365128,Azul,Línea,13
"MULTILINESTRING Z ((442436.2292 4477117.8087 0,442437.6339 4477133.9633 0))",2365129,Azul,Línea,3
"MULTILINESTRING Z ((442428.3275 4477080.9343 0,442407.871 4477082.4268 0))",2365132,Verde,Línea,4
"MULTILINESTRING Z ((442408.489 4477074.4927 0,442427.239 4477072.9094 0))",2365133,Verde,Línea,4
"MULTILINESTRING Z ((442346.9067 4477133.1226 0,442313.8227 4477165.0451 0))",2365136,Verde,Línea,10
"MULTILINESTRING Z ((442322.2696 4477096.4742 0,442349.3108 4477122.0522 0))",2365137,Verde,Línea,8
"MULTILINESTRING Z ((442348.0178 4477223.1226 0,442361.6474 4477236.8263 0))",2365146,Verde,Línea,4
"MULTILINESTRING Z ((442369.9137 4477184.0949 0,442387.59 4477166.4772 0))",2365147,Verde,Línea,5
"MULTILINESTRING Z ((442335.9437 4477216.3818 0,442327.4992 4477224.7892 0))",2365149,Verde,Línea,2
"MULTILINESTRING Z ((442323.7585 4477228.4929 0,442313.277 4477238.7892 0))",2365150,Verde,Línea,3
"MULTILINESTRING Z ((442309.7215 4477242.3448 0,442306.3881 4477245.53 0))",2365151,Verde,Línea,1
"MULTILINESTRING Z ((442275.3223 4477276.2427 0,442287.3223 4477264.5761 0))",2365154,Verde,Línea,3
"MULTILINESTRING Z ((442250.1557 4477300.6594 0,442271.8223 4477279.5761 0))",2365155,Verde,Línea,6
"MULTILINESTRING Z ((442191.489 4477392.5761 0,442199.6557 4477405.9094 0))",2365166,Verde,Línea,3
"MULTILINESTRING Z ((442184.739 4477381.965 0,442175.7946 4477367.5761 0))",2365167,Verde,Línea,3
"MULTILINESTRING Z ((442136.5003 4477335.358 0,442140.4345 4477339.7366 0,442157.06 4477359.2592 0,442166.097 4477369.5802 0))",2365170,Verde,Línea,9
"MULTILINESTRING Z ((442169.1557 4477359.4094 0,442155.239 4477342.9094 0))",2365171,Verde,Línea,4
"MULTILINESTRING Z ((442141.936 4477327.4663 0,442151.8569 4477338.9676 0))",2365172,Verde,Línea,3
"MULTILINESTRING Z ((442389.7349 4477023.7032 0,442374.406 4477038.0451 0))",2365187,Verde,Línea,4
"MULTILINESTRING Z ((442379.2201 4477019.5061 0,442371.7867 4477026.6469 0))",2365188,Verde,Línea,2
"MULTILINESTRING Z ((442317.7579 4477079.7951 0,442315.9801 4477081.4988 0))",2365191,Verde,Batería,1
"MULTILINESTRING Z ((442343.406 4477068.1284 0,442322.3227 4477087.7118 0))",2365193,Verde,Línea,6
"MULTILINESTRING Z ((442350.1888 4477074.4666 0,442354.9883 4477079.0906 0))",2365194,Verde,Línea,1
"MULTILINESTRING Z ((442278.656 4477130.3784 0,442312.4894 4477097.3784 0))",2365196,Verde,Línea,10
"MULTILINESTRING Z ((442269.9057 4477145.6594 0,442280.1557 4477155.7427 0))",2365200,Verde,Línea,3
"MULTILINESTRING Z ((442297.3501 4477180.9094 0,442293.4612 4477184.6316 0))",2365201,Verde,Línea,1
"MULTILINESTRING Z ((442285.6649 4477192.2427 0,442292.776 4477185.2427 0))",2365202,Verde,Línea,2
"MULTILINESTRING Z ((442278.3134 4477199.4988 0,442264.3134 4477213.0914 0))",2365203,Verde,Línea,4
"MULTILINESTRING Z ((442261.656 4477215.7951 0,442258.2394 4477219.1284 0))",2365204,Verde,Línea,1
"MULTILINESTRING Z ((442255.4986 4477221.5729 0,442237.2764 4477239.1655 0))",2365205,Verde,Línea,5
"MULTILINESTRING Z ((442290.1808 4477063.5328 0,442307.0763 4477081.0527 0))",2365216,Verde,Línea,5
"MULTILINESTRING Z ((442257.8666 4477091.1111 0,442249.3501 4477099.8538 0))",2365217,Verde,Línea,2
"MULTILINESTRING Z ((442277.0847 4477069.4897 0,442256.8378 4477089.4897 0))",2365218,Verde,Línea,6
"MULTILINESTRING Z ((442288.1834 4477057.5761 0,442318.0168 4477028.9094 0))",2365219,Verde,Línea,9
"MULTILINESTRING Z ((442321.5727 4477025.4247 0,442345.1282 4477002.4618 0))",2365220,Verde,Línea,7
"MULTILINESTRING Z ((442365.411 4477001.5303 0,442355.8901 4476996.4187 0))",2365222,Verde,Línea,2
"MULTILINESTRING Z ((442380.7848 4477009.9976 0,442379.7312 4477009.1392 0,442370.2884 4477004.1056 0))",2365223,Verde,Línea,2
"MULTILINESTRING Z ((442316.5332 4477020.192 0,442331.5785 4477005.646 0))",2365225,Verde,Línea,4
"MULTILINESTRING Z ((442312.906 4477023.7951 0,442305.906 4477030.5358 0))",2365226,Verde,Línea,2
"MULTILINESTRING Z ((442300.8319 4477035.4247 0,442290.6838 4477045.2025 0))",2365227,Verde,Línea,3
"MULTILINESTRING Z ((442285.5723 4477050.2427 0,442242.489 4477091.9094 0))",2365228,Verde,Línea,13
"MULTILINESTRING Z ((442411.6557 4476835.9094 0,442414.4057 4476863.9094 0))",2365230,Azul,Línea,6
"MULTILINESTRING Z ((442408.8367 4476814.7066 0,442405.7346 4476779.6466 0))",2365231,Azul,Línea,8
"MULTILINESTRING Z ((442319.2464 4476941.9271 0,442317.0084 4476945.8901 0))",2365236,Verde,Línea,1
"MULTILINESTRING Z ((440343.3059 4479956.1629 0,440332.0051 4479940.9444 0))",2365239,Verde,Línea,4
"MULTILINESTRING Z ((442209.3727 4477063.325 0,442242.0312 4477021.9094 0))",2365242,Verde,Línea,11
"MULTILINESTRING Z ((442124.7966 4477258.8422 0,442120.7472 4477204.4554 0))",2365254,Verde,Línea,11
"MULTILINESTRING Z ((442129.1094 4477306.3292 0,442138.1464 4477312.3538 0))",2365257,Verde,Batería,5
"MULTILINESTRING Z ((441382.7946 4478102.2983 0,441381.4559 4478082.5404 0))",2365261,Azul,Línea,4
"MULTILINESTRING Z ((442055.9794 4477245.556 0,442060.4017 4477250.8106 0))",2365268,Azul,Línea,1
"MULTILINESTRING Z ((442106.4293 4477495.6126 0,442067.6885 4477480.3534 0))",2365273,Verde,Línea,8
"MULTILINESTRING Z ((442044.17 4477471.0941 0,442020.5774 4477462.3163 0))",2365275,Verde,Línea,5
"MULTILINESTRING Z ((442017.3223 4477460.8261 0,442004.739 4477456.1594 0))",2365276,Verde,Línea,2
"MULTILINESTRING Z ((442000.8737 4477454.7608 0,441990.4293 4477450.7978 0))",2365277,Verde,Línea,2
"MULTILINESTRING Z ((441975.989 4477445.1594 0,441951.239 4477435.7427 0))",2365278,Verde,Línea,5
"MULTILINESTRING Z ((439483.9983 4478550.8724 0,439484.9612 4478552.0576 0,439485.8501 4478552.9464 0,439486.9118 4478553.6378 0,439517.1094 4478564.3538 0))",2365279,Verde,Batería,15
"MULTILINESTRING Z ((440250.8652 4478075.9615 0,440246.311 4478076.5432 0))",2365280,Azul,Línea,1
"MULTILINESTRING Z ((441938.6885 4477430.983 0,441942.8737 4477432.6126 0))",2365282,Verde,Línea,1
"MULTILINESTRING Z ((442014.489 4477440.4094 0,441984.489 4477429.2427 0))",2365284,Verde,Línea,6
"MULTILINESTRING Z ((441973.739 4477425.0761 0,441962.3223 4477420.8261 0))",2365285,Verde,Línea,2
"MULTILINESTRING Z ((441941.6557 4477412.6594 0,441957.239 4477418.9094 0))",2365286,Verde,Línea,3
"MULTILINESTRING Z ((439506.9365 4478797.3415 0,439491.6526 4478801.3415 0))",2365288,Verde,Batería,6
"MULTILINESTRING Z ((441913.4663 4477382.3904 0,441911.5404 4477374.02 0))",2365289,Azul,Batería,3
"MULTILINESTRING Z ((441912.2807 4477486.0761 0,441936.9057 4477522.0761 0,441939.6557 4477526.7011 0))",2365291,Azul,Línea,10
"MULTILINESTRING Z ((442518.9057 4477105.3538 0,442516.4057 4477079.7983 0))",2365313,Verde,Línea,5
"MULTILINESTRING Z ((442519.9057 4477116.0761 0,442521.4057 4477130.8261 0))",2365316,Verde,Línea,3
"MULTILINESTRING Z ((442522.239 4477139.9094 0,442523.5723 4477152.9927 0))",2365317,Verde,Línea,3
"MULTILINESTRING Z ((442524.3223 4477158.8261 0,442529.5723 4477210.2427 0,442530.989 4477226.0761 0))",2365318,Verde,Línea,13
"MULTILINESTRING Z ((442540.5318 4477239.5585 0,442537.9392 4477212.2992 0,442535.717 4477191.6326 0))",2365319,Verde,Línea,10
"MULTILINESTRING Z ((442531.6557 4477232.6594 0,442533.3223 4477248.6594 0))",2365320,Verde,Línea,3
"MULTILINESTRING Z ((440750.0641 4479892.4444 0,440752.5168 4479887.8847 0))",2365322,Verde,Línea,1
"MULTILINESTRING Z ((442599.2946 4477195.8724 0,442609.8501 4477185.465 0))",2365325,Azul,Línea,3
"MULTILINESTRING Z ((442669.3223 4477143.9927 0,442663.3223 4477149.9094 0))",2365329,Verde,Línea,2
"MULTILINESTRING Z ((442657.0256 4477156.0647 0,442660.3096 4477152.8054 0))",2365330,Verde,Línea,1
"MULTILINESTRING Z ((442606.239 4477206.1594 0,442622.5723 4477190.1594 0))",2365334,Verde,Línea,5
"MULTILINESTRING Z ((442588.702 4477223.7242 0,442591.8871 4477220.5761 0))",2365335,Verde,Línea,1
"MULTILINESTRING Z ((442606.8268 4477215.4293 0,442610.7335 4477219.4128 0))",2365337,Verde,Línea,1
"MULTILINESTRING Z ((442715.2726 4477181.5585 0,442706.717 4477189.9659 0))",2365342,Verde,Línea,2
"MULTILINESTRING Z ((442667.6557 4477230.8261 0,442648.989 4477248.6594 0))",2365344,Verde,Línea,6
"MULTILINESTRING Z ((442634.6557 4477263.3261 0,442627.4057 4477270.1594 0))",2365345,Verde,Línea,2
"MULTILINESTRING Z ((442616.5723 4477280.7427 0,442623.6557 4477273.7427 0))",2365346,Verde,Línea,2
"MULTILINESTRING Z ((442596.489 4477300.4094 0,442613.239 4477283.9927 0))",2365347,Verde,Línea,5
"MULTILINESTRING Z ((442585.2402 4477308.2001 0,442591.4069 4477301.9501 0))",2365348,Verde,Línea,1
"MULTILINESTRING Z ((442752.239 4477251.6316 0,442744.4057 4477259.2983 0))",2365353,Verde,Línea,2
"MULTILINESTRING Z ((442722.239 4477301.5205 0,442737.2946 4477286.8538 0))",2365359,Verde,Línea,5
"MULTILINESTRING Z ((440769.4612 4478864.2427 0,440768.1279 4478859.5205 0))",2365361,Verde,Línea,1
"MULTILINESTRING Z ((442489.239 4477330.6594 0,442490.3223 4477344.4094 0))",2365373,Azul,Línea,2
"MULTILINESTRING Z ((442499.0735 4477439.2834 0,442499.9624 4477449.1168 0))",2365379,Azul,Línea,2
"MULTILINESTRING Z ((442565.455 4477561.5473 0,442564.1382 4477566.3703 0))",2365388,Verde,Línea,1
"MULTILINESTRING Z ((442591.4797 4477467.6501 0,442583.1834 4477496.0205 0))",2365391,Verde,Línea,6
"MULTILINESTRING Z ((442606.3223 4477402.7427 0,442605.239 4477406.3261 0,442604.8223 4477408.0761 0))",2365396,Verde,Línea,1
"MULTILINESTRING Z ((442699.989 4477411.8261 0,442693.239 4477420.9927 0))",2365407,Verde,Línea,2
"MULTILINESTRING Z ((442771.6291 4477388.8945 0,442763.2402 4477383.0056 0))",2365429,Azul,Línea,2
"MULTILINESTRING Z ((442770.7512 4477390.742 0,442780.0012 4477397.242 0))",2365430,Azul,Línea,2
"MULTILINESTRING Z ((442819.6557 4477339.4094 0,442840.739 4477309.9927 0))",2365439,Verde,Línea,8
"MULTILINESTRING Z ((442889.7958 4477335.5612 0,442882.6847 4477330.2279 0))",2365444,Azul,Línea,2
"MULTILINESTRING Z ((442870.018 4477374.1168 0,442863.518 4477383.1168 0))",2365446,Verde,Línea,2
"MULTILINESTRING Z ((442839.8501 4477416.7983 0,442850.9612 4477401.0205 0))",2365448,Verde,Línea,4
"MULTILINESTRING Z ((442773.0735 4477419.0056 0,442744.9624 4477458.4501 0,442727.6291 4477482.0056 0))",2365451,Verde,Línea,17
"MULTILINESTRING Z ((442722.5735 4477478.2001 0,442753.0735 4477435.6168 0))",2365453,Verde,Línea,11
"MULTILINESTRING Z ((442879.4057 4477379.0761 0,442876.239 4477383.1594 0))",2365454,Verde,Batería,2
"MULTILINESTRING Z ((442868.489 4477393.9927 0,442866.489 4477396.7427 0))",2365455,Verde,Batería,1
"MULTILINESTRING Z ((442857.9057 4477408.9094 0,442861.0723 4477404.3261 0))",2365457,Verde,Batería,2
"MULTILINESTRING Z ((442835.7402 4477439.5612 0,442833.9624 4477442.339 0))",2365458,Verde,Batería,1
"MULTILINESTRING Z ((441072.8378 4478373.8353 0,441072.5168 4478368.9711 0))",2365459,Verde,Línea,1
"MULTILINESTRING Z ((442815.1291 4477468.4501 0,442812.9624 4477471.2279 0))",2365461,Verde,Batería,1
"MULTILINESTRING Z ((442803.7402 4477466.7279 0,442794.9069 4477479.1168 0))",2365463,Verde,Línea,3
"MULTILINESTRING Z ((442762.7402 4477501.2834 0,442728.3235 4477493.0334 0))",2365466,Verde,Línea,8
"MULTILINESTRING Z ((442712.239 4477481.1872 0,442674.3501 4477471.9094 0))",2365467,Verde,Línea,8
"MULTILINESTRING Z ((442708.5735 4477487.9686 0,442687.5735 4477482.8575 0))",2365468,Verde,Línea,4
"MULTILINESTRING Z ((442676.5723 4477480.4927 0,442665.5723 4477477.6594 0))",2365469,Verde,Línea,2
"MULTILINESTRING Z ((442682.9057 4477435.7427 0,442674.3501 4477447.2983 0))",2365473,Verde,Línea,3
"MULTILINESTRING Z ((442652.3513 4477484.0056 0,442649.4624 4477495.2649 0))",2365477,Verde,Línea,2
"MULTILINESTRING Z ((442634.7587 4477553.4131 0,442642.5365 4477522.8575 0,442645.7958 4477509.7093 0,442647.4995 4477503.1168 0))",2365478,Verde,Línea,11
"MULTILINESTRING Z ((442579.0921 4477553.4871 0,442583.7217 4477554.2279 0))",2365479,Verde,Línea,1
"MULTILINESTRING Z ((442610.8871 4477558.1687 0,442628.4427 4477560.6872 0))",2365482,Verde,Línea,4
"MULTILINESTRING Z ((442667.018 4477566.8205 0,442654.3143 4477565.0427 0))",2365485,Verde,Línea,2
"MULTILINESTRING Z ((442718.4624 4477499.2279 0,442715.6847 4477506.7464 0))",2365491,Verde,Línea,1
"MULTILINESTRING Z ((442712.0723 4477496.9927 0,442704.9057 4477515.8261 0))",2365492,Verde,Línea,4
"MULTILINESTRING Z ((442908.4057 4477350.2427 0,442925.989 4477364.4927 0))",2365517,Azul,Línea,5
"MULTILINESTRING Z ((442942.489 4477382.5761 0,442924.489 4477368.2427 0))",2365518,Azul,Línea,4
"MULTILINESTRING Z ((442947.3223 4477446.9094 0,442948.489 4477441.5761 0))",2365523,Verde,Línea,1
"MULTILINESTRING Z ((442848.7637 4477429.1687 0,442862.6402 4477432.5925 0))",2365525,Verde,Línea,3
"MULTILINESTRING Z ((442921.0168 4477484.7427 0,442860.5723 4477469.8538 0))",2365527,Verde,Línea,13
"MULTILINESTRING Z ((442854.2402 4477468.2279 0,442844.5735 4477466.0056 0))",2365528,Verde,Línea,2
"MULTILINESTRING Z ((442924.2958 4477498.2834 0,442921.9069 4477507.4501 0))",2365531,Verde,Batería,4
"MULTILINESTRING Z ((442909.7958 4477538.5056 0,442895.6847 4477534.7834 0))",2365533,Verde,Línea,3
"MULTILINESTRING Z ((442879.239 4477530.4927 0,442891.6557 4477533.7427 0))",2365534,Verde,Línea,2
"MULTILINESTRING Z ((442846.239 4477522.0761 0,442874.6557 4477529.1594 0))",2365535,Verde,Línea,5
"MULTILINESTRING Z ((442835.6557 4477519.2427 0,442819.739 4477515.1594 0))",2365536,Verde,Línea,3
"MULTILINESTRING Z ((442782.2946 4477516.1316 0,442783.5168 4477513.5761 0))",2365538,Verde,Batería,1
"MULTILINESTRING Z ((442774.3223 4477508.3261 0,442756.9057 4477542.0761 0))",2365541,Verde,Línea,8
"MULTILINESTRING Z ((442752.8223 4477549.9927 0,442750.3223 4477554.8261 0))",2365542,Verde,Línea,1
"MULTILINESTRING Z ((442748.239 4477558.9094 0,442741.489 4477572.1594 0))",2365543,Verde,Línea,3
"MULTILINESTRING Z ((442770.3686 4477587.7983 0,442779.4797 4477590.3538 0))",2365545,Verde,Línea,2
"MULTILINESTRING Z ((442798.739 4477595.6594 0,442785.239 4477591.9094 0))",2365546,Verde,Línea,3
"MULTILINESTRING Z ((442887.7946 4477621.1872 0,442859.2946 4477612.9094 0))",2365548,Verde,Línea,6
"MULTILINESTRING Z ((442911.6106 4477548.376 0,442908.7217 4477560.1168 0))",2365551,Verde,Batería,5
"MULTILINESTRING Z ((442732.4057 4477600.6316 0,442733.239 4477597.5205 0))",2365558,Verde,Batería,2
"MULTILINESTRING Z ((442711.4995 4477708.3143 0,442711.7464 4477711.0056 0))",2365559,Verde,Batería,1
"MULTILINESTRING Z ((442714.8871 4477746.0205 0,442714.702 4477743.8724 0))",2365560,Verde,Batería,1
"MULTILINESTRING Z ((442716.7958 4477765.8205 0,442716.3513 4477761.1538 0))",2365561,Verde,Batería,2
"MULTILINESTRING Z ((442721.6557 4477695.8261 0,442723.239 4477712.2427 0))",2365564,Verde,Línea,3
"MULTILINESTRING Z ((442739.518 4477639.2834 0,442782.6847 4477649.6723 0))",2365568,Verde,Línea,9
"MULTILINESTRING Z ((442888.1557 4477642.0761 0,442882.489 4477663.3261 0))",2365570,Verde,Línea,4
"MULTILINESTRING Z ((442871.239 4477708.4927 0,442880.3223 4477673.8261 0))",2365572,Verde,Línea,7
"MULTILINESTRING Z ((442818.1291 4477707.6168 0,442837.8513 4477710.9501 0))",2365579,Verde,Línea,4
"MULTILINESTRING Z ((442843.518 4477771.4501 0,442838.1847 4477770.5056 0))",2365581,Verde,Línea,1
"MULTILINESTRING Z ((442745.2402 4477767.3945 0,442731.2402 4477767.6168 0))",2365585,Verde,Línea,2
"MULTILINESTRING Z ((442659.7217 4477674.8205 0,442661.9439 4477665.376 0))",2365590,Verde,Línea,2
"MULTILINESTRING Z ((442593.055 4477689.6723 0,442569.6106 4477683.6723 0))",2365597,Verde,Línea,5
"MULTILINESTRING Z ((442537.8328 4477675.5982 0,442565.5735 4477682.5982 0))",2365598,Verde,Línea,6
"MULTILINESTRING Z ((442580.9069 4477770.9501 0,442591.8235 4477725.5334 0,442598.2402 4477698.9501 0))",2365602,Verde,Línea,16
"MULTILINESTRING Z ((442607.489 4477778.4927 0,442632.1557 4477777.8261 0))",2365604,Verde,Línea,5
"MULTILINESTRING Z ((442603.6557 4477792.4094 0,442594.5723 4477792.5761 0))",2365605,Verde,Batería,3
"MULTILINESTRING Z ((442621.5723 4477791.9927 0,442612.5723 4477792.2427 0))",2365606,Verde,Batería,3
"MULTILINESTRING Z ((442705.6557 4477779.4927 0,442729.3223 4477779.2427 0))",2365608,Verde,Línea,5
"MULTILINESTRING Z ((442739.239 4477778.9094 0,442747.739 4477778.8261 0))",2365609,Verde,Línea,2
"MULTILINESTRING Z ((442756.8223 4477778.6594 0,442810.239 4477777.4094 0))",2365610,Verde,Línea,12
"MULTILINESTRING Z ((442837.6557 4477779.5761 0,442841.989 4477780.2427 0))",2365612,Verde,Línea,2
"MULTILINESTRING Z ((442687.3223 4477797.7427 0,442687.239 4477837.6594 0))",2365614,Verde,Línea,8
"MULTILINESTRING Z ((442710.989 4477839.9094 0,442725.239 4477839.6594 0))",2365615,Verde,Línea,3
"MULTILINESTRING Z ((442735.989 4477839.3261 0,442757.239 4477838.9094 0))",2365616,Verde,Línea,4
"MULTILINESTRING Z ((442816.5723 4477837.2427 0,442829.989 4477836.9927 0))",2365618,Verde,Línea,2
"MULTILINESTRING Z ((442684.283 4477840.5772 0,442593.5017 4477843.1526 0))",2365621,Verde,Línea,20
"MULTILINESTRING Z ((442586.689 4477796.4528 0,442587.6334 4477841.0639 0))",2365622,Verde,Línea,9
"MULTILINESTRING Z ((442611.0223 4478006.2862 0,442608.4112 4477977.2862 0))",2365626,Verde,Batería,12
"MULTILINESTRING Z ((442601.2445 4478007.5639 0,442600.689 4478001.7306 0))",2365627,Verde,Línea,1
"MULTILINESTRING Z ((442600.0223 4477995.0639 0,442598.3001 4477976.6751 0))",2365628,Verde,Línea,3
"MULTILINESTRING Z ((442565.5723 4478099.7427 0,442580.4057 4478099.4094 0))",2365641,Azul,Línea,3
"MULTILINESTRING Z ((442601.739 4478099.1594 0,442664.0723 4478098.4094 0))",2365642,Azul,Línea,12
"MULTILINESTRING Z ((442750.3557 4478096.7862 0,442692.9112 4478097.6751 0))",2365643,Azul,Línea,13
"MULTILINESTRING Z ((442807.239 4478069.9927 0,442814.4057 4478021.4927 0,442823.9057 4477959.6594 0))",2365645,Verde,Línea,25
"MULTILINESTRING Z ((442824.739 4477954.1594 0,442833.739 4477897.2427 0,442837.0723 4477875.6594 0))",2365646,Verde,Línea,17
"MULTILINESTRING Z ((442946.018 4477742.3945 0,442941.2402 4477748.1723 0))",2365651,Verde,Batería,3
"MULTILINESTRING Z ((442933.7958 4477776.0427 0,442948.7587 4477758.3019 0))",2365653,Verde,Línea,5
"MULTILINESTRING Z ((442952.1291 4477754.2279 0,442966.8328 4477736.8205 0))",2365654,Verde,Línea,4
"MULTILINESTRING Z ((442909.739 4477626.5761 0,442924.739 4477630.1872 0))",2365660,Verde,Línea,3
"MULTILINESTRING Z ((442935.3513 4477634.5056 0,442988.018 4477648.1723 0))",2365661,Verde,Línea,11
"MULTILINESTRING Z ((443009.2402 4477653.6723 0,442994.9069 4477650.1168 0))",2365662,Verde,Línea,3
"MULTILINESTRING Z ((442985.8223 4477593.1594 0,443004.989 4477599.8261 0))",2365664,Verde,Línea,4
"MULTILINESTRING Z ((442953.739 4477582.2427 0,442973.1557 4477588.7427 0))",2365665,Verde,Línea,4
"MULTILINESTRING Z ((442929.703 4477544.1184 0,442940.2971 4477546.4011 0))",2365666,Verde,Línea,2
"MULTILINESTRING Z ((442963.2412 4477509.9949 0,442959.4367 4477538.3238 0))",2365668,Verde,Línea,6
"MULTILINESTRING Z ((442943.6457 4477495.4042 0,442961.985 4477500.1646 0,442962.8044 4477500.5548 0))",2365669,Verde,Línea,4
"MULTILINESTRING Z ((443018.7217 4477537.0797 0,442977.2402 4477513.1908 0))",2365671,Verde,Línea,10
"MULTILINESTRING Z ((443018.7402 4477552.1168 0,443021.6569 4477543.1168 0))",2365674,Verde,Batería,3
"MULTILINESTRING Z ((443029.739 4477551.5761 0,443031.239 4477547.0761 0))",2365676,Verde,Línea,1
"MULTILINESTRING Z ((442976.7958 4477469.4871 0,443000.9439 4477488.0427 0))",2365680,Verde,Línea,6
"MULTILINESTRING Z ((443029.8698 4477534.376 0,443036.2402 4477517.4131 0))",2365683,Verde,Línea,3
"MULTILINESTRING Z ((443084.4292 4477577.8141 0,443101.0517 4477557.8359 0))",2365691,Verde,Batería,10
"MULTILINESTRING Z ((443037.4057 4477652.9927 0,443061.5723 4477623.5761 0))",2365695,Verde,Línea,8
"MULTILINESTRING Z ((443083.9069 4477631.3668 0,443070.2402 4477620.1168 0))",2365697,Verde,Batería,7
"MULTILINESTRING Z ((443130.3223 4477545.7427 0,443121.1557 4477556.5761 0))",2365699,Verde,Línea,3
"MULTILINESTRING Z ((443150.0168 4477622.8538 0,443158.0168 4477614.6316 0))",2365703,Verde,Línea,2
"MULTILINESTRING Z ((443112.239 4477661.2983 0,443108.739 4477664.5761 0))",2365704,Verde,Línea,1
"MULTILINESTRING Z ((443167.239 4477615.6594 0,443176.739 4477605.9927 0))",2365707,Verde,Línea,3
"MULTILINESTRING Z ((443200.6847 4477599.8205 0,443207.981 4477607.0797 0))",2365710,Verde,Línea,2
"MULTILINESTRING Z ((443252.239 4477648.0761 0,443258.3223 4477653.9094 0))",2365713,Verde,Línea,1
"MULTILINESTRING Z ((443260.9057 4477736.7427 0,443252.6557 4477745.8261 0))",2365742,Verde,Línea,2
"MULTILINESTRING Z ((443293.6557 4477712.5761 0,443297.9057 4477708.2427 0))",2365743,Verde,Línea,1
"MULTILINESTRING Z ((443236.5538 4477762.5761 0,443217.739 4477782.2798 0))",2365746,Verde,Línea,6
"MULTILINESTRING Z ((443241.2773 4477768.0427 0,443223.6847 4477786.4871 0))",2365747,Verde,Línea,5
"MULTILINESTRING Z ((443182.4427 4477819.5637 0,443191.9983 4477809.5884 0))",2365749,Verde,Línea,3
"MULTILINESTRING Z ((443197.9057 4477813.8261 0,443219.989 4477790.5761 0))",2365751,Verde,Línea,6
"MULTILINESTRING Z ((443155.776 4477823.1687 0,443169.2205 4477825.3538 0))",2365752,Azul,Línea,3
"MULTILINESTRING Z ((443097.989 4477813.8261 0,443126.9057 4477818.4094 0))",2365754,Azul,Línea,6
"MULTILINESTRING Z ((442969.3988 4477792.8914 0,442939.7437 4477788.17 0))",2365757,Azul,Línea,6
"MULTILINESTRING Z ((442943.2816 4477800.7121 0,442965.7631 4477804.4158 0))",2365758,Azul,Línea,5
"MULTILINESTRING Z ((443176.5779 4477840.7306 0,443171.5779 4477838.8417 0,443166.189 4477837.2862 0,443162.0779 4477836.2306 0,443156.0223 4477835.1751 0,443144.5223 4477833.3417 0,443090.5779 4477824.6751 0))",2365762,Azul,Línea,19
"MULTILINESTRING Z ((443331.8223 4477724.4094 0,443344.739 4477733.4094 0))",2365764,Verde,Línea,3
"MULTILINESTRING Z ((443255.8223 4477765.9094 0,443290.3223 4477789.1594 0))",2365779,Verde,Línea,8
"MULTILINESTRING Z ((443370.2205 4477887.539 0,443362.4797 4477904.9094 0))",2365785,Azul,Línea,4
"MULTILINESTRING Z ((443332.0779 4477948.1195 0,443323.4112 4477942.3695 0))",2365801,Azul,Línea,2
"MULTILINESTRING Z ((443359.8223 4477949.1594 0,443376.239 4477960.2427 0))",2365803,Verde,Línea,4
"MULTILINESTRING Z ((443380.5723 4477963.0761 0,443399.489 4477975.9927 0))",2365804,Verde,Línea,4
"MULTILINESTRING Z ((443318.5408 4478000.8232 0,443333.689 4477978.9343 0))",2365808,Verde,Línea,5
"MULTILINESTRING Z ((443335.1334 4477958.0639 0,443326.4112 4477970.2862 0))",2365811,Azul,Línea,3
"MULTILINESTRING Z ((443247.0223 4478001.8417 0,443266.4112 4477968.1751 0,443264.0779 4477955.3973 0))",2365812,Verde,Batería,21
"MULTILINESTRING Z ((443228.4057 4477983.3261 0,443225.989 4477994.9094 0))",2365813,Verde,Batería,5
"MULTILINESTRING Z ((443236.9668 4477965.7306 0,443233.9112 4477980.4528 0))",2365814,Verde,Batería,6
"MULTILINESTRING Z ((443248.9668 4477952.0084 0,443246.5779 4477964.0639 0))",2365815,Verde,Batería,5
"MULTILINESTRING Z ((443242.0779 4477993.2862 0,443238.1612 4477992.4528 0))",2365817,Verde,Batería,2
"MULTILINESTRING Z ((443245.6612 4477988.6195 0,443241.4112 4477987.7862 0))",2365818,Verde,Batería,2
"MULTILINESTRING Z ((443244.189 4477982.5639 0,443248.5779 4477983.5639 0))",2365819,Verde,Batería,2
"MULTILINESTRING Z ((443251.8279 4477979.3695 0,443246.9945 4477978.2862 0))",2365820,Verde,Batería,2
"MULTILINESTRING Z ((443254.3279 4477974.5362 0,443250.1612 4477973.6195 0))",2365821,Verde,Batería,2
"MULTILINESTRING Z ((443224.2445 4478000.0639 0,443217.8557 4477998.8417 0))",2365834,Verde,Línea,1
"MULTILINESTRING Z ((443141.6834 4477983.965 0,443195.9057 4477994.5205 0))",2365835,Verde,Línea,12
"MULTILINESTRING Z ((443120.9612 4477976.3621 0,443129.06 4477978.0246 0))",2365840,Verde,Batería,4
"MULTILINESTRING Z ((443116.4668 4477997.0639 0,443115.5223 4478001.8973 0))",2365842,Verde,Línea,1
"MULTILINESTRING Z ((443099.7946 4478041.3538 0,443101.0723 4478034.5761 0))",2365844,Verde,Línea,1
"MULTILINESTRING Z ((443126.9112 4477908.2028 0,443116.5779 4477961.5362 0))",2365845,Verde,Línea,12
"MULTILINESTRING Z ((442992.2445 4477860.0639 0,443015.4668 4477864.2862 0,443016.0779 4477864.9528 0,443016.4668 4477865.7862 0,443016.6334 4477866.5639 0,443012.3557 4477886.3417 0))",2365871,Verde,Línea,11
"MULTILINESTRING Z ((443001.1692 4477896.8839 0,442982.4979 4477900.2202 0,442981.1516 4477899.9861 0,442980.5078 4477899.4008 0,442982.0881 4477863.2287 0))",2365873,Verde,Línea,13
"MULTILINESTRING Z ((443014.2445 4477905.7028 0,443003.8279 4477952.3695 0))",2365876,Verde,Línea,10
"MULTILINESTRING Z ((443090.4112 4477973.6195 0,443027.6612 4477961.5362 0))",2365877,Verde,Línea,14
"MULTILINESTRING Z ((443021.3279 4477956.2862 0,443007.9945 4477953.7862 0))",2365878,Verde,Batería,5
"MULTILINESTRING Z ((443008.9057 4477968.4094 0,442994.9612 4477965.5205 0))",2365879,Verde,Batería,5
"MULTILINESTRING Z ((439927.1834 4477594.5205 0,439931.6279 4477585.6872 0,439943.1834 4477560.5205 0,439944.3501 4477558.2983 0))",2365880,Verde,Línea,8
"MULTILINESTRING Z ((442984.0779 4478038.6195 0,442992.5779 4478047.1195 0))",2365889,Verde,Línea,2
"MULTILINESTRING Z ((442907.489 4478104.0761 0,442930.1557 4478110.8261 0))",2365897,Verde,Línea,5
"MULTILINESTRING Z ((442934.689 4478112.3417 0,442940.4297 4478114.0825 0))",2365898,Verde,Línea,1
"MULTILINESTRING Z ((443288.8742 4478027.8973 0,443284.8001 4478033.9343 0))",2365906,Azul,Línea,1
"MULTILINESTRING Z ((443263.6557 4478086.9927 0,443260.8223 4478069.4094 0))",2365908,Azul,Línea,4
"MULTILINESTRING Z ((443224.1557 4478104.9927 0,443237.239 4478101.7427 0))",2365910,Verde,Línea,3
"MULTILINESTRING Z ((443197.3223 4478111.1594 0,443219.6557 4478105.9927 0))",2365911,Verde,Línea,4
"MULTILINESTRING Z ((443185.3001 4478114.0639 0,443151.689 4478121.6195 0))",2365913,Verde,Línea,7
"MULTILINESTRING Z ((443169.1557 4478142.4094 0,443181.5723 4478144.5761 0))",2365918,Verde,Línea,2
"MULTILINESTRING Z ((443105.003 4478164.4871 0,443130.3468 4478172.1546 0,443151.4765 4478177.9492 0,443157.4466 4478179.1784 0,443175.7083 4478181.7537 0))",2365919,Verde,Línea,15
"MULTILINESTRING Z ((443242.3001 4478144.4528 0,443229.689 4478145.2306 0,443191.689 4478145.6751 0))",2365921,Verde,Línea,10
"MULTILINESTRING Z ((443204.9057 4478184.6594 0,443219.8223 4478184.9094 0))",2365924,Verde,Línea,3
"MULTILINESTRING Z ((443276.5223 4478173.4528 0,443272.7445 4478147.6751 0))",2365926,Azul,Línea,5
"MULTILINESTRING Z ((443288.5723 4478171.1316 0,443279.2946 4478111.6316 0))",2365927,Verde,Línea,13
"MULTILINESTRING Z ((443267.0723 4478109.0761 0,443270.489 4478130.6594 0))",2365928,Azul,Línea,5
"MULTILINESTRING Z ((443324.3501 4478097.465 0,443285.7946 4478103.3538 0))",2365931,Verde,Línea,8
"MULTILINESTRING Z ((443284.6279 4478096.502 0,443292.739 4478095.3168 0))",2365932,Verde,Línea,1
"MULTILINESTRING Z ((443312.9057 4478092.4094 0,443324.5723 4478090.8261 0))",2365934,Verde,Línea,2
"MULTILINESTRING Z ((443330.8131 4478068.9094 0,443333.0723 4478084.8724 0))",2365936,Verde,Línea,3
"MULTILINESTRING Z ((443352.3281 4478167.447 0,443342.9112 4478101.8695 0,443338.5779 4478073.2028 0))",2365938,Verde,Línea,20
"MULTILINESTRING Z ((443345.7448 4478168.0303 0,443335.6612 4478101.1195 0))",2365940,Verde,Línea,14
"MULTILINESTRING Z ((443327.3003 4478175.5581 0,443308.5779 4478178.3973 0))",2365941,Verde,Línea,4
"MULTILINESTRING Z ((443392.3929 4478161.5581 0,443388.7263 4478138.4099 0,443387.2818 4478126.9285 0))",2365943,Verde,Línea,7
"MULTILINESTRING Z ((443386.6522 4478117.8173 0,443385.7633 4478103.6692 0))",2365944,Verde,Línea,3
"MULTILINESTRING Z ((443385.6557 4478098.5761 0,443386.0723 4478072.9094 0))",2365945,Verde,Línea,5
"MULTILINESTRING Z ((443448.6481 4478054.6976 0,443414.9815 4478052.9198 0))",2365947,Verde,Línea,7
"MULTILINESTRING Z ((443530.3223 4477888.9927 0,443524.0723 4477902.7427 0))",2365948,Verde,Línea,3
"MULTILINESTRING Z ((443563.1296 4478072.9384 0,443555.2407 4478072.5495 0))",2365958,Verde,Batería,3
"MULTILINESTRING Z ((443461.3501 4478063.465 0,443459.5723 4478093.7983 0))",2365959,Verde,Línea,6
"MULTILINESTRING Z ((443459.739 4478098.6594 0,443460.0723 4478106.5761 0))",2365960,Verde,Línea,1
"MULTILINESTRING Z ((443460.3223 4478110.9094 0,443462.9057 4478133.5761 0))",2365961,Verde,Línea,4
"MULTILINESTRING Z ((443464.739 4478144.2427 0,443465.3223 4478148.4094 0))",2365964,Verde,Línea,1
"MULTILINESTRING Z ((443447.0168 4478160.0761 0,443454.0168 4478159.9094 0))",2365966,Verde,Batería,3
"MULTILINESTRING Z ((443445.9057 4478160.1316 0,443438.4612 4478160.4094 0))",2365967,Verde,Batería,3
"MULTILINESTRING Z ((443437.239 4478160.465 0,443429.8501 4478160.6872 0))",2365968,Verde,Batería,3
"MULTILINESTRING Z ((443428.6279 4478160.7427 0,443418.6279 4478161.1872 0))",2365969,Verde,Batería,4
"MULTILINESTRING Z ((443634.8501 4477975.465 0,443665.9983 4477982.0576 0))",2365982,Verde,Batería,14
"MULTILINESTRING Z ((443708.9074 4478016.855 0,443716.4074 4477982.2717 0))",2365985,Verde,Batería,14
"MULTILINESTRING Z ((443706.5723 4477982.2983 0,443699.8508 4478014.8487 0))",2365986,Verde,Línea,6
"MULTILINESTRING Z ((443605.1666 4477945.031 0,443608.6111 4477948.9198 0))",2365997,Azul,Línea,1
"MULTILINESTRING Z ((443598.574 4477937.4384 0,443601.537 4477940.9569 0))",2365999,Azul,Línea,1
"MULTILINESTRING Z ((443480.3501 4477763.9094 0,443491.5723 4477771.5205 0))",2366010,Verde,Línea,3
"MULTILINESTRING Z ((443467.296 4477764.4442 0,443460.0182 4477775.222 0))",2366011,Verde,Línea,2
"MULTILINESTRING Z ((443445.9071 4477774.1664 0,443456.8516 4477758.0553 0))",2366013,Verde,Batería,8
"MULTILINESTRING Z ((443086.739 4477474.9094 0,443107.6448 4477491.9572 0))",2366024,Azul,Línea,5
"MULTILINESTRING Z ((443050.8328 4477420.339 0,443053.7217 4477416.5982 0))",2366030,Verde,Línea,1
"MULTILINESTRING Z ((443058.5579 4477410.5843 0,443074.8707 4477389.8271 0))",2366031,Verde,Línea,5
"MULTILINESTRING Z ((443102.739 4477359.2427 0,443094.489 4477369.4094 0))",2366032,Verde,Línea,2
"MULTILINESTRING Z ((443079.3481 4477384.1316 0,443091.9077 4477368.1645 0))",2366033,Verde,Línea,5
"MULTILINESTRING Z ((443033.8608 4477427.8495 0,443042.5349 4477416.9807 0))",2366035,Verde,Batería,5
"MULTILINESTRING Z ((443090.4343 4477356.5404 0,443082.5265 4477366.5035 0))",2366038,Verde,Batería,5
"MULTILINESTRING Z ((443117.0723 4477404.9927 0,443136.0723 4477378.4094 0))",2366039,Verde,Línea,6
"MULTILINESTRING Z ((443108.3357 4477417.1193 0,443112.418 4477411.3744 0))",2366040,Verde,Línea,1
"MULTILINESTRING Z ((443100.097 4477428.7489 0,443102.8378 4477424.8724 0))",2366041,Verde,Línea,1
"MULTILINESTRING Z ((443086.3933 4477447.8847 0,443096.1464 4477434.2551 0))",2366044,Verde,Línea,3
"MULTILINESTRING Z ((443145.3727 4477454.7325 0,443149.8172 4477457.646 0))",2366046,Verde,Línea,1
"MULTILINESTRING Z ((443129.8336 4477405.3333 0,443166.8048 4477429.5473 0))",2366049,Verde,Línea,9
"MULTILINESTRING Z ((443217.3563 4477425.9094 0,443198.6649 4477415.0699 0))",2366054,Verde,Línea,4
"MULTILINESTRING Z ((443249.2328 4477444.4032 0,443222.418 4477428.8477 0))",2366055,Verde,Línea,6
"MULTILINESTRING Z ((443268.5415 4477462.2304 0,443267.381 4477456.7736 0,443266.9365 4477455.6625 0,443266.3192 4477454.7242 0,443265.702 4477454.0822 0,443265.0106 4477453.5637 0,443258.9612 4477450.0576 0))",2366056,Verde,Línea,4
"MULTILINESTRING Z ((443203.8995 4477406.3045 0,443217.0307 4477413.9511 0))",2366122,Verde,Línea,3
"MULTILINESTRING Z ((443216.5365 4477415.8205 0,443224.4624 4477420.5242 0))",2366123,Verde,Línea,2
"MULTILINESTRING Z ((443230.8625 4477424.3538 0,443243.9736 4477432.1069 0))",2366124,Verde,Línea,3
"MULTILINESTRING Z ((443248.0723 4477434.5267 0,443258.5908 4477440.7489 0))",2366125,Verde,Línea,2
"MULTILINESTRING Z ((443263.2657 4477443.5061 0,443267.381 4477445.9423 0))",2366126,Verde,Línea,1
"MULTILINESTRING Z ((443272.5168 4477447.9094 0,443274.3439 4477447.8353 0,443275.9489 4477447.539 0,443320.4427 4477438.2551 0))",2366127,Verde,Línea,10
"MULTILINESTRING Z ((443228.4427 4477573.0946 0,443217.381 4477584.0082 0))",2366134,Verde,Línea,3
"MULTILINESTRING Z ((443231.1094 4477575.1193 0,443252.7143 4477553.5884 0))",2366135,Verde,Línea,6
"MULTILINESTRING Z ((443312.2361 4477376.2192 0,443315.625 4477390.7748 0))",2366141,Verde,Línea,3
"MULTILINESTRING Z ((443326.1834 4477430.2427 0,443323.0723 4477415.2798 0))",2366143,Verde,Línea,3
"MULTILINESTRING Z ((443328.9283 4477361.1357 0,443330.6896 4477369.5966 0))",2366144,Verde,Batería,3
"MULTILINESTRING Z ((443334.8871 4477390.0082 0,443333.8995 4477385.2345 0))",2366145,Verde,Batería,2
"MULTILINESTRING Z ((443387.2822 4477396.2798 0,443380.1053 4477397.7613 0))",2366153,Verde,Batería,3
"MULTILINESTRING Z ((443351.4962 4477468.62 0,443351.9022 4477470.5624 0))",2366156,Verde,Batería,1
"MULTILINESTRING Z ((443356.8378 4477494.0082 0,443357.2081 4477495.7859 0))",2366157,Verde,Batería,1
"MULTILINESTRING Z ((443362.3933 4477520.4499 0,443361.3618 4477515.5774 0))",2366158,Verde,Batería,2
"MULTILINESTRING Z ((443391.702 4477515.3415 0,443396.097 4477514.4032 0))",2366160,Verde,Batería,2
"MULTILINESTRING Z ((443397.7184 4477516.1316 0,443410.5579 4477513.465 0))",2366161,Verde,Batería,5
"MULTILINESTRING Z ((443378.953 4477536.4169 0,443376.4509 4477536.9547 0))",2366164,Verde,Batería,1
"MULTILINESTRING Z ((443441.1094 4477522.7242 0,443437.776 4477523.4156 0))",2366166,Verde,Batería,1
"MULTILINESTRING Z ((443371.518 4477561.5056 0,443369.6847 4477552.839 0))",2366168,Verde,Batería,4
"MULTILINESTRING Z ((443375.1094 4477579.1316 0,443374.3686 4477575.5761 0))",2366169,Verde,Batería,2
"MULTILINESTRING Z ((443378.8625 4477596.9464 0,443378.0229 4477592.9711 0))",2366170,Verde,Batería,2
"MULTILINESTRING Z ((443382.8625 4477616.3785 0,443381.9242 4477611.8106 0))",2366171,Verde,Batería,2
"MULTILINESTRING Z ((443387.239 4477637.0761 0,443383.6557 4477619.9094 0))",2366172,Verde,Batería,7
"MULTILINESTRING Z ((443365.6279 4477633.8353 0,443364.3686 4477627.9835 0))",2366173,Verde,Batería,3
"MULTILINESTRING Z ((443395.702 4477679.6625 0,443395.2822 4477677.7366 0))",2366175,Verde,Batería,1
"MULTILINESTRING Z ((443375.5456 4477681.3004 0,443373.2904 4477670.2551 0))",2366176,Verde,Batería,5
"MULTILINESTRING Z ((443377.9736 4477693.144 0,443377.3563 4477690.1316 0))",2366177,Verde,Batería,1
"MULTILINESTRING Z ((443420.8131 4477729.5637 0,443423.5538 4477731.4156 0))",2366185,Verde,Batería,1
"MULTILINESTRING Z ((443423.702 4477734.465 0,443435.3316 4477742.465 0))",2366186,Verde,Batería,6
"MULTILINESTRING Z ((443439.7513 4477641.6131 0,443445.702 4477640.3785 0))",2366193,Verde,Línea,1
"MULTILINESTRING Z ((443462.9859 4477624.8971 0,443456.0723 4477626.4032 0))",2366196,Verde,Batería,3
"MULTILINESTRING Z ((443579.1296 4477847.7161 0,443592.1852 4477859.4939 0))",2366202,Verde,Línea,3
"MULTILINESTRING Z ((443607.2822 4477839.7366 0,443588.3192 4477840.0082 0))",2366205,Verde,Línea,4
"MULTILINESTRING Z ((443644.9365 4477839.0205 0,443611.776 4477839.6625 0))",2366206,Verde,Línea,7
"MULTILINESTRING Z ((443648.739 4477893.7983 0,443632.5168 4477922.7242 0,443623.0353 4477939.6131 0))",2366208,Verde,Línea,11
"MULTILINESTRING Z ((443703.6557 4477761.4094 0,443699.6557 4477764.9927 0))",2366218,Verde,Línea,1
"MULTILINESTRING Z ((443713.455 4477745.1193 0,443711.3316 4477749.7366 0,443707.8007 4477755.5884 0))",2366219,Verde,Línea,2
"MULTILINESTRING Z ((443700.8625 4477751.9835 0,443707.8254 4477738.4032 0))",2366220,Verde,Línea,3
"MULTILINESTRING Z ((443725.0847 4477739.4403 0,443733.7513 4477743.86 0))",2366221,Verde,Línea,2
"MULTILINESTRING Z ((443755.3475 4477754.88 0,443739.8475 4477746.9912 0))",2366222,Verde,Línea,3
"MULTILINESTRING Z ((443790.6402 4477701.5802 0,443787.7925 4477706.9464 0))",2366228,Verde,Línea,1
"MULTILINESTRING Z ((443782.6808 4477716.7319 0,443785.866 4477710.7319 0))",2366229,Verde,Línea,1
"MULTILINESTRING Z ((443758.9036 4477677.8929 0,443786.8213 4477692.3456 0))",2366231,Verde,Línea,6
"MULTILINESTRING Z ((443790.4216 4477685.843 0,443762.3845 4477671.4726 0))",2366232,Verde,Línea,6
"MULTILINESTRING Z ((443726.3223 4477719.6594 0,443724.1557 4477724.1594 0))",2366234,Verde,Línea,1
"MULTILINESTRING Z ((443714.3105 4477725.1023 0,443721.5327 4477711.6208 0))",2366236,Verde,Línea,3
"MULTILINESTRING Z ((443731.0723 4477693.3261 0,443725.9057 4477703.0761 0))",2366237,Verde,Línea,2
"MULTILINESTRING Z ((443740.0723 4477676.0761 0,443735.239 4477685.2427 0))",2366238,Verde,Línea,2
"MULTILINESTRING Z ((443680.4674 4477709.0452 0,443680.7637 4477711.3168 0,443681.5044 4477715.6872 0,443681.702 4477717.465 0,443682.3439 4477721.2674 0,443682.5908 4477724.7242 0,443686.2699 4477749.7366 0))",2366239,Verde,Línea,8
"MULTILINESTRING Z ((443671.8197 4477734.2689 0,443673.5697 4477743.5189 0))",2366241,Verde,Línea,2
"MULTILINESTRING Z ((443696.5723 4477637.4094 0,443692.739 4477635.4094 0,443689.9057 4477634.0761 0,443683.489 4477631.8261 0))",2366247,Verde,Línea,3
"MULTILINESTRING Z ((443710.2946 4477644.5102 0,443734.2287 4477657.0534 0))",2366249,Verde,Línea,5
"MULTILINESTRING Z ((443664.0229 4477613.144 0,443666.0229 4477622.9464 0))",2366250,Verde,Línea,2
"MULTILINESTRING Z ((443715.9736 4477576.5761 0,443724.9118 4477581.0699 0))",2366252,Verde,Línea,2
"MULTILINESTRING Z ((443742.3439 4477589.9094 0,443732.9365 4477585.0699 0))",2366253,Verde,Línea,2
"MULTILINESTRING Z ((443748.8378 4477593.3168 0,443767.6526 4477603.1687 0))",2366254,Verde,Línea,4
"MULTILINESTRING Z ((443719.2822 4477570.1563 0,443727.809 4477574.6008 0))",2366255,Verde,Línea,2
"MULTILINESTRING Z ((443735.1341 4477578.4197 0,443739.5127 4477580.7242 0))",2366256,Verde,Línea,1
"MULTILINESTRING Z ((443770.7919 4477597.0282 0,443745.3105 4477583.7689 0))",2366257,Verde,Línea,6
"MULTILINESTRING Z ((443748.3192 4477661.465 0,443754.6732 4477648.7078 0))",2366258,Verde,Línea,3
"MULTILINESTRING Z ((443757.4715 4477643.0617 0,443760.0394 4477637.9917 0))",2366259,Verde,Línea,1
"MULTILINESTRING Z ((443789.2081 4477614.6008 0,443794.1958 4477617.2674 0))",2366265,Verde,Línea,1
"MULTILINESTRING Z ((443806.0882 4477623.5838 0,443798.866 4477619.806 0))",2366266,Verde,Línea,1
"MULTILINESTRING Z ((443811.4797 4477626.5185 0,443816.418 4477629.1522 0))",2366267,Verde,Línea,1
"MULTILINESTRING Z ((443822.1531 4477617.5189 0,443816.9864 4477614.9356 0))",2366268,Verde,Batería,3
"MULTILINESTRING Z ((443792.5826 4477608.4444 0,443811.2822 4477618.0905 0))",2366269,Verde,Línea,4
"MULTILINESTRING Z ((443793.1094 4477590.9711 0,443797.8254 4477581.8847 0))",2366270,Verde,Línea,2
"MULTILINESTRING Z ((443806.7919 4477564.8245 0,443800.1808 4477577.4912 0))",2366271,Verde,Línea,3
"MULTILINESTRING Z ((443809.6279 4477559.144 0,443818.7884 4477541.4897 0))",2366272,Verde,Línea,4
"MULTILINESTRING Z ((443780.7966 4477597.9917 0,443790.9695 4477578.3209 0))",2366276,Verde,Línea,4
"MULTILINESTRING Z ((443793.8995 4477572.6419 0,443796.5003 4477567.6213 0))",2366277,Verde,Línea,1
"MULTILINESTRING Z ((443831.1808 4477500.5467 0,443839.6808 4477483.38 0))",2366284,Verde,Línea,4
"MULTILINESTRING Z ((443855.0353 4477453.8765 0,443844.1711 4477475.144 0))",2366286,Verde,Línea,5
"MULTILINESTRING Z ((443866.5845 4477432.5754 0,443860.5012 4477443.992 0))",2366287,Verde,Línea,2
"MULTILINESTRING Z ((443852.2205 4477441.4403 0,443830.1464 4477430.0822 0))",2366288,Verde,Línea,5
"MULTILINESTRING Z ((443848.9031 4477447.6578 0,443835.829 4477440.9541 0))",2366290,Verde,Línea,3
"MULTILINESTRING Z ((443786.4031 4477446.9356 0,443810.4586 4477459.2134 0))",2366293,Verde,Línea,5
"MULTILINESTRING Z ((443822.0476 4477473.6378 0,443833.06 4477479.2674 0))",2366294,Verde,Línea,2
"MULTILINESTRING Z ((443799.0353 4477461.8106 0,443817.6773 4477471.3662 0))",2366295,Verde,Línea,4
"MULTILINESTRING Z ((443788.9031 4477456.6578 0,443793.4956 4477458.9541 0))",2366296,Verde,Línea,1
"MULTILINESTRING Z ((443803.381 4477534.8724 0,443783.3563 4477524.5761 0))",2366297,Verde,Línea,4
"MULTILINESTRING Z ((443754.2397 4477509.5637 0,443778.0531 4477521.8326 0))",2366298,Verde,Línea,6
"MULTILINESTRING Z ((443754.3604 4477517.3004 0,443758.0806 4477519.2427 0))",2366300,Verde,Línea,1
"MULTILINESTRING Z ((443713.1279 4477565.5205 0,443740.8501 4477512.0761 0))",2366301,Verde,Línea,12
"MULTILINESTRING Z ((443696.9031 4477572.0189 0,443710.8197 4477544.9356 0))",2366304,Verde,Línea,6
"MULTILINESTRING Z ((443525.8501 4477627.5637 0,443538.2205 4477624.9711 0))",2366308,Verde,Línea,2
"MULTILINESTRING Z ((443592.9586 4477600.7689 0,443577.5142 4477604.0467 0))",2366310,Verde,Línea,3
"MULTILINESTRING Z ((443469.989 4477610.2427 0,443470.9057 4477614.7427 0))",2366318,Verde,Línea,1
"MULTILINESTRING Z ((443466.7919 4477595.2689 0,443469.8475 4477609.7689 0))",2366319,Verde,Línea,3
"MULTILINESTRING Z ((443467.1011 4477583.9176 0,443469.2081 4477593.8765 0))",2366320,Verde,Línea,2
"MULTILINESTRING Z ((443494.8542 4477532.8724 0,443527.6114 4477525.9917 0))",2366323,Verde,Línea,7
"MULTILINESTRING Z ((443582.097 4477522.3538 0,443546.4427 4477529.7119 0))",2366324,Verde,Línea,7
"MULTILINESTRING Z ((443577.4797 4477490.0822 0,443582.1711 4477511.9588 0))",2366326,Verde,Línea,5
"MULTILINESTRING Z ((443561.3563 4477491.2674 0,443574.8625 4477488.3785 0))",2366327,Verde,Línea,3
"MULTILINESTRING Z ((443565.1258 4477508.6748 0,443563.3481 4477500.7736 0))",2366328,Verde,Línea,1
"MULTILINESTRING Z ((443550.0723 4477519.9094 0,443571.239 4477515.5761 0,443572.739 4477514.0761 0,443572.9057 4477512.2427 0,443570.0307 4477499.0761 0))",2366330,Verde,Línea,8
"MULTILINESTRING Z ((443445.2946 4477490.6316 0,443443.1834 4477480.4094 0))",2366332,Verde,Línea,2
"MULTILINESTRING Z ((443641.9653 4477574.1234 0,443638.953 4477559.7695 0))",2366338,Verde,Línea,3
"MULTILINESTRING Z ((443623.1999 4477484.5322 0,443622.1354 4477479.4622 0))",2366341,Verde,Línea,1
"MULTILINESTRING Z ((443607.4797 4477409.3168 0,443614.739 4477444.1687 0))",2366343,Verde,Línea,6
"MULTILINESTRING Z ((443583.8913 4477296.8779 0,443603.9077 4477392.4828 0))",2366363,Verde,Línea,21
"MULTILINESTRING Z ((443535.9736 4477371.0205 0,443532.8378 4477353.7613 0))",2366368,Verde,Línea,3
"MULTILINESTRING Z ((443537.8501 4477370.7983 0,443549.5044 4477368.3785 0))",2366369,Verde,Línea,2
"MULTILINESTRING Z ((443548.5168 4477351.9094 0,443544.9118 4477334.4032 0))",2366371,Verde,Línea,3
"MULTILINESTRING Z ((443507.2822 4477348.3292 0,443506.2946 4477343.465 0))",2366373,Verde,Línea,1
"MULTILINESTRING Z ((443407.2822 4477309.9341 0,443409.6834 4477321.3538 0))",2366381,Verde,Línea,3
"MULTILINESTRING Z ((443384.1711 4477274.7242 0,443330.3439 4477286.2304 0))",2366385,Verde,Batería,23
"MULTILINESTRING Z ((443249.0723 4477335.0761 0,443246.989 4477338.1594 0))",2366389,Verde,Batería,1
"MULTILINESTRING Z ((443193.489 4477390.5761 0,443196.4057 4477386.4094 0))",2366395,Azul,Batería,2
"MULTILINESTRING Z ((443250.3096 4477281.2992 0,443252.6429 4477291.6326 0))",2366403,Verde,Línea,2
"MULTILINESTRING Z ((443244.1464 4477253.9835 0,443248.3439 4477272.7242 0))",2366404,Verde,Línea,4
"MULTILINESTRING Z ((443277.4427 4477224.9094 0,443269.3686 4477226.6501 0))",2366406,Verde,Batería,3
"MULTILINESTRING Z ((443374.4674 4477206.3785 0,443363.6279 4477208.6255 0))",2366411,Verde,Línea,2
"MULTILINESTRING Z ((443507.595 4477264.5102 0,443521.2575 4477261.6131 0))",2366414,Azul,Línea,3
"MULTILINESTRING Z ((443530.0476 4477256.2798 0,443555.1834 4477251.144 0))",2366415,Azul,Línea,5
"MULTILINESTRING Z ((443427.1176 4477052.5267 0,443417.9653 4477091.1111 0))",2366422,Azul,Línea,9
"MULTILINESTRING Z ((443337.1834 4476973.9588 0,443344.2452 4476979.3168 0))",2366428,Azul,Línea,1
"MULTILINESTRING Z ((443317.0353 4476958.7242 0,443320.5415 4476961.3662 0))",2366429,Azul,Línea,1
"MULTILINESTRING Z ((443305.5785 4476950.7242 0,443316.8378 4476958.5761 0))",2366430,Azul,Línea,3
"MULTILINESTRING Z ((443237.6773 4476994.4032 0,443252.8871 4476974.0082 0))",2366436,Verde,Batería,10
"MULTILINESTRING Z ((443274.7637 4477029.8106 0,443284.2452 4477036.9711 0))",2366439,Verde,Batería,5
"MULTILINESTRING Z ((443340.6649 4477093.2674 0,443345.1094 4477098.3045 0,443353.5538 4477108.4526 0,443355.9489 4477110.8477 0,443362.0229 4477116.502 0,443370.0723 4477123.218 0,443372.418 4477124.9464 0,443379.9489 4477130.1069 0,443383.6279 4477131.9341 0))",2366441,Azul,Línea,12
"MULTILINESTRING Z ((443342.8625 4477123.3168 0,443346.8625 4477129.1934 0))",2366443,Verde,Batería,3
"MULTILINESTRING Z ((443333.9324 4477111.7201 0,443330.4592 4477107.3909 0))",2366444,Verde,Batería,3
"MULTILINESTRING Z ((443241.6526 4477132.4773 0,443250.4674 4477139.86 0))",2366451,Azul,Batería,5
"MULTILINESTRING Z ((443277.739 4477171.5761 0,443275.1557 4477168.4094 0))",2366453,Azul,Batería,1
"MULTILINESTRING Z ((443286.6649 4477186.465 0,443284.5908 4477182.539 0))",2366456,Azul,Batería,2
"MULTILINESTRING Z ((443294.1958 4477203.2427 0,443292.1217 4477197.8847 0))",2366457,Azul,Batería,2
"MULTILINESTRING Z ((443298.2699 4477215.6625 0,443295.4057 4477206.9218 0))",2366458,Azul,Batería,4
"MULTILINESTRING Z ((443272.3188 4477202.0307 0,443271.1522 4477199.364 0))",2366461,Verde,Batería,1
"MULTILINESTRING Z ((443256.6522 4477177.0307 0,443255.1522 4477175.1974 0))",2366465,Verde,Batería,1
"MULTILINESTRING Z ((443231.562 4477153.3058 0,443230.0915 4477152.1316 0))",2366468,Verde,Batería,1
"MULTILINESTRING Z ((443227.0298 4477149.7722 0,443228.6649 4477151.0342 0))",2366469,Verde,Batería,1
"MULTILINESTRING Z ((443202.9983 4477175.465 0,443205.4057 4477177.0576 0,443210.6649 4477180.9464 0,443212.1834 4477182.1316 0,443215.0723 4477184.5761 0,443220.1464 4477189.3909 0,443223.0723 4477192.465 0,443227.0723 4477197.0576 0,443228.4797 4477198.7983 0,443232.9983 4477205.1316 0,443234.6279 4477207.7242 0,443237.739 4477212.9835 0,443240.2205 4477217.9835 0,443241.6649 4477221.0946 0,443242.9612 4477224.1316 0,443244.2946 4477227.8724 0))",2366473,Verde,Línea,14
"MULTILINESTRING Z ((443224.4427 4477204.4279 0,443226.5662 4477207.3662 0,443229.5044 4477211.8106 0,443230.8871 4477214.1316 0,443234.0476 4477220.181 0))",2366475,Verde,Línea,4
"MULTILINESTRING Z ((443158.8466 4477236.5585 0,443158.1244 4477219.3363 0))",2366484,Verde,Línea,4
"MULTILINESTRING Z ((443191.4057 4477240.9511 0,443198.1557 4477240.4511 0))",2366487,Verde,Batería,3
"MULTILINESTRING Z ((443208.3316 4477254.3538 0,443212.6649 4477253.6131 0))",2366489,Verde,Batería,2
"MULTILINESTRING Z ((443135.7946 4477313.7983 0,443141.0723 4477307.0205 0))",2366492,Verde,Línea,2
"MULTILINESTRING Z ((443133.6526 4477366.7983 0,443138.739 4477371.0617 0))",2366498,Verde,Línea,1
"MULTILINESTRING Z ((443114.1291 4477350.0056 0,443128.6106 4477362.5982 0))",2366499,Verde,Línea,4
"MULTILINESTRING Z ((443077.06 4477332.9547 0,443090.6073 4477338.5185 0))",2366500,Verde,Línea,3
"MULTILINESTRING Z ((442986.1936 4477346.1825 0,442988.725 4477340.2836 0))",2366506,Verde,Línea,1
"MULTILINESTRING Z ((442966.4797 4477372.6131 0,442976.9983 4477348.0946 0))",2366509,Verde,Línea,5
"MULTILINESTRING Z ((442918.1834 4477337.5761 0,442928.6279 4477345.6872 0))",2366513,Azul,Línea,2
"MULTILINESTRING Z ((442908.7472 4477328.1316 0,442920.7308 4477311.144 0))",2366514,Verde,Línea,4
"MULTILINESTRING Z ((443013.702 4477289.7242 0,443018.5908 4477277.9835 0))",2366515,Verde,Línea,3
"MULTILINESTRING Z ((443015.776 4477276.4773 0,443021.7513 4477262.4032 0))",2366516,Verde,Línea,3
"MULTILINESTRING Z ((443154.5168 4477253.0205 0,443147.9242 4477253.4403 0))",2366520,Verde,Línea,1
"MULTILINESTRING Z ((443071.2822 4477253.7119 0,443075.6773 4477254.3209 0))",2366522,Verde,Línea,1
"MULTILINESTRING Z ((443051.1588 4477238.8477 0,443065.7267 4477240.8477 0))",2366523,Verde,Línea,3
"MULTILINESTRING Z ((443065.9736 4477242.8477 0,443070.1958 4477243.4403 0))",2366524,Verde,Línea,1
"MULTILINESTRING Z ((443142.4756 4477243.8024 0,443148.2534 4477243.4732 0))",2366526,Verde,Batería,2
"MULTILINESTRING Z ((443155.1244 4477213.7252 0,443131.4022 4477220.2807 0))",2366527,Verde,Línea,5
"MULTILINESTRING Z ((443147.4029 4477130.3154 0,443154.9969 4477136.4828 0))",2366533,Verde,Línea,2
"MULTILINESTRING Z ((443139.9406 4477124.2469 0,443143.4194 4477127.0672 0))",2366534,Verde,Línea,1
"MULTILINESTRING Z ((443123.4797 4477107.465 0,443133.8131 4477115.8724 0))",2366536,Verde,Línea,2
"MULTILINESTRING Z ((443099.8501 4477091.6378 0,443121.0106 4477108.8477 0))",2366539,Verde,Línea,6
"MULTILINESTRING Z ((443095.2081 4477096.8477 0,443137.6032 4477131.144 0))",2366540,Verde,Línea,12
"MULTILINESTRING Z ((443270.5415 4477054.1563 0,443262.5415 4477048.1316 0))",2366554,Verde,Batería,5
"MULTILINESTRING Z ((443216.5991 4477013.7613 0,443219.5456 4477015.9176 0))",2366557,Verde,Batería,1
"MULTILINESTRING Z ((443189.0723 4476995.5205 0,443184.7807 4476992.4511 0))",2366559,Verde,Batería,3
"MULTILINESTRING Z ((443194.739 4476997.3168 0,443195.9242 4476998.2057 0))",2366561,Verde,Batería,1
"MULTILINESTRING Z ((443134.4855 4477042.1974 0,443143.2355 4477030.7807 0))",2366565,Verde,Batería,6
"MULTILINESTRING Z ((443155.1341 4476989.4403 0,443163.06 4476978.9218 0))",2366600,Verde,Batería,5
"MULTILINESTRING Z ((443153.9489 4476997.218 0,443157.776 4476992.1069 0))",2366601,Verde,Línea,1
"MULTILINESTRING Z ((443150.6649 4476995.2674 0,443142.0723 4477006.6995 0))",2366602,Verde,Batería,6
"MULTILINESTRING Z ((443132.1834 4477019.8724 0,443139.5168 4477010.0946 0))",2366603,Verde,Batería,5
"MULTILINESTRING Z ((443130.9983 4477027.502 0,443134.702 4477022.6131 0))",2366604,Verde,Línea,1
"MULTILINESTRING Z ((443166.8625 4476948.5514 0,443172.1464 4476952.5267 0))",2366607,Azul,Batería,3
"MULTILINESTRING Z ((443106.739 4476903.3909 0,443120.3686 4476913.6131 0))",2366608,Verde,Batería,7
"MULTILINESTRING Z ((443246.6557 4476905.8261 0,443280.739 4476931.3261 0))",2366609,Verde,Línea,9
"MULTILINESTRING Z ((443144.3439 4476961.0946 0,443151.9242 4476966.7489 0))",2366614,Verde,Batería,4
"MULTILINESTRING Z ((443128.4921 4476949.144 0,443135.6032 4476954.4279 0))",2366615,Verde,Batería,4
"MULTILINESTRING Z ((443112.6594 4476935.8463 0,443116.9283 4476938.9739 0))",2366617,Verde,Batería,2
"MULTILINESTRING Z ((443102.75 4476928.3401 0,443109.4112 4476933.3552 0))",2366618,Verde,Batería,3
"MULTILINESTRING Z ((443085.06 4476914.9464 0,443092.846 4476920.8888 0))",2366620,Verde,Batería,7
"MULTILINESTRING Z ((443066.9859 4476900.9464 0,443070.9118 4476903.9835 0))",2366621,Verde,Batería,2
"MULTILINESTRING Z ((443025.7513 4476948.2057 0,443028.6649 4476944.5514 0))",2366623,Verde,Batería,2
"MULTILINESTRING Z ((443034.2452 4476959.8518 0,443030.7555 4476956.8065 0))",2366626,Verde,Batería,2
"MULTILINESTRING Z ((443042.8378 4476994.823 0,443039.5538 4476991.6872 0))",2366628,Verde,Batería,2
"MULTILINESTRING Z ((443043.9736 4477003.6049 0,443040.7472 4477006.8971 0))",2366632,Verde,Línea,1
"MULTILINESTRING Z ((443031.1999 4477016.5102 0,443034.525 4477013.2345 0))",2366633,Verde,Línea,1
"MULTILINESTRING Z ((443037.5221 4477041.4822 0,443040.1129 4477043.6291 0,443083.5575 4477078.6511 0))",2366635,Verde,Línea,12
"MULTILINESTRING Z ((443095.8748 4477084.823 0,443114.1217 4477062.0822 0))",2366636,Verde,Línea,6
"MULTILINESTRING Z ((443081.0353 4477151.3538 0,443080.9242 4477157.465 0))",2366641,Verde,Línea,1
"MULTILINESTRING Z ((443073.702 4477236.7983 0,443075.4427 4477226.2798 0))",2366645,Verde,Línea,2
"MULTILINESTRING Z ((443040.5826 4477175.6049 0,443040.3522 4477172.5541 0))",2366647,Verde,Batería,1
"MULTILINESTRING Z ((443009.8748 4477107.6872 0,443029.5723 4477128.2427 0))",2366650,Verde,Batería,10
"MULTILINESTRING Z ((443003.809 4477101.4156 0,442998.2287 4477095.6049 0))",2366651,Verde,Batería,3
"MULTILINESTRING Z ((442986.1135 4477083.0287 0,442993.455 4477090.6666 0))",2366652,Verde,Batería,4
"MULTILINESTRING Z ((442993.883 4477106.7489 0,443004.3357 4477117.432 0))",2366654,Verde,Línea,3
"MULTILINESTRING Z ((443031.167 4477194.3868 0,443030.4098 4477182.9135 0))",2366662,Verde,Línea,2
"MULTILINESTRING Z ((443021.6476 4477217.4134 0,442991.4059 4477186.5304 0))",2366663,Verde,Línea,8
"MULTILINESTRING Z ((442982.1135 4477169.8436 0,442986.2616 4477174.074 0))",2366664,Verde,Línea,1
"MULTILINESTRING Z ((442971.9057 4477159.1594 0,442958.4057 4477145.3261 0))",2366666,Verde,Línea,3
"MULTILINESTRING Z ((442941.1588 4477127.86 0,442947.702 4477134.4032 0))",2366668,Verde,Línea,2
"MULTILINESTRING Z ((443007.8093 4477235.1669 0,442983.9468 4477231.7917 0))",2366669,Verde,Batería,8
"MULTILINESTRING Z ((442967.8021 4477229.0803 0,442972.0999 4477230.2391 0))",2366670,Verde,Batería,2
"MULTILINESTRING Z ((442925.3223 4477195.8261 0,442930.4057 4477200.9927 0))",2366671,Verde,Batería,3
"MULTILINESTRING Z ((442918.6402 4477189.3909 0,442920.7143 4477191.4156 0))",2366672,Verde,Batería,1
"MULTILINESTRING Z ((442894.3439 4477179.2592 0,442899.4797 4477184.395 0))",2366674,Azul,Línea,1
"MULTILINESTRING Z ((442941.1834 4477226.502 0,442933.8995 4477219.1193 0))",2366675,Azul,Línea,2
"MULTILINESTRING Z ((442946.2205 4477231.5884 0,442948.2946 4477233.6378 0,442966.6557 4477238.9927 0))",2366676,Azul,Línea,5
"MULTILINESTRING Z ((442971.8501 4477240.4773 0,442988.0723 4477242.7736 0))",2366677,Azul,Línea,3
"MULTILINESTRING Z ((442986.2946 4477294.5267 0,442974.8871 4477289.4403 0))",2366679,Verde,Línea,2
"MULTILINESTRING Z ((442965.7513 4477285.2921 0,442970.7637 4477287.5884 0))",2366680,Verde,Línea,1
"MULTILINESTRING Z ((442952.2575 4477279.1687 0,442961.1464 4477283.2057 0))",2366681,Verde,Línea,2
"MULTILINESTRING Z ((442817.989 4477254.4927 0,442825.0723 4477261.8261 0))",2366692,Azul,Línea,2
"MULTILINESTRING Z ((442750.4612 4477187.8538 0,442762.7807 4477200.0761 0))",2366694,Azul,Línea,3
"MULTILINESTRING Z ((442740.9283 4477181.3333 0,442743.7486 4477184.1536 0))",2366695,Azul,Línea,1
"MULTILINESTRING Z ((442712.6557 4477149.9927 0,442723.1023 4477160.3578 0))",2366696,Azul,Línea,3
"MULTILINESTRING Z ((442733.9653 4477165.2345 0,442749.3398 4477150.3374 0))",2366698,Verde,Línea,4
"MULTILINESTRING Z ((442753.1094 4477146.6831 0,442770.2452 4477130.0905 0))",2366699,Verde,Línea,5
"MULTILINESTRING Z ((442778.9859 4477131.4897 0,442800.4839 4477153.0699 0))",2366700,Verde,Línea,6
"MULTILINESTRING Z ((442814.1793 4477166.6666 0,442806.3933 4477158.93 0))",2366701,Verde,Línea,2
"MULTILINESTRING Z ((442842.9365 4477195.4403 0,442838.739 4477191.218 0))",2366702,Verde,Línea,1
"MULTILINESTRING Z ((442835.99 4477188.4608 0,442832.5497 4477185.0041 0))",2366703,Verde,Línea,1
"MULTILINESTRING Z ((442830.418 4477182.8724 0,442819.9242 4477172.3785 0))",2366704,Verde,Línea,3
"MULTILINESTRING Z ((442899.4249 4477158.0795 0,442905.9057 4477151.6872 0))",2366706,Verde,Línea,2
"MULTILINESTRING Z ((442911.2987 4477146.6008 0,442927.6937 4477130.4691 0))",2366707,Verde,Línea,5
"MULTILINESTRING Z ((442969.5168 4477088.1872 0,442959.6557 4477098.0761 0))",2366710,Verde,Línea,3
"MULTILINESTRING Z ((442951.2877 4477092.6748 0,442961.1557 4477082.7011 0))",2366712,Verde,Batería,7
"MULTILINESTRING Z ((442982.8131 4476986.7983 0,442995.9612 4476999.539 0))",2366722,Verde,Línea,4
"MULTILINESTRING Z ((442927.8748 4476912.3785 0,442937.6526 4476903.0699 0))",2366727,Verde,Línea,3
"MULTILINESTRING Z ((442941.5044 4476985.465 0,442945.916 4476989.7942 0))",2366730,Verde,Línea,1
"MULTILINESTRING Z ((442949.5867 4476993.3827 0,442995.8583 4477038.0082 0))",2366732,Verde,Línea,14
"MULTILINESTRING Z ((442873.2822 4476982.6008 0,442902.6896 4477012.8971 0))",2366733,Verde,Línea,9
"MULTILINESTRING Z ((442953.7513 4477068.1481 0,442961.6361 4477076.3785 0))",2366736,Verde,Línea,2
"MULTILINESTRING Z ((442952.8789 4477049.0041 0,442961.702 4477057.9917 0))",2366737,Verde,Batería,5
"MULTILINESTRING Z ((442970.3192 4477066.7736 0,442964.8131 4477061.1687 0))",2366738,Verde,Batería,3
"MULTILINESTRING Z ((442829.7513 4477005.3909 0,442859.381 4476977.2427 0))",2366742,Verde,Línea,8
"MULTILINESTRING Z ((442924.0813 4477117.7803 0,442910.4803 4477103.6729 0))",2366743,Verde,Línea,4
"MULTILINESTRING Z ((442906.1041 4477099.173 0,442897.8242 4477090.5781 0))",2366744,Verde,Línea,2
"MULTILINESTRING Z ((442834.4921 4477051.4732 0,442810.9365 4477074.2715 0))",2366748,Verde,Línea,7
"MULTILINESTRING Z ((442820.0201 4477090.2181 0,442823.5076 4477093.7281 0))",2366749,Verde,Batería,2
"MULTILINESTRING Z ((442879.5769 4477150.2924 0,442874.177 4477144.8474 0))",2366751,Verde,Batería,3
"MULTILINESTRING Z ((442843.8223 4477128.4094 0,442847.6557 4477132.4094 0))",2366756,Azul,Línea,1
"MULTILINESTRING Z ((442806.9242 4477100.465 0,442782.776 4477124.3168 0))",2366758,Verde,Línea,7
"MULTILINESTRING Z ((442761.2411 4477113.3333 0,442772.5003 4477124.6913 0))",2366759,Verde,Línea,3
"MULTILINESTRING Z ((442726.8871 4477047.0205 0,442733.8223 4477033.4927 0))",2366766,Verde,Línea,3
"MULTILINESTRING Z ((442709.7267 4477048.2304 0,442714.418 4477039.0452 0))",2366767,Verde,Línea,2
"MULTILINESTRING Z ((442744.2355 4477008.5955 0,442742.1244 4477013.8548 0))",2366775,Verde,Línea,1
"MULTILINESTRING Z ((442775.3316 4476964.3292 0,442781.9736 4476971.1934 0))",2366779,Verde,Línea,2
"MULTILINESTRING Z ((442818.1958 4477008.5432 0,442832.5662 4477023.358 0))",2366782,Verde,Línea,4
"MULTILINESTRING Z ((442839.3345 4477030.3254 0,442845.0012 4477036.1587 0))",2366783,Verde,Línea,2
"MULTILINESTRING Z ((442843.239 4476951.6594 0,442836.489 4476944.8261 0))",2366786,Verde,Línea,2
"MULTILINESTRING Z ((442833.239 4476941.3261 0,442818.0723 4476925.7427 0))",2366787,Verde,Línea,4
"MULTILINESTRING Z ((442851.9057 4476945.2427 0,442858.5723 4476952.0761 0))",2366789,Verde,Batería,5
"MULTILINESTRING Z ((442774.1958 4476950.2551 0,442791.9736 4476916.1069 0))",2366790,Verde,Línea,8
"MULTILINESTRING Z ((442771.5785 4476928.1563 0,442764.989 4476940.6594 0))",2366791,Azul,Línea,3
"MULTILINESTRING Z ((442778.4427 4476919.144 0,442773.5291 4476928.6501 0))",2366792,Azul,Línea,2
"MULTILINESTRING Z ((442786.489 4476903.0761 0,442784.8223 4476906.9927 0))",2366793,Azul,Línea,1
"MULTILINESTRING Z ((442870.7061 4476842.1563 0,442855.6279 4476833.9094 0))",2366796,Verde,Línea,3
"MULTILINESTRING Z ((442875.8223 4476844.9927 0,442899.9057 4476858.0761 0))",2366799,Verde,Línea,5
"MULTILINESTRING Z ((442939.4207 4476896.8177 0,442929.0133 4476887.0029 0))",2366801,Verde,Línea,3
"MULTILINESTRING Z ((443027.776 4476870.3292 0,443038.9118 4476878.6995 0))",2366803,Verde,Batería,6
"MULTILINESTRING Z ((442972.6896 4476828.823 0,442976.739 4476831.86 0))",2366804,Verde,Batería,3
"MULTILINESTRING Z ((442973.9057 4476800.6316 0,442978.8501 4476778.2427 0))",2366810,Azul,Batería,9
"MULTILINESTRING Z ((442963.2946 4476796.0205 0,442967.2946 4476777.7983 0))",2366812,Azul,Batería,11
"MULTILINESTRING Z ((442954.9612 4476794.0761 0,442958.7946 4476776.1872 0))",2366814,Azul,Batería,12
"MULTILINESTRING Z ((443000.3316 4476754.539 0,443002.9242 4476755.0946 0,443012.5168 4476758.2057 0,443020.5168 4476761.2798 0,443031.3316 4476764.8724 0,443033.9242 4476766.0946 0))",2366815,Verde,Línea,8
"MULTILINESTRING Z ((442954.5415 4476753.9588 0,442954.0229 4476754.8477 0,442953.4057 4476756.1563 0,442952.7637 4476758.0329 0,442951.7267 4476761.7859 0,442949.1588 4476773.2921 0))",2366816,Verde,Batería,8
"MULTILINESTRING Z ((442946.8378 4476783.465 0,442947.455 4476780.7489 0))",2366817,Verde,Batería,1
"MULTILINESTRING Z ((442941.9983 4476804.2798 0,442943.1094 4476799.465 0))",2366818,Verde,Batería,2
"MULTILINESTRING Z ((442823.8223 4476796.0761 0,442811.989 4476787.4094 0))",2366825,Azul,Línea,3
"MULTILINESTRING Z ((442817.489 4476809.6594 0,442823.489 4476813.5761 0))",2366827,Azul,Línea,1
"MULTILINESTRING Z ((442783.8501 4476785.7983 0,442797.776 4476795.5761 0))",2366828,Azul,Línea,3
"MULTILINESTRING Z ((442711.5127 4476715.6213 0,442705.6557 4476723.3261 0,442705.3223 4476724.0761 0,442705.2946 4476724.7983 0,442705.5168 4476725.7427 0))",2366831,Verde,Batería,5
"MULTILINESTRING Z ((442751.5401 4476822.727 0,442775.6169 4476790.7818 0))",2366832,Verde,Línea,9
"MULTILINESTRING Z ((442739.739 4476838.5761 0,442747.5723 4476828.1594 0))",2366833,Verde,Línea,2
"MULTILINESTRING Z ((442734.989 4476844.7427 0,442724.989 4476857.8261 0))",2366834,Verde,Línea,3
"MULTILINESTRING Z ((442770.1557 4476786.2427 0,442761.5723 4476797.2427 0))",2366836,Verde,Línea,3
"MULTILINESTRING Z ((442684.2575 4476898.502 0,442742.1557 4476823.0761 0))",2366838,Verde,Línea,20
"MULTILINESTRING Z ((442675.6773 4476972.5267 0,442667.381 4476966.181 0))",2366844,Verde,Línea,2
"MULTILINESTRING Z ((442657.2081 4476958.3785 0,442661.0847 4476961.3662 0))",2366845,Verde,Línea,1
"MULTILINESTRING Z ((442660.418 4476941.7613 0,442697.3316 4476893.2427 0))",2366846,Verde,Línea,13
"MULTILINESTRING Z ((442654.5538 4476938.502 0,442672.776 4476914.539 0))",2366847,Verde,Línea,6
"MULTILINESTRING Z ((442626.702 4476988.2798 0,442647.4797 4476960.3909 0))",2366848,Verde,Línea,7
"MULTILINESTRING Z ((442609.3223 4477015.0761 0,442618.1557 4477003.0761 0))",2366853,Verde,Línea,3
"MULTILINESTRING Z ((442511.1557 4476991.0761 0,442523.1557 4476975.6594 0))",2366856,Verde,Línea,4
"MULTILINESTRING Z ((442505.5044 4476986.7242 0,442511.4057 4476978.9958 0))",2366857,Verde,Línea,2
"MULTILINESTRING Z ((442525.4304 4476960.6008 0,442538.8625 4476943.0946 0))",2366858,Verde,Línea,5
"MULTILINESTRING Z ((442534.776 4476960.2427 0,442531.776 4476964.1687 0))",2366859,Verde,Línea,1
"MULTILINESTRING Z ((442538.739 4476955.0576 0,442541.9983 4476950.7983 0))",2366860,Verde,Línea,1
"MULTILINESTRING Z ((442555.0847 4476946.0822 0,442559.4304 4476949.3909 0))",2366861,Verde,Línea,1
"MULTILINESTRING Z ((442551.7267 4476926.823 0,442561.2575 4476914.4279 0))",2366865,Verde,Línea,3
"MULTILINESTRING Z ((442572.0229 4476900.3785 0,442566.4427 4476907.6625 0))",2366866,Verde,Línea,2
"MULTILINESTRING Z ((442606.989 4476918.7427 0,442585.739 4476902.4094 0))",2366867,Verde,Línea,5
"MULTILINESTRING Z ((442632.3223 4476937.8261 0,442626.6557 4476933.4927 0))",2366869,Verde,Línea,1
"MULTILINESTRING Z ((442630.6557 4476926.9094 0,442583.6557 4476890.7427 0))",2366871,Verde,Línea,13
"MULTILINESTRING Z ((442539.0168 4476856.5761 0,442571.8501 4476881.7983 0))",2366872,Verde,Línea,9
"MULTILINESTRING Z ((442525.4715 4476846.1892 0,442534.0147 4476852.7407 0))",2366873,Verde,Línea,2
"MULTILINESTRING Z ((442515.9736 4476837.6625 0,442507.06 4476830.7736 0))",2366874,Verde,Batería,5
"MULTILINESTRING Z ((442449.6279 4476903.6316 0,442451.0307 4476918.7011 0))",2366879,Azul,Línea,3
"MULTILINESTRING Z ((442537.6649 4476933.0205 0,442524.5168 4476922.9835 0))",2366880,Verde,Línea,3
"MULTILINESTRING Z ((442483.6557 4476882.9927 0,442480.239 4476887.4927 0))",2366881,Verde,Línea,1
"MULTILINESTRING Z ((442507.0723 4476851.8261 0,442498.239 4476863.5761 0))",2366882,Verde,Línea,3
"MULTILINESTRING Z ((442515.5785 4476848.4526 0,442533.2575 4476861.9341 0))",2366883,Verde,Línea,5
"MULTILINESTRING Z ((442569.8223 4476892.8261 0,442556.6557 4476882.8261 0))",2366885,Verde,Línea,3
"MULTILINESTRING Z ((442675.6526 4476900.4279 0,442672.097 4476897.7366 0))",2366891,Verde,Línea,1
"MULTILINESTRING Z ((442482.6649 4476734.3292 0,442479.6279 4476738.3538 0))",2366897,Verde,Línea,1
"MULTILINESTRING Z ((442534.1557 4476667.4927 0,442492.239 4476721.4927 0))",2366900,Verde,Línea,15
"MULTILINESTRING Z ((442505.6032 4476623.6378 0,442517.5044 4476632.7736 0))",2366902,Verde,Línea,2
"MULTILINESTRING Z ((442577.1279 4476681.1872 0,442572.1279 4476677.5761 0))",2366904,Verde,Línea,1
"MULTILINESTRING Z ((442520.4345 4476770.7489 0,442575.167 4476699.539 0))",2366906,Verde,Línea,19
"MULTILINESTRING Z ((442579.9489 4476703.7613 0,442561.381 4476728.2057 0))",2366907,Verde,Línea,6
"MULTILINESTRING Z ((442525.8223 4476775.4927 0,442550.489 4476742.5761 0))",2366908,Verde,Línea,9
"MULTILINESTRING Z ((442592.489 4476704.5761 0,442616.239 4476722.4094 0))",2366909,Verde,Batería,13
"MULTILINESTRING Z ((442565.5291 4476808.7489 0,442622.4427 4476734.0576 0))",2366917,Verde,Línea,20
"MULTILINESTRING Z ((442560.3686 4476805.6872 0,442617.5168 4476730.5761 0))",2366918,Verde,Línea,20
"MULTILINESTRING Z ((440125.4057 4477554.3538 0,440118.4057 4477467.8538 0,440116.8501 4477447.5761 0,440116.5723 4477445.3538 0,440115.8501 4477444.5205 0))",2367241,Verde,Línea,22
"MULTILINESTRING Z ((440213.905 4477569.679 0,440211.7431 4477541.2126 0))",2367243,Verde,Línea,6
"MULTILINESTRING Z ((440211.0353 4477531.9094 0,440210.2946 4477521.9464 0))",2367244,Verde,Línea,2
"MULTILINESTRING Z ((440209.2246 4477507.7859 0,440210.2452 4477521.5143 0))",2367245,Verde,Línea,3
"MULTILINESTRING Z ((440291.2575 4477466.6131 0,440291.4057 4477471.0946 0))",2367247,Azul,Línea,1
"MULTILINESTRING Z ((440277.3563 4477434.9958 0,440279.6032 4477434.8477 0))",2367250,Azul,Batería,1
"MULTILINESTRING Z ((440015.3069 4477446.6008 0,440016.8625 4477445.1193 0,440027.2328 4477432.4773 0))",2367251,Azul,Línea,4
"MULTILINESTRING Z ((440084.632 4477363.7201 0,440082.5744 4477368.2469 0))",2367252,Verde,Línea,1
"MULTILINESTRING Z ((440079.8995 4477367.4156 0,440089.5785 4477346.9218 0))",2367253,Azul,Línea,5
"MULTILINESTRING Z ((440144.4921 4477245.7119 0,440147.6526 4477241.4403 0,440150.097 4477239.0452 0))",2367254,Verde,Línea,2
"MULTILINESTRING Z ((439668.4427 4477200.6995 0,439665.9983 4477198.5761 0))",2367262,Verde,Línea,1
"MULTILINESTRING Z ((440194.097 4477207.3662 0,440184.7637 4477208.1069 0))",2367265,Verde,Línea,2
"MULTILINESTRING Z ((440183.776 4477199.4403 0,440195.0847 4477198.2798 0))",2367266,Verde,Línea,2
"MULTILINESTRING Z ((440198.739 4477211.9835 0,440198.5579 4477215.3086 0))",2367267,Verde,Batería,1
"MULTILINESTRING Z ((441097.3316 4478492.4526 0,441097.4304 4478494.6501 0,441097.5538 4478495.8106 0,441097.702 4478496.4526 0))",2367274,Azul,Línea,1
"MULTILINESTRING Z ((441370.4427 4479336.5761 0,441370.776 4479340.9835 0))",2367281,Verde,Batería,2
"MULTILINESTRING Z ((440207.8131 4477211.8353 0,440205.5168 4477245.6872 0))",2367282,Verde,Línea,7
"MULTILINESTRING Z ((440283.1011 4477226.3868 0,440283.381 4477234.8641 0))",2367288,Verde,Línea,1
"MULTILINESTRING Z ((440278.9612 4477109.0699 0,440279.4797 4477123.1193 0))",2367296,Azul,Línea,3
"MULTILINESTRING Z ((440212.2946 4477189.6872 0,440213.0847 4477180.8477 0))",2367298,Verde,Línea,2
"MULTILINESTRING Z ((440212.8789 4477146.0411 0,440213.3892 4477140.1316 0))",2367300,Verde,Línea,1
"MULTILINESTRING Z ((440214.9201 4477119.2098 0,440215.3316 4477113.465 0))",2367301,Verde,Línea,1
"MULTILINESTRING Z ((440194.3686 4477138.2057 0,440202.7143 4477123.6131 0))",2367302,Verde,Línea,3
"MULTILINESTRING Z ((442599.776 4475878.502 0,442600.097 4475883.3909 0))",2367307,Verde,Línea,1
"MULTILINESTRING Z ((442600.239 4475884.1594 0,442603.489 4475933.4094 0))",2367308,Verde,Línea,10
"MULTILINESTRING Z ((442603.9983 4475942.6131 0,442603.702 4475937.8724 0))",2367309,Verde,Línea,1
"MULTILINESTRING Z ((441526.6651 4478015.8839 0,441530.4151 4478012.3839 0))",2367311,Verde,Línea,1
"MULTILINESTRING Z ((440185.4797 4477153.86 0,440189.702 4477146.4526 0))",2367321,Verde,Línea,2
"MULTILINESTRING Z ((442709.6581 4474403.2274 0,442752.0768 4474400.2703 0))",2367322,Verde,Línea,9
"MULTILINESTRING Z ((442510.3107 4474418.4206 0,442560.5809 4474414.036 0))",2367326,Verde,Línea,10
"MULTILINESTRING Z ((439596.8871 4476984.1069 0,439600.5415 4476984.7983 0,439605.739 4476986.6872 0))",2367328,Verde,Línea,2
"MULTILINESTRING Z ((439758.6622 4477088.823 0,439785.3069 4477106.7983 0))",2367329,Verde,Línea,6
"MULTILINESTRING Z ((439806.6567 4477121.2345 0,439798.7884 4477115.9176 0))",2367330,Verde,Línea,2
"MULTILINESTRING Z ((439676.6279 4477020.0576 0,439715.6649 4477046.3909 0))",2367344,Verde,Línea,10
"MULTILINESTRING Z ((439708.1834 4476922.502 0,439709.8131 4476912.8353 0))",2367363,Verde,Línea,2
"MULTILINESTRING Z ((439930.1958 4476999.9094 0,439934.8871 4476986.1316 0))",2367379,Verde,Línea,3
"MULTILINESTRING Z ((439753.2081 4476843.465 0,439771.8995 4476852.1316 0))",2367386,Azul,Línea,5
"MULTILINESTRING Z ((439806.4921 4476849.218 0,439814.9365 4476853.1851 0))",2367391,Verde,Línea,2
"MULTILINESTRING Z ((439800.0888 4476746.2167 0,439800.6557 4476756.4511 0))",2367395,Verde,Línea,2
"MULTILINESTRING Z ((439782.8048 4476733.4979 0,439783.8754 4476748.216 0))",2367432,Verde,Línea,3
"MULTILINESTRING Z ((442726.0505 4476638.0398 0,442737.7733 4476645.4486 0))",2367435,Azul,Línea,3
"MULTILINESTRING Z ((439987.4427 4476711.5761 0,439992.239 4476711.2983 0))",2367454,Azul,Línea,1
"MULTILINESTRING Z ((440079.0024 4476766.3868 0,440078.525 4476758.2386 0))",2367458,Verde,Línea,1
"MULTILINESTRING Z ((440779.739 4478828.7983 0,440789.739 4478828.8538 0))",2367459,Verde,Línea,2
"MULTILINESTRING Z ((440065.9983 4476836.823 0,440071.06 4476836.5267 0))",2367461,Verde,Línea,1
"MULTILINESTRING Z ((440056.5908 4476840.3292 0,440065.6032 4476839.8106 0))",2367462,Verde,Línea,2
"MULTILINESTRING Z ((440086.5085 4476899.1275 0,440085.3727 4476879.1111 0))",2367466,Verde,Línea,4
"MULTILINESTRING Z ((440909.5291 4478448.181 0,440909.8254 4478451.9588 0))",2367467,Verde,Batería,1
"MULTILINESTRING Z ((441382.1464 4479484.2057 0,441381.7267 4479478.8477 0))",2367492,Azul,Batería,3
"MULTILINESTRING Z ((441384.4057 4479468.2983 0,441383.739 4479460.2427 0))",2367493,Azul,Batería,3
"MULTILINESTRING Z ((440172.097 4476700.0576 0,440181.8254 4476699.5637 0))",2367496,Azul,Línea,2
"MULTILINESTRING Z ((443238.0584 4475819.692 0,443198.3917 4475814.2754 0))",2367504,Verde,Línea,8
"MULTILINESTRING Z ((443022.7061 4476141.7777 0,443020.2534 4476145.7777 0))",2367507,Verde,Línea,1
"MULTILINESTRING Z ((439384.776 4477388.9835 0,439386.9612 4477424.7242 0))",2367514,Verde,Línea,7
"MULTILINESTRING Z ((441778.904 4479460.9887 0,441779.2162 4479464.6176 0))",2367555,Verde,Línea,1
"MULTILINESTRING Z ((441700.1557 4479460.4927 0,441694.5723 4479460.9094 0))",2367556,Verde,Línea,1
"MULTILINESTRING Z ((441691.2615 4479430.5587 0,441691.0948 4479427.6421 0))",2367559,Verde,Línea,1
"MULTILINESTRING Z ((441890.1834 4479400.9094 0,441849.4057 4479404.0205 0))",2367560,Verde,Batería,15
"MULTILINESTRING Z ((441873.489 4479386.9094 0,441868.3223 4479387.1594 0))",2367561,Verde,Batería,2
"MULTILINESTRING Z ((441840.739 4479389.4094 0,441866.5723 4479387.4094 0))",2367562,Verde,Batería,10
"MULTILINESTRING Z ((441819.239 4479391.0761 0,441839.489 4479389.5761 0))",2367563,Verde,Batería,7
"MULTILINESTRING Z ((441774.1279 4479397.2427 0,441796.3501 4479395.465 0))",2367566,Verde,Línea,4
"MULTILINESTRING Z ((441768.239 4479397.7983 0,441772.7946 4479397.3538 0))",2367567,Verde,Línea,1
"MULTILINESTRING Z ((441714.1279 4479399.6316 0,441740.9057 4479397.3538 0))",2367568,Azul,Batería,11
"MULTILINESTRING Z ((441613.739 4479409.6594 0,441599.989 4479410.8261 0))",2367571,Azul,Batería,6
"MULTILINESTRING Z ((441701.8405 4479259.6393 0,441713.8405 4479258.806 0))",2367574,Verde,Batería,5
"MULTILINESTRING Z ((441715.239 4479258.9094 0,441731.0723 4479257.6594 0))",2367575,Verde,Batería,6
"MULTILINESTRING Z ((441756.0168 4479314.5205 0,441753.4612 4479277.0205 0))",2367577,Verde,Línea,8
"MULTILINESTRING Z ((441751.739 4479248.3261 0,441752.239 4479253.0761 0,441752.4057 4479253.6594 0))",2367585,Verde,Batería,2
"MULTILINESTRING Z ((441807.4057 4479255.9094 0,441801.3223 4479256.3261 0))",2367590,Verde,Línea,1
"MULTILINESTRING Z ((441814.5905 4479270.1393 0,441824.5905 4479269.556 0))",2367592,Verde,Batería,4
"MULTILINESTRING Z ((441839.8223 4479296.7427 0,441852.1557 4479295.9094 0))",2367593,Verde,Batería,5
"MULTILINESTRING Z ((441892.7946 4479237.4094 0,441893.4612 4479247.2983 0))",2367594,Verde,Línea,2
"MULTILINESTRING Z ((441889.3223 4479199.4927 0,441888.8223 4479193.8261 0))",2367596,Verde,Línea,1
"MULTILINESTRING Z ((441836.8405 4479197.6393 0,441853.8405 4479196.2227 0))",2367601,Verde,Línea,3
"MULTILINESTRING Z ((441750.5723 4479241.8538 0,441750.2946 4479237.7983 0,441750.4612 4479235.2983 0))",2367603,Verde,Batería,4
"MULTILINESTRING Z ((441772.1738 4479166.556 0,441769.7572 4479171.306 0))",2367610,Verde,Línea,1
"MULTILINESTRING Z ((441881.989 4479136.4927 0,441880.5723 4479120.1594 0))",2367613,Verde,Línea,3
"MULTILINESTRING Z ((441881.7946 4479104.6872 0,441880.9612 4479095.4094 0))",2367616,Verde,Línea,2
"MULTILINESTRING Z ((441799.7572 4479047.8893 0,441795.5905 4479048.1393 0))",2367617,Verde,Línea,1
"MULTILINESTRING Z ((441871.739 4478978.7427 0,441872.239 4478984.7427 0))",2367620,Verde,Línea,1
"MULTILINESTRING Z ((441644.1279 4479241.5205 0,441633.5168 4479242.465 0))",2367625,Azul,Batería,4
"MULTILINESTRING Z ((441670.239 4479124.4094 0,441671.0723 4479133.1594 0))",2367651,Verde,Línea,3
"MULTILINESTRING Z ((441740.5072 4479077.2227 0,441750.1738 4479076.306 0))",2367655,Verde,Batería,4
"MULTILINESTRING Z ((441609.6738 4479090.556 0,441621.0072 4479089.7227 0))",2367658,Verde,Línea,2
"MULTILINESTRING Z ((441657.9441 4479004.3466 0,441657.6515 4479001.6542 0))",2367659,Verde,Batería,1
"MULTILINESTRING Z ((441571.0723 4478945.2427 0,441588.489 4478943.8261 0))",2367662,Verde,Línea,3
"MULTILINESTRING Z ((441599.8223 4478942.9094 0,441605.8223 4478942.3261 0))",2367663,Verde,Línea,1
"MULTILINESTRING Z ((441668.8501 4478911.5205 0,441714.5168 4478907.6316 0))",2367682,Azul,Línea,9
"MULTILINESTRING Z ((441740.9057 4478905.2427 0,441722.9057 4478906.8538 0))",2367684,Azul,Línea,3
"MULTILINESTRING Z ((441773.7572 4478794.556 0,441782.2572 4478793.9727 0))",2367698,Verde,Línea,1
"MULTILINESTRING Z ((441770.739 4478845.1594 0,441769.0723 4478826.4094 0))",2367704,Verde,Línea,4
"MULTILINESTRING Z ((441773.1834 4478875.5205 0,441772.2946 4478865.7983 0))",2367707,Verde,Línea,2
"MULTILINESTRING Z ((441767.9057 4478896.0761 0,441765.1279 4478865.0761 0))",2367711,Verde,Línea,6
"MULTILINESTRING Z ((441752.739 4478772.4094 0,441754.1557 4478792.7427 0))",2367712,Verde,Batería,8
"MULTILINESTRING Z ((441765.3361 4478710.8033 0,441765.0861 4478708.8033 0))",2367719,Verde,Batería,1
"MULTILINESTRING Z ((441753.3361 4478725.9699 0,441751.6695 4478706.8866 0))",2367722,Verde,Línea,4
"MULTILINESTRING Z ((441751.0723 4478699.7427 0,441750.239 4478688.9094 0))",2367723,Verde,Línea,2
"MULTILINESTRING Z ((441675.5028 4478763.9699 0,441695.2528 4478762.3033 0))",2367725,Verde,Línea,4
"MULTILINESTRING Z ((441548.4057 4478653.9094 0,441556.489 4478653.2427 0))",2367733,Verde,Batería,3
"MULTILINESTRING Z ((441560.2528 4478655.4699 0,441567.8361 4478654.8866 0))",2367734,Verde,Batería,3
"MULTILINESTRING Z ((441727.5861 4478587.2199 0,441735.1695 4478586.6366 0))",2367744,Verde,Batería,3
"MULTILINESTRING Z ((441512.6834 4478509.5761 0,441510.8501 4478488.0761 0))",2367782,Verde,Línea,4
"MULTILINESTRING Z ((442980.239 4475817.7983 0,442921.4612 4475821.7983 0))",2367873,Verde,Batería,22
"MULTILINESTRING Z ((441686.0723 4478017.5761 0,441685.3223 4478009.4094 0,441685.3223 4478007.9094 0))",2367957,Verde,Línea,2
"MULTILINESTRING Z ((440979.7582 4478534.1491 0,440977.8416 4478514.2324 0))",2368023,Verde,Línea,4
"MULTILINESTRING Z ((441032.9283 4478458.716 0,441033.2575 4478462.8806 0))",2368024,Verde,Línea,1
"MULTILINESTRING Z ((440556.1094 4477915.539 0,440559.2575 4477915.2057 0))",2368027,Verde,Batería,1
"MULTILINESTRING Z ((440583.1505 4477908.9711 0,440578.1958 4477909.5308 0))",2368028,Verde,Línea,1
"MULTILINESTRING Z ((440869.9161 4477713.7269 0,440879.8328 4477712.9769 0))",2368029,Verde,Línea,2
"MULTILINESTRING Z ((439611.6649 4480901.4279 0,439632.9612 4480907.0205 0))",2368046,Verde,Batería,9
"MULTILINESTRING Z ((439810.6776 4474698.3822 0,439771.1266 4474703.9071 0))",2368500,Verde,Línea,8
"MULTILINESTRING Z ((441630.4057 4478012.0576 0,441669.1834 4478008.9464 0))",2368524,Verde,Línea,8
"MULTILINESTRING Z ((441629.0818 4478001.5505 0,441656.0818 4477999.3839 0))",2368528,Verde,Línea,5
"MULTILINESTRING Z ((441561.239 4478017.9094 0,441563.489 4478017.7427 0))",2368538,Verde,Batería,1
"MULTILINESTRING Z ((441591.1025 4478004.4791 0,441547.9048 4478007.7716 0))",2368539,Verde,Línea,9
"MULTILINESTRING Z ((441543.6651 4477999.7172 0,441562.5818 4477980.6339 0))",2368545,Verde,Línea,5
"MULTILINESTRING Z ((441548.6279 4477978.7983 0,441562.5723 4477965.1316 0))",2368546,Verde,Batería,8
"MULTILINESTRING Z ((441565.6834 4477962.0761 0,441574.5723 4477953.465 0))",2368547,Verde,Batería,5
"MULTILINESTRING Z ((441544.4057 4478121.7427 0,441545.0168 4478129.5205 0))",2368574,Verde,Batería,3
"MULTILINESTRING Z ((441544.0723 4478111.1872 0,441544.6834 4478119.0205 0))",2368575,Verde,Batería,3
"MULTILINESTRING Z ((441542.8501 4478096.1872 0,441542.0723 4478088.0205 0))",2368576,Verde,Batería,3
"MULTILINESTRING Z ((441540.9612 4478075.7427 0,441540.2946 4478067.5761 0))",2368578,Verde,Batería,3
"MULTILINESTRING Z ((441539.7946 4478057.8538 0,441540.1834 4478065.7983 0))",2368580,Verde,Batería,3
"MULTILINESTRING Z ((441561.239 4478116.9094 0,441560.9057 4478111.1872 0))",2368581,Verde,Batería,2
"MULTILINESTRING Z ((441559.8223 4478098.8261 0,441559.1557 4478090.9927 0))",2368586,Verde,Batería,3
"MULTILINESTRING Z ((441558.9057 4478088.6594 0,441558.4057 4478081.1594 0))",2368587,Verde,Batería,3
"MULTILINESTRING Z ((441558.0723 4478078.4927 0,441557.4057 4478071.3261 0))",2368591,Verde,Batería,3
"MULTILINESTRING Z ((441511.9612 4477807.965 0,441505.8501 4477808.4094 0))",2368606,Verde,Batería,2
"MULTILINESTRING Z ((441504.1279 4477808.5205 0,441498.5723 4477809.0761 0))",2368607,Verde,Batería,2
"MULTILINESTRING Z ((441496.9156 4477809.3054 0,441490.9156 4477809.6387 0))",2368608,Verde,Batería,2
"MULTILINESTRING Z ((441488.999 4477810.0554 0,441482.999 4477810.472 0))",2368609,Verde,Batería,2
"MULTILINESTRING Z ((441466.2946 4477812.0761 0,441460.2946 4477812.6872 0))",2368610,Verde,Batería,2
"MULTILINESTRING Z ((441467.9057 4477812.0205 0,441473.6834 4477811.4094 0))",2368611,Verde,Batería,2
"MULTILINESTRING Z ((441466.6649 4477846.3909 0,441486.0723 4477844.7613 0))",2368614,Verde,Línea,4
"MULTILINESTRING Z ((441496.2485 4477848.5505 0,441503.7485 4477847.8839 0))",2368616,Verde,Batería,3
"MULTILINESTRING Z ((441504.3318 4478037.8005 0,441526.1651 4478016.3839 0))",2368626,Verde,Línea,6
"MULTILINESTRING Z ((441740.5774 4477415.4645 0,441745.2441 4477415.0478 0))",2368813,Verde,Línea,1
"MULTILINESTRING Z ((441825.9727 4477408.6566 0,441824.2686 4477379.4545 0,441822.5645 4477374.5745 0,441819.7759 4477369.6171 0))",2368818,Azul,Batería,16
"MULTILINESTRING Z ((441813.6566 4477363.7302 0,441819.5435 4477369.1524 0))",2368828,Azul,Línea,2
"MULTILINESTRING Z ((441733.9108 4477360.8811 0,441720.4108 4477361.6311 0))",2368833,Verde,Línea,2
"MULTILINESTRING Z ((441634.1738 4477355.9291 0,441626.6345 4477356.3078 0))",2368868,Verde,Línea,1
"MULTILINESTRING Z ((441611.3839 4477357.0652 0,441619.0953 4477356.6865 0))",2368871,Verde,Línea,1
"MULTILINESTRING Z ((439574.4057 4473722.4329 0,439613.239 4473738.5162 0))",2368886,Verde,Línea,8
"MULTILINESTRING Z ((439182.3002 4473392.3958 0,439184.7169 4473386.7291 0,439187.0502 4473381.7291 0,439189.7169 4473377.5624 0,439192.3002 4473373.5624 0,439194.2169 4473371.5624 0,439197.1336 4473369.5624 0))",2368925,Verde,Línea,6
"MULTILINESTRING Z ((441422.2452 4477376.8394 0,441429.0435 4477376.5267 0))",2369078,Verde,Línea,1
"MULTILINESTRING Z ((441607.8223 4477282.9094 0,441599.3223 4477283.5761 0))",2369081,Verde,Línea,1
"MULTILINESTRING Z ((441622.6834 4477281.7983 0,441631.3501 4477281.0761 0))",2369082,Verde,Línea,1
"MULTILINESTRING Z ((441724.8223 4477261.6594 0,441700.0723 4477238.8261 0))",2369092,Verde,Línea,7
"MULTILINESTRING Z ((441669.455 4477277.9917 0,441676.4839 4477277.432 0))",2369114,Verde,Línea,1
"MULTILINESTRING Z ((441622.1834 4477214.1872 0,441571.0168 4477218.1316 0))",2369119,Verde,Línea,12
"MULTILINESTRING Z ((441594.489 4477281.5761 0,441593.239 4477274.4094 0,441592.0723 4477269.9094 0,441590.4057 4477264.4094 0,441588.739 4477259.9927 0,441587.489 4477257.2427 0,441585.3223 4477253.2427 0,441583.239 4477249.6594 0,441580.5723 4477245.4094 0))",2369126,Verde,Línea,7
"MULTILINESTRING Z ((441053.1807 4476965.7219 0,441054.4512 4476984.8224 0))",2369149,Verde,Batería,8
"MULTILINESTRING Z ((441639.6557 4477183.7427 0,441651.5723 4477194.4927 0))",2369182,Azul,Línea,3
"MULTILINESTRING Z ((439457.5291 4477566.9958 0,439458.9612 4477562.502 0))",2369211,Azul,Línea,1
"MULTILINESTRING Z ((440631.5082 4478604.1491 0,440631.7582 4478605.3157 0))",2369212,Verde,Batería,1
"MULTILINESTRING Z ((441635.2946 4476544.6872 0,441633.0168 4476540.0205 0))",2369215,Verde,Línea,1
"MULTILINESTRING Z ((441393.627 4477124.3318 0,441393.2454 4477118.4158 0))",2369224,Azul,Línea,1
"MULTILINESTRING Z ((440774.7495 4477739.9769 0,440774.6939 4477738.6991 0,440774.9161 4477737.4769 0,440775.305 4477736.3102 0,440775.805 4477735.4213 0))",2369228,Verde,Línea,1
"MULTILINESTRING Z ((441112.7115 4479312.9879 0,441115.267 4479316.1546 0))",2369232,Verde,Línea,1
"MULTILINESTRING Z ((441845.0353 4477168.7242 0,441847.2575 4477199.8353 0))",2369234,Verde,Línea,6
"MULTILINESTRING Z ((441835.9477 4477253.6284 0,441831.6977 4477194.0034 0))",2369252,Azul,Línea,12
"MULTILINESTRING Z ((441879.9612 4477145.5761 0,441856.8871 4477139.3168 0))",2369258,Verde,Línea,5
"MULTILINESTRING Z ((439249.3398 4476985.7283 0,439256.6485 4476992.0658 0))",2369259,Verde,Línea,2
"MULTILINESTRING Z ((442011.4057 4477028.0822 0,442022.0476 4477027.2427 0))",2369264,Verde,Línea,2
"MULTILINESTRING Z ((442051.5723 4477025.4094 0,442057.1834 4477025.0761 0))",2369266,Verde,Línea,1
"MULTILINESTRING Z ((443669.1834 4475952.8353 0,443665.702 4475959.2057 0))",2369271,Azul,Batería,3
"MULTILINESTRING Z ((441818.989 4477036.4927 0,441818.6557 4477031.8261 0))",2369348,Azul,Línea,1
"MULTILINESTRING Z ((441886.5168 4476932.7613 0,441906.9612 4476924.0576 0))",2369350,Verde,Línea,4
"MULTILINESTRING Z ((441940.2205 4476909.7983 0,441923.1464 4476917.1687 0))",2369366,Verde,Línea,4
"MULTILINESTRING Z ((441874.8223 4476948.9094 0,441884.489 4476944.9094 0))",2369388,Verde,Línea,2
"MULTILINESTRING Z ((441991.8227 4476931.6284 0,441995.406 4476938.1284 0))",2369401,Verde,Línea,1
"MULTILINESTRING Z ((442022.739 4476986.4927 0,441997.4057 4476941.6594 0))",2369420,Verde,Línea,12
"MULTILINESTRING Z ((439796.8696 4473108.4897 0,439820.5249 4473136.8221 0,439821.5143 4473138.531 0))",2369456,Verde,Batería,14
"MULTILINESTRING Z ((442027.0723 4477014.6131 0,442017.5908 4476998.0946 0))",2369473,Verde,Línea,4
"MULTILINESTRING Z ((439885.8244 4473146.2662 0,439902.9138 4473151.0333 0))",2369480,Verde,Línea,3
"MULTILINESTRING Z ((442046.406 4476870.8784 0,442037.9894 4476872.3784 0,442034.406 4476873.1284 0))",2369543,Verde,Línea,2
"MULTILINESTRING Z ((442022.2946 4476876.502 0,442027.776 4476874.7613 0))",2369546,Verde,Línea,1
"MULTILINESTRING Z ((442078.739 4476888.5761 0,442079.4057 4476897.7427 0))",2369547,Verde,Línea,2
"MULTILINESTRING Z ((442084.7394 4476975.2118 0,442085.2394 4476980.1284 0))",2369656,Verde,Línea,1
"MULTILINESTRING Z ((442043.1508 4476727.1257 0,442022.8174 4476731.1257 0,442016.8174 4476732.1257 0,442007.4008 4476733.3757 0,441999.4008 4476733.9591 0,441990.9008 4476734.2091 0,441979.2341 4476733.6257 0,441968.7341 4476732.6257 0,441960.7341 4476731.3757 0,441955.3174 4476730.3757 0,441951.9841 4476729.7924 0,441942.9841 4476727.4591 0,441935.6508 4476724.9591 0,441927.7341 4476722.2091 0,441919.3174 4476719.2091 0,441914.5674 4476717.3757 0,441908.9008 4476715.6257 0,441903.5674 4476714.2924 0,441889.9841 4476712.9591 0,441881.9841 4476712.7924 0,441871.4841 4476713.5424 0,441860.9841 4476715.4591 0,441852.6508 4476717.5424 0,441840.4008 4476721.9591 0,441833.9008 4476724.7924 0))",2369759,Verde,Línea,46
"MULTILINESTRING Z ((442024.8223 4476740.9927 0,442010.4057 4476743.3261 0,441996.739 4476743.9094 0))",2369785,Verde,Línea,5
"MULTILINESTRING Z ((441979.1279 4476664.7983 0,441982.9612 4476667.6872 0))",2369786,Verde,Línea,1
"MULTILINESTRING Z ((441877.3521 4476592.252 0,441886.1898 4476598.5455 0))",2369787,Verde,Línea,2
"MULTILINESTRING Z ((441938.3316 4476858.1687 0,441925.9983 4476835.1316 0))",2369789,Verde,Línea,5
"MULTILINESTRING Z ((441956.739 4476890.465 0,441954.4427 4476886.3168 0,441940.9242 4476862.7983 0))",2369794,Verde,Línea,6
"MULTILINESTRING Z ((441932.4125 4476825.2729 0,441934.4098 4476829.7174 0,441965.5723 4476885.9927 0))",2369800,Verde,Línea,14
"MULTILINESTRING Z ((442056.9563 4476584.3479 0,442059.8452 4476625.4035 0))",2369804,Verde,Línea,8
"MULTILINESTRING Z ((442062.9057 4476667.4094 0,442060.3223 4476632.9927 0))",2369805,Verde,Línea,7
"MULTILINESTRING Z ((442201.9612 4476709.1872 0,442178.239 4476713.1872 0))",2369808,Verde,Línea,5
"MULTILINESTRING Z ((442176.123 4476584.4591 0,442175.9008 4476581.2368 0))",2369809,Verde,Línea,1
"MULTILINESTRING Z ((442187.8223 4476604.0761 0,442184.989 4476571.4927 0))",2369810,Verde,Línea,6
"MULTILINESTRING Z ((442219.239 4476687.1594 0,442220.739 4476687.8261 0,442222.739 4476688.4094 0))",2369811,Verde,Línea,1
"MULTILINESTRING Z ((442203.7394 4476812.7951 0,442195.156 4476806.6284 0))",2369845,Verde,Batería,3
"MULTILINESTRING Z ((442192.406 4476804.6284 0,442184.0727 4476798.5451 0))",2369860,Verde,Batería,3
"MULTILINESTRING Z ((442180.9894 4476796.5451 0,442172.3174 4476790.4591 0))",2369861,Verde,Batería,3
"MULTILINESTRING Z ((442160.9057 4476782.4094 0,442169.5168 4476788.5205 0))",2369863,Verde,Batería,3
"MULTILINESTRING Z ((442158.2341 4476780.2091 0,442149.5674 4476774.2091 0))",2369864,Verde,Batería,3
"MULTILINESTRING Z ((442182.9612 4476794.3538 0,442191.5168 4476800.465 0))",2369868,Verde,Batería,3
"MULTILINESTRING Z ((442180.2341 4476792.3757 0,442171.5674 4476786.4591 0))",2369877,Verde,Batería,3
"MULTILINESTRING Z ((442168.7341 4476784.2091 0,442159.9008 4476778.2091 0))",2369878,Verde,Batería,3
"MULTILINESTRING Z ((442104.1835 4476965.2187 0,442101.813 4476932.8219 0))",2369929,Azul,Línea,5
"MULTILINESTRING Z ((441791.1172 4476634.4709 0,441791.6245 4476641.3774 0))",2369949,Azul,Línea,1
"MULTILINESTRING Z ((441795.96 4476700.864 0,441794.7893 4476683.773 0))",2369950,Azul,Línea,3
"MULTILINESTRING Z ((441671.4612 4476642.465 0,441673.4612 4476646.7427 0))",2370029,Verde,Línea,1
"MULTILINESTRING Z ((441740.7817 4476769.4014 0,441739.8452 4476769.3624 0,441738.0893 4476769.1283 0,441735.7871 4476768.66 0,441733.641 4476768.0747 0,441730.2463 4476766.8261 0,441727.3979 4476765.4604 0,441724.6275 4476763.7435 0,441721.3888 4476761.2853 0,441719.3988 4476759.4514 0,441718.3453 4476758.3588 0,441716.9405 4476756.681 0,441715.887 4476755.2762 0))",2370035,Verde,Línea,7
"MULTILINESTRING Z ((441503.4008 4476735.5424 0,441507.5674 4476734.5424 0,441510.8174 4476733.2924 0,441514.5674 4476731.9591 0))",2370048,Verde,Línea,2
"MULTILINESTRING Z ((441495.1834 4476736.0946 0,441482.6279 4476737.2798 0))",2370049,Verde,Línea,2
"MULTILINESTRING Z ((443942.702 4476698.6872 0,443942.739 4476703.2427 0))",2370426,Verde,Línea,1
"MULTILINESTRING Z ((443942.8871 4476726.8724 0,443942.739 4476704.6131 0))",2370427,Verde,Línea,4
"MULTILINESTRING Z ((443943.2205 4476782.502 0,443943.1094 4476758.2798 0))",2370429,Verde,Línea,5
"MULTILINESTRING Z ((443943.3316 4476803.3909 0,443943.2575 4476785.0576 0))",2370430,Verde,Línea,4
"MULTILINESTRING Z ((443943.5538 4476830.3168 0,443943.4057 4476806.7983 0))",2370431,Verde,Línea,5
"MULTILINESTRING Z ((441530.7341 4476469.0424 0,441533.1508 4476464.4591 0))",2370493,Verde,Línea,1
"MULTILINESTRING Z ((441600.739 4476493.3538 0,441605.6279 4476503.6316 0))",2370556,Verde,Batería,4
"MULTILINESTRING Z ((441595.0168 4476481.3538 0,441586.3501 4476463.3538 0))",2370640,Verde,Batería,7
"MULTILINESTRING Z ((441732.6557 4476407.4927 0,441746.3223 4476406.4927 0))",2370645,Verde,Línea,3
"MULTILINESTRING Z ((441658.5307 4476336.3261 0,441655.1557 4476330.5761 0))",2370646,Azul,Línea,1
"MULTILINESTRING Z ((441641.9057 4476288.6872 0,441641.9612 4476283.965 0))",2370649,Azul,Línea,1
"MULTILINESTRING Z ((441953.8174 4476410.6257 0,441954.9008 4476423.9591 0))",2370675,Verde,Batería,5
"MULTILINESTRING Z ((441887.0168 4476408.5761 0,441898.5723 4476407.6316 0))",2370689,Verde,Línea,2
"MULTILINESTRING Z ((441960.8174 4476341.9591 0,441960.4008 4476337.2924 0))",2370701,Verde,Línea,1
"MULTILINESTRING Z ((441875.1508 4476344.8757 0,441872.7341 4476311.0424 0))",2370723,Verde,Batería,13
"MULTILINESTRING Z ((441864.9612 4476328.7983 0,441865.3501 4476333.8538 0))",2370724,Verde,Línea,1
"MULTILINESTRING Z ((441867.6834 4476239.5761 0,441867.4612 4476236.7983 0))",2370725,Verde,Batería,1
"MULTILINESTRING Z ((441860.4427 4476142.6501 0,441860.0353 4476137.0946 0))",2370774,Verde,Batería,2
"MULTILINESTRING Z ((441781.4797 4475891.8353 0,441778.1834 4475892.0946 0,441776.8871 4475892.1687 0))",2370940,Verde,Línea,1
"MULTILINESTRING Z ((441810.3686 4475889.6625 0,441817.2822 4475889.144 0))",2370941,Verde,Línea,1
"MULTILINESTRING Z ((442149.1094 4476068.9958 0,442149.702 4476078.5761 0))",2370967,Verde,Línea,2
"MULTILINESTRING Z ((442129.5723 4475915.1316 0,442129.7946 4475917.6872 0))",2370990,Verde,Batería,1
"MULTILINESTRING Z ((442107.739 4475871.0205 0,442073.9057 4475873.3538 0))",2371002,Verde,Línea,7
"MULTILINESTRING Z ((442219.4797 4475863.1316 0,442223.5908 4475862.8353 0))",2371013,Verde,Línea,1
"MULTILINESTRING Z ((442234.2287 4475880.0397 0,442236.8954 4475916.2064 0))",2371021,Verde,Línea,7
"MULTILINESTRING Z ((442238.8501 4475940.465 0,442237.4057 4475922.2983 0))",2371022,Verde,Línea,3
"MULTILINESTRING Z ((442262.8501 4476112.465 0,442262.0723 4476103.6872 0))",2371040,Verde,Batería,3
"MULTILINESTRING Z ((442257.3954 4476078.7897 0,442253.812 4476028.7897 0))",2371044,Verde,Batería,18
"MULTILINESTRING Z ((442265.5168 4475860.5205 0,442276.9057 4475859.7427 0))",2371059,Verde,Línea,2
"MULTILINESTRING Z ((442154.187 4476146.498 0,442158.687 4476212.623 0))",2371071,Verde,Línea,14
"MULTILINESTRING Z ((442175.4427 4476136.2798 0,442185.9242 4476135.539 0))",2371072,Verde,Línea,2
"MULTILINESTRING Z ((442112.776 4476238.5761 0,442117.6649 4476238.2057 0))",2371095,Verde,Línea,1
"MULTILINESTRING Z ((442160.3686 4476367.3168 0,442159.9242 4476361.2057 0))",2371143,Verde,Batería,2
"MULTILINESTRING Z ((442286.1695 4476381.5275 0,442300.6571 4476380.5775 0))",2371149,Verde,Línea,2
"MULTILINESTRING Z ((442367.8962 4476375.8672 0,442352.8129 4476376.8672 0))",2371151,Verde,Línea,3
"MULTILINESTRING Z ((442166.4797 4476442.502 0,442166.8131 4476446.8353 0))",2371152,Verde,Línea,1
"MULTILINESTRING Z ((442180.7772 4476493.2249 0,442181.6041 4476503.4667 0))",2371156,Verde,Línea,2
"MULTILINESTRING Z ((442278.6649 4476392.0946 0,442279.2205 4476399.7613 0))",2371165,Verde,Batería,3
"MULTILINESTRING Z ((442069.776 4476417.0576 0,442070.5168 4476427.0576 0))",2371167,Azul,Línea,2
"MULTILINESTRING Z ((442240.5538 4475846.2798 0,442239.8871 4475837.465 0))",2371169,Verde,Batería,3
"MULTILINESTRING Z ((442232.1094 4475854.1687 0,442231.5908 4475846.9094 0))",2371170,Verde,Línea,1
"MULTILINESTRING Z ((442160.989 4475739.9094 0,442157.239 4475739.9927 0))",2371177,Azul,Línea,1
"MULTILINESTRING Z ((442131.8501 4475823.1316 0,442131.0723 4475812.965 0))",2371179,Verde,Línea,2
"MULTILINESTRING Z ((442020.739 4475763.5761 0,442021.989 4475778.0761 0))",2371182,Azul,Línea,2
"MULTILINESTRING Z ((442020.6279 4475795.2983 0,442021.0168 4475800.5761 0))",2371183,Azul,Línea,1
"MULTILINESTRING Z ((441830.1454 4475838.873 0,441830.562 4475843.623 0))",2371204,Verde,Línea,1
"MULTILINESTRING Z ((441596.6834 4475793.7983 0,441595.739 4475788.6872 0))",2371205,Azul,Línea,1
"MULTILINESTRING Z ((441637.6834 4475643.7983 0,441625.239 4475644.7427 0))",2371207,Azul,Línea,3
"MULTILINESTRING Z ((441679.9733 4475640.4537 0,441684.89 4475640.037 0))",2371210,Azul,Línea,1
"MULTILINESTRING Z ((441902.9733 4475682.037 0,441902.7233 4475679.537 0))",2371220,Verde,Batería,1
"MULTILINESTRING Z ((441985.6279 4475631.7427 0,441986.4612 4475645.5205 0))",2371226,Azul,Línea,3
"MULTILINESTRING Z ((441994.89 4475718.7037 0,441994.5567 4475714.1203 0))",2371229,Azul,Línea,1
"MULTILINESTRING Z ((442216.3345 4475664.9087 0,442217.2512 4475676.992 0))",2371243,Verde,Línea,2
"MULTILINESTRING Z ((442310.8344 4475595.5092 0,442298.2789 4475596.2315 0))",2371261,Verde,Línea,2
"MULTILINESTRING Z ((439216.1094 4477319.0205 0,439212.5538 4477315.3538 0))",2371284,Verde,Línea,1
"MULTILINESTRING Z ((440374.3906 4479938.0121 0,440371.3339 4479934.2703 0))",2371288,Verde,Línea,1
"MULTILINESTRING Z ((442038.9242 4476036.1687 0,442039.702 4476035.1316 0,442040.8871 4476034.1687 0,442042.4427 4476033.502 0,442043.3686 4476033.3538 0))",2371298,Azul,Línea,1
"MULTILINESTRING Z ((442530.3501 4476351.2427 0,442542.5168 4476350.4094 0,442608.4612 4476345.4094 0))",2371408,Verde,Batería,29
"MULTILINESTRING Z ((442656.715 4476341.6601 0,442644.4235 4476342.421 0))",2371426,Verde,Línea,2
"MULTILINESTRING Z ((442514.0723 4476203.6501 0,442513.5538 4476195.9835 0))",2371456,Verde,Línea,2
"MULTILINESTRING Z ((442507.6279 4476118.0205 0,442508.4797 4476130.0205 0))",2371464,Verde,Línea,2
"MULTILINESTRING Z ((442508.9612 4476137.8724 0,442508.702 4476133.2427 0))",2371465,Verde,Línea,1
"MULTILINESTRING Z ((442505.776 4476095.3538 0,442504.2946 4476074.3909 0))",2371590,Verde,Línea,4
"MULTILINESTRING Z ((442593.489 4476107.9094 0,442603.4057 4476107.0761 0))",2371595,Verde,Línea,2
"MULTILINESTRING Z ((442592.702 4476108.0576 0,442587.8131 4476108.4279 0))",2371596,Verde,Línea,1
"MULTILINESTRING Z ((442729.225 4476083.0254 0,442703.6417 4476085.0254 0))",2371601,Verde,Línea,5
"MULTILINESTRING Z ((442478.8501 4476007.502 0,442463.4057 4476008.6872 0))",2371621,Azul,Línea,3
"MULTILINESTRING Z ((442773.9057 4475982.7427 0,442798.489 4475981.0761 0))",2371666,Azul,Línea,4
"MULTILINESTRING Z ((442945.739 4475944.8261 0,442932.239 4475945.9927 0))",2371765,Azul,Línea,2
"MULTILINESTRING Z ((442874.4427 4475879.7613 0,442873.6649 4475869.6872 0))",2371819,Verde,Línea,2
"MULTILINESTRING Z ((442849.0723 4475826.9094 0,442851.7946 4475826.7983 0))",2371850,Verde,Batería,1
"MULTILINESTRING Z ((442894.5584 4475814.5254 0,442937.475 4475811.6087 0))",2371932,Verde,Línea,9
"MULTILINESTRING Z ((443036.6557 4475814.2011 0,443034.1557 4475814.2011 0))",2371940,Verde,Batería,1
"MULTILINESTRING Z ((442982.9049 4475732.0386 0,442985.1295 4475763.8948 0))",2371946,Verde,Línea,6
"MULTILINESTRING Z ((442863.0949 4475718.2477 0,442861.8657 4475701.2152 0))",2371947,Verde,Línea,4
"MULTILINESTRING Z ((442603.739 4475765.539 0,442603.9242 4475768.465 0))",2371974,Verde,Batería,1
"MULTILINESTRING Z ((442597.1834 4475716.7983 0,442597.8131 4475725.5761 0))",2371975,Verde,Batería,3
"MULTILINESTRING Z ((442670.0723 4475703.0576 0,442661.739 4475703.6872 0))",2371987,Azul,Línea,2
"MULTILINESTRING Z ((442814.2205 4475692.6131 0,442818.9612 4475692.2798 0))",2371992,Azul,Línea,1
"MULTILINESTRING Z ((442770.8501 4475677.5761 0,442756.5168 4475678.6872 0))",2371993,Azul,Línea,3
"MULTILINESTRING Z ((442983.2197 4475565.4394 0,442984.3031 4475582.4394 0))",2372024,Verde,Batería,8
"MULTILINESTRING Z ((442936.5831 4475597.4411 0,442957.8489 4475595.8022 0))",2372027,Verde,Línea,4
"MULTILINESTRING Z ((442908.8031 4475599.606 0,442917.6364 4475598.856 0))",2372039,Verde,Línea,1
"MULTILINESTRING Z ((442967.3969 4475552.7809 0,442968.2163 4475565.3065 0))",2372051,Verde,Línea,2
"MULTILINESTRING Z ((442756.3501 4475681.965 0,442735.9057 4475683.5761 0))",2372075,Azul,Línea,4
"MULTILINESTRING Z ((443020.6557 4475680.8261 0,443034.0723 4475679.7427 0))",2372078,Azul,Línea,3
"MULTILINESTRING Z ((442843.6279 4475617.2427 0,442844.0723 4475622.9835 0))",2372079,Verde,Batería,2
"MULTILINESTRING Z ((442493.8864 4475579.1894 0,442518.0531 4475577.4394 0))",2372084,Verde,Línea,6
"MULTILINESTRING Z ((442487.0353 4475582.6131 0,442492.5908 4475582.2798 0))",2372085,Verde,Línea,1
"MULTILINESTRING Z ((442553.239 4475577.4094 0,442567.4057 4475576.3261 0))",2372086,Verde,Línea,2
"MULTILINESTRING Z ((442819.4697 4475558.4394 0,442834.4697 4475557.4394 0))",2372098,Verde,Línea,3
"MULTILINESTRING Z ((442998.2958 4477785.339 0,443002.018 4477781.3945 0))",2372105,Verde,Línea,1
"MULTILINESTRING Z ((443030.6557 4477752.8261 0,443042.3223 4477741.3261 0))",2372107,Verde,Línea,3
"MULTILINESTRING Z ((443061.1557 4477722.8261 0,443042.9057 4477740.5761 0))",2372108,Verde,Línea,4
"MULTILINESTRING Z ((443914.239 4476486.3261 0,443887.6557 4476486.7427 0))",2372117,Verde,Batería,10
"MULTILINESTRING Z ((443857.8223 4476484.5761 0,443883.9057 4476484.4094 0))",2372119,Verde,Batería,10
"MULTILINESTRING Z ((443272.4473 4476007.6817 0,443282.2888 4476008.9981 0))",2372130,Verde,Línea,2
"MULTILINESTRING Z ((443466.4592 4476317.251 0,443478.9201 4476325.1851 0))",2372145,Verde,Batería,6
"MULTILINESTRING Z ((443406.8501 4475765.965 0,443421.9057 4475759.6872 0))",2372178,Verde,Línea,3
"MULTILINESTRING Z ((443429.0723 4475753.3261 0,443445.989 4475755.9927 0))",2372183,Verde,Línea,3
"MULTILINESTRING Z ((442774.097 4476555.3662 0,442762.6649 4476547.9341 0))",2372220,Verde,Línea,2
"MULTILINESTRING Z ((442780.4803 4476559.528 0,442785.4803 4476562.8614 0))",2372221,Verde,Línea,1
"MULTILINESTRING Z ((442790.7303 4476566.1114 0,442786.7303 4476563.6114 0))",2372228,Verde,Línea,1
"MULTILINESTRING Z ((442766.0723 4476639.7242 0,442768.5168 4476635.8724 0))",2372272,Verde,Línea,1
"MULTILINESTRING Z ((442804.0723 4476597.1872 0,442802.6279 4476599.465 0))",2372313,Verde,Batería,1
"MULTILINESTRING Z ((442829.934 4476580.2966 0,442838.3785 4476584.8521 0))",2372392,Verde,Línea,2
"MULTILINESTRING Z ((442919.739 4476628.5761 0,442909.739 4476623.2427 0))",2372402,Verde,Línea,2
"MULTILINESTRING Z ((442716.4612 4476442.6872 0,442691.1279 4476467.3538 0))",2372403,Verde,Batería,14
"MULTILINESTRING Z ((441049.6913 4477832.8512 0,441048.8133 4477822.1985 0))",2372415,Azul,Línea,2
"MULTILINESTRING Z ((442750.739 4476434.8353 0,442761.3686 4476445.3538 0))",2372432,Verde,Línea,3
"MULTILINESTRING Z ((442762.1464 4476446.1316 0,442779.702 4476463.539 0))",2372433,Verde,Línea,5
"MULTILINESTRING Z ((442780.5168 4476464.3538 0,442794.4057 4476478.1316 0))",2372434,Verde,Línea,4
"MULTILINESTRING Z ((442834.3223 4476517.4927 0,442840.989 4476523.9927 0))",2372442,Verde,Línea,2
"MULTILINESTRING Z ((442914.6557 4476596.8261 0,442910.3223 4476592.8261 0))",2372463,Verde,Línea,1
"MULTILINESTRING Z ((442790.1094 4476386.6501 0,442785.5168 4476391.0205 0))",2372469,Verde,Línea,1
"MULTILINESTRING Z ((442765.1909 4476397.0227 0,442769.1164 4476393.3152 0))",2372470,Verde,Batería,2
"MULTILINESTRING Z ((442778.9303 4476384.0829 0,442777.1856 4476385.8276 0))",2372473,Verde,Batería,1
"MULTILINESTRING Z ((442747.6748 4476330.6669 0,442751.86 4476335.2595 0))",2372475,Verde,Línea,1
"MULTILINESTRING Z ((442771.5723 4476356.7427 0,442768.1279 4476352.9094 0))",2372479,Verde,Línea,1
"MULTILINESTRING Z ((442782.0168 4476368.0205 0,442772.0723 4476357.3538 0))",2372480,Verde,Línea,3
"MULTILINESTRING Z ((442875.2205 4476471.6501 0,442867.4427 4476463.0576 0))",2372493,Verde,Línea,2
"MULTILINESTRING Z ((442871.1557 4476453.1594 0,442868.9057 4476450.9094 0))",2372496,Verde,Batería,1
"MULTILINESTRING Z ((442914.3501 4476514.2427 0,442920.6834 4476521.1872 0))",2372499,Verde,Línea,2
"MULTILINESTRING Z ((442923.6279 4476524.4094 0,442926.6834 4476527.8538 0))",2372503,Verde,Línea,1
"MULTILINESTRING Z ((442933.2946 4476534.6872 0,442928.2946 4476529.5205 0))",2372504,Verde,Línea,2
"MULTILINESTRING Z ((442938.4057 4476543.7427 0,442945.239 4476550.8261 0))",2372506,Verde,Línea,2
"MULTILINESTRING Z ((442815.739 4476483.7242 0,442820.5168 4476478.9094 0))",2372529,Verde,Línea,1
"MULTILINESTRING Z ((442847.9242 4476451.4279 0,442829.2575 4476470.1687 0))",2372532,Verde,Línea,5
"MULTILINESTRING Z ((443022.8131 4476493.1316 0,443030.6279 4476485.0946 0))",2372639,Verde,Línea,2
"MULTILINESTRING Z ((443037.5637 4476478.3614 0,443031.5637 4476484.278 0))",2372654,Verde,Línea,2
"MULTILINESTRING Z ((443057.8748 4476458.4279 0,443049.9983 4476466.1563 0))",2372664,Verde,Línea,2
"MULTILINESTRING Z ((443040.1546 4476422.7489 0,443043.5785 4476426.3538 0))",2372667,Verde,Línea,1
"MULTILINESTRING Z ((443630.489 4476943.5761 0,443629.5723 4476944.0761 0,443628.739 4476945.3261 0,443627.239 4476948.3261 0,443622.8223 4476956.3261 0))",2372702,Verde,Batería,6
"MULTILINESTRING Z ((443384.9242 4476089.7242 0,443384.0723 4476103.0946 0,443383.739 4476111.465 0,443383.702 4476114.6501 0,443383.776 4476120.3909 0,443384.0723 4476130.465 0))",2372704,Verde,Línea,9
"MULTILINESTRING Z ((442901.2204 4476289.1237 0,442909.1543 4476297.154 0))",2372757,Verde,Línea,2
"MULTILINESTRING Z ((442909.9057 4476297.9927 0,442917.4057 4476305.4927 0))",2372758,Verde,Línea,2
"MULTILINESTRING Z ((442918.3223 4476306.5761 0,442928.3223 4476316.9927 0))",2372760,Verde,Línea,3
"MULTILINESTRING Z ((442878.4674 4476161.2921 0,442886.418 4476169.3662 0))",2372778,Verde,Línea,2
"MULTILINESTRING Z ((442912.3439 4476195.6872 0,442920.739 4476204.2057 0))",2372783,Verde,Línea,2
"MULTILINESTRING Z ((442931.5908 4476215.2427 0,442922.2946 4476205.7983 0))",2372786,Verde,Línea,2
"MULTILINESTRING Z ((442941.2575 4476225.0576 0,442932.9242 4476216.6131 0))",2372789,Verde,Línea,2
"MULTILINESTRING Z ((443071.381 4476445.1193 0,443082.3604 4476434.3538 0))",2372822,Verde,Línea,3
"MULTILINESTRING Z ((443083.6773 4476433.0699 0,443092.3192 4476424.6008 0))",2372847,Verde,Línea,2
"MULTILINESTRING Z ((443118.5908 4476398.93 0,443128.8131 4476389.037 0))",2372854,Verde,Línea,3
"MULTILINESTRING Z ((443129.9983 4476387.8847 0,443139.8254 4476378.4032 0))",2372855,Verde,Línea,3
"MULTILINESTRING Z ((443148.7884 4476369.7366 0,443140.9859 4476377.2674 0))",2372856,Verde,Línea,2
"MULTILINESTRING Z ((442952.6649 4476155.8106 0,442965.3563 4476168.8724 0))",2372866,Azul,Línea,3
"MULTILINESTRING Z ((443039.5456 4476241.1522 0,443035.776 4476237.251 0))",2372868,Verde,Línea,1
"MULTILINESTRING Z ((443004.1711 4476191.6131 0,443009.9983 4476197.6131 0))",2372870,Verde,Batería,3
"MULTILINESTRING Z ((443023.5291 4476211.3909 0,443013.6773 4476201.3662 0))",2372873,Verde,Batería,5
"MULTILINESTRING Z ((443017.3069 4476150.6008 0,443014.0806 4476155.8847 0))",2372876,Verde,Línea,1
"MULTILINESTRING Z ((443061.3892 4476059.9999 0,443068.4015 4476048.3621 0))",2372885,Verde,Batería,5
"MULTILINESTRING Z ((443090.2287 4476097.3991 0,443100.5003 4476103.9176 0))",2372900,Verde,Batería,4
"MULTILINESTRING Z ((443069.4441 4476007.572 0,443080.8746 4476014.8487 0))",2372903,Verde,Línea,2
"MULTILINESTRING Z ((443128.9057 4476090.9927 0,443129.489 4476102.0761 0))",2372906,Azul,Línea,2
"MULTILINESTRING Z ((443140.4057 4476059.6594 0,443140.8223 4476069.9927 0))",2372908,Azul,Línea,2
"MULTILINESTRING Z ((443139.2575 4476087.4403 0,443138.6896 4476072.9711 0))",2372909,Azul,Línea,3
"MULTILINESTRING Z ((443139.776 4476101.1796 0,443139.3481 4476090.063 0))",2372910,Azul,Línea,2
"MULTILINESTRING Z ((443146.4921 4476242.2798 0,443148.6896 4476251.7366 0))",2372912,Verde,Línea,2
"MULTILINESTRING Z ((443150.8158 4476251.9835 0,443152.2205 4476257.8875 0))",2372913,Verde,Línea,1
"MULTILINESTRING Z ((443152.5662 4476259.3662 0,443156.097 4476274.0576 0))",2372914,Verde,Línea,3
"MULTILINESTRING Z ((443156.4427 4476275.5143 0,443158.097 4476282.4279 0))",2372915,Verde,Línea,1
"MULTILINESTRING Z ((443159.5291 4476288.4526 0,443163.6032 4476304.9711 0))",2372916,Verde,Línea,3
"MULTILINESTRING Z ((443174.4921 4476348.8724 0,443172.2699 4476339.8847 0))",2372919,Verde,Línea,2
"MULTILINESTRING Z ((443169.989 4476285.4094 0,443173.6557 4476301.5761 0))",2372936,Azul,Línea,3
"MULTILINESTRING Z ((443165.8995 4476422.7654 0,443162.7061 4476427.2427 0,443159.1011 4476431.7366 0,443153.1588 4476437.2674 0))",2372953,Verde,Línea,4
"MULTILINESTRING Z ((443183.8127 4476411.3555 0,443184.32 4476410.1459 0,443185.3735 4476407.1414 0,443187.0904 4476401.4445 0))",2372960,Azul,Línea,2
"MULTILINESTRING Z ((443176.7111 4476425.3636 0,443177.9597 4476423.2956 0,443180.496 4476418.5742 0,443183.3445 4476412.5261 0))",2372961,Azul,Línea,3
"MULTILINESTRING Z ((443167.6195 4476437.9931 0,443170.3509 4476434.7154 0,443172.2759 4476432.1401 0,443176.2039 4476426.2091 0))",2372962,Azul,Línea,3
"MULTILINESTRING Z ((443156.1997 4476448.3463 0,443161.5584 4476443.8721 0,443164.9922 4476440.6984 0,443167.0732 4476438.5654 0))",2372969,Azul,Línea,3
"MULTILINESTRING Z ((443147.0951 4476455.8381 0,443155.6534 4476448.7885 0))",2372972,Azul,Línea,2
"MULTILINESTRING Z ((443033.4057 4476535.0761 0,443022.5723 4476544.1594 0))",2372980,Verde,Línea,3
"MULTILINESTRING Z ((443021.9803 4476544.6114 0,443010.5637 4476554.028 0))",2372981,Verde,Línea,3
"MULTILINESTRING Z ((443009.7303 4476554.8614 0,442998.147 4476564.4447 0))",2372982,Verde,Línea,3
"MULTILINESTRING Z ((442982.147 4476574.278 0,442995.0637 4476563.778 0))",2372985,Verde,Línea,3
"MULTILINESTRING Z ((443096.0571 4476497.6674 0,443085.4047 4476506.2127 0))",2372988,Azul,Línea,3
"MULTILINESTRING Z ((443084.1171 4476507.3053 0,443068.6262 4476520.1428 0))",2372991,Azul,Línea,4
"MULTILINESTRING Z ((443040.1557 4476543.5761 0,443051.489 4476534.3261 0))",2372995,Azul,Línea,3
"MULTILINESTRING Z ((442975.989 4476596.5761 0,442964.6557 4476605.7427 0))",2373002,Azul,Línea,3
"MULTILINESTRING Z ((442963.8501 4476606.3538 0,442960.4427 4476609.3909 0))",2373003,Azul,Línea,1
"MULTILINESTRING Z ((442978.4057 4476669.6501 0,442981.1464 4476660.7983 0))",2373011,Verde,Línea,2
"MULTILINESTRING Z ((443133.3223 4476604.4094 0,443136.6557 4476605.7427 0))",2373015,Verde,Línea,1
"MULTILINESTRING Z ((443295.2303 4476668.3614 0,443308.897 4476673.8614 0))",2373019,Verde,Línea,3
"MULTILINESTRING Z ((443324.8871 4476680.2427 0,443311.4427 4476674.8724 0))",2373020,Verde,Línea,3
"MULTILINESTRING Z ((443180.3501 4476597.965 0,443183.5723 4476589.0761 0))",2373026,Verde,Línea,2
"MULTILINESTRING Z ((443188.5168 4476583.3538 0,443195.4612 4476564.7427 0))",2373027,Verde,Línea,4
"MULTILINESTRING Z ((443180.1566 4476582.339 0,443190.0483 4476557.1122 0))",2373028,Verde,Línea,6
"MULTILINESTRING Z ((443210.739 4476486.5205 0,443212.739 4476477.5205 0))",2373035,Verde,Línea,2
"MULTILINESTRING Z ((443217.6679 4476457.8254 0,443215.1679 4476468.3254 0))",2373038,Verde,Línea,2
"MULTILINESTRING Z ((443221.8223 4476450.2427 0,443220.0723 4476457.2427 0))",2373039,Verde,Línea,1
"MULTILINESTRING Z ((443195.2946 4476541.9094 0,443194.5723 4476546.7983 0,443194.3501 4476547.2427 0))",2373046,Verde,Línea,1
"MULTILINESTRING Z ((443203.8223 4476484.1594 0,443201.6557 4476495.4927 0))",2373048,Verde,Línea,2
"MULTILINESTRING Z ((443248.7308 4476330.4526 0,443252.7308 4476314.6995 0))",2373054,Verde,Línea,3
"MULTILINESTRING Z ((443254.8542 4476306.3703 0,443256.0394 4476301.7448 0))",2373055,Verde,Línea,1
"MULTILINESTRING Z ((443287.239 4476428.3261 0,443295.0723 4476430.9094 0))",2373061,Verde,Línea,2
"MULTILINESTRING Z ((443248.1382 4476353.679 0,443252.6978 4476355.2757 0))",2373080,Verde,Línea,1
"MULTILINESTRING Z ((443253.8666 4476355.6872 0,443264.7966 4476359.5226 0))",2373081,Verde,Línea,2
"MULTILINESTRING Z ((443296.4797 4476492.4279 0,443295.702 4476502.7613 0))",2373085,Verde,Línea,2
"MULTILINESTRING Z ((443333.9057 4476334.9094 0,443325.989 4476358.5761 0))",2373088,Verde,Línea,6
"MULTILINESTRING Z ((443378.8378 4476260.6995 0,443384.8625 4476251.6625 0))",2373099,Verde,Línea,2
"MULTILINESTRING Z ((443385.8748 4476250.1563 0,443389.4304 4476244.7983 0))",2373100,Verde,Línea,1
"MULTILINESTRING Z ((443393.4304 4476238.7983 0,443399.9242 4476229.0452 0))",2373101,Verde,Línea,2
"MULTILINESTRING Z ((443404.3933 4476222.3292 0,443400.739 4476227.8106 0))",2373102,Verde,Línea,1
"MULTILINESTRING Z ((443379.2328 4476347.7695 0,443387.9406 4476353.2674 0))",2373132,Verde,Línea,2
"MULTILINESTRING Z ((443276.5415 4476220.8477 0,443274.1217 4476224.6748 0))",2373164,Verde,Línea,1
"MULTILINESTRING Z ((443287.8501 4476203.2674 0,443295.7267 4476191.5143 0))",2373166,Verde,Línea,3
"MULTILINESTRING Z ((443483.1588 4476723.3662 0,443486.1958 4476720.1069 0,443485.9736 4476715.465 0))",2373176,Verde,Línea,2
"MULTILINESTRING Z ((443485.6526 4476709.4897 0,443485.2081 4476699.9094 0))",2373179,Verde,Línea,2
"MULTILINESTRING Z ((443489.6557 4476695.0761 0,443515.739 4476704.9094 0))",2373194,Verde,Línea,6
"MULTILINESTRING Z ((443563.3645 4476694.1563 0,443565.455 4476690.1892 0))",2373204,Verde,Línea,1
"MULTILINESTRING Z ((443587.6745 4476658.0125 0,443599.0507 4476645.7805 0))",2373205,Verde,Línea,3
"MULTILINESTRING Z ((443602.3981 4476642.1563 0,443605.5694 4476638.4565 0))",2373206,Verde,Línea,1
"MULTILINESTRING Z ((443609.6551 4476633.5821 0,443612.2055 4476630.5619 0,443612.6082 4476629.723 0))",2373207,Verde,Línea,1
"MULTILINESTRING Z ((443607.0723 4476618.8538 0,443598.5723 4476616.6316 0))",2373208,Verde,Línea,2
"MULTILINESTRING Z ((443394.489 4476595.5761 0,443425.3223 4476584.5761 0))",2373209,Verde,Línea,7
"MULTILINESTRING Z ((443585.3316 4476620.0576 0,443609.0723 4476626.8353 0))",2373212,Verde,Línea,5
"MULTILINESTRING Z ((443569.9057 4476551.4094 0,443575.739 4476554.6594 0))",2373213,Verde,Línea,1
"MULTILINESTRING Z ((443606.5723 4476565.0761 0,443607.9057 4476569.9094 0))",2373215,Verde,Línea,1
"MULTILINESTRING Z ((443594.8895 4476589.5203 0,443590.2249 4476606.8698 0))",2373217,Verde,Línea,4
"MULTILINESTRING Z ((443576.4057 4476555.2427 0,443580.6557 4476557.4927 0))",2373218,Verde,Línea,1
"MULTILINESTRING Z ((443580.4057 4476454.2983 0,443613.2946 4476484.8538 0))",2373230,Verde,Batería,18
"MULTILINESTRING Z ((442994.8137 4476718.1947 0,442982.647 4476714.778 0,442968.5637 4476711.278 0,442963.5637 4476710.028 0))",2373233,Azul,Línea,7
"MULTILINESTRING Z ((443931.9983 4476917.0452 0,443931.9983 4476937.0452 0,443932.097 4476948.6501 0))",2373235,Verde,Línea,7
"MULTILINESTRING Z ((443933.2946 4477121.9835 0,443933.2205 4477114.502 0))",2373236,Verde,Batería,3
"MULTILINESTRING Z ((443920.2946 4477032.1316 0,443920.3316 4477034.6131 0))",2373239,Verde,Batería,1
"MULTILINESTRING Z ((443918.7637 4476939.3415 0,443918.7884 4476944.5267 0))",2373241,Verde,Batería,2
"MULTILINESTRING Z ((443257.5821 4472939.0049 0,443275.3654 4472909.6418 0))",2373276,Verde,Línea,7
"MULTILINESTRING Z ((443291.9862 4472881.0602 0,443289.3442 4472885.4361 0))",2373289,Verde,Línea,1
"MULTILINESTRING Z ((443811.2205 4477180.7242 0,443817.5538 4477184.0946 0))",2373385,Verde,Batería,3
"MULTILINESTRING Z ((443777.7513 4477193.5637 0,443770.6557 4477190.3261 0))",2373422,Verde,Batería,3
"MULTILINESTRING Z ((443761.5291 4477186.1069 0,443768.6649 4477189.3662 0))",2373436,Verde,Batería,3
"MULTILINESTRING Z ((443752.8131 4477182.181 0,443759.9736 4477185.4403 0))",2373439,Verde,Batería,3
"MULTILINESTRING Z ((443743.9489 4477178.2304 0,443751.381 4477181.539 0))",2373440,Verde,Batería,3
"MULTILINESTRING Z ((443734.9365 4477174.181 0,443742.5662 4477177.5884 0))",2373450,Verde,Batería,3
"MULTILINESTRING Z ((443726.1464 4477170.2551 0,443733.5291 4477173.539 0))",2373461,Verde,Batería,3
"MULTILINESTRING Z ((443777.7946 4476967.5761 0,443780.739 4476955.7427 0))",2373496,Verde,Línea,2
"MULTILINESTRING Z ((443916.8871 4476691.3415 0,443916.9365 4476686.1316 0))",2373524,Verde,Batería,2
"MULTILINESTRING Z ((443731.8995 4476865.2427 0,443731.8501 4476860.5514 0))",2373538,Verde,Línea,1
"MULTILINESTRING Z ((443711.5511 4476881.5582 0,443711.4962 4476876.8614 0))",2373540,Verde,Línea,1
"MULTILINESTRING Z ((443711.3563 4476865.6131 0,443711.4057 4476870.502 0))",2373541,Verde,Línea,1
"MULTILINESTRING Z ((442018.1854 4475605.8799 0,442021.699 4475605.6533 0))",2373552,Verde,Batería,1
"MULTILINESTRING Z ((443597.5291 4477100.9218 0,443601.1341 4477103.465 0,443620.9365 4477116.3292 0))",2373563,Verde,Línea,6
"MULTILINESTRING Z ((443616.2946 4477091.2798 0,443620.2946 4477093.502 0))",2373564,Verde,Línea,1
"MULTILINESTRING Z ((443576.8871 4477076.2798 0,443577.1834 4477076.7983 0,443577.8995 4477077.7119 0,443579.1341 4477078.7983 0,443580.4427 4477079.5143 0,443581.8254 4477079.9341 0,443582.6402 4477080.0329 0))",2373565,Verde,Línea,1
"MULTILINESTRING Z ((443596.0229 4477071.4897 0,443607.7102 4477050.3045 0))",2373570,Verde,Línea,5
"MULTILINESTRING Z ((443610.1299 4477045.9094 0,443614.8871 4477037.3827 0))",2373571,Verde,Línea,2
"MULTILINESTRING Z ((443638.5538 4477003.0205 0,443651.9612 4477010.539 0))",2373573,Verde,Línea,3
"MULTILINESTRING Z ((443658.1094 4477013.9835 0,443666.739 4477018.8353 0))",2373574,Verde,Línea,2
"MULTILINESTRING Z ((443568.6702 4477061.8655 0,443574.3163 4477065.168 0))",2373578,Verde,Batería,3
"MULTILINESTRING Z ((443558.3151 4477057.8496 0,443552.7317 4477054.7662 0))",2373583,Verde,Batería,2
"MULTILINESTRING Z ((443553.2317 4477053.2662 0,443543.8151 4477048.0996 0))",2373584,Verde,Batería,4
"MULTILINESTRING Z ((443578.6896 4476977.0205 0,443577.7513 4476978.1069 0,443576.0723 4476981.1687 0))",2373596,Verde,Línea,1
"MULTILINESTRING Z ((443547.4612 4476987.1316 0,443558.9057 4476965.0761 0))",2373601,Verde,Línea,5
"MULTILINESTRING Z ((443569.7267 4476949.6378 0,443572.7884 4476942.7736 0))",2373604,Verde,Línea,1
"MULTILINESTRING Z ((443673.1464 4477006.8353 0,443650.3686 4476994.0576 0))",2373607,Verde,Batería,11
"MULTILINESTRING Z ((443587.2328 4476957.5473 0,443590.5579 4476950.288 0))",2373609,Verde,Línea,1
"MULTILINESTRING Z ((443635.0723 4476943.6501 0,443639.2575 4476946.0205 0))",2373610,Verde,Línea,1
"MULTILINESTRING Z ((443441.5785 4476993.4897 0,443440.6557 4476997.9927 0))",2373614,Azul,Línea,1
"MULTILINESTRING Z ((443655.2987 4476742.9958 0,443650.097 4476745.679 0))",2373616,Verde,Línea,1
"MULTILINESTRING Z ((443661.989 4476739.4927 0,443674.6557 4476732.8261 0))",2373619,Verde,Línea,3
"MULTILINESTRING Z ((443650.4057 4476705.9927 0,443684.6557 4476687.9927 0))",2373630,Verde,Línea,8
"MULTILINESTRING Z ((443698.1279 4476680.7427 0,443706.6279 4476676.2983 0))",2373631,Verde,Línea,2
"MULTILINESTRING Z ((441414.4057 4474667.5162 0,441408.6557 4474652.9329 0))",2373634,Verde,Línea,3
"MULTILINESTRING Z ((443659.8223 4476690.3261 0,443652.4057 4476694.1594 0))",2373637,Verde,Batería,3
"MULTILINESTRING Z ((443702.31 4476651.8469 0,443698.81 4476645.5136 0))",2373640,Verde,Batería,3
"MULTILINESTRING Z ((443726.4921 4476619.8024 0,443721.7843 4476622.2715 0))",2373648,Verde,Línea,1
"MULTILINESTRING Z ((443738.9057 4476647.1594 0,443744.9057 4476658.6594 0))",2373652,Verde,Batería,5
"MULTILINESTRING Z ((443608.6649 4476426.6131 0,443614.8871 4476430.3909 0,443629.9242 4476441.3168 0))",2373662,Verde,Línea,5
"MULTILINESTRING Z ((443548.7889 4476374.3369 0,443545.6932 4476372.4492 0))",2373663,Azul,Línea,1
"MULTILINESTRING Z ((443941.44 4476525.134 0,443941.5352 4476545.3283 0))",2373684,Azul,Línea,4
"MULTILINESTRING Z ((443941.3447 4476501.1294 0,443941.5352 4476520.9427 0))",2373686,Azul,Línea,4
"MULTILINESTRING Z ((443941.0589 4476476.8391 0,443941.3447 4476497.2239 0))",2373688,Azul,Línea,4
"MULTILINESTRING Z ((443940.6779 4476453.8823 0,443940.9637 4476473.1241 0))",2373689,Azul,Línea,4
"MULTILINESTRING Z ((443940.6403 4476417.0331 0,443940.4522 4476401.8003 0))",2373694,Azul,Línea,3
"MULTILINESTRING Z ((443940.4522 4476377.3998 0,443940.4522 4476400.1078 0))",2373695,Azul,Línea,4
"MULTILINESTRING Z ((443940.4949 4476374.6799 0,443940.1188 4476351.548 0))",2373696,Azul,Línea,5
"MULTILINESTRING Z ((443940.5576 4476326.5355 0,443940.1815 4476350.3569 0))",2373697,Azul,Línea,5
"MULTILINESTRING Z ((443947.1553 4476304.9968 0,443945.4407 4476308.426 0,443943.9166 4476311.9505 0,443942.4878 4476316.0465 0,443941.0589 4476322.8097 0))",2373698,Azul,Línea,5
"MULTILINESTRING Z ((443266.1629 4476359.9999 0,443272.3686 4476362.1728 0))",2373699,Verde,Línea,1
"MULTILINESTRING Z ((440892.0828 4477732.8935 0,440891.4578 4477728.1435 0))",2373704,Verde,Línea,1
"MULTILINESTRING Z ((443794.2929 4476616.9504 0,443732.5429 4476499.5754 0))",2373716,Verde,Línea,29
"MULTILINESTRING Z ((443752.7266 4476444.6803 0,443741.9766 4476424.5136 0))",2373718,Verde,Línea,5
"MULTILINESTRING Z ((443813.4766 4476467.6803 0,443863.4766 4476467.2636 0))",2373722,Verde,Línea,10
"MULTILINESTRING Z ((443863.4766 4476465.6803 0,443878.56 4476465.6803 0))",2373723,Verde,Línea,3
"MULTILINESTRING Z ((443866.1711 4476406.2636 0,443830.2266 4476406.1525 0,443788.06 4476406.2636 0))",2373726,Verde,Línea,16
"MULTILINESTRING Z ((443748.0044 4476395.8747 0,443748.2266 4476381.8192 0))",2373728,Verde,Línea,3
"MULTILINESTRING Z ((443687.6279 4476372.9094 0,443722.9057 4476372.8538 0))",2373729,Verde,Línea,7
"MULTILINESTRING Z ((443741.56 4476403.0969 0,443737.2266 4476403.0969 0))",2373730,Verde,Batería,2
"MULTILINESTRING Z ((443638.6875 4476422.7253 0,443649.223 4476418.0429 0))",2373733,Verde,Línea,2
"MULTILINESTRING Z ((443662.3925 4476409.9071 0,443648.3451 4476415.7016 0))",2373734,Verde,Línea,3
"MULTILINESTRING Z ((443681.3933 4476396.7636 0,443681.81 4476377.2636 0))",2373735,Verde,Línea,4
"MULTILINESTRING Z ((443603.0807 4476329.518 0,443604.1733 4476323.5349 0))",2373741,Verde,Línea,1
"MULTILINESTRING Z ((443554.1433 4476302.9303 0,443557.3881 4476283.5943 0))",2373745,Verde,Batería,8
"MULTILINESTRING Z ((443533.381 4476351.2921 0,443536.2946 4476334.6748 0))",2373746,Verde,Línea,3
"MULTILINESTRING Z ((443541.9736 4476304.3292 0,443540.0723 4476314.3538 0))",2373747,Verde,Línea,2
"MULTILINESTRING Z ((443418.8501 4476219.465 0,443441.739 4476233.1316 0))",2373858,Verde,Línea,5
"MULTILINESTRING Z ((443452.8131 4476240.2304 0,443469.3398 4476250.3868 0,443472.632 4476252.3127 0,443475.9736 4476253.86 0,443478.4756 4476254.7325 0,443479.4304 4476255.0617 0,443482.953 4476255.9012 0))",2373859,Verde,Línea,7
"MULTILINESTRING Z ((443483.4468 4476253.9752 0,443497.8007 4476256.4115 0))",2373860,Verde,Línea,3
"MULTILINESTRING Z ((443504.1217 4476257.4814 0,443508.8295 4476258.2825 0))",2373861,Verde,Línea,1
"MULTILINESTRING Z ((443373.3925 4476147.0195 0,443372.5592 4476142.1028 0))",2373928,Verde,Línea,1
"MULTILINESTRING Z ((443375.5584 4476042.942 0,443372.8917 4476062.442 0))",2373941,Verde,Línea,4
"MULTILINESTRING Z ((443377.1884 4476032.1155 0,443377.0212 4476032.9096 0,443376.1018 4476039.5542 0))",2373951,Verde,Línea,1
"MULTILINESTRING Z ((443379.1357 4476020.5946 0,443381.267 4476009.5622 0))",2373954,Verde,Línea,2
"MULTILINESTRING Z ((443385.1588 4476138.0329 0,443389.5044 4476161.0452 0,443396.5662 4476188.2057 0))",2373972,Verde,Línea,11
"MULTILINESTRING Z ((443396.2534 4476147.144 0,443397.1917 4476152.4444 0))",2373999,Verde,Línea,1
"MULTILINESTRING Z ((443414.0723 4476208.181 0,443427.6279 4476188.0329 0))",2374075,Verde,Línea,5
"MULTILINESTRING Z ((443439.381 4476170.5678 0,443428.846 4476186.2222 0))",2374076,Verde,Línea,4
"MULTILINESTRING Z ((443447.9352 4476157.8271 0,443443.9736 4476163.7311 0))",2374077,Verde,Línea,1
"MULTILINESTRING Z ((443449.1557 4476152.2427 0,443456.489 4476141.2427 0))",2374078,Verde,Línea,2
"MULTILINESTRING Z ((443455.5538 4476233.9835 0,443491.4057 4476179.1687 0))",2374079,Verde,Línea,14
"MULTILINESTRING Z ((443470.4921 4476145.4156 0,443483.5291 4476159.6131 0))",2374080,Verde,Línea,4
"MULTILINESTRING Z ((443514.1299 4476140.2798 0,443516.5991 4476137.8765 0))",2374081,Verde,Batería,1
"MULTILINESTRING Z ((443569.5237 4476107.9374 0,443564.9583 4476105.5182 0))",2374092,Verde,Batería,2
"MULTILINESTRING Z ((443560.3439 4476199.144 0,443558.9365 4476207.0699 0))",2374098,Verde,Línea,1
"MULTILINESTRING Z ((443552.5168 4476243.2427 0,443553.5044 4476237.5884 0))",2374103,Verde,Línea,1
"MULTILINESTRING Z ((443577.9242 4476151.7119 0,443575.2822 4476166.3538 0))",2374104,Verde,Batería,6
"MULTILINESTRING Z ((443580.4921 4476137.539 0,443579.1341 4476144.9711 0))",2374105,Verde,Batería,3
"MULTILINESTRING Z ((443500.4674 4476177.8765 0,443505.7513 4476183.572 0))",2374108,Verde,Línea,1
"MULTILINESTRING Z ((443549.5209 4476230.6995 0,443551.776 4476233.1357 0))",2374109,Verde,Línea,1
"MULTILINESTRING Z ((443698.9612 4476180.0576 0,443696.3192 4476194.7489 0))",2374133,Verde,Línea,3
"MULTILINESTRING Z ((443684.2205 4476262.4773 0,443689.0353 4476235.4897 0))",2374135,Verde,Línea,5
"MULTILINESTRING Z ((443690.097 4476229.539 0,443693.8254 4476208.7242 0))",2374137,Verde,Línea,4
"MULTILINESTRING Z ((443450.2699 4475950.1069 0,443455.381 4475950.8477 0))",2374168,Verde,Línea,1
"MULTILINESTRING Z ((443818.9859 4476057.6625 0,443821.9983 4476055.9094 0,443825.8748 4476053.4156 0,443831.1834 4476049.4403 0,443835.455 4476045.7859 0))",2374176,Azul,Batería,9
"MULTILINESTRING Z ((443812.9612 4476059.2798 0,443816.5908 4476057.1316 0))",2374179,Azul,Línea,1
"MULTILINESTRING Z ((443850.9714 4476010.261 0,443844.8048 4476018.3443 0,443841.3881 4476023.011 0,443834.1381 4476029.9276 0))",2374180,Azul,Batería,11
"MULTILINESTRING Z ((443834.8881 4475998.511 0,443828.6381 4476006.3443 0,443824.8048 4476010.9276 0,443818.6381 4476017.1776 0))",2374181,Azul,Línea,5
"MULTILINESTRING Z ((443810.1958 4476007.8353 0,443817.3563 4476000.5267 0))",2374182,Azul,Batería,5
"MULTILINESTRING Z ((443794.206 4476034.8554 0,443797.9078 4476032.8216 0,443806.0944 4476027.6273 0,443810.1108 4476024.6716 0,443813.242 4476022.1696 0,443816.7884 4476018.8971 0))",2374184,Azul,Línea,6
"MULTILINESTRING Z ((443817.6381 4476023.1776 0,443813.3048 4476026.8443 0,443809.3048 4476029.9276 0,443804.6381 4476033.261 0,443795.8048 4476038.3443 0))",2374186,Azul,Batería,11
"MULTILINESTRING Z ((443826.7637 4476034.9464 0,443824.4427 4476036.8971 0,443818.739 4476041.2921 0,443814.9859 4476043.9341 0,443810.5908 4476046.7242 0,443801.3563 4476051.9588 0))",2374187,Azul,Batería,13
"MULTILINESTRING Z ((443779.4057 4476026.1872 0,443784.6279 4476023.7983 0))",2374188,Azul,Batería,3
"MULTILINESTRING Z ((443753.4797 4476035.5143 0,443761.4304 4476033.9588 0))",2374189,Azul,Batería,4
"MULTILINESTRING Z ((439433.9489 4480988.5267 0,439454.6649 4480994.2551 0))",2374190,Verde,Batería,9
"MULTILINESTRING Z ((443762.2214 4476031.9276 0,443766.8881 4476030.6776 0))",2374191,Azul,Batería,2
"MULTILINESTRING Z ((443747.7513 4476034.502 0,443752.2946 4476033.965 0))",2374192,Azul,Batería,2
"MULTILINESTRING Z ((443763.7912 4476045.8561 0,443766.9859 4476045.2345 0,443771.8583 4476043.9341 0,443779.9736 4476041.3168 0,443789.5538 4476037.2839 0,443791.239 4476036.4927 0))",2374193,Azul,Línea,6
"MULTILINESTRING Z ((443756.1192 4476047.1974 0,443745.0307 4476048.7011 0))",2374196,Azul,Línea,2
"MULTILINESTRING Z ((439416.3192 4480877.3827 0,439418.7225 4480878.0082 0))",2374202,Verde,Línea,1
"MULTILINESTRING Z ((443661.8881 4475970.1776 0,443647.2214 4475996.011 0))",2374207,Azul,Batería,12
"MULTILINESTRING Z ((443661.0168 4475943.465 0,443660.6279 4475947.7983 0))",2374208,Azul,Batería,2
"MULTILINESTRING Z ((443664.8048 4475948.261 0,443666.8048 4475928.4276 0))",2374209,Azul,Batería,8
"MULTILINESTRING Z ((443648.3881 4475964.511 0,443648.8048 4475959.511 0,443649.5548 4475954.761 0,443650.4714 4475949.8443 0,443650.9714 4475947.4276 0))",2374210,Azul,Batería,7
"MULTILINESTRING Z ((441520.3223 4477844.4927 0,441530.0723 4477843.7427 0))",2374212,Verde,Línea,2
"MULTILINESTRING Z ((441534.239 4477849.1594 0,441544.6557 4477859.6594 0))",2374213,Verde,Línea,3
"MULTILINESTRING Z ((439499.3969 4480866.6755 0,439492.2858 4480864.8422 0))",2374216,Verde,Línea,2
"MULTILINESTRING Z ((443348.1546 4475639.5061 0,443352.1546 4475649.3662 0))",2374217,Azul,Batería,4
"MULTILINESTRING Z ((443319.6526 4475569.3662 0,443345.3316 4475632.5761 0))",2374218,Azul,Batería,26
"MULTILINESTRING Z ((443376.3439 4475681.2427 0,443387.06 4475676.9218 0))",2374219,Verde,Línea,2
"MULTILINESTRING Z ((443517.5703 4475710.6008 0,443524.1382 4475712.4115 0))",2374221,Verde,Línea,1
"MULTILINESTRING Z ((443474.1557 4475896.4927 0,443495.8223 4475899.5761 0))",2374222,Verde,Batería,9
"MULTILINESTRING Z ((443270.7884 4475945.6378 0,443269.8007 4475951.6131 0))",2374225,Verde,Línea,1
"MULTILINESTRING Z ((443395.2946 4475875.965 0,443377.3501 4475873.4094 0))",2374234,Verde,Línea,3
"MULTILINESTRING Z ((443569.0723 4475783.3261 0,443573.4057 4475767.5761 0))",2374244,Verde,Línea,3
"MULTILINESTRING Z ((443618.1279 4475904.5761 0,443622.5723 4475899.465 0))",2374245,Verde,Línea,1
"MULTILINESTRING Z ((439463.5827 4480836.699 0,439464.3234 4480834.1434 0))",2374251,Verde,Batería,1
"MULTILINESTRING Z ((439641.2205 4480538.7613 0,439638.3316 4480539.3909 0,439627.2946 4480541.2427 0))",2374296,Verde,Línea,3
"MULTILINESTRING Z ((439692.4481 4480764.1727 0,439660.0592 4480755.6172 0))",2374336,Verde,Batería,14
"MULTILINESTRING Z ((440171.9845 4481604.9602 0,440179.0353 4481592.539 0))",2374340,Verde,Línea,3
"MULTILINESTRING Z ((439410.8501 4480462.5205 0,439415.8501 4480462.7427 0))",2374353,Verde,Batería,2
"MULTILINESTRING Z ((439418.7946 4480462.7983 0,439428.8501 4480463.2983 0))",2374354,Verde,Batería,4
"MULTILINESTRING Z ((439437.5168 4480463.7983 0,439441.5723 4480463.9094 0))",2374355,Verde,Batería,2
"MULTILINESTRING Z ((439443.9481 4480463.9505 0,439446.6703 4480464.1727 0))",2374356,Verde,Batería,1
"MULTILINESTRING Z ((439582.5579 4480372.9876 0,439576.7637 4480367.6049 0))",2374359,Verde,Batería,3
"MULTILINESTRING Z ((439530.739 4480368.2551 0,439531.1834 4480356.0576 0))",2374362,Verde,Batería,5
"MULTILINESTRING Z ((439527.0188 4480355.2263 0,439528.1217 4480330.0411 0))",2374363,Verde,Línea,5
"MULTILINESTRING Z ((440759.2575 4480936.6255 0,440758.9365 4480937.1687 0,440757.8748 4480947.8106 0))",2374365,Verde,Línea,2
"MULTILINESTRING Z ((439716.0723 4480476.1152 0,439718.3769 4480426.5678 0))",2374366,Verde,Línea,11
"MULTILINESTRING Z ((440832.8871 4480778.502 0,440842.5538 4480773.3909 0))",2374367,Verde,Batería,4
"MULTILINESTRING Z ((440836.8728 4480801.0086 0,440854.2844 4480792.0953 0))",2374368,Verde,Batería,7
"MULTILINESTRING Z ((440834.6227 4480795.9683 0,440851.9892 4480787.4151 0))",2374369,Verde,Batería,7
"MULTILINESTRING Z ((441350.1958 4481148.3292 0,441347.1341 4481150.2551 0,441341.9242 4481153.2921 0,441335.776 4481156.3785 0,441329.5785 4481158.9464 0,441325.0353 4481160.6995 0,441319.3316 4481162.2304 0,441314.5168 4481163.4156 0,441307.4057 4481164.7983 0))",2374390,Azul,Línea,10
"MULTILINESTRING Z ((440902.1834 4480195.9464 0,440903.4427 4480194.502 0,440927.3686 4480170.9835 0))",2374393,Verde,Línea,7
"MULTILINESTRING Z ((441142.739 4479956.7613 0,441126.2205 4479971.6131 0))",2374396,Verde,Línea,5
"MULTILINESTRING Z ((440914.8542 4481409.037 0,440928.6896 4481403.0946 0))",2374403,Verde,Línea,2
"MULTILINESTRING Z ((440853.739 4480161.8724 0,440857.776 4480158.0205 0))",2374405,Verde,Línea,1
"MULTILINESTRING Z ((440841.6279 4480173.465 0,440844.9242 4480170.2798 0))",2374406,Verde,Línea,1
"MULTILINESTRING Z ((441208.3083 4481518.2661 0,441206.6183 4481517.4101 0,441204.8295 4481516.0274 0))",2374418,Verde,Línea,1
"MULTILINESTRING Z ((440120.3439 4481756.6255 0,440130.9612 4481759.9835 0))",2374465,Verde,Línea,2
"MULTILINESTRING Z ((441355.7708 4480128.7636 0,441351.5486 4480130.5969 0))",2374475,Verde,Línea,1
"MULTILINESTRING Z ((441473.2081 4480350.8724 0,441470.4674 4480345.0946 0))",2374477,Verde,Línea,1
"MULTILINESTRING Z ((439298.4723 4476735.6066 0,439264.7318 4476737.602 0))",2374480,Azul,Línea,7
"MULTILINESTRING Z ((440692.6744 4479416.7102 0,440692.8966 4479417.2287 0,440693.1559 4479417.7842 0,440693.9337 4479419.4509 0,440694.1929 4479420.0065 0,440694.9707 4479421.6731 0,440695.23 4479422.2287 0,440696.0078 4479423.8953 0,440696.267 4479424.4509 0,440697.0448 4479426.1176 0,440697.3041 4479426.6731 0,440697.8226 4479427.7472 0))",2374491,Verde,Línea,3
"MULTILINESTRING Z ((440523.3068 4479609.2142 0,440564.529 4479599.7698 0))",2374521,Verde,Línea,9
"MULTILINESTRING Z ((440369.433 4479538.5128 0,440369.112 4479536.9819 0,440369.038 4479536.6116 0,440368.8898 4479535.9202 0,440368.5935 4479533.9202 0))",2374524,Verde,Línea,1
"MULTILINESTRING Z ((440382.2575 4479602.0946 0,440379.0353 4479585.9094 0))",2374526,Verde,Línea,3
"MULTILINESTRING Z ((440375.791 4479569.5745 0,440376.0133 4479570.8338 0,440376.1244 4479571.3523 0,440377.0868 4479576.1623 0,440377.2349 4479576.8289 0,440378.0868 4479581.0511 0,440378.1238 4479581.2363 0,440378.1979 4479581.6067 0))",2374527,Verde,Línea,2
"MULTILINESTRING Z ((440362.7225 4479424.0877 0,440367.5291 4479420.6968 0))",2374528,Azul,Línea,1
"MULTILINESTRING Z ((440312.2575 4479625.539 0,440324.2946 4479624.502 0))",2374531,Verde,Batería,5
"MULTILINESTRING Z ((440359.2328 4480037.8106 0,440360.7308 4480040.0658 0))",2374536,Verde,Línea,1
"MULTILINESTRING Z ((440340.3316 4480013.1316 0,440352.702 4480027.9094 0,440354.3316 4480030.2427 0))",2374537,Verde,Línea,4
"MULTILINESTRING Z ((440754.9969 4479747.325 0,440757.7733 4479753.4156 0))",2374539,Verde,Línea,1
"MULTILINESTRING Z ((440660.6814 4479787.4567 0,440672.4509 4479780.5925 0))",2374541,Verde,Línea,3
"MULTILINESTRING Z ((440647.9406 4479794.8971 0,440660.2369 4479787.7036 0))",2374542,Verde,Línea,3
"MULTILINESTRING Z ((441049.9736 4480104.2304 0,441063.9736 4480090.7242 0,441066.4427 4480088.4279 0,441080.5168 4480074.7736 0))",2374543,Azul,Línea,8
"MULTILINESTRING Z ((441109.3035 4480167.1167 0,441102.069 4480174.0367 0))",2374559,Verde,Línea,2
"MULTILINESTRING Z ((441155.5492 4480122.5463 0,441164.0492 4480114.4907 0))",2374561,Verde,Línea,2
"MULTILINESTRING Z ((440535.5127 4479769.5637 0,440538.5085 4479767.3415 0))",2374572,Verde,Línea,1
"MULTILINESTRING Z ((441183.2202 4480437.9935 0,441202.1647 4480429.2712 0))",2374590,Verde,Línea,4
"MULTILINESTRING Z ((441383.4797 4480402.1687 0,441410.9612 4480389.2798 0))",2374598,Verde,Línea,6
"MULTILINESTRING Z ((440066.489 4472778.6594 0,440060.5723 4472789.4927 0))",2374600,Azul,Línea,2
"MULTILINESTRING Z ((440279.0682 4478854.6666 0,440288.1053 4478857.0205 0))",2374620,Verde,Línea,2
"MULTILINESTRING Z ((440552.7884 4479199.0339 0,440561.06 4479193.6954 0))",2374683,Verde,Línea,2
"MULTILINESTRING Z ((440453.2575 4479173.5308 0,440462.2781 4479167.967 0))",2374685,Verde,Línea,2
"MULTILINESTRING Z ((440413.06 4479198.3209 0,440417.3563 4479195.6707 0))",2374687,Verde,Línea,1
"MULTILINESTRING Z ((440448.8501 4479257.7427 0,440465.0723 4479247.7983 0))",2374689,Verde,Línea,4
"MULTILINESTRING Z ((440382.2616 4478901.6296 0,440388.7966 4478903.4567 0))",2374702,Verde,Línea,1
"MULTILINESTRING Z ((443021.1282 4478950.7909 0,443020.66 4478940.1968 0))",2374710,Verde,Línea,2
"MULTILINESTRING Z ((443023.7532 4478939.2917 0,443022.2532 4478900.875 0))",2374712,Verde,Línea,8
"MULTILINESTRING Z ((443021.5032 4478883.5417 0,443021.9199 4478890.375 0))",2374713,Verde,Línea,1
"MULTILINESTRING Z ((440111.7047 4478904.5486 0,440117.3234 4478905.0315 0))",2374725,Azul,Línea,1
"MULTILINESTRING Z ((440650.4208 4480407.6328 0,440639.5512 4480402.1507 0))",2374759,Verde,Línea,2
"MULTILINESTRING Z ((440637.3773 4480401.0638 0,440626.4605 4480395.5345 0))",2374760,Verde,Línea,2
"MULTILINESTRING Z ((443295.9242 4476191.2263 0,443297.9324 4476188.2304 0))",2374762,Verde,Línea,1
"MULTILINESTRING Z ((443046.1898 4479825.8631 0,443047.1653 4479822.0001 0,443049.1163 4479816.7715 0))",2374764,Azul,Batería,4
"MULTILINESTRING Z ((440404.8131 4480182.3868 0,440400.3357 4480180.6748 0))",2374767,Azul,Línea,1
"MULTILINESTRING Z ((440406.8487 4480183.2427 0,440411.4578 4480185.2729 0,440416.857 4480187.9176 0))",2374768,Azul,Línea,2
"MULTILINESTRING Z ((440429.0168 4480195.2983 0,440422.6834 4480191.2983 0,440418.9057 4480189.1872 0))",2374769,Azul,Línea,2
"MULTILINESTRING Z ((440430.5744 4480196.4444 0,440439.4468 4480203.3415 0))",2374771,Azul,Línea,2
"MULTILINESTRING Z ((440143.776 4478788.8065 0,440146.2452 4478785.6296 0))",2374804,Azul,Línea,1
"MULTILINESTRING Z ((440115.3069 4478821.6378 0,440122.2205 4478812.4773 0))",2374807,Azul,Línea,2
"MULTILINESTRING Z ((439723.6014 4478846.081 0,439728.1848 4478855.2477 0))",2379780,Verde,Línea,2
"MULTILINESTRING Z ((439851.8501 4478936.465 0,439851.1834 4478947.2427 0))",2379784,Verde,Línea,2
"MULTILINESTRING Z ((440014.5168 4477989.0205 0,440016.702 4478001.8353 0))",2480484,Verde,Batería,5
"MULTILINESTRING Z ((440212.7966 4478152.5925 0,440219.9077 4478152.9711 0))",2480498,Verde,Línea,1
"MULTILINESTRING Z ((440162.6649 4478484.8724 0,440159.4427 4478488.6872 0))",2480502,Verde,Línea,1
"MULTILINESTRING Z ((441271.9287 4471615.9387 0,441276.327 4471605.257 0))",2480550,Verde,Línea,2
"MULTILINESTRING Z ((443158.4175 4474353.4757 0,443191.5425 4474351.2257 0))",2480552,Verde,Línea,6
"MULTILINESTRING Z ((443475.4773 4475360.6305 0,443467.3506 4475373.7848 0))",2480561,Verde,Línea,3
"MULTILINESTRING Z ((439754.1958 4477357.679 0,439754.8542 4477355.1604 0,439755.7431 4477352.6748 0,439757.9818 4477348.2962 0))",2480614,Verde,Línea,2
"MULTILINESTRING Z ((439769.669 4477337.3936 0,439770.2726 4477337.0644 0,439773.9057 4477335.7983 0))",2480615,Verde,Línea,1
"MULTILINESTRING Z ((439774.9036 4477335.6378 0,439778.5085 4477335.2921 0))",2480616,Verde,Batería,2
"MULTILINESTRING Z ((439479.1834 4478541.2674 0,439481.4797 4478546.8477 0))",2480645,Verde,Línea,1
"MULTILINESTRING Z ((439479.0188 4478540.8724 0,439476.7143 4478535.3086 0))",2480646,Verde,Línea,1
"MULTILINESTRING Z ((439819.0964 4474709.5197 0,439822.692 4474704.7841 0))",2480685,Verde,Línea,1
"MULTILINESTRING Z ((439794.6741 4474739.184 0,439791.4433 4474744.4339 0))",2480687,Verde,Línea,1
"MULTILINESTRING Z ((439775.0723 4474774.9927 0,439788.0723 4474751.1594 0))",2480688,Verde,Línea,5
"MULTILINESTRING Z ((439718.5897 4474883.7603 0,439737.732 4474846.5258 0))",2480690,Verde,Línea,8
"MULTILINESTRING Z ((439844.5893 4474685.9572 0,439828.6778 4474698.8803 0))",2480691,Verde,Línea,4
"MULTILINESTRING Z ((439734.9858 4474844.022 0,439732.0781 4474849.6758 0))",2480692,Verde,Línea,1
"MULTILINESTRING Z ((439672.2575 4477877.465 0,439683.2575 4477842.2427 0))",2480821,Verde,Línea,8
"MULTILINESTRING Z ((439689.9057 4477820.6594 0,439686.9057 4477830.9094 0))",2480823,Verde,Línea,2
"MULTILINESTRING Z ((439693.3686 4477809.8724 0,439696.1834 4477800.7983 0))",2480824,Verde,Línea,2
"MULTILINESTRING Z ((439292.8131 4477856.1563 0,439349.8748 4477862.1316 0))",2480837,Verde,Línea,12
"MULTILINESTRING Z ((439360.0723 4477863.1687 0,439393.2205 4477866.9835 0))",2480841,Verde,Línea,7
"MULTILINESTRING Z ((439269.6834 4477890.3538 0,439276.8501 4477899.6316 0,439280.739 4477904.3538 0,439286.1279 4477910.465 0,439289.3501 4477913.3538 0))",2480843,Verde,Línea,6
"MULTILINESTRING Z ((439293.8131 4477917.539 0,439300.2575 4477923.4279 0,439303.9242 4477926.502 0,439308.4427 4477930.0205 0,439311.3316 4477932.0946 0,439314.2946 4477934.0205 0,439317.5908 4477935.9094 0,439334.3316 4477946.0205 0))",2480844,Verde,Línea,10
"MULTILINESTRING Z ((439341.0723 4477949.8538 0,439357.1279 4477959.0761 0,439362.7946 4477962.4094 0,439369.4057 4477966.465 0,439381.7946 4477973.7983 0,439386.6834 4477976.7983 0,439388.0723 4477977.5761 0,439390.0168 4477978.4094 0,439393.6834 4477980.5205 0,439403.0168 4477986.1872 0))",2480845,Verde,Línea,15
"MULTILINESTRING Z ((439408.8871 4477989.502 0,439412.776 4477991.7242 0,439419.4057 4477995.0576 0,439430.1464 4478000.0946 0,439437.4797 4478002.9464 0,439445.9242 4478005.9835 0,439446.5538 4478006.3168 0,439448.1464 4478006.8724 0,439454.2946 4478008.8353 0,439458.1094 4478009.7613 0,439462.2205 4478010.6131 0,439469.3316 4478011.5761 0,439487.2205 4478014.5761 0,439553.8131 4478023.2057 0))",2480847,Verde,Línea,31
"MULTILINESTRING Z ((439693.1834 4478060.9464 0,439659.8501 4478051.465 0))",2480851,Verde,Línea,7
"MULTILINESTRING Z ((439753.5908 4477362.6501 0,439753.702 4477360.465 0,439754.1094 4477358.0205 0))",2480852,Verde,Línea,1
"MULTILINESTRING Z ((439649.4259 4478246.242 0,439645.0092 4478255.242 0))",2480878,Verde,Línea,2
"MULTILINESTRING Z ((439615.739 4478253.8538 0,439611.0723 4478265.1872 0))",2480879,Verde,Línea,2
"MULTILINESTRING Z ((439608.3439 4478271.86 0,439604.6155 4478280.6501 0))",2480880,Verde,Línea,2
"MULTILINESTRING Z ((443133.9489 4475955.9341 0,443134.4674 4475970.7736 0))",2480918,Azul,Línea,3
"MULTILINESTRING Z ((443133.5209 4475942.1892 0,443133.669 4475946.6337 0))",2480920,Azul,Línea,1
"MULTILINESTRING Z ((443152.0723 4475925.3168 0,443168.3192 4475927.6872 0))",2480923,Azul,Línea,3
"MULTILINESTRING Z ((443249.475 4476057.5254 0,443253.475 4476051.3587 0))",2480926,Verde,Batería,4
"MULTILINESTRING Z ((443238.975 4476094.6087 0,443248.225 4476080.442 0))",2480927,Verde,Línea,4
"MULTILINESTRING Z ((443246.739 4476078.8353 0,443255.6649 4476065.0205 0))",2480929,Verde,Línea,3
"MULTILINESTRING Z ((443295.154 4476038.3423 0,443297.5778 4476023.0888 0))",2480930,Verde,Línea,3
"MULTILINESTRING Z ((443338.5164 4476016.8963 0,443347.5429 4476018.2126 0))",2480931,Verde,Línea,2
"MULTILINESTRING Z ((443206.3501 4475915.2983 0,443222.3501 4475917.5761 0))",2480936,Verde,Línea,4
"MULTILINESTRING Z ((443128.4057 4475773.3538 0,443128.239 4475778.4094 0))",2480946,Azul,Línea,1
"MULTILINESTRING Z ((443118.8634 4475887.5727 0,443118.4872 4475877.2501 0))",2480949,Azul,Línea,2
"MULTILINESTRING Z ((443203.8583 4475857.5802 0,443206.0147 4475857.8765 0))",2480959,Verde,Batería,1
"MULTILINESTRING Z ((443341.1373 4475877.1002 0,443348.3039 4475878.1835 0))",2480960,Verde,Batería,3
"MULTILINESTRING Z ((443457.9612 4475892.1872 0,443447.239 4475890.6316 0))",2480962,Verde,Línea,2
"MULTILINESTRING Z ((443500.8223 4475900.1594 0,443507.0723 4475900.9927 0))",2480963,Verde,Batería,2
"MULTILINESTRING Z ((443180.8501 4475845.2057 0,443166.4427 4475843.1316 0))",2480966,Verde,Línea,3
"MULTILINESTRING Z ((443189.2946 4475846.4279 0,443183.2205 4475845.539 0))",2480967,Verde,Línea,1
"MULTILINESTRING Z ((443196.6834 4475847.4094 0,443208.8501 4475849.1872 0))",2480969,Verde,Línea,2
"MULTILINESTRING Z ((443209.4612 4475849.2983 0,443224.2946 4475851.3538 0))",2480971,Verde,Línea,3
"MULTILINESTRING Z ((443318.739 4475864.9927 0,443309.4057 4475863.7427 0))",2480978,Verde,Línea,2
"MULTILINESTRING Z ((443328.9612 4475866.502 0,443319.739 4475865.1687 0))",2480981,Verde,Línea,2
"MULTILINESTRING Z ((443335.2206 4475867.3502 0,443330.2206 4475866.6835 0))",2480982,Verde,Línea,1
"MULTILINESTRING Z ((443467.9983 4475886.4279 0,443454.4427 4475884.502 0))",2480985,Verde,Línea,2
"MULTILINESTRING Z ((443482.9242 4475888.539 0,443468.739 4475886.539 0))",2480986,Verde,Línea,3
"MULTILINESTRING Z ((443496.9983 4475890.539 0,443483.739 4475888.6501 0))",2480987,Verde,Línea,2
"MULTILINESTRING Z ((443512.3686 4475892.7613 0,443497.9612 4475890.6872 0))",2480988,Verde,Línea,3
"MULTILINESTRING Z ((443550.7946 4475898.1872 0,443556.0723 4475898.965 0))",2480990,Verde,Línea,1
"MULTILINESTRING Z ((443585.6279 4475903.1872 0,443568.6834 4475900.8538 0))",2480991,Verde,Línea,3
"MULTILINESTRING Z ((443500.3881 4475859.8443 0,443515.0548 4475861.9276 0))",2480994,Verde,Línea,2
"MULTILINESTRING Z ((443567.739 4475867.3261 0,443588.5723 4475870.1594 0))",2480995,Verde,Línea,4
"MULTILINESTRING Z ((443594.5723 4475870.9094 0,443633.1557 4475876.0761 0))",2480996,Verde,Línea,8
"MULTILINESTRING Z ((443195.225 4475804.8587 0,443208.725 4475806.692 0))",2481000,Verde,Batería,5
"MULTILINESTRING Z ((443210.1417 4475807.0254 0,443233.1417 4475810.442 0))",2481001,Verde,Batería,9
"MULTILINESTRING Z ((443306.9242 4475820.9094 0,443291.5168 4475818.7242 0))",2481008,Verde,Batería,6
"MULTILINESTRING Z ((443329.4706 4475824.0169 0,443351.3039 4475827.1835 0))",2481011,Verde,Batería,8
"MULTILINESTRING Z ((443366.739 4475829.502 0,443379.3316 4475831.2798 0))",2481015,Verde,Batería,5
"MULTILINESTRING Z ((443497.1834 4475848.2983 0,443491.5723 4475847.5761 0))",2481017,Verde,Batería,2
"MULTILINESTRING Z ((443490.739 4475847.465 0,443485.239 4475846.6872 0))",2481019,Verde,Batería,2
"MULTILINESTRING Z ((443579.1279 4475859.8538 0,443568.9057 4475858.4094 0))",2481020,Verde,Batería,4
"MULTILINESTRING Z ((443609.0168 4475864.0205 0,443596.239 4475862.2983 0))",2481022,Verde,Batería,5
"MULTILINESTRING Z ((443622.8501 4475865.965 0,443610.0168 4475864.3538 0))",2481023,Verde,Batería,5
"MULTILINESTRING Z ((443559.5168 4475857.0205 0,443561.9057 4475857.3538 0))",2481026,Verde,Batería,1
"MULTILINESTRING Z ((437835.6673 4475459.7698 0,437828.4968 4475456.091 0))",2481031,Verde,Línea,1
"MULTILINESTRING Z ((443134.0723 4475737.0205 0,443139.2946 4475729.0205 0))",2481032,Azul,Línea,2
"MULTILINESTRING Z ((443138.4057 4475725.6872 0,443148.1834 4475710.2427 0))",2481036,Azul,Línea,4
"MULTILINESTRING Z ((438563.6557 4476069.2245 0,438760.4057 4476174.8495 0))",2481048,Verde,Línea,48
"MULTILINESTRING Z ((443452.761 4475803.3349 0,443436.4276 4475801.0222 0))",2481050,Verde,Línea,3
"MULTILINESTRING Z ((443476.7206 4475806.7669 0,443471.8873 4475806.1002 0))",2481051,Verde,Línea,1
"MULTILINESTRING Z ((443451.3501 4475757.0205 0,443486.3501 4475762.7983 0,443503.239 4475765.7983 0,443559.6279 4475775.2427 0))",2481054,Verde,Línea,23
"MULTILINESTRING Z ((443391.2946 4475675.7242 0,443395.9612 4475676.7613 0))",2481055,Verde,Línea,1
"MULTILINESTRING Z ((443420.7801 4475683.9176 0,443440.8625 4475689.4485 0))",2481056,Verde,Línea,4
"MULTILINESTRING Z ((443403.8223 4475770.9094 0,443407.9057 4475780.4927 0))",2481059,Azul,Línea,2
"MULTILINESTRING Z ((443561.6022 4475784.7852 0,443557.9405 4475798.4686 0))",2481069,Verde,Línea,3
"MULTILINESTRING Z ((443584.1711 4475700.6255 0,443581.1588 4475711.9094 0))",2481075,Verde,Línea,2
"MULTILINESTRING Z ((443582.0723 4475735.6594 0,443585.5723 4475722.4094 0))",2481076,Verde,Línea,3
"MULTILINESTRING Z ((443911.2328 4475925.4403 0,443917.6773 4475969.9341 0,443921.5538 4475995.6378 0,443924.5168 4476014.502 0,443928.0723 4476038.6008 0,443934.7884 4476083.1934 0))",2481090,Azul,Batería,71
"MULTILINESTRING Z ((443909.4057 4475913.9094 0,443907.9057 4475904.1594 0))",2481091,Azul,Batería,4
"MULTILINESTRING Z ((443888.9859 4475910.7983 0,443892.6402 4475930.502 0))",2481092,Azul,Batería,9
"MULTILINESTRING Z ((443893.1464 4475933.3909 0,443896.8501 4475955.5761 0))",2481093,Azul,Batería,10
"MULTILINESTRING Z ((438898.5492 4475463.9702 0,438907.845 4475450.8158 0))",2481266,Verde,Batería,6
"MULTILINESTRING Z ((438919.739 4475433.1273 0,438913.6834 4475441.9051 0))",2481267,Verde,Batería,4
"MULTILINESTRING Z ((441167.7832 4475315.2562 0,441154.1476 4475264.2344 0))",2481269,Verde,Línea,10
"MULTILINESTRING Z ((441125.887 4475140.9381 0,441119.0095 4475115.8037 0))",2481270,Verde,Batería,10
"MULTILINESTRING Z ((441101.3779 4475050.2791 0,441118.8844 4475114.8033 0))",2481271,Verde,Batería,22
"MULTILINESTRING Z ((443175.9057 4476609.5205 0,443179.3501 4476600.1872 0))",2481515,Verde,Línea,2
"MULTILINESTRING Z ((441052.4607 4476954.4988 0,441052.4607 4476952.8048 0,441052.6301 4476951.9154 0))",2481544,Verde,Batería,1
"MULTILINESTRING Z ((441543.5674 4476444.6257 0,441554.0674 4476424.3757 0))",2481550,Verde,Línea,5
"MULTILINESTRING Z ((441585.1094 4476460.5514 0,441586.1217 4476462.6748 0))",2481552,Verde,Batería,1
"MULTILINESTRING Z ((442035.9179 4481286.3254 0,442025.5845 4481288.4087 0))",2481675,Verde,Línea,2
"MULTILINESTRING Z ((441666.739 4474876.9329 0,441661.239 4474877.3495 0))",2481805,Verde,Línea,1
"MULTILINESTRING Z ((441873.6557 4479590.7427 0,441872.3223 4479600.7427 0))",2481864,Azul,Línea,2
"MULTILINESTRING Z ((441595.6834 4479107.1316 0,441614.6279 4479105.6872 0))",2481868,Azul,Batería,8
"MULTILINESTRING Z ((441882.8223 4480989.3261 0,441890.5723 4481024.5761 0))",2481950,Verde,Batería,15
"MULTILINESTRING Z ((441973.5723 4481010.1872 0,441974.8501 4481016.3538 0))",2481964,Verde,Batería,2
"MULTILINESTRING Z ((441969.3316 4480990.6748 0,441968.097 4480985.1934 0))",2481967,Verde,Batería,2
"MULTILINESTRING Z ((441964.3501 4480967.2983 0,441965.6279 4480973.8538 0))",2481968,Verde,Batería,3
"MULTILINESTRING Z ((441960.7946 4480950.9094 0,441961.6279 4480954.965 0))",2481970,Verde,Batería,2
"MULTILINESTRING Z ((441960.239 4480947.9094 0,441960.5723 4480949.965 0))",2481971,Verde,Batería,1
"MULTILINESTRING Z ((441956.1557 4480929.8261 0,441955.5723 4480926.9094 0))",2481972,Verde,Batería,1
"MULTILINESTRING Z ((441865.6869 4480362.8975 0,441863.5202 4480353.0642 0))",2482021,Verde,Línea,2
"MULTILINESTRING Z ((441798.2946 4480200.395 0,441797.1423 4480195.2427 0))",2482024,Verde,Línea,1
"MULTILINESTRING Z ((441890.8501 4479991.6316 0,441890.9612 4479997.2427 0))",2482084,Verde,Línea,1
"MULTILINESTRING Z ((441854.0992 4479888.3115 0,441857.8492 4479889.3948 0))",2482091,Verde,Línea,1
"MULTILINESTRING Z ((441966.6825 4479848.1448 0,441966.4325 4479842.3948 0))",2482093,Verde,Línea,1
"MULTILINESTRING Z ((442559.0562 4480633.0853 0,442602.4276 4480765.4821 0))",2482196,Azul,Línea,30
"MULTILINESTRING Z ((440375.4797 4477938.6872 0,440386.8131 4477936.8724 0))",2482222,Verde,Línea,2
"MULTILINESTRING Z ((440398.418 4477935.0205 0,440407.7513 4477933.539 0))",2482224,Verde,Línea,2
"MULTILINESTRING Z ((440409.4304 4477933.2921 0,440418.2452 4477931.8847 0))",2482225,Verde,Línea,2
"MULTILINESTRING Z ((440636.1661 4477731.0602 0,440635.7495 4477725.0602 0))",2482230,Verde,Línea,1
"MULTILINESTRING Z ((440635.3316 4477718.8724 0,440635.6773 4477723.7859 0))",2482232,Verde,Línea,1
"MULTILINESTRING Z ((440634.7637 4477711.2921 0,440635.2081 4477717.2674 0))",2482236,Verde,Línea,1
"MULTILINESTRING Z ((438304.001 4475333.9789 0,438293.6165 4475346.2659 0))",2482264,Verde,Línea,3
"MULTILINESTRING Z ((440418.6649 4477697.4156 0,440424.5662 4477696.7242 0))",2482265,Verde,Línea,1
"MULTILINESTRING Z ((440426.4427 4477696.502 0,440432.6649 4477695.7613 0))",2482266,Verde,Línea,1
"MULTILINESTRING Z ((440435.0877 4477695.4844 0,440440.921 4477694.8178 0))",2482267,Verde,Línea,1
"MULTILINESTRING Z ((440397.421 4477699.9011 0,440403.2543 4477699.3178 0))",2482268,Verde,Línea,1
"MULTILINESTRING Z ((440404.671 4477699.0678 0,440409.8377 4477698.4844 0))",2482269,Verde,Línea,1
"MULTILINESTRING Z ((440411.4797 4477698.2798 0,440417.0353 4477697.6131 0))",2482270,Verde,Línea,1
"MULTILINESTRING Z ((440653.4057 4477819.8724 0,440658.1094 4477819.465 0))",2482274,Verde,Línea,1
"MULTILINESTRING Z ((440659.6279 4477819.3538 0,440669.2205 4477818.5761 0))",2482275,Verde,Línea,2
"MULTILINESTRING Z ((440670.8871 4477818.4279 0,440680.5908 4477817.6501 0))",2482276,Verde,Línea,2
"MULTILINESTRING Z ((440682.2946 4477817.502 0,440692.0723 4477816.6872 0))",2482277,Verde,Línea,2
"MULTILINESTRING Z ((440694.1464 4477816.539 0,440704.3686 4477815.6872 0))",2482278,Verde,Línea,2
"MULTILINESTRING Z ((440703.3686 4477704.539 0,440703.4797 4477707.465 0,440703.9612 4477713.539 0))",2482279,Verde,Línea,2
"MULTILINESTRING Z ((440704.0559 4477714.9464 0,440704.3192 4477718.1892 0))",2482280,Verde,Línea,1
"MULTILINESTRING Z ((440704.4057 4477719.539 0,440704.6279 4477722.3168 0))",2482281,Verde,Línea,1
"MULTILINESTRING Z ((440704.9118 4477726.0082 0,440704.739 4477723.6378 0))",2482282,Verde,Línea,1
"MULTILINESTRING Z ((440409.2543 4477653.2344 0,440418.2543 4477654.7344 0,440422.171 4477654.6511 0))",2482293,Verde,Línea,2
"MULTILINESTRING Z ((440424.0043 4477654.4011 0,440429.421 4477653.5678 0))",2482296,Verde,Línea,1
"MULTILINESTRING Z ((440350.671 4477632.6511 0,440356.421 4477634.2344 0))",2482299,Verde,Línea,1
"MULTILINESTRING Z ((440357.7543 4477634.4844 0,440363.171 4477636.1511 0))",2482300,Verde,Línea,1
"MULTILINESTRING Z ((440364.2205 4477636.3909 0,440369.4797 4477637.8353 0))",2482301,Verde,Línea,1
"MULTILINESTRING Z ((440370.6649 4477638.1687 0,440376.3316 4477639.7242 0))",2482302,Verde,Línea,1
"MULTILINESTRING Z ((440377.6279 4477640.0946 0,440383.8501 4477641.7242 0))",2482303,Verde,Línea,1
"MULTILINESTRING Z ((440385.2543 4477642.0678 0,440390.671 4477643.0678 0))",2482304,Verde,Línea,1
"MULTILINESTRING Z ((440406.421 4477645.6511 0,440412.0043 4477646.7344 0))",2482306,Verde,Línea,1
"MULTILINESTRING Z ((440413.921 4477646.9844 0,440417.5043 4477647.6511 0,440419.5043 4477647.8178 0))",2482309,Verde,Línea,1
"MULTILINESTRING Z ((440420.7543 4477647.8178 0,440426.7543 4477646.9011 0))",2482310,Verde,Línea,1
"MULTILINESTRING Z ((440492.2205 4477646.1687 0,440496.8871 4477645.9835 0))",2482313,Verde,Línea,1
"MULTILINESTRING Z ((440503.5785 4477648.2551 0,440499.0106 4477646.0822 0))",2482315,Verde,Línea,1
"MULTILINESTRING Z ((440525.0723 4477658.4279 0,440529.4797 4477660.539 0,440531.1464 4477661.2057 0))",2482318,Verde,Línea,1
"MULTILINESTRING Z ((440533.4427 4477661.3168 0,440538.702 4477661.5761 0))",2482319,Verde,Línea,1
"MULTILINESTRING Z ((440541.3501 4477661.7427 0,440546.9612 4477662.0205 0))",2482320,Verde,Línea,1
"MULTILINESTRING Z ((440554.9612 4477662.2427 0,440549.4612 4477662.1316 0))",2482322,Verde,Línea,1
"MULTILINESTRING Z ((440572.1661 4477654.8935 0,440577.7495 4477654.6435 0))",2482325,Verde,Línea,1
"MULTILINESTRING Z ((440578.9995 4477654.5602 0,440584.3328 4477654.1435 0))",2482327,Verde,Línea,1
"MULTILINESTRING Z ((440591.7495 4477653.4769 0,440585.9161 4477653.9769 0))",2482328,Verde,Línea,1
"MULTILINESTRING Z ((440560.0723 4477629.4279 0,440560.5538 4477635.0205 0))",2482334,Verde,Línea,1
"MULTILINESTRING Z ((440560.702 4477636.539 0,440561.2575 4477642.502 0))",2482335,Verde,Línea,1
"MULTILINESTRING Z ((440561.4161 4477644.3935 0,440562.0828 4477650.2269 0))",2482336,Verde,Línea,1
"MULTILINESTRING Z ((440568.2495 4477666.5602 0,440568.5828 4477672.0602 0))",2482337,Verde,Línea,1
"MULTILINESTRING Z ((440568.7495 4477673.5602 0,440569.1661 4477679.0602 0))",2482338,Verde,Línea,1
"MULTILINESTRING Z ((440569.2495 4477680.2269 0,440569.5828 4477685.7269 0))",2482339,Verde,Línea,1
"MULTILINESTRING Z ((440490.2495 4477649.7269 0,440490.6661 4477655.3935 0))",2482341,Verde,Línea,1
"MULTILINESTRING Z ((440490.6661 4477655.8102 0,440491.0828 4477661.3935 0))",2482343,Verde,Línea,1
"MULTILINESTRING Z ((440491.1661 4477661.9769 0,440491.5828 4477667.7269 0))",2482344,Verde,Línea,1
"MULTILINESTRING Z ((440471.4962 4477640.5925 0,440476.9283 4477640.181 0))",2482346,Verde,Línea,1
"MULTILINESTRING Z ((440483.9161 4477639.6435 0,440478.4995 4477640.1435 0))",2482347,Verde,Línea,1
"MULTILINESTRING Z ((440490.9995 4477639.0602 0,440485.2495 4477639.4769 0))",2482348,Verde,Línea,1
"MULTILINESTRING Z ((440492.2699 4477638.9958 0,440497.488 4477638.6008 0))",2482349,Verde,Línea,1
"MULTILINESTRING Z ((440504.6661 4477641.3935 0,440499.0828 4477638.8935 0))",2482351,Verde,Línea,1
"MULTILINESTRING Z ((440630.9983 4477661.5761 0,440631.4057 4477666.9094 0))",2482352,Verde,Línea,1
"MULTILINESTRING Z ((440632.0723 4477675.6131 0,440631.5538 4477669.0576 0))",2482353,Verde,Línea,1
"MULTILINESTRING Z ((440632.5538 4477681.7983 0,440632.1094 4477675.9835 0))",2482354,Verde,Línea,1
"MULTILINESTRING Z ((440548.1491 4477828.6968 0,440560.44 4477827.7091 0))",2482360,Verde,Línea,2
"MULTILINESTRING Z ((440572.4205 4477826.6463 0,440562.3372 4477827.3963 0))",2482362,Verde,Línea,2
"MULTILINESTRING Z ((440584.0872 4477825.813 0,440574.0872 4477826.4796 0))",2482364,Verde,Línea,2
"MULTILINESTRING Z ((440596.4205 4477824.8963 0,440585.9205 4477825.563 0))",2482365,Verde,Línea,2
"MULTILINESTRING Z ((440597.702 4477824.7242 0,440602.2946 4477824.3538 0))",2482366,Verde,Línea,1
"MULTILINESTRING Z ((440505.4386 4477715.9341 0,440510.4921 4477715.6049 0))",2482369,Verde,Línea,1
"MULTILINESTRING Z ((440511.9242 4477715.5061 0,440517.0271 4477715.1604 0))",2482370,Verde,Línea,1
"MULTILINESTRING Z ((440518.4262 4477715.0617 0,440523.4468 4477714.716 0))",2482372,Verde,Línea,1
"MULTILINESTRING Z ((440524.9448 4477714.6172 0,440530.2452 4477714.2551 0))",2482375,Verde,Línea,1
"MULTILINESTRING Z ((440531.7431 4477714.1563 0,440537.06 4477713.7942 0))",2482376,Verde,Línea,1
"MULTILINESTRING Z ((440538.7555 4477713.679 0,440544.2863 4477713.3004 0))",2482377,Verde,Línea,1
"MULTILINESTRING Z ((440546.1464 4477713.1851 0,440551.4139 4477712.823 0))",2482378,Verde,Línea,1
"MULTILINESTRING Z ((440553.4166 4477712.6803 0,440558.7829 4477712.3182 0))",2482379,Verde,Línea,1
"MULTILINESTRING Z ((440579.036 4478618.7046 0,440575.536 4478619.4268 0))",2482382,Verde,Línea,1
"MULTILINESTRING Z ((439322.9365 4476887.6378 0,439346.3604 4476860.6913 0))",2482400,Verde,Línea,7
"MULTILINESTRING Z ((439526.1217 4477077.2674 0,439529.3563 4477080.0576 0))",2482404,Verde,Línea,1
"MULTILINESTRING Z ((441063.8995 4478751.1687 0,441063.5538 4478747.218 0,441063.6773 4478743.9341 0,441064.2699 4478741.5143 0))",2482408,Verde,Línea,2
"MULTILINESTRING Z ((440418.2067 4473169.9596 0,440421.8733 4473163.793 0))",2482449,Verde,Línea,1
"MULTILINESTRING Z ((441791.1175 4476662.4181 0,441792.1887 4476677.2145 0))",2482450,Azul,Línea,3
"MULTILINESTRING Z ((442294.489 4476570.8261 0,442294.8223 4476575.7427 0))",2482455,Verde,Línea,1
"MULTILINESTRING Z ((439392.3933 4477856.9218 0,439402.0723 4477858.2304 0))",2482465,Verde,Línea,2
"MULTILINESTRING Z ((439124.0476 4477613.3415 0,439119.9736 4477608.3292 0))",2482471,Azul,Línea,1
"MULTILINESTRING Z ((439194.739 4477621.1316 0,439179.4797 4477629.3168 0))",2482480,Verde,Línea,3
"MULTILINESTRING Z ((439252.5332 4478750.1399 0,439254.1629 4478754.8148 0))",2482490,Verde,Línea,1
"MULTILINESTRING Z ((439212.1876 4478641.432 0,439213.9818 4478646.0576 0))",2482491,Verde,Línea,1
"MULTILINESTRING Z ((439143.4797 4478321.5761 0,439135.5908 4478324.4279 0))",2482510,Verde,Línea,3
"MULTILINESTRING Z ((439224.418 4478375.7201 0,439227.2822 4478379.6049 0))",2482519,Verde,Línea,1
"MULTILINESTRING Z ((439315.2822 4478456.1563 0,439327.6526 4478458.6501 0))",2482520,Verde,Línea,2
"MULTILINESTRING Z ((439622.5168 4477764.9464 0,439626.6649 4477752.0329 0))",2482526,Verde,Línea,3
"MULTILINESTRING Z ((439631.0353 4477738.4773 0,439637.2081 4477719.3909 0))",2482539,Verde,Línea,4
"MULTILINESTRING Z ((439581.9242 4477612.6131 0,439587.2575 4477595.8724 0))",2482544,Azul,Línea,4
"MULTILINESTRING Z ((439540.7884 4477888.4032 0,439536.4674 4477887.9588 0))",2482546,Verde,Línea,1
"MULTILINESTRING Z ((441074.9612 4479530.4094 0,441091.6834 4479494.1316 0))",2482548,Verde,Línea,8
"MULTILINESTRING Z ((440795.596 4478933.1518 0,440848.971 4478891.1518 0))",2482551,Verde,Línea,14
"MULTILINESTRING Z ((440586.9365 4478819.3662 0,440609.9489 4478811.3909 0))",2482558,Verde,Línea,5
"MULTILINESTRING Z ((442150.4057 4476226.7427 0,442146.9057 4476172.2427 0))",2482586,Verde,Batería,21
"MULTILINESTRING Z ((442080.989 4476609.2427 0,442081.8223 4476619.5761 0))",2482590,Azul,Línea,2
"MULTILINESTRING Z ((441817.8871 4478777.9835 0,441828.1464 4478777.1687 0))",2482593,Verde,Línea,3
"MULTILINESTRING Z ((439897.0105 4478287.6031 0,439913.0475 4478297.1587 0))",2482630,Verde,Línea,3
"MULTILINESTRING Z ((440178.739 4478739.2983 0,440184.6834 4478730.965 0,440189.1557 4478723.2011 0))",2482640,Azul,Batería,7
"MULTILINESTRING Z ((441563.2227 4480525.5048 0,441577.6496 4480522.3686 0))",2482645,Verde,Batería,5
"MULTILINESTRING Z ((442843.4057 4475571.1594 0,442843.6557 4475575.4094 0))",2482651,Verde,Batería,1
"MULTILINESTRING Z ((442034.2946 4475982.5205 0,442033.2946 4475967.8538 0))",2482653,Azul,Línea,3
"MULTILINESTRING Z ((439278.8871 4478827.7242 0,439275.739 4478818.3909 0,439272.6649 4478808.5761 0))",2482699,Verde,Línea,4
"MULTILINESTRING Z ((439268.5168 4478796.0822 0,439271.1341 4478803.7859 0))",2482700,Verde,Línea,1
"MULTILINESTRING Z ((442922.239 4476701.0761 0,442962.739 4476709.8261 0))",2482703,Azul,Línea,10
"MULTILINESTRING Z ((441773.4022 4479454.4334 0,441774.963 4479454.3164 0,441776.0946 4479454.5115 0,441776.875 4479454.8626 0,441777.7725 4479455.604 0,441778.1236 4479456.0722 0,441778.5528 4479457.1648 0,441778.826 4479460.2864 0))",2482724,Verde,Línea,2
"MULTILINESTRING Z ((442445.5117 4479896.1363 0,442446.5117 4479902.3029 0,442447.095 4479905.1363 0,442448.095 4479908.3029 0,442449.1784 4479911.1363 0,442450.5117 4479913.3029 0,442452.6784 4479915.8863 0,442454.5119 4479917.7972 0,442455.9285 4479919.0472 0,442456.4285 4479919.4638 0))",2482784,Verde,Línea,5
"MULTILINESTRING Z ((442457.3452 4479920.0472 0,442458.8452 4479921.1305 0,442461.0119 4479922.2138 0,442465.2619 4479923.8805 0,442469.7619 4479925.0472 0,442474.7619 4479925.5472 0,442478.2619 4479925.6305 0,442480.5119 4479925.7138 0,442481.5119 4479925.7138 0,442482.1785 4479925.8805 0))",2482785,Verde,Línea,5
"MULTILINESTRING Z ((442482.8452 4479925.9638 0,442492.3452 4479926.7138 0))",2482786,Verde,Línea,2
"MULTILINESTRING Z ((442674.2452 4480030.0329 0,442666.5758 4480047.7941 0))",2482825,Verde,Línea,4
"MULTILINESTRING Z ((443080.489 4479783.9927 0,443075.3223 4479786.5761 0,443069.739 4479790.4094 0))",2482908,Azul,Batería,5
"MULTILINESTRING Z ((443155.6322 4479799.6056 0,443138.307 4479795.8597 0))",2482911,Azul,Batería,6
"MULTILINESTRING Z ((442112.739 4479567.5761 0,442118.1557 4479566.7427 0))",2482932,Verde,Línea,1
"MULTILINESTRING Z ((442127.1464 4479586.2798 0,442128.6279 4479595.7983 0))",2482936,Verde,Línea,2
"MULTILINESTRING Z ((442128.739 4479596.6501 0,442130.1464 4479605.9094 0))",2482937,Verde,Línea,2
"MULTILINESTRING Z ((442130.2946 4479606.8353 0,442131.702 4479616.465 0))",2482938,Verde,Línea,2
"MULTILINESTRING Z ((442131.8501 4479617.6501 0,442131.8131 4479619.6131 0,442130.6649 4479627.3168 0))",2482939,Verde,Línea,2
"MULTILINESTRING Z ((442130.4427 4479628.539 0,442129.0353 4479637.8353 0))",2482940,Verde,Línea,2
"MULTILINESTRING Z ((442128.8131 4479639.2057 0,442127.4057 4479648.6131 0))",2482941,Verde,Línea,2
"MULTILINESTRING Z ((442127.2205 4479649.8353 0,442125.8871 4479659.3538 0))",2482942,Verde,Línea,2
"MULTILINESTRING Z ((442125.702 4479660.502 0,442124.3686 4479669.8353 0))",2482943,Verde,Línea,2
"MULTILINESTRING Z ((442122.6649 4479681.6501 0,442124.0353 4479672.3168 0))",2482944,Verde,Línea,2
"MULTILINESTRING Z ((442121.0723 4479692.6131 0,442122.4427 4479683.2427 0))",2482945,Verde,Línea,2
"MULTILINESTRING Z ((442117.8871 4479714.8353 0,442119.3316 4479704.502 0))",2482946,Verde,Línea,2
"MULTILINESTRING Z ((442119.5168 4479703.2427 0,442120.9242 4479693.6872 0))",2482947,Verde,Línea,2
"MULTILINESTRING Z ((442136.0723 4479595.4279 0,442134.776 4479586.3909 0))",2482948,Verde,Línea,2
"MULTILINESTRING Z ((442137.5538 4479605.7242 0,442136.2205 4479596.465 0))",2482949,Verde,Línea,2
"MULTILINESTRING Z ((442139.0723 4479616.2427 0,442137.739 4479606.9835 0))",2482951,Verde,Línea,2
"MULTILINESTRING Z ((442136.739 4479637.0946 0,442138.0723 4479627.7242 0))",2482957,Verde,Línea,2
"MULTILINESTRING Z ((442136.5948 4479638.4754 0,442135.2615 4479647.8921 0))",2482961,Verde,Línea,2
"MULTILINESTRING Z ((442133.4282 4479659.8921 0,442134.7615 4479650.4754 0))",2482968,Verde,Línea,2
"MULTILINESTRING Z ((442131.7615 4479670.6421 0,442133.0948 4479661.5587 0))",2482969,Verde,Línea,2
"MULTILINESTRING Z ((442130.0168 4479682.1872 0,442131.3501 4479672.7427 0))",2482989,Verde,Línea,2
"MULTILINESTRING Z ((442128.4057 4479693.3538 0,442129.7946 4479683.7427 0))",2482990,Verde,Línea,2
"MULTILINESTRING Z ((442126.739 4479704.4094 0,442128.0723 4479695.0761 0))",2482991,Verde,Línea,2
"MULTILINESTRING Z ((442125.239 4479715.7427 0,442126.6279 4479705.8538 0))",2482992,Verde,Línea,2
"MULTILINESTRING Z ((442150.4797 4479751.6131 0,442155.0353 4479752.7613 0))",2482994,Verde,Línea,1
"MULTILINESTRING Z ((442146.6649 4479743.2057 0,442154.8501 4479745.1687 0))",2482995,Verde,Línea,1
"MULTILINESTRING Z ((442155.702 4479745.3909 0,442163.8501 4479747.3909 0))",2482996,Verde,Línea,1
"MULTILINESTRING Z ((442164.8871 4479747.6131 0,442169.1464 4479748.7242 0,442170.702 4479749.0576 0,442175.0723 4479749.3909 0))",2482997,Verde,Línea,2
"MULTILINESTRING Z ((442176.0353 4479749.3538 0,442177.9612 4479749.2427 0,442185.9612 4479749.1316 0))",2482998,Verde,Línea,2
"MULTILINESTRING Z ((442198.4057 4479748.9464 0,442187.2575 4479749.1316 0))",2482999,Verde,Línea,2
"MULTILINESTRING Z ((442200.9612 4479568.2427 0,442202.9057 4479601.7983 0))",2483005,Verde,Línea,7
"MULTILINESTRING Z ((442363.1557 4479744.5761 0,442375.4057 4479761.1594 0))",2483009,Verde,Línea,4
"MULTILINESTRING Z ((442350.239 4479726.5761 0,442361.239 4479742.1594 0))",2483010,Verde,Línea,4
"MULTILINESTRING Z ((442038.7807 4479456.3261 0,442038.2807 4479468.4511 0))",2483047,Verde,Línea,2
"MULTILINESTRING Z ((442284.9612 4479441.3909 0,442275.1094 4479439.2427 0))",2483060,Verde,Línea,2
"MULTILINESTRING Z ((442171.5072 4479127.7227 0,442156.2572 4479080.4727 0))",2483095,Verde,Línea,10
"MULTILINESTRING Z ((442101.702 4479182.5761 0,442095.702 4479186.8353 0))",2483099,Verde,Línea,1
"MULTILINESTRING Z ((442062.8223 4479199.4927 0,442041.9057 4479169.5761 0))",2483103,Verde,Línea,8
"MULTILINESTRING Z ((442149.6557 4478952.6594 0,442137.6557 4478954.4927 0))",2483128,Verde,Línea,2
"MULTILINESTRING Z ((442357.1279 4478935.3538 0,442364.239 4478935.465 0))",2483149,Azul,Línea,1
"MULTILINESTRING Z ((442616.4612 4479021.3538 0,442615.9612 4479015.6872 0))",2483170,Verde,Batería,2
"MULTILINESTRING Z ((442615.8501 4479014.6872 0,442615.4057 4479009.7427 0))",2483171,Verde,Batería,2
"MULTILINESTRING Z ((442615.1834 4479008.6872 0,442614.5723 4479002.2983 0))",2483172,Verde,Batería,2
"MULTILINESTRING Z ((442614.4199 4479000.7083 0,442613.7532 4478995.2083 0))",2483173,Verde,Batería,2
"MULTILINESTRING Z ((442613.8365 4478994.2917 0,442613.4199 4478988.7083 0))",2483175,Verde,Batería,2
"MULTILINESTRING Z ((442787.8409 4479789.2111 0,442786.0075 4479785.6277 0))",2483212,Verde,Línea,1
"MULTILINESTRING Z ((442673.4043 4479653.6673 0,442679.5882 4479654.3949 0))",2483233,Verde,Línea,1
"MULTILINESTRING Z ((442382.5907 4479265.6335 0,442413.674 4479258.4669 0))",2483257,Verde,Línea,6
"MULTILINESTRING Z ((442537.4057 4479275.0761 0,442538.989 4479281.9094 0))",2483263,Verde,Línea,1
"MULTILINESTRING Z ((442571.3365 4479160.125 0,442573.8365 4479170.125 0))",2483326,Azul,Línea,2
"MULTILINESTRING Z ((442728.6742 4479550.7944 0,442726.8409 4479540.4611 0))",2483498,Verde,Batería,4
"MULTILINESTRING Z ((442726.6742 4479538.6277 0,442726.0075 4479535.3777 0))",2483499,Verde,Batería,1
"MULTILINESTRING Z ((442720.739 4479503.4927 0,442719.9057 4479498.3261 0))",2483504,Verde,Batería,2
"MULTILINESTRING Z ((442719.8223 4479497.4094 0,442718.6557 4479490.6594 0))",2483505,Verde,Batería,3
"MULTILINESTRING Z ((442894.4057 4479468.6594 0,442900.0723 4479477.4927 0))",2483523,Verde,Línea,2
"MULTILINESTRING Z ((442702.3223 4479392.0761 0,442703.8223 4479401.4094 0))",2483580,Azul,Batería,4
"MULTILINESTRING Z ((442702.1834 4479391.465 0,442701.6279 4479388.1687 0))",2483582,Azul,Batería,1
"MULTILINESTRING Z ((442698.239 4479368.4927 0,442698.739 4479371.1594 0))",2483585,Azul,Batería,1
"MULTILINESTRING Z ((442694.739 4479347.0761 0,442695.5723 4479352.5761 0))",2483587,Azul,Batería,2
"MULTILINESTRING Z ((442694.1094 4479343.9835 0,442694.4797 4479346.2057 0))",2483588,Azul,Batería,1
"MULTILINESTRING Z ((442693.3686 4479339.502 0,442693.739 4479341.6872 0))",2483589,Azul,Batería,1
"MULTILINESTRING Z ((442660.239 4479143.2427 0,442662.0723 4479153.5761 0))",2483592,Azul,Línea,2
"MULTILINESTRING Z ((443153.989 4479333.9094 0,443151.9057 4479339.2427 0))",2483666,Verde,Línea,1
"MULTILINESTRING Z ((443218.3223 4479608.0761 0,443218.3223 4479599.4927 0))",2483731,Verde,Batería,3
"MULTILINESTRING Z ((443350.2575 4479432.6872 0,443349.6279 4479429.0946 0))",2483743,Verde,Batería,2
"MULTILINESTRING Z ((443288.1464 4479493.502 0,443284.6279 4479474.6872 0))",2483747,Verde,Línea,4
"MULTILINESTRING Z ((443387.6032 4479395.1934 0,443385.1094 4479391.5143 0))",2483780,Verde,Línea,1
"MULTILINESTRING Z ((443240.0723 4479304.0761 0,443226.1834 4479305.0205 0))",2483796,Azul,Línea,3
"MULTILINESTRING Z ((442639.9612 4478982.9094 0,442639.739 4478980.7427 0))",2483876,Azul,Batería,1
"MULTILINESTRING Z ((442932.3686 4479330.6131 0,442941.739 4479350.502 0))",2483933,Verde,Línea,4
"MULTILINESTRING Z ((442016.4238 4478878.806 0,442021.5905 4478878.306 0))",2483968,Azul,Línea,1
"MULTILINESTRING Z ((442077.6557 4478740.3261 0,442080.8223 4478758.0761 0))",2484013,Verde,Línea,3
"MULTILINESTRING Z ((441902.935 4478697.8911 0,441892.1656 4478703.1458 0))",2484021,Verde,Línea,2
"MULTILINESTRING Z ((441986.5168 4478882.3538 0,441971.6279 4478883.7983 0))",2484236,Azul,Línea,3
"MULTILINESTRING Z ((442126.6738 4478867.2227 0,442104.0072 4478868.306 0))",2484237,Azul,Línea,4
"MULTILINESTRING Z ((443203.647 4476632.278 0,443207.9803 4476634.1114 0))",2484274,Verde,Línea,1
"MULTILINESTRING Z ((441598.0168 4476487.6316 0,441595.4612 4476482.2983 0))",2484275,Verde,Batería,2
"MULTILINESTRING Z ((439466.9983 4478667.6872 0,439455.8131 4478675.9464 0,439443.776 4478684.6131 0,439438.5908 4478687.2798 0))",2484286,Verde,Línea,7
"MULTILINESTRING Z ((442220.1279 4478399.0761 0,442222.4612 4478429.9094 0))",2484399,Verde,Línea,6
"MULTILINESTRING Z ((442058.5168 4478419.465 0,442085.8501 4478446.7983 0))",2484405,Verde,Línea,9
"MULTILINESTRING Z ((442433.1588 4478600.3538 0,442400.0476 4478591.0946 0))",2484449,Verde,Línea,7
"MULTILINESTRING Z ((442383.9242 4478586.539 0,442394.776 4478589.5761 0))",2484450,Verde,Línea,2
"MULTILINESTRING Z ((442393.0353 4478123.3662 0,442387.3316 4478123.4156 0))",2484485,Verde,Línea,1
"MULTILINESTRING Z ((442282.4057 4478377.6594 0,442287.1557 4478377.3261 0))",2484511,Verde,Línea,1
"MULTILINESTRING Z ((439272.2575 4477799.9464 0,439309.5168 4477780.0946 0))",2484579,Verde,Línea,9
"MULTILINESTRING Z ((439310.5908 4477781.9464 0,439319.8223 4477777.0761 0))",2484580,Verde,Línea,2
"MULTILINESTRING Z ((439322.5085 4477773.1522 0,439337.7349 4477764.9053 0))",2484581,Verde,Línea,4
"MULTILINESTRING Z ((442650.739 4476202.7427 0,442662.3223 4476201.9094 0))",2484582,Azul,Línea,2
"MULTILINESTRING Z ((442556.418 4476000.2962 0,442561.3234 4475999.9012 0))",2484583,Azul,Línea,1
"MULTILINESTRING Z ((443856.4231 4475905.3419 0,443851.5478 4475892.9661 0,443845.5474 4475881.1529 0,443837.2969 4475869.5271 0,443826.2337 4475856.9638 0))",2484586,Azul,Línea,14
"MULTILINESTRING Z ((443621.8501 4476765.8106 0,443620.4921 4476765.6872 0,443607.1279 4476762.5205 0))",2484610,Verde,Línea,3
"MULTILINESTRING Z ((443630.7266 4476767.208 0,443634.9489 4476768.4858 0,443640.1155 4476770.6525 0,443644.56 4476772.8192 0))",2484612,Verde,Línea,3
"MULTILINESTRING Z ((443676.1206 4476823.544 0,443677.6762 4476828.0996 0,443679.491 4476832.6181 0))",2484657,Verde,Línea,3
"MULTILINESTRING Z ((443677.5095 4476835.1551 0,443683.7317 4476847.6551 0,443684.0651 4476869.6551 0))",2484660,Verde,Batería,15
"MULTILINESTRING Z ((443673.935 4476788.0969 0,443680.5651 4476800.7246 0))",2484675,Verde,Línea,3
"MULTILINESTRING Z ((443681.8666 4476804.4938 0,443684.5723 4476813.9927 0))",2484676,Verde,Batería,4
"MULTILINESTRING Z ((443698.9817 4476913.0162 0,443698.8984 4476901.7662 0))",2484678,Verde,Batería,5
"MULTILINESTRING Z ((442291.9707 4478208.1339 0,442289.7485 4478207.245 0))",2484868,Verde,Batería,1
"MULTILINESTRING Z ((442295.0818 4478209.8005 0,442293.304 4478208.8561 0))",2484869,Verde,Batería,1
"MULTILINESTRING Z ((442296.2097 4478210.6427 0,442297.5614 4478211.6159 0,442298.5886 4478212.4809 0,442300.6972 4478214.4813 0))",2484870,Verde,Batería,3
"MULTILINESTRING Z ((442309.5264 4478233.9058 0,442308.582 4478229.7947 0))",2484874,Verde,Batería,2
"MULTILINESTRING Z ((442313.5262 4478178.6894 0,442311.5262 4478177.3561 0,442310.0818 4478176.745 0,442307.804 4478175.6339 0,442306.2485 4478175.3005 0,442303.9707 4478174.745 0,442302.4707 4478174.5783 0))",2484876,Verde,Batería,5
"MULTILINESTRING Z ((442275.5818 4478264.6894 0,442272.6373 4478264.1339 0))",2484878,Verde,Batería,1
"MULTILINESTRING Z ((442270.304 4478263.4672 0,442266.8596 4478262.4672 0))",2484879,Verde,Batería,1
"MULTILINESTRING Z ((442262.6279 4478260.7983 0,442265.0723 4478261.7427 0))",2484880,Verde,Batería,1
"MULTILINESTRING Z ((443946.2452 4476153.3662 0,443947.5538 4476160.1563 0))",2484887,Azul,Batería,3
"MULTILINESTRING Z ((443934.9118 4476083.9094 0,443936.418 4476094.2551 0,443939.8501 4476115.7366 0))",2484888,Azul,Batería,14
"MULTILINESTRING Z ((443939.9571 4476116.4938 0,443942.8871 4476134.1234 0,443946.1629 4476152.8724 0))",2484904,Azul,Batería,16
"MULTILINESTRING Z ((442733.1464 4478503.9835 0,442718.8131 4478504.9094 0))",2485077,Verde,Línea,3
"MULTILINESTRING Z ((442553.8871 4478351.7983 0,442554.1464 4478354.2798 0))",2485114,Verde,Batería,1
"MULTILINESTRING Z ((442551.1834 4478322.7983 0,442551.9057 4478331.2427 0))",2485117,Verde,Batería,3
"MULTILINESTRING Z ((442550.6279 4478316.7427 0,442551.0168 4478321.5205 0))",2485118,Verde,Batería,2
"MULTILINESTRING Z ((442547.6834 4478285.7427 0,442548.1279 4478290.5761 0))",2485121,Verde,Batería,2
"MULTILINESTRING Z ((442545.5723 4478263.5205 0,442545.7946 4478266.2427 0))",2485125,Verde,Batería,1
"MULTILINESTRING Z ((442545.1279 4478259.2983 0,442545.4612 4478262.1872 0))",2485126,Verde,Batería,1
"MULTILINESTRING Z ((442544.4057 4478250.8538 0,442544.9612 4478257.965 0))",2485127,Verde,Batería,3
"MULTILINESTRING Z ((442543.5168 4478239.2983 0,442543.739 4478242.0761 0))",2485130,Verde,Batería,1
"MULTILINESTRING Z ((442543.1094 4478234.6131 0,442543.3316 4478237.3168 0))",2485131,Verde,Batería,1
"MULTILINESTRING Z ((442542.4057 4478226.1316 0,442542.9612 4478232.9094 0))",2485132,Verde,Batería,3
"MULTILINESTRING Z ((442541.9983 4478221.3909 0,442542.2205 4478224.0576 0))",2485133,Verde,Batería,1
"MULTILINESTRING Z ((442541.6649 4478217.465 0,442541.8871 4478220.0205 0))",2485136,Verde,Batería,1
"MULTILINESTRING Z ((442538.2946 4478183.502 0,442538.776 4478190.1316 0))",2485137,Verde,Batería,3
"MULTILINESTRING Z ((442538.9242 4478192.1316 0,442539.1464 4478194.9464 0))",2485138,Verde,Batería,1
"MULTILINESTRING Z ((442536.2863 4478162.5349 0,442536.1382 4478160.9382 0))",2485139,Verde,Batería,1
"MULTILINESTRING Z ((442535.5044 4478154.6008 0,442535.9736 4478159.2427 0))",2485140,Verde,Batería,2
"MULTILINESTRING Z ((442534.5415 4478144.7407 0,442534.3769 4478143.1604 0))",2485142,Verde,Batería,1
"MULTILINESTRING Z ((442533.9983 4478139.325 0,442534.1958 4478141.2345 0))",2485143,Verde,Batería,1
"MULTILINESTRING Z ((442593.5822 4478484.8723 0,442592.9989 4478478.7056 0))",2485170,Azul,Batería,2
"MULTILINESTRING Z ((442592.9155 4478477.7056 0,442592.1655 4478471.4556 0))",2485174,Azul,Batería,2
"MULTILINESTRING Z ((442591.4057 4478462.2427 0,442590.9057 4478457.0761 0))",2485176,Azul,Batería,2
"MULTILINESTRING Z ((442586.6834 4478412.0205 0,442585.9057 4478403.3538 0))",2485196,Azul,Batería,3
"MULTILINESTRING Z ((442587.5168 4478420.0761 0,442586.9057 4478413.2983 0))",2485198,Azul,Batería,2
"MULTILINESTRING Z ((442561.1334 4478139.1751 0,442560.8001 4478136.3417 0))",2485199,Verde,Batería,1
"MULTILINESTRING Z ((443044.5723 4478474.0761 0,443036.239 4478480.1316 0))",2485311,Verde,Línea,2
"MULTILINESTRING Z ((442892.5223 4478205.2862 0,442889.4668 4478202.7306 0))",2485363,Azul,Línea,1
"MULTILINESTRING Z ((443080.0267 4478415.1223 0,443076.9711 4478407.8445 0))",2485388,Verde,Batería,3
"MULTILINESTRING Z ((443076.6933 4478407.0667 0,443075.6933 4478404.7889 0))",2485389,Verde,Batería,1
"MULTILINESTRING Z ((443096.3044 4478408.5111 0,443093.2489 4478401.3445 0))",2485390,Verde,Batería,3
"MULTILINESTRING Z ((443092.9155 4478400.4556 0,443090.9711 4478395.6223 0))",2485391,Verde,Batería,2
"MULTILINESTRING Z ((442943.1557 4478166.4094 0,442937.489 4478161.1594 0))",2485417,Verde,Línea,1
"MULTILINESTRING Z ((440679.768 4477655.1065 0,440694.6939 4477653.9583 0))",2485433,Verde,Línea,2
"MULTILINESTRING Z ((440673.7556 4477654.1435 0,440679.3112 4477653.6497 0))",2485436,Verde,Línea,1
"MULTILINESTRING Z ((443505.1464 4478383.502 0,443502.8501 4478369.6501 0))",2485651,Verde,Línea,3
"MULTILINESTRING Z ((443015.6557 4478735.9927 0,443015.6557 4478730.5761 0))",2485744,Azul,Línea,1
"MULTILINESTRING Z ((443268.489 4478410.7427 0,443273.1557 4478408.5761 0))",2485784,Verde,Línea,1
"MULTILINESTRING Z ((443366.739 4478684.7983 0,443361.9057 4478685.6316 0))",2485819,Verde,Línea,1
"MULTILINESTRING Z ((443326.6936 4478702.7831 0,443329.3602 4478702.3942 0))",2485821,Verde,Batería,1
"MULTILINESTRING Z ((443330.4158 4478702.172 0,443337.8602 4478701.1164 0))",2485822,Verde,Batería,3
"MULTILINESTRING Z ((443349.6936 4478699.2275 0,443346.8602 4478699.7275 0))",2485823,Verde,Batería,1
"MULTILINESTRING Z ((443339.1834 4478700.8538 0,443343.1834 4478700.2983 0))",2485824,Verde,Batería,2
"MULTILINESTRING Z ((443367.0269 4478696.5608 0,443364.638 4478696.9497 0))",2485825,Verde,Batería,1
"MULTILINESTRING Z ((443356.0723 4478696.9927 0,443363.3223 4478696.1594 0))",2485826,Verde,Batería,3
"MULTILINESTRING Z ((443471.4612 4478769.4094 0,443472.8501 4478767.965 0,443489.239 4478749.0761 0))",2485834,Verde,Batería,11
"MULTILINESTRING Z ((443582.1557 4478749.3261 0,443577.1557 4478758.9094 0))",2485840,Verde,Línea,2
"MULTILINESTRING Z ((443587.5723 4478739.4927 0,443585.4057 4478743.1594 0))",2485842,Verde,Línea,1
"MULTILINESTRING Z ((443641.3223 4478772.7427 0,443642.6557 4478767.4094 0))",2485843,Verde,Batería,2
"MULTILINESTRING Z ((443639.739 4478778.6594 0,443640.489 4478776.0761 0))",2485844,Verde,Batería,1
"MULTILINESTRING Z ((443636.9057 4478788.7427 0,443637.739 4478786.0761 0))",2485845,Verde,Batería,1
"MULTILINESTRING Z ((443633.989 4478800.0761 0,443635.239 4478794.7427 0))",2485846,Verde,Batería,2
"MULTILINESTRING Z ((443622.4057 4478842.7427 0,443623.9057 4478836.9094 0))",2485847,Verde,Batería,2
"MULTILINESTRING Z ((443619.239 4478853.5761 0,443621.6557 4478845.4927 0))",2485848,Verde,Batería,3
"MULTILINESTRING Z ((440306.1464 4477376.539 0,440306.0353 4477372.8353 0))",2485873,Verde,Línea,1
"MULTILINESTRING Z ((443409.489 4478497.5761 0,443438.1557 4478497.7427 0))",2485878,Verde,Línea,6
"MULTILINESTRING Z ((441436.989 4477583.5761 0,441437.4057 4477588.6594 0))",2486010,Azul,Línea,1
"MULTILINESTRING Z ((441640.5818 4477800.4672 0,441635.2485 4477802.3005 0))",2486030,Verde,Línea,1
"MULTILINESTRING Z ((439468.5538 4478524.3538 0,439458.2205 4478520.5761 0))",2486098,Azul,Batería,4
"MULTILINESTRING Z ((439646.1834 4477811.7613 0,439672.9612 4477819.7242 0))",2486123,Azul,Línea,5
"MULTILINESTRING Z ((439675.9489 4477835.539 0,439679.5044 4477824.2057 0))",2486124,Verde,Línea,2
"MULTILINESTRING Z ((439671.3069 4477850.2551 0,439673.7267 4477842.6255 0))",2486127,Verde,Línea,1
"MULTILINESTRING Z ((442094.4057 4477976.5761 0,442108.5723 4477968.6872 0))",2486159,Verde,Línea,3
"MULTILINESTRING Z ((442151.9151 4477994.5783 0,442149.7485 4477989.9672 0))",2486273,Verde,Línea,1
"MULTILINESTRING Z ((442248.8223 4477998.7427 0,442244.989 4477991.2427 0))",2486422,Verde,Línea,1
"MULTILINESTRING Z ((442527.381 4478073.9094 0,442526.9859 4478068.9547 0))",2486453,Verde,Batería,2
"MULTILINESTRING Z ((442525.916 4478056.0877 0,442525.7513 4478054.1783 0))",2486455,Verde,Batería,1
"MULTILINESTRING Z ((442524.5662 4478040.1316 0,442524.9283 4478044.4444 0))",2486457,Verde,Batería,2
"MULTILINESTRING Z ((442519.3686 4477985.9094 0,442520.8871 4478001.2057 0))",2486463,Verde,Batería,6
"MULTILINESTRING Z ((442518.8501 4477974.2983 0,442518.6279 4477971.1316 0))",2486464,Verde,Batería,1
"MULTILINESTRING Z ((442516.1382 4477944.7901 0,442515.8913 4477942.1069 0))",2486467,Verde,Batería,1
"MULTILINESTRING Z ((442515.7102 4477940.2798 0,442515.4633 4477937.5802 0))",2486468,Verde,Batería,1
"MULTILINESTRING Z ((442514.9859 4477932.6501 0,442515.3069 4477935.7613 0))",2486469,Verde,Batería,2
"MULTILINESTRING Z ((442509.0307 4477866.2011 0,442509.2807 4477869.8261 0))",2486474,Verde,Batería,1
"MULTILINESTRING Z ((441247.8928 4472617.7163 0,441249.2299 4472632.807 0))",2486555,Verde,Línea,3
"MULTILINESTRING Z ((442115.8223 4477721.4094 0,442119.239 4477727.6594 0))",2486579,Verde,Línea,1
"MULTILINESTRING Z ((442030.2811 4477578.6867 0,442034.9108 4477587.0941 0))",2486604,Verde,Línea,2
"MULTILINESTRING Z ((442128.8871 4477600.7736 0,442115.06 4477608.3045 0))",2486631,Verde,Línea,3
"MULTILINESTRING Z ((442080.5723 4477541.2427 0,442066.4057 4477548.6594 0))",2486637,Verde,Línea,3
"MULTILINESTRING Z ((441996.133 4477572.4645 0,442001.0219 4477571.5015 0))",2486638,Verde,Línea,1
"MULTILINESTRING Z ((442027.3923 4477561.3904 0,442037.5774 4477556.0571 0))",2486640,Verde,Línea,2
"MULTILINESTRING Z ((441979.3182 4477446.5015 0,441984.5404 4477448.5015 0))",2486644,Verde,Línea,1
"MULTILINESTRING Z ((441882.133 4477442.9645 0,441884.4108 4477445.9645 0,441885.6885 4477448.3534 0,441886.4663 4477450.9089 0,441887.4108 4477453.6311 0,441887.9108 4477455.1311 0,441889.5219 4477457.7423 0,441901.0219 4477471.4089 0,441908.5774 4477481.2978 0))",2486646,Azul,Línea,10
"MULTILINESTRING Z ((442410.239 4477626.6594 0,442416.9057 4477639.9094 0))",2487493,Verde,Línea,3
"MULTILINESTRING Z ((442430.2807 4477666.5761 0,442422.5307 4477651.4511 0))",2487494,Verde,Línea,4
"MULTILINESTRING Z ((442388.5851 4477246.3133 0,442398.2427 4477236.8898 0))",2487731,Verde,Línea,3
"MULTILINESTRING Z ((442829.739 4477858.3261 0,442827.6557 4477865.0761 0,442826.6557 4477867.6594 0,442825.8223 4477870.8261 0,442823.9057 4477881.5761 0))",2487983,Azul,Línea,8
"MULTILINESTRING Z ((442544.3557 4477951.4528 0,442544.0779 4477948.3417 0))",2488107,Verde,Batería,1
"MULTILINESTRING Z ((443078.9612 4477880.965 0,443059.5723 4477884.8538 0))",2488181,Verde,Línea,4
"MULTILINESTRING Z ((443102.5168 4478027.0205 0,443101.2946 4478033.1872 0))",2488187,Verde,Línea,1
"MULTILINESTRING Z ((443103.9612 4478019.6872 0,443102.7946 4478025.8538 0))",2488188,Verde,Línea,1
"MULTILINESTRING Z ((443105.6834 4478010.3538 0,443104.239 4478018.0761 0))",2488189,Verde,Línea,1
"MULTILINESTRING Z ((443107.4057 4478001.7427 0,443106.0723 4478008.5205 0))",2488190,Verde,Línea,1
"MULTILINESTRING Z ((443115.2445 4478003.5084 0,443113.4112 4478013.0084 0))",2488191,Verde,Línea,2
"MULTILINESTRING Z ((443113.189 4478014.5639 0,443112.2445 4478019.1751 0))",2488192,Verde,Línea,1
"MULTILINESTRING Z ((443111.9668 4478020.6751 0,443110.7445 4478027.0639 0))",2488193,Verde,Línea,1
"MULTILINESTRING Z ((443110.5223 4478028.2862 0,443109.2445 4478034.9528 0))",2488194,Verde,Línea,1
"MULTILINESTRING Z ((443107.9612 4478041.4094 0,443108.8501 4478036.7983 0))",2488195,Verde,Línea,1
"MULTILINESTRING Z ((442991.3557 4478058.7862 0,442993.2816 4478052.7862 0))",2488203,Verde,Línea,1
"MULTILINESTRING Z ((442608.776 4477656.9464 0,442612.3686 4477642.465 0))",2488398,Verde,Línea,3
"MULTILINESTRING Z ((442715.4057 4477752.1872 0,442716.1834 4477759.7427 0))",2488462,Verde,Batería,3
"MULTILINESTRING Z ((442714.1094 4477737.6131 0,442714.5538 4477742.2057 0))",2488463,Verde,Batería,2
"MULTILINESTRING Z ((442713.5908 4477731.6872 0,442713.9983 4477736.2427 0))",2488464,Verde,Batería,2
"MULTILINESTRING Z ((442713.0723 4477725.9094 0,442713.4797 4477730.539 0))",2488465,Verde,Batería,2
"MULTILINESTRING Z ((442711.3884 4477707.0797 0,442710.9439 4477702.4131 0))",2488469,Verde,Batería,2
"MULTILINESTRING Z ((442710.9069 4477701.0056 0,442710.4254 4477696.2279 0))",2488470,Verde,Batería,2
"MULTILINESTRING Z ((442710.9439 4477687.5242 0,442711.6106 4477684.8945 0))",2488472,Verde,Batería,1
"MULTILINESTRING Z ((442713.4624 4477677.7093 0,442714.6106 4477673.1538 0))",2488474,Verde,Batería,2
"MULTILINESTRING Z ((442715.018 4477671.6723 0,442716.2032 4477666.9316 0))",2488475,Verde,Batería,2
"MULTILINESTRING Z ((442716.5365 4477665.6353 0,442717.7217 4477660.7834 0))",2488476,Verde,Batería,2
"MULTILINESTRING Z ((442717.981 4477659.5982 0,442719.2032 4477654.7464 0))",2488477,Verde,Batería,2
"MULTILINESTRING Z ((442719.5365 4477653.4131 0,442720.7587 4477648.5612 0))",2488478,Verde,Batería,2
"MULTILINESTRING Z ((442731.1834 4477605.6872 0,442732.239 4477601.965 0))",2488482,Verde,Batería,2
"MULTILINESTRING Z ((442729.9612 4477610.9094 0,442730.9057 4477607.0205 0))",2488483,Verde,Batería,2
"MULTILINESTRING Z ((442728.5168 4477616.6316 0,442729.6834 4477612.0205 0))",2488485,Verde,Batería,2
"MULTILINESTRING Z ((442727.239 4477622.0205 0,442728.2946 4477617.465 0))",2488486,Verde,Batería,2
"MULTILINESTRING Z ((442725.8501 4477627.6316 0,442726.9612 4477623.1316 0))",2488488,Verde,Batería,2
"MULTILINESTRING Z ((442799.2402 4477707.5056 0,442806.1847 4477708.6168 0))",2488522,Verde,Línea,1
"MULTILINESTRING Z ((442607.9057 4477442.8261 0,442611.739 4477428.2427 0))",2488594,Verde,Línea,3
"MULTILINESTRING Z ((442632.739 4477180.1594 0,442641.9057 4477171.1594 0))",2488706,Verde,Línea,3
"MULTILINESTRING Z ((442875.739 4477383.9927 0,442872.5723 4477388.1594 0))",2488775,Verde,Batería,2
"MULTILINESTRING Z ((442853.989 4477414.2427 0,442857.0723 4477409.9094 0))",2488777,Verde,Batería,2
"MULTILINESTRING Z ((442849.989 4477419.9927 0,442853.1557 4477415.3261 0))",2488778,Verde,Batería,2
"MULTILINESTRING Z ((442846.0723 4477425.2427 0,442849.239 4477420.9927 0))",2488779,Verde,Batería,2
"MULTILINESTRING Z ((442830.3316 4477447.2427 0,442833.2946 4477443.1316 0))",2488881,Verde,Batería,2
"MULTILINESTRING Z ((442824.3686 4477455.502 0,442826.4427 4477452.6131 0))",2488884,Verde,Batería,1
"MULTILINESTRING Z ((442869.3501 4477322.6872 0,442881.1834 4477331.7983 0))",2488894,Azul,Línea,3
"MULTILINESTRING Z ((442812.518 4477471.8945 0,442810.0735 4477475.339 0))",2488949,Verde,Batería,2
"MULTILINESTRING Z ((442806.7402 4477480.1168 0,442803.7402 4477484.1168 0))",2488951,Verde,Batería,2
"MULTILINESTRING Z ((442803.2402 4477484.7834 0,442801.2402 4477487.6723 0))",2488952,Verde,Batería,1
"MULTILINESTRING Z ((442800.7958 4477488.2834 0,442798.0735 4477492.1168 0))",2488954,Verde,Batería,2
"MULTILINESTRING Z ((442848.4057 4477609.7427 0,442855.739 4477611.9094 0))",2488994,Verde,Línea,1
"MULTILINESTRING Z ((442779.6557 4477521.4094 0,442781.739 4477516.9927 0))",2489038,Verde,Batería,2
"MULTILINESTRING Z ((442776.989 4477526.4927 0,442779.1557 4477522.0761 0))",2489040,Verde,Batería,2
"MULTILINESTRING Z ((442775.0723 4477530.1594 0,442776.489 4477527.4927 0))",2489043,Verde,Batería,1
"MULTILINESTRING Z ((443590.3933 4476079.6131 0,443590.5415 4476078.9958 0,443593.5538 4476076.0329 0))",2489385,Verde,Línea,1
"MULTILINESTRING Z ((443004.6225 4477673.296 0,442990.8385 4477689.3627 0,442987.3266 4477693.6647 0,442980.4785 4477701.303 0,442975.2986 4477707.4488 0,442962.7437 4477722.1985 0))",2489392,Verde,Batería,25
"MULTILINESTRING Z ((439940.3659 4477759.8226 0,439943.1992 4477754.6559 0))",2489399,Verde,Línea,1
"MULTILINESTRING Z ((442764.6557 4472812.1594 0,442818.4057 4472776.8261 0))",2489412,Verde,Línea,13
"MULTILINESTRING Z ((442432.9842 4475425.5066 0,442416.8685 4475426.6429 0))",2489414,Verde,Batería,6
"MULTILINESTRING Z ((443644.8954 4477131.7969 0,443647.0682 4477133.1796 0,443651.2383 4477135.2098 0,443654.2342 4477135.8683 0,443656.857 4477136.1755 0,443659.5127 4477136.1865 0,443661.7513 4477135.989 0,443663.9022 4477135.6049 0,443667.5346 4477134.4855 0,443670.0915 4477133.3552 0,443671.7157 4477132.4773 0,443672.418 4477132.0932 0,443673.9653 4477130.9519 0,443676.3796 4477129.0205 0,443677.9489 4477127.1659 0))",2489443,Verde,Línea,8
"MULTILINESTRING Z ((443024.5735 4477758.8945 0,443028.4624 4477754.9501 0))",2489449,Verde,Línea,1
"MULTILINESTRING Z ((443019.2402 4477764.2834 0,443023.1291 4477760.339 0))",2489451,Verde,Línea,1
"MULTILINESTRING Z ((443013.7958 4477769.7834 0,443017.6847 4477765.839 0))",2489452,Verde,Línea,1
"MULTILINESTRING Z ((440208.8679 4477502.7599 0,440209.1972 4477507.4458 0))",2489467,Verde,Línea,1
"MULTILINESTRING Z ((443008.3513 4477775.1168 0,443012.2402 4477771.2279 0))",2489468,Verde,Línea,1
"MULTILINESTRING Z ((443003.1847 4477780.339 0,443007.018 4477776.3945 0))",2489473,Verde,Línea,1
"MULTILINESTRING Z ((443309.9668 4477933.8417 0,443291.9112 4477921.6195 0))",2489569,Azul,Línea,4
"MULTILINESTRING Z ((443280.489 4477726.3261 0,443273.739 4477733.3261 0))",2489593,Verde,Línea,2
"MULTILINESTRING Z ((442535.739 4476497.9094 0,442534.739 4476486.0205 0))",2489600,Verde,Línea,2
"MULTILINESTRING Z ((442628.0723 4476288.4094 0,442628.9057 4476298.9094 0))",2489612,Verde,Línea,2
"MULTILINESTRING Z ((442626.8223 4476269.9094 0,442627.5723 4476280.7427 0))",2489614,Verde,Línea,2
"MULTILINESTRING Z ((442438.4534 4476367.4722 0,442443.0188 4476367.1795 0))",2489616,Verde,Línea,1
"MULTILINESTRING Z ((442452.1958 4476366.502 0,442462.097 4476365.7119 0))",2489618,Verde,Línea,2
"MULTILINESTRING Z ((442517.3501 4476418.5205 0,442517.9057 4476427.3538 0))",2489629,Verde,Batería,3
"MULTILINESTRING Z ((442492.2946 4475951.1872 0,442493.239 4475965.6316 0))",2489670,Verde,Línea,3
"MULTILINESTRING Z ((442761.702 4475696.3538 0,442754.0353 4475696.9094 0))",2489697,Azul,Línea,1
"MULTILINESTRING Z ((442294.8223 4476607.0761 0,442294.239 4476600.1594 0))",2489705,Verde,Línea,1
"MULTILINESTRING Z ((443732.5662 4477735.8573 0,443759.0682 4477749.465 0))",2489750,Verde,Línea,6
"MULTILINESTRING Z ((443377.0106 4477688.4032 0,443376.5168 4477685.9588 0))",2489867,Verde,Batería,1
"MULTILINESTRING Z ((443371.8995 4477663.5143 0,443372.9365 4477668.4773 0))",2489874,Verde,Batería,2
"MULTILINESTRING Z ((443363.9242 4477626.0946 0,443362.8871 4477621.3538 0))",2489880,Verde,Batería,3
"MULTILINESTRING Z ((443362.4921 4477619.5226 0,443361.3563 4477614.3538 0))",2489883,Verde,Batería,3
"MULTILINESTRING Z ((443360.5332 4477610.6666 0,443360.9612 4477612.609 0))",2489885,Verde,Batería,1
"MULTILINESTRING Z ((443358.9201 4477603.3086 0,443359.3481 4477605.2345 0))",2489887,Verde,Batería,1
"MULTILINESTRING Z ((443394.1464 4477672.2798 0,443394.9365 4477676.0082 0))",2489915,Verde,Batería,2
"MULTILINESTRING Z ((443393.3316 4477668.4526 0,443393.7513 4477670.4773 0))",2489916,Verde,Batería,1
"MULTILINESTRING Z ((443392.6155 4477665.0699 0,443392.9612 4477666.6255 0))",2489918,Verde,Batería,1
"MULTILINESTRING Z ((443391.4304 4477659.3909 0,443392.2452 4477663.3168 0))",2489919,Verde,Batería,2
"MULTILINESTRING Z ((443380.5168 4477604.9464 0,443381.5538 4477609.9588 0))",2489920,Verde,Batería,2
"MULTILINESTRING Z ((443379.6279 4477600.6748 0,443380.1711 4477603.218 0))",2489921,Verde,Batería,1
"MULTILINESTRING Z ((443376.7966 4477587.144 0,443377.6361 4477591.0781 0))",2489922,Verde,Batería,2
"MULTILINESTRING Z ((443375.9132 4477582.9355 0,443376.418 4477585.3717 0))",2489923,Verde,Batería,1
"MULTILINESTRING Z ((443372.2575 4477565.3168 0,443373.9983 4477573.7983 0))",2489925,Verde,Batería,4
"MULTILINESTRING Z ((443369.518 4477552.0056 0,443368.4069 4477547.2279 0))",2489926,Verde,Batería,2
"MULTILINESTRING Z ((443368.2946 4477546.4773 0,443367.5538 4477543.0452 0))",2489927,Verde,Batería,2
"MULTILINESTRING Z ((443448.9859 4477627.9094 0,443454.3686 4477626.7489 0))",2489986,Verde,Batería,2
"MULTILINESTRING Z ((443443.9736 4477628.9876 0,443447.167 4477628.2962 0))",2489987,Verde,Batería,1
"MULTILINESTRING Z ((443436.4839 4477630.6008 0,443442.097 4477629.3991 0))",2489988,Verde,Batería,2
"MULTILINESTRING Z ((443431.5785 4477524.6748 0,443436.097 4477523.7613 0))",2490019,Verde,Batería,2
"MULTILINESTRING Z ((443423.9736 4477526.2551 0,443429.8995 4477525.0205 0))",2490021,Verde,Batería,3
"MULTILINESTRING Z ((443403.6649 4477530.502 0,443398.6649 4477531.5761 0))",2490028,Verde,Batería,2
"MULTILINESTRING Z ((443411.9983 4477528.7242 0,443404.1094 4477530.4279 0))",2490031,Verde,Batería,3
"MULTILINESTRING Z ((443331.5017 4477373.7064 0,443333.4331 4477383.0013 0))",2490205,Verde,Batería,4
"MULTILINESTRING Z ((443355.6279 4477488.3045 0,443355.9242 4477489.7613 0))",2490288,Verde,Batería,1
"MULTILINESTRING Z ((443348.7966 4477455.8683 0,443349.2465 4477457.9862 0))",2490290,Verde,Batería,1
"MULTILINESTRING Z ((443347.4468 4477449.4485 0,443347.8583 4477451.4073 0))",2490291,Verde,Batería,1
"MULTILINESTRING Z ((443853.7512 4477474.6587 0,443836.2512 4477508.492 0))",2490341,Verde,Línea,8
"MULTILINESTRING Z ((443213.989 4477253.4094 0,443223.489 4477251.8261 0))",2490466,Verde,Batería,4
"MULTILINESTRING Z ((443196.9057 4477385.7427 0,443198.3223 4477383.3261 0))",2490477,Azul,Batería,1
"MULTILINESTRING Z ((443261.9057 4477315.9094 0,443257.5723 4477322.4927 0))",2490510,Verde,Batería,3
"MULTILINESTRING Z ((443076.6625 4477373.9175 0,443080.3784 4477369.2107 0))",2490522,Verde,Batería,2
"MULTILINESTRING Z ((443106.3686 4477256.0082 0,443100.2205 4477256.3045 0))",2490575,Verde,Línea,1
"MULTILINESTRING Z ((443107.6032 4477255.9588 0,443113.0353 4477255.6625 0))",2490576,Verde,Línea,1
"MULTILINESTRING Z ((443146.8378 4477253.5143 0,443141.0847 4477253.8847 0))",2490587,Verde,Línea,1
"MULTILINESTRING Z ((443134.4674 4477254.3045 0,443139.8501 4477253.9588 0))",2490590,Verde,Línea,1
"MULTILINESTRING Z ((443127.7513 4477254.7242 0,443133.2081 4477254.3785 0))",2490597,Verde,Línea,1
"MULTILINESTRING Z ((443159.1094 4477149.218 0,443156.2699 4477147.0205 0))",2490814,Verde,Línea,1
"MULTILINESTRING Z ((443264.9118 4477227.5637 0,443267.5785 4477226.9958 0))",2490884,Verde,Batería,1
"MULTILINESTRING Z ((443261.5785 4477228.2798 0,443264.3439 4477227.6872 0))",2490886,Verde,Batería,1
"MULTILINESTRING Z ((443254.8378 4477229.7119 0,443259.702 4477228.6748 0))",2490891,Verde,Batería,2
"MULTILINESTRING Z ((443255.6773 4477241.144 0,443260.0476 4477240.2057 0))",2490928,Verde,Línea,1
"MULTILINESTRING Z ((443362.4921 4477208.8724 0,443352.3192 4477210.9711 0))",2491050,Verde,Línea,2
"MULTILINESTRING Z ((443351.0847 4477211.2427 0,443340.8871 4477213.3662 0))",2491051,Verde,Línea,2
"MULTILINESTRING Z ((443339.6649 4477213.5761 0,443329.4057 4477215.7242 0))",2491054,Verde,Línea,2
"MULTILINESTRING Z ((443320.0065 4477214.6666 0,443314.0147 4477215.9176 0))",2491114,Verde,Línea,1
"MULTILINESTRING Z ((443249.9736 4477142.6501 0,443258.8625 4477150.2551 0))",2491132,Azul,Batería,5
"MULTILINESTRING Z ((443326.953 4477103.2592 0,443329.1752 4477105.8765 0))",2491245,Verde,Batería,2
"MULTILINESTRING Z ((443290.739 4477069.3415 0,443292.5908 4477070.7736 0))",2491258,Verde,Batería,1
"MULTILINESTRING Z ((443303.6498 4477058.0411 0,443307.7651 4477061.2674 0,443311.2109 4477064.1865 0,443322.097 4477073.9314 0,443334.4537 4477086.5185 0))",2491269,Azul,Línea,9
"MULTILINESTRING Z ((443272.0723 4476948.2551 0,443278.4921 4476939.6625 0))",2491293,Verde,Batería,4
"MULTILINESTRING Z ((442907.6937 4477192.609 0,442912.5991 4477197.5802 0))",2491456,Azul,Línea,1
"MULTILINESTRING Z ((442913.5538 4477198.5514 0,442918.2205 4477203.2674 0))",2491457,Azul,Línea,1
"MULTILINESTRING Z ((442919.2822 4477204.3292 0,442924.1958 4477209.3168 0))",2491458,Azul,Línea,1
"MULTILINESTRING Z ((442925.1341 4477210.2551 0,442929.8501 4477215.0205 0))",2491459,Azul,Línea,1
"MULTILINESTRING Z ((442959.1392 4477226.3576 0,442965.8895 4477228.484 0))",2491472,Verde,Batería,3
"MULTILINESTRING Z ((442951.0725 4477222.0374 0,442953.6376 4477224.6025 0,442957.2153 4477225.7501 0))",2491477,Verde,Batería,3
"MULTILINESTRING Z ((442939.6756 4477210.4718 0,442938.1455 4477208.9192 0))",2491481,Verde,Batería,1
"MULTILINESTRING Z ((442905.4715 4477176.2633 0,442909.9489 4477180.7571 0))",2491482,Verde,Batería,3
"MULTILINESTRING Z ((442911.3316 4477182.1069 0,442914.6649 4477185.4403 0))",2491483,Verde,Batería,2
"MULTILINESTRING Z ((442934.9057 4477205.4927 0,442931.0723 4477201.8261 0))",2491484,Verde,Batería,2
"MULTILINESTRING Z ((442767.0792 4477204.4883 0,442773.6279 4477211.1872 0))",2491495,Azul,Línea,2
"MULTILINESTRING Z ((442824.5908 4477108.9711 0,442831.5538 4477116.0082 0))",2491502,Azul,Línea,2
"MULTILINESTRING Z ((442832.4427 4477116.9218 0,442839.776 4477124.3292 0))",2491503,Azul,Línea,2
"MULTILINESTRING Z ((442865.989 4477150.8261 0,442859.239 4477144.2427 0))",2491505,Azul,Línea,2
"MULTILINESTRING Z ((442824.9026 4477095.1455 0,442828.5025 4477098.768 0))",2491509,Verde,Batería,2
"MULTILINESTRING Z ((442781.2081 4477050.823 0,442777.3069 4477046.8724 0))",2491516,Verde,Batería,2
"MULTILINESTRING Z ((440757.0307 4479300.0761 0,440766.1557 4479312.3261 0))",2491582,Azul,Línea,3
"MULTILINESTRING Z ((441233.4057 4472708.4094 0,441247.9057 4472706.9094 0))",2491596,Verde,Línea,3
"MULTILINESTRING Z ((443038.1711 4476990.3538 0,443033.1588 4476985.5637 0))",2491630,Verde,Batería,3
"MULTILINESTRING Z ((443031.7513 4476984.2304 0,443028.4674 4476981.0699 0))",2491631,Verde,Batería,2
"MULTILINESTRING Z ((443025.6279 4476978.3538 0,443027.0353 4476979.7119 0))",2491632,Verde,Batería,1
"MULTILINESTRING Z ((443021.3563 4476974.2798 0,443024.2452 4476977.0452 0))",2491633,Verde,Batería,2
"MULTILINESTRING Z ((443017.2081 4476970.3045 0,443020.0229 4476972.9958 0))",2491634,Verde,Batería,2
"MULTILINESTRING Z ((443032.2205 4477212.4032 0,443032.3192 4477211.6131 0,443031.4797 4477198.8724 0))",2491638,Verde,Línea,3
"MULTILINESTRING Z ((443103.8254 4477024.4279 0,443089.1341 4477012.5514 0))",2491640,Verde,Batería,8
"MULTILINESTRING Z ((443025.5538 4476952.4444 0,443029.4386 4476955.7036 0))",2491649,Verde,Batería,2
"MULTILINESTRING Z ((443047.2109 4476921.0315 0,443048.9009 4476918.8916 0))",2491655,Verde,Batería,1
"MULTILINESTRING Z ((443162.9859 4476974.9958 0,443159.2822 4476972.2304 0))",2491676,Verde,Batería,2
"MULTILINESTRING Z ((443158.739 4476971.8353 0,443155.1341 4476969.144 0))",2491679,Verde,Batería,2
"MULTILINESTRING Z ((443162.8131 4476945.5143 0,443164.7637 4476946.9711 0))",2491942,Azul,Batería,1
"MULTILINESTRING Z ((443155.1341 4476939.7366 0,443160.8378 4476944.0329 0))",2491944,Azul,Batería,3
"MULTILINESTRING Z ((443122.6649 4476915.3168 0,443132.2946 4476922.5761 0))",2491947,Verde,Batería,5
"MULTILINESTRING Z ((443065.8748 4476872.4526 0,443068.9612 4476874.7736 0))",2491955,Azul,Batería,1
"MULTILINESTRING Z ((443059.4057 4476867.6378 0,443057.1834 4476865.9588 0))",2491962,Azul,Batería,1
"MULTILINESTRING Z ((442980.8789 4476834.9794 0,442978.0641 4476832.8559 0))",2501286,Verde,Batería,2
"MULTILINESTRING Z ((442988.6155 4476840.8065 0,442982.1958 4476835.967 0))",2501287,Verde,Batería,4
"MULTILINESTRING Z ((442993.1094 4476844.2057 0,442989.9736 4476841.8353 0))",2501289,Verde,Batería,2
"MULTILINESTRING Z ((443000.3192 4476849.6378 0,442994.5168 4476845.2674 0))",2501291,Verde,Batería,4
"MULTILINESTRING Z ((443016.2452 4476861.6378 0,443001.7267 4476850.6995 0))",2501292,Verde,Batería,8
"MULTILINESTRING Z ((443024.5415 4476867.8847 0,443017.6032 4476862.6501 0))",2501294,Verde,Batería,4
"MULTILINESTRING Z ((443751.3501 4476421.2983 0,443758.5168 4476435.9094 0))",2501315,Verde,Batería,7
"MULTILINESTRING Z ((442684.4921 4476979.2921 0,442676.7637 4476973.3662 0))",2501330,Verde,Línea,2
"MULTILINESTRING Z ((442715.1557 4477002.6594 0,442703.5723 4476993.8261 0))",2501333,Verde,Línea,3
"MULTILINESTRING Z ((442724.1557 4477009.6594 0,442715.9057 4477003.3261 0))",2501334,Verde,Línea,2
"MULTILINESTRING Z ((442717.3223 4476993.2427 0,442722.9057 4476997.4927 0))",2501336,Verde,Batería,2
"MULTILINESTRING Z ((442709.8501 4476987.3168 0,442716.5168 4476992.5761 0))",2501341,Verde,Batería,3
"MULTILINESTRING Z ((441838.2205 4479285.502 0,441837.2205 4479285.5761 0,441835.8501 4479285.502 0,441834.776 4479285.2057 0,441833.5908 4479284.502 0,441832.6279 4479283.7242 0,441831.8131 4479282.7613 0,441831.3316 4479281.7613 0,441831.0723 4479280.6131 0))",2501376,Verde,Línea,2
"MULTILINESTRING Z ((440211.4725 4479883.0035 0,440198.6557 4479889.8261 0))",2501378,Azul,Batería,6
"MULTILINESTRING Z ((442812.3414 4476495.704 0,442815.5637 4476498.9262 0))",2501379,Verde,Línea,1
"MULTILINESTRING Z ((443643.489 4475928.3261 0,443644.4057 4475925.2427 0))",2501545,Azul,Batería,1
"MULTILINESTRING Z ((442560.6896 4476950.3538 0,442572.3686 4476959.2427 0))",2501566,Verde,Línea,3
"MULTILINESTRING Z ((442574.5662 4476960.9218 0,442578.3686 4476963.8106 0))",2501567,Verde,Línea,1
"MULTILINESTRING Z ((442612.239 4476922.4927 0,442625.5723 4476932.6594 0))",2501594,Verde,Línea,3
"MULTILINESTRING Z ((442505.3398 4476829.465 0,442503.1834 4476827.8024 0))",2501624,Verde,Batería,1
"MULTILINESTRING Z ((442480.739 4476822.4094 0,442478.489 4476821.2427 0,442476.0723 4476820.8261 0,442471.4057 4476821.2427 0))",2501640,Verde,Línea,2
"MULTILINESTRING Z ((442495.1557 4476833.3261 0,442489.8223 4476829.2427 0))",2501643,Verde,Línea,1
"MULTILINESTRING Z ((442503.739 4476839.6594 0,442495.9057 4476833.8261 0))",2501644,Verde,Línea,2
"MULTILINESTRING Z ((442497.8223 4476864.3261 0,442488.489 4476876.4927 0))",2501646,Verde,Línea,3
"MULTILINESTRING Z ((442523.1464 4476921.9464 0,442510.702 4476912.4279 0))",2501656,Verde,Línea,3
"MULTILINESTRING Z ((442509.6526 4476911.6378 0,442497.6032 4476902.4279 0))",2501657,Verde,Línea,3
"MULTILINESTRING Z ((439022.6536 4475976.9562 0,439024.5131 4475973.6505 0))",2501670,Verde,Línea,1
"MULTILINESTRING Z ((438874.5131 4475658.9776 0,438864.3891 4475654.8454 0))",2501673,Verde,Línea,2
"MULTILINESTRING Z ((439190.801 4475886.617 0,439195.8225 4475876.4544 0))",2501674,Azul,Línea,2
"MULTILINESTRING Z ((439263.9759 4475572.9239 0,439258.7073 4475582.1181 0))",2501753,Verde,Línea,2
"MULTILINESTRING Z ((440809.5908 4478037.2057 0,440813.9612 4478036.8724 0))",2501789,Azul,Batería,2
"MULTILINESTRING Z ((439723.8131 4477893.6501 0,439720.9983 4477893.3538 0))",2501796,Azul,Batería,1
"MULTILINESTRING Z ((442715.3501 4476701.1316 0,442717.1557 4476689.2011 0))",2501805,Azul,Línea,2
"MULTILINESTRING Z ((442716.2205 4476707.1604 0,442716.989 4476701.9927 0))",2501807,Azul,Línea,1
"MULTILINESTRING Z ((440136.3808 4478483.6896 0,440133.1545 4478487.4426 0))",2502528,Verde,Batería,2
"MULTILINESTRING Z ((439748.6649 4478604.2304 0,439751.9983 4478607.2674 0))",2502572,Verde,Línea,1
"MULTILINESTRING Z ((439783.4057 4478539.8538 0,439795.9612 4478550.8538 0,439801.4612 4478550.5761 0))",2502573,Verde,Línea,4
"MULTILINESTRING Z ((439757.3438 4478459.0846 0,439754.3068 4478472.5661 0))",2502588,Verde,Línea,3
"MULTILINESTRING Z ((439764.489 4478406.8261 0,439773.9057 4478385.4927 0))",2502593,Verde,Línea,5
"MULTILINESTRING Z ((439673.0353 4478535.3415 0,439676.1217 4478538.181 0))",2502641,Verde,Línea,1
"MULTILINESTRING Z ((439699.9242 4478420.9218 0,439698.9365 4478417.9588 0,439696.9859 4478413.4156 0))",2502650,Verde,Línea,1
"MULTILINESTRING Z ((440033.739 4478621.9835 0,440024.5168 4478632.8724 0))",2502662,Verde,Línea,3
"MULTILINESTRING Z ((440023.9612 4478633.502 0,440020.9242 4478637.0946 0))",2502663,Verde,Línea,1
"MULTILINESTRING Z ((440117.2411 4478614.3703 0,440121.9324 4478614.0246 0))",2502689,Verde,Línea,1
"MULTILINESTRING Z ((440126.0147 4478544.0329 0,440132.1053 4478551.0617 0))",2502690,Verde,Línea,2
"MULTILINESTRING Z ((440054.2205 4478463.8353 0,440065.6279 4478477.0576 0))",2502700,Verde,Línea,3
"MULTILINESTRING Z ((439968.6525 4478566.1615 0,439970.3748 4478536.9948 0,439970.7637 4478529.9948 0))",2502702,Verde,Línea,7
"MULTILINESTRING Z ((440098.0312 4478408.7407 0,440143.1999 4478370.0576 0))",2502703,Verde,Línea,12
"MULTILINESTRING Z ((440092.1491 4478331.5116 0,440097.8666 4478326.8367 0))",2502704,Verde,Línea,1
"MULTILINESTRING Z ((440021.2328 4478408.4526 0,440035.3316 4478424.8971 0))",2502708,Verde,Línea,4
"MULTILINESTRING Z ((440119.8131 4478294.3538 0,440105.2946 4478296.4279 0))",2502711,Verde,Línea,3
"MULTILINESTRING Z ((440273.3501 4478410.6316 0,440245.3501 4478416.0205 0))",2502730,Verde,Línea,6
"MULTILINESTRING Z ((440308.8562 4478397.0504 0,440291.4118 4478400.5319 0))",2502733,Verde,Línea,3
"MULTILINESTRING Z ((440270.1793 4478334.288 0,440266.7884 4478308.4773 0))",2502769,Azul,Línea,5
"MULTILINESTRING Z ((440208.2597 4478327.6602 0,440207.7087 4478323.9565 0))",2502774,Verde,Línea,1
"MULTILINESTRING Z ((440319.7267 4478267.8847 0,440342.2122 4478266.0576 0))",2502797,Azul,Línea,5
"MULTILINESTRING Z ((440353.702 4478267.1193 0,440365.3223 4478266.1594 0))",2502815,Azul,Línea,2
"MULTILINESTRING Z ((442361.0723 4472642.4927 0,442365.6557 4472649.2427 0))",2502844,Verde,Batería,3
"MULTILINESTRING Z ((439847.1586 4478258.0476 0,439868.0845 4478270.455 0))",2502857,Verde,Línea,5
"MULTILINESTRING Z ((439863.6711 4478328.5319 0,439877.7822 4478335.3837 0))",2502862,Verde,Línea,3
"MULTILINESTRING Z ((439725.6481 4478248.2698 0,439723.6481 4478253.1032 0))",2502865,Verde,Línea,1
"MULTILINESTRING Z ((439776.4303 4478294.5504 0,439766.2037 4478289.7143 0))",2502885,Verde,Línea,2
"MULTILINESTRING Z ((439709.0723 4478269.6131 0,439702.2575 4478283.1687 0))",2502886,Verde,Línea,3
"MULTILINESTRING Z ((439690.1279 4478307.1316 0,439684.239 4478319.1872 0))",2502887,Verde,Línea,2
"MULTILINESTRING Z ((439599.8623 4478339.8624 0,439608.6771 4478322.5661 0))",2502890,Verde,Línea,4
"MULTILINESTRING Z ((439601.5538 4478287.8189 0,439603.5785 4478283.0617 0))",2502892,Verde,Línea,1
"MULTILINESTRING Z ((440342.1711 4478202.1563 0,440356.5415 4478201.6378 0))",2502903,Verde,Línea,2
"MULTILINESTRING Z ((440308.0723 4478204.8724 0,440341.6197 4478203.6213 0))",2502906,Verde,Línea,7
"MULTILINESTRING Z ((440205.3563 4478208.7571 0,440212.7966 4478208.4608 0))",2502954,Verde,Línea,1
"MULTILINESTRING Z ((440223.6279 4478208.0164 0,440229.0435 4478207.8024 0))",2502955,Verde,Línea,1
"MULTILINESTRING Z ((440062.7643 4478206.9889 0,440093.3734 4478206.6012 0))",2502975,Verde,Línea,6
"MULTILINESTRING Z ((439934.6402 4478138.181 0,439950.3686 4478137.8106 0))",2502999,Verde,Línea,3
"MULTILINESTRING Z ((439972.5168 4478209.0761 0,439978.5723 4478209.0761 0))",2503005,Verde,Línea,1
"MULTILINESTRING Z ((439989.4259 4478235.2143 0,440001.7592 4478219.2698 0,440001.9814 4478217.2143 0,440001.8148 4478216.3254 0))",2503011,Verde,Batería,10
"MULTILINESTRING Z ((440003.4259 4478232.8254 0,439995.037 4478241.7143 0))",2503013,Verde,Línea,2
"MULTILINESTRING Z ((439969.8703 4478271.6587 0,439978.1481 4478262.7698 0))",2503021,Verde,Línea,2
"MULTILINESTRING Z ((439976.9259 4478260.992 0,439980.537 4478257.2143 0))",2503026,Verde,Línea,1
"MULTILINESTRING Z ((439909.8188 4477969.8306 0,439904.3059 4477951.4075 0))",2503064,Verde,Línea,4
"MULTILINESTRING Z ((439836.6649 4477980.502 0,439835.9242 4477984.9094 0))",2503079,Verde,Línea,1
"MULTILINESTRING Z ((439815.3316 4477897.1687 0,439824.1094 4477894.0576 0))",2503082,Verde,Línea,2
"MULTILINESTRING Z ((439731.5168 4478048.2427 0,439773.8501 4477959.3538 0))",2503083,Verde,Línea,20
"MULTILINESTRING Z ((439800.2699 4477994.5761 0,439804.5168 4477992.1563 0))",2503084,Verde,Línea,1
"MULTILINESTRING Z ((439826.4756 4477971.8518 0,439831.9571 4477968.7242 0))",2503096,Verde,Línea,1
"MULTILINESTRING Z ((439799.8748 4478117.7777 0,439801.1423 4478132.181 0))",2503099,Verde,Línea,3
"MULTILINESTRING Z ((440011.3563 4477834.0576 0,440010.5662 4477826.7736 0))",2503130,Verde,Línea,1
"MULTILINESTRING Z ((440142.0005 4477849.7941 0,440142.3971 4477855.1981 0))",2503141,Verde,Línea,1
"MULTILINESTRING Z ((440132.4345 4477816.8559 0,440132.9064 4477823.55 0))",2503142,Verde,Línea,1
"MULTILINESTRING Z ((440134.2699 4477842.7242 0,440134.739 4477849.5884 0))",2503144,Verde,Línea,1
"MULTILINESTRING Z ((440170.9365 4477848.7242 0,440169.455 4477854.4773 0))",2503145,Verde,Línea,1
"MULTILINESTRING Z ((440168.9057 4477856.0761 0,440167.5723 4477861.465 0))",2503146,Verde,Línea,1
"MULTILINESTRING Z ((440164.0723 4477875.0205 0,440165.4057 4477869.6316 0))",2503150,Verde,Línea,1
"MULTILINESTRING Z ((440162.4612 4477881.1316 0,440163.6834 4477876.2427 0))",2503162,Verde,Línea,1
"MULTILINESTRING Z ((440035.4057 4478051.4094 0,440030.8223 4478029.1594 0))",2503219,Verde,Línea,4
"MULTILINESTRING Z ((440123.0723 4478024.5761 0,440037.0168 4478002.4094 0,440034.9612 4478001.2983 0))",2503220,Verde,Línea,19
"MULTILINESTRING Z ((440112.9057 4478014.7427 0,440124.9057 4478017.7427 0))",2503221,Verde,Línea,2
"MULTILINESTRING Z ((440011.5723 4477889.8538 0,440016.4612 4477927.5761 0))",2503249,Verde,Línea,7
"MULTILINESTRING Z ((440294.2037 4477886.5476 0,440298.9259 4477886.1032 0))",2503252,Verde,Línea,1
"MULTILINESTRING Z ((440287.5926 4477887.3254 0,440292.3703 4477886.7143 0))",2503253,Verde,Línea,1
"MULTILINESTRING Z ((442282.4008 4476573.7924 0,442281.9841 4476569.2924 0))",2503263,Verde,Línea,1
"MULTILINESTRING Z ((443476.7206 4475806.8502 0,443486.4706 4475808.1835 0))",2503272,Verde,Línea,2
"MULTILINESTRING Z ((443496.8039 4475809.6835 0,443547.8881 4475817.261 0))",2503273,Verde,Línea,11
"MULTILINESTRING Z ((440279.6296 4477888.3069 0,440273.4444 4477888.9365 0))",2503276,Verde,Línea,1
"MULTILINESTRING Z ((440266.4427 4477889.6872 0,440271.8007 4477889.0946 0))",2503278,Verde,Línea,1
"MULTILINESTRING Z ((440264.739 4477889.86 0,440259.5785 4477890.4279 0))",2503279,Verde,Línea,1
"MULTILINESTRING Z ((440251.6032 4477891.2921 0,440257.2328 4477890.6748 0))",2503280,Verde,Línea,1
"MULTILINESTRING Z ((440233.2575 4477893.6131 0,440227.702 4477894.2057 0))",2503286,Verde,Línea,1
"MULTILINESTRING Z ((440226.4444 4477894.3439 0,440221.1481 4477894.8624 0))",2503287,Verde,Línea,1
"MULTILINESTRING Z ((440939.9406 4480384.4773 0,440930.5085 4480388.6584 0,440929.2904 4480389.2674 0,440912.7637 4480397.6296 0,440910.7719 4480399.0617 0,440909.2904 4480400.3292 0,440907.8419 4480401.7777 0,440905.8995 4480403.9999 0,440904.6814 4480405.646 0,440903.6443 4480407.4403 0,440902.2616 4480410.2222 0,440901.5867 4480411.7366 0,440900.8131 4480414.2222 0))",2503288,Verde,Línea,11
"MULTILINESTRING Z ((440201.9259 4477896.9735 0,440196.3703 4477897.6402 0))",2503289,Verde,Línea,1
"MULTILINESTRING Z ((440189.1341 4477898.5267 0,440194.4674 4477897.9094 0))",2503291,Verde,Línea,1
"MULTILINESTRING Z ((440058.1834 4478606.9464 0,440066.776 4478596.9464 0))",2503292,Verde,Línea,2
"MULTILINESTRING Z ((440682.1217 4480750.5761 0,440694.4674 4480743.8847 0))",2503294,Verde,Línea,3
"MULTILINESTRING Z ((440826.5668 4481832.1129 0,440815.5668 4481851.4462 0))",2503299,Verde,Batería,9
"MULTILINESTRING Z ((439374.0353 4480631.7613 0,439403.1094 4480639.465 0))",2503300,Verde,Línea,6
"MULTILINESTRING Z ((440314.5538 4477946.7242 0,440319.5908 4477946.0576 0))",2503302,Azul,Línea,1
"MULTILINESTRING Z ((440307.739 4477947.6131 0,440313.1834 4477946.9094 0))",2503303,Azul,Línea,1
"MULTILINESTRING Z ((440306.776 4477947.7242 0,440300.6279 4477948.539 0))",2503304,Azul,Línea,1
"MULTILINESTRING Z ((440299.1852 4477948.7513 0,440293.6296 4477949.418 0))",2503305,Azul,Línea,1
"MULTILINESTRING Z ((440292.5555 4477949.6032 0,440286.6296 4477950.455 0))",2503307,Azul,Línea,1
"MULTILINESTRING Z ((439775.0723 4478153.2057 0,439788.776 4478160.3538 0))",2503308,Azul,Línea,3
"MULTILINESTRING Z ((440268.074 4477952.7883 0,440262.8518 4477953.455 0))",2503310,Azul,Línea,1
"MULTILINESTRING Z ((440261.1481 4477953.6772 0,440256.1111 4477954.3069 0))",2503312,Azul,Línea,1
"MULTILINESTRING Z ((440241.4444 4477956.1587 0,440235.7777 4477956.8624 0))",2503313,Azul,Línea,1
"MULTILINESTRING Z ((440234.3703 4477957.0106 0,440228.6296 4477957.7513 0))",2503314,Azul,Línea,1
"MULTILINESTRING Z ((440207.2222 4477960.3809 0,440201.5555 4477961.1217 0))",2503315,Azul,Línea,1
"MULTILINESTRING Z ((440200.5926 4477961.2328 0,440194.7037 4477962.0846 0))",2503316,Azul,Línea,1
"MULTILINESTRING Z ((439965.4057 4479338.4094 0,439967.739 4479342.3261 0))",2503317,Verde,Línea,1
"MULTILINESTRING Z ((440013.9736 4479386.4773 0,440019.3563 4479395.1193 0))",2503318,Verde,Línea,2
"MULTILINESTRING Z ((439995.0353 4479355.9835 0,440000.2699 4479364.4032 0))",2503320,Verde,Línea,2
"MULTILINESTRING Z ((440178.1481 4477964.4365 0,440172.6481 4477965.3254 0))",2503332,Azul,Línea,1
"MULTILINESTRING Z ((440171.9259 4477965.3254 0,440166.2037 4477966.2698 0))",2503339,Azul,Línea,1
"MULTILINESTRING Z ((440265.3148 4478046.3254 0,440266.037 4478051.8809 0))",2503367,Verde,Línea,1
"MULTILINESTRING Z ((440266.2037 4478053.2698 0,440266.9814 4478058.9365 0))",2503370,Verde,Línea,1
"MULTILINESTRING Z ((440267.0926 4478060.0476 0,440267.8703 4478064.7698 0))",2503372,Verde,Línea,1
"MULTILINESTRING Z ((440308.6279 4478068.4279 0,440314.2946 4478067.7242 0))",2503380,Azul,Línea,1
"MULTILINESTRING Z ((440301.9612 4478069.3168 0,440306.9612 4478068.6501 0))",2503381,Azul,Línea,1
"MULTILINESTRING Z ((440291.5926 4478070.6587 0,440286.037 4478071.3809 0))",2503382,Azul,Línea,1
"MULTILINESTRING Z ((440284.5926 4478071.5476 0,440278.8148 4478072.3254 0))",2503383,Azul,Línea,1
"MULTILINESTRING Z ((440271.7037 4478073.2143 0,440277.537 4478072.492 0))",2503384,Azul,Línea,1
"MULTILINESTRING Z ((440244.5552 4478076.7736 0,440239.9461 4478077.3113 0))",2503386,Azul,Línea,1
"MULTILINESTRING Z ((440238.4317 4478077.3991 0,440233.9434 4478077.454 0))",2503387,Azul,Línea,1
"MULTILINESTRING Z ((440228.4345 4478077.5089 0,440232.5387 4478077.465 0))",2503388,Azul,Línea,1
"MULTILINESTRING Z ((440227.1279 4478077.465 0,440222.5168 4478077.6872 0))",2503389,Azul,Línea,1
"MULTILINESTRING Z ((440218.108 4478077.6186 0,440222.5415 4478077.5747 0))",2503390,Azul,Línea,1
"MULTILINESTRING Z ((440167.8419 4478078.8641 0,440172.5497 4478078.7983 0))",2503410,Azul,Línea,1
"MULTILINESTRING Z ((440161.455 4478078.93 0,440166.311 4478078.8806 0))",2503411,Azul,Línea,1
"MULTILINESTRING Z ((440155.4139 4478079.0123 0,440160.0394 4478078.9464 0))",2503412,Azul,Línea,1
"MULTILINESTRING Z ((440149.1423 4478079.0946 0,440154.0147 4478079.0287 0))",2503413,Azul,Línea,1
"MULTILINESTRING Z ((440143.1999 4478079.1604 0,440147.776 4478079.1111 0))",2503415,Azul,Línea,1
"MULTILINESTRING Z ((440137.5044 4478079.2263 0,440141.7678 4478079.1769 0))",2503416,Azul,Línea,1
"MULTILINESTRING Z ((440122.6834 4478081.4094 0,440137.5168 4478081.1872 0))",2503417,Azul,Línea,2
"MULTILINESTRING Z ((440268.6402 4478079.7859 0,440269.2822 4478084.8477 0))",2503419,Verde,Línea,1
"MULTILINESTRING Z ((440269.537 4478086.7143 0,440270.2592 4478092.3254 0))",2503421,Verde,Línea,1
"MULTILINESTRING Z ((440274.537 4478125.8809 0,440275.2037 4478131.4365 0))",2503431,Verde,Línea,1
"MULTILINESTRING Z ((440276.2592 4478139.3254 0,440275.537 4478133.6587 0))",2503434,Verde,Línea,1
"MULTILINESTRING Z ((439936.4057 4477766.7427 0,439932.9612 4477772.0761 0))",2503449,Verde,Línea,1
"MULTILINESTRING Z ((440042.7143 4477746.0822 0,440060.8378 4477746.181 0))",2503460,Verde,Línea,3
"MULTILINESTRING Z ((440097.7459 4477746.3703 0,440123.6553 4477746.491 0))",2503461,Verde,Línea,5
"MULTILINESTRING Z ((440125.7843 4477691.6543 0,440125.9818 4477700.3127 0))",2503467,Verde,Línea,1
"MULTILINESTRING Z ((440127.5044 4477756.6995 0,440128.1958 4477771.86 0))",2503469,Verde,Línea,3
"MULTILINESTRING Z ((440060.5223 4477784.2194 0,440070.0915 4477783.4951 0))",2503470,Azul,Línea,2
"MULTILINESTRING Z ((440011.0847 4477814.1728 0,440009.2081 4477792.5761 0))",2503472,Azul,Línea,4
"MULTILINESTRING Z ((440009.1464 4477791.2427 0,440009.1094 4477790.3909 0,440009.3686 4477789.4279 0,440016.2205 4477766.539 0))",2503474,Verde,Línea,5
"MULTILINESTRING Z ((440133.9324 4477748.1645 0,440134.097 4477752.6255 0))",2503476,Verde,Línea,1
"MULTILINESTRING Z ((443230.1695 4475861.2754 0,443254.1695 4475864.8309 0))",2503483,Verde,Batería,8
"MULTILINESTRING Z ((443257.6695 4475865.2754 0,443272.4473 4475867.3865 0))",2503484,Verde,Batería,4
"MULTILINESTRING Z ((443258.4427 4475856.3538 0,443273.8871 4475858.5761 0))",2503486,Verde,Línea,3
"MULTILINESTRING Z ((443123.1475 4475644.9671 0,443123.089 4475640.8114 0))",2503492,Verde,Línea,1
"MULTILINESTRING Z ((443122.3501 4475616.6872 0,443122.9612 4475635.7983 0))",2503493,Verde,Línea,4
"MULTILINESTRING Z ((443748.1464 4477052.8724 0,443753.8131 4477056.0576 0,443767.4797 4477063.5761 0,443771.6649 4477065.7613 0,443796.4057 4477079.4279 0,443826.6279 4477095.8353 0,443846.0353 4477106.502 0))",2503518,Verde,Línea,24
"MULTILINESTRING Z ((443846.239 4477106.5761 0,443869.5723 4477119.4094 0))",2503520,Verde,Línea,6
"MULTILINESTRING Z ((442522.1279 4476321.0205 0,442521.1279 4476305.7427 0))",2503599,Verde,Línea,3
"MULTILINESTRING Z ((443152.6417 4475798.7754 0,443163.475 4475800.2754 0))",2503633,Verde,Batería,4
"MULTILINESTRING Z ((442596.8871 4475712.6872 0,442597.1094 4475715.502 0))",2503744,Verde,Batería,1
"MULTILINESTRING Z ((440733.4057 4480347.0946 0,440728.5908 4480351.7613 0))",2503753,Azul,Línea,1
"MULTILINESTRING Z ((440652.3933 4480365.3415 0,440656.1958 4480361.6872 0))",2503762,Verde,Línea,1
"MULTILINESTRING Z ((440640.8625 4480376.4032 0,440644.3439 4480373.0452 0))",2503773,Verde,Línea,1
"MULTILINESTRING Z ((440629.9983 4480386.9218 0,440633.4057 4480383.6378 0))",2503775,Verde,Línea,1
"MULTILINESTRING Z ((440629.097 4480376.9379 0,440639.8843 4480366.6386 0))",2503776,Verde,Línea,3
"MULTILINESTRING Z ((440681.9352 4480321.1666 0,440671.8771 4480308.4759 0))",2503777,Verde,Línea,3
"MULTILINESTRING Z ((440665.071 4480299.9134 0,440667.9997 4480303.6231 0))",2503778,Verde,Línea,1
"MULTILINESTRING Z ((440692.9936 4480251.8796 0,440689.7159 4480255.0463 0))",2503779,Verde,Línea,1
"MULTILINESTRING Z ((440663.6279 4480279.965 0,440684.4612 4480260.0205 0))",2503781,Verde,Línea,6
"MULTILINESTRING Z ((440616.2758 4480322.4379 0,440612.6091 4480325.8824 0))",2503782,Verde,Línea,1
"MULTILINESTRING Z ((440614.4427 4480244.0987 0,440605.7843 4480250.3374 0))",2503787,Verde,Línea,2
"MULTILINESTRING Z ((440596.3697 4480213.8286 0,440604.2128 4480223.9545 0))",2503795,Verde,Línea,2
"MULTILINESTRING Z ((440683.0024 4480922.2551 0,440723.5291 4480932.0329 0))",2503796,Azul,Batería,15
"MULTILINESTRING Z ((440652.8625 4480175.0287 0,440663.6773 4480186.4197 0))",2503800,Verde,Línea,3
"MULTILINESTRING Z ((440553.327 4480234.4907 0,440567.1603 4480224.4351 0))",2503806,Verde,Línea,3
"MULTILINESTRING Z ((440873.4549 4480208.5661 0,440865.1586 4480216.5291 0))",2503811,Verde,Línea,2
"MULTILINESTRING Z ((441050.5723 4476062.0761 0,441049.1557 4476045.9094 0))",2503823,Azul,Línea,3
"MULTILINESTRING Z ((440724.2205 4480243.0205 0,440721.4797 4480240.1316 0))",2503861,Verde,Línea,1
"MULTILINESTRING Z ((440756.9118 4480038.9464 0,440768.5415 4480051.3168 0))",2503913,Verde,Línea,3
"MULTILINESTRING Z ((440764.4936 4480117.6018 0,440750.0122 4480102.1203 0))",2503917,Verde,Línea,4
"MULTILINESTRING Z ((440979.946 4480417.787 0,440974.4576 4480406.1044 0))",2503962,Verde,Línea,2
"MULTILINESTRING Z ((440964.4509 4480384.8065 0,440970.2452 4480397.1687 0))",2503963,Verde,Línea,2
"MULTILINESTRING Z ((440907.1176 4480440.7023 0,440908.6649 4480442.4691 0,440910.4317 4480444.0383 0,440913.4386 4480446.0905 0))",2503964,Verde,Línea,2
"MULTILINESTRING Z ((440785.9326 4480426.1133 0,440813.3951 4480399.8269 0))",2503968,Verde,Línea,7
"MULTILINESTRING Z ((440847.4386 4480379.2893 0,440842.8518 4480384.0329 0,440841.5189 4480385.1698 0,440824.2302 4480401.8704 0,440823.7205 4480402.2624 0))",2503969,Verde,Línea,7
"MULTILINESTRING Z ((440806.6896 4480418.7736 0,440821.0847 4480404.8724 0))",2503970,Verde,Línea,5
"MULTILINESTRING Z ((440998.2202 4480324.7157 0,440996.498 4480321.4379 0))",2503972,Verde,Línea,1
"MULTILINESTRING Z ((440871.4612 4480345.0205 0,440865.739 4480350.8538 0))",2503973,Verde,Línea,2
"MULTILINESTRING Z ((440808.4919 4480336.9735 0,440839.1586 4480307.455 0))",2503987,Verde,Línea,8
"MULTILINESTRING Z ((440927.776 4480170.6131 0,440930.776 4480167.6501 0,440931.0353 4480167.539 0))",2504008,Verde,Línea,1
"MULTILINESTRING Z ((440883.8748 4480087.4403 0,440894.5662 4480098.6748 0))",2504067,Verde,Línea,3
"MULTILINESTRING Z ((441132.3804 4473609.0804 0,441132.5607 4473618.7535 0))",2504080,Verde,Línea,3
"MULTILINESTRING Z ((440984.2902 4473636.6216 0,441012.0402 4473629.8716 0))",2504082,Verde,Línea,6
"MULTILINESTRING Z ((440821.4427 4479955.9094 0,440830.5908 4479965.5761 0))",2504090,Verde,Línea,2
"MULTILINESTRING Z ((440856.1217 4479992.5102 0,440866.6073 4480003.572 0,440870.1958 4480007.4897 0))",2504094,Verde,Línea,4
"MULTILINESTRING Z ((440931.4057 4480077.9094 0,440894.9057 4480038.9094 0))",2504098,Verde,Línea,11
"MULTILINESTRING Z ((440745.6279 4474497.2427 0,440735.6834 4474500.3538 0))",2504106,Verde,Línea,2
"MULTILINESTRING Z ((440966.0312 4480064.1481 0,440975.2987 4480055.1604 0))",2504107,Verde,Línea,3
"MULTILINESTRING Z ((441124.0216 4474131.8656 0,441103.5926 4474124.4885 0))",2504109,Verde,Batería,9
"MULTILINESTRING Z ((440901.2714 4480035.324 0,440898.0492 4480032.0463 0))",2504111,Verde,Línea,1
"MULTILINESTRING Z ((441017.6353 4474008.0764 0,440997.6489 4473993.1598 0))",2504114,Verde,Línea,4
"MULTILINESTRING Z ((440906.2196 4473769.1277 0,440932.5085 4473773.6227 0))",2504127,Verde,Línea,5
"MULTILINESTRING Z ((441108.6289 4473954.2077 0,441113.2956 4473939.541 0))",2504136,Verde,Línea,3
"MULTILINESTRING Z ((440581.489 4474153.9927 0,440583.489 4474123.5761 0))",2504137,Verde,Línea,6
"MULTILINESTRING Z ((440584.4057 4474109.5761 0,440585.2807 4474098.7011 0))",2504138,Verde,Línea,2
"MULTILINESTRING Z ((440586.2612 4474082.2467 0,440585.1909 4474097.9959 0))",2504139,Verde,Línea,3
"MULTILINESTRING Z ((441046.0723 4473659.1594 0,441041.739 4473629.9094 0))",2504140,Verde,Línea,5
"MULTILINESTRING Z ((440990.5908 4480049.8724 0,441004.9612 4480064.8724 0))",2504145,Verde,Línea,4
"MULTILINESTRING Z ((440922.9118 4479989.8106 0,440926.3192 4479993.4156 0))",2504153,Verde,Línea,1
"MULTILINESTRING Z ((440857.0353 4479917.539 0,440862.0723 4479922.8353 0))",2504157,Verde,Línea,1
"MULTILINESTRING Z ((440861.1047 4479903.7685 0,440867.5492 4479894.1018 0,440872.7159 4479887.2129 0,440878.9936 4479879.3796 0))",2504161,Azul,Línea,6
"MULTILINESTRING Z ((440888.6649 4479877.7242 0,440903.0723 4479893.3909 0))",2504162,Verde,Línea,4
"MULTILINESTRING Z ((440950.0168 4479945.3538 0,440936.739 4479930.7983 0))",2504164,Verde,Línea,4
"MULTILINESTRING Z ((441017.3316 4480004.7983 0,441029.0353 4479993.8724 0))",2504183,Verde,Línea,3
"MULTILINESTRING Z ((441023.739 4480067.2798 0,441050.4797 4480041.6131 0))",2504184,Verde,Línea,8
"MULTILINESTRING Z ((441066.5168 4480025.965 0,441050.6279 4480041.5761 0))",2504185,Verde,Línea,5
"MULTILINESTRING Z ((441078.6339 4480014.7648 0,441078.8456 4480014.6801 0,441083.2502 4480010.6991 0))",2504190,Verde,Línea,1
"MULTILINESTRING Z ((441078.3192 4479960.3045 0,441062.9859 4479973.1934 0))",2504193,Verde,Línea,4
"MULTILINESTRING Z ((440956.4797 4479941.502 0,440962.0723 4479936.539 0))",2504209,Verde,Línea,1
"MULTILINESTRING Z ((440912.4936 4479884.824 0,440905.3825 4479876.8796 0))",2504211,Verde,Batería,4
"MULTILINESTRING Z ((441010.9612 4479893.0205 0,440990.9057 4479910.6316 0))",2504213,Verde,Línea,5
"MULTILINESTRING Z ((441023.0597 4479882.0171 0,441016.3872 4479887.5775 0))",2504214,Verde,Línea,2
"MULTILINESTRING Z ((441065.767 4479650.2379 0,441092.1003 4479662.3213 0))",2504219,Verde,Línea,5
"MULTILINESTRING Z ((441121.3781 4479673.3213 0,441093.267 4479660.8213 0))",2504220,Verde,Línea,7
"MULTILINESTRING Z ((441074.6559 4479703.0435 0,441073.1559 4479699.2657 0))",2504225,Verde,Línea,1
"MULTILINESTRING Z ((441054.6649 4479695.0946 0,441038.4427 4479701.9464 0))",2504233,Verde,Línea,3
"MULTILINESTRING Z ((440981.267 4479756.7657 0,440986.2115 4479767.6546 0))",2504235,Verde,Línea,2
"MULTILINESTRING Z ((441120.8295 4479835.4238 0,441100.1382 4479845.6625 0))",2504242,Verde,Línea,4
"MULTILINESTRING Z ((441196.1586 4479828.0846 0,441205.529 4479827.4179 0))",2504262,Verde,Línea,2
"MULTILINESTRING Z ((441224.9936 4479842.1574 0,441221.0492 4479833.9907 0))",2504267,Verde,Línea,2
"MULTILINESTRING Z ((441214.2946 4479899.7119 0,441210.9118 4479891.6131 0))",2504275,Verde,Línea,1
"MULTILINESTRING Z ((443767.6834 4475345.1829 0,443768.8501 4475350.2384 0))",2504278,Verde,Línea,1
"MULTILINESTRING Z ((441140.2159 4479877.9907 0,441128.327 4479883.7685 0))",2504288,Verde,Línea,2
"MULTILINESTRING Z ((441101.1047 4479897.1018 0,441124.5492 4479885.7129 0))",2504289,Verde,Línea,5
"MULTILINESTRING Z ((441149.9337 4479644.0435 0,441147.9337 4479648.5435 0))",2504293,Azul,Línea,1
"MULTILINESTRING Z ((441144.2369 4479661.3333 0,441141.2904 4479667.9012 0))",2504294,Azul,Línea,2
"MULTILINESTRING Z ((441245.739 4479702.8538 0,441243.239 4479707.5761 0))",2504304,Azul,Línea,1
"MULTILINESTRING Z ((441335.9057 4479675.5761 0,441337.6279 4479668.3538 0))",2504307,Azul,Batería,3
"MULTILINESTRING Z ((441347.1588 4479719.6625 0,441347.702 4479717.1687 0,441354.418 4479690.6995 0))",2504309,Azul,Batería,13
"MULTILINESTRING Z ((441307.739 4479810.5761 0,441309.8871 4479800.6131 0))",2504310,Azul,Línea,2
"MULTILINESTRING Z ((441281.6032 4479727.8683 0,441285.6197 4479729.0205 0))",2504312,Verde,Línea,1
"MULTILINESTRING Z ((440963.0847 4480198.6063 0,440966.0806 4480195.7969 0))",2504316,Azul,Línea,1
"MULTILINESTRING Z ((441023.6418 4480270.1944 0,441026.2714 4480267.6389 0))",2504319,Verde,Línea,1
"MULTILINESTRING Z ((441149.1233 4480128.787 0,441151.4566 4480126.4907 0))",2504321,Verde,Línea,1
"MULTILINESTRING Z ((441003.0353 4480149.6501 0,441025.9242 4480127.539 0))",2504328,Azul,Línea,6
"MULTILINESTRING Z ((441080.6402 4480074.6501 0,441087.5291 4480068.0082 0))",2504331,Azul,Línea,2
"MULTILINESTRING Z ((441142.8081 4480094.3523 0,441153.0997 4480085.0772 0))",2504340,Verde,Línea,3
"MULTILINESTRING Z ((441206.8825 4480015.7129 0,441194.827 4479992.1574 0))",2504342,Verde,Batería,9
"MULTILINESTRING Z ((441115.2513 4480052.1071 0,441115.7946 4480051.5352 0,441125.8887 4480042.4706 0))",2504354,Verde,Línea,3
"MULTILINESTRING Z ((441110.9381 4480046.2129 0,441100.327 4480056.1018 0))",2504355,Verde,Línea,3
"MULTILINESTRING Z ((441007.998 4480299.6046 0,441005.2202 4480302.3268 0))",2504366,Verde,Línea,1
"MULTILINESTRING Z ((441025.3563 4480346.3868 0,441029.8007 4480344.3292 0))",2504371,Verde,Línea,1
"MULTILINESTRING Z ((441163.6834 4480506.965 0,441159.7946 4480508.7983 0))",2504423,Verde,Línea,1
"MULTILINESTRING Z ((441315.739 4480212.4094 0,441323.4057 4480228.6872 0))",2504437,Verde,Línea,3
"MULTILINESTRING Z ((441344.2699 4480187.5884 0,441354.6896 4480182.6255 0))",2504446,Verde,Línea,2
"MULTILINESTRING Z ((441292.7159 4480164.4351 0,441298.1603 4480175.8796 0))",2504450,Verde,Línea,2
"MULTILINESTRING Z ((441334.5492 4480096.6574 0,441340.9936 4480093.7685 0))",2504452,Verde,Línea,1
"MULTILINESTRING Z ((441309.4381 4480034.9907 0,441303.2159 4480037.3796 0))",2504458,Verde,Línea,1
"MULTILINESTRING Z ((441255.4931 4480085.788 0,441257.4412 4480089.8961 0))",2504465,Verde,Línea,1
"MULTILINESTRING Z ((441178.5908 4480129.9094 0,441180.5662 4480134.0329 0))",2504475,Verde,Línea,1
"MULTILINESTRING Z ((441220.2205 4480192.7242 0,441228.8871 4480188.6131 0))",2504489,Verde,Línea,2
"MULTILINESTRING Z ((441263.166 4480226.0894 0,441256.0124 4480229.4451 0))",2504495,Verde,Línea,1
"MULTILINESTRING Z ((441121.739 4480170.1316 0,441128.5723 4480163.3538 0))",2504506,Verde,Línea,2
"MULTILINESTRING Z ((441127.7946 4480194.6872 0,441155.3501 4480181.5761 0))",2504522,Verde,Línea,6
"MULTILINESTRING Z ((441125.6603 4480200.2685 0,441135.9936 4480221.7685 0))",2504523,Verde,Línea,5
"MULTILINESTRING Z ((441172.5787 4480337.2625 0,441145.1262 4480349.8829 0))",2504527,Verde,Línea,6
"MULTILINESTRING Z ((441101.8007 4480358.3538 0,441103.3974 4480361.7613 0))",2504528,Verde,Línea,1
"MULTILINESTRING Z ((441100.7714 4480192.4907 0,441077.9381 4480224.824 0))",2504540,Verde,Línea,8
"MULTILINESTRING Z ((441283.2202 4480511.8268 0,441279.8314 4480513.3824 0))",2504566,Verde,Línea,1
"MULTILINESTRING Z ((441494.0723 4480507.2983 0,441498.9612 4480505.465 0))",2504584,Verde,Línea,1
"MULTILINESTRING Z ((441457.9983 4480416.465 0,441486.2205 4480402.9094 0))",2504598,Verde,Línea,6
"MULTILINESTRING Z ((441464.6402 4480454.1563 0,441466.5168 4480458.1316 0))",2504600,Verde,Línea,1
"MULTILINESTRING Z ((441366.6279 4480504.7983 0,441368.0723 4480516.0205 0))",2504605,Verde,Batería,4
"MULTILINESTRING Z ((441379.3264 4480413.4858 0,441379.3819 4480408.5413 0))",2504606,Verde,Línea,1
"MULTILINESTRING Z ((441423.4057 4480433.2798 0,441419.6279 4480435.0946 0))",2504609,Verde,Línea,1
"MULTILINESTRING Z ((441468.8871 4480362.6008 0,441457.8748 4480367.6872 0))",2504616,Verde,Línea,2
"MULTILINESTRING Z ((441358.5228 4480353.5475 0,441362.5128 4480351.6827 0))",2504622,Verde,Línea,1
"MULTILINESTRING Z ((441365.6279 4480316.1316 0,441363.1279 4480310.965 0))",2504626,Verde,Línea,1
"MULTILINESTRING Z ((441371.239 4480327.965 0,441368.5723 4480322.465 0))",2504627,Verde,Línea,1
"MULTILINESTRING Z ((441401.7946 4480200.0761 0,441399.6834 4480195.6872 0))",2504631,Verde,Línea,1
"MULTILINESTRING Z ((441430.493 4480160.9302 0,441435.1227 4480170.708 0))",2504647,Verde,Línea,2
"MULTILINESTRING Z ((441403.6279 4480158.9464 0,441410.2575 4480155.7983 0))",2504650,Verde,Línea,2
"MULTILINESTRING Z ((440165.8116 4475181.3087 0,440186.9782 4475222.9754 0))",2504672,Verde,Línea,7
"MULTILINESTRING Z ((441537.5291 4480156.6255 0,441536.3439 4480151.2674 0))",2504697,Verde,Batería,2
"MULTILINESTRING Z ((441511.9571 4479995.8024 0,441512.4345 4479997.9094 0))",2504714,Verde,Batería,1
"MULTILINESTRING Z ((441512.8871 4479999.9341 0,441513.8748 4480004.3045 0))",2504715,Verde,Batería,2
"MULTILINESTRING Z ((441515.3563 4480010.8724 0,441514.3686 4480006.502 0))",2504716,Verde,Batería,2
"MULTILINESTRING Z ((443113.0346 4475610.069 0,443112.9234 4475607.5505 0))",2504717,Verde,Batería,1
"MULTILINESTRING Z ((442027.4427 4477020.7983 0,442027.9612 4477018.502 0,442027.9983 4477017.7983 0,442027.702 4477015.9835 0,442027.3686 4477015.2057 0))",2504735,Verde,Línea,1
"MULTILINESTRING Z ((441556.5538 4480065.3538 0,441534.6279 4480070.0576 0))",2504739,Verde,Línea,4
"MULTILINESTRING Z ((443483.381 4476650.181 0,443483.3069 4476644.3538 0))",2504747,Verde,Línea,1
"MULTILINESTRING Z ((443488.5415 4475702.5761 0,443454.3439 4475693.144 0))",2504751,Verde,Línea,7
"MULTILINESTRING Z ((441632.2702 4480434.9253 0,441649.4924 4480431.3142 0))",2504764,Verde,Batería,7
"MULTILINESTRING Z ((441631.9369 4480430.9253 0,441646.6591 4480428.0364 0))",2504765,Verde,Línea,3
"MULTILINESTRING Z ((441627.7147 4480417.2586 0,441647.3258 4480412.8698 0))",2504766,Verde,Batería,8
"MULTILINESTRING Z ((441919.4057 4477517.1594 0,441913.6557 4477508.5761 0))",2504781,Azul,Línea,2
"MULTILINESTRING Z ((441588.9924 4480315.9253 0,441641.9924 4480304.4253 0))",2504795,Verde,Línea,11
"MULTILINESTRING Z ((441587.6035 4480308.8698 0,441640.3813 4480297.6475 0))",2504796,Verde,Línea,11
"MULTILINESTRING Z ((441589.8254 4480345.4156 0,441592.1217 4480355.86 0))",2504797,Verde,Línea,2
"MULTILINESTRING Z ((441592.7884 4480358.8971 0,441595.0106 4480368.9711 0))",2504798,Verde,Línea,2
"MULTILINESTRING Z ((441607.4427 4480424.6501 0,441609.6649 4480434.1687 0))",2504802,Verde,Línea,2
"MULTILINESTRING Z ((441604.6649 4480412.539 0,441606.9612 4480422.465 0))",2504803,Verde,Línea,2
"MULTILINESTRING Z ((442560.4635 4475228.2958 0,442561.29 4475243.2752 0))",2504808,Azul,Línea,3
"MULTILINESTRING Z ((442560.4228 4475227.7284 0,442558.5478 4475201.2284 0))",2504809,Azul,Línea,5
"MULTILINESTRING Z ((441671.4057 4480343.2427 0,441662.9057 4480306.0761 0))",2504812,Azul,Batería,14
"MULTILINESTRING Z ((443572.8871 4476096.823 0,443581.702 4476088.0082 0))",2504824,Verde,Línea,3
"MULTILINESTRING Z ((441578.9242 4480297.1316 0,441577.9242 4480292.1316 0))",2504829,Verde,Batería,2
"MULTILINESTRING Z ((441577.5168 4480290.0946 0,441576.9983 4480287.5761 0))",2504830,Verde,Batería,1
"MULTILINESTRING Z ((441551.8913 4480221.5966 0,441551.9406 4480222.1399 0,441552.3028 4480223.7366 0))",2504842,Verde,Batería,1
"MULTILINESTRING Z ((441553.8501 4480230.6831 0,441552.7966 4480225.9752 0))",2504843,Verde,Batería,2
"MULTILINESTRING Z ((441555.3151 4480237.251 0,441554.2781 4480232.6419 0))",2504844,Verde,Batería,2
"MULTILINESTRING Z ((441577.2822 4480334.7242 0,441577.381 4480335.4897 0,441578.2452 4480339.3168 0))",2504848,Verde,Batería,2
"MULTILINESTRING Z ((441578.7143 4480341.465 0,441579.7267 4480346.0329 0))",2504849,Verde,Batería,2
"MULTILINESTRING Z ((441580.1958 4480348.1316 0,441581.2328 4480352.7242 0))",2504851,Verde,Batería,2
"MULTILINESTRING Z ((441581.7678 4480355.144 0,441582.8542 4480360.0658 0))",2504860,Verde,Batería,2
"MULTILINESTRING Z ((441584.2205 4480366.0822 0,441583.0847 4480360.9958 0))",2504863,Verde,Batería,2
"MULTILINESTRING Z ((441561.4075 4480439.2157 0,441563.3195 4480443.5079 0))",2504876,Verde,Línea,1
"MULTILINESTRING Z ((441554.2205 4480433.2798 0,441550.4427 4480436.3538 0))",2504878,Verde,Línea,1
"MULTILINESTRING Z ((441497.2946 4480402.3168 0,441500.5538 4480409.0946 0))",2504880,Verde,Línea,1
"MULTILINESTRING Z ((441541.3443 4480394.9994 0,441543.3443 4480399.3698 0))",2504882,Verde,Línea,1
"MULTILINESTRING Z ((441539.011 4480389.7772 0,441536.7887 4480384.9623 0))",2504883,Verde,Línea,1
"MULTILINESTRING Z ((441456.5662 4480315.9094 0,441458.8378 4480320.6995 0))",2504896,Verde,Línea,1
"MULTILINESTRING Z ((441545.6279 4480245.5205 0,441549.3501 4480243.9094 0))",2504903,Verde,Línea,1
"MULTILINESTRING Z ((441442.5168 4480286.0576 0,441439.8501 4480280.465 0))",2504908,Verde,Línea,1
"MULTILINESTRING Z ((441631.1143 4480469.6923 0,441661.9282 4480463.2629 0))",2504911,Verde,Línea,7
"MULTILINESTRING Z ((441603.3069 4480485.465 0,441608.2205 4480507.9094 0))",2504913,Verde,Línea,5
"MULTILINESTRING Z ((437975.1485 4475771.2176 0,437966.6687 4475783.688 0))",2504917,Verde,Línea,3
"MULTILINESTRING Z ((438001.7728 4475734.7417 0,437978.2038 4475767.4141 0))",2504918,Verde,Línea,9
"MULTILINESTRING Z ((441685.7637 4480506.9541 0,441689.2365 4480522.6791 0))",2504922,Azul,Línea,3
"MULTILINESTRING Z ((441655.048 4480536.6661 0,441650.4554 4480515.9623 0))",2504929,Verde,Línea,4
"MULTILINESTRING Z ((441664.548 4480580.0364 0,441656.2702 4480542.6475 0))",2504930,Verde,Línea,8
"MULTILINESTRING Z ((441607.4877 4480524.2242 0,441608.4286 4480528.5366 0))",2504931,Verde,Línea,1
"MULTILINESTRING Z ((441601.9924 4480535.8698 0,441599.9924 4480526.6475 0))",2504933,Verde,Línea,2
"MULTILINESTRING Z ((438772.5048 4474927.1909 0,438731.7267 4474889.1251 0))",2504935,Verde,Línea,11
"MULTILINESTRING Z ((441579.702 4480571.0205 0,441584.8501 4480582.1316 0))",2504936,Verde,Línea,2
"MULTILINESTRING Z ((441545.4549 4480503.7513 0,441552.8623 4480519.8624 0))",2504938,Verde,Línea,3
"MULTILINESTRING Z ((440532.5003 4479361.2016 0,440527.776 4479356.0493 0))",2504949,Verde,Línea,1
"MULTILINESTRING Z ((440505.8748 4479383.144 0,440515.7267 4479376.3045 0))",2504950,Verde,Línea,2
"MULTILINESTRING Z ((440559.1011 4479499.1495 0,440552.1546 4479501.5308 0))",2504952,Verde,Línea,1
"MULTILINESTRING Z ((440594.097 4479630.6392 0,440611.6005 4479624.9437 0))",2504961,Verde,Línea,4
"MULTILINESTRING Z ((440529.9337 4479659.4879 0,440535.4337 4479677.9879 0,440536.2115 4479680.3768 0,440542.2115 4479688.4324 0))",2504964,Verde,Línea,6
"MULTILINESTRING Z ((440658.2397 4479416.0109 0,440675.809 4479409.2729 0))",2504981,Verde,Línea,3
"MULTILINESTRING Z ((440700.6814 4479447.4567 0,440697.3069 4479440.2798 0))",2504983,Verde,Línea,1
"MULTILINESTRING Z ((440723.7485 4479498.6361 0,440738.0448 4479528.7472 0))",2504987,Azul,Línea,7
"MULTILINESTRING Z ((440742.1557 4479534.5761 0,440739.1557 4479528.1594 0))",2504989,Azul,Línea,1
"MULTILINESTRING Z ((440888.9057 4479388.8261 0,440874.2807 4479396.9511 0))",2504991,Verde,Línea,3
"MULTILINESTRING Z ((440857.5908 4479402.7613 0,440861.702 4479400.6131 0))",2504993,Verde,Línea,1
"MULTILINESTRING Z ((440733.7404 4479358.6392 0,440731.2603 4479354.0521 0))",2505109,Verde,Línea,1
"MULTILINESTRING Z ((440592.2534 4479394.4197 0,440620.1217 4479380.0658 0))",2505118,Verde,Línea,6
"MULTILINESTRING Z ((440719.776 4479219.218 0,440721.5538 4479222.3785 0))",2505145,Azul,Línea,1
"MULTILINESTRING Z ((440689.7071 4479278.5222 0,440690.1145 4479279.2629 0,440691.0404 4479280.9296 0,440691.4478 4479281.7074 0,440691.8923 4479282.4852 0,440692.2997 4479283.2629 0,440692.7441 4479284.0407 0,440693.1515 4479284.7815 0,440694.0404 4479286.4111 0,440694.4108 4479287.1148 0,440694.8923 4479287.9666 0,440695.2997 4479288.7074 0,440695.7441 4479289.4852 0,440696.1515 4479290.2629 0,440697.0034 4479291.8185 0,440697.4522 4479292.6361 0,440698.0818 4479293.7842 0,440698.23 4479294.0435 0,440698.3411 4479294.2287 0))",2505150,Verde,Línea,3
"MULTILINESTRING Z ((440679.5044 4479272.9218 0,440659.8007 4479283.8353 0))",2505156,Verde,Línea,4
"MULTILINESTRING Z ((440403.06 4479911.7859 0,440405.8501 4479915.6625 0))",2505168,Verde,Línea,1
"MULTILINESTRING Z ((440433.5044 4479862.3045 0,440437.702 4479869.8106 0))",2505179,Verde,Línea,1
"MULTILINESTRING Z ((440521.7513 4479995.2757 0,440523.0682 4479997.2016 0))",2505184,Verde,Batería,1
"MULTILINESTRING Z ((440553.455 4479927.8189 0,440548.418 4479930.5514 0))",2505185,Verde,Línea,1
"MULTILINESTRING Z ((440523.776 4479944.0438 0,440527.4084 4479942.0576 0))",2505188,Verde,Línea,1
"MULTILINESTRING Z ((440496.5168 4479813.5802 0,440499.1341 4479818.2715 0))",2505204,Verde,Línea,1
"MULTILINESTRING Z ((440470.9914 4479810.5898 0,440475.4907 4479808.4499 0))",2505205,Verde,Línea,1
"MULTILINESTRING Z ((440406.322 4479845.7283 0,440403.3919 4479848.0219 0))",2505208,Verde,Línea,1
"MULTILINESTRING Z ((440819.5402 4473521.8716 0,440823.2069 4473518.455 0))",2505219,Verde,Línea,1
"MULTILINESTRING Z ((440406.0723 4479802.7983 0,440410.097 4479809.9341 0))",2505221,Verde,Línea,1
"MULTILINESTRING Z ((440740.3028 4479837.1522 0,440731.9406 4479845.2839 0))",2505223,Verde,Batería,5
"MULTILINESTRING Z ((440715.7431 4479861.5308 0,440725.06 4479852.17 0))",2505224,Verde,Batería,6
"MULTILINESTRING Z ((440698.514 4479909.871 0,440704.9009 4479912.2084 0))",2505231,Verde,Línea,1
"MULTILINESTRING Z ((440744.0449 4480035.2702 0,440745.6361 4480032.2633 0,440746.0202 4480031.0452 0,440746.547 4480028.7736 0,440747.0518 4480027.4897 0,440749.7733 4480023.0013 0))",2505236,Verde,Línea,2
"MULTILINESTRING Z ((440692.4196 4480052.2685 0,440692.1973 4480052.0833 0,440692.0122 4480051.9351 0,440691.2714 4480051.3426 0,440691.0862 4480051.1944 0,440690.1973 4480050.4537 0,440690.0122 4480050.3055 0,440689.2714 4480049.7129 0,440689.0862 4480049.5648 0,440688.6788 4480049.2314 0))",2505237,Verde,Línea,1
"MULTILINESTRING Z ((440702.0476 4480007.3086 0,440698.6786 4480010.513 0))",2505239,Verde,Línea,1
"MULTILINESTRING Z ((440712.0122 4479993.3796 0,440713.3455 4479991.75 0,440713.9751 4479990.9722 0,440714.6418 4479990.1574 0,440715.2344 4479989.4537 0,440715.9381 4479988.5648 0,440716.5307 4479987.8611 0,440717.2344 4479986.9722 0,440717.901 4479986.1944 0,440719.1973 4479984.6018 0,440719.827 4479983.824 0,440721.1233 4479982.2314 0,440721.7899 4479981.4166 0,440722.3825 4479980.7129 0,440723.0862 4479979.824 0,440723.6788 4479979.1203 0,440724.3825 4479978.2314 0,440724.9381 4479977.4907 0))",2505242,Verde,Línea,4
"MULTILINESTRING Z ((440659.1233 4479927.3426 0,440659.827 4479927.787 0,440660.1973 4479928.0092 0,440660.9381 4479928.4907 0,440661.3084 4479928.7129 0,440661.6788 4479928.9351 0,440662.1233 4479929.2314 0,440662.7899 4479929.6389 0,440663.1233 4479929.8611 0,440663.864 4479930.3426 0,440664.2344 4479930.5648 0,440664.9751 4479931.0463 0,440665.3455 4479931.2685 0,440666.0862 4479931.75 0,440666.4196 4479931.9351 0))",2505245,Verde,Línea,1
"MULTILINESTRING Z ((440797.9707 4479649.525 0,440798.4152 4479650.3768 0,440798.8226 4479651.1916 0,440799.23 4479652.0065 0,440800.0448 4479653.6361 0,440800.4522 4479654.4509 0,440800.8596 4479655.2657 0,440801.267 4479656.0805 0,440802.0818 4479657.7102 0,440802.4892 4479658.525 0,440802.8966 4479659.3398 0,440803.3041 4479660.1546 0,440804.0448 4479661.7102 0,440804.4522 4479662.525 0,440804.8596 4479663.3398 0,440805.267 4479664.1546 0,440806.0078 4479665.6361 0,440806.1189 4479665.8213 0))",2505248,Verde,Línea,3
"MULTILINESTRING Z ((440706.2726 4479668.587 0,440709.3782 4479667.6543 0))",2505264,Verde,Batería,1
"MULTILINESTRING Z ((440615.171 4479773.8624 0,440618.4796 4479777.5908 0))",2505272,Verde,Línea,1
"MULTILINESTRING Z ((440605.4522 4479762.9324 0,440605.9707 4479763.4879 0,440606.23 4479763.7842 0,440607.0448 4479764.7102 0,440607.3041 4479765.0065 0,440607.8966 4479765.6731 0,440608.1189 4479765.9324 0,440608.9707 4479766.8953 0,440609.1929 4479767.1176 0,440610.0078 4479768.0435 0,440610.267 4479768.3398 0,440610.8226 4479768.9694 0))",2505273,Verde,Línea,1
"MULTILINESTRING Z ((440531.267 4479741.0435 0,440531.9707 4479741.8213 0,440534.267 4479744.3398 0,440535.0078 4479745.1546 0,440537.3041 4479747.6731 0,440538.0448 4479748.4879 0,440540.3041 4479750.9694 0,440541.0818 4479751.8213 0,440544.1189 4479755.1546 0,440544.8596 4479755.9694 0,440545.6374 4479756.8213 0,440546.0448 4479757.2657 0,440546.1929 4479757.4509 0,440546.3411 4479757.599 0))",2505281,Verde,Línea,4
"MULTILINESTRING Z ((440610.8542 4479816.9547 0,440618.7884 4479812.3785 0))",2505285,Verde,Línea,2
"MULTILINESTRING Z ((440646.1217 4479808.8971 0,440680.3933 4479847.8106 0))",2505287,Verde,Línea,11
"MULTILINESTRING Z ((440692.7143 4479861.7859 0,440682.4921 4479850.181 0))",2505288,Verde,Línea,3
"MULTILINESTRING Z ((440647.4936 4479918.9351 0,440653.7159 4479911.5463 0))",2505308,Verde,Línea,1
"MULTILINESTRING Z ((440573.9598 4479915.5665 0,440578.8103 4479912.801 0))",2505316,Verde,Línea,1
"MULTILINESTRING Z ((440543.5677 4479812.4907 0,440542.9381 4479812.8611 0,440542.3825 4479813.1944 0,440541.7899 4479813.5277 0,440541.2344 4479813.8611 0,440540.0862 4479814.5277 0,440539.4936 4479814.8611 0,440538.9381 4479815.1944 0,440538.3455 4479815.5277 0,440537.827 4479815.824 0,440537.2714 4479816.1574 0,440536.6788 4479816.4907 0,440536.1233 4479816.824 0,440534.9751 4479817.4907 0,440534.3825 4479817.824 0,440533.827 4479818.1574 0,440533.2344 4479818.4907 0,440532.6788 4479818.824 0,440532.1603 4479819.1203 0,440532.0492 4479819.1944 0))",2505328,Verde,Línea,2
"MULTILINESTRING Z ((440275.6059 4479508.4264 0,440275.9392 4479509.2782 0,440276.2355 4479510.1301 0,440277.0873 4479512.5375 0,440277.4207 4479513.3893 0,440278.0503 4479515.1301 0,440278.3466 4479515.9449 0,440278.9022 4479517.5375 0,440279.1984 4479518.3523 0,440279.8281 4479520.019 0,440280.1614 4479520.9449 0,440281.0133 4479523.3523 0,440281.3096 4479524.2042 0,440281.5318 4479524.7227 0,440281.6429 4479525.056 0))",2505344,Verde,Línea,3
"MULTILINESTRING Z ((440305.3686 4479585.1687 0,440319.702 4479580.2798 0))",2505352,Verde,Línea,3
"MULTILINESTRING Z ((440320.2205 4479580.0946 0,440325.1834 4479578.4279 0))",2505354,Verde,Línea,1
"MULTILINESTRING Z ((440385.5812 4479465.3827 0,440387.5346 4479468.3895 0))",2505364,Verde,Línea,1
"MULTILINESTRING Z ((440483.0518 4479417.3333 0,440485.3398 4479424.7078 0))",2505369,Verde,Línea,1
"MULTILINESTRING Z ((440491.3974 4479522.1892 0,440478.8871 4479526.6172 0))",2505375,Verde,Línea,2
"MULTILINESTRING Z ((440379.5071 4479560.2165 0,440379.9268 4479560.0684 0,440380.2725 4479559.9449 0,440380.6676 4479559.8214 0,440381.112 4479559.6733 0,440381.8281 4479559.4511 0,440382.2231 4479559.3029 0,440383.0127 4479559.0511 0,440383.4078 4479558.9277 0,440383.8028 4479558.7795 0,440384.1979 4479558.6561 0,440384.988 4479558.4092 0,440385.3831 4479558.261 0,440385.7535 4479558.1376 0,440386.1485 4479558.0141 0,440386.988 4479557.7425 0,440387.1115 4479557.6931 0,440387.309 4479557.6437 0))",2505376,Verde,Línea,1
"MULTILINESTRING Z ((440390.6073 4479507.8189 0,440371.562 4479524.2633 0))",2505378,Verde,Línea,5
"MULTILINESTRING Z ((440368.346 4479609.4956 0,440365.8646 4479609.7549 0,440365.272 4479609.8289 0,440364.0498 4479609.94 0,440362.1979 4479610.1252 0,440361.0127 4479610.2363 0,440359.2349 4479610.4215 0,440356.6794 4479610.6808 0,440356.0503 4479610.7597 0))",2505379,Verde,Línea,2
"MULTILINESTRING Z ((440295.717 4479594.9449 0,440295.2355 4479596.5005 0,440295.0133 4479597.2412 0,440294.1244 4479600.2412 0,440293.9022 4479600.9819 0,440293.2725 4479603.1671 0,440293.0503 4479603.9449 0,440292.1614 4479606.9449 0,440291.9392 4479607.6856 0,440291.717 4479608.4264 0,440291.2725 4479609.9079 0))",2505380,Verde,Línea,3
"MULTILINESTRING Z ((440295.9762 4479615.2412 0,440296.3466 4479615.3153 0,440297.9022 4479615.5375 0,440298.2355 4479615.5745 0,440298.8651 4479615.6856 0,440299.1984 4479615.7227 0,440299.8651 4479615.8338 0,440300.1614 4479615.8708 0,440300.8281 4479615.9449 0,440301.1614 4479616.019 0,440301.791 4479616.093 0,440302.1244 4479616.1671 0,440302.4577 4479616.2042 0,440303.0503 4479616.1301 0,440303.1984 4479616.1301 0,440304.3836 4479616.019 0))",2505383,Verde,Línea,1
"MULTILINESTRING Z ((440348.5318 4479611.5375 0,440346.9392 4479611.6856 0,440339.2725 4479612.4634 0,440336.0873 4479612.7968 0,440331.4207 4479613.2782 0,440329.8651 4479613.4264 0,440328.3096 4479613.6116 0,440323.6799 4479614.056 0,440322.1244 4479614.2412 0,440319.0133 4479614.5375 0,440318.5318 4479614.6116 0,440317.5318 4479614.6856 0))",2505385,Verde,Línea,6
"MULTILINESTRING Z ((440427.0188 4479599.3744 0,440438.5854 4479596.8614 0))",2505389,Verde,Línea,2
"MULTILINESTRING Z ((440440.407 4479574.8587 0,440442.097 4479585.8655 0))",2505392,Verde,Línea,2
"MULTILINESTRING Z ((440510.3604 4479571.358 0,440507.776 4479559.2921 0))",2505399,Verde,Línea,2
"MULTILINESTRING Z ((440485.3563 4479614.4526 0,440468.6869 4479614.8477 0))",2505401,Verde,Línea,3
"MULTILINESTRING Z ((440342.1979 4479732.1993 0,440340.9016 4479729.4956 0,440340.309 4479728.2363 0,440339.0127 4479725.4586 0,440338.346 4479724.1252 0,440337.7164 4479722.7919 0,440337.1238 4479721.5326 0,440335.8275 4479718.7549 0,440335.1609 4479717.4215 0,440333.9386 4479714.8289 0,440333.309 4479713.4956 0,440332.0498 4479710.8289 0,440331.346 4479709.3845 0,440330.7535 4479708.1252 0,440330.1238 4479706.7919 0,440330.0498 4479706.6067 0,440329.4942 4479705.4586 0))",2505420,Verde,Línea,6
"MULTILINESTRING Z ((440348.309 4479745.2363 0,440348.1238 4479744.903 0,440347.9386 4479744.4956 0,440347.1238 4479742.7178 0,440346.9757 4479742.3845 0,440346.1238 4479740.6067 0,440345.9757 4479740.3104 0,440345.1238 4479738.4956 0,440345.0868 4479738.3845 0,440344.9757 4479738.1623 0))",2505421,Verde,Línea,1
"MULTILINESTRING Z ((440406.5415 4479729.6872 0,440408.0229 4479736.9464 0))",2505425,Verde,Línea,1
"MULTILINESTRING Z ((440468.1464 4479694.3292 0,440465.6773 4479683.1193 0))",2505427,Verde,Línea,2
"MULTILINESTRING Z ((440528.3411 4479678.7472 0,440529.0571 4479681.0435 0,440529.1806 4479681.3892 0,440530.0942 4479684.2534 0,440530.1929 4479684.599 0,440531.0078 4479685.6608 0,440531.23 4479685.9324 0,440532.0695 4479687.0188 0,440532.3411 4479687.3645 0,440532.8349 4479688.0065 0,440533.1312 4479688.3768 0,440533.8966 4479689.3645 0,440534.1683 4479689.7102 0,440534.9584 4479690.7225 0,440535.23 4479691.0682 0,440535.551 4479691.4879 0))",2505429,Verde,Línea,3
"MULTILINESTRING Z ((440835.8309 4479875.0946 0,440839.7486 4479877.1796 0))",2505432,Verde,Línea,1
"MULTILINESTRING Z ((440829.1094 4479819.4897 0,440837.4386 4479834.2057 0))",2505435,Verde,Línea,3
"MULTILINESTRING Z ((440805.5703 4479778.1234 0,440812.6649 4479790.5185 0))",2505440,Verde,Línea,3
"MULTILINESTRING Z ((440817.3578 4479798.7747 0,440817.1356 4479798.3796 0,440817.0368 4479798.1821 0,440816.1973 4479796.7253 0,440816.0986 4479796.5277 0,440815.1603 4479794.8734 0,440815.0862 4479794.75 0))",2505443,Verde,Línea,1
"MULTILINESTRING Z ((440839.6608 4479710.9794 0,440834.5579 4479700.8724 0))",2505447,Azul,Batería,4
"MULTILINESTRING Z ((440877.23 4479647.4509 0,440877.9337 4479648.599 0,440878.1559 4479648.9694 0,440878.9707 4479650.3768 0,440879.1929 4479650.7472 0,440879.8966 4479651.8953 0,440880.1189 4479652.2657 0,440881.0078 4479653.7472 0,440881.267 4479654.1916 0,440881.5633 4479654.7102 0,440881.6744 4479654.8953 0))",2505459,Verde,Línea,1
"MULTILINESTRING Z ((440917.1588 4479712.7736 0,440930.2452 4479734.6501 0))",2505462,Verde,Línea,5
"MULTILINESTRING Z ((440879.2493 4479786.2057 0,440889.702 4479777.7119 0))",2505463,Verde,Línea,3
"MULTILINESTRING Z ((440938.6347 4479748.4773 0,440947.5127 4479763.9067 0))",2505466,Verde,Línea,3
"MULTILINESTRING Z ((440976.9612 4479731.0946 0,440993.4427 4479704.1687 0))",2505467,Verde,Línea,6
"MULTILINESTRING Z ((441038.9146 4479636.9382 0,441053.0271 4479624.823 0))",2505468,Verde,Línea,4
"MULTILINESTRING Z ((440533.6279 4480194.5267 0,440529.1094 4480197.8353 0))",2505471,Verde,Línea,1
"MULTILINESTRING Z ((440451.2205 4480149.502 0,440459.3686 4480142.8353 0))",2505472,Verde,Línea,2
"MULTILINESTRING Z ((440639.3316 4480153.3662 0,440631.0682 4480144.7407 0))",2505475,Verde,Línea,2
"MULTILINESTRING Z ((440638.1464 4480057.5253 0,440641.4715 4480062.8477 0))",2505478,Verde,Línea,2
"MULTILINESTRING Z ((440243.3438 4479610.0846 0,440244.3438 4479610.5661 0,440248.9734 4479612.3068 0,440259.1586 4479615.455 0,440267.529 4479617.7883 0,440279.2697 4479619.492 0))",2505495,Verde,Batería,12
"MULTILINESTRING Z ((440289.4386 4479630.6172 0,440308.1382 4479671.8847 0))",2505499,Verde,Línea,9
"MULTILINESTRING Z ((440266.8871 4479688.5761 0,440279.3974 4479687.358 0))",2505500,Verde,Línea,2
"MULTILINESTRING Z ((440286.1135 4479686.6831 0,440290.3275 4479686.2715 0))",2505502,Verde,Línea,1
"MULTILINESTRING Z ((440277.6429 4479735.1671 0,440278.0873 4479736.2042 0,440278.2355 4479736.5005 0,440279.0873 4479738.5005 0,440279.1984 4479738.7227 0,440280.0133 4479740.6856 0,440280.1984 4479741.093 0,440280.4577 4479741.7227 0))",2505504,Verde,Línea,1
"MULTILINESTRING Z ((440241.5044 4479775.3086 0,440245.5044 4479779.8847 0))",2505529,Verde,Línea,1
"MULTILINESTRING Z ((440210.0723 4479748.0761 0,440181.0168 4479725.4094 0))",2505531,Verde,Línea,7
"MULTILINESTRING Z ((440675.0024 4480795.2098 0,440679.2987 4480799.2263 0))",2505543,Verde,Línea,1
"MULTILINESTRING Z ((440092.2512 4479785.8809 0,440094.4734 4479793.2698 0))",2505551,Verde,Línea,2
"MULTILINESTRING Z ((440845.1834 4480772.0205 0,440843.0723 4480773.1316 0))",2505555,Verde,Batería,1
"MULTILINESTRING Z ((440877.0703 4480904.311 0,440877.0456 4480903.6938 0,440873.3172 4480890.1629 0,440873.095 4480889.7925 0))",2505560,Verde,Línea,3
"MULTILINESTRING Z ((440854.5271 4480916.9283 0,440881.1197 4480912.4345 0))",2505561,Verde,Línea,5
"MULTILINESTRING Z ((440792.4283 4480920.0641 0,440818.6012 4480915.4222 0))",2505563,Verde,Línea,5
"MULTILINESTRING Z ((440245.3438 4479661.1957 0,440251.3068 4479675.0105 0))",2505570,Verde,Línea,3
"MULTILINESTRING Z ((440138.217 4479618.1116 0,440131.4392 4479629.1116 0))",2505589,Verde,Línea,2
"MULTILINESTRING Z ((440743.8254 4480717.2016 0,440737.0271 4480720.9218 0))",2505598,Verde,Línea,1
"MULTILINESTRING Z ((440845.883 4481020.7736 0,440823.7267 4481021.3991 0))",2505611,Verde,Batería,10
"MULTILINESTRING Z ((441612.9057 4477997.4927 0,441612.489 4477994.1594 0))",2505641,Verde,Batería,1
"MULTILINESTRING Z ((442599.9057 4473081.4094 0,442586.8223 4473088.9094 0))",2505642,Verde,Línea,3
"MULTILINESTRING Z ((441612.4057 4477992.5761 0,441612.1557 4477989.1594 0))",2505643,Verde,Batería,1
"MULTILINESTRING Z ((442520.2012 4474746.4245 0,442520.2012 4474740.9528 0))",2505645,Verde,Línea,1
"MULTILINESTRING Z ((441612.0723 4477988.0761 0,441611.8223 4477984.0761 0))",2505647,Verde,Batería,1
"MULTILINESTRING Z ((441611.739 4477982.8261 0,441611.489 4477979.9094 0))",2505648,Verde,Batería,1
"MULTILINESTRING Z ((441611.489 4477978.7427 0,441611.239 4477975.6594 0))",2505649,Verde,Batería,1
"MULTILINESTRING Z ((441606.7485 4477998.1339 0,441606.5262 4477994.3005 0))",2505654,Verde,Batería,1
"MULTILINESTRING Z ((441606.4151 4477993.0783 0,441606.0818 4477989.0228 0))",2505655,Verde,Batería,1
"MULTILINESTRING Z ((441606.0262 4477988.0228 0,441605.6929 4477984.4117 0))",2505656,Verde,Batería,1
"MULTILINESTRING Z ((441605.6929 4477983.3561 0,441605.3596 4477979.3561 0))",2505657,Verde,Batería,1
"MULTILINESTRING Z ((441605.304 4477978.3561 0,441604.9151 4477974.3561 0))",2505659,Verde,Batería,1
"MULTILINESTRING Z ((441604.8596 4477973.1339 0,441604.5818 4477969.4672 0))",2505661,Verde,Batería,1
"MULTILINESTRING Z ((441604.4151 4477968.4672 0,441604.1929 4477964.6894 0))",2505662,Verde,Batería,1
"MULTILINESTRING Z ((441286.4921 4480957.8353 0,441299.9489 4480955.7613 0))",2505665,Verde,Línea,3
"MULTILINESTRING Z ((440940.2452 4481085.86 0,440940.8625 4481091.3415 0))",2505674,Verde,Línea,1
"MULTILINESTRING Z ((441062.0367 4481198.1673 0,441066.525 4481197.5966 0))",2505695,Azul,Línea,1
"MULTILINESTRING Z ((441498.7884 4477192.5377 0,441494.4098 4477190.5075 0))",2505697,Verde,Línea,1
"MULTILINESTRING Z ((441251.2575 4481172.5761 0,441258.0353 4481171.6131 0))",2505701,Azul,Línea,1
"MULTILINESTRING Z ((441295.9242 4481166.3538 0,441302.8542 4481165.4979 0))",2505711,Azul,Línea,1
"MULTILINESTRING Z ((441358.4098 4481142.3538 0,441352.9612 4481146.5761 0,441350.5168 4481148.1316 0))",2505720,Azul,Línea,2
"MULTILINESTRING Z ((441888.6468 4477137.3506 0,441865.4616 4477130.9803 0))",2505725,Verde,Línea,4
"MULTILINESTRING Z ((441850.4612 4477126.9094 0,441861.5723 4477129.965 0))",2505726,Verde,Línea,2
"MULTILINESTRING Z ((441146.514 4481210.7983 0,441124.5881 4481214.0027 0))",2505728,Azul,Línea,5
"MULTILINESTRING Z ((441889.406 4477047.0729 0,441870.3505 4477048.3506 0))",2505738,Verde,Línea,4
"MULTILINESTRING Z ((441853.1838 4477049.5173 0,441865.4616 4477048.684 0))",2505740,Verde,Línea,2
"MULTILINESTRING Z ((441760.5257 4476766.67 0,441754.8288 4476768.0357 0,441752.1364 4476768.582 0,441748.3125 4476769.2063 0,441741.2889 4476769.4404 0))",2505759,Verde,Línea,4
"MULTILINESTRING Z ((441988.406 4476925.684 0,441982.7394 4476915.7951 0))",2505766,Verde,Línea,2
"MULTILINESTRING Z ((442150.1838 4476863.6284 0,442159.8505 4476863.3506 0))",2505772,Verde,Línea,2
"MULTILINESTRING Z ((440607.8748 4480985.3909 0,440597.06 4480982.8724 0))",2505773,Verde,Línea,2
"MULTILINESTRING Z ((440614.5538 4480983.9094 0,440632.5393 4480988.4411 0))",2505780,Verde,Línea,3
"MULTILINESTRING Z ((441558.9057 4476618.0761 0,441560.9057 4476656.3261 0,441560.7807 4476672.5761 0,441559.9057 4476687.3261 0,441558.5307 4476698.0761 0,441556.7807 4476712.7011 0,441556.4057 4476713.9511 0,441555.5307 4476715.0761 0))",2505781,Verde,Línea,21
"MULTILINESTRING Z ((440646.9859 4480991.5555 0,440670.7555 4480997.0205 0))",2505783,Verde,Batería,11
"MULTILINESTRING Z ((441688.0723 4476655.1594 0,441681.239 4476639.9094 0))",2505790,Verde,Línea,3
"MULTILINESTRING Z ((442279.7139 4476561.3571 0,442280.3208 4476569.6339 0))",2505792,Verde,Línea,1
"MULTILINESTRING Z ((440743.4427 4480899.502 0,440746.6279 4480910.9464 0))",2505796,Verde,Línea,2
"MULTILINESTRING Z ((440738.3707 4480894.451 0,440736.4448 4480890.2205 0))",2505797,Verde,Línea,1
"MULTILINESTRING Z ((440738.7329 4480900.4427 0,440736.8399 4480895.6032 0))",2505798,Verde,Línea,1
"MULTILINESTRING Z ((440284.5332 4481339.5226 0,440285.7733 4481334.8257 0))",2505820,Azul,Línea,1
"MULTILINESTRING Z ((440274.0187 4481379.8162 0,440272.7183 4481384.7051 0))",2505827,Azul,Línea,1
"MULTILINESTRING Z ((442588.9433 4472993.6761 0,442607.86 4473022.8427 0))",2505829,Verde,Línea,7
"MULTILINESTRING Z ((443058.0019 4473523.5824 0,443058.7729 4473537.1179 0))",2505830,Verde,Batería,6
"MULTILINESTRING Z ((441583.489 4476717.4094 0,441592.9057 4476718.3261 0,441597.9057 4476719.0761 0,441600.1557 4476719.7427 0,441613.0723 4476722.9927 0,441625.739 4476726.3261 0))",2505853,Verde,Batería,18
"MULTILINESTRING Z ((441615.5908 4476736.0205 0,441628.5168 4476739.3168 0))",2505855,Verde,Batería,6
"MULTILINESTRING Z ((440915.2657 4481218.1563 0,440929.0929 4481216.2633 0))",2505857,Verde,Línea,3
"MULTILINESTRING Z ((441676.739 4476654.0576 0,441679.5908 4476660.6501 0,441681.776 4476666.1687 0,441683.702 4476671.3909 0,441685.9242 4476677.9094 0,441688.2946 4476685.2798 0,441691.4797 4476696.4279 0))",2505858,Verde,Línea,9
"MULTILINESTRING Z ((441455.8505 4476836.2999 0,441451.1839 4476853.411 0))",2505860,Azul,Batería,6
"MULTILINESTRING Z ((441611.239 4477974.5761 0,441610.8223 4477970.8261 0))",2505872,Verde,Batería,1
"MULTILINESTRING Z ((440543.3666 4481274.3851 0,440535.5148 4481273.0765 0,440528.3049 4481271.6691 0,440515.0703 4481268.8296 0,440477.2235 4481258.8373 0))",2505903,Verde,Línea,14
"MULTILINESTRING Z ((440395.4755 4480014.5384 0,440390.6915 4480008.1347 0))",2505908,Verde,Línea,1
"MULTILINESTRING Z ((440540.4427 4481162.2057 0,440557.06 4481159.7613 0))",2505914,Verde,Línea,3
"MULTILINESTRING Z ((440555.9983 4481128.3909 0,440558.9242 4481116.6872 0))",2505952,Verde,Línea,2
"MULTILINESTRING Z ((443205.739 4475915.2427 0,443200.8501 4475914.6316 0))",2505960,Verde,Línea,1
"MULTILINESTRING Z ((441848.0723 4477209.7427 0,441847.6279 4477204.7983 0))",2505965,Verde,Línea,1
"MULTILINESTRING Z ((442636.5266 4473260.4261 0,442648.11 4473253.7594 0))",2505966,Verde,Batería,4
"MULTILINESTRING Z ((440576.2802 4481128.7555 0,440565.3913 4481125.7185 0))",2505971,Verde,Batería,4
"MULTILINESTRING Z ((443313.6526 4477215.9999 0,443307.3316 4477217.3004 0))",2505974,Verde,Línea,1
"MULTILINESTRING Z ((441339.517 4479521.8213 0,441360.6003 4479520.0713 0))",2505979,Azul,Batería,7
"MULTILINESTRING Z ((440497.1752 4481038.7983 0,440494.8542 4481047.6872 0))",2505980,Verde,Línea,2
"MULTILINESTRING Z ((440499.3151 4481030.8312 0,440508.2863 4480996.6913 0))",2505985,Verde,Línea,7
"MULTILINESTRING Z ((441265.2697 4479122.3068 0,441304.1957 4479117.8994 0))",2505991,Azul,Batería,16
"MULTILINESTRING Z ((441312.9612 4479116.9094 0,441325.0723 4479115.6316 0))",2505993,Azul,Batería,5
"MULTILINESTRING Z ((438962.1834 4477270.0946 0,438958.1464 4477321.3538 0))",2505997,Azul,Línea,10
"MULTILINESTRING Z ((440542.6896 4480980.5432 0,440548.0888 4480981.7942 0))",2506000,Verde,Línea,1
"MULTILINESTRING Z ((439103.0106 4477160.0822 0,439141.6279 4477158.0576 0))",2506021,Azul,Línea,8
"MULTILINESTRING Z ((439145.2575 4477159.9464 0,439159.442 4477159.2327 0))",2506023,Azul,Línea,3
"MULTILINESTRING Z ((440828.9057 4481033.8261 0,440854.1557 4481033.0761 0,440864.239 4481032.4094 0,440887.489 4481029.4094 0))",2506035,Verde,Línea,12
"MULTILINESTRING Z ((440930.3165 4481086.6392 0,440930.8542 4481092.4663 0))",2506049,Verde,Línea,1
"MULTILINESTRING Z ((441153.8416 4478331.2324 0,441185.4249 4478328.3157 0))",2506054,Azul,Batería,12
"MULTILINESTRING Z ((441153.6749 4478325.3157 0,441185.0916 4478322.4824 0))",2506055,Azul,Batería,12
"MULTILINESTRING Z ((440936.846 4481146.3374 0,440937.455 4481151.7695 0))",2506056,Verde,Línea,1
"MULTILINESTRING Z ((441153.0916 4478316.6491 0,441184.4249 4478314.2324 0))",2506057,Azul,Batería,12
"MULTILINESTRING Z ((441152.9249 4478311.6491 0,441184.3416 4478309.2324 0))",2506058,Azul,Batería,12
"MULTILINESTRING Z ((440390.9365 4480099.1193 0,440402.6402 4480118.9958 0))",2506064,Verde,Línea,5
"MULTILINESTRING Z ((440800.8131 4481128.1563 0,440802.4921 4481128.2057 0,440806.8131 4481128.1069 0,440813.5291 4481127.7859 0,440822.9612 4481126.6008 0,440827.8501 4481125.4403 0,440844.7143 4481121.9341 0,440871.4797 4481116.2304 0))",2506085,Verde,Línea,15
"MULTILINESTRING Z ((440265.9653 4480136.3621 0,440265.2411 4480133.2345 0,440264.204 4480130.0576 0,440261.2575 4480123.9999 0))",2506090,Verde,Línea,2
"MULTILINESTRING Z ((440219.1089 4480105.0783 0,440223.5865 4480106.5708 0))",2506102,Verde,Línea,1
"MULTILINESTRING Z ((440207.9588 4480101.742 0,440217.9676 4480104.4637 0))",2506106,Verde,Línea,2
"MULTILINESTRING Z ((440196.1063 4480099.5471 0,440205.7639 4480101.3908 0))",2506108,Verde,Línea,2
"MULTILINESTRING Z ((440193.9992 4480099.2837 0,440184.2538 4480098.8447 0))",2506109,Verde,Línea,2
"MULTILINESTRING Z ((440182.3223 4480099.0203 0,440171.8745 4480099.1081 0))",2506112,Verde,Línea,2
"MULTILINESTRING Z ((440423.6526 4480970.6008 0,440422.8131 4480973.8106 0))",2506143,Verde,Batería,1
"MULTILINESTRING Z ((440246.6524 4480066.2821 0,440249.0228 4480056.776 0))",2506144,Verde,Línea,2
"MULTILINESTRING Z ((440249.6648 4480054.3562 0,440251.9858 4480045.0229 0))",2506145,Verde,Línea,2
"MULTILINESTRING Z ((440252.6031 4480042.7019 0,440254.8994 4480033.5167 0))",2506146,Verde,Línea,2
"MULTILINESTRING Z ((440258.5784 4480018.9241 0,440260.8747 4480009.8377 0))",2506148,Verde,Línea,2
"MULTILINESTRING Z ((440488.3933 4481013.2427 0,440489.0353 4481010.8724 0))",2506164,Verde,Batería,1
"MULTILINESTRING Z ((440407.7267 4481210.4032 0,440416.8871 4481212.8724 0))",2506167,Verde,Batería,3
"MULTILINESTRING Z ((441316.8954 4481542.3374 0,441317.0106 4481544.0822 0,441317.0106 4481548.0822 0,441316.5826 4481549.7283 0,441316.4015 4481550.1563 0))",2506217,Verde,Línea,2
"MULTILINESTRING Z ((441221.0106 4481797.7119 0,441260.9859 4481786.9958 0))",2506227,Verde,Línea,9
"MULTILINESTRING Z ((441503.9489 4481655.9341 0,441530.2946 4481641.4897 0))",2506230,Verde,Línea,7
"MULTILINESTRING Z ((441511.2822 4481668.4938 0,441537.3234 4481654.4362 0))",2506234,Verde,Línea,7
"MULTILINESTRING Z ((441563.1834 4481358.1234 0,441559.3645 4481342.7489 0))",2506243,Rojo,Línea,3
"MULTILINESTRING Z ((440414.1711 4480852.0329 0,440416.6155 4480842.6995 0))",2506244,Verde,Línea,2
"MULTILINESTRING Z ((441532.7637 4481334.3868 0,441536.6978 4481333.6131 0))",2506245,Rojo,Línea,1
"MULTILINESTRING Z ((441613.39 4481525.1159 0,441614.39 4481529.9678 0,441616.6493 4481538.0419 0))",2506246,Rojo,Línea,3
"MULTILINESTRING Z ((440501.2575 4480699.5637 0,440496.3501 4480698.2427 0))",2506249,Verde,Línea,1
"MULTILINESTRING Z ((441618.8871 4481537.6131 0,441615.9612 4481523.1687 0))",2506251,Rojo,Línea,4
"MULTILINESTRING Z ((441630.5168 4481552.6008 0,441630.5415 4481554.2057 0,441630.7143 4481556.2057 0,441630.9365 4481560.823 0,441631.0106 4481565.2427 0,441630.8625 4481569.3415 0,441630.1711 4481574.3785 0))",2506283,Rojo,Línea,4
"MULTILINESTRING Z ((441625.9983 4481525.0205 0,441628.1094 4481535.2427 0))",2506287,Rojo,Línea,2
"MULTILINESTRING Z ((440199.2822 4481616.8724 0,440204.2205 4481608.6008 0))",2506334,Verde,Línea,1
"MULTILINESTRING Z ((443920.418 4477094.6831 0,443920.4345 4477099.753 0))",2506338,Verde,Batería,2
"MULTILINESTRING Z ((443918.0723 4476848.1594 0,443917.989 4476856.3261 0))",2506361,Verde,Batería,3
"MULTILINESTRING Z ((440647.0518 4481803.4403 0,440649.2575 4481799.6378 0))",2506374,Verde,Línea,1
"MULTILINESTRING Z ((442736.1957 4473019.4179 0,442746.6771 4473035.9365 0))",2506382,Verde,Línea,4
"MULTILINESTRING Z ((441551.0353 4480777.6872 0,441555.4057 4480775.7242 0))",2506417,Rojo,Línea,1
"MULTILINESTRING Z ((443370.4057 4476342.0761 0,443361.6557 4476336.5761 0))",2506437,Verde,Línea,2
"MULTILINESTRING Z ((443175.123 4476405.5172 0,443170.9965 4476414.2091 0))",2506467,Verde,Línea,2
"MULTILINESTRING Z ((443169.1862 4476417.6021 0,443166.728 4476421.5089 0))",2506472,Verde,Línea,1
"MULTILINESTRING Z ((443732.7467 4476403.203 0,443721.9643 4476403.1403 0))",2506515,Verde,Batería,4
"MULTILINESTRING Z ((443602.1279 4475905.6316 0,443590.8501 4475904.0205 0))",2506527,Verde,Línea,2
"MULTILINESTRING Z ((440604.0112 4482091.5573 0,440595.9001 4482087.8906 0,440590.4001 4482084.8906 0))",2506540,Verde,Línea,3
"MULTILINESTRING Z ((442798.7303 4476584.2225 0,442793.4526 4476592.5003 0))",2506588,Verde,Línea,2
"MULTILINESTRING Z ((442839.3223 4476585.4094 0,442843.1557 4476587.4094 0))",2506594,Verde,Línea,1
"MULTILINESTRING Z ((442785.5637 4476372.0558 0,442782.5081 4476368.6114 0))",2506603,Verde,Línea,1
"MULTILINESTRING Z ((442824.3223 4476507.9094 0,442831.1557 4476514.2427 0))",2506607,Verde,Línea,2
"MULTILINESTRING Z ((442816.1192 4476499.4817 0,442819.3785 4476502.704 0))",2506608,Verde,Línea,1
"MULTILINESTRING Z ((442967.595 4476331.0726 0,442972.0504 4476326.6392 0))",2506611,Verde,Línea,1
"MULTILINESTRING Z ((442809.6887 4474246.2986 0,442770.8389 4474249.7656 0))",2506627,Verde,Línea,8
"MULTILINESTRING Z ((443730.739 4476585.4094 0,443734.0723 4476591.5761 0))",2506639,Azul,Línea,2
"MULTILINESTRING Z ((443605.9972 4476637.844 0,443609.1853 4476634.1191 0))",2506641,Verde,Línea,1
"MULTILINESTRING Z ((443480.7946 4476634.0761 0,443475.2946 4476632.465 0))",2506646,Verde,Línea,1
"MULTILINESTRING Z ((443482.6557 4476723.9094 0,443478.5723 4476728.4094 0))",2506650,Verde,Línea,1
"MULTILINESTRING Z ((440713.8871 4482137.502 0,440745.2575 4482150.8353 0))",2506662,Verde,Línea,7
"MULTILINESTRING Z ((440674.0353 4482198.0946 0,440682.8501 4482201.8724 0))",2506670,Verde,Línea,2
"MULTILINESTRING Z ((440574.5483 4482164.8721 0,440585.2149 4482169.4277 0))",2506687,Verde,Línea,2
"MULTILINESTRING Z ((440648.6649 4482196.0329 0,440644.3686 4482194.2386 0))",2506688,Verde,Línea,1
"MULTILINESTRING Z ((440658.9557 4482200.3166 0,440664.5112 4482202.6129 0))",2506690,Verde,Línea,1
"MULTILINESTRING Z ((440764.4742 4482288.3536 0,440762.6964 4482292.5018 0))",2506691,Verde,Línea,1
"MULTILINESTRING Z ((440743.3069 4482334.0822 0,440742.9859 4482324.0329 0))",2506692,Verde,Línea,2
"MULTILINESTRING Z ((440744.1823 4482316.3564 0,440743.886 4482317.5045 0,440743.3304 4482320.5786 0,440743.1823 4482321.8008 0))",2506697,Verde,Línea,1
"MULTILINESTRING Z ((440351.9563 4481912.6734 0,440353.9563 4481908.2845 0))",2506738,Verde,Línea,1
"MULTILINESTRING Z ((440242.0725 4481989.9219 0,440240.2947 4481989.1811 0))",2506790,Verde,Batería,1
"MULTILINESTRING Z ((440091.3151 4481934.6995 0,440084.9118 4481932.2633 0))",2506810,Verde,Línea,1
"MULTILINESTRING Z ((440272.1834 4481810.6316 0,440286.739 4481816.4094 0))",2506847,Verde,Línea,4
"MULTILINESTRING Z ((440095.5538 4481727.0205 0,440086.7637 4481734.6995 0))",2506850,Verde,Línea,2
"MULTILINESTRING Z ((440213.5209 4481657.6954 0,440215.9571 4481658.5349 0))",2506851,Verde,Batería,1
"MULTILINESTRING Z ((440217.8501 4481659.1934 0,440220.0723 4481659.9506 0))",2506852,Verde,Batería,1
"MULTILINESTRING Z ((440227.3069 4481662.2798 0,440229.2822 4481662.9218 0))",2506853,Verde,Batería,1
"MULTILINESTRING Z ((440231.2081 4481663.5884 0,440234.8871 4481664.823 0))",2506854,Verde,Batería,2
"MULTILINESTRING Z ((440236.6896 4481665.4156 0,440240.418 4481666.6748 0))",2506855,Verde,Batería,2
"MULTILINESTRING Z ((440246.3439 4481668.6501 0,440249.702 4481669.7859 0))",2506857,Verde,Batería,2
"MULTILINESTRING Z ((440254.9612 4481671.539 0,440251.4057 4481670.3538 0))",2506858,Verde,Batería,2
"MULTILINESTRING Z ((440258.6896 4481672.7983 0,440256.8871 4481672.181 0))",2506859,Verde,Batería,1
"MULTILINESTRING Z ((440790.953 4482000.7407 0,440790.7719 4481957.2839 0,440790.4592 4481940.5432 0))",2506892,Verde,Línea,13
"MULTILINESTRING Z ((440780.4921 4482012.0576 0,440780.4674 4482007.0452 0))",2506894,Verde,Línea,1
"MULTILINESTRING Z ((440746.097 4482057.218 0,440748.3686 4482058.3045 0,440754.2452 4482060.5267 0,440759.5785 4482062.1069 0,440769.2328 4482063.5143 0))",2506900,Verde,Línea,5
"MULTILINESTRING Z ((440732.6402 4482049.7613 0,440737.9242 4482053.0205 0,440746.0229 4482057.1934 0))",2506901,Verde,Línea,3
"MULTILINESTRING Z ((440860.8075 4482080.761 0,440868.7705 4482082.4647 0))",2506906,Verde,Línea,1
"MULTILINESTRING Z ((440753.9242 4481888.0822 0,440757.8254 4481881.3662 0))",2506941,Verde,Línea,1
"MULTILINESTRING Z ((440811.1094 4481859.144 0,440813.3316 4481855.2921 0))",2506943,Verde,Batería,2
"MULTILINESTRING Z ((440645.1752 4481839.0452 0,440651.8913 4481843.0123 0))",2506972,Verde,Línea,1
"MULTILINESTRING Z ((440550.1711 4481785.465 0,440568.3933 4481795.539 0))",2506987,Verde,Línea,4
"MULTILINESTRING Z ((440539.3069 4481779.7613 0,440543.2081 4481781.8106 0))",2506988,Verde,Línea,1
"MULTILINESTRING Z ((440440.6649 4481742.0329 0,440478.2946 4481760.1563 0))",2506991,Verde,Línea,8
"MULTILINESTRING Z ((440409.3316 4481754.2057 0,440410.8378 4481750.7489 0))",2507003,Verde,Batería,2
"MULTILINESTRING Z ((440411.5785 4481749.1193 0,440412.2205 4481747.3909 0))",2507004,Verde,Batería,1
"MULTILINESTRING Z ((440413.0435 4481745.5308 0,440413.8007 4481743.8518 0))",2507005,Verde,Batería,1
"MULTILINESTRING Z ((440415.4057 4481740.2427 0,440414.5723 4481742.0205 0))",2507006,Verde,Batería,1
"MULTILINESTRING Z ((440634.1135 4481987.4732 0,440641.916 4481991.967 0))",2507010,Verde,Batería,4
"MULTILINESTRING Z ((440649.669 4481996.4279 0,440643.5127 4481992.8888 0))",2507011,Verde,Batería,3
"MULTILINESTRING Z ((440884.4921 4481427.0946 0,440889.7513 4481423.3909 0,440897.9242 4481418.0822 0))",2507016,Verde,Línea,3
"MULTILINESTRING Z ((440934.1179 4481401.1101 0,440941.8402 4481398.499 0,440955.4513 4481395.3879 0,440963.5624 4481393.6101 0,440970.229 4481392.5545 0,440976.6735 4481391.7768 0,440988.9513 4481391.1101 0,440996.0624 4481390.8879 0,441004.5068 4481391.1101 0,441012.1179 4481391.6657 0,441020.0068 4481392.6101 0,441034.5624 4481395.2212 0,441041.8402 4481396.9434 0,441052.1179 4481400.0545 0,441060.0624 4481402.6657 0,441075.2846 4481408.9434 0,441081.5068 4481411.8879 0,441088.3957 4481415.6657 0,441093.6735 4481418.4434 0,441098.4513 4481420.8323 0,441103.1735 4481423.4434 0,441107.8957 4481425.8323 0,441110.5068 4481426.999 0,441118.1179 4481429.7768 0,441129.6179 4481433.1657 0,441132.3957 4481433.5545 0))",2507017,Verde,Línea,46
"MULTILINESTRING Z ((440862.3402 4481552.4434 0,440866.3957 4481544.7212 0))",2507035,Verde,Línea,1
"MULTILINESTRING Z ((441053.9242 4481415.4897 0,441064.3686 4481419.5884 0,441072.4427 4481423.3415 0,441082.0476 4481428.0822 0,441093.9983 4481434.6748 0,441099.7513 4481437.6872 0))",2507039,Verde,Línea,11
"MULTILINESTRING Z ((441132.643 4481447.9451 0,441129.5593 4481447.4073 0,441119.6279 4481445.3113 0,441106.7006 4481440.8669 0))",2507040,Verde,Línea,5
"MULTILINESTRING Z ((441204.215 4481597.6954 0,441204.4345 4481605.7722 0))",2507050,Verde,Batería,3
"MULTILINESTRING Z ((441205.1464 4481635.3909 0,441204.8871 4481624.6501 0))",2507053,Verde,Batería,5
"MULTILINESTRING Z ((441180.9612 4481569.2983 0,441181.239 4481574.3538 0))",2507064,Verde,Batería,2
"MULTILINESTRING Z ((441183.8131 4481587.9835 0,441183.4797 4481574.9464 0))",2507068,Verde,Batería,7
"MULTILINESTRING Z ((441086.7637 4481668.3045 0,441061.06 4481664.3045 0))",2507097,Verde,Línea,5
"MULTILINESTRING Z ((441152.0394 4481678.716 0,441156.0229 4481679.3415 0))",2507101,Verde,Línea,1
"MULTILINESTRING Z ((441187.4057 4481704.6872 0,441187.3316 4481701.5761 0))",2507107,Verde,Batería,1
"MULTILINESTRING Z ((441135.5127 4481809.4814 0,441150.3604 4481808.9053 0))",2507111,Verde,Línea,3
"MULTILINESTRING Z ((441125.9983 4481809.465 0,441135.3686 4481809.502 0))",2507112,Verde,Línea,2
"MULTILINESTRING Z ((441117.8995 4481759.3744 0,441133.883 4481753.9588 0))",2507115,Verde,Línea,3
"MULTILINESTRING Z ((441015.4427 4481728.7613 0,441009.9612 4481712.502 0))",2507122,Verde,Batería,5
"MULTILINESTRING Z ((441020.8378 4481716.1563 0,441041.0353 4481709.3415 0))",2507132,Verde,Línea,4
"MULTILINESTRING Z ((441020.0723 4481714.2798 0,441040.6155 4481707.5143 0))",2507136,Verde,Línea,4
"MULTILINESTRING Z ((441055.4057 4481724.2427 0,441072.1834 4481744.5205 0))",2507138,Verde,Batería,11
"MULTILINESTRING Z ((441025.06 4481797.8436 0,441033.4057 4481799.5061 0))",2507141,Verde,Línea,1
"MULTILINESTRING Z ((440400.1464 4481448.6131 0,440409.1834 4481452.9094 0))",2507153,Verde,Línea,2
"MULTILINESTRING Z ((440580.2452 4481537.1687 0,440578.3933 4481536.3045 0))",2507171,Verde,Batería,1
"MULTILINESTRING Z ((440655.0188 4481569.8436 0,440669.5209 4481576.7736 0))",2507176,Verde,Línea,3
"MULTILINESTRING Z ((440668.7637 4481579.2263 0,440680.2699 4481584.7901 0))",2507177,Verde,Batería,4
"MULTILINESTRING Z ((439486.5168 4481616.2057 0,439498.5908 4481620.4526 0))",2507189,Verde,Batería,5
"MULTILINESTRING Z ((439565.1421 4481627.2524 0,439554.2903 4481623.7709 0))",2507192,Verde,Batería,4
"MULTILINESTRING Z ((439881.7903 4481594.5117 0,439854.9014 4481587.4561 0))",2507226,Verde,Línea,6
"MULTILINESTRING Z ((439889.8254 4481596.6995 0,439899.5538 4481599.2674 0))",2507227,Verde,Línea,2
"MULTILINESTRING Z ((439626.1519 4481500.0493 0,439633.9544 4481475.753 0))",2507238,Verde,Batería,11
"MULTILINESTRING Z ((439638.2347 4481394.5117 0,439639.0125 4481392.2339 0))",2507241,Verde,Batería,1
"MULTILINESTRING Z ((439633.239 4481440.5205 0,439635.9057 4481431.2983 0))",2507242,Verde,Línea,2
"MULTILINESTRING Z ((439934.8625 4481588.9958 0,439926.5908 4481579.8106 0))",2507259,Verde,Línea,2
"MULTILINESTRING Z ((439930.5168 4481521.3909 0,439931.7267 4481516.7983 0))",2507260,Verde,Línea,1
"MULTILINESTRING Z ((439972.8747 4481803.9612 0,439969.245 4481807.1217 0))",2507266,Verde,Línea,1
"MULTILINESTRING Z ((440002.7994 4481777.3058 0,439998.1574 4481781.1028 0))",2507272,Verde,Línea,1
"MULTILINESTRING Z ((440168.9996 4481609.7338 0,440171.7212 4481605.3881 0))",2507278,Verde,Línea,1
"MULTILINESTRING Z ((439341.7359 4481034.3363 0,439335.5137 4481056.6696 0,439321.5137 4481053.1511 0))",2507288,Verde,Batería,12
"MULTILINESTRING Z ((439602.3192 4481123.0452 0,439604.0476 4481116.4526 0))",2507298,Verde,Batería,3
"MULTILINESTRING Z ((439601.4525 4481126.5089 0,439595.6192 4481148.9533 0))",2507322,Verde,Batería,10
"MULTILINESTRING Z ((439486.5579 4481231.2757 0,439491.0682 4481233.5802 0,439507.6279 4481241.6625 0,439517.9653 4481246.9629 0,439547.0353 4481261.3827 0))",2507323,Verde,Línea,14
"MULTILINESTRING Z ((439454.8378 4481215.2674 0,439481.3069 4481228.5761 0))",2507325,Verde,Línea,6
"MULTILINESTRING Z ((439504.4345 4481230.3538 0,439506.525 4481222.288 0))",2507326,Verde,Línea,1
"MULTILINESTRING Z ((439091.8501 4478406.9464 0,439094.2699 4478411.9588 0))",2507339,Azul,Línea,1
"MULTILINESTRING Z ((439362.9575 4481156.5166 0,439345.2909 4481148.6277 0))",2507342,Verde,Batería,8
"MULTILINESTRING Z ((440195.4797 4477094.3538 0,440197.8995 4477089.8106 0))",2507343,Azul,Línea,1
"MULTILINESTRING Z ((439372.1217 4481140.5102 0,439367.3151 4481139.1604 0))",2507351,Verde,Batería,2
"MULTILINESTRING Z ((439339.1094 4481132.0576 0,439339.8748 4481132.0082 0,439340.5908 4481132.1069 0,439357.7513 4481136.6501 0))",2507353,Verde,Batería,8
"MULTILINESTRING Z ((439255.6718 4478323.7311 0,439258.7664 4478328.0109 0))",2507358,Verde,Línea,1
"MULTILINESTRING Z ((439324.3577 4481097.646 0,439329.2807 4481098.9511 0))",2507360,Verde,Línea,1
"MULTILINESTRING Z ((441752.5723 4479229.7983 0,441750.5723 4479234.4094 0))",2507363,Verde,Línea,1
"MULTILINESTRING Z ((439832.6747 4481097.62 0,439813.1747 4481092.7311 0))",2507395,Azul,Línea,4
"MULTILINESTRING Z ((440263.776 4481332.7407 0,440262.3439 4481337.646 0))",2507411,Azul,Línea,1
"MULTILINESTRING Z ((439006.8131 4477186.9218 0,439004.2452 4477193.1687 0))",2507417,Azul,Línea,1
"MULTILINESTRING Z ((439315.8007 4477127.8847 0,439323.1094 4477119.6131 0))",2507425,Verde,Batería,4
"MULTILINESTRING Z ((439304.6649 4476915.7366 0,439319.5291 4476928.6255 0))",2507434,Azul,Línea,4
"MULTILINESTRING Z ((439323.1615 4476931.753 0,439326.0476 4476934.2551 0))",2507435,Azul,Línea,1
"MULTILINESTRING Z ((439466.3192 4480890.5761 0,439463.8254 4480889.9341 0))",2507446,Verde,Batería,1
"MULTILINESTRING Z ((439457.455 4480888.2551 0,439459.8007 4480888.8724 0))",2507449,Verde,Batería,1
"MULTILINESTRING Z ((439444.097 4480884.7242 0,439452.8378 4480887.0205 0))",2507450,Verde,Batería,4
"MULTILINESTRING Z ((439425.6526 4480879.86 0,439442.2699 4480884.2304 0))",2507452,Verde,Batería,8
"MULTILINESTRING Z ((439415.6279 4480877.2016 0,439413.6032 4480876.6584 0))",2507453,Verde,Batería,1
"MULTILINESTRING Z ((439459.6773 4480915.8106 0,439452.0476 4480913.8106 0))",2507455,Verde,Batería,3
"MULTILINESTRING Z ((439471.4057 4480945.7366 0,439476.6896 4480947.144 0))",2507468,Verde,Batería,2
"MULTILINESTRING Z ((439580.2575 4480888.1316 0,439587.9983 4480890.1687 0))",2507485,Verde,Línea,1
"MULTILINESTRING Z ((439566.4525 4480933.5089 0,439562.1747 4480932.3978 0))",2507487,Verde,Batería,2
"MULTILINESTRING Z ((439557.7858 4480931.12 0,439560.3969 4480931.8422 0))",2507488,Verde,Batería,1
"MULTILINESTRING Z ((439524.5497 4480922.4362 0,439535.4962 4480925.3333 0))",2507489,Verde,Batería,5
"MULTILINESTRING Z ((440807.0723 4476521.5761 0,440805.989 4476505.4927 0))",2507490,Verde,Línea,3
"MULTILINESTRING Z ((439520.1217 4480921.2674 0,439522.7884 4480921.9752 0))",2507491,Verde,Batería,1
"MULTILINESTRING Z ((439652.1192 4480949.12 0,439650.1747 4480956.62 0))",2507516,Verde,Línea,1
"MULTILINESTRING Z ((439333.1753 4480843.1804 0,439334.5086 4480838.2915 0))",2507539,Verde,Línea,1
"MULTILINESTRING Z ((439381.6786 4480784.0058 0,439391.0519 4480747.4616 0))",2507543,Verde,Batería,14
"MULTILINESTRING Z ((439391.7255 4480745.1012 0,439392.8744 4480740.741 0))",2507545,Verde,Batería,1
"MULTILINESTRING Z ((439393.4955 4480738.3508 0,439394.3862 4480734.745 0))",2507547,Verde,Batería,1
"MULTILINESTRING Z ((439411.3315 4480822.5804 0,439413.5066 4480814.51 0))",2507552,Verde,Línea,1
"MULTILINESTRING Z ((439540.5168 4480952.6995 0,439560.2946 4480958.0329 0))",2507557,Verde,Batería,9
"MULTILINESTRING Z ((439562.2205 4480956.465 0,439559.7807 4480955.8261 0))",2507559,Verde,Batería,1
"MULTILINESTRING Z ((439480.9118 4480850.3292 0,439457.4304 4480844.3538 0))",2507569,Verde,Línea,4
"MULTILINESTRING Z ((439444.0476 4480791.5143 0,439490.9118 4480803.7613 0))",2507588,Verde,Batería,19
"MULTILINESTRING Z ((439438.1711 4480789.9341 0,439440.6896 4480790.6255 0))",2507591,Verde,Batería,1
"MULTILINESTRING Z ((439493.5086 4480800.9027 0,439496.6753 4480788.9027 0))",2507593,Verde,Línea,2
"MULTILINESTRING Z ((439444.1053 4480698.5843 0,439445.8007 4480692.181 0))",2507594,Verde,Línea,1
"MULTILINESTRING Z ((439707.3563 4480694.9958 0,439708.7884 4480704.0576 0))",2507619,Verde,Línea,1
"MULTILINESTRING Z ((439676.2946 4480829.965 0,439667.0168 4480827.5205 0))",2507675,Verde,Batería,4
"MULTILINESTRING Z ((439646.8871 4480752.1069 0,439658.097 4480755.0699 0))",2507677,Verde,Batería,5
"MULTILINESTRING Z ((439635.455 4480703.0946 0,439604.8625 4480694.9958 0))",2507678,Verde,Batería,13
"MULTILINESTRING Z ((439604.8625 4480783.218 0,439606.0476 4480778.5267 0))",2507680,Verde,Batería,2
"MULTILINESTRING Z ((439557.4386 4480773.0864 0,439564.9283 4480775.0123 0))",2507682,Verde,Batería,3
"MULTILINESTRING Z ((439547.1834 4480783.8538 0,439566.1834 4480788.6872 0))",2507683,Verde,Batería,8
"MULTILINESTRING Z ((439569.239 4480789.4094 0,439596.9612 4480796.5205 0))",2507684,Verde,Batería,12
"MULTILINESTRING Z ((440269.3069 4481676.6584 0,440271.2164 4481677.3168 0))",2507688,Verde,Batería,1
"MULTILINESTRING Z ((440271.7925 4481677.5143 0,440276.3028 4481679.0452 0))",2507689,Verde,Batería,2
"MULTILINESTRING Z ((440280.4674 4481680.4773 0,440278.4427 4481679.7859 0))",2507690,Verde,Batería,1
"MULTILINESTRING Z ((440283.4468 4481681.5473 0,440285.6197 4481682.3045 0))",2507691,Verde,Batería,1
"MULTILINESTRING Z ((440287.6114 4481682.9958 0,440289.702 4481683.7201 0))",2507692,Verde,Batería,1
"MULTILINESTRING Z ((440296.3357 4481686.3374 0,440291.8419 4481684.5102 0))",2507693,Verde,Línea,1
"MULTILINESTRING Z ((440314.0147 4481692.4608 0,440317.916 4481693.9752 0))",2507694,Verde,Batería,2
"MULTILINESTRING Z ((440323.6526 4481696.181 0,440319.776 4481694.6995 0))",2507696,Verde,Batería,2
"MULTILINESTRING Z ((440334.5168 4481700.3909 0,440336.2205 4481701.0576 0))",2507698,Verde,Batería,1
"MULTILINESTRING Z ((440338.097 4481701.7722 0,440340.7637 4481702.7818 0))",2507699,Verde,Batería,2
"MULTILINESTRING Z ((440344.3933 4481704.1563 0,440342.2452 4481703.3415 0))",2507700,Verde,Línea,1
"MULTILINESTRING Z ((440393.0764 4481724.4279 0,440395.9077 4481725.6954 0))",2507702,Verde,Batería,2
"MULTILINESTRING Z ((440397.6032 4481726.4691 0,440400.7143 4481727.8683 0))",2507703,Verde,Batería,2
"MULTILINESTRING Z ((440404.0888 4481729.3991 0,440402.3769 4481728.6255 0))",2507704,Verde,Batería,1
"MULTILINESTRING Z ((439890.5081 4480812.8978 0,439878.9525 4480810.0644 0))",2507705,Verde,Línea,2
"MULTILINESTRING Z ((439788.2205 4480843.1769 0,439785.8995 4480842.6831 0))",2507707,Verde,Batería,1
"MULTILINESTRING Z ((439772.5415 4480839.218 0,439782.7637 4480841.9341 0))",2507708,Verde,Batería,4
"MULTILINESTRING Z ((439680.9859 4480914.181 0,439691.8995 4480916.9464 0))",2507715,Verde,Línea,2
"MULTILINESTRING Z ((439681.7513 4480931.0205 0,439686.1711 4480932.2057 0))",2507717,Verde,Batería,2
"MULTILINESTRING Z ((439908.5497 4480913.1851 0,439909.7843 4480908.4938 0))",2507740,Verde,Línea,1
"MULTILINESTRING Z ((439883.8254 4481006.0576 0,439890.2699 4480981.3909 0))",2507744,Verde,Línea,5
"MULTILINESTRING Z ((439877.9612 4481039.7613 0,439890.1094 4481043.3538 0))",2507749,Verde,Batería,5
"MULTILINESTRING Z ((439897.4427 4481036.3538 0,439895.776 4481042.7613 0))",2507750,Verde,Batería,2
"MULTILINESTRING Z ((439932.7637 4481093.8353 0,439948.7637 4481097.9835 0))",2507754,Verde,Batería,5
"MULTILINESTRING Z ((440119.0353 4480872.1316 0,440129.1094 4480874.7983 0))",2507755,Azul,Línea,2
"MULTILINESTRING Z ((440057.8995 4480858.4773 0,440073.2822 4480862.6255 0))",2507758,Azul,Línea,3
"MULTILINESTRING Z ((440052.632 4480859.4403 0,440051.4633 4480863.9506 0))",2507762,Verde,Línea,1
"MULTILINESTRING Z ((440006.989 4480918.7427 0,440015.6557 4480921.0761 0))",2507767,Verde,Batería,4
"MULTILINESTRING Z ((440025.989 4480924.1594 0,440018.8223 4480922.3261 0))",2507769,Verde,Batería,3
"MULTILINESTRING Z ((439963.1279 4481076.2983 0,439959.9057 4481087.9094 0))",2507788,Verde,Batería,4
"MULTILINESTRING Z ((440236.5908 4480902.6748 0,440255.3223 4480907.6594 0))",2507790,Azul,Línea,3
"MULTILINESTRING Z ((440151.7431 4480977.9752 0,440152.9777 4480973.3333 0))",2507791,Verde,Línea,1
"MULTILINESTRING Z ((440121.2575 4480926.4279 0,440125.776 4480909.6501 0))",2507792,Verde,Batería,7
"MULTILINESTRING Z ((440087.3316 4481099.0946 0,440094.2575 4481073.2057 0))",2507796,Verde,Línea,6
"MULTILINESTRING Z ((440080.4427 4481092.8477 0,440072.5415 4481090.4032 0))",2507800,Verde,Línea,1
"MULTILINESTRING Z ((440104.1834 4481044.0576 0,440122.7807 4481049.2011 0))",2507810,Verde,Batería,7
"MULTILINESTRING Z ((440306.8501 4480919.2798 0,440302.4057 4480918.0946 0))",2507811,Azul,Línea,1
"MULTILINESTRING Z ((440257.8995 4481057.1193 0,440265.5785 4481059.1687 0))",2507818,Verde,Línea,1
"MULTILINESTRING Z ((440310.9475 4481150.4855 0,440313.4605 4481140.6529 0))",2507847,Verde,Línea,2
"MULTILINESTRING Z ((440309.5538 4481155.9396 0,440310.8268 4481150.9684 0))",2507850,Verde,Línea,1
"MULTILINESTRING Z ((440229.702 4481142.9464 0,440226.3316 4481155.7613 0))",2507852,Verde,Línea,3
"MULTILINESTRING Z ((440226.1958 4481075.539 0,440244.989 4481080.8261 0))",2507869,Verde,Batería,7
"MULTILINESTRING Z ((440173.9242 4481135.0699 0,440181.1341 4481136.8724 0))",2507870,Verde,Batería,3
"MULTILINESTRING Z ((440216.1094 4481105.6501 0,440209.8131 4481129.0946 0))",2507871,Verde,Línea,5
"MULTILINESTRING Z ((440211.4797 4481129.8847 0,440205.6834 4481151.7427 0))",2507872,Verde,Línea,4
"MULTILINESTRING Z ((439550.1711 4480357.7859 0,439572.5662 4480378.6995 0))",2507884,Verde,Línea,6
"MULTILINESTRING Z ((439609.5168 4480428.0205 0,439602.739 4480408.3538 0))",2507892,Verde,Batería,8
"MULTILINESTRING Z ((439586.4921 4480456.9547 0,439613.4221 4480458.2715 0))",2507895,Verde,Batería,12
"MULTILINESTRING Z ((439571.2657 4480456.2139 0,439584.5168 4480456.8559 0))",2507896,Verde,Batería,5
"MULTILINESTRING Z ((439561.3892 4480455.7201 0,439569.5374 4480456.1152 0))",2507897,Verde,Batería,3
"MULTILINESTRING Z ((439645.5538 4480518.465 0,439628.6649 4480470.9835 0))",2507906,Verde,Línea,9
"MULTILINESTRING Z ((439604.0723 4480517.6625 0,439603.5538 4480529.9341 0))",2507951,Verde,Línea,2
"MULTILINESTRING Z ((439586.8103 4480532.1042 0,439592.0339 4480532.4224 0))",2507954,Verde,Línea,1
"MULTILINESTRING Z ((439597.6965 4480532.598 0,439603.1505 4480532.7517 0))",2507955,Verde,Línea,1
"MULTILINESTRING Z ((439594.6896 4480543.5143 0,439573.989 4480542.6594 0))",2507965,Verde,Línea,4
"MULTILINESTRING Z ((439569.6032 4480540.9272 0,439573.6965 4480541.1138 0))",2507966,Verde,Línea,1
"MULTILINESTRING Z ((439683.0353 4480631.7613 0,439686.3686 4480641.1687 0))",2507968,Verde,Batería,4
"MULTILINESTRING Z ((440796.739 4473915.6829 0,440786.6557 4473917.6829 0))",2507983,Verde,Línea,2
"MULTILINESTRING Z ((439783.702 4480456.181 0,439791.2822 4480477.6378 0))",2507984,Verde,Batería,9
"MULTILINESTRING Z ((439793.702 4480484.5514 0,439791.9489 4480479.539 0))",2507985,Verde,Batería,2
"MULTILINESTRING Z ((439665.5291 4480520.3292 0,439678.3439 4480513.5143 0))",2508011,Verde,Línea,2
"MULTILINESTRING Z ((439773.06 4480425.0534 0,439781.1423 4480425.9588 0))",2508013,Verde,Línea,1
"MULTILINESTRING Z ((439764.5538 4480424.1316 0,439753.1464 4480422.8353 0))",2508014,Verde,Línea,2
"MULTILINESTRING Z ((439650.0229 4480411.4403 0,439673.1094 4480413.9835 0))",2508017,Azul,Línea,4
"MULTILINESTRING Z ((439751.3316 4480412.4444 0,439757.4715 4480413.1687 0))",2508020,Verde,Línea,1
"MULTILINESTRING Z ((439841.5044 4480422.6501 0,439862.739 4480425.0946 0))",2508024,Verde,Línea,4
"MULTILINESTRING Z ((439841.9057 4480343.7427 0,439876.4057 4480347.8261 0))",2508031,Verde,Batería,13
"MULTILINESTRING Z ((439829.702 4480342.4855 0,439836.4057 4480343.2983 0))",2508032,Verde,Batería,2
"MULTILINESTRING Z ((440031.6608 4480365.3497 0,440037.3636 4480366.021 0))",2508039,Verde,Batería,2
"MULTILINESTRING Z ((440201.9242 4480372.4773 0,440215.6526 4480374.0082 0))",2508040,Azul,Línea,3
"MULTILINESTRING Z ((440217.6855 4480454.1234 0,440217.2575 4480457.9752 0))",2508046,Azul,Línea,1
"MULTILINESTRING Z ((440121.6526 4480463.9341 0,440126.4921 4480464.4526 0))",2508053,Verde,Línea,1
"MULTILINESTRING Z ((440142.4674 4480456.1563 0,440149.1094 4480456.8724 0))",2508054,Verde,Línea,1
"MULTILINESTRING Z ((442457.489 4475491.1594 0,442456.6557 4475482.9094 0))",2508055,Verde,Línea,1
"MULTILINESTRING Z ((440101.8254 4480447.3662 0,440114.3439 4480448.7489 0))",2508058,Verde,Batería,6
"MULTILINESTRING Z ((440080.1958 4480444.9958 0,440101.2822 4480447.3168 0))",2508061,Verde,Batería,9
"MULTILINESTRING Z ((440013.3316 4480441.7983 0,440017.739 4480442.2427 0))",2508063,Verde,Línea,1
"MULTILINESTRING Z ((439980.4427 4480473.4403 0,439956.9118 4480481.7613 0))",2508074,Verde,Batería,10
"MULTILINESTRING Z ((439887.1176 4480506.4526 0,439906.7225 4480499.4897 0))",2508076,Verde,Batería,10
"MULTILINESTRING Z ((439930.7637 4480505.2921 0,439939.8254 4480502.1316 0))",2508080,Verde,Batería,4
"MULTILINESTRING Z ((439941.2575 4480501.6131 0,439946.9859 4480499.6131 0))",2508081,Verde,Batería,2
"MULTILINESTRING Z ((439948.5168 4480499.0781 0,439960.1711 4480494.9958 0))",2508082,Verde,Batería,5
"MULTILINESTRING Z ((439961.6032 4480494.4855 0,439964.7801 4480493.3827 0))",2508083,Verde,Batería,1
"MULTILINESTRING Z ((439704.4427 4480649.9094 0,439711.0353 4480667.9464 0))",2508098,Verde,Línea,4
"MULTILINESTRING Z ((439706.2287 4480648.5925 0,439705.1917 4480645.679 0))",2508099,Verde,Batería,1
"MULTILINESTRING Z ((439700.2946 4480631.8106 0,439704.5662 4480643.86 0))",2508101,Verde,Batería,5
"MULTILINESTRING Z ((439696.1053 4480620.0164 0,439699.6937 4480630.1728 0))",2508103,Verde,Batería,4
"MULTILINESTRING Z ((439683.2987 4480583.9012 0,439695.5291 4480618.3785 0))",2508104,Verde,Batería,15
"MULTILINESTRING Z ((439947.3403 4480753.0929 0,439985.2716 4480752.2846 0))",2508107,Verde,Línea,8
"MULTILINESTRING Z ((439962.5414 4480625.2161 0,440023.5502 4480623.8978 0))",2508116,Verde,Línea,13
"MULTILINESTRING Z ((440024.0476 4480623.86 0,440053.0353 4480623.3662 0,440083.9736 4480622.4279 0))",2508118,Verde,Línea,12
"MULTILINESTRING Z ((439961.9489 4480635.218 0,439971.776 4480634.9711 0))",2508120,Azul,Línea,2
"MULTILINESTRING Z ((440086.7143 4480785.5637 0,440089.1834 4480789.539 0,440093.455 4480799.2921 0,440098.1711 4480815.3168 0))",2508126,Verde,Línea,7
"MULTILINESTRING Z ((440358.5908 4480662.0576 0,440365.381 4480663.7366 0))",2508140,Verde,Línea,1
"MULTILINESTRING Z ((440331.5168 4480658.2983 0,440341.5723 4480660.6594 0))",2508145,Verde,Línea,2
"MULTILINESTRING Z ((440381.5538 4480794.9218 0,440378.2205 4480807.3909 0))",2508148,Verde,Línea,2
"MULTILINESTRING Z ((440344.4345 4480780.2633 0,440353.1094 4480782.6008 0))",2508149,Verde,Línea,2
"MULTILINESTRING Z ((440688.418 4479125.2921 0,440696.0229 4479136.6748 0))",2508160,Verde,Línea,3
"MULTILINESTRING Z ((440611.2932 4479123.7201 0,440614.4537 4479129.4485 0))",2508164,Verde,Línea,1
"MULTILINESTRING Z ((440609.6834 4479164.6316 0,440617.5168 4479160.1872 0))",2508169,Verde,Línea,2
"MULTILINESTRING Z ((440584.6306 4479167.713 0,440577.7807 4479171.7011 0))",2508170,Verde,Batería,4
"MULTILINESTRING Z ((440487.2822 4479152.502 0,440497.8007 4479145.9094 0))",2508173,Verde,Línea,2
"MULTILINESTRING Z ((441126.1834 4479419.8538 0,441120.0723 4479432.9094 0))",2508180,Verde,Línea,3
"MULTILINESTRING Z ((441114.739 4479444.5761 0,441111.9057 4479450.7427 0))",2508183,Verde,Línea,1
"MULTILINESTRING Z ((441103.4057 4479468.9218 0,441109.8501 4479455.0205 0))",2508190,Verde,Línea,3
"MULTILINESTRING Z ((441099.0353 4479478.3538 0,441103.381 4479468.9958 0))",2508193,Verde,Línea,2
"MULTILINESTRING Z ((441088.2946 4479364.3045 0,441109.8748 4479350.2304 0))",2508219,Verde,Línea,5
"MULTILINESTRING Z ((441044.5723 4479310.965 0,441037.1279 4479297.7983 0))",2508221,Verde,Línea,3
"MULTILINESTRING Z ((441383.739 4479459.3538 0,441383.4612 4479455.4094 0))",2508229,Azul,Batería,2
"MULTILINESTRING Z ((441374.6649 4479389.2798 0,441374.8501 4479391.6501 0))",2508233,Verde,Batería,1
"MULTILINESTRING Z ((441370.8501 4479341.6131 0,441371.0353 4479343.8724 0))",2508235,Verde,Batería,1
"MULTILINESTRING Z ((440939.6649 4479208.6501 0,440934.0723 4479210.7613 0))",2508239,Verde,Línea,1
"MULTILINESTRING Z ((440841.6834 4479182.7427 0,440870.0168 4479172.7983 0))",2508250,Verde,Línea,6
"MULTILINESTRING Z ((440932.1094 4479150.3538 0,440943.8131 4479146.1316 0))",2508253,Verde,Línea,2
"MULTILINESTRING Z ((440971.2328 4479151.8024 0,440974.3604 4479155.753 0))",2508265,Verde,Batería,2
"MULTILINESTRING Z ((441430.9057 4479262.8261 0,441471.3223 4479259.6594 0))",2508284,Verde,Batería,13
"MULTILINESTRING Z ((441385.1279 4479263.4094 0,441375.7946 4479264.0761 0))",2508286,Verde,Batería,3
"MULTILINESTRING Z ((441363.9983 4479207.1687 0,441363.2946 4479199.9464 0))",2508288,Verde,Batería,3
"MULTILINESTRING Z ((441358.1464 4479190.8353 0,441357.8871 4479187.8353 0))",2508290,Verde,Batería,1
"MULTILINESTRING Z ((441476.3501 4479195.4094 0,441474.739 4479175.5761 0))",2508295,Verde,Línea,4
"MULTILINESTRING Z ((440748.239 4478827.965 0,440734.5168 4478829.3538 0))",2508301,Verde,Línea,3
"MULTILINESTRING Z ((440764.3501 4478818.7427 0,440825.3501 4478819.1316 0))",2508304,Verde,Línea,13
"MULTILINESTRING Z ((440825.6279 4478819.0576 0,440842.8501 4478819.2057 0))",2508305,Verde,Línea,3
"MULTILINESTRING Z ((440894.9242 4478966.3168 0,440862.8501 4478977.9094 0))",2508319,Verde,Batería,12
"MULTILINESTRING Z ((441064.9448 4478873.9204 0,441065.5483 4478881.218 0))",2508326,Verde,Batería,3
"MULTILINESTRING Z ((440681.4612 4478771.6872 0,440680.239 4478767.1872 0))",2508337,Verde,Línea,1
"MULTILINESTRING Z ((441059.1834 4478791.7427 0,441058.4612 4478782.5761 0))",2508339,Verde,Línea,2
"MULTILINESTRING Z ((441058.0723 4478776.1316 0,441057.4612 4478769.0761 0))",2508340,Verde,Línea,2
"MULTILINESTRING Z ((441056.5168 4478753.7613 0,441052.8871 4478709.2798 0))",2508347,Verde,Línea,9
"MULTILINESTRING Z ((441049.239 4478663.8261 0,441051.989 4478699.4927 0))",2508348,Verde,Línea,6
"MULTILINESTRING Z ((441322.5723 4479008.6872 0,441320.2946 4478978.0761 0))",2508353,Verde,Batería,10
"MULTILINESTRING Z ((441346.1834 4479027.2983 0,441343.6279 4478993.4094 0))",2508354,Verde,Batería,11
"MULTILINESTRING Z ((441298.8707 4478747.9176 0,441300.1557 4478763.4094 0))",2508358,Verde,Batería,5
"MULTILINESTRING Z ((441302.1279 4478743.5205 0,441301.9057 4478741.5761 0))",2508360,Verde,Batería,1
"MULTILINESTRING Z ((441318.776 4478702.9094 0,441315.8131 4478666.2057 0))",2508368,Verde,Batería,15
"MULTILINESTRING Z ((442172.4057 4476571.4094 0,442172.9057 4476581.4094 0))",2508384,Verde,Línea,2
"MULTILINESTRING Z ((440268.8378 4478696.0082 0,440254.5168 4478691.144 0))",2508385,Azul,Línea,3
"MULTILINESTRING Z ((440212.2205 4478709.3909 0,440241.0353 4478720.4526 0))",2508386,Verde,Línea,6
"MULTILINESTRING Z ((440247.7267 4478722.9958 0,440257.8501 4478726.8724 0,440260.1958 4478727.9094 0,440262.1711 4478728.9218 0,440281.8501 4478736.4773 0))",2508387,Verde,Línea,7
"MULTILINESTRING Z ((440080.6485 4478901.8436 0,440085.0435 4478902.2222 0))",2508389,Azul,Línea,1
"MULTILINESTRING Z ((440336.5168 4478495.2057 0,440343.739 4478483.3538 0))",2508412,Azul,Línea,3
"MULTILINESTRING Z ((440355.5908 4478463.9094 0,440343.8501 4478483.2057 0))",2508415,Azul,Línea,4
"MULTILINESTRING Z ((440360.8789 4478455.3909 0,440363.1999 4478451.5884 0))",2508419,Azul,Línea,1
"MULTILINESTRING Z ((442179.7762 4475075.2275 0,442178.986 4475065.0431 0))",2508432,Verde,Línea,2
"MULTILINESTRING Z ((440681.9044 4472723.4911 0,440699.4044 4472729.6161 0))",2508436,Verde,Línea,4
"MULTILINESTRING Z ((440702.0813 4472730.4397 0,440707.7672 4472732.2338 0))",2508437,Verde,Línea,1
"MULTILINESTRING Z ((440305.5168 4478684.465 0,440317.1834 4478650.5761 0))",2508440,Verde,Línea,7
"MULTILINESTRING Z ((440412.9612 4478728.7983 0,440418.1279 4478730.6316 0))",2508443,Verde,Línea,1
"MULTILINESTRING Z ((440249.1279 4478893.6872 0,440243.6504 4478914.6014 0))",2508444,Verde,Línea,4
"MULTILINESTRING Z ((440208.0723 4479050.7983 0,440209.5291 4479045.2427 0))",2508450,Verde,Línea,1
"MULTILINESTRING Z ((440283.9242 4479063.4403 0,440296.2369 4479040.181 0))",2508454,Verde,Línea,5
"MULTILINESTRING Z ((440299.7431 4478946.1563 0,440298.0641 4478950.5678 0))",2508465,Verde,Línea,1
"MULTILINESTRING Z ((440287.4304 4478978.3292 0,440285.6526 4478983.0205 0))",2508466,Verde,Línea,1
"MULTILINESTRING Z ((440302.4888 4478987.1735 0,440298.0311 4478985.7098 0))",2508475,Verde,Línea,1
"MULTILINESTRING Z ((440367.6979 4478976.8688 0,440371.8168 4478978.0252 0))",2508477,Verde,Línea,1
"MULTILINESTRING Z ((440296.2575 4478859.1316 0,440307.739 4478862.1316 0))",2508503,Verde,Línea,2
"MULTILINESTRING Z ((440262.3223 4478844.9927 0,440266.7807 4478828.3261 0))",2508505,Verde,Línea,3
"MULTILINESTRING Z ((440278.2296 4478785.7943 0,440279.4057 4478781.465 0,440281.3501 4478775.1872 0))",2508507,Verde,Línea,2
"MULTILINESTRING Z ((440284.6279 4478763.3538 0,440292.4057 4478739.6872 0))",2508509,Verde,Línea,5
"MULTILINESTRING Z ((440367.1094 4478729.9835 0,440380.5168 4478734.8724 0))",2508511,Azul,Línea,3
"MULTILINESTRING Z ((440472.1343 4479243.3059 0,440476.5307 4479240.7011 0))",2508526,Verde,Línea,1
"MULTILINESTRING Z ((440483.2575 4479236.8353 0,440504.2205 4479223.8353 0))",2508527,Verde,Línea,5
"MULTILINESTRING Z ((440441.3501 4479255.9094 0,440430.1834 4479239.9094 0))",2508530,Azul,Línea,4
"MULTILINESTRING Z ((440357.455 4479232.3538 0,440363.9242 4479228.4032 0))",2508531,Verde,Línea,1
"MULTILINESTRING Z ((440369.5538 4479224.9876 0,440375.8419 4479221.1522 0))",2508532,Verde,Línea,1
"MULTILINESTRING Z ((440330.9242 4479362.539 0,440339.2205 4479375.1316 0))",2508548,Verde,Línea,3
"MULTILINESTRING Z ((439680.1856 4474592.0944 0,439655.1045 4474622.9635 0))",2508596,Verde,Línea,7
"MULTILINESTRING Z ((441853.6453 4474944.5182 0,441883.5007 4474942.0389 0))",2508615,Verde,Batería,12
"MULTILINESTRING Z ((441903.542 4474940.1794 0,441888.3561 4474941.419 0))",2508616,Verde,Batería,6
"MULTILINESTRING Z ((442567.2921 4473498.5168 0,442560.5035 4473485.7709 0))",2508819,Verde,Línea,3
"MULTILINESTRING Z ((442523.7897 4473418.9934 0,442558.1483 4473481.6146 0))",2508820,Verde,Línea,15
"MULTILINESTRING Z ((442577.5442 4473518.0513 0,442598.7412 4473558.0901 0))",2508822,Verde,Línea,9
"MULTILINESTRING Z ((442600.8223 4473561.7427 0,442613.5723 4473584.7427 0))",2508823,Verde,Línea,6
"MULTILINESTRING Z ((441074.989 4478393.7427 0,441074.6557 4478388.9927 0))",2509074,Verde,Línea,1
"MULTILINESTRING Z ((439843.0168 4479077.1872 0,439845.4612 4479081.8538 0,439846.8501 4479084.2983 0,439848.5723 4479090.3538 0,439849.0168 4479091.5761 0))",2509204,Verde,Línea,3
"MULTILINESTRING Z ((439925.1588 4479105.9752 0,439925.9653 4479107.1769 0,439929.0106 4479110.6337 0))",2509209,Verde,Línea,1
"MULTILINESTRING Z ((442554.4076 4473841.6404 0,442522.8199 4473962.2648 0))",2509210,Azul,Línea,25
"MULTILINESTRING Z ((439966.6279 4479117.7427 0,439962.2946 4479118.5205 0,439960.7946 4479118.6316 0))",2509211,Verde,Línea,1
"MULTILINESTRING Z ((442487.4481 4474095.1936 0,442451.826 4474229.5871 0))",2509214,Azul,Línea,28
"MULTILINESTRING Z ((439852.9242 4478919.2798 0,439852.2205 4478930.7242 0))",2509221,Verde,Línea,2
"MULTILINESTRING Z ((439913.0353 4478896.7613 0,439911.5908 4478906.2798 0))",2509229,Verde,Línea,2
"MULTILINESTRING Z ((439907.5168 4478932.5761 0,439909.4612 4478920.0205 0))",2509232,Verde,Línea,2
"MULTILINESTRING Z ((439981.739 4479014.2983 0,439995.9612 4479016.4094 0))",2509240,Azul,Línea,2
"MULTILINESTRING Z ((439739.0627 4478881.7228 0,439741.7294 4478886.5843 0))",2509247,Verde,Línea,1
"MULTILINESTRING Z ((439901.9612 4478873.3538 0,439900.7946 4478868.0205 0))",2509261,Verde,Línea,1
"MULTILINESTRING Z ((439942.2946 4478742.8477 0,439950.2452 4478743.9094 0))",2509269,Verde,Línea,1
"MULTILINESTRING Z ((439921.4057 4478718.4927 0,439918.5723 4478728.0761 0))",2509272,Verde,Línea,2
"MULTILINESTRING Z ((439897.7267 4478797.7613 0,439902.2452 4478782.8477 0,439917.4304 4478731.6872 0))",2509273,Verde,Línea,14
"MULTILINESTRING Z ((440094.7719 4478762.3209 0,440109.7184 4478764.1316 0))",2509282,Verde,Línea,3
"MULTILINESTRING Z ((440000.3522 4478750.5185 0,440015.9571 4478752.4938 0))",2509294,Verde,Línea,3
"MULTILINESTRING Z ((440073.381 4478770.823 0,440066.6896 4478781.8106 0))",2509297,Verde,Línea,2
"MULTILINESTRING Z ((440057.5044 4478797.1851 0,440041.4715 4478825.1193 0))",2509300,Verde,Línea,6
"MULTILINESTRING Z ((440012.8131 4479165.3662 0,439995.2575 4479161.1934 0))",2509311,Verde,Línea,3
"MULTILINESTRING Z ((440141.9736 4479177.0699 0,440143.776 4479172.3045 0))",2509323,Verde,Línea,1
"MULTILINESTRING Z ((440149.6032 4479156.9711 0,440145.455 4479167.8847 0))",2509324,Verde,Línea,2
"MULTILINESTRING Z ((440168.4427 4479102.0329 0,440172.3686 4479104.2551 0))",2509326,Verde,Línea,1
"MULTILINESTRING Z ((440033.2575 4479109.8765 0,440035.7102 4479101.6296 0))",2509335,Verde,Línea,1
"MULTILINESTRING Z ((440022.953 4479095.8353 0,440032.3192 4479098.3374 0))",2509338,Verde,Línea,2
"MULTILINESTRING Z ((440022.9365 4479086.5185 0,440017.1258 4479084.9218 0))",2509341,Verde,Línea,1
"MULTILINESTRING Z ((440142.8871 4479052.1687 0,440144.2575 4479037.0946 0))",2509348,Verde,Línea,3
"MULTILINESTRING Z ((440089.1464 4478946.9464 0,440090.9983 4478951.2798 0))",2509351,Verde,Línea,1
"MULTILINESTRING Z ((440209.5908 4478976.8353 0,440213.8501 4478977.8353 0))",2509354,Verde,Línea,1
"MULTILINESTRING Z ((440261.5044 4479355.6625 0,440252.9365 4479360.8724 0))",2509360,Verde,Línea,2
"MULTILINESTRING Z ((443500.9057 4478358.2427 0,443502.8223 4478368.9094 0))",2509382,Verde,Línea,2
"MULTILINESTRING Z ((440056.0723 4479249.9259 0,440052.0888 4479247.3744 0))",2509386,Verde,Línea,1
"MULTILINESTRING Z ((440321.1752 4479149.3004 0,440316.9283 4479148.181 0))",2509396,Verde,Línea,1
"MULTILINESTRING Z ((440299.6279 4479183.7119 0,440291.8501 4479188.2551 0))",2509402,Verde,Línea,1
"MULTILINESTRING Z ((440279.6279 4479195.4897 0,440287.0847 4479191.0205 0))",2509404,Verde,Línea,1
"MULTILINESTRING Z ((440230.1464 4479272.1316 0,440228.8501 4479261.7242 0,440228.8131 4479260.9094 0,440228.8871 4479258.539 0,440229.9242 4479254.9835 0))",2509428,Verde,Línea,3
"MULTILINESTRING Z ((440206.311 4479199.0891 0,440209.8775 4479193.1303 0))",2509441,Verde,Línea,1
"MULTILINESTRING Z ((440159.5538 4479279.1687 0,440186.2452 4479233.4897 0))",2509443,Verde,Línea,11
"MULTILINESTRING Z ((440199.1505 4479211.2921 0,440203.1176 4479204.4773 0))",2509445,Verde,Línea,1
"MULTILINESTRING Z ((440154.739 4479169.9835 0,440157.1834 4479163.3909 0))",2509450,Verde,Línea,1
"MULTILINESTRING Z ((440142.2575 4479201.4279 0,440145.1834 4479194.0946 0))",2509452,Verde,Línea,1
"MULTILINESTRING Z ((440128.3686 4479235.1687 0,440123.8871 4479245.465 0))",2509453,Verde,Línea,2
"MULTILINESTRING Z ((440118.9256 4479256.6803 0,440121.5483 4479250.7434 0))",2509456,Verde,Línea,1
"MULTILINESTRING Z ((441986.739 4477618.2427 0,441976.3223 4477596.4927 0))",2509463,Azul,Línea,5
"MULTILINESTRING Z ((439844.7966 4479068.4444 0,439859.6937 4479069.5802 0))",2509464,Verde,Línea,3
"MULTILINESTRING Z ((440119.2075 4478205.1319 0,440119.2075 4478204.5198 0,440118.2688 4478197.7245 0))",2509472,Verde,Línea,1
"MULTILINESTRING Z ((440850.3686 4482089.0946 0,440847.8501 4482088.6131 0))",2509500,Verde,Batería,1
"MULTILINESTRING Z ((439422.8223 4476543.8261 0,439421.489 4476521.2427 0))",2509503,Azul,Línea,4
"MULTILINESTRING Z ((439422.989 4476454.7427 0,439423.8223 4476474.2427 0))",2509504,Azul,Línea,4
"MULTILINESTRING Z ((439391.739 4476445.6594 0,439409.739 4476444.2427 0))",2509506,Verde,Línea,3
"MULTILINESTRING Z ((440762.3439 4481923.0205 0,440728.9612 4481903.8106 0))",2509514,Verde,Batería,15
"MULTILINESTRING Z ((441640.8223 4478622.1594 0,441641.4057 4478629.2427 0))",2509596,Verde,Línea,1
"MULTILINESTRING Z ((441741.0168 4478770.1316 0,441750.9057 4478769.2983 0))",2509625,Verde,Batería,4
"MULTILINESTRING Z ((441742.0168 4478758.2427 0,441738.9057 4478758.5761 0))",2509626,Verde,Línea,1
"MULTILINESTRING Z ((441692.6834 4478774.2983 0,441679.5723 4478775.465 0))",2509631,Verde,Batería,6
"MULTILINESTRING Z ((441663.239 4478776.9094 0,441675.4612 4478775.7983 0))",2509632,Verde,Batería,6
"MULTILINESTRING Z ((441788.9991 4475422.2005 0,441791.0534 4475437.2952 0))",2509650,Azul,Batería,6
"MULTILINESTRING Z ((439275.4139 4477480.1755 0,439274.5799 4477485.5308 0))",2509652,Azul,Línea,1
"MULTILINESTRING Z ((442499.9171 4474254.4013 0,442506.1702 4474253.9788 0))",2509653,Verde,Línea,1
"MULTILINESTRING Z ((439376.0353 4477408.6501 0,439375.3316 4477397.539 0))",2509671,Verde,Línea,2
"MULTILINESTRING Z ((438211.8884 4475457.4827 0,438194.6867 4475482.453 0))",2509680,Verde,Línea,6
"MULTILINESTRING Z ((439758.0476 4477445.1193 0,439756.5908 4477419.3909 0))",2509691,Verde,Línea,5
"MULTILINESTRING Z ((442798.6867 4475245.7545 0,442813.4594 4475244.5148 0))",2509742,Verde,Línea,3
"MULTILINESTRING Z ((440291.8131 4477483.7613 0,440292.2946 4477498.6131 0,440292.5168 4477506.0946 0))",2509815,Azul,Línea,4
"MULTILINESTRING Z ((440291.5538 4477475.7242 0,440291.4057 4477471.3909 0))",2509817,Azul,Línea,1
"MULTILINESTRING Z ((439451.6773 4477351.2674 0,439452.4612 4477363.3538 0))",2509818,Azul,Línea,2
"MULTILINESTRING Z ((439215.5456 4477331.5226 0,439221.3398 4477331.5884 0))",2509842,Verde,Línea,1
"MULTILINESTRING Z ((443112.4057 4475442.0761 0,443111.3501 4475428.0205 0))",2509868,Verde,Línea,3
"MULTILINESTRING Z ((442969.3223 4475511.7427 0,442967.8223 4475491.7427 0))",2509878,Verde,Línea,4
"MULTILINESTRING Z ((439381.4427 4477054.2057 0,439390.2205 4477044.0946 0,439394.1464 4477039.6501 0))",2509925,Verde,Línea,4
"MULTILINESTRING Z ((439369.7513 4477069.7859 0,439371.9242 4477065.1687 0,439381.2822 4477054.4279 0))",2509926,Verde,Línea,4
"MULTILINESTRING Z ((439514.1464 4477066.9135 0,439510.4592 4477063.7201 0))",2509976,Verde,Línea,1
"MULTILINESTRING Z ((439716.204 4476894.1399 0,439722.3439 4476881.2839 0))",2509984,Verde,Línea,3
"MULTILINESTRING Z ((439815.1999 4476853.3004 0,439818.2122 4476854.716 0))",2510000,Verde,Línea,1
"MULTILINESTRING Z ((440720.9057 4476361.7427 0,440735.4057 4476360.4927 0))",2510006,Verde,Batería,4
"MULTILINESTRING Z ((440747.989 4476359.3261 0,440736.739 4476360.4094 0))",2510007,Verde,Batería,4
"MULTILINESTRING Z ((440850.0723 4475256.9927 0,440838.989 4475236.2427 0))",2510268,Verde,Línea,3
"MULTILINESTRING Z ((439935.4057 4476851.6594 0,439938.6557 4476899.6594 0))",2510301,Verde,Línea,10
"MULTILINESTRING Z ((439782.4674 4476728.2798 0,439782.7807 4476733.3261 0))",2510304,Verde,Línea,1
"MULTILINESTRING Z ((439572.8295 4476831.9012 0,439580.3028 4476831.4073 0))",2510318,Verde,Batería,3
"MULTILINESTRING Z ((439595.4633 4476832.4938 0,439597.1341 4476832.4032 0,439598.9118 4476831.9341 0))",2510319,Verde,Batería,2
"MULTILINESTRING Z ((439626.7143 4476803.0699 0,439610.5415 4476835.86 0))",2510322,Verde,Batería,14
"MULTILINESTRING Z ((440100.1711 4476977.539 0,440097.702 4476934.0329 0))",2510324,Verde,Línea,9
"MULTILINESTRING Z ((440196.4674 4477088.3785 0,440200.5723 4477080.8261 0))",2510328,Azul,Línea,2
"MULTILINESTRING Z ((439438.2205 4478687.4279 0,439436.9983 4478687.9835 0,439435.5168 4478689.1687 0))",2510363,Verde,Línea,1
"MULTILINESTRING Z ((439147.6937 4478521.6954 0,439149.8501 4478526.1563 0))",2510364,Azul,Línea,1
"MULTILINESTRING Z ((439794.6279 4477874.0205 0,439795.6279 4477871.6316 0))",2510367,Verde,Batería,1
"MULTILINESTRING Z ((439256.1711 4477600.8477 0,439260.4921 4477598.502 0))",2510368,Verde,Línea,1
"MULTILINESTRING Z ((439557.5168 4477812.7242 0,439559.5538 4477806.1687 0))",2510370,Verde,Línea,1
"MULTILINESTRING Z ((439549.8007 4477837.7366 0,439551.2822 4477832.9218 0))",2510372,Verde,Línea,1
"MULTILINESTRING Z ((439527.9612 4478797.7613 0,439523.2946 4478776.2798 0))",2510387,Azul,Línea,4
"MULTILINESTRING Z ((439517.0106 4478746.7242 0,439518.5415 4478753.0946 0))",2510388,Azul,Línea,1
"MULTILINESTRING Z ((439262.4427 4478778.1316 0,439266.5168 4478790.181 0))",2510421,Verde,Línea,2
"MULTILINESTRING Z ((439224.3522 4478673.2949 0,439227.8967 4478682.6995 0))",2510424,Verde,Línea,2
"MULTILINESTRING Z ((439205.6361 4478625.9588 0,439209.8172 4478635.4238 0))",2510425,Verde,Línea,2
"MULTILINESTRING Z ((439055.8995 4478365.8847 0,439056.2699 4478367.0452 0,439056.9859 4478368.3785 0,439058.2205 4478370.1563 0))",2510432,Azul,Batería,2
"MULTILINESTRING Z ((439069.8748 4478373.3909 0,439067.2822 4478373.8106 0))",2510434,Azul,Batería,1
"MULTILINESTRING Z ((439327.9242 4478667.0946 0,439327.5168 4478667.6131 0,439326.0723 4478669.9094 0,439313.8501 4478687.9835 0))",2510447,Verde,Línea,5
"MULTILINESTRING Z ((439171.7651 4478364.8943 0,439164.6649 4478358.3374 0))",2510454,Verde,Línea,2
"MULTILINESTRING Z ((441281.239 4472465.5761 0,441345.9057 4472460.4094 0))",2510455,Verde,Línea,13
"MULTILINESTRING Z ((439178.0312 4478370.6666 0,439174.4921 4478367.4073 0))",2510464,Verde,Línea,1
"MULTILINESTRING Z ((439153.0353 4478516.7736 0,439150.8625 4478512.3292 0))",2510478,Verde,Línea,1
"MULTILINESTRING Z ((439289.239 4478540.6872 0,439268.6834 4478548.6316 0))",2510493,Verde,Línea,4
"MULTILINESTRING Z ((439257.702 4478552.9835 0,439262.5538 4478551.1687 0))",2510495,Verde,Línea,1
"MULTILINESTRING Z ((439250.964 4478457.4375 0,439255.595 4478462.8257 0))",2510500,Verde,Línea,1
"MULTILINESTRING Z ((439243.2944 4478448.9298 0,439246.7768 4478452.7414 0))",2510503,Verde,Línea,1
"MULTILINESTRING Z ((439258.6649 4478412.1563 0,439273.8501 4478426.9464 0))",2510510,Verde,Línea,4
"MULTILINESTRING Z ((439184.3028 4478331.7695 0,439188.0229 4478332.8888 0,439193.4427 4478335.7242 0))",2510511,Verde,Línea,2
"MULTILINESTRING Z ((439235.8419 4478297.0095 0,439220.0229 4478276.1069 0))",2510515,Verde,Línea,5
"MULTILINESTRING Z ((439344.1279 4478399.0205 0,439346.9612 4478400.7427 0,439348.4612 4478403.0205 0,439349.1279 4478403.8538 0))",2510535,Verde,Línea,1
"MULTILINESTRING Z ((442446.962 4475582.6999 0,442420.2663 4475584.6683 0))",2510571,Verde,Línea,5
"MULTILINESTRING Z ((439482.2699 4478548.181 0,439483.5291 4478550.2798 0))",2510574,Verde,Batería,1
"MULTILINESTRING Z ((439427.1464 4478551.3538 0,439432.1464 4478564.6501 0))",2510583,Verde,Línea,2
"MULTILINESTRING Z ((439471.5044 4478646.6255 0,439465.8501 4478639.218 0))",2510585,Verde,Línea,2
"MULTILINESTRING Z ((443075.1834 4478682.965 0,443070.5168 4478682.8538 0))",2510587,Verde,Línea,1
"MULTILINESTRING Z ((439402.0353 4478624.7613 0,439402.5538 4478622.7983 0,439403.5168 4478620.1687 0))",2510590,Verde,Batería,2
"MULTILINESTRING Z ((439397.0353 4478481.539 0,439401.4797 4478467.5761 0))",2510613,Verde,Línea,3
"MULTILINESTRING Z ((439541.7184 4478558.1728 0,439569.3727 4478608.181 0))",2510615,Verde,Línea,12
"MULTILINESTRING Z ((439741.4797 4477985.6501 0,439743.5538 4477981.4279 0))",2510621,Verde,Línea,1
"MULTILINESTRING Z ((439733.6526 4477970.2798 0,439744.1834 4477971.1687 0))",2510624,Verde,Línea,2
"MULTILINESTRING Z ((439720.3316 4477893.2798 0,439717.4427 4477892.9464 0))",2510639,Azul,Línea,1
"MULTILINESTRING Z ((439706.5168 4477891.6872 0,439717.0353 4477892.9094 0))",2510641,Azul,Batería,4
"MULTILINESTRING Z ((439688.1834 4477890.1872 0,439695.8501 4477890.9094 0))",2510645,Azul,Batería,3
"MULTILINESTRING Z ((439707.1834 4477965.3538 0,439708.3316 4477926.7242 0,439708.739 4477919.465 0,439709.2205 4477913.2798 0))",2510648,Verde,Línea,10
"MULTILINESTRING Z ((439706.6279 4477979.2983 0,439706.8501 4477975.1316 0))",2510650,Verde,Línea,1
"MULTILINESTRING Z ((439562.739 4478024.3168 0,439570.5908 4478025.502 0))",2510658,Verde,Línea,1
"MULTILINESTRING Z ((439542.1958 4478009.9423 0,439546.6402 4478010.3868 0))",2510660,Verde,Línea,1
"MULTILINESTRING Z ((439518.1629 4477935.8518 0,439516.7472 4477940.3127 0))",2510665,Verde,Línea,1
"MULTILINESTRING Z ((439444.1464 4477874.6008 0,439517.0847 4477885.4897 0))",2510667,Verde,Línea,16
"MULTILINESTRING Z ((439522.776 4477886.3538 0,439532.0353 4477887.502 0))",2510668,Verde,Línea,2
"MULTILINESTRING Z ((439607.8007 4477880.8971 0,439600.2946 4477880.1069 0))",2510673,Azul,Batería,3
"MULTILINESTRING Z ((439616.9612 4477881.8353 0,439641.8501 4477884.5761 0))",2510674,Azul,Batería,9
"MULTILINESTRING Z ((439321.4304 4477924.8477 0,439325.8995 4477927.2427 0))",2510680,Azul,Línea,1
"MULTILINESTRING Z ((439332.3933 4477930.8724 0,439336.6402 4477933.5143 0))",2510683,Azul,Línea,1
"MULTILINESTRING Z ((439774.7819 4477778.3378 0,439785.351 4477781.7275 0))",2510727,Verde,Línea,2
"MULTILINESTRING Z ((439697.9983 4477795.0576 0,439701.4427 4477784.0946 0))",2510733,Verde,Línea,2
"MULTILINESTRING Z ((439720.8625 4477723.0946 0,439723.1588 4477715.8847 0))",2510742,Azul,Línea,1
"MULTILINESTRING Z ((439815.2205 4477693.8353 0,439863.6649 4477709.2427 0))",2510748,Verde,Batería,20
"MULTILINESTRING Z ((439801.6649 4477689.539 0,439814.5538 4477693.6131 0))",2510751,Verde,Batería,5
"MULTILINESTRING Z ((439743.1464 4477671.0205 0,439772.5538 4477680.2798 0))",2510752,Verde,Batería,11
"MULTILINESTRING Z ((439785.2904 4477684.2962 0,439787.9406 4477685.1357 0))",2510753,Verde,Batería,1
"MULTILINESTRING Z ((439619.776 4477641.1687 0,439639.5908 4477647.539 0))",2510755,Verde,Línea,4
"MULTILINESTRING Z ((439717.702 4477703.3662 0,439724.6649 4477681.8353 0))",2510766,Verde,Línea,4
"MULTILINESTRING Z ((439708.0476 4477733.7859 0,439714.8378 4477712.181 0))",2510768,Verde,Línea,4
"MULTILINESTRING Z ((439719.6279 4477673.0205 0,439674.1094 4477658.465 0))",2510770,Verde,Línea,10
"MULTILINESTRING Z ((439615.1834 4477630.3168 0,439599.0723 4477625.1316 0))",2510787,Verde,Batería,6
"MULTILINESTRING Z ((439251.1834 4477811.2798 0,439264.5538 4477804.0576 0,439267.9242 4477802.1316 0))",2510792,Verde,Línea,4
"MULTILINESTRING Z ((439422.5908 4477665.9588 0,439424.5908 4477659.3415 0))",2510799,Verde,Batería,2
"MULTILINESTRING Z ((439518.1958 4477599.6872 0,439528.4427 4477603.0205 0))",2510808,Verde,Batería,4
"MULTILINESTRING Z ((439536.5168 4477605.7119 0,439544.3933 4477608.2551 0))",2510866,Verde,Batería,3
"MULTILINESTRING Z ((439552.3439 4477610.6995 0,439557.9489 4477612.4279 0))",2510867,Verde,Batería,2
"MULTILINESTRING Z ((439439.8131 4477573.2798 0,439396.4797 4477559.7613 0))",2510868,Verde,Batería,16
"MULTILINESTRING Z ((439355.4633 4477557.5143 0,439345.5374 4477554.3045 0))",2510869,Verde,Línea,2
"MULTILINESTRING Z ((439313.3316 4477524.7613 0,439313.9242 4477526.0205 0,439315.1464 4477527.7983 0,439316.3686 4477529.2798 0,439317.9983 4477531.0205 0,439318.9612 4477531.8353 0))",2510870,Verde,Línea,1
"MULTILINESTRING Z ((439330.2205 4477538.6131 0,439328.6279 4477537.9835 0,439324.2946 4477535.7242 0))",2510871,Verde,Línea,1
"MULTILINESTRING Z ((439302.3316 4477576.0205 0,439265.3686 4477596.0205 0))",2510872,Verde,Línea,9
"MULTILINESTRING Z ((439306.6402 4477573.9588 0,439320.1711 4477566.7242 0))",2510873,Verde,Línea,3
"MULTILINESTRING Z ((439119.5538 4477625.2674 0,439122.5415 4477628.9958 0))",2510875,Verde,Línea,1
"MULTILINESTRING Z ((439633.5723 4477763.9094 0,439634.9612 4477759.7427 0))",2510893,Verde,Línea,1
"MULTILINESTRING Z ((439622.5662 4477632.823 0,439627.9489 4477634.5267 0))",2510898,Verde,Batería,2
"MULTILINESTRING Z ((439628.2699 4477634.6255 0,439643.2822 4477639.3415 0))",2510899,Verde,Batería,6
"MULTILINESTRING Z ((439149.8871 4478526.2057 0,439170.5538 4478568.9464 0,439200.4797 4478631.8724 0))",2510910,Azul,Línea,24
"MULTILINESTRING Z ((439299.5538 4478536.7613 0,439289.1834 4478540.7613 0))",2510912,Verde,Línea,2
"MULTILINESTRING Z ((439294.9057 4478506.8538 0,439284.2946 4478487.2427 0,439281.9612 4478483.0761 0,439279.5168 4478479.5205 0,439267.5723 4478466.1872 0))",2510913,Verde,Línea,10
"MULTILINESTRING Z ((439149.6773 4478326.9958 0,439153.0106 4478326.5761 0,439156.1711 4478326.3045 0,439159.4304 4478326.3292 0,439163.3316 4478326.7983 0,439183.8995 4478331.6625 0))",2510915,Verde,Línea,7
"MULTILINESTRING Z ((439143.0353 4478338.2057 0,439164.4797 4478358.1687 0))",2510916,Verde,Línea,6
"MULTILINESTRING Z ((439551.4084 4478010.8641 0,439556.0723 4478011.4019 0))",2510918,Verde,Línea,1
"MULTILINESTRING Z ((439350.2452 4477862.1563 0,439359.6773 4477863.144 0))",2510922,Verde,Línea,2
"MULTILINESTRING Z ((439601.0168 4478814.2983 0,439591.2946 4478816.3538 0))",2510970,Azul,Línea,2
"MULTILINESTRING Z ((439583.5127 4478818.074 0,439588.5332 4478816.9876 0))",2510971,Azul,Línea,1
"MULTILINESTRING Z ((439570.0476 4478820.9464 0,439579.4304 4478818.9218 0))",2510972,Azul,Línea,2
"MULTILINESTRING Z ((439547.9983 4478909.502 0,439546.5908 4478910.0576 0,439534.5908 4478915.502 0))",2510976,Verde,Línea,3
"MULTILINESTRING Z ((439524.6649 4478919.9835 0,439503.4427 4478929.5761 0))",2510977,Verde,Línea,5
"MULTILINESTRING Z ((439432.4057 4478963.4094 0,439435.8223 4478960.8261 0,439439.5723 4478958.6594 0,439446.489 4478955.0761 0,439454.0723 4478951.4927 0,439461.739 4478948.3261 0,439497.489 4478932.3261 0))",2510978,Verde,Línea,15
"MULTILINESTRING Z ((439396.3316 4479003.1687 0,439405.3316 4478988.9094 0,439406.9983 4478986.6872 0,439408.3686 4478985.0946 0,439413.739 4478979.465 0,439419.0353 4478974.2798 0,439422.9612 4478970.7983 0,439428.3316 4478966.465 0))",2510979,Verde,Línea,10
"MULTILINESTRING Z ((439556.6649 4478826.7983 0,439560.702 4478825.9094 0,439569.9612 4478823.9835 0))",2510981,Azul,Línea,2
"MULTILINESTRING Z ((439588.4427 4479002.2427 0,439583.739 4478987.7613 0,439558.5908 4478908.539 0))",2510982,Verde,Línea,20
"MULTILINESTRING Z ((439751.1434 4474502.4631 0,439757.6301 4474510.8783 0))",2510984,Verde,Línea,2
"MULTILINESTRING Z ((439445.0353 4479048.5761 0,439476.776 4479047.502 0))",2511112,Verde,Línea,6
"MULTILINESTRING Z ((439417.8131 4479049.9464 0,439431.6649 4479048.6872 0))",2511114,Verde,Línea,2
"MULTILINESTRING Z ((439498.9612 4479033.4279 0,439500.1834 4479030.6131 0,439501.9983 4479027.0946 0,439503.776 4479024.8353 0,439504.9612 4479023.6501 0,439506.2205 4479022.6131 0,439507.8501 4479021.465 0,439509.9242 4479020.3909 0,439513.5538 4479019.465 0,439518.0353 4479019.0205 0))",2511116,Verde,Línea,5
"MULTILINESTRING Z ((439508.2946 4479013.3538 0,439506.8501 4479013.9094 0,439501.739 4479016.7983 0,439498.5168 4479019.9094 0,439496.3501 4479022.965 0,439495.1279 4479024.965 0,439491.7946 4479032.2427 0,439490.5723 4479035.1316 0,439489.239 4479036.9094 0,439487.0168 4479038.7427 0,439484.7946 4479039.7983 0,439482.4057 4479040.1316 0,439458.1279 4479040.6872 0))",2511117,Verde,Línea,13
"MULTILINESTRING Z ((439579.4612 4479014.1872 0,439523.239 4479018.5761 0))",2511119,Verde,Línea,11
"MULTILINESTRING Z ((439578.9057 4479006.6316 0,439522.6279 4479011.465 0))",2511120,Verde,Línea,11
"MULTILINESTRING Z ((439687.3438 4478985.1587 0,439685.1679 4478975.242 0))",2511127,Verde,Batería,4
"MULTILINESTRING Z ((439699.6771 4479039.0105 0,439696.9734 4479026.1957 0))",2511129,Verde,Batería,5
"MULTILINESTRING Z ((439703.2395 4479050.1367 0,439703.4426 4479052.5044 0,439703.8623 4479060.1093 0))",2511130,Verde,Batería,4
"MULTILINESTRING Z ((439737.455 4478927.2427 0,439746.0723 4478943.6131 0))",2511135,Verde,Línea,4
"MULTILINESTRING Z ((439746.7061 4479025.3168 0,439743.4797 4479019.7201 0))",2511141,Verde,Batería,3
"MULTILINESTRING Z ((439763.5168 4479022.7983 0,439756.0723 4479008.7983 0))",2511142,Verde,Batería,7
"MULTILINESTRING Z ((439736.6155 4478995.539 0,439744.8131 4479011.144 0))",2511148,Verde,Línea,3
"MULTILINESTRING Z ((439723.1505 4478970.1069 0,439727.8913 4478979.0617 0))",2511151,Verde,Línea,2
"MULTILINESTRING Z ((439770.0476 4478981.7613 0,439776.9612 4478995.0452 0))",2511155,Verde,Línea,3
"MULTILINESTRING Z ((439782.4098 4479005.5308 0,439788.6978 4479017.6296 0))",2511156,Verde,Línea,2
"MULTILINESTRING Z ((439791.9242 4479023.8244 0,439794.514 4479028.7956 0))",2511157,Verde,Línea,1
"MULTILINESTRING Z ((439796.9941 4479033.5802 0,439799.2164 4479037.8106 0))",2511158,Verde,Línea,1
"MULTILINESTRING Z ((439616.4427 4479074.0946 0,439618.9612 4479074.0205 0,439691.6279 4479068.7613 0))",2511160,Verde,Línea,14
"MULTILINESTRING Z ((439807.739 4479054.1316 0,439815.9612 4479069.7427 0))",2511163,Verde,Línea,4
"MULTILINESTRING Z ((439847.9057 4479216.4094 0,439878.3223 4479200.9094 0))",2511175,Verde,Línea,7
"MULTILINESTRING Z ((439839.1176 4479113.8271 0,439841.1258 4479117.646 0))",2511180,Verde,Línea,1
"MULTILINESTRING Z ((439818.4057 4479074.3168 0,439823.0723 4479083.2057 0))",2511181,Verde,Línea,2
"MULTILINESTRING Z ((439862.8501 4479351.1316 0,439846.8501 4479315.8538 0))",2511191,Verde,Línea,8
"MULTILINESTRING Z ((439772.1998 4479222.5373 0,439790.7512 4479214.6031 0))",2511199,Verde,Línea,4
"MULTILINESTRING Z ((439747.3316 4479164.0205 0,439778.4057 4479199.539 0))",2511201,Verde,Batería,19
"MULTILINESTRING Z ((439479.2081 4479275.2427 0,439483.4797 4479274.8724 0))",2511234,Verde,Línea,1
"MULTILINESTRING Z ((439472.239 4479267.7983 0,439498.7946 4479265.9094 0))",2511235,Verde,Línea,5
"MULTILINESTRING Z ((439509.2575 4479265.2057 0,439535.8871 4479263.1316 0))",2511237,Verde,Línea,5
"MULTILINESTRING Z ((439850.7314 4479461.6259 0,439852.4549 4479466.3439 0))",2511250,Verde,Línea,1
"MULTILINESTRING Z ((439763.739 4479551.465 0,439753.0353 4479555.1687 0))",2511254,Verde,Batería,5
"MULTILINESTRING Z ((439762.739 4479566.539 0,439804.3316 4479552.0576 0))",2511255,Verde,Línea,9
"MULTILINESTRING Z ((439837.4797 4479557.7613 0,439841.2575 4479551.9835 0))",2511258,Verde,Línea,1
"MULTILINESTRING Z ((439832.8501 4479564.7427 0,439829.1834 4479570.3538 0))",2511259,Verde,Línea,1
"MULTILINESTRING Z ((439800.6649 4479613.1687 0,439809.5168 4479599.6872 0))",2511260,Verde,Línea,3
"MULTILINESTRING Z ((439815.1094 4479576.7983 0,439784.8501 4479587.2798 0))",2511262,Verde,Batería,13
"MULTILINESTRING Z ((439738.6279 4479608.5205 0,439785.9057 4479592.2427 0))",2511263,Verde,Línea,12
"MULTILINESTRING Z ((439719.2328 4479615.2427 0,439711.2081 4479618.0082 0))",2511265,Verde,Línea,1
"MULTILINESTRING Z ((439690.1464 4479627.2057 0,439696.9242 4479646.0576 0))",2511267,Verde,Línea,4
"MULTILINESTRING Z ((439688.4057 4479655.965 0,439695.6279 4479676.3538 0))",2511269,Verde,Batería,8
"MULTILINESTRING Z ((441720.6557 4475322.9745 0,441755.2807 4475320.4745 0))",2511272,Verde,Línea,6
"MULTILINESTRING Z ((439651.2946 4479609.502 0,439639.2946 4479614.2427 0,439631.3686 4479617.465 0,439626.5908 4479619.8353 0,439615.4427 4479625.1316 0))",2511281,Verde,Batería,16
"MULTILINESTRING Z ((439606.7884 4479629.3662 0,439613.2081 4479626.2798 0))",2511282,Verde,Batería,3
"MULTILINESTRING Z ((439639.6279 4479595.8724 0,439676.5908 4479581.6501 0))",2511284,Verde,Batería,16
"MULTILINESTRING Z ((439742.9612 4479552.5761 0,439738.3501 4479540.4094 0))",2511287,Verde,Batería,6
"MULTILINESTRING Z ((439728.6649 4479557.9464 0,439721.702 4479538.7983 0))",2511288,Verde,Batería,8
"MULTILINESTRING Z ((439683.2946 4479402.9094 0,439679.4057 4479392.3538 0))",2511291,Verde,Línea,2
"MULTILINESTRING Z ((439647.8871 4479525.7242 0,439713.2575 4479533.3909 0))",2511294,Verde,Línea,13
"MULTILINESTRING Z ((439712.1876 4479526.1892 0,439696.7966 4479524.4115 0))",2511295,Verde,Línea,3
"MULTILINESTRING Z ((439706.4548 4479496.0452 0,439716.5906 4479522.7955 0))",2511297,Verde,Batería,12
"MULTILINESTRING Z ((439699.595 4479477.5966 0,439701.0929 4479481.7283 0))",2511300,Azul,Batería,2
"MULTILINESTRING Z ((439695.739 4479468.1316 0,439691.5168 4479456.5761 0))",2511302,Azul,Batería,5
"MULTILINESTRING Z ((439644.5307 4479410.0761 0,439649.1557 4479407.7011 0))",2511304,Verde,Línea,1
"MULTILINESTRING Z ((439588.6279 4479452.0761 0,439624.239 4479456.1316 0))",2511307,Verde,Batería,14
"MULTILINESTRING Z ((439617.9612 4479431.502 0,439600.1094 4479440.2427 0))",2511308,Verde,Batería,9
"MULTILINESTRING Z ((439537.6418 4479574.206 0,439524.7345 4479572.8169 0))",2511315,Verde,Batería,5
"MULTILINESTRING Z ((439508.2422 4479570.883 0,439517.1952 4479571.8853 0))",2511316,Verde,Batería,4
"MULTILINESTRING Z ((439488.5013 4479610.5549 0,439492.0899 4479586.4188 0))",2511317,Azul,Batería,9
"MULTILINESTRING Z ((439474.8416 4479608.5291 0,439478.2565 4479584.6245 0))",2511318,Verde,Batería,9
"MULTILINESTRING Z ((439493.5168 4479419.7983 0,439498.1834 4479417.0576 0,439504.4427 4479413.1687 0,439514.739 4479406.0946 0,439523.4057 4479399.502 0))",2511322,Verde,Línea,7
"MULTILINESTRING Z ((439484.9983 4479424.5761 0,439482.6279 4479425.8724 0,439473.739 4479430.539 0))",2511323,Verde,Línea,2
"MULTILINESTRING Z ((439445.1464 4479429.7613 0,439428.1834 4479427.9464 0))",2511334,Verde,Línea,3
"MULTILINESTRING Z ((439416.9612 4479426.7242 0,439372.1834 4479421.6501 0))",2511335,Verde,Línea,9
"MULTILINESTRING Z ((439269.1834 4479410.1687 0,439268.2575 4479460.5761 0))",2511351,Verde,Línea,10
"MULTILINESTRING Z ((439268.1464 4479466.3045 0,439267.3316 4479512.5267 0))",2511352,Verde,Línea,9
"MULTILINESTRING Z ((442738.5723 4473157.5761 0,442748.5723 4473156.3261 0))",2511659,Azul,Línea,1
"MULTILINESTRING Z ((439652.5991 4478807.6707 0,439659.3563 4478807.5884 0))",2511898,Azul,Línea,2
"MULTILINESTRING Z ((439633.8254 4478810.6008 0,439645.2328 4478810.1563 0))",2511900,Azul,Línea,2
"MULTILINESTRING Z ((440691.0797 4476467.9006 0,440711.2958 4476467.5692 0))",2511907,Verde,Línea,4
"MULTILINESTRING Z ((439731.0188 4478984.9382 0,439733.883 4478990.3703 0))",2511919,Verde,Línea,1
"MULTILINESTRING Z ((439866.776 4479172.5761 0,439822.6649 4479195.9464 0))",2511929,Verde,Línea,10
"MULTILINESTRING Z ((439872.2205 4479182.7983 0,439825.776 4479206.9094 0))",2511930,Verde,Batería,20
"MULTILINESTRING Z ((439802.4797 4479198.9094 0,439807.2205 4479196.6131 0))",2511940,Verde,Batería,2
"MULTILINESTRING Z ((439768.3686 4479554.5761 0,439793.776 4479545.7613 0))",2511982,Azul,Línea,5
"MULTILINESTRING Z ((439805.3316 4479541.7613 0,439830.3686 4479533.1687 0,439830.8131 4479533.2057 0))",2511983,Azul,Línea,5
"MULTILINESTRING Z ((439791.5723 4479513.9094 0,439826.239 4479502.0761 0))",2511984,Verde,Línea,7
"MULTILINESTRING Z ((439787.9057 4479502.5761 0,439798.9612 4479498.9094 0))",2511987,Verde,Batería,4
"MULTILINESTRING Z ((439780.9612 4479482.5761 0,439815.5723 4479470.6872 0))",2511990,Verde,Línea,7
"MULTILINESTRING Z ((439777.3501 4479471.5761 0,439788.239 4479467.6316 0))",2511991,Verde,Batería,4
"MULTILINESTRING Z ((439770.0393 4479451.6741 0,439793.8195 4479443.3715 0))",2511992,Verde,Línea,5
"MULTILINESTRING Z ((439777.4535 4479436.8456 0,439766.9984 4479440.4673 0))",2511993,Verde,Batería,4
"MULTILINESTRING Z ((439759.4057 4479420.6594 0,439793.4057 4479408.8261 0))",2511997,Verde,Línea,7
"MULTILINESTRING Z ((439755.5723 4479409.3261 0,439766.489 4479405.7427 0))",2511998,Verde,Batería,4
"MULTILINESTRING Z ((439782.5168 4479377.6872 0,439745.7946 4479390.465 0))",2511999,Verde,Línea,8
"MULTILINESTRING Z ((439746.5555 4479377.5624 0,439755.7818 4479374.4186 0))",2512000,Verde,Batería,4
"MULTILINESTRING Z ((439743.1464 4479350.3909 0,439748.776 4479348.3909 0))",2512001,Verde,Línea,1
"MULTILINESTRING Z ((439773.8131 4479339.7983 0,439772.702 4479339.9835 0,439771.776 4479340.2798 0,439754.739 4479346.3168 0))",2512002,Verde,Línea,4
"MULTILINESTRING Z ((441792.8846 4475197.3676 0,441771.468 4475198.951 0))",2512032,Azul,Línea,4
"MULTILINESTRING Z ((440805.4427 4478672.3538 0,440802.739 4478663.539 0))",2512043,Verde,Línea,2
"MULTILINESTRING Z ((440802.6834 4478663.465 0,440790.7946 4478624.5205 0))",2512050,Verde,Línea,8
"MULTILINESTRING Z ((441066.6771 4478632.134 0,441072.3808 4478631.6896 0))",2512081,Azul,Batería,2
"MULTILINESTRING Z ((440756.7946 4478515.0761 0,440758.239 4478519.6872 0))",2512124,Verde,Línea,1
"MULTILINESTRING Z ((440818.208 4478465.7142 0,440818.7018 4478471.7883 0))",2512134,Verde,Línea,1
"MULTILINESTRING Z ((440896.0168 4478515.2983 0,440891.1834 4478515.6872 0))",2512139,Verde,Batería,2
"MULTILINESTRING Z ((440890.9983 4478512.465 0,440896.1094 4478512.0576 0))",2512141,Verde,Batería,2
"MULTILINESTRING Z ((440970.1094 4478473.0576 0,440968.3316 4478452.7613 0))",2512142,Verde,Batería,8
"MULTILINESTRING Z ((440968.1834 4478450.7983 0,440967.2575 4478439.6872 0))",2512143,Verde,Batería,5
"MULTILINESTRING Z ((440873.8748 4478454.0822 0,440874.0723 4478457.2921 0))",2512145,Verde,Batería,1
"MULTILINESTRING Z ((440873.455 4478448.6995 0,440873.702 4478451.5884 0))",2512146,Verde,Batería,1
"MULTILINESTRING Z ((440873.0106 4478443.4156 0,440873.2575 4478446.2798 0))",2512147,Verde,Batería,1
"MULTILINESTRING Z ((440872.5908 4478438.2798 0,440872.8378 4478441.2427 0))",2512148,Verde,Batería,1
"MULTILINESTRING Z ((440872.1958 4478433.6625 0,440872.418 4478436.2551 0))",2512149,Verde,Batería,1
"MULTILINESTRING Z ((440908.6279 4478436.965 0,440909.3501 4478445.8538 0))",2512151,Verde,Batería,3
"MULTILINESTRING Z ((440910.6834 4478463.0205 0,440910.0168 4478454.1872 0))",2512152,Verde,Batería,3
"MULTILINESTRING Z ((440909.9612 4478466.2427 0,440902.0168 4478466.965 0,440900.739 4478467.5205 0))",2512153,Verde,Batería,4
"MULTILINESTRING Z ((441035.2946 4478344.1872 0,441034.9612 4478340.3538 0))",2512157,Verde,Línea,1
"MULTILINESTRING Z ((440876.9612 4478430.3909 0,440877.2946 4478434.0205 0))",2512165,Verde,Línea,1
"MULTILINESTRING Z ((440922.2205 4478118.9835 0,440922.5538 4478122.7613 0))",2512180,Verde,Batería,1
"MULTILINESTRING Z ((440808.6834 4478176.2427 0,440807.9057 4478167.6872 0))",2512184,Verde,Línea,1
"MULTILINESTRING Z ((440663.6031 4478366.3439 0,440652.8994 4478368.0105 0))",2512187,Verde,Línea,2
"MULTILINESTRING Z ((439645.455 4479491.5884 0,439646.4674 4479483.2674 0))",2512190,Verde,Línea,1
"MULTILINESTRING Z ((439657.5723 4479425.9094 0,439655.5723 4479444.7427 0))",2512192,Verde,Batería,8
"MULTILINESTRING Z ((439631.2575 4479460.6008 0,439641.4797 4479461.6625 0))",2512194,Verde,Batería,4
"MULTILINESTRING Z ((439585.0168 4479481.965 0,439617.2946 4479485.7983 0))",2512200,Verde,Línea,6
"MULTILINESTRING Z ((439590.6834 4479489.7983 0,439610.7946 4479492.0205 0))",2512206,Verde,Línea,4
"MULTILINESTRING Z ((439399.8131 4479289.3168 0,439399.4427 4479284.8724 0,439399.1834 4479281.8724 0))",2512216,Verde,Batería,3
"MULTILINESTRING Z ((439410.739 4479290.7983 0,439417.9612 4479290.1687 0,439418.1834 4479290.0946 0,439419.9983 4479288.7613 0))",2512217,Verde,Línea,2
"MULTILINESTRING Z ((439401.702 4479279.1687 0,439437.8871 4479276.539 0))",2512218,Verde,Línea,7
"MULTILINESTRING Z ((439683.5291 4479757.465 0,439686.1299 4479753.4156 0))",2512249,Verde,Línea,1
"MULTILINESTRING Z ((442765.989 4474079.9094 0,442765.9057 4474068.9927 0))",2512318,Verde,Línea,2
"MULTILINESTRING Z ((439472.5497 4479504.1481 0,439473.1094 4479508.395 0))",2512354,Verde,Línea,1
"MULTILINESTRING Z ((443757.8223 4476405.9094 0,443755.8223 4476405.8261 0,443754.8223 4476405.0761 0,443754.239 4476403.7427 0))",2512446,Verde,Línea,1
"MULTILINESTRING Z ((443595.3223 4476978.7427 0,443597.989 4476980.3261 0))",2512448,Verde,Línea,1
"MULTILINESTRING Z ((441563.1464 4477221.6872 0,441563.5538 4477220.8353 0,441564.4797 4477219.6872 0,441565.4057 4477218.9835 0,441566.5538 4477218.502 0))",2512449,Verde,Línea,1
"MULTILINESTRING Z ((444408.0012 4475977.242 0,444406.2512 4475987.3254 0))",2512453,Azul,Línea,2
"MULTILINESTRING Z ((444515.9242 4475954.8724 0,444524.0353 4475956.3168 0))",2512463,Azul,Línea,1
"MULTILINESTRING Z ((444657.8501 4476034.2057 0,444651.2081 4476033.0452 0))",2512473,Verde,Línea,1
"MULTILINESTRING Z ((444625.3316 4476028.5761 0,444629.9983 4476029.3909 0))",2512476,Verde,Línea,1
"MULTILINESTRING Z ((444600.3933 4476020.9711 0,444615.8007 4476023.7119 0))",2512478,Verde,Línea,3
"MULTILINESTRING Z ((444521.3069 4476010.5514 0,444579.8501 4476020.6995 0))",2512482,Verde,Línea,12
"MULTILINESTRING Z ((444406.5012 4476000.4087 0,444404.0845 4476014.992 0))",2512492,Azul,Línea,3
"MULTILINESTRING Z ((444398.5168 4476031.502 0,444401.1834 4476015.1316 0))",2512495,Azul,Línea,3
"MULTILINESTRING Z ((444409.2946 4475998.0761 0,444439.6834 4476003.4094 0))",2512496,Verde,Línea,6
"MULTILINESTRING Z ((444475.0353 4476063.1687 0,444450.0723 4476058.7983 0))",2512505,Verde,Línea,5
"MULTILINESTRING Z ((444401.1094 4476050.2057 0,444408.5908 4476051.502 0))",2512509,Verde,Línea,1
"MULTILINESTRING Z ((444407.8417 4476058.3706 0,444400.2912 4476057.2 0))",2512513,Verde,Línea,1
"MULTILINESTRING Z ((444385.702 4476106.539 0,444387.4427 4476095.7613 0))",2512517,Verde,Línea,2
"MULTILINESTRING Z ((444469.4057 4476123.7613 0,444451.9242 4476120.7983 0))",2512519,Verde,Línea,3
"MULTILINESTRING Z ((444456.8223 4476128.6594 0,444468.3223 4476130.4927 0))",2512522,Verde,Línea,2
"MULTILINESTRING Z ((444456.8131 4476182.0576 0,444452.9242 4476181.3538 0,444449.1834 4476180.5761 0,444446.5538 4476180.3909 0,444441.9983 4476180.7242 0,444427.9983 4476183.2427 0))",2512565,Verde,Línea,6
"MULTILINESTRING Z ((444462.8022 4476176.8371 0,444470.06 4476132.7634 0))",2512568,Verde,Línea,9
"MULTILINESTRING Z ((444478.0723 4476134.3261 0,444470.6557 4476178.2427 0))",2512601,Verde,Línea,9
"MULTILINESTRING Z ((440953.0723 4476339.9094 0,440940.8223 4476340.7427 0))",2512608,Verde,Línea,2
"MULTILINESTRING Z ((444494.5908 4476036.0946 0,444493.5908 4476041.7983 0))",2512609,Verde,Línea,1
"MULTILINESTRING Z ((444620.6014 4476034.8997 0,444643.37 4476038.9384 0))",2512619,Verde,Línea,4
"MULTILINESTRING Z ((444638.2946 4476091.8106 0,444643.7267 4476092.7489 0))",2512623,Verde,Línea,1
"MULTILINESTRING Z ((444633.6722 4476091.0028 0,444621.7322 4476088.8957 0))",2512625,Verde,Línea,2
"MULTILINESTRING Z ((444502.2452 4476067.9835 0,444527.2328 4476072.3538 0))",2512631,Verde,Línea,5
"MULTILINESTRING Z ((444490.989 4476073.1594 0,444501.8223 4476075.1594 0))",2512632,Verde,Línea,2
"MULTILINESTRING Z ((444515.9494 4476077.58 0,444526.7579 4476079.4529 0))",2512635,Verde,Línea,2
"MULTILINESTRING Z ((444542.0537 4476082.1453 0,444564.0609 4476086.0473 0))",2512638,Verde,Línea,3
"MULTILINESTRING Z ((444623.0012 4476096.3572 0,444614.1045 4476094.8354 0))",2512641,Verde,Línea,2
"MULTILINESTRING Z ((444627.702 4476150.7736 0,444637.8501 4476152.502 0))",2512647,Verde,Línea,2
"MULTILINESTRING Z ((444482.1211 4476126.0733 0,444500.9969 4476129.2773 0))",2512652,Verde,Línea,3
"MULTILINESTRING Z ((444488.6557 4476134.0761 0,444480.5723 4476132.7427 0))",2512653,Verde,Línea,1
"MULTILINESTRING Z ((444511.4231 4476137.9046 0,444524.0265 4476140.0897 0))",2512657,Verde,Línea,2
"MULTILINESTRING Z ((444617.0723 4476211.0576 0,444602.8501 4476208.465 0))",2512664,Verde,Línea,3
"MULTILINESTRING Z ((444478.8378 4476186.0082 0,444483.776 4476186.8971 0))",2512667,Verde,Línea,1
"MULTILINESTRING Z ((444667.4179 4476220.4087 0,444682.0012 4476222.992 0))",2512680,Verde,Línea,2
"MULTILINESTRING Z ((444696.0723 4476218.4094 0,444700.2946 4476194.4094 0))",2512685,Verde,Línea,5
"MULTILINESTRING Z ((444703.4612 4476175.6872 0,444701.4057 4476187.7427 0))",2512686,Verde,Línea,2
"MULTILINESTRING Z ((444720.5012 4476227.492 0,444732.9179 4476229.6587 0))",2512688,Verde,Línea,2
"MULTILINESTRING Z ((444746.1557 4476227.9927 0,444750.8223 4476202.4927 0))",2512690,Verde,Línea,5
"MULTILINESTRING Z ((444800.7595 4476235.5436 0,444806.9638 4476198.2009 0))",2512693,Verde,Línea,8
"MULTILINESTRING Z ((444770.6279 4476182.8538 0,444761.239 4476181.3538 0))",2512695,Verde,Línea,2
"MULTILINESTRING Z ((444776.1279 4476183.9094 0,444795.6834 4476187.4094 0))",2512696,Verde,Línea,4
"MULTILINESTRING Z ((444806.739 4476245.7427 0,444852.239 4476253.9927 0,444882.3223 4476259.6594 0))",2512697,Verde,Línea,16
"MULTILINESTRING Z ((444919.4016 4476265.8626 0,444894.7601 4476261.7069 0))",2512699,Verde,Línea,5
"MULTILINESTRING Z ((440937.4057 4476447.4078 0,440936.5319 4476432.2622 0))",2512723,Azul,Línea,3
"MULTILINESTRING Z ((444699.4057 4476154.9094 0,444706.0723 4476116.4927 0))",2512730,Verde,Línea,8
"MULTILINESTRING Z ((444706.6279 4476156.0761 0,444710.0723 4476137.3538 0))",2512731,Verde,Línea,4
"MULTILINESTRING Z ((444767.8651 4476122.1108 0,444808.2514 4476129.0759 0))",2512741,Verde,Línea,8
"MULTILINESTRING Z ((444820.4427 4476062.502 0,444809.1094 4476060.539 0))",2512767,Verde,Línea,2
"MULTILINESTRING Z ((444728.3501 4475989.465 0,444742.4057 4475991.7983 0))",2512782,Azul,Línea,3
"MULTILINESTRING Z ((444967.5538 4476052.8724 0,444962.2205 4476084.6501 0,444961.8995 4476085.9341 0))",2512837,Verde,Línea,7
"MULTILINESTRING Z ((444996.239 4476038.2427 0,445005.3223 4476040.1594 0,445014.9057 4476042.4094 0,445023.4057 4476044.9927 0))",2512844,Azul,Línea,6
"MULTILINESTRING Z ((445021.1679 4476143.242 0,445030.2512 4476148.8254 0))",2512850,Verde,Línea,2
"MULTILINESTRING Z ((445052.739 4476170.2427 0,445058.4427 4476161.4279 0))",2512856,Verde,Línea,2
"MULTILINESTRING Z ((445163.381 4476173.8106 0,445167.2328 4476167.7613 0))",2512865,Verde,Batería,2
"MULTILINESTRING Z ((445131.2248 4476302.1517 0,445133.9758 4476299.2252 0))",2512887,Verde,Línea,1
"MULTILINESTRING Z ((440943.3588 4476620.0325 0,440936.3688 4476516.057 0))",2512971,Verde,Línea,21
"MULTILINESTRING Z ((445085.7512 4476519.492 0,445096.5012 4476526.1587 0))",2513119,Verde,Batería,4
"MULTILINESTRING Z ((445122.1464 4476508.502 0,445127.2946 4476499.9464 0))",2513122,Verde,Línea,2
"MULTILINESTRING Z ((445064.3439 4476403.7613 0,445068.2946 4476406.2798 0))",2513141,Verde,Línea,1
"MULTILINESTRING Z ((445074.3686 4476410.1687 0,445092.5538 4476421.7613 0))",2513142,Verde,Línea,4
"MULTILINESTRING Z ((445125.6032 4476395.3168 0,445129.4304 4476397.7613 0))",2513154,Verde,Línea,1
"MULTILINESTRING Z ((445135.8223 4476319.4094 0,445140.4057 4476322.3261 0))",2513164,Verde,Línea,1
"MULTILINESTRING Z ((445212.776 4476251.2057 0,445226.4057 4476259.8724 0))",2513184,Verde,Línea,3
"MULTILINESTRING Z ((445230.702 4476309.2057 0,445245.776 4476284.0576 0))",2513202,Verde,Línea,6
"MULTILINESTRING Z ((445239.3686 4476312.3168 0,445249.6279 4476295.1316 0))",2513203,Verde,Línea,4
"MULTILINESTRING Z ((445254.1834 4476287.502 0,445252.1464 4476290.9464 0))",2513204,Verde,Línea,1
"MULTILINESTRING Z ((445218.776 4476328.2427 0,445214.2575 4476336.2057 0))",2513206,Verde,Línea,2
"MULTILINESTRING Z ((445211.3316 4476335.6501 0,445206.8131 4476343.1316 0))",2513207,Verde,Línea,2
"MULTILINESTRING Z ((445196.0723 4476367.4279 0,445185.8871 4476384.5761 0))",2513215,Verde,Línea,4
"MULTILINESTRING Z ((445144.3223 4476471.8261 0,445151.5723 4476459.9094 0))",2513226,Verde,Línea,3
"MULTILINESTRING Z ((445143.4057 4476557.9094 0,445152.739 4476563.7983 0))",2513231,Verde,Línea,2
"MULTILINESTRING Z ((445242.1084 4476386.364 0,445246.098 4476388.8579 0))",2513270,Verde,Línea,1
"MULTILINESTRING Z ((445253.7946 4476393.6316 0,445249.8501 4476391.2427 0))",2513271,Verde,Línea,1
"MULTILINESTRING Z ((445277.3179 4476355.4148 0,445252.7349 4476339.9041 0))",2513275,Verde,Línea,6
"MULTILINESTRING Z ((445241.455 4476332.823 0,445249.3069 4476337.7859 0))",2513276,Verde,Línea,2
"MULTILINESTRING Z ((445240.5019 4476323.9252 0,445252.852 4476331.6513 0))",2513277,Verde,Línea,3
"MULTILINESTRING Z ((439007.7112 4474058.1439 0,438948.7914 4474059.7805 0))",2513363,Naranja,Línea,13
"MULTILINESTRING Z ((441428.776 4476742.465 0,441468.4057 4476738.6501 0))",2514838,Verde,Línea,8
"MULTILINESTRING Z ((439823.1557 4478136.6594 0,439827.4057 4478136.4927 0,439833.739 4478138.8261 0))",2514852,Verde,Línea,3
"MULTILINESTRING Z ((440900.2369 4480426.4197 0,440901.2904 4480430.7654 0))",2514921,Verde,Línea,1
"MULTILINESTRING Z ((441440.3357 4479440.181 0,441481.3892 4479436.9876 0))",2514958,Verde,Batería,16
"MULTILINESTRING Z ((440395.8501 4476686.465 0,440481.4057 4476679.965 0))",2514992,Verde,Línea,17
"MULTILINESTRING Z ((440481.4797 4476679.9835 0,440506.1834 4476678.2057 0))",2514993,Verde,Línea,5
"MULTILINESTRING Z ((440533.776 4476676.1883 0,440514.0235 4476677.6262 0))",2514995,Verde,Línea,4
"MULTILINESTRING Z ((440549.0256 4476675.1098 0,440541.7603 4476675.6774 0))",2514996,Verde,Línea,1
"MULTILINESTRING Z ((440584.239 4476675.6316 0,440568.9057 4476676.6872 0))",2514998,Verde,Línea,3
"MULTILINESTRING Z ((439795.1834 4478986.0761 0,439786.2946 4478969.2427 0))",2515002,Verde,Línea,4
"MULTILINESTRING Z ((439419.9736 4479219.7119 0,439422.2946 4479218.6995 0,439443.8501 4479210.3538 0))",2515150,Verde,Línea,5
"MULTILINESTRING Z ((439400.7801 4479051.5555 0,439410.6732 4479050.6337 0))",2515160,Verde,Línea,2
"MULTILINESTRING Z ((442559.3223 4472658.1594 0,442567.5723 4472670.6594 0))",2515320,Verde,Línea,3
"MULTILINESTRING Z ((442567.989 4472671.4927 0,442576.5723 4472684.7427 0))",2515321,Verde,Línea,3
"MULTILINESTRING Z ((442579.5307 4472688.9511 0,442590.1557 4472705.2011 0))",2515322,Verde,Línea,3
"MULTILINESTRING Z ((442659.0723 4472875.4927 0,442714.489 4472838.9094 0))",2515325,Azul,Batería,25
"MULTILINESTRING Z ((440771.8223 4474575.4094 0,440769.989 4474550.4927 0))",2515915,Verde,Línea,5
"MULTILINESTRING Z ((442041.6557 4476049.9927 0,442042.5723 4476063.4927 0))",2515928,Azul,Línea,2
"MULTILINESTRING Z ((442254.7946 4476167.7983 0,442255.5168 4476178.5761 0))",2515933,Verde,Línea,2
"MULTILINESTRING Z ((441926.3223 4475860.1594 0,441924.5723 4475837.2427 0))",2515943,Verde,Línea,5
"MULTILINESTRING Z ((442130.0168 4475756.7427 0,442130.7946 4475768.9094 0))",2516039,Verde,Línea,2
"MULTILINESTRING Z ((442224.8131 4475750.5761 0,442226.1834 4475770.0946 0))",2516046,Verde,Línea,4
"MULTILINESTRING Z ((442113.3501 4475691.465 0,442113.1279 4475688.9094 0))",2516057,Verde,Batería,1
"MULTILINESTRING Z ((441788.5538 4475894.539 0,441801.5908 4475893.5761 0))",2516157,Verde,Línea,3
"MULTILINESTRING Z ((441268.201 4475912.8626 0,441272.9672 4475912.9619 0))",2516527,Verde,Línea,1
"MULTILINESTRING Z ((442304.9057 4472661.3261 0,442292.4057 4472669.3261 0))",2516528,Verde,Línea,3
"MULTILINESTRING Z ((441417.6678 4475777.2616 0,441433.0921 4475777.5264 0))",2516530,Azul,Línea,3
"MULTILINESTRING Z ((441418.727 4475782.3589 0,441475.989 4475783.4181 0))",2516531,Verde,Línea,11
"MULTILINESTRING Z ((442491.4008 4475039.1174 0,442495.491 4475091.7373 0))",2516534,Verde,Línea,11
"MULTILINESTRING Z ((444854.0476 4475992.4773 0,444866.1217 4475994.502 0))",2517382,Azul,Línea,2
"MULTILINESTRING Z ((444901.4797 4475867.8724 0,444906.4427 4475868.6872 0))",2517402,Verde,Línea,1
"MULTILINESTRING Z ((444929.1557 4475872.4094 0,444916.4057 4475870.4094 0))",2517404,Verde,Línea,2
"MULTILINESTRING Z ((444911.5785 4475862.3292 0,444917.5538 4475863.3168 0))",2517410,Verde,Línea,1
"MULTILINESTRING Z ((444920.7946 4475818.0205 0,444914.2946 4475817.0761 0))",2517420,Verde,Batería,2
"MULTILINESTRING Z ((444928.3316 4475819.1687 0,444935.0723 4475820.2057 0))",2517421,Verde,Batería,3
"MULTILINESTRING Z ((444885.4057 4475798.8261 0,444904.4057 4475801.7427 0))",2517424,Verde,Batería,8
"MULTILINESTRING Z ((444894.9983 4475745.3168 0,444920.739 4475749.465 0))",2517433,Verde,Línea,5
"MULTILINESTRING Z ((444953.8748 4475757.7119 0,444953.0353 4475762.3045 0))",2517437,Verde,Línea,1
"MULTILINESTRING Z ((444938.3316 4475850.6131 0,444936.2946 4475862.6131 0))",2517444,Verde,Línea,2
"MULTILINESTRING Z ((444933.6834 4475879.5205 0,444928.239 4475911.2427 0,444927.739 4475914.6316 0))",2517446,Verde,Línea,7
"MULTILINESTRING Z ((444915.4797 4475986.6748 0,444916.9365 4475977.9341 0))",2517452,Azul,Línea,1
"MULTILINESTRING Z ((444960.6239 4476013.1247 0,444973.3048 4476015.3731 0))",2517458,Azul,Línea,2
"MULTILINESTRING Z ((444950.5415 4476008.9958 0,444960.5307 4476010.8261 0))",2517459,Azul,Línea,2
"MULTILINESTRING Z ((444987.3686 4475935.7613 0,444982.2946 4475934.9835 0))",2517468,Verde,Línea,1
"MULTILINESTRING Z ((444943.702 4475892.2798 0,444941.739 4475903.8353 0))",2517484,Verde,Línea,2
"MULTILINESTRING Z ((444942.3686 4475881.2798 0,444941.4797 4475886.6131 0))",2517485,Verde,Línea,1
"MULTILINESTRING Z ((444958.8378 4475816.4526 0,444963.2081 4475817.1687 0))",2517496,Verde,Línea,1
"MULTILINESTRING Z ((444967.2946 4475810.7983 0,444981.7946 4475813.0205 0))",2517511,Verde,Línea,3
"MULTILINESTRING Z ((444954.9057 4475806.7427 0,444958.6834 4475782.965 0))",2517519,Verde,Línea,4
"MULTILINESTRING Z ((445021.7946 4475806.0761 0,445026.1279 4475778.465 0))",2517535,Verde,Línea,5
"MULTILINESTRING Z ((445020.739 4475812.0761 0,445019.9057 4475816.8261 0,445019.239 4475817.8261 0))",2517537,Verde,Línea,1
"MULTILINESTRING Z ((445008.9057 4475887.5761 0,445006.989 4475896.6594 0))",2517546,Verde,Línea,2
"MULTILINESTRING Z ((445006.1557 4475900.9927 0,445005.1557 4475906.4094 0))",2517547,Verde,Línea,1
"MULTILINESTRING Z ((445008.9057 4475926.4094 0,445010.9612 4475921.4094 0))",2517555,Verde,Línea,1
"MULTILINESTRING Z ((445026.3223 4475834.4927 0,445024.1557 4475847.5761 0))",2517568,Verde,Línea,2
"MULTILINESTRING Z ((445042.9242 4475769.0946 0,445053.8131 4475770.7242 0))",2517597,Verde,Línea,2
"MULTILINESTRING Z ((445061.2575 4475771.8106 0,445068.5908 4475772.8971 0))",2517600,Verde,Línea,1
"MULTILINESTRING Z ((445084.5168 4475775.4094 0,445089.3501 4475776.1316 0,445096.0723 4475778.465 0))",2517601,Verde,Línea,2
"MULTILINESTRING Z ((445101.4612 4475781.6316 0,445135.5723 4475806.7427 0))",2517607,Verde,Línea,8
"MULTILINESTRING Z ((445138.739 4475813.2427 0,445137.3501 4475815.5205 0))",2517613,Verde,Batería,1
"MULTILINESTRING Z ((445127.9242 4475831.4279 0,445131.776 4475824.9464 0))",2517624,Verde,Batería,2
"MULTILINESTRING Z ((445126.8223 4475833.3261 0,445123.0723 4475839.6594 0))",2517627,Verde,Batería,3
"MULTILINESTRING Z ((445093.1094 4475890.0082 0,445091.5044 4475892.7242 0))",2517657,Verde,Batería,1
"MULTILINESTRING Z ((445075.2575 4475920.0205 0,445070.2946 4475928.465 0))",2517662,Verde,Batería,4
"MULTILINESTRING Z ((445040.739 4475977.9835 0,445044.7884 4475971.218 0))",2517672,Verde,Batería,3
"MULTILINESTRING Z ((445030.4057 4475995.2427 0,445027.4797 4476000.1316 0))",2517675,Verde,Batería,2
"MULTILINESTRING Z ((445023.739 4476006.5761 0,445026.4057 4476001.9094 0))",2517676,Verde,Batería,2
"MULTILINESTRING Z ((444896.0723 4475738.4279 0,444901.0353 4475739.2427 0))",2518000,Verde,Línea,1
"MULTILINESTRING Z ((444990.4756 4475754.096 0,445001.2959 4475755.8518 0))",2518006,Verde,Línea,2
"MULTILINESTRING Z ((445030.239 4475752.7427 0,445029.239 4475758.6594 0))",2518010,Verde,Línea,1
"MULTILINESTRING Z ((445012.4057 4475697.2427 0,445030.5723 4475700.4927 0))",2518013,Verde,Línea,4
"MULTILINESTRING Z ((444958.9859 4475725.0205 0,444960.0476 4475718.3045 0))",2518019,Verde,Línea,1
"MULTILINESTRING Z ((444969.0723 4475635.2983 0,444944.4057 4475631.1872 0))",2518059,Verde,Línea,5
"MULTILINESTRING Z ((444973.6279 4475687.465 0,444976.4427 4475669.9464 0))",2518066,Verde,Línea,3
"MULTILINESTRING Z ((445014.3316 4475642.465 0,445019.5168 4475643.2798 0))",2518070,Verde,Línea,1
"MULTILINESTRING Z ((445045.489 4475655.7427 0,445044.1557 4475665.0761 0))",2518076,Verde,Línea,1
"MULTILINESTRING Z ((444943.6443 4475620.9218 0,444939.6773 4475620.2304 0))",2518082,Verde,Batería,2
"MULTILINESTRING Z ((444938.3688 4475570.0648 0,444944.5461 4475571.0733 0))",2518117,Verde,Línea,1
"MULTILINESTRING Z ((444986.9242 4475604.7613 0,444984.3686 4475620.539 0))",2518120,Verde,Línea,3
"MULTILINESTRING Z ((444975.6032 4475619.3168 0,444976.3439 4475614.6008 0))",2518122,Verde,Línea,1
"MULTILINESTRING Z ((444979.242 4475596.0563 0,444979.9564 4475591.644 0))",2518124,Verde,Línea,1
"MULTILINESTRING Z ((445048.8223 4475635.3261 0,445048.5723 4475638.3261 0,445047.9057 4475639.4094 0,445047.5723 4475639.6594 0))",2518127,Verde,Línea,1
"MULTILINESTRING Z ((444958.1049 4475538.0028 0,444961.6768 4475543.1925 0))",2518208,Verde,Línea,1
"MULTILINESTRING Z ((444976.9612 4475526.4094 0,444980.1834 4475530.6316 0,444984.239 4475534.465 0,444989.8501 4475538.4094 0,444992.5168 4475539.7427 0,444998.5168 4475542.1316 0))",2518209,Verde,Línea,5
"MULTILINESTRING Z ((445068.1557 4475517.3261 0,445069.989 4475505.1594 0))",2518215,Verde,Línea,2
"MULTILINESTRING Z ((445072.4427 4475489.9094 0,445073.1094 4475485.6131 0))",2518216,Verde,Línea,1
"MULTILINESTRING Z ((445027.5538 4475475.8353 0,445034.1464 4475471.9835 0))",2518222,Azul,Línea,1
"MULTILINESTRING Z ((445223.739 4475408.8261 0,445191.0723 4475432.1594 0))",2518224,Verde,Línea,8
"MULTILINESTRING Z ((445131.3223 4475394.9094 0,445156.489 4475439.0761 0))",2518226,Verde,Línea,10
"MULTILINESTRING Z ((445096.5723 4475454.965 0,445131.0168 4475460.5761 0))",2518228,Verde,Línea,7
"MULTILINESTRING Z ((445137.8995 4475504.2304 0,445128.8871 4475502.823 0))",2518231,Verde,Línea,2
"MULTILINESTRING Z ((445147.6834 4475491.2427 0,445151.739 4475466.965 0))",2518235,Verde,Línea,5
"MULTILINESTRING Z ((445157.3316 4475482.6131 0,445159.739 4475467.6872 0))",2518236,Verde,Línea,3
"MULTILINESTRING Z ((445154.1834 4475502.2798 0,445156.4797 4475488.1316 0))",2518237,Verde,Línea,3
"MULTILINESTRING Z ((445146.6279 4475556.6131 0,445147.4057 4475551.465 0))",2518241,Verde,Línea,1
"MULTILINESTRING Z ((445137.7513 4475554.7489 0,445138.5415 4475549.4897 0))",2518242,Verde,Línea,1
"MULTILINESTRING Z ((445140.0723 4475539.4279 0,445143.1834 4475518.5761 0))",2518243,Verde,Línea,4
"MULTILINESTRING Z ((445155.3316 4475564.3909 0,445165.5908 4475565.9094 0))",2518244,Verde,Línea,2
"MULTILINESTRING Z ((445186.4612 4475571.9094 0,445165.5723 4475568.9094 0))",2518245,Verde,Línea,4
"MULTILINESTRING Z ((445212.0353 4475566.7242 0,445212.9983 4475560.6501 0))",2518246,Verde,Línea,1
"MULTILINESTRING Z ((445071.5723 4475577.0205 0,445121.4057 4475584.4094 0,445129.3501 4475585.6872 0))",2518251,Verde,Línea,12
"MULTILINESTRING Z ((445138.4797 4475609.8353 0,445136.0723 4475624.7613 0))",2518257,Verde,Línea,3
"MULTILINESTRING Z ((445132.4797 4475647.3538 0,445135.0723 4475631.0946 0))",2518259,Verde,Línea,3
"MULTILINESTRING Z ((445129.3686 4475608.3168 0,445127.2205 4475622.4279 0))",2518262,Verde,Línea,3
"MULTILINESTRING Z ((445121.9242 4475645.465 0,445123.2575 4475637.2427 0))",2518263,Verde,Batería,3
"MULTILINESTRING Z ((445061.8223 4475642.9927 0,445118.239 4475651.9094 0))",2518265,Verde,Línea,11
"MULTILINESTRING Z ((445063.776 4475597.5637 0,445062.4921 4475605.5884 0))",2518269,Verde,Línea,1
"MULTILINESTRING Z ((445128.9612 4475668.7242 0,445127.455 4475678.2551 0))",2518276,Verde,Línea,2
"MULTILINESTRING Z ((445156.1711 4475658.0822 0,445162.2699 4475659.0452 0))",2518280,Verde,Línea,1
"MULTILINESTRING Z ((445157.1279 4475665.2983 0,445190.0723 4475670.465 0))",2518288,Verde,Línea,7
"MULTILINESTRING Z ((445188.8223 4475716.0761 0,445190.4057 4475705.6594 0))",2518300,Verde,Línea,2
"MULTILINESTRING Z ((445105.5723 4475706.1316 0,445108.0168 4475691.6316 0))",2518305,Verde,Línea,3
"MULTILINESTRING Z ((445095.9242 4475704.1316 0,445097.0353 4475696.5761 0))",2518306,Verde,Batería,2
"MULTILINESTRING Z ((445098.9045 4475683.0564 0,445097.9291 4475690.5343 0))",2518307,Verde,Batería,3
"MULTILINESTRING Z ((445070.239 4475706.8261 0,445092.6557 4475710.4927 0))",2518308,Verde,Línea,4
"MULTILINESTRING Z ((445049.1464 4475689.9464 0,445052.1464 4475671.1316 0))",2518311,Verde,Línea,4
"MULTILINESTRING Z ((445042.1557 4475735.3261 0,445038.0723 4475761.1594 0))",2518313,Verde,Línea,5
"MULTILINESTRING Z ((445092.0476 4475724.0082 0,445092.8131 4475719.7119 0))",2518315,Verde,Batería,2
"MULTILINESTRING Z ((445097.739 4475749.465 0,445098.702 4475744.1687 0))",2518317,Verde,Línea,1
"MULTILINESTRING Z ((445102.8131 4475720.6501 0,445100.0723 4475736.6872 0))",2518319,Verde,Línea,3
"MULTILINESTRING Z ((445139.989 4475801.0761 0,445131.0723 4475794.7427 0,445125.3223 4475790.4094 0,445120.989 4475787.3261 0,445113.989 4475781.9927 0))",2518320,Verde,Línea,7
"MULTILINESTRING Z ((445132.1484 4475753.2832 0,445129.5474 4475768.9704 0))",2518323,Verde,Línea,3
"MULTILINESTRING Z ((445143.0168 4475731.3538 0,445140.5723 4475745.3538 0))",2518326,Verde,Línea,3
"MULTILINESTRING Z ((445178.0476 4475746.8971 0,445174.5168 4475752.9711 0))",2518329,Verde,Batería,3
"MULTILINESTRING Z ((445173.4612 4475754.8538 0,445170.239 4475760.2983 0))",2518330,Verde,Batería,2
"MULTILINESTRING Z ((445146.2946 4475800.7489 0,445147.5785 4475798.6008 0))",2518339,Verde,Batería,2
"MULTILINESTRING Z ((439968.739 4479343.9094 0,439974.1557 4479352.6594 0))",2518381,Verde,Línea,2
"MULTILINESTRING Z ((439975.239 4479354.2427 0,439980.6557 4479362.9927 0))",2518384,Verde,Línea,2
"MULTILINESTRING Z ((439981.6557 4479364.6594 0,439986.989 4479373.2427 0))",2518387,Verde,Línea,2
"MULTILINESTRING Z ((440030.1557 4479274.0761 0,440038.4057 4479279.3261 0))",2518395,Verde,Línea,2
"MULTILINESTRING Z ((440040.3223 4479280.4927 0,440048.5723 4479285.9094 0))",2518398,Verde,Línea,2
"MULTILINESTRING Z ((440019.8223 4479267.5761 0,440028.239 4479272.8261 0))",2518399,Verde,Línea,2
"MULTILINESTRING Z ((440009.4057 4479260.9094 0,440018.0723 4479266.4094 0))",2518400,Verde,Línea,2
"MULTILINESTRING Z ((439988.9057 4479248.6594 0,439991.1557 4479249.5761 0,439994.739 4479251.5761 0,439998.989 4479254.2427 0,440007.6557 4479259.9094 0))",2518401,Verde,Línea,4
"MULTILINESTRING Z ((439983.3686 4479247.2427 0,439987.1834 4479248.2798 0))",2518402,Verde,Línea,1
"MULTILINESTRING Z ((440007.776 4479376.4526 0,440012.8131 4479384.6008 0))",2518409,Verde,Línea,2
"MULTILINESTRING Z ((440001.4057 4479366.2057 0,440006.6649 4479374.6872 0))",2518410,Verde,Línea,2
"MULTILINESTRING Z ((439988.739 4479345.8353 0,439993.8501 4479354.0576 0))",2518411,Verde,Línea,2
"MULTILINESTRING Z ((439978.2287 4479328.9711 0,439981.0271 4479333.4485 0))",2518412,Verde,Línea,1
"MULTILINESTRING Z ((439982.2205 4479335.3909 0,439987.4057 4479343.7366 0))",2518413,Verde,Línea,2
"MULTILINESTRING Z ((439987.989 4479374.7427 0,439993.489 4479383.4927 0))",2518414,Verde,Línea,2
"MULTILINESTRING Z ((439994.4612 4479385.1316 0,439999.8501 4479393.965 0))",2518415,Verde,Línea,2
"MULTILINESTRING Z ((440000.9057 4479395.5761 0,440004.1557 4479400.7011 0))",2518416,Verde,Línea,1
"MULTILINESTRING Z ((440029.989 4479432.3261 0,440022.8223 4479425.7427 0))",2518417,Verde,Línea,2
"MULTILINESTRING Z ((440039.239 4479440.0761 0,440031.3223 4479433.5761 0))",2518418,Verde,Línea,2
"MULTILINESTRING Z ((440048.8223 4479448.2427 0,440040.6557 4479441.5761 0))",2518419,Verde,Línea,2
"MULTILINESTRING Z ((440134.7807 4479438.8261 0,440153.9057 4479409.9511 0))",2518420,Verde,Línea,7
"MULTILINESTRING Z ((440157.739 4479404.1687 0,440154.6557 4479408.4927 0))",2518421,Verde,Línea,1
"MULTILINESTRING Z ((440117.6834 4479573.7427 0,440119.1834 4479569.6872 0,440120.0723 4479566.7427 0,440121.5723 4479562.5205 0))",2518426,Verde,Línea,2
"MULTILINESTRING Z ((440114.489 4479580.1594 0,440116.8223 4479575.8261 0))",2518428,Verde,Línea,1
"MULTILINESTRING Z ((440175.739 4479552.1316 0,440179.1279 4479542.4094 0))",2518430,Verde,Línea,2
"MULTILINESTRING Z ((440179.7946 4479540.4094 0,440181.3501 4479535.965 0))",2518431,Verde,Línea,1
"MULTILINESTRING Z ((440156.739 4479586.0205 0,440159.1279 4479583.3538 0,440163.0723 4479578.5205 0))",2518433,Verde,Línea,2
"MULTILINESTRING Z ((440126.8646 4479603.7154 0,440128.3343 4479603.4163 0,440130.9778 4479602.7269 0,440133.5758 4479601.8523 0,440136.1428 4479600.7842 0))",2518437,Verde,Línea,2
"MULTILINESTRING Z ((440029.6152 4480067.3259 0,440027.7422 4480063.0531 0))",2518450,Verde,Línea,1
"MULTILINESTRING Z ((440035.0586 4480080.1441 0,440039.1557 4480089.5676 0))",2518453,Verde,Línea,2
"MULTILINESTRING Z ((440039.741 4480091.382 0,440043.8967 4480101.0982 0))",2518455,Verde,Línea,2
"MULTILINESTRING Z ((440079.2494 4480132.8219 0,440083.288 4480132.9097 0,440087.2389 4480132.3829 0,440089.9605 4480131.505 0))",2518465,Verde,Línea,2
"MULTILINESTRING Z ((440187.7656 4480136.0704 0,440192.0676 4480136.3338 0,440197.6866 4480137.0361 0))",2518470,Verde,Línea,2
"MULTILINESTRING Z ((440199.6181 4480137.3873 0,440209.1879 4480139.9334 0))",2518472,Verde,Línea,2
"MULTILINESTRING Z ((440221.5044 4480145.6296 0,440225.7678 4480148.3621 0))",2518478,Verde,Línea,1
"MULTILINESTRING Z ((443553.2946 4479493.9094 0,443519.8871 4479487.465 0))",2518623,Verde,Línea,7
"MULTILINESTRING Z ((443570.489 4479531.0761 0,443567.0723 4479546.9927 0))",2518625,Verde,Línea,3
"MULTILINESTRING Z ((443051.5723 4478978.2427 0,443054.5723 4479022.9094 0))",2518632,Verde,Línea,9
"MULTILINESTRING Z ((443055.4057 4479036.0761 0,443055.0723 4479030.2427 0))",2518633,Verde,Línea,1
"MULTILINESTRING Z ((443039.489 4478980.9094 0,443042.9057 4479033.6594 0))",2518636,Verde,Batería,20
"MULTILINESTRING Z ((443065.3501 4478682.8538 0,443070.0168 4478682.7983 0))",2518640,Verde,Línea,1
"MULTILINESTRING Z ((443057.4057 4478594.0761 0,443062.739 4478576.4094 0))",2518643,Verde,Batería,8
"MULTILINESTRING Z ((440341.0435 4477196.9053 0,440357.0106 4477195.8518 0))",2518656,Verde,Línea,3
"MULTILINESTRING Z ((444169.3316 4476207.0205 0,444170.0723 4476211.0946 0))",2518703,Verde,Batería,2
"MULTILINESTRING Z ((444167.5044 4476196.8971 0,444168.0476 4476199.8353 0))",2518704,Verde,Batería,1
"MULTILINESTRING Z ((444159.1279 4476147.7983 0,444155.6834 4476129.2427 0))",2518740,Verde,Línea,4
"MULTILINESTRING Z ((444137.2512 4476131.0754 0,444140.7512 4476150.3254 0))",2518742,Verde,Batería,7
"MULTILINESTRING Z ((444176.0168 4476183.2427 0,444159.1279 4476171.1872 0))",2518744,Verde,Batería,8
"MULTILINESTRING Z ((444173.9612 4476184.1316 0,444157.6834 4476172.5205 0))",2518746,Verde,Línea,4
"MULTILINESTRING Z ((444198.3623 4476191.8809 0,444201.9179 4476211.1587 0))",2518747,Verde,Batería,7
"MULTILINESTRING Z ((444185.0723 4476200.2427 0,444187.6557 4476213.2427 0))",2518748,Verde,Batería,5
"MULTILINESTRING Z ((444183.3563 4476198.6501 0,444185.6526 4476211.6872 0))",2518749,Verde,Batería,5
"MULTILINESTRING Z ((444289.739 4476127.7427 0,444315.239 4476150.4094 0))",2518762,Verde,Línea,6
"MULTILINESTRING Z ((444278.1557 4476119.4094 0,444266.5723 4476109.0761 0))",2518764,Verde,Línea,3
"MULTILINESTRING Z ((444090.739 4475919.2427 0,444109.1279 4475940.5761 0))",2518773,Verde,Línea,5
"MULTILINESTRING Z ((444036.2946 4476012.465 0,444061.4057 4476007.965 0))",2518776,Verde,Línea,5
"MULTILINESTRING Z ((444071.739 4476006.3538 0,444084.239 4476004.1316 0))",2518780,Verde,Línea,2
"MULTILINESTRING Z ((444038.989 4476059.3261 0,444045.489 4476094.9927 0))",2518788,Verde,Línea,7
"MULTILINESTRING Z ((444024.1464 4476013.465 0,444024.3686 4476011.465 0,444024.8501 4476009.1687 0,444025.0723 4476008.3909 0,444026.1094 4476005.6501 0,444027.702 4476001.539 0,444036.5168 4475980.9464 0))",2518819,Verde,Línea,7
"MULTILINESTRING Z ((444041.6279 4475968.9835 0,444051.3316 4475946.3538 0))",2518822,Verde,Línea,5
"MULTILINESTRING Z ((444078.4179 4475915.242 0,444068.9179 4475923.4087 0))",2518826,Verde,Línea,2
"MULTILINESTRING Z ((444071.3223 4475896.8261 0,444081.0723 4475908.2427 0))",2518828,Verde,Línea,3
"MULTILINESTRING Z ((443523.4797 4479482.8724 0,443533.5908 4479484.7613 0))",2518835,Verde,Batería,3
"MULTILINESTRING Z ((444163.5538 4475988.465 0,444172.5908 4475998.9094 0))",2518837,Verde,Línea,2
"MULTILINESTRING Z ((443538.2946 4479485.7242 0,443545.1094 4479487.0946 0))",2518838,Verde,Batería,2
"MULTILINESTRING Z ((444369.9242 4476124.465 0,444371.2946 4476116.8353 0))",2518850,Verde,Línea,1
"MULTILINESTRING Z ((444375.2205 4476094.6501 0,444372.4797 4476109.9835 0))",2518851,Verde,Línea,3
"MULTILINESTRING Z ((443565.7807 4479380.3261 0,443600.9057 4479392.2011 0))",2518852,Verde,Línea,8
"MULTILINESTRING Z ((444381.5845 4476059.5754 0,444378.2512 4476077.8254 0))",2518853,Verde,Línea,4
"MULTILINESTRING Z ((444377.1094 4476083.7983 0,444376.2575 4476088.6501 0))",2518854,Verde,Línea,1
"MULTILINESTRING Z ((444377.239 4476053.3538 0,444321.6834 4476043.9094 0))",2518857,Verde,Línea,11
"MULTILINESTRING Z ((444280.0845 4475975.5754 0,444294.5845 4475978.0754 0))",2518865,Verde,Línea,3
"MULTILINESTRING Z ((444264.989 4476015.0761 0,444271.5723 4475978.1594 0))",2518866,Verde,Línea,8
"MULTILINESTRING Z ((444264.239 4476019.8261 0,444262.9057 4476027.1594 0,444261.8223 4476029.0761 0,444260.6557 4476030.4094 0,444258.739 4476031.7427 0,444256.5723 4476032.3261 0,444252.1557 4476031.7427 0,444211.5723 4476024.4094 0))",2518868,Verde,Línea,11
"MULTILINESTRING Z ((444224.1546 4476019.8683 0,444238.6073 4476022.4032 0))",2518878,Verde,Línea,3
"MULTILINESTRING Z ((444245.7184 4476023.6378 0,444251.9571 4476024.7242 0,444253.0271 4476024.7901 0,444254.0312 4476024.5432 0,444254.9201 4476023.8847 0,444255.2822 4476023.325 0,444256.204 4476018.1563 0))",2518879,Verde,Línea,3
"MULTILINESTRING Z ((444306.1679 4475980.1587 0,444387.1679 4475994.492 0))",2518885,Verde,Línea,17
"MULTILINESTRING Z ((444302.239 4475985.8261 0,444294.989 4476029.5761 0))",2518887,Verde,Línea,9
"MULTILINESTRING Z ((444296.8871 4476032.3168 0,444312.739 4476035.0946 0))",2518888,Verde,Línea,3
"MULTILINESTRING Z ((444378.1279 4476046.5761 0,444320.4057 4476036.5205 0))",2518890,Verde,Línea,12
"MULTILINESTRING Z ((444385.5723 4476024.9094 0,444383.489 4476036.9927 0))",2518894,Verde,Línea,2
"MULTILINESTRING Z ((444390.1464 4476010.4279 0,444387.6649 4476024.8724 0))",2518896,Verde,Línea,3
"MULTILINESTRING Z ((444392.4057 4475983.4927 0,444393.6557 4475976.4927 0))",2518909,Verde,Línea,1
"MULTILINESTRING Z ((444323.6679 4475922.3254 0,444334.0845 4475924.1587 0))",2518913,Azul,Línea,2
"MULTILINESTRING Z ((444386.4057 4476281.1594 0,444379.239 4476242.1594 0))",2518922,Azul,Línea,8
"MULTILINESTRING Z ((444311.3974 4476356.6913 0,444316.8954 4476355.7036 0))",2518928,Verde,Batería,2
"MULTILINESTRING Z ((444302.2512 4476358.3254 0,444309.0845 4476357.1587 0))",2518929,Verde,Batería,3
"MULTILINESTRING Z ((444292.5845 4476360.1587 0,444299.5845 4476358.8254 0))",2518930,Verde,Batería,3
"MULTILINESTRING Z ((444285.7678 4476361.1357 0,444290.1299 4476360.3127 0))",2518931,Verde,Batería,2
"MULTILINESTRING Z ((444274.0012 4476363.3254 0,444280.9179 4476362.1587 0))",2518936,Verde,Batería,3
"MULTILINESTRING Z ((444264.2512 4476364.9087 0,444271.1679 4476363.742 0))",2518939,Verde,Batería,3
"MULTILINESTRING Z ((444255.0845 4476366.5754 0,444261.6679 4476365.4087 0))",2518940,Verde,Batería,3
"MULTILINESTRING Z ((444097.8223 4476391.4094 0,444174.989 4476378.4927 0,444196.9057 4476374.6594 0))",2518954,Verde,Batería,35
"MULTILINESTRING Z ((444080.239 4476341.9094 0,444089.8223 4476401.1594 0))",2518955,Verde,Línea,13
"MULTILINESTRING Z ((444209.239 4476252.8538 0,444213.9057 4476279.7983 0))",2518983,Verde,Batería,10
"MULTILINESTRING Z ((444222.9057 4476304.2427 0,444294.1557 4476291.8261 0))",2518985,Verde,Línea,13
"MULTILINESTRING Z ((444295.239 4476223.8538 0,444279.2946 4476226.6872 0))",2519003,Verde,Línea,3
"MULTILINESTRING Z ((444304.4612 4476222.1872 0,444299.5168 4476223.0761 0))",2519004,Verde,Línea,1
"MULTILINESTRING Z ((444431.2512 4476423.4087 0,444441.1679 4476430.8254 0))",2519008,Verde,Batería,5
"MULTILINESTRING Z ((444402.6679 4476321.0754 0,444458.7512 4476367.8254 0))",2519018,Verde,Línea,15
"MULTILINESTRING Z ((444484.2205 4476321.502 0,444499.8871 4476321.2798 0))",2519060,Verde,Línea,3
"MULTILINESTRING Z ((444537.9057 4476359.7983 0,444509.2946 4476341.8538 0))",2519066,Verde,Línea,7
"MULTILINESTRING Z ((444478.6834 4476360.9094 0,444488.0723 4476345.7983 0))",2519074,Verde,Línea,3
"MULTILINESTRING Z ((444425.1557 4476199.9094 0,444457.4057 4476194.6594 0,444460.489 4476194.9927 0,444467.6557 4476196.1594 0,444492.3223 4476200.9094 0))",2519078,Verde,Línea,14
"MULTILINESTRING Z ((444520.3345 4476205.8254 0,444534.8345 4476208.3254 0,444554.0012 4476211.8254 0,444560.4179 4476213.3254 0,444568.7512 4476216.3254 0,444577.0845 4476219.742 0,444582.6679 4476222.3254 0,444588.9179 4476225.8254 0,444608.2512 4476237.4087 0))",2519080,Verde,Línea,19
"MULTILINESTRING Z ((444627.9612 4476249.7427 0,444614.3501 4476241.2427 0))",2519082,Verde,Línea,3
"MULTILINESTRING Z ((444623.0723 4476454.3168 0,444633.5538 4476437.6501 0))",2519092,Verde,Línea,4
"MULTILINESTRING Z ((444588.3316 4476400.8353 0,444618.1834 4476419.5761 0,444621.4797 4476421.539 0,444624.5168 4476423.539 0))",2519095,Verde,Línea,8
"MULTILINESTRING Z ((444575.2575 4476340.6748 0,444585.6279 4476347.1687 0))",2519107,Verde,Línea,2
"MULTILINESTRING Z ((444654.1958 4476381.0452 0,444663.9736 4476387.1687 0))",2519123,Verde,Línea,2
"MULTILINESTRING Z ((444667.8501 4476389.5761 0,444734.4427 4476431.2057 0))",2519128,Verde,Línea,16
"MULTILINESTRING Z ((444629.776 4476458.6501 0,444640.6279 4476441.3168 0))",2519132,Verde,Línea,4
"MULTILINESTRING Z ((444702.489 4476504.0761 0,444713.489 4476486.6594 0))",2519136,Verde,Línea,4
"MULTILINESTRING Z ((444650.8345 4476440.242 0,444710.4179 4476476.992 0))",2519138,Verde,Línea,14
"MULTILINESTRING Z ((444709.3316 4476508.2798 0,444720.2946 4476490.6872 0))",2519158,Verde,Línea,4
"MULTILINESTRING Z ((444866.7946 4476399.1872 0,444800.3501 4476357.8538 0))",2519169,Verde,Línea,16
"MULTILINESTRING Z ((439277.6557 4473307.7011 0,439286.4057 4473302.8261 0))",2519198,Verde,Línea,1
"MULTILINESTRING Z ((444533.702 4476460.0946 0,444529.0723 4476461.3909 0))",2519206,Verde,Línea,1
"MULTILINESTRING Z ((444523.3345 4476410.992 0,444536.0845 4476455.1587 0))",2519207,Verde,Línea,9
"MULTILINESTRING Z ((444515.7512 4476473.242 0,444535.5012 4476467.992 0))",2519209,Verde,Línea,4
"MULTILINESTRING Z ((444580.6279 4476537.3909 0,444572.8871 4476549.8353 0))",2519236,Verde,Línea,3
"MULTILINESTRING Z ((443847.3437 4475402.5727 0,443850.4429 4475371.1677 0))",2519239,Verde,Línea,7
"MULTILINESTRING Z ((441517.3821 4475420.0595 0,441523.8197 4475451.1593 0))",2519243,Azul,Línea,6
"MULTILINESTRING Z ((444661.5168 4476569.965 0,444672.6834 4476551.8538 0))",2519262,Verde,Línea,5
"MULTILINESTRING Z ((444668.0723 4476574.0946 0,444679.3686 4476556.2057 0))",2519281,Verde,Línea,5
"MULTILINESTRING Z ((445086.739 4476688.7983 0,445099.739 4476667.965 0))",2519296,Verde,Línea,5
"MULTILINESTRING Z ((444923.3068 4476600.2142 0,444953.6957 4476619.492 0))",2519353,Verde,Línea,7
"MULTILINESTRING Z ((445003.2512 4476649.9365 0,445046.6957 4476677.1031 0,445053.6957 4476681.6587 0))",2519364,Verde,Línea,12
"MULTILINESTRING Z ((445039.529 4476683.3254 0,445047.5845 4476688.3809 0))",2519366,Verde,Línea,2
"MULTILINESTRING Z ((445028.989 4476676.8261 0,444998.239 4476657.7427 0))",2519368,Verde,Línea,7
"MULTILINESTRING Z ((444820.4057 4476551.5761 0,444813.239 4476562.7427 0))",2519374,Azul,Línea,3
"MULTILINESTRING Z ((444899.7946 4476626.1872 0,444909.739 4476610.2983 0))",2519379,Verde,Línea,4
"MULTILINESTRING Z ((444982.4179 4476655.8809 0,444972.0845 4476672.7142 0))",2519395,Verde,Línea,4
"MULTILINESTRING Z ((444989.3068 4476660.6031 0,444978.9734 4476676.8254 0))",2519396,Verde,Línea,4
"MULTILINESTRING Z ((445028.4057 4476721.965 0,445021.239 4476717.5205 0))",2519408,Verde,Línea,1
"MULTILINESTRING Z ((444969.702 4476691.502 0,444963.0353 4476702.1687 0))",2519409,Verde,Línea,3
"MULTILINESTRING Z ((444962.9983 4476686.9835 0,444951.9242 4476704.6131 0))",2519414,Verde,Línea,5
"MULTILINESTRING Z ((444897.5168 4476640.2427 0,444962.739 4476680.7983 0))",2519416,Verde,Línea,16
"MULTILINESTRING Z ((444889.739 4476642.1872 0,444879.0723 4476659.6316 0))",2519419,Verde,Línea,5
"MULTILINESTRING Z ((444964.6279 4476718.502 0,444960.9983 4476716.3168 0))",2519437,Verde,Línea,1
"MULTILINESTRING Z ((444981.2687 4476729.1345 0,444990.3995 4476734.8705 0))",2519440,Verde,Línea,2
"MULTILINESTRING Z ((444997.0012 4476728.3254 0,445007.0012 4476734.8254 0))",2519442,Verde,Batería,5
"MULTILINESTRING Z ((444957.3223 4476723.4927 0,444996.3223 4476747.8261 0))",2519447,Verde,Línea,10
"MULTILINESTRING Z ((444930.8501 4476738.465 0,444940.9612 4476722.1316 0))",2519449,Verde,Línea,5
"MULTILINESTRING Z ((444859.1588 4476691.144 0,444863.8254 4476683.6872 0))",2519456,Verde,Línea,2
"MULTILINESTRING Z ((444939.7946 4476749.2983 0,444973.0168 4476770.1872 0,444973.7946 4476770.5761 0))",2519467,Verde,Línea,9
"MULTILINESTRING Z ((444935.6279 4476756.1316 0,444959.9612 4476771.4094 0,444963.6279 4476773.6316 0))",2519469,Verde,Línea,8
"MULTILINESTRING Z ((444923.5012 4476771.6587 0,444930.0845 4476775.9087 0))",2519489,Verde,Línea,2
"MULTILINESTRING Z ((444964.6834 4476788.2983 0,444959.7946 4476792.2983 0))",2519495,Verde,Línea,1
"MULTILINESTRING Z ((444919.7512 4476777.5754 0,444933.0012 4476785.8254 0))",2519499,Verde,Línea,3
"MULTILINESTRING Z ((444909.8345 4476780.5754 0,444889.6679 4476798.492 0))",2519502,Verde,Línea,6
"MULTILINESTRING Z ((444884.0723 4476792.502 0,444894.4057 4476783.6131 0,444904.6649 4476774.7242 0))",2519503,Verde,Línea,6
"MULTILINESTRING Z ((444836.1279 4476728.0761 0,444823.9612 4476747.2983 0))",2519507,Verde,Línea,4
"MULTILINESTRING Z ((444713.0012 4476685.742 0,444737.1679 4476700.9087 0))",2519509,Verde,Línea,6
"MULTILINESTRING Z ((444885.5012 4476805.8254 0,444890.8345 4476811.8254 0,444893.5012 4476817.5754 0))",2519515,Verde,Línea,2
"MULTILINESTRING Z ((440400.7967 4473815.835 0,440404.2088 4473830.5426 0))",2520324,Verde,Línea,3
"MULTILINESTRING Z ((438920.2491 4473132.7966 0,438928.4006 4473072.7391 0))",2520487,Verde,Línea,12
"MULTILINESTRING Z ((445007.5723 4477476.0761 0,444971.0723 4477437.7983 0))",2520500,Verde,Línea,10
"MULTILINESTRING Z ((439212.8829 4472988.7846 0,439188.8814 4473077.4776 0))",2520503,Azul,Línea,18
"MULTILINESTRING Z ((439006.2713 4473331.2751 0,439071.6566 4473326.384 0))",2520509,Verde,Línea,13
"MULTILINESTRING Z ((439000.6196 4472887.9033 0,438992.7441 4472945.4694 0))",2520514,Verde,Línea,11
"MULTILINESTRING Z ((444894.0723 4477307.1872 0,444932.0723 4477276.965 0))",2520536,Verde,Línea,9
"MULTILINESTRING Z ((444935.7946 4477273.965 0,444945.6834 4477266.0205 0))",2520538,Verde,Línea,2
"MULTILINESTRING Z ((444981.2946 4477258.6131 0,444978.6279 4477255.0576 0))",2520540,Verde,Línea,1
"MULTILINESTRING Z ((445102.5168 4477403.4094 0,445084.7946 4477379.965 0))",2520549,Verde,Línea,6
"MULTILINESTRING Z ((445044.6387 4477327.1311 0,445057.5837 4477344.0202 0))",2520551,Verde,Línea,3
"MULTILINESTRING Z ((445021.3316 4477296.3168 0,445007.4797 4477278.2057 0))",2520562,Verde,Línea,4
"MULTILINESTRING Z ((445004.6279 4477274.3909 0,444996.739 4477264.0946 0))",2520563,Verde,Línea,2
"MULTILINESTRING Z ((444990.8871 4477256.4279 0,444986.9983 4477251.2427 0))",2520565,Verde,Línea,1
"MULTILINESTRING Z ((443574.5686 4475908.5925 0,443587.7755 4475910.5491 0))",2520566,Verde,Línea,3
"MULTILINESTRING Z ((444991.2205 4477232.2798 0,445016.702 4477215.7242 0))",2520567,Verde,Línea,6
"MULTILINESTRING Z ((445074.2205 4477191.1316 0,445080.6279 4477201.4279 0))",2520574,Verde,Línea,2
"MULTILINESTRING Z ((439670.8209 4472914.2201 0,439674.3721 4472890.3848 0))",2520575,Azul,Batería,9
"MULTILINESTRING Z ((439749.1707 4472504.7564 0,439704.0421 4472440.7475 0))",2520584,Verde,Batería,31
"MULTILINESTRING Z ((445153.2946 4477323.7427 0,445159.3501 4477333.465 0,445160.9057 4477336.1316 0))",2520586,Verde,Línea,3
"MULTILINESTRING Z ((439970.2452 4479197.5966 0,439993.1258 4479203.8847 0))",2520588,Verde,Batería,10
"MULTILINESTRING Z ((440175.6485 4472132.374 0,440197.569 4472127.5817 0))",2520596,Verde,Batería,9
"MULTILINESTRING Z ((440085.0379 4472248.5437 0,440064.8036 4472177.5758 0))",2520598,Verde,Batería,28
"MULTILINESTRING Z ((440246.3862 4472628.5331 0,440263.2739 4472596.9335 0))",2520604,Verde,Línea,8
"MULTILINESTRING Z ((440423.4318 4472571.9118 0,440388.5563 4472543.6002 0))",2520607,Verde,Línea,9
"MULTILINESTRING Z ((444759.239 4477560.3538 0,444745.2946 4477552.8538 0))",2520608,Verde,Línea,3
"MULTILINESTRING Z ((444712.9057 4477539.2983 0,444703.5168 4477534.2427 0))",2520612,Verde,Línea,2
"MULTILINESTRING Z ((440128.6983 4472662.9793 0,440166.6508 4472589.5564 0))",2520614,Verde,Línea,18
"MULTILINESTRING Z ((444707.739 4477525.0205 0,444721.4057 4477504.3168 0))",2520615,Verde,Línea,4
"MULTILINESTRING Z ((444722.8871 4477505.3168 0,444731.8131 4477492.2057 0))",2520619,Verde,Línea,3
"MULTILINESTRING Z ((441565.4924 4480590.592 0,441571.6035 4480595.9253 0))",2520624,Azul,Línea,1
"MULTILINESTRING Z ((444785.239 4477453.8261 0,444813.3223 4477474.5761 0))",2520626,Verde,Línea,7
"MULTILINESTRING Z ((444930.1834 4477560.9094 0,444916.3501 4477550.8538 0))",2520630,Verde,Línea,3
"MULTILINESTRING Z ((444931.9612 4477549.2427 0,444927.6834 4477546.1316 0))",2520631,Verde,Batería,2
"MULTILINESTRING Z ((444910.6791 4477533.5242 0,444913.9153 4477535.9214 0))",2520638,Verde,Batería,1
"MULTILINESTRING Z ((441139.9249 4478298.8991 0,441141.5916 4478321.4824 0))",2520639,Verde,Línea,4
"MULTILINESTRING Z ((441188.5082 4478295.1491 0,441147.3416 4478298.1491 0))",2520640,Verde,Batería,15
"MULTILINESTRING Z ((444902.7832 4477527.666 0,444906.3341 4477530.228 0))",2520642,Verde,Batería,1
"MULTILINESTRING Z ((440206.051 4472511.9969 0,440246.2785 4472434.5408 0))",2520643,Verde,Batería,35
"MULTILINESTRING Z ((444898.0723 4477524.3261 0,444900.739 4477526.3261 0))",2520644,Verde,Batería,1
"MULTILINESTRING Z ((440370.489 4472383.6594 0,440344.6557 4472432.5761 0))",2520647,Verde,Batería,23
"MULTILINESTRING Z ((444844.3223 4477484.6594 0,444849.8223 4477488.7427 0))",2520656,Verde,Batería,3
"MULTILINESTRING Z ((444779.9057 4477436.5761 0,444785.8223 4477441.0761 0))",2520657,Verde,Batería,3
"MULTILINESTRING Z ((440089.8506 4472711.0412 0,440041.3673 4472693.6702 0))",2520659,Verde,Línea,10
"MULTILINESTRING Z ((444787.8223 4477442.7427 0,444791.6557 4477445.4094 0))",2520662,Verde,Batería,2
"MULTILINESTRING Z ((440297.5249 4472804.378 0,440305.9512 4472790.2478 0))",2520674,Verde,Batería,6
"MULTILINESTRING Z ((440297.989 4472814.1594 0,440332.489 4472755.9094 0))",2520675,Verde,Línea,14
"MULTILINESTRING Z ((440332.267 4472746.8203 0,440308.2846 4472785.9699 0))",2520676,Verde,Batería,18
"MULTILINESTRING Z ((444973.7946 4477455.2427 0,444960.0168 4477440.9094 0))",2520687,Verde,Línea,3
"MULTILINESTRING Z ((440418.1601 4472607.4662 0,440402.605 4472634.6877 0))",2520695,Verde,Línea,6
"MULTILINESTRING Z ((440394.0307 4472639.3261 0,440402.0307 4472625.2011 0))",2520698,Verde,Línea,3
"MULTILINESTRING Z ((440363.4871 4472557.9933 0,440358.9794 4472566.6924 0))",2520703,Verde,Línea,2
"MULTILINESTRING Z ((444831.6557 4477366.5761 0,444842.4057 4477355.7011 0))",2520704,Verde,Línea,3
"MULTILINESTRING Z ((440619.5989 4472532.0239 0,440598.4051 4472568.1895 0))",2520705,Azul,Línea,8
"MULTILINESTRING Z ((444927.702 4476971.0576 0,444928.8131 4476973.1316 0,444932.4797 4476978.7983 0,444941.9612 4476991.6131 0))",2520722,Verde,Línea,5
"MULTILINESTRING Z ((439944.1415 4472960.1986 0,439974.3463 4472952.4205 0))",2520726,Verde,Línea,6
"MULTILINESTRING Z ((439949.4565 4473001.0334 0,439975.513 4472994.4221 0))",2520727,Verde,Línea,5
"MULTILINESTRING Z ((440349.6268 4472857.8719 0,440384.256 4472799.3703 0))",2520730,Verde,Línea,14
"MULTILINESTRING Z ((440442.3999 4472400.4324 0,440427.2511 4472428.8514 0))",2520733,Verde,Línea,6
"MULTILINESTRING Z ((440541.5031 4472393.4942 0,440550.2288 4472378.4061 0))",2520734,Verde,Batería,7
"MULTILINESTRING Z ((440533.3228 4472407.7644 0,440540.9577 4472394.4032 0))",2520735,Verde,Batería,6
"MULTILINESTRING Z ((444839.9612 4477079.3538 0,444833.6279 4477069.1316 0))",2520757,Verde,Batería,5
"MULTILINESTRING Z ((444835.0168 4477063.0205 0,444850.9057 4477052.6316 0))",2520758,Verde,Batería,8
"MULTILINESTRING Z ((444832.8501 4477101.2983 0,444857.4057 4477084.4094 0))",2520762,Verde,Línea,6
"MULTILINESTRING Z ((444880.6649 4477164.0946 0,444886.702 4477169.2057 0))",2520796,Verde,Línea,1
"MULTILINESTRING Z ((439861.3051 4472475.1065 0,439885.1578 4472506.9966 0))",2520809,Verde,Línea,8
"MULTILINESTRING Z ((444752.6279 4477089.3538 0,444742.4057 4477101.0761 0))",2520815,Verde,Batería,6
"MULTILINESTRING Z ((440333.9522 4472077.3881 0,440320.5999 4472071.4249 0))",2520817,Verde,Línea,2
"MULTILINESTRING Z ((444689.8223 4477172.1594 0,444700.9057 4477181.9094 0,444705.1557 4477185.4094 0,444707.8223 4477187.1594 0))",2520836,Verde,Línea,4
"MULTILINESTRING Z ((444778.8501 4477407.0761 0,444786.9612 4477398.1872 0))",2520852,Verde,Línea,2
"MULTILINESTRING Z ((444751.7946 4477384.6316 0,444747.3501 4477368.0205 0))",2520854,Verde,Línea,2
"MULTILINESTRING Z ((444744.5723 4477357.3538 0,444742.1279 4477348.465 0))",2520856,Verde,Línea,2
"MULTILINESTRING Z ((444741.0723 4477344.5761 0,444728.8223 4477295.7427 0))",2520859,Verde,Línea,9
"MULTILINESTRING Z ((444731.9612 4477294.6872 0,444729.6279 4477284.4094 0,444728.9612 4477279.4094 0))",2520861,Verde,Línea,3
"MULTILINESTRING Z ((444712.739 4477242.965 0,444713.9612 4477252.8538 0))",2520864,Verde,Línea,2
"MULTILINESTRING Z ((444781.739 4477201.4094 0,444745.1279 4477203.9094 0))",2520872,Verde,Línea,7
"MULTILINESTRING Z ((444707.7946 4477214.7427 0,444706.0168 4477210.2427 0,444703.0168 4477204.5205 0,444700.0723 4477200.2983 0,444697.4057 4477196.8538 0,444694.9612 4477194.0761 0))",2520874,Verde,Línea,5
"MULTILINESTRING Z ((444657.6039 4477161.7791 0,444670.8523 4477173.106 0))",2520878,Verde,Línea,3
"MULTILINESTRING Z ((444654.8501 4477164.465 0,444637.7946 4477150.2427 0))",2520880,Verde,Línea,4
"MULTILINESTRING Z ((444640.0168 4477146.9094 0,444627.5168 4477136.465 0))",2520882,Verde,Línea,3
"MULTILINESTRING Z ((444499.5723 4477244.5205 0,444501.0723 4477241.1316 0,444504.4057 4477235.0205 0))",2520893,Verde,Línea,1
"MULTILINESTRING Z ((444520.489 4477269.5761 0,444534.239 4477278.4927 0))",2520903,Verde,Línea,2
"MULTILINESTRING Z ((444566.489 4477296.4094 0,444578.8223 4477304.2427 0))",2520909,Verde,Línea,3
"MULTILINESTRING Z ((444603.6557 4477323.4927 0,444608.739 4477326.7427 0))",2520911,Verde,Línea,1
"MULTILINESTRING Z ((444721.7946 4477399.9094 0,444730.4057 4477405.5761 0))",2520918,Verde,Línea,1
"MULTILINESTRING Z ((444438.4612 4477377.1316 0,444430.6834 4477395.5761 0))",2520941,Azul,Línea,3
"MULTILINESTRING Z ((444465.1834 4477315.2983 0,444466.239 4477312.8538 0))",2520948,Azul,Línea,1
"MULTILINESTRING Z ((444504.5723 4477276.4927 0,444522.239 4477287.6594 0))",2520953,Azul,Batería,9
"MULTILINESTRING Z ((444584.8501 4476885.1316 0,444593.5723 4476878.7427 0))",2520965,Verde,Batería,5
"MULTILINESTRING Z ((444654.6279 4476801.2427 0,444659.739 4476792.0761 0,444664.6279 4476784.5761 0,444668.4612 4476778.4094 0))",2520972,Verde,Línea,5
"MULTILINESTRING Z ((444707.0723 4476717.4094 0,444714.8501 4476705.0205 0))",2520977,Verde,Línea,3
"MULTILINESTRING Z ((444723.9612 4476703.2427 0,444727.5723 4476705.465 0))",2520981,Verde,Línea,1
"MULTILINESTRING Z ((444768.3501 4476818.1872 0,444785.9057 4476790.8538 0))",2520988,Verde,Línea,8
"MULTILINESTRING Z ((444765.3501 4476822.7983 0,444762.6834 4476827.0205 0))",2520990,Verde,Línea,1
"MULTILINESTRING Z ((444584.7946 4476889.7427 0,444588.6279 4476892.965 0))",2521008,Verde,Batería,2
"MULTILINESTRING Z ((444614.0723 4476910.2983 0,444619.1279 4476903.965 0))",2521010,Verde,Batería,2
"MULTILINESTRING Z ((444644.8501 4476942.7427 0,444627.3501 4476928.1316 0))",2521023,Azul,Línea,5
"MULTILINESTRING Z ((444626.4612 4476920.7983 0,444637.3501 4476907.965 0))",2521024,Verde,Línea,3
"MULTILINESTRING Z ((444776.9057 4476823.8261 0,444813.1557 4476767.4927 0))",2521032,Verde,Línea,14
"MULTILINESTRING Z ((444833.5467 4476772.7711 0,444854.3605 4476788.5221 0))",2521033,Verde,Línea,5
"MULTILINESTRING Z ((444864.9612 4476798.4094 0,444857.739 4476792.0205 0))",2521034,Verde,Línea,2
"MULTILINESTRING Z ((444868.7946 4476801.7427 0,444872.1834 4476805.0205 0))",2521035,Verde,Línea,1
"MULTILINESTRING Z ((444759.5168 4477047.2983 0,444754.0723 4477042.6316 0))",2521070,Verde,Línea,1
"MULTILINESTRING Z ((444732.167 4476973.4387 0,444732.5213 4476973.4387 0,444740.0139 4476972.1731 0))",2521095,Verde,Batería,3
"MULTILINESTRING Z ((444743.9242 4476971.465 0,444750.8871 4476970.3168 0))",2521096,Verde,Batería,3
"MULTILINESTRING Z ((444840.012 4476912.0941 0,444857.3267 4476896.5007 0))",2521117,Verde,Línea,4
"MULTILINESTRING Z ((444905.2712 4476912.651 0,444898.4871 4476887.7421 0))",2521126,Verde,Línea,5
"MULTILINESTRING Z ((444499.1834 4477011.7427 0,444505.4057 4477017.1872 0))",2521138,Verde,Línea,2
"MULTILINESTRING Z ((442368.8223 4472622.7427 0,442390.5723 4472610.0761 0))",2521217,Verde,Línea,5
"MULTILINESTRING Z ((442410.4057 4472590.3261 0,442424.6557 4472582.1594 0))",2521220,Verde,Batería,7
"MULTILINESTRING Z ((444500.8501 4476962.1316 0,444546.5168 4477000.5761 0))",2521379,Verde,Línea,11
"MULTILINESTRING Z ((444554.4612 4477007.1872 0,444594.8501 4477041.1872 0))",2521380,Verde,Línea,10
"MULTILINESTRING Z ((444597.6834 4477046.9094 0,444593.6834 4477043.6872 0))",2521381,Verde,Línea,1
"MULTILINESTRING Z ((444633.5168 4477011.5761 0,444634.8501 4477010.1316 0))",2521385,Verde,Batería,1
"MULTILINESTRING Z ((444662.4057 4477002.3261 0,444651.0723 4477015.7427 0))",2521413,Verde,Línea,3
"MULTILINESTRING Z ((444662.739 4477068.9094 0,444678.4057 4477050.6594 0))",2521424,Verde,Batería,9
"MULTILINESTRING Z ((444686.4057 4477057.2427 0,444684.4057 4477055.6594 0))",2521425,Verde,Batería,1
"MULTILINESTRING Z ((444698.739 4477067.0761 0,444694.739 4477063.5761 0))",2521428,Verde,Batería,2
"MULTILINESTRING Z ((444700.8223 4477111.2427 0,444698.9057 4477109.5761 0))",2521435,Verde,Batería,1
"MULTILINESTRING Z ((444681.0723 4477076.7427 0,444674.1557 4477070.9927 0))",2521438,Verde,Batería,3
"MULTILINESTRING Z ((444684.1557 4477077.5761 0,444677.1557 4477072.2427 0))",2521440,Verde,Batería,3
"MULTILINESTRING Z ((444703.0723 4477094.2427 0,444712.5723 4477101.7427 0))",2521445,Verde,Batería,5
"MULTILINESTRING Z ((444454.8501 4476806.0761 0,444458.3501 4476791.8538 0))",2521475,Verde,Línea,2
"MULTILINESTRING Z ((444495.5168 4476744.2983 0,444506.0723 4476727.1872 0))",2521485,Verde,Batería,7
"MULTILINESTRING Z ((444504.4612 4476845.1872 0,444484.6279 4476836.1872 0))",2521503,Verde,Batería,7
"MULTILINESTRING Z ((444550.0723 4476796.7983 0,444555.6834 4476787.3538 0))",2521510,Verde,Línea,2
"MULTILINESTRING Z ((444528.3501 4476831.7427 0,444518.8501 4476846.4094 0))",2521513,Verde,Línea,3
"MULTILINESTRING Z ((444578.6557 4476872.0761 0,444591.8223 4476862.8261 0,444598.989 4476857.6594 0,444606.4057 4476851.2427 0))",2521520,Verde,Línea,7
"MULTILINESTRING Z ((444488.0723 4476685.1316 0,444495.6834 4476672.5761 0))",2521532,Verde,Línea,3
"MULTILINESTRING Z ((444504.3501 4476669.4094 0,444506.4612 4476670.7427 0))",2521535,Verde,Batería,1
"MULTILINESTRING Z ((444628.6834 4476725.965 0,444619.4057 4476720.3538 0))",2521546,Verde,Batería,3
"MULTILINESTRING Z ((444617.739 4476714.8261 0,444626.8223 4476700.9094 0))",2521552,Verde,Línea,3
"MULTILINESTRING Z ((444677.3223 4476716.9927 0,444649.489 4476699.3261 0))",2521555,Verde,Línea,8
"MULTILINESTRING Z ((444693.1557 4476714.9511 0,444687.1557 4476724.0761 0))",2521558,Verde,Línea,2
"MULTILINESTRING Z ((444663.5723 4476696.4094 0,444655.4057 4476691.4094 0))",2521559,Verde,Línea,2
"MULTILINESTRING Z ((444701.9057 4476689.2427 0,444654.989 4476659.9927 0))",2521564,Verde,Línea,11
"MULTILINESTRING Z ((444650.989 4476662.9927 0,444634.0723 4476689.0761 0))",2521565,Verde,Línea,6
"MULTILINESTRING Z ((444581.739 4476617.7427 0,444561.3223 4476604.8261 0))",2521570,Verde,Línea,5
"MULTILINESTRING Z ((444528.1557 4476621.1594 0,444542.489 4476598.0761 0))",2521572,Verde,Línea,4
"MULTILINESTRING Z ((444522.8223 4476632.9927 0,444529.3223 4476622.8261 0))",2521573,Verde,Línea,3
"MULTILINESTRING Z ((444444.8207 4476884.0688 0,444500.0392 4476910.4644 0))",2521592,Verde,Línea,12
"MULTILINESTRING Z ((444520.739 4476909.9927 0,444508.6557 4476905.0761 0))",2521599,Verde,Batería,5
"MULTILINESTRING Z ((444515.5723 4476916.4927 0,444524.989 4476910.4927 0))",2521601,Verde,Línea,2
"MULTILINESTRING Z ((444551.1557 4476891.8261 0,444535.989 4476902.5761 0))",2521603,Verde,Línea,3
"MULTILINESTRING Z ((441916.7472 4472756.7644 0,441927.687 4472779.4775 0))",2521612,Verde,Línea,5
"MULTILINESTRING Z ((444367.9024 4476804.8439 0,444382.2113 4476809.9735 0))",2521622,Verde,Línea,3
"MULTILINESTRING Z ((444258.739 4477054.2427 0,444259.5723 4477045.8261 0,444260.739 4477037.6594 0))",2521634,Azul,Línea,3
"MULTILINESTRING Z ((444263.4057 4477038.1594 0,444265.5723 4477025.4927 0))",2521636,Azul,Línea,3
"MULTILINESTRING Z ((444250.3223 4477159.6594 0,444253.0723 4477142.9094 0,444253.9057 4477136.5761 0,444255.6557 4477120.0761 0))",2521638,Azul,Línea,8
"MULTILINESTRING Z ((444412.1279 4477216.8538 0,444417.4057 4477204.965 0))",2521646,Verde,Línea,3
"MULTILINESTRING Z ((444422.4612 4477193.7983 0,444427.9057 4477181.5761 0,444432.6834 4477169.965 0,444434.6834 4477164.4094 0,444438.7946 4477151.4094 0,444441.3501 4477142.7983 0,444444.0168 4477133.0761 0))",2521648,Verde,Línea,13
"MULTILINESTRING Z ((444295.5845 4476956.6587 0,444293.6679 4476969.492 0))",2521662,Verde,Batería,5
"MULTILINESTRING Z ((444283.739 4477013.9094 0,444286.9057 4477003.4927 0))",2521668,Verde,Batería,4
"MULTILINESTRING Z ((444325.239 4477051.8538 0,444362.9612 4477068.2983 0,444371.0168 4477071.965 0,444379.1279 4477075.5205 0,444390.4057 4477080.7983 0,444395.9612 4477083.2983 0))",2521675,Verde,Batería,30
"MULTILINESTRING Z ((444431.5168 4477099.5205 0,444411.5723 4477090.3538 0))",2521677,Verde,Batería,9
"MULTILINESTRING Z ((444452.739 4477087.5761 0,444459.3501 4477045.7983 0))",2521681,Verde,Línea,8
"MULTILINESTRING Z ((444460.239 4477039.4094 0,444461.0168 4477034.7427 0))",2521683,Verde,Línea,1
"MULTILINESTRING Z ((444470.6279 4477042.5761 0,444466.1834 4477069.0205 0))",2521693,Verde,Línea,4
"MULTILINESTRING Z ((444465.5723 4477073.3538 0,444462.1834 4477093.8538 0,444459.9057 4477108.5761 0,444457.4057 4477122.2427 0))",2521694,Verde,Línea,10
"MULTILINESTRING Z ((442818.0307 4473136.5761 0,442804.6557 4473116.3261 0))",2521701,Verde,Línea,5
"MULTILINESTRING Z ((442872.1557 4473140.3261 0,442882.2807 4473138.8261 0))",2521702,Azul,Línea,2
"MULTILINESTRING Z ((442947.6557 4473117.7011 0,442933.7807 4473096.4511 0))",2521705,Verde,Línea,5
"MULTILINESTRING Z ((444445.0723 4477332.3261 0,444417.4057 4477396.3261 0))",2521714,Azul,Línea,13
"MULTILINESTRING Z ((444432.0781 4477313.0242 0,444403.5408 4477300.5018 0))",2521721,Verde,Línea,7
"MULTILINESTRING Z ((444223.2485 4477373.4984 0,444264.8773 4477357.6533 0))",2521725,Verde,Línea,8
"MULTILINESTRING Z ((444219.8409 4477375.0318 0,444201.4402 4477382.1876 0))",2521726,Verde,Línea,3
"MULTILINESTRING Z ((444251.2471 4477297.7942 0,444254.9386 4477301.1449 0))",2521729,Verde,Línea,1
"MULTILINESTRING Z ((444236.9167 4477228.7751 0,444238.9612 4477218.5527 0))",2521731,Azul,Línea,2
"MULTILINESTRING Z ((444247.9909 4477272.4756 0,444245.6057 4477266.5125 0,444243.6464 4477258.2495 0,444243.6464 4477256.9717 0))",2521735,Verde,Línea,4
"MULTILINESTRING Z ((444300.8268 4477323.9754 0,444304.2912 4477324.6002 0,444307.2444 4477324.7137 0,444310.6519 4477324.4866 0,444314.3434 4477323.7483 0,444317.0695 4477322.6692 0,444318.7732 4477321.8741 0,444319.5115 4477320.8519 0))",2521737,Verde,Línea,4
"MULTILINESTRING Z ((444292.5352 4477336.8673 0,444300.8268 4477333.1758 0))",2521738,Verde,Línea,2
"MULTILINESTRING Z ((444419.6933 4477298.8164 0,444435.8223 4477306.029 0))",2521749,Verde,Línea,4
"MULTILINESTRING Z ((442649.9057 4473097.4511 0,442657.0307 4473108.2011 0))",2521757,Verde,Batería,5
"MULTILINESTRING Z ((444221.5165 4476448.5448 0,444220.1453 4476441.5518 0))",2521758,Verde,Línea,1
"MULTILINESTRING Z ((444256.9614 4476556.7993 0,444251.8195 4476527.0447 0))",2521762,Verde,Línea,6
"MULTILINESTRING Z ((444249.2828 4476512.7159 0,444245.8549 4476492.971 0,444230.8405 4476409.3977 0))",2521763,Verde,Línea,21
"MULTILINESTRING Z ((444230.2234 4476404.8728 0,444228.9208 4476398.3597 0))",2521765,Verde,Línea,1
"MULTILINESTRING Z ((444242.9068 4476371.6217 0,444250.9282 4476370.182 0))",2521768,Verde,Batería,3
"MULTILINESTRING Z ((444252.2308 4476369.9078 0,444260.4579 4476368.5366 0))",2521769,Verde,Batería,3
"MULTILINESTRING Z ((444261.8976 4476368.1938 0,444270.0562 4476366.7541 0))",2521770,Verde,Batería,3
"MULTILINESTRING Z ((444271.4959 4476366.5484 0,444279.4487 4476365.1086 0))",2521771,Verde,Batería,3
"MULTILINESTRING Z ((444280.957 4476364.903 0,444288.8413 4476363.5318 0))",2521772,Verde,Batería,3
"MULTILINESTRING Z ((444290.1439 4476363.2575 0,444298.3024 4476361.8178 0))",2521773,Verde,Batería,3
"MULTILINESTRING Z ((444299.605 4476361.6807 0,444307.695 4476360.1724 0))",2521774,Verde,Batería,3
"MULTILINESTRING Z ((444309.2718 4476359.9667 0,444317.0876 4476358.527 0))",2521775,Verde,Batería,3
"MULTILINESTRING Z ((444318.6644 4476358.3899 0,444326.6858 4476356.8816 0))",2521776,Verde,Batería,3
"MULTILINESTRING Z ((442333.6834 4472818.9606 0,442335.1834 4472821.6273 0))",2521778,Verde,Batería,1
"MULTILINESTRING Z ((444317.8417 4476498.5928 0,444323.7378 4476474.5286 0))",2521780,Verde,Línea,4
"MULTILINESTRING Z ((444320.3098 4476472.9518 0,444323.6692 4476458.8286 0))",2521781,Verde,Línea,3
"MULTILINESTRING Z ((444307.078 4476533.0094 0,444303.9928 4476543.636 0))",2521783,Verde,Línea,2
"MULTILINESTRING Z ((442529.3223 4472963.4094 0,442543.0723 4472955.7427 0))",2521785,Verde,Línea,3
"MULTILINESTRING Z ((444309.6832 4476563.8609 0,444317.019 4476535.3404 0))",2521788,Verde,Línea,5
"MULTILINESTRING Z ((444343.4142 4476431.7479 0,444347.5963 4476415.8422 0))",2521792,Verde,Línea,2
"MULTILINESTRING Z ((444421.9827 4476457.7317 0,444418.8289 4476458.623 0,444414.0298 4476458.623 0,444412.7272 4476458.2116 0,444380.7102 4476449.7103 0))",2521796,Verde,Línea,9
"MULTILINESTRING Z ((444350.2807 4476441.7011 0,444376.6557 4476448.4511 0))",2521797,Verde,Línea,5
"MULTILINESTRING Z ((442654.5307 4472894.3261 0,442657.7807 4472899.2011 0))",2521798,Verde,Línea,1
"MULTILINESTRING Z ((444347.1557 4476452.5761 0,444373.5307 4476459.2011 0))",2521800,Verde,Línea,5
"MULTILINESTRING Z ((444364.1875 4476582.9888 0,444365.0102 4476579.6294 0))",2521808,Verde,Línea,1
"MULTILINESTRING Z ((444366.1072 4476575.9272 0,444372.4146 4476551.7259 0))",2521809,Verde,Línea,4
"MULTILINESTRING Z ((444397.8499 4476468.3583 0,444400.2495 4476467.6042 0,444403.2661 4476467.3299 0,444410.0534 4476469.1125 0,444414.3041 4476470.3465 0,444415.9495 4476471.1007 0,444416.7722 4476472.1291 0))",2521812,Verde,Línea,4
"MULTILINESTRING Z ((444393.9421 4476532.3923 0,444416.7036 4476538.0827 0))",2521814,Verde,Línea,4
"MULTILINESTRING Z ((444434.049 4476463.1479 0,444458.1818 4476448.6134 0))",2521823,Azul,Línea,6
"MULTILINESTRING Z ((442224.6557 4473163.9511 0,442219.1557 4473162.8261 0))",2521825,Azul,Línea,1
"MULTILINESTRING Z ((442192.9057 4473156.9511 0,442212.9057 4473161.3261 0))",2521827,Azul,Línea,4
"MULTILINESTRING Z ((444530.7399 4476592.6556 0,444512.0919 4476622.1359 0))",2521830,Verde,Batería,14
"MULTILINESTRING Z ((442229.8154 4473094.3861 0,442205.3307 4473089.4271 0))",2521833,Verde,Línea,5
"MULTILINESTRING Z ((444307.6607 4476597.8661 0,444293.1605 4476593.9582 0))",2521839,Verde,Línea,3
"MULTILINESTRING Z ((444488.8623 4476659.6031 0,444474.0845 4476682.8254 0))",2521844,Verde,Batería,11
"MULTILINESTRING Z ((444416.4979 4476689.8036 0,444452.7656 4476698.6476 0))",2521845,Verde,Línea,7
"MULTILINESTRING Z ((444413.5499 4476700.4302 0,444427.7416 4476703.9267 0))",2521846,Verde,Línea,2
"MULTILINESTRING Z ((444449.8861 4476709.1372 0,444441.3848 4476707.2175 0))",2521847,Verde,Línea,2
"MULTILINESTRING Z ((444463.4608 4476723.5345 0,444455.9879 4476755.1402 0))",2521849,Verde,Línea,6
"MULTILINESTRING Z ((444452.9027 4476766.8637 0,444451.9429 4476771.8 0))",2521850,Verde,Línea,1
"MULTILINESTRING Z ((444450.4803 4476777.7189 0,444444.0815 4476803.2685 0))",2521852,Verde,Línea,5
"MULTILINESTRING Z ((442046.6557 4472805.8261 0,442107.5307 4472772.8261 0))",2521860,Verde,Línea,14
"MULTILINESTRING Z ((442148.6557 4472750.5761 0,442119.1557 4472766.0761 0))",2521861,Verde,Línea,6
"MULTILINESTRING Z ((442337.2032 4472633.4499 0,442343.016 4472630.4497 0))",2521863,Verde,Línea,1
"MULTILINESTRING Z ((444381.739 4476713.2427 0,444368.9057 4476766.7427 0))",2523199,Verde,Batería,22
"MULTILINESTRING Z ((444273.9057 4476745.7427 0,444269.1557 4476712.8261 0,444264.1557 4476683.4927 0))",2523203,Azul,Línea,13
"MULTILINESTRING Z ((440937.5538 4478511.9835 0,440943.0353 4478511.539 0))",2523218,Verde,Batería,3
"MULTILINESTRING Z ((442083.5723 4472645.6316 0,442036.3501 4472671.0205 0))",2523222,Verde,Línea,10
"MULTILINESTRING Z ((442019.8501 4472679.6316 0,442028.6834 4472674.7427 0))",2523224,Verde,Línea,2
"MULTILINESTRING Z ((442015.239 4472681.9094 0,442005.6279 4472686.9094 0))",2523225,Verde,Línea,2
"MULTILINESTRING Z ((441966.5168 4472708.2427 0,441989.9057 4472695.5205 0))",2523227,Verde,Línea,5
"MULTILINESTRING Z ((441957.9612 4472712.9094 0,441919.9057 4472733.965 0,441918.5168 4472735.1872 0))",2523228,Verde,Línea,9
"MULTILINESTRING Z ((442858.6557 4472743.6594 0,442844.8223 4472752.4094 0))",2523232,Verde,Línea,3
"MULTILINESTRING Z ((440497.9057 4478428.0205 0,440504.1834 4478426.965 0))",2523235,Verde,Línea,1
"MULTILINESTRING Z ((442624.5723 4472848.6594 0,442612.6557 4472830.5761 0))",2523237,Verde,Línea,4
"MULTILINESTRING Z ((442536.2807 4472712.8261 0,442557.1557 4472744.8261 0))",2523239,Verde,Línea,8
"MULTILINESTRING Z ((442759.5307 4472824.9511 0,442762.0307 4472828.5761 0))",2523243,Verde,Línea,1
"MULTILINESTRING Z ((442818.0307 4472914.4511 0,442763.5307 4472830.5761 0))",2523244,Verde,Línea,22
"MULTILINESTRING Z ((442571.0307 4472564.3261 0,442574.5307 4472568.4511 0))",2523247,Verde,Línea,1
"MULTILINESTRING Z ((440729.5044 4478377.0699 0,440731.4304 4478383.0452 0))",2523251,Azul,Línea,1
"MULTILINESTRING Z ((440894.0723 4478406.5761 0,440894.9612 4478416.7427 0))",2523259,Verde,Línea,2
"MULTILINESTRING Z ((440897.5168 4478452.1872 0,440895.4057 4478421.7427 0))",2523261,Verde,Línea,6
"MULTILINESTRING Z ((440529.2575 4478195.6872 0,440530.8871 4478202.3909 0))",2523283,Verde,Batería,2
"MULTILINESTRING Z ((440512.7946 4478128.0205 0,440514.239 4478134.2427 0))",2523291,Verde,Batería,2
"MULTILINESTRING Z ((440369.0168 4478000.1872 0,440384.4612 4477999.2983 0))",2523300,Verde,Línea,3
"MULTILINESTRING Z ((440496.0723 4477990.8538 0,440515.9057 4477989.7983 0))",2523312,Verde,Línea,4
"MULTILINESTRING Z ((440516.5168 4477992.1872 0,440523.7946 4477991.7427 0))",2523316,Verde,Línea,1
"MULTILINESTRING Z ((440927.239 4478178.9094 0,440927.4612 4478181.5205 0))",2523323,Verde,Batería,1
"MULTILINESTRING Z ((440927.0723 4478177.1872 0,440926.8501 4478174.7427 0))",2523325,Verde,Batería,1
"MULTILINESTRING Z ((440926.6834 4478173.1316 0,440926.4612 4478170.6872 0))",2523327,Verde,Batería,1
"MULTILINESTRING Z ((440926.4057 4478169.1687 0,440925.776 4478162.3538 0))",2523329,Verde,Batería,3
"MULTILINESTRING Z ((441042.1094 4478059.6872 0,441041.3316 4478049.539 0))",2523361,Verde,Línea,2
"MULTILINESTRING Z ((441006.0147 4478041.6954 0,441008.418 4478041.4979 0))",2523365,Verde,Batería,1
"MULTILINESTRING Z ((441370.6557 4477950.6594 0,441369.489 4477931.4927 0))",2523373,Azul,Línea,4
"MULTILINESTRING Z ((440519.2946 4477909.1872 0,440527.8501 4477908.1872 0))",2523375,Azul,Línea,1
"MULTILINESTRING Z ((440461.3438 4477873.8994 0,440458.9734 4477853.9735 0))",2523377,Verde,Línea,4
"MULTILINESTRING Z ((440509.776 4477831.539 0,440510.2205 4477831.5761 0,440520.1464 4477830.8353 0))",2523381,Verde,Línea,2
"MULTILINESTRING Z ((440521.4797 4477830.7242 0,440532.776 4477829.8353 0))",2523382,Verde,Línea,2
"MULTILINESTRING Z ((440542.739 4477829.0946 0,440535.0353 4477829.6872 0))",2523383,Verde,Línea,1
"MULTILINESTRING Z ((440601.5413 4477906.7019 0,440609.9858 4477905.813 0))",2523387,Verde,Línea,1
"MULTILINESTRING Z ((440636.3561 4477902.9241 0,440626.3561 4477904.0352 0))",2523389,Verde,Línea,2
"MULTILINESTRING Z ((440594.2946 4477900.3538 0,440612.4797 4477898.3168 0))",2523391,Azul,Línea,4
"MULTILINESTRING Z ((440625.9983 4477896.7983 0,440615.1834 4477898.0205 0))",2523392,Azul,Línea,2
"MULTILINESTRING Z ((440762.6649 4477811.6872 0,440752.8871 4477812.3909 0))",2523397,Verde,Línea,2
"MULTILINESTRING Z ((440743.2946 4477813.0946 0,440750.4057 4477812.5761 0))",2523398,Verde,Línea,1
"MULTILINESTRING Z ((440900.8925 4477837.7118 0,440898.7786 4477812.289 0))",2523400,Verde,Línea,5
"MULTILINESTRING Z ((440898.3439 4477807.3168 0,440898.739 4477812.0329 0))",2523401,Verde,Línea,1
"MULTILINESTRING Z ((440920.6834 4477852.7983 0,440929.6834 4477851.965 0))",2523407,Verde,Batería,4
"MULTILINESTRING Z ((440979.1031 4477718.0136 0,440972.4891 4477718.5989 0))",2523436,Verde,Línea,1
"MULTILINESTRING Z ((440364.8501 4477643.7613 0,440359.4427 4477642.2798 0))",2523439,Verde,Línea,1
"MULTILINESTRING Z ((440878.2205 4477601.7983 0,440877.9242 4477596.8353 0))",2523448,Verde,Línea,1
"MULTILINESTRING Z ((440753.702 4477631.7119 0,440752.4427 4477616.3292 0))",2523464,Verde,Batería,6
"MULTILINESTRING Z ((440694.5168 4477593.2983 0,440693.739 4477585.2983 0))",2523489,Verde,Línea,1
"MULTILINESTRING Z ((440699.4797 4477656.2427 0,440699.9242 4477661.7242 0))",2523496,Verde,Línea,1
"MULTILINESTRING Z ((440700.1464 4477664.6501 0,440700.5168 4477669.6131 0))",2523501,Verde,Línea,1
"MULTILINESTRING Z ((441213.239 4478444.1594 0,441214.489 4478459.4094 0))",2523526,Verde,Batería,6
"MULTILINESTRING Z ((441213.4057 4478479.0761 0,441211.9057 4478460.9094 0))",2523532,Verde,Batería,7
"MULTILINESTRING Z ((440471.9719 4474879.626 0,440477.501 4474916.9949 0))",2524521,Verde,Línea,6
"MULTILINESTRING Z ((438966.0774 4473831.4485 0,439041.5704 4473841.2652 0))",2524578,Verde,Línea,15
"MULTILINESTRING Z ((438931.1977 4473822.8914 0,438905.266 4473819.6337 0))",2524585,Verde,Línea,5
"MULTILINESTRING Z ((444176.3209 4478178.2901 0,444179.0133 4478174.3491 0))",2525226,Verde,Línea,1
"MULTILINESTRING Z ((444173.1993 4478182.8164 0,444160.9861 4478200.7656 0))",2525228,Verde,Línea,4
"MULTILINESTRING Z ((444071.2015 4478202.2873 0,444062.6172 4478215.2809 0))",2525246,Verde,Batería,8
"MULTILINESTRING Z ((444059.239 4478194.7427 0,444054.739 4478201.5761 0))",2525247,Verde,Batería,4
"MULTILINESTRING Z ((444027.8223 4478319.7427 0,444029.8223 4478316.7427 0))",2525269,Verde,Batería,1
"MULTILINESTRING Z ((444030.4057 4478316.0761 0,444032.4057 4478313.4094 0))",2525270,Verde,Batería,1
"MULTILINESTRING Z ((444032.9057 4478312.8261 0,444036.6557 4478307.3261 0))",2525271,Verde,Batería,3
"MULTILINESTRING Z ((444061.3389 4478269.4915 0,444062.6851 4478267.3844 0))",2525289,Verde,Batería,1
"MULTILINESTRING Z ((444063.3875 4478266.4479 0,444064.7337 4478264.2822 0))",2525290,Verde,Batería,1
"MULTILINESTRING Z ((444065.319 4478263.3458 0,444066.6652 4478261.2386 0))",2525291,Verde,Batería,1
"MULTILINESTRING Z ((444067.2506 4478260.4777 0,444071.8745 4478253.2784 0))",2525292,Verde,Batería,3
"MULTILINESTRING Z ((444126.7765 4478281.8415 0,444143.8675 4478293.0209 0))",2525302,Verde,Línea,3
"MULTILINESTRING Z ((444131.6345 4478273.9398 0,444146.794 4478283.4218 0))",2525306,Verde,Línea,3
"MULTILINESTRING Z ((444269.4747 4478247.1327 0,444242.7847 4478230.1002 0))",2525315,Verde,Línea,6
"MULTILINESTRING Z ((444195.489 4478164.7427 0,444183.1557 4478182.8261 0))",2525319,Azul,Línea,3
"MULTILINESTRING Z ((444230.0249 4478114.0335 0,444220.777 4478127.7882 0))",2525322,Azul,Línea,3
"MULTILINESTRING Z ((444011.7743 4477807.7189 0,444010.5257 4477814.1962 0))",2525383,Verde,Línea,2
"MULTILINESTRING Z ((443996.1664 4477903.6686 0,443994.5666 4477912.5261 0))",2525385,Verde,Batería,3
"MULTILINESTRING Z ((443991.6679 4477928.242 0,443988.5845 4477945.6587 0))",2525386,Verde,Batería,7
"MULTILINESTRING Z ((443988.0012 4477948.0754 0,443986.4179 4477957.992 0))",2525387,Verde,Batería,3
"MULTILINESTRING Z ((444191.989 4477661.4094 0,444192.3223 4477674.4094 0,444191.4057 4477685.1594 0,444190.1557 4477692.6594 0,444188.239 4477699.3261 0,444184.239 4477711.3261 0))",2525418,Azul,Línea,7
"MULTILINESTRING Z ((444199.0012 4477678.8254 0,444196.0845 4477698.9087 0))",2525420,Verde,Línea,4
"MULTILINESTRING Z ((444194.239 4477705.8261 0,444191.1557 4477714.5761 0))",2525421,Verde,Línea,1
"MULTILINESTRING Z ((444203.5723 4477876.8261 0,444205.739 4477872.0761 0))",2525469,Verde,Línea,1
"MULTILINESTRING Z ((444262.9057 4477750.4927 0,444248.1557 4477782.2427 0))",2525490,Verde,Línea,6
"MULTILINESTRING Z ((444269.4057 4477766.4927 0,444274.8223 4477755.6594 0))",2525497,Verde,Línea,2
"MULTILINESTRING Z ((444218.0012 4477869.992 0,444214.2512 4477877.742 0))",2525501,Verde,Línea,1
"MULTILINESTRING Z ((444242.489 4477910.3261 0,444261.5723 4477900.0761 0))",2525513,Verde,Batería,8
"MULTILINESTRING Z ((444215.989 4477886.0761 0,444223.0723 4477899.5761 0))",2525517,Verde,Línea,3
"MULTILINESTRING Z ((444245.1557 4477917.2427 0,444226.239 4477927.0761 0))",2525540,Verde,Línea,4
"MULTILINESTRING Z ((444378.4179 4477926.8254 0,444396.0845 4477938.742 0))",2525650,Verde,Línea,4
"MULTILINESTRING Z ((444343.2946 4477757.5205 0,444348.1834 4477758.6872 0))",2525681,Verde,Línea,1
"MULTILINESTRING Z ((444193.4612 4477631.2427 0,444204.1279 4477644.2427 0))",2525690,Azul,Línea,2
"MULTILINESTRING Z ((444187.5012 4477621.0754 0,444194.0012 4477629.1587 0))",2525691,Azul,Línea,2
"MULTILINESTRING Z ((444138.1557 4477522.5761 0,444141.2807 4477485.3261 0))",2525696,Verde,Línea,7
"MULTILINESTRING Z ((444325.4057 4477608.4094 0,444322.989 4477614.1594 0))",2525737,Azul,Línea,1
"MULTILINESTRING Z ((444368.6557 4477539.9927 0,444356.6557 4477566.4927 0))",2525748,Verde,Línea,5
"MULTILINESTRING Z ((444337.239 4477611.2427 0,444325.6557 4477636.8261 0))",2525752,Verde,Línea,5
"MULTILINESTRING Z ((444318.489 4477653.4927 0,444323.0723 4477643.0761 0))",2525753,Verde,Línea,2
"MULTILINESTRING Z ((444316.989 4477667.2427 0,444321.9057 4477655.7427 0))",2525755,Verde,Línea,2
"MULTILINESTRING Z ((444307.8223 4477677.1594 0,444303.739 4477686.7427 0))",2525756,Verde,Línea,2
"MULTILINESTRING Z ((444309.1557 4477734.4927 0,444313.489 4477735.4094 0))",2525760,Verde,Batería,1
"MULTILINESTRING Z ((444330.4057 4477739.7427 0,444323.5723 4477738.0761 0))",2525766,Verde,Batería,2
"MULTILINESTRING Z ((444348.9057 4477744.4927 0,444355.1557 4477745.9094 0))",2525770,Verde,Batería,3
"MULTILINESTRING Z ((444356.739 4477746.4094 0,444363.6557 4477747.9927 0))",2525771,Verde,Batería,3
"MULTILINESTRING Z ((444365.1557 4477748.4927 0,444371.8223 4477750.2427 0))",2525774,Verde,Batería,3
"MULTILINESTRING Z ((444373.9057 4477750.7427 0,444379.9057 4477752.1594 0))",2525775,Verde,Batería,3
"MULTILINESTRING Z ((444381.6557 4477752.4927 0,444388.6557 4477754.3261 0))",2525776,Verde,Batería,3
"MULTILINESTRING Z ((444390.1557 4477754.6594 0,444394.239 4477755.6594 0))",2525778,Verde,Batería,2
"MULTILINESTRING Z ((444455.8501 4477771.2983 0,444450.9612 4477770.1872 0))",2525786,Azul,Batería,2
"MULTILINESTRING Z ((444457.239 4477771.5761 0,444464.1279 4477773.4094 0))",2525790,Azul,Batería,3
"MULTILINESTRING Z ((444465.4612 4477773.7427 0,444472.4057 4477775.5205 0))",2525793,Azul,Batería,3
"MULTILINESTRING Z ((444473.6279 4477775.7427 0,444480.739 4477777.5205 0))",2525795,Azul,Batería,3
"MULTILINESTRING Z ((444515.739 4477790.4094 0,444510.5168 4477788.0205 0))",2525797,Azul,Batería,2
"MULTILINESTRING Z ((444482.0168 4477777.965 0,444486.1834 4477779.0205 0))",2525802,Azul,Batería,3
"MULTILINESTRING Z ((444486.9057 4477779.1872 0,444488.9057 4477779.6872 0))",2525803,Azul,Batería,1
"MULTILINESTRING Z ((444557.3501 4477768.7983 0,444547.4612 4477786.1872 0))",2525805,Verde,Línea,4
"MULTILINESTRING Z ((444577.3345 4477737.242 0,444569.5012 4477750.8254 0))",2525807,Verde,Línea,3
"MULTILINESTRING Z ((444399.5723 4477625.4094 0,444416.489 4477634.7427 0))",2525841,Verde,Línea,3
"MULTILINESTRING Z ((444475.239 4477658.9094 0,444492.0723 4477667.9927 0))",2525856,Azul,Línea,4
"MULTILINESTRING Z ((444502.0012 4477673.3254 0,444511.6679 4477678.5754 0))",2525858,Azul,Línea,2
"MULTILINESTRING Z ((444208.3501 4478465.6872 0,444222.9612 4478475.1316 0))",2525865,Verde,Línea,3
"MULTILINESTRING Z ((444304.6834 4478398.0205 0,444316.9612 4478406.0761 0))",2525879,Verde,Línea,3
"MULTILINESTRING Z ((444242.9612 4478346.0576 0,444278.6279 4478369.2057 0))",2525888,Verde,Línea,8
"MULTILINESTRING Z ((444289.6279 4478269.7983 0,444278.0168 4478262.2983 0))",2525901,Verde,Línea,2
"MULTILINESTRING Z ((444427.239 4478359.7427 0,444415.2946 4478352.1316 0))",2525907,Verde,Línea,2
"MULTILINESTRING Z ((444442.0307 4478369.4511 0,444436.2807 4478365.7011 0))",2525908,Verde,Línea,1
"MULTILINESTRING Z ((444298.4057 4478266.6872 0,444282.1834 4478256.2427 0))",2525959,Verde,Línea,3
"MULTILINESTRING Z ((444287.9057 4478240.2427 0,444282.239 4478248.465 0))",2525961,Verde,Línea,2
"MULTILINESTRING Z ((444303.9612 4478221.465 0,444307.9057 4478215.6316 0))",2525966,Verde,Línea,1
"MULTILINESTRING Z ((444461.2946 4477965.465 0,444468.0723 4477953.0205 0))",2526146,Verde,Línea,3
"MULTILINESTRING Z ((444588.1557 4477832.1594 0,444615.989 4477847.1594 0))",2526209,Azul,Línea,5
"MULTILINESTRING Z ((444583.9057 4477829.6872 0,444571.8501 4477823.465 0))",2526211,Azul,Línea,2
"MULTILINESTRING Z ((444615.1834 4477689.7427 0,444606.8501 4477704.6316 0))",2526216,Verde,Línea,3
"MULTILINESTRING Z ((444622.8501 4477675.965 0,444617.2946 4477686.0205 0))",2526221,Verde,Línea,2
"MULTILINESTRING Z ((440532.7774 4472408.7642 0,440505.8732 4472455.2103 0))",2526443,Verde,Batería,20
"MULTILINESTRING Z ((440455.6824 4472403.2958 0,440499.7942 4472440.2801 0))",2526462,Verde,Línea,12
"MULTILINESTRING Z ((439827.989 4472431.0761 0,439790.8223 4472381.9927 0))",2527136,Verde,Línea,13
"MULTILINESTRING Z ((439282.4573 4473214.7321 0,439284.4481 4473213.9234 0,439286.4389 4473212.3681 0,439291.8514 4473207.5777 0,439314.4344 4473186.4256 0,439352.2595 4473151.4 0))",2527144,Verde,Línea,19
"MULTILINESTRING Z ((439589.1834 4473314.794 0,439579.7946 4473317.3495 0))",2527180,Verde,Línea,2
"MULTILINESTRING Z ((440040.3501 4473546.7384 0,440045.0168 4473540.6273 0,440049.5168 4473534.1273 0,440052.2946 4473529.794 0))",2527239,Verde,Línea,4
"MULTILINESTRING Z ((438935.0484 4473932.8118 0,438930.076 4473932.9959 0))",2527269,Azul,Línea,1
"MULTILINESTRING Z ((440060.6101 4479293.5528 0,440065.3727 4479296.5925 0))",2527574,Verde,Línea,1
"MULTILINESTRING Z ((440111.2822 4479463.7036 0,440114.6834 4479458.6316 0))",2527576,Verde,Línea,1
"MULTILINESTRING Z ((439948.6621 4479715.811 0,439950.3155 4479712.1018 0,439953.0429 4479706.3254 0))",2527610,Verde,Línea,2
"MULTILINESTRING Z ((439935.0723 4479758.6316 0,439937.7946 4479747.1316 0))",2527620,Verde,Línea,2
"MULTILINESTRING Z ((439932.9057 4479770.6872 0,439934.7946 4479760.3538 0))",2527625,Verde,Línea,2
"MULTILINESTRING Z ((439931.5723 4479782.9094 0,439932.6279 4479772.5205 0))",2527628,Verde,Línea,2
"MULTILINESTRING Z ((439931.3623 4479785.1587 0,439930.8623 4479796.3254 0))",2527640,Verde,Línea,2
"MULTILINESTRING Z ((439957.989 4479747.2427 0,439955.3223 4479757.0761 0,439954.1557 4479763.1594 0,439952.989 4479769.9094 0,439951.1557 4479783.2427 0,439950.739 4479787.5761 0,439950.4057 4479803.3261 0,439951.0723 4479816.2427 0))",2527648,Verde,Batería,29
"MULTILINESTRING Z ((439956.1633 4479912.1462 0,439952.2322 4479899.6408 0))",2527682,Verde,Línea,2
"MULTILINESTRING Z ((439956.7535 4479914.0077 0,439958.1957 4479918.492 0))",2527687,Verde,Línea,1
"MULTILINESTRING Z ((439964.9734 4479874.7142 0,439957.9734 4479852.6587 0,439956.0845 4479845.7698 0,439955.3068 4479842.8254 0,439953.4179 4479833.992 0,439952.6401 4479829.0476 0))",2527690,Verde,Batería,20
"MULTILINESTRING Z ((439998.389 4479992.5234 0,439995.4917 4479982.9536 0))",2527709,Verde,Línea,2
"MULTILINESTRING Z ((440002.1642 4480004.2881 0,439999.0914 4479994.4549 0))",2527711,Verde,Línea,2
"MULTILINESTRING Z ((440002.7143 4480006.1316 0,440005.7267 4480015.6378 0))",2527714,Verde,Línea,2
"MULTILINESTRING Z ((440011.2263 4480033.7166 0,440010.1727 4480029.2388 0))",2527725,Verde,Línea,1
"MULTILINESTRING Z ((439986.8617 4480008.9569 0,439981.5937 4479993.0212 0))",2527730,Verde,Línea,3
"MULTILINESTRING Z ((439990.4176 4480020.5466 0,439987.3885 4480011.0642 0))",2527741,Verde,Línea,2
"MULTILINESTRING Z ((440428.1322 4472724.5763 0,440412.8463 4472750.4931 0))",2527748,Verde,Línea,6
"MULTILINESTRING Z ((440374.6001 4472824.721 0,440333.2716 4472894.3568 0))",2527759,Verde,Línea,16
"MULTILINESTRING Z ((440229.2467 4472632.0833 0,440221.2636 4472625.4851 0))",2527762,Verde,Línea,2
"MULTILINESTRING Z ((440192.3454 4472599.9882 0,440218.6569 4472623.1227 0))",2527763,Verde,Línea,7
"MULTILINESTRING Z ((440246.3532 4472646.3388 0,440283.4174 4472678.7598 0))",2527765,Verde,Línea,10
"MULTILINESTRING Z ((440353.0655 4472745.8011 0,440382.7983 4472771.5424 0))",2527767,Verde,Línea,8
"MULTILINESTRING Z ((440197.8988 4472702.8182 0,440186.1914 4472724.8862 0))",2527773,Verde,Batería,9
"MULTILINESTRING Z ((440116.3791 4472916.4197 0,440067.3079 4472908.4919 0))",2527783,Verde,Línea,10
"MULTILINESTRING Z ((439517.0317 4472749.1469 0,439554.3433 4472735.8037 0))",2527819,Verde,Línea,8
"MULTILINESTRING Z ((440001.0229 4480053.9808 0,440004.0079 4480063.375 0))",2527828,Verde,Línea,2
"MULTILINESTRING Z ((439668.5938 4473012.2098 0,439676.9001 4472955.1495 0))",2527835,Verde,Batería,22
"MULTILINESTRING Z ((440004.5347 4480065.2187 0,440007.871 4480075.6665 0))",2527868,Verde,Línea,2
"MULTILINESTRING Z ((440008.4856 4480077.4224 0,440011.5584 4480087.2556 0))",2527873,Verde,Línea,2
"MULTILINESTRING Z ((440012.0852 4480089.1871 0,440015.6849 4480098.9325 0))",2527879,Verde,Línea,2
"MULTILINESTRING Z ((440016.5628 4480100.6885 0,440021.655 4480110.0827 0))",2527881,Verde,Línea,2
"MULTILINESTRING Z ((440025.957 4480079.9685 0,440023.0597 4480070.1353 0))",2527892,Verde,Línea,2
"MULTILINESTRING Z ((440029.9079 4480091.1187 0,440028.1519 4480086.7288 0,440026.5716 4480081.9 0))",2527922,Verde,Línea,2
"MULTILINESTRING Z ((440035.6146 4480101.8298 0,440032.7173 4480097.001 0,440030.8736 4480093.0502 0))",2527928,Verde,Línea,2
"MULTILINESTRING Z ((439162.3192 4477685.4403 0,439159.6032 4477680.0082 0))",2527929,Verde,Línea,1
"MULTILINESTRING Z ((439534.4655 4481475.94 0,439564.6549 4481389.8722 0))",2527935,Verde,Batería,36
"MULTILINESTRING Z ((440025.5766 4480057.7853 0,440027.4496 4480062.4678 0))",2527941,Verde,Línea,1
"MULTILINESTRING Z ((440134.5611 4480110.346 0,440144.921 4480105.8684 0))",2527942,Verde,Línea,2
"MULTILINESTRING Z ((439588.4612 4473945.0718 0,439573.0723 4473945.0718 0))",2527987,Verde,Línea,3
"MULTILINESTRING Z ((439507.1834 4473945.294 0,439516.5168 4473945.1829 0))",2528000,Verde,Línea,2
"MULTILINESTRING Z ((442409.3686 4476369.6872 0,442433.8131 4476367.8724 0))",2528040,Verde,Línea,5
"MULTILINESTRING Z ((442618.3501 4476148.5205 0,442616.8501 4476129.5761 0))",2528123,Azul,Línea,4
"MULTILINESTRING Z ((442621.5379 4476194.3964 0,442618.7285 4476153.893 0))",2528127,Azul,Línea,8
"MULTILINESTRING Z ((442627.5723 4476281.3261 0,442627.989 4476287.6594 0))",2528141,Verde,Línea,1
"MULTILINESTRING Z ((442625.1834 4475995.3909 0,442633.0723 4475994.7983 0))",2528163,Azul,Línea,1
"MULTILINESTRING Z ((440159.7839 4473945.6753 0,440169.4564 4473944.9438 0))",2528203,Verde,Línea,2
"MULTILINESTRING Z ((440516.0723 4472573.8495 0,440525.3501 4472557.9051 0))",2528207,Verde,Línea,4
"MULTILINESTRING Z ((439708.989 4473832.0162 0,439707.239 4473821.4329 0))",2528208,Verde,Línea,2
"MULTILINESTRING Z ((439706.0723 4473817.5995 0,439701.8223 4473795.0995 0))",2528209,Verde,Línea,4
"MULTILINESTRING Z ((439090.5753 4473456.6114 0,439093.1795 4473446.8644 0))",2528222,Azul,Línea,2
"MULTILINESTRING Z ((439064.6824 4473554.8629 0,439086.111 4473473.9477 0))",2528223,Azul,Línea,16
"MULTILINESTRING Z ((442561.1341 4475839.1725 0,442558.3246 4475839.3481 0))",2528411,Verde,Batería,1
"MULTILINESTRING Z ((442595.0723 4475855.8538 0,442596.1279 4475873.0205 0))",2528421,Verde,Línea,3
"MULTILINESTRING Z ((442604.3316 4475947.4279 0,442604.776 4475954.2798 0))",2528422,Verde,Línea,1
"MULTILINESTRING Z ((442599.4304 4475872.9711 0,442599.7513 4475877.8353 0))",2528427,Verde,Línea,1
"MULTILINESTRING Z ((442908.6319 4475822.6083 0,442905.7639 4475822.9594 0))",2528435,Verde,Batería,1
"MULTILINESTRING Z ((442906.993 4475598.2009 0,442906.7004 4475595.3329 0))",2528470,Verde,Batería,1
"MULTILINESTRING Z ((443123.0305 4475640.1675 0,443122.9134 4475635.8362 0))",2528484,Verde,Línea,1
"MULTILINESTRING Z ((443034.75 4472063.2626 0,443008.428 4472025.3072 0))",2528541,Verde,Línea,9
"MULTILINESTRING Z ((442899.8032 4471894.2915 0,442910.6555 4471905.7282 0))",2528548,Verde,Línea,3
"MULTILINESTRING Z ((439672.9004 4474543.3005 0,439675.9922 4474540.2086 0))",2528713,Verde,Línea,1
"MULTILINESTRING Z ((440868.5282 4471968.73 0,440818.6244 4471939.2736 0))",2528730,Verde,Línea,11
"MULTILINESTRING Z ((440873.387 4471971.3619 0,440882.396 4471976.828 0))",2528732,Verde,Línea,2
"MULTILINESTRING Z ((440859.1557 4474833.8495 0,440892.1557 4474829.0995 0))",2528768,Verde,Línea,7
"MULTILINESTRING Z ((440966.4057 4474821.4329 0,440960.239 4474821.6829 0))",2528769,Verde,Línea,1
"MULTILINESTRING Z ((440853.4155 4475557.6441 0,440860.4872 4475522.0714 0))",2528790,Verde,Línea,7
"MULTILINESTRING Z ((440889.4042 4472238.9484 0,440881.1073 4472240.0425 0))",2528799,Verde,Batería,3
"MULTILINESTRING Z ((440847.9199 4472243.7806 0,440877.278 4472240.316 0))",2528800,Verde,Batería,11
"MULTILINESTRING Z ((440384.489 4471989.6594 0,440315.239 4472038.7427 0))",2528827,Verde,Línea,19
"MULTILINESTRING Z ((440740.0692 4471845.1388 0,440742.968 4471875.3691 0))",2528837,Verde,Línea,6
"MULTILINESTRING Z ((441742.3065 4475470.8401 0,441752.6298 4475470.2062 0))",2528842,Verde,Línea,2
"MULTILINESTRING Z ((443575.2164 4476166.8477 0,443574.3604 4476171.5555 0))",2528856,Verde,Batería,2
"MULTILINESTRING Z ((440671.6258 4480308.1121 0,440668.2507 4480303.9269 0))",2528862,Verde,Línea,1
"MULTILINESTRING Z ((441697.8115 4472082.152 0,441712.934 4472097.2745 0))",2528864,Verde,Línea,4
"MULTILINESTRING Z ((440875.2946 4480351.7427 0,440904.3501 4480323.1316 0))",2528875,Verde,Línea,8
"MULTILINESTRING Z ((440951.1341 4480278.2551 0,440923.9736 4480304.181 0))",2528879,Verde,Línea,7
"MULTILINESTRING Z ((442118.239 4476766.9094 0,442126.739 4476772.9927 0))",2528882,Azul,Línea,2
"MULTILINESTRING Z ((442130.1557 4476778.9927 0,442125.989 4476775.9094 0))",2528883,Azul,Línea,1
"MULTILINESTRING Z ((441841.9057 4474997.9329 0,441841.3223 4474992.0995 0))",2528885,Verde,Línea,1
"MULTILINESTRING Z ((442094.739 4476794.0761 0,442093.989 4476783.6594 0))",2528886,Azul,Línea,2
"MULTILINESTRING Z ((441830.239 4474882.2662 0,441834.6557 4474927.3495 0))",2528888,Verde,Batería,17
"MULTILINESTRING Z ((440900.739 4480414.502 0,440900.5168 4480415.3662 0,440900.1711 4480417.5637 0,440899.8007 4480421.1687 0,440900.1711 4480426.0822 0))",2528891,Verde,Línea,3
"MULTILINESTRING Z ((441021.8007 4480416.3785 0,440999.3563 4480426.9218 0))",2528896,Verde,Línea,5
"MULTILINESTRING Z ((441353.0545 4474647.4801 0,441319.3967 4474653.6642 0))",2528899,Verde,Línea,7
"MULTILINESTRING Z ((441389.855 4474641.1946 0,441373.9385 4474644.0332 0))",2528900,Verde,Línea,3
"MULTILINESTRING Z ((441896.8223 4477812.1594 0,441896.739 4477804.9094 0))",2528902,Verde,Línea,1
"MULTILINESTRING Z ((441066.739 4480305.3662 0,441064.5908 4480300.8971 0))",2528903,Verde,Línea,1
"MULTILINESTRING Z ((443389.8254 4477273.5637 0,443384.7637 4477274.6255 0))",2528908,Verde,Batería,2
"MULTILINESTRING Z ((441410.535 4474668.1337 0,441402.6471 4474647.4619 0))",2528912,Verde,Línea,4
"MULTILINESTRING Z ((441466.7143 4480458.5514 0,441468.4674 4480462.2057 0))",2528919,Verde,Línea,1
"MULTILINESTRING Z ((442980.239 4476772.5205 0,442979.1279 4476776.9094 0))",2528925,Azul,Batería,2
"MULTILINESTRING Z ((441464.7801 4480333.1851 0,441459.06 4480321.1687 0))",2528928,Verde,Línea,3
"MULTILINESTRING Z ((442958.7637 4476749.7613 0,442956.5662 4476751.4156 0,442954.9859 4476753.2674 0))",2528929,Verde,Batería,2
"MULTILINESTRING Z ((441626.3315 4480480.6039 0,441630.2518 4480498.9772 0))",2528937,Verde,Línea,4
"MULTILINESTRING Z ((441625.2686 4480475.673 0,441626.2618 4480480.3774 0))",2528938,Verde,Línea,1
"MULTILINESTRING Z ((443080.6686 4477368.8491 0,443082.0853 4477367.0376 0))",2528943,Verde,Batería,1
"MULTILINESTRING Z ((442959.0723 4476774.9927 0,442959.9057 4476770.9927 0))",2528951,Azul,Batería,2
"MULTILINESTRING Z ((442967.5723 4476776.5761 0,442968.239 4476772.9927 0))",2528956,Azul,Batería,2
"MULTILINESTRING Z ((440722.8871 4480223.4732 0,440719.2328 4480226.9135 0))",2528960,Verde,Línea,1
"MULTILINESTRING Z ((442954.9224 4477544.5692 0,442958.3562 4477542.111 0))",2528964,Verde,Línea,1
"MULTILINESTRING Z ((443101.9101 4477556.8214 0,443103.666 4477554.7144 0))",2528979,Verde,Batería,1
"MULTILINESTRING Z ((440829.2575 4480185.502 0,440837.0723 4480177.9094 0))",2528980,Verde,Línea,2
"MULTILINESTRING Z ((442962.0723 4477723.0761 0,442952.0723 4477735.1594 0))",2528983,Verde,Batería,6
"MULTILINESTRING Z ((440837.4797 4480177.502 0,440841.0723 4480174.0205 0))",2528984,Verde,Línea,1
"MULTILINESTRING Z ((441005.2411 4480065.1687 0,441008.5003 4480068.5596 0))",2528991,Verde,Línea,1
"MULTILINESTRING Z ((442908.1636 4477780.9928 0,442894.4089 4477778.593 0))",2528992,Azul,Batería,5
"MULTILINESTRING Z ((441030.4057 4480123.1687 0,441045.6649 4480108.465 0))",2529006,Azul,Línea,4
"MULTILINESTRING Z ((443434.4427 4476705.9341 0,443449.6773 4476710.7736 0))",2529016,Verde,Batería,6
"MULTILINESTRING Z ((440892.7316 4480266.2398 0,440898.4814 4480260.6729 0))",2529017,Verde,Línea,1
"MULTILINESTRING Z ((440982.2946 4480300.6872 0,440971.6279 4480289.4279 0))",2529019,Verde,Línea,3
"MULTILINESTRING Z ((443408.5168 4476611.9878 0,443401.7847 4476609.7656 0))",2529020,Verde,Línea,1
"MULTILINESTRING Z ((440963.4057 4480280.7242 0,440968.0723 4480285.6501 0))",2529021,Verde,Línea,1
"MULTILINESTRING Z ((443432.0723 4476618.6594 0,443415.1557 4476612.6594 0))",2529022,Verde,Batería,8
"MULTILINESTRING Z ((441378.239 4480171.2983 0,441367.739 4480176.465 0))",2529030,Verde,Línea,2
"MULTILINESTRING Z ((443533.3223 4478721.7427 0,443547.989 4478704.8261 0))",2529037,Verde,Batería,9
"MULTILINESTRING Z ((443566.8501 4478683.6316 0,443589.5723 4478657.1316 0))",2529049,Verde,Batería,14
"MULTILINESTRING Z ((443508.8223 4478750.0761 0,443514.6557 4478743.3261 0))",2529050,Verde,Batería,4
"MULTILINESTRING Z ((439832.9034 4472734.5179 0,439838.5609 4472718.7318 0))",2529066,Azul,Línea,3
"MULTILINESTRING Z ((441326.7719 4479763.2592 0,441328.7966 4479761.5637 0,441330.3275 4479760.6748 0,441331.4468 4479760.181 0,441332.7966 4479759.753 0,441334.4098 4479759.4238 0,441335.7925 4479759.2921 0,441337.3069 4479759.3415 0))",2529075,Azul,Línea,2
"MULTILINESTRING Z ((440985.0147 4479908.7657 0,440975.24 4479897.3522 0))",2529076,Verde,Línea,3
"MULTILINESTRING Z ((440961.7194 4479881.1977 0,440972.3135 4479893.8403 0))",2529077,Verde,Línea,3
"MULTILINESTRING Z ((440146.1978 4472992.6998 0,440203.9748 4472978.3179 0))",2529078,Azul,Línea,12
"MULTILINESTRING Z ((440207.882 4472977.5697 0,440213.3688 4472976.2395 0))",2529080,Azul,Línea,1
"MULTILINESTRING Z ((439995.8828 4473017.4714 0,439996.9996 4473012.4967 0))",2529089,Azul,Línea,1
"MULTILINESTRING Z ((440008.1671 4472960.9231 0,440002.2788 4472987.7252 0))",2529090,Azul,Línea,5
"MULTILINESTRING Z ((440926.4057 4479993.465 0,440967.4797 4480036.8353 0))",2529091,Verde,Línea,12
"MULTILINESTRING Z ((440918.5048 4471962.9457 0,440921.2262 4471957.7685 0))",2529101,Azul,Línea,1
"MULTILINESTRING Z ((441255.6649 4479942.2057 0,441264.0723 4479936.539 0))",2529104,Verde,Línea,2
"MULTILINESTRING Z ((443253.489 4477328.4094 0,443256.9057 4477323.4094 0))",2529122,Verde,Batería,2
"MULTILINESTRING Z ((443267.7431 4477446.1563 0,443269.488 4477447.1769 0,443270.1958 4477447.4732 0,443272.2575 4477447.9094 0))",2529126,Verde,Línea,1
"MULTILINESTRING Z ((443146.8871 4477146.4471 0,443154.5579 4477146.5898 0))",2529128,Verde,Batería,3
"MULTILINESTRING Z ((442610.6567 4476658.6337 0,442615.9057 4476651.6594 0,442619.2807 4476647.3261 0))",2529133,Verde,Línea,3
"MULTILINESTRING Z ((442077.1557 4472097.1829 0,442094.1557 4472076.9329 0))",2529151,Verde,Línea,5
"MULTILINESTRING Z ((442098.3223 4472071.8495 0,442121.4057 4472044.1829 0))",2529152,Verde,Línea,7
"MULTILINESTRING Z ((442031.3223 4471953.1829 0,442084.1557 4471997.8495 0))",2529153,Verde,Línea,12
"MULTILINESTRING Z ((441189.6963 4472453.091 0,441197.3632 4472449.4345 0,441207.743 4472444.2446 0))",2529154,Verde,Línea,4
"MULTILINESTRING Z ((441209.8662 4472443.065 0,441239.7081 4472427.0235 0,441253.8624 4472418.5309 0,441277.2169 4472403.7869 0,441316.8489 4472378.5451 0))",2529155,Verde,Línea,25
"MULTILINESTRING Z ((441333.7161 4472367.9294 0,441324.9876 4472373.3552 0))",2529156,Verde,Línea,2
"MULTILINESTRING Z ((441724.1381 4472311.9691 0,441727.1522 4472347.5904 0))",2529163,Verde,Línea,7
"MULTILINESTRING Z ((441728.9333 4472366.3601 0,441727.6317 4472351.358 0))",2529164,Verde,Línea,3
"MULTILINESTRING Z ((441869.8924 4472258.2384 0,441879.9806 4472246.1044 0))",2529171,Verde,Línea,3
"MULTILINESTRING Z ((441848.489 4479887.0761 0,441853.6557 4479888.3261 0))",2529173,Verde,Línea,1
"MULTILINESTRING Z ((442632.3223 4477791.5761 0,442685.3223 4477790.3261 0))",2529227,Verde,Batería,20
"MULTILINESTRING Z ((443747.989 4476417.9927 0,443765.9057 4476418.0761 0))",2529233,Verde,Batería,6
"MULTILINESTRING Z ((443795.739 4476418.3261 0,443779.9057 4476418.1594 0))",2529234,Verde,Batería,5
"MULTILINESTRING Z ((443811.739 4476418.1594 0,443832.3223 4476418.1594 0,443839.0723 4476418.0761 0,443878.739 4476418.4094 0,443903.989 4476418.7427 0))",2529235,Verde,Batería,32
"MULTILINESTRING Z ((441919.2946 4481237.5205 0,441918.8501 4481235.0205 0))",2529257,Azul,Batería,1
"MULTILINESTRING Z ((441944.8501 4481274.0576 0,441944.2946 4481271.502 0))",2529259,Verde,Batería,1
"MULTILINESTRING Z ((441928.5168 4481198.9094 0,441930.5538 4481208.3909 0))",2529260,Verde,Batería,4
"MULTILINESTRING Z ((441890.239 4481103.9927 0,441889.739 4481101.4927 0))",2529262,Azul,Batería,1
"MULTILINESTRING Z ((441883.4612 4481072.2427 0,441882.9057 4481069.7983 0))",2529263,Azul,Batería,1
"MULTILINESTRING Z ((441882.5723 4480988.1594 0,441881.5723 4480984.0761 0))",2529274,Verde,Batería,2
"MULTILINESTRING Z ((440377.4057 4475569.7123 0,440349.4692 4475569.9845 0))",2529305,Verde,Línea,5
"MULTILINESTRING Z ((440328.6075 4475572.6148 0,440313.8229 4475574.8824 0))",2529306,Verde,Línea,2
"MULTILINESTRING Z ((439833.3223 4475591.8495 0,439844.1557 4475590.6829 0))",2529308,Verde,Línea,2
"MULTILINESTRING Z ((440338.3554 4475580.3211 0,440343.4163 4475611.7488 0))",2529309,Verde,Línea,5
"MULTILINESTRING Z ((439785.5307 4475604.8495 0,439798.7807 4475600.7245 0))",2529383,Verde,Batería,5
"MULTILINESTRING Z ((439861.9057 4475689.9927 0,439853.739 4475673.6594 0))",2529451,Verde,Batería,6
"MULTILINESTRING Z ((440301.883 4477249.7448 0,440302.1135 4477256.4938 0))",2529506,Azul,Línea,1
"MULTILINESTRING Z ((440307.0723 4477235.6872 0,440307.5168 4477249.0205 0))",2529507,Azul,Línea,2
"MULTILINESTRING Z ((440301.2205 4477229.2057 0,440300.9242 4477220.7613 0))",2529516,Azul,Línea,1
"MULTILINESTRING Z ((440078.9118 4479391.3662 0,440092.2946 4479375.0205 0))",2529887,Verde,Línea,4
"MULTILINESTRING Z ((440248.5415 4479443.6625 0,440247.6279 4479436.7242 0))",2529891,Verde,Línea,1
"MULTILINESTRING Z ((441354.5618 4472093.9183 0,441384.6784 4472050.8414 0))",2529902,Verde,Línea,10
"MULTILINESTRING Z ((441404.8343 4472073.7426 0,441395.8841 4472086.795 0))",2529904,Verde,Línea,3
"MULTILINESTRING Z ((440241.419 4479309.956 0,440240.5345 4479300.6953 0))",2529906,Verde,Línea,1
"MULTILINESTRING Z ((441497.7875 4471939.2624 0,441518.5045 4471909.4056 0))",2529907,Verde,Línea,7
"MULTILINESTRING Z ((441607.9856 4471681.2695 0,441612.9579 4471684.315 0,441616.625 4471687.2363 0,441621.1001 4471691.6492 0,441624.8294 4471696.5594 0,441628.5586 4471702.6505 0,441631.2313 4471709.4875 0,441632.723 4471714.7706 0,441633.7174 4471720.551 0,441633.966 4471723.5965 0))",2529908,Verde,Línea,10
"MULTILINESTRING Z ((439915.7171 4472837.3981 0,439914.4228 4472847.0556 0))",2529911,Verde,Línea,2
"MULTILINESTRING Z ((442847.6557 4475535.9329 0,442845.739 4475507.0162 0))",2530113,Verde,Línea,6
"MULTILINESTRING Z ((441734.1308 4471964.0734 0,441732.0515 4471975.3794 0,441729.4524 4471988.115 0,441725.1639 4472004.6192 0,441721.9151 4472016.3151 0))",2530269,Verde,Línea,11
"MULTILINESTRING Z ((441697.4836 4472071.1559 0,441702.162 4472062.189 0,441710.0892 4472046.2046 0,441717.4966 4472028.5308 0))",2530270,Verde,Línea,9
"MULTILINESTRING Z ((441724.2543 4472095.7173 0,441788.1919 4472056.0812 0))",2530272,Verde,Línea,15
"MULTILINESTRING Z ((441821.2003 4472035.2885 0,441798.0684 4472049.5834 0))",2530275,Verde,Línea,5
"MULTILINESTRING Z ((441842.1279 4472216.6872 0,441852.4612 4472225.7983 0))",2530281,Verde,Línea,3
"MULTILINESTRING Z ((443419.2683 4474958.137 0,443421.8501 4474978.8839 0))",2530346,Verde,Línea,4
"MULTILINESTRING Z ((441219.2249 4471724.2231 0,441257.2952 4471633.9877 0))",2530353,Verde,Línea,20
"MULTILINESTRING Z ((441346.0776 4471658.932 0,441335.6155 4471654.6697 0))",2530356,Verde,Línea,2
"MULTILINESTRING Z ((442273.3466 4471703.3787 0,442306.2684 4471731.063 0))",2530363,Verde,Línea,9
"MULTILINESTRING Z ((442311.3262 4471735.4899 0,442319.296 4471742.481 0))",2530364,Verde,Línea,2
"MULTILINESTRING Z ((441376.1557 4471392.7245 0,441428.5307 4471414.7245 0))",2530385,Verde,Línea,11
"MULTILINESTRING Z ((441638.722 4471685.5993 0,441672.2866 4471607.5944 0))",2530396,Verde,Línea,17
"MULTILINESTRING Z ((442484.1217 4476762.6501 0,442523.2081 4476792.4279 0,442543.3069 4476808.5514 0,442551.7267 4476814.8477 0))",2530407,Verde,Línea,18
"MULTILINESTRING Z ((442479.381 4476738.6748 0,442475.2822 4476744.2798 0,442474.7884 4476745.3415 0,442474.3439 4476746.8724 0,442473.9983 4476748.4279 0,442474.097 4476751.0699 0,442474.5415 4476752.8477 0,442474.8871 4476753.8847 0,442475.7267 4476755.5143 0,442476.5908 4476756.6748 0,442477.1557 4476757.2011 0))",2530415,Verde,Línea,4
"MULTILINESTRING Z ((440490.9983 4479053.465 0,440485.4427 4479043.465 0))",2530426,Verde,Línea,2
"MULTILINESTRING Z ((441057.6557 4471202.9094 0,441067.8223 4471191.4927 0))",2530430,Verde,Línea,3
"MULTILINESTRING Z ((441104.8223 4470991.7427 0,441123.989 4470971.0761 0))",2530442,Verde,Línea,5
"MULTILINESTRING Z ((441204.5635 4470793.4098 0,441214.775 4470790.4922 0,441225.8375 4470787.9394 0,441232.5236 4470786.4806 0,441238.7234 4470785.3865 0,441244.9233 4470784.0493 0,441259.0249 4470783.3199 0))",2530448,Azul,Línea,12
"MULTILINESTRING Z ((441154.0326 4470820.9647 0,441137.6618 4470832.635 0))",2530451,Azul,Línea,4
"MULTILINESTRING Z ((441136.3651 4470833.7697 0,441121.6151 4470847.9523 0))",2530452,Azul,Línea,4
"MULTILINESTRING Z ((442606.989 4476663.4927 0,442610.3501 4476659.0205 0))",2530453,Verde,Línea,1
"MULTILINESTRING Z ((441120.5615 4470849.249 0,441106.2168 4470864.2421 0))",2530454,Azul,Línea,4
"MULTILINESTRING Z ((441105.2442 4470865.2147 0,441091.3047 4470880.2888 0))",2530455,Azul,Línea,4
"MULTILINESTRING Z ((441075.4201 4470897.227 0,441089.1165 4470882.5581 0))",2530456,Azul,Línea,4
"MULTILINESTRING Z ((440581.0106 4479190.8971 0,440583.167 4479194.93 0))",2530458,Azul,Batería,2
"MULTILINESTRING Z ((441251.8525 4470943.9082 0,441285.6478 4470945.367 0))",2530459,Verde,Línea,7
"MULTILINESTRING Z ((441047.2574 4471059.7604 0,441042.03 4471060.3683 0))",2530463,Verde,Línea,1
"MULTILINESTRING Z ((441040.6928 4471064.7446 0,441026.2265 4471066.5681 0))",2530464,Verde,Línea,3
"MULTILINESTRING Z ((441024.2814 4471066.4465 0,441009.6935 4471068.3916 0))",2530465,Verde,Línea,3
"MULTILINESTRING Z ((441001.5486 4471069.2426 0,441007.7485 4471068.5132 0))",2530466,Verde,Línea,1
"MULTILINESTRING Z ((441001.4271 4471064.9878 0,441007.0191 4471064.3799 0))",2530467,Verde,Línea,1
"MULTILINESTRING Z ((441009.0857 4471064.1368 0,441023.3089 4471062.5564 0))",2530468,Verde,Línea,3
"MULTILINESTRING Z ((441025.6186 4471062.3133 0,441040.085 4471060.6114 0))",2530469,Verde,Línea,3
"MULTILINESTRING Z ((440586.8871 4478972.5651 0,440589.8611 4478976.6255 0))",2530535,Verde,Línea,1
"MULTILINESTRING Z ((440590.0476 4478976.8724 0,440607.0307 4478996.4511 0))",2530537,Verde,Línea,6
"MULTILINESTRING Z ((442811.8223 4476805.4927 0,442816.739 4476808.9927 0))",2530555,Azul,Línea,1
"MULTILINESTRING Z ((442566.2452 4476907.9341 0,442563.4797 4476911.539 0))",2530571,Verde,Línea,1
"MULTILINESTRING Z ((442844.3223 4477114.6594 0,442838.3223 4477108.5761 0))",2530602,Verde,Batería,3
"MULTILINESTRING Z ((441141.0066 4472094.2599 0,441154.2568 4472093.0908 0))",2530611,Verde,Batería,5
"MULTILINESTRING Z ((441023.4057 4472104.9094 0,441057.739 4472101.6594 0))",2530619,Verde,Línea,7
"MULTILINESTRING Z ((442909.4057 4477004.2798 0,442947.7102 4477043.7366 0))",2530654,Verde,Batería,20
"MULTILINESTRING Z ((443003.4304 4477006.7818 0,443010.9695 4477014.1069 0))",2530667,Verde,Línea,2
"MULTILINESTRING Z ((442980.8501 4476769.0205 0,442980.4057 4476771.465 0))",2530670,Azul,Batería,1
"MULTILINESTRING Z ((441197.2861 4471893.5721 0,441195.9522 4471874.8971 0))",2530674,Verde,Batería,8
"MULTILINESTRING Z ((441387.3104 4471959.4448 0,441323.8184 4472054.4289 0))",2530679,Azul,Línea,23
"MULTILINESTRING Z ((443051.6032 4476861.7613 0,443049.0847 4476859.86 0))",2530684,Azul,Batería,1
"MULTILINESTRING Z ((443044.5723 4476856.4094 0,443037.489 4476850.9927 0))",2530686,Azul,Batería,3
"MULTILINESTRING Z ((443000.8871 4476924.2551 0,443012.3686 4476935.4156 0))",2530720,Azul,Batería,6
"MULTILINESTRING Z ((441038.8005 4472790.4293 0,441026.2974 4472791.8095 0))",2530747,Verde,Línea,4
"MULTILINESTRING Z ((443271.2575 4477062.9835 0,443228.9242 4477120.0946 0))",2530791,Verde,Batería,29
"MULTILINESTRING Z ((443261.2081 4477047.144 0,443259.8007 4477046.0822 0))",2530796,Verde,Batería,1
"MULTILINESTRING Z ((443225.7349 4477020.609 0,443226.9365 4477021.5143 0))",2530805,Verde,Batería,1
"MULTILINESTRING Z ((440965.1557 4473188.5761 0,440927.4057 4473213.4927 0))",2530815,Verde,Línea,9
"MULTILINESTRING Z ((440642.0859 4473302.4794 0,440653.1082 4473300.0569 0))",2530818,Verde,Línea,2
"MULTILINESTRING Z ((440654.0772 4473299.8146 0,440679.0287 4473294.4852 0))",2530819,Verde,Línea,5
"MULTILINESTRING Z ((440075.6557 4473835.9329 0,440081.739 4473833.1829 0))",2530827,Verde,Línea,1
"MULTILINESTRING Z ((440086.702 4473830.9123 0,440109.2955 4473821.2629 0))",2530831,Verde,Línea,5
"MULTILINESTRING Z ((440109.9231 4473820.9883 0,440139.4203 4473808.0441 0))",2530834,Verde,Línea,6
"MULTILINESTRING Z ((443052.1876 4476914.7325 0,443061.9818 4476902.3538 0))",2530853,Verde,Batería,6
"MULTILINESTRING Z ((443029.7513 4476943.1687 0,443040.3192 4476929.8353 0))",2530861,Verde,Batería,7
"MULTILINESTRING Z ((442589.169 4471835.2848 0,442569.6605 4471818.8045 0))",2530862,Azul,Línea,5
"MULTILINESTRING Z ((442608.8522 4471841.6906 0,442667.9892 4471891.2189 0))",2530863,Azul,Línea,16
"MULTILINESTRING Z ((442540.325 4471827.4523 0,442524.6017 4471846.1892 0,442519.6226 4471852.6095 0,442518.7055 4471854.6186 0,442518.1231 4471856.8315 0,442517.8319 4471858.8114 0,442517.7155 4471861.7232 0,442518.2396 4471865.4502 0,442519.346 4471869.1772 0,442521.2095 4471872.0306 0,442524.063 4471875.4082 0,442527.033 4471877.33 0,442529.5953 4471878.7276 0,442541.7663 4471881.5811 0))",2530866,Azul,Línea,16
"MULTILINESTRING Z ((442547.6188 4471882.7458 0,442575.746 4471889.1224 0,442596.885 4471894.6256 0,442633.3106 4471904.3216 0,442643.1813 4471907.2915 0,442649.7327 4471909.65 0,442656.2841 4471912.5326 0,442662.6607 4471915.852 0,442669.1247 4471919.9575 0,442673.7544 4471923.1895 0,442677.5978 4471926.4215 0,442683.1883 4471931.4879 0,442689.9144 4471939.0875 0,442694.3693 4471944.678 0,442700.5713 4471954.1119 0,442705.2009 4471963.4585 0))",2530867,Azul,Línea,39
"MULTILINESTRING Z ((442682.8389 4471938.3887 0,442678.4714 4471933.8464 0,442672.7062 4471928.8674 0,442666.4168 4471924.2377 0,442661.0884 4471920.9184 0,442657.9437 4471919.084 0))",2530868,Azul,Línea,6
"MULTILINESTRING Z ((442650.6062 4471915.3279 0,442643.1813 4471912.4453 0,442635.2324 4471909.9994 0,442611.8222 4471903.2734 0,442601.9514 4471900.7402 0))",2530869,Azul,Línea,10
"MULTILINESTRING Z ((442546.0465 4471887.4627 0,442566.4867 4471891.9177 0,442581.5985 4471895.4117 0,442593.0416 4471898.2943 0))",2530870,Azul,Línea,10
"MULTILINESTRING Z ((442540.8927 4471886.2398 0,442526.8291 4471883.2699 0,442523.5098 4471881.8722 0,442520.3651 4471879.6885 0,442517.4825 4471877.1553 0,442514.862 4471874.36 0))",2530871,Azul,Línea,6
"MULTILINESTRING Z ((442729.7467 4471873.6612 0,442708.695 4471898.6437 0))",2530872,Azul,Línea,6
"MULTILINESTRING Z ((443105.2205 4477025.5761 0,443112.6649 4477031.5761 0))",2530875,Verde,Batería,4
"MULTILINESTRING Z ((442690.9626 4471769.4509 0,442710.6167 4471786.0476 0))",2530876,Azul,Línea,5
"MULTILINESTRING Z ((442751.8466 4471820.3768 0,442739.7048 4471810.5934 0))",2530878,Azul,Línea,3
"MULTILINESTRING Z ((442670.435 4471669.6954 0,442776.305 4471758.4009 0))",2530880,Azul,Batería,53
"MULTILINESTRING Z ((442739.3553 4471741.2363 0,442768.9675 4471766.6556 0))",2530881,Azul,Batería,15
"MULTILINESTRING Z ((442660.3022 4471674.3251 0,442693.0591 4471702.3649 0))",2530882,Azul,Batería,17
"MULTILINESTRING Z ((442624.4008 4471697.91 0,442640.4734 4471678.78 0))",2530883,Azul,Línea,5
"MULTILINESTRING Z ((442763.9885 4471888.642 0,442758.4853 4471905.4135 0,442752.327 4471921.2678 0,442734.1143 4471963.9827 0))",2530884,Azul,Línea,17
"MULTILINESTRING Z ((442759.4025 4471875.1462 0,442748.7893 4471908.8202 0,442742.2379 4471924.6745 0,442726.7767 4471960.4449 0))",2530885,Azul,Línea,19
"MULTILINESTRING Z ((442731.8868 4471968.6996 0,442722.4965 4471990.8869 0,442720.3127 4471996.2154 0,442718.1289 4471999.7968 0,442712.8005 4472007.8331 0,442711.8396 4472008.9687 0))",2530886,Azul,Línea,9
"MULTILINESTRING Z ((442671.6579 4472043.7346 0,442694.0199 4472025.5655 0,442699.6104 4472020.9358 0,442703.4539 4472017.6165 0,442706.3365 4472014.7339 0,442707.8215 4472013.4236 0))",2530887,Azul,Línea,10
"MULTILINESTRING Z ((442646.8501 4472064.6989 0,442668.7753 4472046.4425 0))",2530888,Azul,Línea,5
"MULTILINESTRING Z ((442643.1813 4472067.7562 0,442595.4001 4472107.4138 0))",2530889,Azul,Línea,12
"MULTILINESTRING Z ((442643.7928 4472060.5934 0,442687.0318 4472024.6046 0,442700.6586 4472013.1616 0,442702.7551 4472011.0651 0,442703.7159 4472009.5801 0))",2530890,Azul,Línea,16
"MULTILINESTRING Z ((442591.8187 4472103.5704 0,442639.862 4472064.0001 0))",2530891,Azul,Línea,13
"MULTILINESTRING Z ((442584.3938 4472051.1595 0,442634.9703 4472009.4054 0))",2530893,Azul,Línea,13
"MULTILINESTRING Z ((442639.2911 4472005.8567 0,442687.5407 4471965.9983 0))",2530894,Azul,Línea,13
"MULTILINESTRING Z ((442635.751 4472002.1855 0,442684.2629 4471962.0649 0))",2530895,Azul,Línea,13
"MULTILINESTRING Z ((442631.8176 4472005.7256 0,442581.9946 4472046.764 0))",2530896,Azul,Línea,13
"MULTILINESTRING Z ((442577.4057 4472050.6974 0,442572.6856 4472054.4997 0,442570.7189 4472056.3352 0,442569.5389 4472058.0397 0,442568.7522 4472059.6131 0,442568.6211 4472061.3175 0))",2530897,Azul,Línea,3
"MULTILINESTRING Z ((442871.5302 4472355.977 0,442876.1131 4472352.5693 0))",2530911,Verde,Batería,2
"MULTILINESTRING Z ((442870.0026 4472356.7996 0,442863.6571 4472361.6175 0))",2530913,Verde,Batería,3
"MULTILINESTRING Z ((442851.7887 4472369.373 0,442856.3716 4472366.3178 0))",2530914,Verde,Batería,2
"MULTILINESTRING Z ((442850.0261 4472370.7831 0,442841.8005 4472376.4236 0))",2530915,Verde,Batería,4
"MULTILINESTRING Z ((443133.2575 4475933.8765 0,443133.4715 4475940.4938 0))",2530916,Azul,Línea,1
"MULTILINESTRING Z ((442782.341 4472417.5516 0,442792.4468 4472410.6186 0))",2530919,Verde,Batería,5
"MULTILINESTRING Z ((439960.9983 4479108.2427 0,439960.0353 4479108.3909 0,439958.4427 4479108.502 0,439956.3686 4479108.502 0,439948.1464 4479107.8353 0,439943.3686 4479106.9835 0,439941.8131 4479106.539 0,439940.6279 4479106.0946 0,439938.5168 4479105.0576 0,439936.2205 4479103.2427 0,439935.1094 4479102.0946 0,439933.9242 4479100.539 0,439933.0353 4479099.0576 0,439932.0723 4479097.0205 0,439931.776 4479095.7613 0))",2530945,Verde,Línea,7
"MULTILINESTRING Z ((441989.5538 4480367.3168 0,441991.739 4480366.6501 0,441994.6649 4480365.2798 0,441997.4427 4480362.8724 0))",2530947,Verde,Línea,2
"MULTILINESTRING Z ((441699.4453 4470877.2422 0,441688.0872 4470867.4549 0))",2530950,Verde,Línea,3
"MULTILINESTRING Z ((441719.2616 4470894.2794 0,441699.9286 4470877.6047 0))",2530951,Verde,Línea,5
"MULTILINESTRING Z ((441502.6514 4470782.5508 0,441509.9818 4470773.7703 0))",2530953,Verde,Línea,2
"MULTILINESTRING Z ((442533.4057 4480586.5761 0,442539.4057 4480594.5761 0,442544.4057 4480604.0761 0))",2530954,Azul,Línea,4
"MULTILINESTRING Z ((441713.8242 4470605.3718 0,441717.9325 4470600.901 0,441721.9199 4470598.1219 0,441726.7532 4470596.6719 0,441732.0698 4470597.0344 0,441735.8155 4470598.3635 0,441738.9571 4470600.4177 0))",2530959,Verde,Línea,6
"MULTILINESTRING Z ((441768.3191 4470950.9091 0,441769.7691 4470949.0563 0))",2530962,Verde,Batería,1
"MULTILINESTRING Z ((441761.5526 4470945.1092 0,441763.2442 4470943.2564 0))",2530963,Verde,Batería,1
"MULTILINESTRING Z ((441542.284 4470923.5206 0,441554.1255 4470938.5843 0))",2530968,Azul,Línea,4
"MULTILINESTRING Z ((441656.4293 4470705.6618 0,441683.2539 4470728.8614 0))",2530974,Verde,Línea,7
"MULTILINESTRING Z ((441703.3119 4470736.3529 0,441661.3834 4470700.466 0))",2530975,Verde,Línea,11
"MULTILINESTRING Z ((443031.3177 4477025.1811 0,443048.5267 4477008.4599 0))",2530980,Verde,Línea,5
"MULTILINESTRING Z ((443095.9983 4477088.4526 0,443099.5044 4477091.3662 0))",2530981,Verde,Línea,1
"MULTILINESTRING Z ((443132.632 4477118.31 0,443137.5483 4477122.3045 0))",2530996,Verde,Línea,1
"MULTILINESTRING Z ((441535.8871 4477602.0946 0,441535.2575 4477600.3909 0,441526.8871 4477580.0946 0))",2531001,Verde,Batería,9
"MULTILINESTRING Z ((443115.9736 4477221.8353 0,443111.1341 4477221.6131 0))",2531025,Verde,Línea,1
"MULTILINESTRING Z ((440745.4639 4476555.9515 0,440753.8134 4476634.9806 0))",2531036,Verde,Línea,16
"MULTILINESTRING Z ((440751.3763 4476545.4332 0,440761.6371 4476541.9247 0))",2531038,Verde,Línea,2
"MULTILINESTRING Z ((440763.8879 4476541.2627 0,440774.3473 4476537.6879 0))",2531039,Verde,Línea,2
"MULTILINESTRING Z ((443137.9763 4477131.4567 0,443140.9832 4477133.8929 0))",2531043,Verde,Línea,1
"MULTILINESTRING Z ((443162.1958 4477151.7859 0,443159.4057 4477149.465 0))",2531044,Verde,Línea,1
"MULTILINESTRING Z ((442995.6279 4478585.7613 0,442998.1834 4478578.4279 0,443000.776 4478571.2427 0))",2531050,Verde,Batería,6
"MULTILINESTRING Z ((442415.9844 4472189.541 0,442451.5155 4472246.5897 0))",2531052,Verde,Línea,13
"MULTILINESTRING Z ((440589.1149 4479971.7201 0,440591.6498 4479976.0658 0))",2531064,Verde,Línea,1
"MULTILINESTRING Z ((443048.3223 4475107.2662 0,443058.739 4475106.5162 0))",2531070,Azul,Línea,2
"MULTILINESTRING Z ((443132.3223 4479913.0761 0,443139.989 4479912.2427 0))",2531071,Azul,Batería,2
"MULTILINESTRING Z ((443039.2081 4476878.9218 0,443041.0847 4476880.3292 0))",2531073,Verde,Batería,1
"MULTILINESTRING Z ((443055.6526 4476864.823 0,443052.9859 4476862.7983 0))",2531075,Azul,Batería,1
"MULTILINESTRING Z ((443047.702 4476858.823 0,443045.5785 4476857.218 0))",2531077,Azul,Batería,1
"MULTILINESTRING Z ((443259.4304 4477045.8106 0,443257.8748 4477044.6255 0))",2531079,Verde,Batería,1
"MULTILINESTRING Z ((443223.7431 4477019.1275 0,443225.3234 4477020.3127 0))",2531086,Verde,Batería,1
"MULTILINESTRING Z ((443198.4797 4477000.0946 0,443197.1834 4476999.1316 0))",2531120,Verde,Batería,1
"MULTILINESTRING Z ((443183.4962 4476988.9876 0,443185.06 4476990.1399 0))",2531124,Verde,Batería,1
"MULTILINESTRING Z ((443180.4674 4476986.7325 0,443182.1135 4476987.967 0))",2531125,Verde,Batería,1
"MULTILINESTRING Z ((439737.239 4475763.3495 0,439736.739 4475751.9329 0))",2531150,Verde,Línea,2
"MULTILINESTRING Z ((443154.1711 4477536.4032 0,443162.6649 4477544.2798 0))",2531174,Azul,Línea,2
"MULTILINESTRING Z ((443150.3636 4472301.0451 0,443178.3339 4472279.7579 0))",2531178,Verde,Línea,7
"MULTILINESTRING Z ((443139.4725 4472293.1862 0,443137.6161 4472287.2456 0,443131.9849 4472264.2258 0))",2531180,Verde,Línea,6
"MULTILINESTRING Z ((443224.4354 4472548.6936 0,443214.1631 4472512.9881 0))",2531183,Verde,Línea,7
"MULTILINESTRING Z ((443258.5662 4477449.8353 0,443254.4674 4477447.4403 0))",2531189,Verde,Línea,1
"MULTILINESTRING Z ((443366.6937 4472919.1834 0,443376.069 4472943.7819 0))",2531194,Verde,Línea,5
"MULTILINESTRING Z ((443256.6965 4473131.4734 0,443286.0291 4473130.8236 0))",2531199,Verde,Línea,6
"MULTILINESTRING Z ((443506.6733 4473275.398 0,443500.9646 4473183.9193 0))",2531201,Verde,Línea,18
"MULTILINESTRING Z ((443503.3316 4473275.2587 0,443497.3444 4473183.7801 0))",2531202,Verde,Línea,18
"MULTILINESTRING Z ((443320.7637 4476961.539 0,443331.8254 4476969.9094 0))",2531208,Azul,Línea,3
"MULTILINESTRING Z ((439236.6557 4475666.7427 0,439281.4057 4475691.6594 0))",2531239,Verde,Línea,11
"MULTILINESTRING Z ((443353.9489 4477134.0082 0,443365.702 4477141.4156 0))",2531243,Verde,Batería,6
"MULTILINESTRING Z ((443381.5044 4477152.9464 0,443379.381 4477158.9464 0,443378.6649 4477161.5884 0,443378.2452 4477163.4897 0,443377.0847 4477172.3045 0))",2531245,Verde,Batería,6
"MULTILINESTRING Z ((443264.2194 4473303.8353 0,443353.068 4473297.7912 0))",2531247,Verde,Línea,18
"MULTILINESTRING Z ((443216.6402 4477197.8106 0,443213.3069 4477201.9341 0))",2531265,Verde,Línea,1
"MULTILINESTRING Z ((443210.3055 4477205.6186 0,443207.5181 4477209.0644 0))",2531270,Verde,Línea,1
"MULTILINESTRING Z ((441690.1279 4477729.3538 0,441695.0168 4477728.0761 0))",2531283,Verde,Batería,2
"MULTILINESTRING Z ((441708.6557 4477715.2427 0,441711.0723 4477714.7427 0))",2531285,Verde,Batería,1
"MULTILINESTRING Z ((439113.9057 4475598.1829 0,439105.239 4475593.2662 0))",2531301,Verde,Línea,2
"MULTILINESTRING Z ((443005.2081 4477282.1563 0,443009.6361 4477271.967 0))",2531309,Verde,Línea,2
"MULTILINESTRING Z ((441507.9728 4473807.5102 0,441505.2287 4473807.427 0))",2531312,Verde,Batería,1
"MULTILINESTRING Z ((441500.7384 4473807.427 0,441503.3993 4473807.3439 0))",2531313,Verde,Batería,1
"MULTILINESTRING Z ((441496.0819 4473807.2607 0,441498.8259 4473807.2607 0))",2531314,Verde,Batería,1
"MULTILINESTRING Z ((441461.5829 4473806.6689 0,441494.6751 4473807.2509 0))",2531315,Verde,Batería,13
"MULTILINESTRING Z ((441528.9274 4473795.0372 0,441523.855 4473794.7877 0))",2531318,Verde,Batería,2
"MULTILINESTRING Z ((441516.2049 4473794.7046 0,441513.2114 4473794.6214 0))",2531320,Verde,Batería,1
"MULTILINESTRING Z ((441496.2482 4473794.7877 0,441501.2374 4473794.7046 0))",2531321,Verde,Batería,2
"MULTILINESTRING Z ((441503.4055 4473794.8621 0,441508.81 4473795.0284 0))",2531322,Verde,Batería,2
"MULTILINESTRING Z ((441347.922 4474024.8447 0,441387.7491 4474024.5121 0))",2531324,Verde,Línea,8
"MULTILINESTRING Z ((441410.2817 4474024.4289 0,441390.8255 4474024.3458 0))",2531325,Verde,Línea,4
"MULTILINESTRING Z ((443246.4674 4477343.3415 0,443247.9489 4477341.218 0))",2531363,Verde,Batería,1
"MULTILINESTRING Z ((443265.1557 4477314.4927 0,443281.4057 4477310.9927 0))",2531368,Verde,Batería,6
"MULTILINESTRING Z ((443396.739 4477258.6255 0,443393.9736 4477248.5267 0))",2531371,Verde,Línea,2
"MULTILINESTRING Z ((443387.5908 4477225.2057 0,443392.9983 4477244.9464 0))",2531372,Verde,Línea,4
"MULTILINESTRING Z ((443275.8309 4477236.8394 0,443269.3124 4477238.2331 0))",2531375,Verde,Línea,1
"MULTILINESTRING Z ((443260.3906 4477240.1316 0,443264.9009 4477239.1769 0))",2531378,Verde,Línea,1
"MULTILINESTRING Z ((441526.9359 4473808.3318 0,441532.8393 4473808.415 0))",2531390,Verde,Batería,2
"MULTILINESTRING Z ((441420.3424 4473803.0105 0,441408.203 4473802.6779 0))",2531393,Verde,Batería,4
"MULTILINESTRING Z ((441400.803 4473802.5947 0,441383.9243 4473802.0959 0))",2531394,Verde,Batería,6
"MULTILINESTRING Z ((441821.3641 4470665.0624 0,441823.9016 4470670.6207 0,441825.8349 4470678.233 0,441826.439 4470686.2079 0,441825.3515 4470694.6661 0,441816.7725 4470749.5235 0))",2531401,Verde,Línea,17
"MULTILINESTRING Z ((441827.1279 4477749.6316 0,441822.4057 4477752.6316 0))",2531424,Verde,Línea,1
"MULTILINESTRING Z ((443486.8871 4475808.3045 0,443496.2452 4475809.6872 0))",2531431,Verde,Línea,2
"MULTILINESTRING Z ((442946.0353 4479376.8724 0,442947.739 4479376.2427 0,442950.5538 4479374.6872 0))",2531451,Verde,Línea,1
"MULTILINESTRING Z ((443050.489 4479406.4094 0,443054.3223 4479408.2427 0,443058.9057 4479408.8261 0))",2531452,Verde,Línea,2
"MULTILINESTRING Z ((440586.239 4471853.1594 0,440583.0723 4471830.6594 0))",2531522,Verde,Línea,4
"MULTILINESTRING Z ((440627.5909 4472188.1412 0,440631.0548 4472213.5963 0))",2531525,Verde,Línea,5
"MULTILINESTRING Z ((443651.4468 4477620.6419 0,443653.455 4477631.0946 0))",2531536,Verde,Línea,2
"MULTILINESTRING Z ((443653.9057 4477643.7427 0,443651.739 4477632.3261 0))",2531537,Verde,Línea,2
"MULTILINESTRING Z ((443655.9077 4477643.8847 0,443659.1011 4477660.6255 0))",2531538,Verde,Línea,3
"MULTILINESTRING Z ((443464.989 4477437.3261 0,443468.8223 4477455.0761 0))",2531550,Verde,Línea,5
"MULTILINESTRING Z ((443551.7513 4477367.6872 0,443550.0723 4477359.5143 0))",2531562,Verde,Línea,1
"MULTILINESTRING Z ((442561.6557 4477235.7427 0,442595.5723 4477202.4927 0))",2531584,Azul,Línea,10
"MULTILINESTRING Z ((442551.776 4477242.6872 0,442559.1834 4477235.3909 0))",2531585,Azul,Línea,2
"MULTILINESTRING Z ((443601.5209 4477599.0781 0,443611.8748 4477596.9547 0))",2531610,Verde,Línea,2
"MULTILINESTRING Z ((442712.5723 4477172.2427 0,442701.8223 4477161.7427 0))",2531611,Azul,Línea,3
"MULTILINESTRING Z ((443615.9736 4477596.1152 0,443637.6032 4477591.6872 0,443639.8583 4477590.8312 0))",2531617,Verde,Línea,5
"MULTILINESTRING Z ((442588.1711 4477224.2304 0,442585.3069 4477227.0699 0))",2531620,Verde,Línea,1
"MULTILINESTRING Z ((441420.239 4474315.9329 0,441420.0723 4474338.7662 0))",2531625,Verde,Batería,9
"MULTILINESTRING Z ((441419.989 4474370.5162 0,441419.989 4474359.7662 0))",2531627,Verde,Batería,4
"MULTILINESTRING Z ((440679.6834 4473297.9606 0,440647.3501 4473304.7384 0))",2531630,Verde,Batería,12
"MULTILINESTRING Z ((442668.489 4477455.4094 0,442665.5723 4477459.6594 0))",2531657,Verde,Línea,1
"MULTILINESTRING Z ((442786.239 4477389.0205 0,442776.2946 4477381.5761 0))",2531664,Azul,Línea,2
"MULTILINESTRING Z ((442748.8223 4477352.1594 0,442781.739 4477323.8261 0))",2531667,Azul,Línea,9
"MULTILINESTRING Z ((442755.776 4477583.6872 0,442769.4427 4477587.539 0))",2531684,Verde,Línea,3
"MULTILINESTRING Z ((441496.989 4475677.0995 0,441515.989 4475769.5162 0))",2531688,Azul,Línea,19
"MULTILINESTRING Z ((440280.0307 4476619.2245 0,440279.6557 4476607.8495 0))",2531691,Azul,Línea,2
"MULTILINESTRING Z ((440180.8223 4475485.5162 0,440136.6557 4475496.9329 0))",2531692,Verde,Línea,9
"MULTILINESTRING Z ((440108.989 4475504.0162 0,440132.9057 4475497.9329 0))",2531693,Verde,Línea,5
"MULTILINESTRING Z ((440193.5597 4475094.1429 0,440185.728 4475086.9717 0))",2531723,Verde,Línea,2
"MULTILINESTRING Z ((440197.7743 4475098.1059 0,440202.0518 4475101.9431 0))",2531724,Verde,Línea,1
"MULTILINESTRING Z ((440206.2665 4475106.1577 0,440240.1093 4475137.7989 0))",2531725,Verde,Línea,7
"MULTILINESTRING Z ((440072.3418 4475166.232 0,440077.3742 4475166.7352 0))",2531726,Verde,Línea,1
"MULTILINESTRING Z ((440080.2049 4475166.9239 0,440085.9293 4475167.4901 0))",2531727,Verde,Línea,1
"MULTILINESTRING Z ((440100.5861 4475168.8111 0,440089.6407 4475167.8675 0))",2531728,Verde,Línea,2
"MULTILINESTRING Z ((440057.685 4475210.1396 0,440057.3704 4475220.456 0))",2531731,Verde,Línea,2
"MULTILINESTRING Z ((440057.0559 4475235.9936 0,440057.3075 4475229.7031 0))",2531732,Verde,Línea,1
"MULTILINESTRING Z ((440551.5875 4475410.6829 0,440557.1632 4475391.6526 0))",2531751,Verde,Línea,4
"MULTILINESTRING Z ((440570.6178 4475345.7132 0,440560.7996 4475380.0162 0))",2531752,Verde,Línea,7
"MULTILINESTRING Z ((440181.9002 4474916.4228 0,440172.896 4474905.6026 0))",2531771,Verde,Línea,3
"MULTILINESTRING Z ((441331.5853 4471271.3857 0,441306.7957 4471261.2393 0))",2531780,Verde,Batería,10
"MULTILINESTRING Z ((441570.5763 4471277.26 0,441573.773 4471269.7041 0))",2531781,Verde,Batería,3
"MULTILINESTRING Z ((441592.118 4471228.1464 0,441588.8486 4471235.2301 0))",2531782,Verde,Batería,3
"MULTILINESTRING Z ((439680.8604 4475225.4077 0,439742.4991 4475191.9925 0))",2531785,Verde,Línea,14
"MULTILINESTRING Z ((439638.6668 4475248.4396 0,439673.4978 4475229.4666 0))",2531788,Verde,Línea,8
"MULTILINESTRING Z ((443346.7061 4477445.9588 0,443347.0847 4477447.7859 0))",2531795,Verde,Batería,1
"MULTILINESTRING Z ((443348.0229 4477452.1645 0,443348.4509 4477454.2551 0))",2531800,Verde,Batería,1
"MULTILINESTRING Z ((443356.0723 4477490.4279 0,443356.4674 4477492.3538 0))",2531804,Verde,Batería,1
"MULTILINESTRING Z ((443357.776 4477498.4773 0,443357.381 4477496.5761 0))",2531821,Verde,Batería,1
"MULTILINESTRING Z ((440215.6958 4475597.8869 0,440222.6377 4475641.3651 0))",2531847,Verde,Línea,9
"MULTILINESTRING Z ((443349.4057 4477458.6995 0,443349.8172 4477460.6584 0))",2531868,Verde,Batería,1
"MULTILINESTRING Z ((443352.3851 4477472.8998 0,443352.0229 4477471.1111 0))",2531870,Verde,Batería,1
"MULTILINESTRING Z ((443358.4921 4477501.8847 0,443358.1217 4477500.181 0))",2531871,Verde,Batería,1
"MULTILINESTRING Z ((443359.2081 4477505.2674 0,443358.8625 4477503.6378 0))",2531872,Verde,Batería,1
"MULTILINESTRING Z ((443360.2753 4477510.4855 0,443360.9338 4477513.5692 0))",2531873,Verde,Batería,1
"MULTILINESTRING Z ((443388.0723 4477516.1069 0,443390.8625 4477515.5143 0))",2531875,Verde,Batería,1
"MULTILINESTRING Z ((440423.3921 4475428.8507 0,440378.5848 4475439.5536 0))",2531878,Verde,Línea,7
"MULTILINESTRING Z ((440836.1557 4472949.9329 0,440826.6557 4472948.0162 0))",2531881,Verde,Línea,2
"MULTILINESTRING Z ((440826.0723 4472947.8495 0,440816.989 4472945.9329 0))",2531883,Verde,Línea,2
"MULTILINESTRING Z ((442577.8739 4477846.4889 0,442576.8204 4477803.6443 0))",2531933,Verde,Línea,9
"MULTILINESTRING Z ((442953.0861 4477455.21 0,442977.1423 4477461.1801 0,442979.7762 4477462.6726 0,442993.8236 4477473.3838 0,443034.0343 4477504.2881 0))",2531988,Verde,Línea,20
"MULTILINESTRING Z ((443006.8223 4477492.3261 0,443029.8223 4477509.9927 0))",2531989,Verde,Línea,6
"MULTILINESTRING Z ((442958.6683 4477541.7988 0,442958.9805 4477541.3306 0,442959.1756 4477540.5892 0,442959.4097 4477538.8333 0))",2531990,Verde,Línea,1
"MULTILINESTRING Z ((443066.0723 4477618.4927 0,443069.6557 4477614.1594 0))",2532010,Verde,Línea,1
"MULTILINESTRING Z ((443196.5168 4477994.6131 0,443200.3686 4477995.3538 0))",2532017,Verde,Línea,1
"MULTILINESTRING Z ((441015.2551 4472919.8872 0,441027.1906 4472918.8119 0))",2532022,Verde,Línea,2
"MULTILINESTRING Z ((440985.3627 4472918.5968 0,441009.0186 4472916.2313 0))",2532023,Verde,Batería,9
"MULTILINESTRING Z ((441119.1261 4472640.7474 0,441115.7928 4472607.7366 0))",2532026,Azul,Línea,6
"MULTILINESTRING Z ((443169.9242 4477825.465 0,443173.1094 4477825.9094 0))",2532040,Azul,Línea,1
"MULTILINESTRING Z ((443086.8223 4477695.9927 0,443072.3223 4477710.5761 0))",2532042,Verde,Línea,4
"MULTILINESTRING Z ((442994.1557 4477789.6594 0,442997.3223 4477786.3261 0))",2532043,Verde,Línea,1
"MULTILINESTRING Z ((440749.0616 4472616.9233 0,440754.6925 4472624.8526 0))",2532045,Azul,Línea,2
"MULTILINESTRING Z ((441509.0165 4472676.1228 0,441508.2987 4472660.5379 0))",2532055,Verde,Línea,3
"MULTILINESTRING Z ((441746.4612 4472490.6316 0,441749.4057 4472486.7983 0))",2532060,Verde,Línea,1
"MULTILINESTRING Z ((441755.6834 4472480.6316 0,441769.0168 4472464.9094 0))",2532061,Verde,Línea,4
"MULTILINESTRING Z ((441505.5307 4472568.9745 0,441530.5307 4472566.7245 0))",2532067,Verde,Línea,5
"MULTILINESTRING Z ((441420.5429 4472702.868 0,441457.5664 4472700.1886 0))",2532079,Azul,Batería,14
"MULTILINESTRING Z ((441400.5697 4472704.3294 0,441416.4021 4472703.2333 0))",2532080,Azul,Batería,6
"MULTILINESTRING Z ((441176.3583 4472723.5719 0,441185.8577 4472722.7194 0))",2532086,Azul,Línea,2
"MULTILINESTRING Z ((441186.5885 4472722.5976 0,441201.4466 4472721.5015 0))",2532087,Azul,Línea,3
"MULTILINESTRING Z ((441201.9337 4472721.5015 0,441248.3349 4472718.335 0))",2532088,Azul,Línea,10
"MULTILINESTRING Z ((440903.3099 4472748.9038 0,440938.6284 4472745.8591 0))",2532092,Verde,Línea,7
"MULTILINESTRING Z ((441184.6399 4472838.5396 0,441205.3438 4472836.9564 0))",2532095,Verde,Línea,4
"MULTILINESTRING Z ((443419.0188 4477634.288 0,443427.4633 4477632.5432 0))",2532124,Verde,Batería,3
"MULTILINESTRING Z ((440623.8662 4472609.5285 0,440636.7222 4472616.9329 0))",2532125,Verde,Línea,3
"MULTILINESTRING Z ((440785.8889 4472767.3651 0,440779.1667 4472781.7563 0))",2532132,Verde,Línea,3
"MULTILINESTRING Z ((440670.8539 4472710.0842 0,440677.9548 4472696.3558 0))",2532137,Verde,Línea,3
"MULTILINESTRING Z ((443359.1279 4477948.7427 0,443356.3501 4477946.9094 0))",2532140,Verde,Línea,1
"MULTILINESTRING Z ((443307.0168 4477908.8538 0,443289.9057 4477897.5205 0))",2532145,Azul,Línea,3
"MULTILINESTRING Z ((443266.6279 4477881.7983 0,443281.239 4477891.7427 0))",2532146,Azul,Línea,3
"MULTILINESTRING Z ((443378.489 4477848.6594 0,443358.8223 4477835.7427 0))",2532150,Verde,Línea,5
"MULTILINESTRING Z ((443509.489 4478156.7427 0,443506.9057 4478136.9927 0))",2532166,Verde,Línea,4
"MULTILINESTRING Z ((443519.9057 4478137.0761 0,443515.0723 4478157.6594 0))",2532168,Verde,Línea,4
"MULTILINESTRING Z ((443496.1834 4477963.1316 0,443501.0723 4477952.4094 0))",2532172,Verde,Línea,2
"MULTILINESTRING Z ((441601.1557 4473249.4329 0,441609.1557 4473248.5162 0))",2532175,Verde,Batería,3
"MULTILINESTRING Z ((441587.5723 4473250.4329 0,441596.0723 4473249.5995 0))",2532176,Verde,Batería,3
"MULTILINESTRING Z ((440095.9342 4473203.4708 0,440133.261 4473216.5127 0))",2532204,Verde,Línea,7
"MULTILINESTRING Z ((440457.5999 4473082.7656 0,440454.362 4473076.8293 0))",2532210,Verde,Línea,1
"MULTILINESTRING Z ((440493.8924 4473145.7715 0,440467.8536 4473100.1698 0))",2532211,Verde,Línea,8
"MULTILINESTRING Z ((440617.3409 4473152.0227 0,440672.6566 4473170.4612 0))",2532214,Verde,Línea,11
"MULTILINESTRING Z ((440904.0723 4473464.8261 0,440887.489 4473476.0761 0))",2532219,Verde,Batería,8
"MULTILINESTRING Z ((440886.739 4473476.5761 0,440874.9057 4473484.4927 0))",2532222,Verde,Batería,5
"MULTILINESTRING Z ((440062.5723 4473923.0761 0,440062.6557 4473927.8261 0))",2532225,Verde,Línea,1
"MULTILINESTRING Z ((441530.0723 4473795.0995 0,441534.739 4473795.1829 0))",2532234,Verde,Batería,2
"MULTILINESTRING Z ((439599.179 4473831.9982 0,439604.005 4473835.4775 0))",2532250,Verde,Línea,1
"MULTILINESTRING Z ((441935.1557 4472308.0162 0,441931.6557 4472312.1829 0))",2532273,Verde,Línea,1
"MULTILINESTRING Z ((441951.4057 4480907.2983 0,441952.4612 4480912.1872 0))",2532304,Verde,Batería,2
"MULTILINESTRING Z ((441955.4057 4480925.9094 0,441954.1557 4480920.0761 0))",2532306,Verde,Batería,3
"MULTILINESTRING Z ((441959.9057 4480946.9927 0,441958.9057 4480941.9094 0))",2532308,Verde,Batería,2
"MULTILINESTRING Z ((441964.1279 4480966.465 0,441963.6834 4480964.4094 0))",2532309,Verde,Batería,1
"MULTILINESTRING Z ((441970.097 4480994.3045 0,441969.5044 4480991.539 0))",2532313,Verde,Batería,1
"MULTILINESTRING Z ((441971.8501 4481002.0205 0,441972.3501 4481004.3538 0))",2532326,Verde,Batería,1
"MULTILINESTRING Z ((441976.5723 4481024.4094 0,441977.1834 4481027.3538 0))",2532327,Verde,Batería,1
"MULTILINESTRING Z ((441977.4612 4481028.2983 0,441977.9612 4481030.6316 0))",2532328,Verde,Batería,1
"MULTILINESTRING Z ((441978.1279 4481031.2427 0,441978.6279 4481033.0761 0))",2532329,Verde,Batería,1
"MULTILINESTRING Z ((442932.1464 4480237.7613 0,442936.2205 4480228.502 0))",2532334,Verde,Batería,4
"MULTILINESTRING Z ((441204.3028 4480253.3991 0,441209.0764 4480251.1275 0))",2532351,Verde,Línea,1
"MULTILINESTRING Z ((442226.6557 4478455.2011 0,442225.4057 4478454.9511 0,442224.5307 4478454.9511 0,442224.1557 4478455.2011 0))",2532356,Verde,Batería,1
"MULTILINESTRING Z ((442827.1395 4478130.5239 0,442852.3138 4478153.3193 0))",2532388,Verde,Batería,13
"MULTILINESTRING Z ((442858.6649 4478158.9218 0,442862.3933 4478162.2551 0))",2532390,Verde,Batería,2
"MULTILINESTRING Z ((442867.6553 4478166.9684 0,442894.6951 4478191.1659 0))",2532394,Verde,Batería,14
"MULTILINESTRING Z ((442900.489 4478196.3261 0,442923.3223 4478216.7427 0))",2532397,Verde,Batería,10
"MULTILINESTRING Z ((442936.5723 4478228.5761 0,442975.9057 4478263.6594 0,442986.0723 4478272.9094 0))",2532400,Verde,Batería,28
"MULTILINESTRING Z ((442226.239 4478381.9094 0,442236.5168 4478381.1872 0))",2532401,Verde,Línea,2
"MULTILINESTRING Z ((442996.5723 4478282.1594 0,443009.0723 4478292.9094 0,443015.8223 4478299.5761 0,443023.3223 4478307.4094 0,443029.739 4478314.8261 0,443037.6557 4478324.9094 0))",2532402,Verde,Batería,21
"MULTILINESTRING Z ((442255.2946 4478376.8538 0,442270.4057 4478375.5761 0))",2532403,Verde,Línea,3
"MULTILINESTRING Z ((443042.9057 4478332.5761 0,443046.1557 4478337.8261 0))",2532404,Verde,Batería,2
"MULTILINESTRING Z ((443061.9057 4478371.4927 0,443057.6557 4478361.5761 0,443056.489 4478358.5761 0))",2532406,Verde,Batería,4
"MULTILINESTRING Z ((443064.5332 4478379.8189 0,443065.7513 4478383.8683 0,443069.0764 4478397.8765 0))",2532408,Verde,Batería,8
"MULTILINESTRING Z ((443072.1557 4478420.5761 0,443071.3223 4478412.5761 0,443070.6557 4478407.3261 0,443070.3223 4478405.4094 0))",2532409,Verde,Batería,5
"MULTILINESTRING Z ((439830.8243 4474574.4302 0,439834.0677 4474564.0866 0,439834.9442 4474559.2654 0))",2532415,Verde,Línea,3
"MULTILINESTRING Z ((439900.1616 4474427.954 0,439912.1707 4474426.0255 0))",2532417,Verde,Batería,5
"MULTILINESTRING Z ((439764.0291 4474336.7899 0,439765.7822 4474360.4575 0))",2532419,Verde,Línea,4
"MULTILINESTRING Z ((439691.7991 4474311.2815 0,439688.9064 4474337.5788 0))",2532423,Verde,Línea,5
"MULTILINESTRING Z ((439542.3223 4474270.6594 0,439556.3223 4474270.0761 0))",2532425,Verde,Línea,2
"MULTILINESTRING Z ((439842.1827 4473826.6133 0,439857.1487 4473829.7879 0))",2532469,Verde,Línea,3
"MULTILINESTRING Z ((441924.989 4477525.9927 0,441919.9057 4477517.7427 0))",2532505,Azul,Línea,2
"MULTILINESTRING Z ((442587.7568 4472106.8024 0,442585.6604 4472107.8506 0,442583.4329 4472107.9816 0,442581.3365 4472107.8506 0,442580.0262 4472107.1954 0,442578.1918 4472106.0162 0,442576.7505 4472103.0026 0,442575.8333 4472095.1409 0,442574.6541 4472081.252 0,442573.3438 4472069.3286 0,442572.9507 4472064.1748 0,442573.3001 4472062.0784 0,442574.0863 4472060.244 0,442574.9598 4472059.1958 0,442580.463 4472054.8282 0))",2532517,Azul,Línea,13
"MULTILINESTRING Z ((441698.3419 4470939.3884 0,441704.747 4470931.7368 0))",2532530,Verde,Batería,4
"MULTILINESTRING Z ((441500.6642 4470858.3775 0,441520.8334 4470883.958 0))",2532533,Azul,Batería,12
"MULTILINESTRING Z ((441543.1672 4470911.9981 0,441526.4415 4470890.9434 0))",2532534,Azul,Batería,10
"MULTILINESTRING Z ((441565.5993 4470939.7431 0,441577.1105 4470954.4027 0))",2532535,Verde,Batería,7
"MULTILINESTRING Z ((441580.7508 4470958.7317 0,441585.8669 4470965.2252 0))",2532536,Verde,Batería,3
"MULTILINESTRING Z ((441741.3738 4470889.567 0,441790.3104 4470833.1388 0))",2532538,Verde,Batería,28
"MULTILINESTRING Z ((441562.4384 4471178.9247 0,441586.7602 4471204.078 0))",2532539,Verde,Batería,14
"MULTILINESTRING Z ((441554.9057 4471170.7245 0,441532.2807 4471147.5995 0))",2532540,Verde,Batería,12
"MULTILINESTRING Z ((441883.6834 4481073.1316 0,441888.739 4481097.1872 0))",2532553,Azul,Batería,10
"MULTILINESTRING Z ((441967.9571 4480984.5267 0,441967.7376 4480983.5281 0))",2532555,Verde,Batería,1
"MULTILINESTRING Z ((439504.5616 4473323.7136 0,439531.8917 4473276.5664 0))",2532589,Verde,Línea,11
"MULTILINESTRING Z ((439431.2094 4473476.9512 0,439395.7129 4473458.1503 0))",2532591,Verde,Línea,8
"MULTILINESTRING Z ((439291.3284 4473402.6916 0,439269.1159 4473391.2224 0,439268.1722 4473390.2787 0,439267.5915 4473389.335 0,439267.3011 4473387.1573 0,439267.156 4473386.6492 0))",2532593,Verde,Línea,6
"MULTILINESTRING Z ((439302.7251 4473408.9343 0,439347.2953 4473432.3083 0))",2532594,Verde,Línea,10
"MULTILINESTRING Z ((439292.635 4473365.5981 0,439269.1885 4473384.1811 0))",2532595,Verde,Línea,6
"MULTILINESTRING Z ((439304.1043 4473398.5176 0,439319.5659 4473385.9959 0))",2532596,Verde,Línea,4
"MULTILINESTRING Z ((439399.7053 4473325.7825 0,439354.6269 4473358.3391 0))",2532597,Verde,Línea,11
"MULTILINESTRING Z ((439124.7706 4473514.5891 0,439133.2637 4473496.2964 0))",2532599,Verde,Línea,4
"MULTILINESTRING Z ((439136.8569 4473488.7833 0,439151.6652 4473457.0978 0))",2532600,Verde,Línea,7
"MULTILINESTRING Z ((441862.0723 4480618.7983 0,441866.4057 4480618.2427 0,441877.6834 4480615.2427 0,441886.1279 4480612.5761 0,441894.5168 4480609.0205 0))",2532612,Verde,Línea,7
"MULTILINESTRING Z ((441815.0847 4480276.6008 0,441817.2575 4480286.4279 0))",2532623,Verde,Línea,1
"MULTILINESTRING Z ((440008.6649 4478011.3086 0,440012.8295 4478008.7407 0))",2532625,Verde,Línea,1
"MULTILINESTRING Z ((439976.5415 4478031.0946 0,439974.1217 4478032.5761 0))",2532627,Verde,Línea,1
"MULTILINESTRING Z ((441826.1834 4480420.9094 0,441820.3686 4480422.0946 0))",2532628,Verde,Línea,1
"MULTILINESTRING Z ((439952.4797 4478045.9464 0,439939.8871 4478053.7242 0))",2532629,Verde,Línea,3
"MULTILINESTRING Z ((441816.5168 4480422.9464 0,441809.0723 4480424.6131 0))",2532632,Verde,Línea,2
"MULTILINESTRING Z ((440030.6155 4479180.0082 0,440023.2822 4479178.3538 0))",2532634,Verde,Batería,3
"MULTILINESTRING Z ((441802.239 4480262.4927 0,441778.9057 4480267.4094 0))",2532651,Verde,Línea,5
"MULTILINESTRING Z ((441935.5723 4479819.6594 0,441921.8223 4479816.3261 0))",2532684,Azul,Línea,3
"MULTILINESTRING Z ((441906.5723 4479815.3538 0,441920.7946 4479819.0205 0))",2532690,Azul,Línea,3
"MULTILINESTRING Z ((441810.1557 4480106.9094 0,441811.1557 4480111.4094 0))",2532741,Verde,Línea,1
"MULTILINESTRING Z ((441973.3223 4479842.6594 0,441975.4057 4479894.9094 0,441978.5723 4479942.4927 0))",2532819,Verde,Línea,22
"MULTILINESTRING Z ((441258.739 4472838.8495 0,441238.8223 4472840.4329 0))",2532845,Verde,Línea,4
"MULTILINESTRING Z ((441409.7316 4474309.2496 0,441384.2172 4474309.1333 0))",2532881,Verde,Línea,5
"MULTILINESTRING Z ((442232.3501 4480148.9094 0,442230.1279 4480157.8538 0))",2532924,Verde,Línea,2
"MULTILINESTRING Z ((442551.4612 4479935.5761 0,442552.6834 4479949.2983 0))",2532939,Verde,Batería,4
"MULTILINESTRING Z ((442845.739 4479900.5761 0,442843.739 4479896.6872 0))",2532952,Verde,Línea,1
"MULTILINESTRING Z ((442886.7946 4479980.7427 0,442855.6279 4479919.5205 0))",2532956,Verde,Línea,14
"MULTILINESTRING Z ((442853.6279 4479915.9094 0,442848.739 4479906.5205 0))",2532958,Verde,Línea,2
"MULTILINESTRING Z ((441198.9666 4478326.6491 0,441198.2166 4478315.5241 0))",2532960,Verde,Batería,4
"MULTILINESTRING Z ((441198.0916 4478314.6491 0,441197.2166 4478304.6491 0))",2532961,Verde,Batería,4
"MULTILINESTRING Z ((442873.6557 4479908.3261 0,442878.8223 4479918.6594 0))",2532962,Verde,Línea,2
"MULTILINESTRING Z ((442921.1279 4479805.0205 0,442917.0168 4479807.0205 0))",2532974,Azul,Línea,1
"MULTILINESTRING Z ((443011.739 4479881.3261 0,443012.739 4479903.4094 0))",2532980,Azul,Línea,5
"MULTILINESTRING Z ((443088.739 4479778.8261 0,443092.0723 4479777.7427 0,443098.5723 4479776.5761 0))",2532981,Azul,Batería,4
"MULTILINESTRING Z ((442779.9057 4480397.6594 0,442804.239 4480381.6594 0))",2533000,Verde,Línea,6
"MULTILINESTRING Z ((439866.356 4475831.9809 0,439861.6148 4475760.7311 0))",2533009,Verde,Batería,27
"MULTILINESTRING Z ((439869.9119 4475877.0224 0,439868.3315 4475854.1065 0))",2533010,Verde,Batería,9
"MULTILINESTRING Z ((439870.1753 4475877.9443 0,439871.3606 4475892.9581 0))",2533011,Verde,Línea,3
"MULTILINESTRING Z ((439880.3162 4476009.1177 0,439880.0528 4476000.1621 0))",2533015,Verde,Batería,3
"MULTILINESTRING Z ((439877.9456 4475971.4515 0,439878.9992 4475985.1483 0))",2533016,Verde,Batería,5
"MULTILINESTRING Z ((439876.4969 4475950.3794 0,439877.6822 4475966.0518 0))",2533020,Verde,Batería,5
"MULTILINESTRING Z ((439873.9946 4475916.5325 0,439876.1018 4475946.0333 0))",2533021,Verde,Batería,11
"MULTILINESTRING Z ((439882.16 4476055.2128 0,439885.716 4476102.8883 0))",2533023,Verde,Batería,16
"MULTILINESTRING Z ((439887.2964 4476120.4045 0,439888.6134 4476136.3402 0))",2533026,Verde,Batería,7
"MULTILINESTRING Z ((442554.5786 4480335.0461 0,442551.7691 4480345.2304 0))",2533032,Verde,Línea,2
"MULTILINESTRING Z ((439897.569 4476264.4845 0,439898.3592 4476276.0741 0))",2533034,Verde,Línea,2
"MULTILINESTRING Z ((442550.8223 4480349.4094 0,442544.0723 4480373.4927 0))",2533037,Verde,Línea,5
"MULTILINESTRING Z ((439904.154 4476355.6211 0,439903.4955 4476345.6119 0))",2533039,Verde,Batería,4
"MULTILINESTRING Z ((439904.1557 4476356.1829 0,439904.489 4476361.6829 0))",2533040,Verde,Batería,2
"MULTILINESTRING Z ((439904.739 4476398.3261 0,439903.489 4476382.1594 0))",2533042,Verde,Línea,3
"MULTILINESTRING Z ((439908.6318 4476419.4957 0,439909.9488 4476438.1972 0))",2533043,Verde,Batería,7
"MULTILINESTRING Z ((439911.3975 4476457.9522 0,439911.5292 4476460.5862 0))",2533046,Verde,Batería,1
"MULTILINESTRING Z ((439914.69 4476498.7793 0,439912.056 4476467.9614 0))",2533047,Verde,Batería,11
"MULTILINESTRING Z ((439915.0703 4476539.6276 0,439914.1338 4476527.6873 0))",2533049,Verde,Línea,2
"MULTILINESTRING Z ((442584.605 4480750.9957 0,442586.0097 4480755.4734 0))",2533050,Azul,Línea,1
"MULTILINESTRING Z ((440374.2616 4481838.4362 0,440372.1711 4481842.9464 0))",2533064,Verde,Línea,1
"MULTILINESTRING Z ((440386.9983 4481810.2798 0,440389.8871 4481803.8724 0))",2533066,Verde,Línea,1
"MULTILINESTRING Z ((440399.2081 4481783.3415 0,440401.2822 4481778.7242 0))",2533068,Verde,Línea,1
"MULTILINESTRING Z ((440403.776 4481773.218 0,440401.455 4481778.3538 0))",2533069,Verde,Línea,1
"MULTILINESTRING Z ((440381.5538 4481847.8106 0,440389.9242 4481829.218 0))",2533086,Verde,Línea,4
"MULTILINESTRING Z ((440577.9057 4474201.2662 0,440578.3223 4474196.4329 0))",2533087,Verde,Línea,1
"MULTILINESTRING Z ((440397.8501 4481811.7983 0,440391.2946 4481826.1316 0))",2533088,Verde,Línea,3
"MULTILINESTRING Z ((440053.4304 4481799.9094 0,440067.1834 4481814.4032 0))",2533096,Azul,Línea,4
"MULTILINESTRING Z ((443068.1617 4472636.8753 0,443087.4363 4472666.7707 0))",2533098,Verde,Línea,7
"MULTILINESTRING Z ((440073.8501 4481821.4279 0,440084.1094 4481832.2057 0))",2533100,Azul,Línea,3
"MULTILINESTRING Z ((440063.0168 4481759.965 0,440066.1279 4481758.965 0,440070.9612 4481758.0761 0,440074.0168 4481757.7983 0,440077.0723 4481757.7427 0,440079.0168 4481757.7983 0))",2533102,Verde,Batería,6
"MULTILINESTRING Z ((440444.9057 4481730.3538 0,440451.6279 4481733.5761 0))",2533112,Verde,Línea,2
"MULTILINESTRING Z ((442762.7946 4481543.5761 0,442758.4057 4481544.4094 0))",2533120,Verde,Línea,1
"MULTILINESTRING Z ((442876.5168 4479920.3538 0,442879.3501 4479925.8538 0))",2533128,Verde,Línea,1
"MULTILINESTRING Z ((440446.5168 4481171.9094 0,440455.8254 4481136.5514 0))",2533136,Verde,Batería,12
"MULTILINESTRING Z ((441837.239 4477947.5205 0,441836.6279 4477937.965 0))",2533170,Verde,Línea,2
"MULTILINESTRING Z ((441836.3501 4477933.8538 0,441834.739 4477911.5205 0,441833.7946 4477896.7427 0,441833.2946 4477891.0205 0))",2533172,Verde,Línea,9
"MULTILINESTRING Z ((442161.2081 4478072.7901 0,442173.3563 4478066.8312 0))",2533177,Verde,Línea,2
"MULTILINESTRING Z ((443037.239 4478949.8261 0,443035.3223 4478894.4094 0))",2533182,Azul,Batería,22
"MULTILINESTRING Z ((440933.6649 4481416.3538 0,440919.989 4481422.0761 0))",2533189,Verde,Línea,2
"MULTILINESTRING Z ((443035.239 4478946.2427 0,443033.6557 4478904.7427 0,443033.0723 4478883.9094 0))",2533192,Azul,Batería,25
"MULTILINESTRING Z ((443129.2246 4477978.0576 0,443131.7596 4477978.5678 0))",2533198,Verde,Batería,1
"MULTILINESTRING Z ((441995.2328 4477569.465 0,441989.6032 4477570.716 0))",2533203,Verde,Línea,1
"MULTILINESTRING Z ((440891.1999 4479846.9958 0,440889.8501 4479848.6748 0))",2533208,Verde,Batería,1
"MULTILINESTRING Z ((441984.7143 4477571.7366 0,441980.1546 4477572.6419 0))",2533209,Verde,Línea,1
"MULTILINESTRING Z ((441876.1217 4478094.8641 0,441880.3851 4478092.609 0))",2533225,Verde,Línea,1
"MULTILINESTRING Z ((440475.8501 4481139.7427 0,440480.9612 4481120.7983 0))",2533232,Verde,Batería,8
"MULTILINESTRING Z ((441187.9489 4479430.6501 0,441190.9859 4479434.4279 0))",2533235,Verde,Batería,2
"MULTILINESTRING Z ((440908.5415 4481593.86 0,440904.5662 4481591.8106 0))",2533258,Verde,Línea,1
"MULTILINESTRING Z ((442016.0168 4477874.965 0,442039.7946 4477862.7427 0))",2533270,Verde,Línea,5
"MULTILINESTRING Z ((441652.239 4477684.7983 0,441649.4057 4477686.8538 0,441639.6279 4477696.3538 0,441635.1279 4477700.465 0,441626.9057 4477710.465 0,441625.1834 4477712.4094 0,441623.739 4477714.465 0))",2533294,Verde,Línea,8
"MULTILINESTRING Z ((441689.0723 4477794.2427 0,441733.739 4477779.1594 0))",2533306,Verde,Línea,10
"MULTILINESTRING Z ((442665.3223 4472582.0995 0,442675.739 4472598.4329 0))",2533313,Verde,Línea,4
"MULTILINESTRING Z ((439878.1557 4476021.6594 0,439877.3223 4476010.4094 0))",2533314,Verde,Línea,2
"MULTILINESTRING Z ((441884.239 4477687.8261 0,441887.239 4477697.3261 0))",2533353,Verde,Línea,2
"MULTILINESTRING Z ((441889.0168 4477702.2983 0,441887.6279 4477698.1872 0))",2533354,Verde,Línea,1
"MULTILINESTRING Z ((441158.3192 4478411.6131 0,441159.0353 4478420.5267 0))",2533376,Verde,Batería,3
"MULTILINESTRING Z ((441154.4427 4478365.9341 0,441157.5785 4478402.181 0))",2533377,Verde,Batería,10
"MULTILINESTRING Z ((442253.3686 4479436.7983 0,442248.739 4479435.3909 0))",2533417,Verde,Línea,1
"MULTILINESTRING Z ((442281.739 4478934.7427 0,442279.8223 4478934.2427 0,442277.0723 4478934.2427 0))",2533419,Verde,Línea,1
"MULTILINESTRING Z ((440543.1834 4481519.6316 0,440556.7946 4481526.0761 0))",2533420,Verde,Batería,6
"MULTILINESTRING Z ((441183.8223 4481410.3261 0,441207.739 4481401.9927 0))",2533465,Azul,Línea,5
"MULTILINESTRING Z ((441185.0307 4481412.8261 0,441208.4057 4481404.9511 0))",2533467,Azul,Línea,5
"MULTILINESTRING Z ((441613.2904 4481524.5925 0,441601.0435 4481466.288 0,441598.9859 4481456.823 0,441598.5415 4481454.3868 0,441593.2246 4481428.7078 0,441591.4797 4481421.3333 0,441588.1876 4481408.2139 0,441585.3563 4481398.5185 0,441584.5991 4481396.1316 0,441578.6402 4481378.9135 0,441574.2616 4481362.8477 0))",2533472,Rojo,Línea,35
"MULTILINESTRING Z ((442883.6835 4472588.985 0,442897.5353 4472609.0741 0))",2533567,Verde,Línea,5
"MULTILINESTRING Z ((440613.0435 4480986.5843 0,440608.1876 4480985.465 0))",2533577,Verde,Línea,1
"MULTILINESTRING Z ((442959.5847 4472697.531 0,442968.1712 4472709.7627 0))",2533578,Verde,Línea,3
"MULTILINESTRING Z ((442979.1068 4472724.3435 0,442990.6904 4472741.3544 0))",2533579,Verde,Línea,4
"MULTILINESTRING Z ((442992.5535 4472743.6225 0,443004.4612 4472760.8765 0))",2533580,Verde,Línea,4
"MULTILINESTRING Z ((443005.7572 4472762.6586 0,443011.5895 4472771.083 0))",2533581,Verde,Línea,2
"MULTILINESTRING Z ((440534.9118 4481163.0205 0,440540.0229 4481162.2798 0))",2533582,Verde,Línea,1
"MULTILINESTRING Z ((443053.2258 4472830.0543 0,443068.0496 4472850.9534 0))",2533585,Verde,Línea,5
"MULTILINESTRING Z ((443069.5077 4472853.1405 0,443081.1724 4472869.4224 0))",2533586,Verde,Línea,4
"MULTILINESTRING Z ((443104.2586 4472901.7432 0,443101.0995 4472897.207 0))",2533591,Verde,Línea,1
"MULTILINESTRING Z ((443687.0563 4475708.1435 0,443678.1782 4475713.7932 0))",2533597,Verde,Batería,4
"MULTILINESTRING Z ((442233.3686 4477787.9464 0,442237.4797 4477785.9094 0))",2533599,Verde,Línea,1
"MULTILINESTRING Z ((443245.2741 4472550.06 0,443254.3314 4472546.6306 0))",2533600,Verde,Batería,4
"MULTILINESTRING Z ((443285.9002 4472534.1438 0,443276.1394 4472538.0129 0))",2533601,Verde,Batería,4
"MULTILINESTRING Z ((443274.8204 4472538.5405 0,443265.4992 4472542.3217 0))",2533602,Verde,Batería,4
"MULTILINESTRING Z ((443255.3867 4472546.103 0,443264.5319 4472542.5855 0))",2533603,Verde,Batería,4
"MULTILINESTRING Z ((443232.5235 4472554.9844 0,443244.043 4472550.4997 0))",2533604,Verde,Batería,5
"MULTILINESTRING Z ((443203.6807 4472566.3281 0,443194.1837 4472570.461 0))",2533607,Verde,Batería,4
"MULTILINESTRING Z ((443152.7662 4472588.5757 0,443160.0648 4472585.6738 0))",2533608,Verde,Batería,3
"MULTILINESTRING Z ((443189.699 4472572.4835 0,443179.8503 4472576.6165 0))",2533609,Verde,Batería,4
"MULTILINESTRING Z ((443178.0036 4472577.4959 0,443170.705 4472580.5736 0))",2533610,Verde,Batería,3
"MULTILINESTRING Z ((443169.1222 4472581.4529 0,443161.7356 4472584.7065 0))",2533611,Verde,Batería,3
"MULTILINESTRING Z ((443133.1566 4472601.0625 0,443124.0114 4472604.8437 0))",2533613,Verde,Línea,2
"MULTILINESTRING Z ((443122.4285 4472605.4593 0,443113.5471 4472609.2405 0))",2533614,Verde,Línea,2
"MULTILINESTRING Z ((443112.1401 4472609.6802 0,443097.7187 4472615.8356 0))",2533615,Verde,Línea,3
"MULTILINESTRING Z ((443073.7124 4472626.212 0,443083.1215 4472622.2549 0))",2533616,Verde,Línea,2
"MULTILINESTRING Z ((443085.2319 4472621.3756 0,443094.8168 4472617.3305 0))",2533617,Verde,Línea,2
"MULTILINESTRING Z ((443132.5411 4472597.5451 0,443124.8907 4472600.7108 0))",2533620,Verde,Batería,3
"MULTILINESTRING Z ((443080.6593 4472619.6169 0,443087.9579 4472616.5391 0))",2533621,Verde,Batería,3
"MULTILINESTRING Z ((443089.1011 4472615.8356 0,443096.3997 4472612.7579 0))",2533622,Verde,Batería,3
"MULTILINESTRING Z ((443097.4549 4472612.2303 0,443105.6329 4472608.8008 0))",2533623,Verde,Batería,3
"MULTILINESTRING Z ((443071.8657 4472623.486 0,443079.1644 4472620.3203 0))",2533624,Verde,Batería,3
"MULTILINESTRING Z ((442984.0035 4472668.8683 0,442975.3008 4472674.5352 0))",2533625,Verde,Línea,2
"MULTILINESTRING Z ((442960.6276 4472680.1163 0,442965.3761 4472677.1265 0))",2533630,Verde,Batería,2
"MULTILINESTRING Z ((442966.6951 4472676.3351 0,442971.2678 4472673.3453 0))",2533631,Verde,Batería,2
"MULTILINESTRING Z ((442992.1964 4472659.2757 0,442983.6667 4472664.9915 0))",2533633,Verde,Batería,4
"MULTILINESTRING Z ((442942.8647 4472696.4723 0,442938.38 4472699.1983 0))",2533635,Verde,Línea,1
"MULTILINESTRING Z ((442927.2122 4472706.5848 0,442918.2428 4472712.1248 0))",2533636,Verde,Línea,2
"MULTILINESTRING Z ((442937.061 4472699.9018 0,442928.3554 4472705.7055 0))",2533638,Verde,Línea,2
"MULTILINESTRING Z ((442912.9667 4472711.773 0,442917.5393 4472708.9591 0))",2533639,Verde,Batería,2
"MULTILINESTRING Z ((442905.9319 4472715.7301 0,442911.4718 4472712.5644 0))",2533640,Verde,Batería,2
"MULTILINESTRING Z ((442935.485 4472559.212 0,442929.5331 4472551.0885 0))",2533649,Verde,Línea,2
"MULTILINESTRING Z ((442939.3457 4472564.6009 0,442948.3539 4472577.309 0))",2533650,Verde,Línea,3
"MULTILINESTRING Z ((442957.2818 4472589.2128 0,442962.9924 4472597.4972 0))",2533652,Verde,Línea,2
"MULTILINESTRING Z ((442964.038 4472599.2667 0,442976.907 4472617.4441 0))",2533653,Verde,Línea,4
"MULTILINESTRING Z ((443032.2436 4472695.9449 0,443025.407 4472686.3736 0))",2533656,Verde,Línea,2
"MULTILINESTRING Z ((443047.0429 4472717.1787 0,443034.0935 4472698.8404 0))",2533657,Verde,Línea,4
"MULTILINESTRING Z ((441921.0723 4477428.8261 0,441931.4057 4477432.6594 0))",2533658,Verde,Línea,2
"MULTILINESTRING Z ((443061.0379 4472736.8843 0,443048.8124 4472719.4308 0))",2533659,Verde,Línea,4
"MULTILINESTRING Z ((441898.239 4477427.465 0,441900.9057 4477425.3538 0,441902.2946 4477424.4094 0,441905.239 4477423.0761 0))",2533660,Azul,Batería,3
"MULTILINESTRING Z ((442284.9983 4477192.8724 0,442282.0723 4477195.7613 0))",2533721,Verde,Línea,1
"MULTILINESTRING Z ((443084.489 4472770.7662 0,443087.489 4472775.0995 0))",2533723,Azul,Línea,1
"MULTILINESTRING Z ((443088.9057 4472776.9329 0,443097.9057 4472789.9329 0))",2533724,Azul,Línea,3
"MULTILINESTRING Z ((443064.097 4479351.9341 0,443064.1464 4479355.9588 0))",2533732,Verde,Línea,1
"MULTILINESTRING Z ((441916.6834 4479309.1872 0,441916.9057 4479313.965 0))",2533734,Verde,Línea,1
"MULTILINESTRING Z ((442871.739 4478224.4927 0,442869.739 4478226.4927 0))",2533735,Verde,Batería,1
"MULTILINESTRING Z ((442373.1834 4477028.2798 0,442357.5908 4477043.4279 0))",2533757,Verde,Línea,5
"MULTILINESTRING Z ((442437.6367 4477109.7323 0,442438.3 4477116.951 0))",2533779,Azul,Línea,1
"MULTILINESTRING Z ((443152.2845 4473210.2689 0,443153.721 4473232.7146 0))",2533798,Azul,Línea,4
"MULTILINESTRING Z ((440858.239 4474095.3495 0,440871.5723 4474100.5995 0))",2533801,Verde,Línea,3
"MULTILINESTRING Z ((442222.9427 4478437.7678 0,442222.5915 4478432.7341 0))",2533803,Verde,Línea,1
"MULTILINESTRING Z ((440698.1996 4480344.7783 0,440690.78 4480336.9806 0))",2533820,Verde,Línea,2
"MULTILINESTRING Z ((442565.0353 4478732.6501 0,442559.5538 4478732.9094 0))",2533821,Azul,Batería,3
"MULTILINESTRING Z ((441905.3144 4477423.1211 0,441906.3957 4477422.6345 0,441908.0177 4477422.1479 0))",2533823,Azul,Batería,1
"MULTILINESTRING Z ((442830.2205 4478813.0946 0,442830.5168 4478818.0576 0))",2533825,Verde,Batería,2
"MULTILINESTRING Z ((442541.739 4478469.6872 0,442533.4612 4478459.4094 0,442530.0168 4478456.1316 0))",2533830,Verde,Línea,3
"MULTILINESTRING Z ((442329.0723 4478357.6594 0,442328.6557 4478351.6594 0))",2533843,Verde,Línea,1
"MULTILINESTRING Z ((442475.4468 4478612.181 0,442471.5291 4478611.0781 0))",2533848,Verde,Línea,1
"MULTILINESTRING Z ((442508.9365 4478570.0822 0,442509.3563 4478574.7983 0))",2533851,Verde,Línea,1
"MULTILINESTRING Z ((442862.9859 4478162.7983 0,442864.6896 4478164.3045 0))",2533853,Verde,Batería,1
"MULTILINESTRING Z ((443034.2807 4478618.5761 0,443035.1557 4478615.8261 0))",2533856,Azul,Línea,1
"MULTILINESTRING Z ((440790.1557 4475421.9927 0,440760.9057 4475446.7427 0))",2533857,Verde,Línea,7
"MULTILINESTRING Z ((442862.1557 4478181.0761 0,442870.1557 4478188.4927 0))",2533869,Azul,Línea,2
"MULTILINESTRING Z ((442105.0168 4479071.3538 0,442107.7946 4479071.3538 0))",2533985,Verde,Batería,1
"MULTILINESTRING Z ((443564.3223 4478486.4927 0,443566.4057 4478560.9094 0))",2533989,Verde,Línea,16
"MULTILINESTRING Z ((442537.5168 4478848.3538 0,442538.6834 4478863.465 0))",2534028,Verde,Línea,3
"MULTILINESTRING Z ((442149.9057 4478511.5205 0,442138.0168 4478499.6316 0))",2534029,Verde,Línea,3
"MULTILINESTRING Z ((442134.9057 4478496.4927 0,442088.5723 4478449.4927 0))",2534031,Verde,Línea,14
"MULTILINESTRING Z ((442216.2946 4478483.8353 0,442218.3316 4478476.6131 0))",2534038,Verde,Batería,3
"MULTILINESTRING Z ((443363.9987 4473860.0363 0,443357.6052 4473852.3835 0))",2534041,Verde,Línea,2
"MULTILINESTRING Z ((441235.739 4471497.0162 0,441228.989 4471494.1829 0))",2534043,Verde,Línea,1
"MULTILINESTRING Z ((441373.989 4471378.0162 0,441380.0723 4471363.9329 0))",2534045,Verde,Línea,3
"MULTILINESTRING Z ((441967.6557 4478312.2427 0,441988.4057 4478341.4094 0,442006.4057 4478366.2427 0,442010.1557 4478370.2427 0))",2534065,Verde,Línea,14
"MULTILINESTRING Z ((443506.9881 4473690.5291 0,443507.224 4473683.8058 0))",2534076,Verde,Batería,3
"MULTILINESTRING Z ((442283.239 4478264.5761 0,442278.8501 4478264.6872 0))",2534091,Verde,Batería,1
"MULTILINESTRING Z ((442321.6557 4478396.7427 0,442317.3223 4478392.0761 0))",2534092,Verde,Línea,1
"MULTILINESTRING Z ((442517.5538 4478445.6872 0,442520.3686 4478447.9835 0))",2534141,Verde,Línea,1
"MULTILINESTRING Z ((442524.6279 4478428.3538 0,442535.0353 4478436.9464 0))",2534147,Verde,Línea,2
"MULTILINESTRING Z ((442552.4427 4478336.0576 0,442552.702 4478338.8353 0))",2534200,Verde,Batería,1
"MULTILINESTRING Z ((443413.0837 4474625.7071 0,443399.3025 4474589.2443 0))",2534207,Verde,Línea,8
"MULTILINESTRING Z ((443309.1396 4474612.3126 0,443293.405 4474618.5441 0,443291.3798 4474620.2578 0,443290.0556 4474622.3609 0,443289.043 4474624.1525 0,443288.4977 4474626.3335 0,443288.1862 4474631.3187 0))",2534210,Verde,Línea,6
"MULTILINESTRING Z ((443289.4325 4474654.2973 0,443288.6535 4474634.3565 0))",2534212,Verde,Línea,4
"MULTILINESTRING Z ((443417.6895 4474427.9826 0,443426.9568 4474452.0197 0))",2534215,Verde,Línea,5
"MULTILINESTRING Z ((443461.7092 4474539.6247 0,443428.26 4474454.9157 0))",2534218,Verde,Línea,18
"MULTILINESTRING Z ((443447.0842 4474490.2473 0,443426.812 4474439.4219 0))",2534219,Verde,Línea,11
"MULTILINESTRING Z ((443421.7922 4474426.7759 0,443426.5224 4474438.6497 0))",2534220,Verde,Línea,2
"MULTILINESTRING Z ((443310.413 4474588.0564 0,443305.8539 4474565.0127 0))",2534230,Verde,Línea,4
"MULTILINESTRING Z ((442824.4427 4478497.9094 0,442814.4427 4478498.5761 0))",2534240,Verde,Línea,2
"MULTILINESTRING Z ((442809.8131 4478498.9094 0,442782.6279 4478500.6872 0))",2534242,Verde,Línea,5
"MULTILINESTRING Z ((442750.5908 4478114.9835 0,442713.776 4478115.4279 0))",2534261,Verde,Línea,7
"MULTILINESTRING Z ((437696.8223 4475679.7662 0,437702.5723 4475678.0995 0,437708.5723 4475675.6829 0,437715.1557 4475672.2662 0,437723.8223 4475666.5995 0,437731.5723 4475660.0995 0,437740.489 4475649.9329 0))",2534266,Verde,Línea,11
"MULTILINESTRING Z ((443454.989 4473549.9329 0,443437.4057 4473571.5162 0))",2534267,Verde,Línea,5
"MULTILINESTRING Z ((443456.6557 4473549.2662 0,443472.4057 4473547.0995 0))",2534268,Verde,Línea,3
"MULTILINESTRING Z ((443198.3223 4473448.4927 0,443230.0723 4473445.9927 0))",2534270,Verde,Línea,6
"MULTILINESTRING Z ((443422.8849 4473568.3431 0,443419.3351 4473564.48 0))",2534274,Verde,Batería,2
"MULTILINESTRING Z ((442994.5723 4478295.7427 0,442987.0723 4478289.3261 0))",2534275,Azul,Línea,2
"MULTILINESTRING Z ((443426.4057 4478622.965 0,443426.0723 4478625.6316 0,443425.5723 4478631.4094 0))",2534287,Azul,Línea,1
"MULTILINESTRING Z ((443424.8501 4478648.6872 0,443424.9612 4478639.5205 0,443425.3501 4478634.5205 0))",2534288,Azul,Línea,3
"MULTILINESTRING Z ((442890.8501 4478775.7427 0,442868.0168 4478776.5761 0))",2534307,Verde,Línea,4
"MULTILINESTRING Z ((443653.1316 4474231.6647 0,443646.0855 4474226.4769 0,443643.5303 4474225.0832 0))",2534311,Verde,Línea,2
"MULTILINESTRING Z ((443677.1347 4474246.144 0,443682.0901 4474252.4932 0))",2534319,Verde,Batería,3
"MULTILINESTRING Z ((443687.9748 4474260.391 0,443691.9237 4474266.6627 0))",2534321,Verde,Batería,3
"MULTILINESTRING Z ((443014.5908 4478782.2057 0,443015.0353 4478790.9835 0))",2534322,Azul,Línea,2
"MULTILINESTRING Z ((443696.2597 4474275.3348 0,443699.2795 4474281.9937 0))",2534324,Verde,Batería,3
"MULTILINESTRING Z ((443699.8215 4474283.4649 0,443702.2992 4474290.4335 0))",2534325,Verde,Batería,3
"MULTILINESTRING Z ((443702.6863 4474291.4401 0,443704.0801 4474295.8536 0))",2534326,Verde,Batería,2
"MULTILINESTRING Z ((443714.5718 4474329.5354 0,443716.7785 4474337.2009 0))",2534330,Verde,Batería,3
"MULTILINESTRING Z ((443717.1269 4474338.13 0,443719.3337 4474345.7955 0))",2534331,Verde,Batería,3
"MULTILINESTRING Z ((443719.4498 4474346.7247 0,443722.005 4474354.0417 0))",2534332,Verde,Batería,3
"MULTILINESTRING Z ((443722.2373 4474355.087 0,443724.7924 4474363.101 0))",2534333,Verde,Batería,3
"MULTILINESTRING Z ((443725.1409 4474363.914 0,443728.3929 4474371.5795 0))",2534334,Verde,Batería,3
"MULTILINESTRING Z ((443728.7413 4474372.6248 0,443731.9934 4474379.9419 0))",2534335,Verde,Batería,3
"MULTILINESTRING Z ((443732.4579 4474380.7549 0,443735.8261 4474387.1428 0))",2534336,Verde,Batería,3
"MULTILINESTRING Z ((443736.4068 4474388.0719 0,443738.6136 4474392.137 0))",2534337,Verde,Batería,2
"MULTILINESTRING Z ((443760.5261 4474421.3666 0,443764.5524 4474429.5741 0))",2534338,Verde,Batería,4
"MULTILINESTRING Z ((443767.1076 4474437.0847 0,443764.8621 4474430.4258 0))",2534339,Verde,Batería,3
"MULTILINESTRING Z ((443768.5787 4474446.686 0,443767.2624 4474438.2462 0))",2534340,Verde,Batería,3
"MULTILINESTRING Z ((443422.5857 4474264.3786 0,443461.6101 4474288.5365 0,443467.185 4474290.6271 0,443473.6891 4474291.9047 0,443483.0967 4474291.9047 0,443490.0654 4474290.8594 0,443497.2663 4474287.9558 0,443517.0108 4474275.993 0))",2534341,Verde,Batería,28
"MULTILINESTRING Z ((443244.4797 4478771.5761 0,443220.9612 4478791.6501 0,443212.4427 4478798.7983 0,443210.1094 4478800.1687 0,443208.5908 4478800.9464 0,443204.8501 4478802.0576 0,443202.2946 4478802.3909 0,443198.6279 4478802.3168 0,443196.4427 4478801.9464 0,443194.4057 4478801.3909 0,443192.9612 4478800.8353 0,443190.0723 4478799.2798 0,443156.9983 4478776.7242 0,443151.702 4478773.7983 0,443147.5538 4478771.7242 0,443145.702 4478770.9094 0,443141.8501 4478769.2798 0,443136.4057 4478767.1687 0,443132.1464 4478765.6501 0,443126.2205 4478763.9464 0,443121.5538 4478762.8353 0,443115.9242 4478761.6872 0,443105.8871 4478760.4279 0,443102.5168 4478760.2057 0))",2534371,Verde,Línea,35
"MULTILINESTRING Z ((443681.5868 4474452.4157 0,443685.5357 4474445.7955 0,443687.5102 4474439.1753 0))",2534376,Verde,Batería,5
"MULTILINESTRING Z ((443687.9748 4474436.9686 0,443688.3232 4474434.7618 0))",2534377,Verde,Batería,1
"MULTILINESTRING Z ((443034.5168 4478762.2427 0,443054.4612 4478761.1872 0,443077.4612 4478760.5205 0,443091.3501 4478759.8538 0,443098.6834 4478759.9094 0))",2534384,Verde,Línea,15
"MULTILINESTRING Z ((443197.6279 4478811.0205 0,443193.6279 4478810.4094 0,443188.3501 4478808.5761 0,443161.2946 4478790.6316 0))",2534385,Verde,Línea,9
"MULTILINESTRING Z ((443133.9057 4478668.5761 0,443133.989 4478673.3261 0))",2534401,Verde,Línea,1
"MULTILINESTRING Z ((443312.2946 4478470.6872 0,443321.5168 4478471.465 0))",2534435,Verde,Línea,2
"MULTILINESTRING Z ((443166.5201 4473305.4012 0,443233.4942 4473300.7886 0))",2534436,Verde,Batería,26
"MULTILINESTRING Z ((441795.4468 4480187.5884 0,441797.0435 4480194.7654 0))",2534438,Verde,Línea,2
"MULTILINESTRING Z ((443406.0723 4478292.4094 0,443383.2946 4478301.5205 0))",2534456,Verde,Línea,5
"MULTILINESTRING Z ((443370.3439 4477655.9094 0,443369.3563 4477650.9464 0))",2534460,Verde,Batería,2
"MULTILINESTRING Z ((443425.4057 4478377.2427 0,443426.4057 4478383.0761 0))",2534478,Azul,Línea,1
"MULTILINESTRING Z ((443301.3859 4474088.5795 0,443309.0866 4474094.5956 0))",2534498,Verde,Batería,4
"MULTILINESTRING Z ((443341.9346 4474125.2778 0,443340.3704 4474105.3043 0))",2534499,Verde,Línea,4
"MULTILINESTRING Z ((443314.3808 4474101.8149 0,443322.5627 4474108.192 0))",2534500,Verde,Línea,2
"MULTILINESTRING Z ((443300.9046 4474084.1275 0,443315.7043 4474069.9295 0))",2534501,Verde,Línea,4
"MULTILINESTRING Z ((443323.4049 4474065.5979 0,443337.603 4474064.7556 0))",2534502,Verde,Línea,3
"MULTILINESTRING Z ((443327.6463 4474127.6315 0,443336.0678 4474127.03 0))",2534503,Verde,Línea,2
"MULTILINESTRING Z ((443428.3223 4478713.8261 0,443429.489 4478723.6594 0))",2534510,Azul,Línea,2
"MULTILINESTRING Z ((443344.0723 4478700.0761 0,443346.1279 4478699.7427 0))",2534516,Verde,Batería,1
"MULTILINESTRING Z ((443297.3223 4478722.4927 0,443298.3223 4478728.0761 0))",2534518,Verde,Línea,1
"MULTILINESTRING Z ((437931.9057 4475385.8495 0,437946.1557 4475372.9745 0))",2534523,Verde,Batería,9
"MULTILINESTRING Z ((437950.0296 4475369.6215 0,437959.3272 4475361.1505 0))",2534524,Verde,Batería,5
"MULTILINESTRING Z ((437927.239 4475380.0162 0,437965.5723 4475345.3495 0))",2534526,Verde,Línea,10
"MULTILINESTRING Z ((442875.5723 4477181.6316 0,442878.5307 4477178.8261 0,442882.6747 4477174.6087 0))",2534531,Verde,Línea,2
"MULTILINESTRING Z ((442828.3223 4477214.6594 0,442837.989 4477204.8261 0))",2534535,Verde,Batería,5
"MULTILINESTRING Z ((443518.4057 4478715.3168 0,443497.0723 4478740.0205 0))",2534537,Verde,Batería,13
"MULTILINESTRING Z ((443044.7417 4476924.1481 0,443046.0696 4476922.4691 0))",2534541,Verde,Batería,1
"MULTILINESTRING Z ((443593.1834 4478652.9094 0,443618.9242 4478622.7983 0))",2534549,Verde,Batería,16
"MULTILINESTRING Z ((443559.9983 4478581.1316 0,443562.6279 4478578.3909 0))",2534553,Verde,Línea,1
"MULTILINESTRING Z ((443495.4057 4478635.6131 0,443495.702 4478630.6501 0))",2534555,Verde,Línea,1
"MULTILINESTRING Z ((443606.2452 4478564.3538 0,443590.3192 4478565.2674 0))",2534565,Verde,Línea,4
"MULTILINESTRING Z ((443579.8995 4478565.8353 0,443568.6155 4478566.4032 0))",2534567,Verde,Línea,2
"MULTILINESTRING Z ((443549.4057 4478581.4927 0,443553.239 4478577.4094 0))",2534569,Verde,Línea,1
"MULTILINESTRING Z ((443456.9612 4478454.5761 0,443455.6773 4478446.9464 0))",2534580,Verde,Línea,1
"MULTILINESTRING Z ((443821.9391 4474403.9214 0,443825.3609 4474409.7635 0))",2534591,Verde,Batería,3
"MULTILINESTRING Z ((443817.0985 4474398.2462 0,443821.0211 4474403.0033 0))",2534592,Verde,Batería,3
"MULTILINESTRING Z ((443812.091 4474392.9883 0,443816.3474 4474397.4116 0))",2534593,Verde,Batería,3
"MULTILINESTRING Z ((443782.4633 4474359.9387 0,443781.2114 4474357.6019 0))",2534595,Verde,Batería,1
"MULTILINESTRING Z ((443780.2099 4474355.9327 0,443777.4557 4474348.7553 0))",2534596,Verde,Batería,3
"MULTILINESTRING Z ((443776.7881 4474347.0027 0,443773.9505 4474340.1591 0))",2534597,Verde,Batería,3
"MULTILINESTRING Z ((443771.5302 4474331.3125 0,443773.6166 4474338.2395 0))",2534598,Verde,Batería,3
"MULTILINESTRING Z ((443771.0294 4474329.6433 0,443768.7761 4474322.7162 0))",2534599,Verde,Batería,3
"MULTILINESTRING Z ((443768.2753 4474321.0471 0,443765.855 4474313.7027 0))",2534600,Verde,Batería,3
"MULTILINESTRING Z ((443765.6046 4474311.9501 0,443763.4347 4474305.1065 0))",2534601,Verde,Batería,3
"MULTILINESTRING Z ((443755.0054 4474277.2314 0,443752.752 4474270.972 0))",2534602,Verde,Batería,3
"MULTILINESTRING Z ((443752.3347 4474269.8035 0,443749.831 4474262.9599 0))",2534603,Verde,Batería,3
"MULTILINESTRING Z ((443749.2468 4474261.4577 0,443746.3257 4474255.1148 0))",2534604,Verde,Batería,3
"MULTILINESTRING Z ((443745.825 4474253.7795 0,443742.9039 4474247.687 0))",2534605,Verde,Batería,3
"MULTILINESTRING Z ((443742.4866 4474246.5186 0,443739.3987 4474240.6765 0))",2534606,Verde,Batería,3
"MULTILINESTRING Z ((443738.4806 4474239.4246 0,443734.8919 4474233.7495 0))",2534607,Verde,Batería,3
"MULTILINESTRING Z ((443734.1408 4474232.4141 0,443730.3017 4474226.572 0))",2534608,Verde,Batería,3
"MULTILINESTRING Z ((443708.3521 4474200.6164 0,443706.0987 4474198.53 0))",2534609,Verde,Batería,1
"MULTILINESTRING Z ((443704.9303 4474197.2781 0,443699.1716 4474192.2706 0))",2534610,Verde,Batería,3
"MULTILINESTRING Z ((443698.4205 4474191.7698 0,443692.9957 4474187.0962 0))",2534611,Verde,Batería,3
"MULTILINESTRING Z ((443686.1521 4474182.339 0,443691.8273 4474186.2616 0))",2534612,Verde,Batería,3
"MULTILINESTRING Z ((443530.4185 4474152.8782 0,443526.4125 4474152.0436 0,443522.0727 4474150.5413 0,443518.0667 4474148.4549 0,443510.1381 4474142.6962 0))",2534613,Verde,Línea,4
"MULTILINESTRING Z ((443632.5168 4478451.9464 0,443621.1094 4478420.7983 0))",2534614,Verde,Línea,7
"MULTILINESTRING Z ((443767.4407 4474133.6827 0,443769.1933 4474131.9301 0))",2534623,Azul,Batería,1
"MULTILINESTRING Z ((443768.6091 4474146.7022 0,443772.949 4474142.1955 0))",2534624,Azul,Batería,3
"MULTILINESTRING Z ((443761.6821 4474153.6293 0,443756.9249 4474158.5533 0))",2534625,Azul,Batería,3
"MULTILINESTRING Z ((443762.6836 4474152.7112 0,443767.6076 4474147.7037 0))",2534627,Azul,Batería,3
"MULTILINESTRING Z ((443773.867 4474141.194 0,443779.1249 4474135.9361 0))",2534628,Azul,Batería,3
"MULTILINESTRING Z ((443760.0964 4474177.1646 0,443764.8535 4474182.6728 0))",2534631,Verde,Batería,3
"MULTILINESTRING Z ((443759.3452 4474176.1631 0,443756.0904 4474172.2405 0))",2534632,Verde,Batería,2
"MULTILINESTRING Z ((443497.1464 4478335.9094 0,443495.5168 4478326.1687 0))",2534633,Verde,Línea,3
"MULTILINESTRING Z ((443797.0685 4474236.0028 0,443799.9061 4474242.3457 0))",2534636,Verde,Batería,3
"MULTILINESTRING Z ((443800.3234 4474243.2637 0,443803.0775 4474249.857 0))",2534637,Verde,Batería,3
"MULTILINESTRING Z ((443803.3279 4474250.6915 0,443805.2474 4474257.2848 0))",2534638,Verde,Batería,3
"MULTILINESTRING Z ((443805.6647 4474258.4532 0,443806.8331 4474262.9599 0))",2534639,Verde,Batería,2
"MULTILINESTRING Z ((443810.3384 4474274.0599 0,443812.4249 4474280.9035 0))",2534640,Verde,Batería,3
"MULTILINESTRING Z ((443812.8422 4474281.8216 0,443814.8452 4474288.8321 0))",2534642,Verde,Batería,3
"MULTILINESTRING Z ((443815.2624 4474290.0005 0,443816.097 4474293.0885 0))",2534643,Verde,Batería,1
"MULTILINESTRING Z ((443816.6812 4474294.3404 0,443817.5158 4474297.5952 0))",2534644,Verde,Batería,1
"MULTILINESTRING Z ((443824.6098 4474320.129 0,443827.2805 4474327.3899 0))",2534646,Verde,Batería,3
"MULTILINESTRING Z ((443821.9391 4474311.6163 0,443824.276 4474318.6268 0))",2534647,Verde,Batería,3
"MULTILINESTRING Z ((443831.1196 4474335.6523 0,443827.6143 4474328.5583 0))",2534648,Verde,Batería,3
"MULTILINESTRING Z ((443837.7963 4474344.1651 0,443839.7993 4474345.8343 0))",2534650,Verde,Batería,1
"MULTILINESTRING Z ((443854.5714 4474441.895 0,443844.0556 4474455.3318 0,443836.4609 4474463.4273 0,443828.5324 4474470.3544 0,443821.3549 4474476.0296 0))",2534652,Verde,Línea,9
"MULTILINESTRING Z ((443606.1989 4474404.5056 0,443608.5357 4474409.5131 0))",2534655,Azul,Línea,1
"MULTILINESTRING Z ((443419.6363 4478231.5376 0,443421.3274 4478241.8762 0))",2534659,Verde,Línea,2
"MULTILINESTRING Z ((443705.1601 4478372.2133 0,443704.6733 4478376.9278 0))",2534664,Verde,Línea,1
"MULTILINESTRING Z ((443704.2377 4478381.1812 0,443700.2662 4478415.5924 0))",2534666,Verde,Línea,7
"MULTILINESTRING Z ((443156.989 4478997.5761 0,443156.239 4478973.5761 0))",2534695,Verde,Línea,5
"MULTILINESTRING Z ((443289.9945 4474659.2336 0,443290.2751 4474662.7876 0,443292.2392 4474667.7446 0,443294.6709 4474670.3634 0,443298.1314 4474671.8598 0,443300.4696 4474672.5145 0,443319.0817 4474666.7158 0))",2534759,Azul,Línea,8
"MULTILINESTRING Z ((443289.8075 4474672.8886 0,443293.3615 4474675.1333 0,443296.7285 4474676.2556 0,443300.9373 4474676.1621 0,443305.5201 4474675.2268 0,443341.9025 4474662.7876 0,443405.1273 4474641.3697 0,443424.207 4474635.1034 0))",2534760,Azul,Línea,28
"MULTILINESTRING Z ((443339.1834 4479116.0205 0,443312.6649 4479117.6872 0))",2534791,Verde,Línea,5
"MULTILINESTRING Z ((443220.1834 4479127.1872 0,443214.7946 4479135.5205 0))",2534792,Azul,Línea,2
"MULTILINESTRING Z ((443184.6834 4479282.8538 0,443184.4612 4479292.3538 0))",2534809,Azul,Línea,2
"MULTILINESTRING Z ((443384.8131 4479391.0699 0,443382.5415 4479387.8353 0))",2534829,Verde,Línea,1
"MULTILINESTRING Z ((443341.739 4479354.6131 0,443336.739 4479355.502 0))",2534851,Verde,Batería,2
"MULTILINESTRING Z ((443294.4612 4479488.5761 0,443291.5168 4479472.2427 0))",2534860,Verde,Línea,3
"MULTILINESTRING Z ((443212.3223 4479472.4927 0,443213.239 4479478.3261 0))",2534861,Verde,Línea,1
"MULTILINESTRING Z ((443203.4057 4479462.2427 0,443210.4057 4479501.1594 0))",2534863,Verde,Línea,8
"MULTILINESTRING Z ((443214.2575 4479572.6872 0,443218.1094 4479571.6131 0))",2534865,Verde,Línea,1
"MULTILINESTRING Z ((443148.3223 4479595.3261 0,443126.3223 4479603.4094 0))",2534867,Verde,Línea,5
"MULTILINESTRING Z ((443138.9057 4479416.9927 0,443142.3223 4479407.4927 0))",2534871,Verde,Línea,2
"MULTILINESTRING Z ((443208.6279 4479625.6316 0,443208.7946 4479643.3538 0))",2534887,Verde,Línea,3
"MULTILINESTRING Z ((440798.9242 4480083.5761 0,440786.2205 4480070.0946 0))",2534888,Verde,Línea,4
"MULTILINESTRING Z ((440781.5785 4480065.144 0,440772.5908 4480055.6131 0))",2534891,Verde,Línea,3
"MULTILINESTRING Z ((442980.4057 4479299.4279 0,442985.5538 4479309.1687 0))",2534905,Azul,Línea,2
"MULTILINESTRING Z ((442987.5708 4479312.8836 0,442991.9843 4479321.2834 0))",2534906,Azul,Línea,2
"MULTILINESTRING Z ((443091.9041 4479408.6155 0,443087.214 4479408.69 0))",2535109,Verde,Línea,1
"MULTILINESTRING Z ((439951.989 4476157.0761 0,439941.989 4476157.9927 0))",2535118,Azul,Línea,2
"MULTILINESTRING Z ((442854.1557 4479059.3261 0,442865.9057 4479058.7011 0))",2535134,Verde,Línea,2
"MULTILINESTRING Z ((439585.2946 4477705.9094 0,439604.989 4477645.4927 0))",2535139,Verde,Línea,13
"MULTILINESTRING Z ((439584.5168 4477708.0082 0,439581.702 4477716.6748 0))",2535143,Verde,Línea,2
"MULTILINESTRING Z ((440409.3234 4477426.1234 0,440409.6855 4477426.3703 0,440410.5415 4477426.6008 0,440411.6443 4477426.6995 0,440423.9736 4477425.8106 0,440424.6814 4477425.6296 0,440426.4756 4477424.6748 0))",2535145,Verde,Línea,4
"MULTILINESTRING Z ((440143.2466 4476260.6501 0,440141.6169 4476231.0705 0))",2535156,Verde,Línea,6
"MULTILINESTRING Z ((440596.0723 4477428.0822 0,440596.418 4477432.7489 0))",2535169,Verde,Línea,1
"MULTILINESTRING Z ((440605.0353 4477547.0946 0,440604.2205 4477535.9094 0))",2535171,Verde,Línea,2
"MULTILINESTRING Z ((439749.0723 4476015.2427 0,439748.9057 4476009.6594 0))",2535185,Verde,Línea,1
"MULTILINESTRING Z ((439748.7507 4476005.5289 0,439748.2634 4475995.3924 0))",2535186,Verde,Línea,2
"MULTILINESTRING Z ((439745.2419 4475927.1663 0,439748.0684 4475995.0026 0))",2535187,Verde,Línea,14
"MULTILINESTRING Z ((439775.9057 4476452.8538 0,439775.239 4476444.2427 0))",2535191,Verde,Línea,2
"MULTILINESTRING Z ((439775.9057 4476453.6316 0,439776.4057 4476461.2983 0))",2535192,Verde,Línea,2
"MULTILINESTRING Z ((439780.8109 4476526.9205 0,439777.1786 4476471.1884 0))",2535193,Verde,Línea,11
"MULTILINESTRING Z ((440113.739 4476685.9094 0,440129.4057 4476684.9927 0))",2535202,Azul,Línea,3
"MULTILINESTRING Z ((440098.1032 4475699.1279 0,440106.2518 4475704.5875 0))",2535204,Azul,Línea,2
"MULTILINESTRING Z ((440015.5441 4476004.5595 0,440014.1821 4475989.009 0))",2535206,Verde,Línea,3
"MULTILINESTRING Z ((437953.5723 4475287.1829 0,437944.5723 4475276.7662 0))",2535212,Verde,Batería,5
"MULTILINESTRING Z ((440890.2946 4477396.9464 0,440912.1464 4477395.3538 0,440978.4797 4477390.2798 0))",2535239,Verde,Línea,18
"MULTILINESTRING Z ((440357.8172 4477318.0905 0,440381.0435 4477317.2016 0))",2535250,Verde,Batería,9
"MULTILINESTRING Z ((440314.097 4477308.8888 0,440326.3275 4477308.4921 0))",2535253,Verde,Línea,2
"MULTILINESTRING Z ((440460.204 4477188.7078 0,440475.3316 4477187.5884 0))",2535266,Verde,Línea,3
"MULTILINESTRING Z ((440481.06 4477187.1687 0,440491.6032 4477186.4032 0))",2535271,Verde,Línea,2
"MULTILINESTRING Z ((440600.3439 4477169.6378 0,440610.3439 4477168.9218 0))",2535282,Verde,Línea,2
"MULTILINESTRING Z ((442534.9057 4477851.6594 0,442534.6557 4477849.1594 0))",2535289,Verde,Batería,1
"MULTILINESTRING Z ((440415.776 4482051.0699 0,440414.8131 4482050.7983 0))",2535299,Verde,Batería,1
"MULTILINESTRING Z ((441408.2095 4481368.5377 0,441415.4413 4481365.432 0))",2535311,Rojo,Línea,1
"MULTILINESTRING Z ((440730.8501 4477199.3538 0,440730.1094 4477188.9094 0))",2535315,Verde,Línea,2
"MULTILINESTRING Z ((441332.9057 4481401.6872 0,441388.8501 4481376.7427 0))",2535316,Rojo,Línea,14
"MULTILINESTRING Z ((440729.3686 4477179.0205 0,440730.0723 4477188.7242 0))",2535318,Verde,Línea,2
"MULTILINESTRING Z ((442558.4057 4479339.1872 0,442555.1279 4479324.5205 0))",2535326,Verde,Línea,3
"MULTILINESTRING Z ((440802.6649 4477155.2427 0,440792.0723 4477156.0082 0))",2535330,Verde,Línea,2
"MULTILINESTRING Z ((441541.9612 4478086.0205 0,441541.4057 4478080.8538 0))",2535337,Verde,Batería,2
"MULTILINESTRING Z ((440985.5723 4477127.5761 0,440982.0723 4477079.6594 0,440981.239 4477067.1594 0))",2535348,Verde,Línea,12
"MULTILINESTRING Z ((442834.2699 4478927.9094 0,442834.0476 4478924.2551 0))",2535362,Verde,Línea,1
"MULTILINESTRING Z ((442953.702 4478972.5761 0,442972.739 4478971.3909 0))",2535372,Verde,Línea,4
"MULTILINESTRING Z ((443007.739 4478969.2427 0,443013.1557 4478968.8261 0))",2535373,Verde,Línea,1
"MULTILINESTRING Z ((442821.9612 4478908.465 0,442821.739 4478904.6501 0))",2535385,Verde,Línea,1
"MULTILINESTRING Z ((442716.5723 4478898.3261 0,442720.6557 4478944.1594 0,442723.239 4478974.1594 0))",2535390,Verde,Batería,30
"MULTILINESTRING Z ((442682.0723 4479066.965 0,442703.6834 4479067.0205 0))",2535392,Azul,Línea,4
"MULTILINESTRING Z ((442844.4674 4479674.8971 0,442838.5662 4479674.1316 0))",2535396,Verde,Línea,1
"MULTILINESTRING Z ((442725.7946 4479533.8538 0,442725.0723 4479530.0761 0))",2535407,Verde,Batería,1
"MULTILINESTRING Z ((442724.9057 4479529.0761 0,442723.4057 4479519.4927 0,442723.1557 4479518.8261 0))",2535410,Verde,Batería,4
"MULTILINESTRING Z ((441015.8254 4477281.5884 0,441006.2205 4477282.181 0))",2535414,Verde,Línea,2
"MULTILINESTRING Z ((441020.418 4477281.3168 0,441016.1711 4477281.5637 0))",2535417,Verde,Línea,1
"MULTILINESTRING Z ((440860.1382 4477288.3292 0,440859.6773 4477283.8518 0))",2535418,Verde,Línea,1
"MULTILINESTRING Z ((442591.4057 4478117.2057 0,442596.4797 4478117.1316 0))",2535426,Verde,Línea,1
"MULTILINESTRING Z ((442602.6557 4478117.0761 0,442624.7807 4478116.9511 0))",2535427,Verde,Línea,4
"MULTILINESTRING Z ((440844.621 4480891.3141 0,440872.3083 4480880.7901 0))",2535430,Verde,Línea,6
"MULTILINESTRING Z ((440820.0394 4480900.6584 0,440838.525 4480893.6296 0))",2535431,Verde,Línea,4
"MULTILINESTRING Z ((440770.1464 4477277.9464 0,440760.2467 4477278.4551 0))",2535437,Verde,Línea,2
"MULTILINESTRING Z ((439376.7637 4480621.465 0,439396.6896 4480626.6995 0))",2535445,Verde,Batería,8
"MULTILINESTRING Z ((443393.5168 4475884.8353 0,443376.702 4475882.4279 0))",2535449,Verde,Batería,7
"MULTILINESTRING Z ((443507.6443 4476343.4897 0,443509.455 4476344.6419 0))",2535452,Verde,Batería,1
"MULTILINESTRING Z ((443443.9983 4476302.8971 0,443461.4797 4476314.0576 0))",2535454,Verde,Batería,9
"MULTILINESTRING Z ((442849.1464 4479412.502 0,442824.0353 4479423.465 0))",2535462,Verde,Línea,5
"MULTILINESTRING Z ((440733.9662 4474880.5276 0,440744.5748 4474876.1725 0))",2535486,Verde,Línea,2
"MULTILINESTRING Z ((440757.5285 4474869.6957 0,440745.2449 4474875.8375 0))",2535487,Verde,Línea,2
"MULTILINESTRING Z ((442676.776 4479082.1687 0,442686.739 4479082.1316 0))",2535488,Azul,Línea,2
"MULTILINESTRING Z ((442868.1053 4479426.6337 0,442865.9324 4479423.0287 0))",2535511,Verde,Línea,1
"MULTILINESTRING Z ((441453.6711 4474023.9327 0,441469.6691 4474023.9327 0))",2535520,Verde,Línea,3
"MULTILINESTRING Z ((441519.4129 4474023.5578 0,441530.4115 4474023.4328 0))",2535521,Verde,Línea,2
"MULTILINESTRING Z ((441530.6615 4474017.5585 0,441490.0416 4474018.1834 0))",2535522,Verde,Batería,15
"MULTILINESTRING Z ((441436.4233 4474017.9335 0,441464.0448 4474017.6835 0))",2535523,Verde,Batería,10
"MULTILINESTRING Z ((443379.9983 4477197.9835 0,443378.5662 4477191.5637 0,443377.8501 4477187.8353 0,443377.0106 4477179.5143 0))",2535535,Verde,Línea,3
"MULTILINESTRING Z ((440989.3223 4473903.7427 0,441001.5723 4473906.2427 0))",2535537,Verde,Línea,2
"MULTILINESTRING Z ((441519.0234 4473930.2546 0,441508.022 4473930.2546 0))",2535540,Verde,Batería,4
"MULTILINESTRING Z ((441890.0723 4479632.4094 0,441891.8223 4479619.7427 0))",2535543,Verde,Línea,3
"MULTILINESTRING Z ((442128.097 4479417.1193 0,442148.1217 4479421.86 0))",2535547,Verde,Línea,5
"MULTILINESTRING Z ((440662.6557 4475215.2427 0,440651.0723 4475208.6594 0))",2535572,Verde,Línea,2
"MULTILINESTRING Z ((440698.4513 4475500.9546 0,440715.2678 4475487.1351 0))",2535576,Verde,Línea,4
"MULTILINESTRING Z ((440689.044 4475509.6959 0,440693.9558 4475505.0338 0))",2535577,Verde,Línea,1
"MULTILINESTRING Z ((440863.6726 4475132.1606 0,440814.543 4475164.3979 0))",2535594,Verde,Línea,9
"MULTILINESTRING Z ((442077.6279 4479806.9835 0,442072.5168 4479805.2057 0))",2535603,Verde,Línea,1
"MULTILINESTRING Z ((440914.9057 4475027.7983 0,440916.0168 4475040.5761 0))",2535606,Verde,Línea,2
"MULTILINESTRING Z ((440918.1037 4475063.8337 0,440916.5563 4475046.2099 0))",2535607,Verde,Línea,3
"MULTILINESTRING Z ((442714.4797 4479601.8724 0,442708.1834 4479564.0205 0))",2535612,Verde,Línea,8
"MULTILINESTRING Z ((442697.4784 4479499.2692 0,442698.239 4479503.7665 0))",2535618,Verde,Línea,1
"MULTILINESTRING Z ((442734.1517 4479684.9173 0,442733.7053 4479684.3717 0,442723.7846 4479674.9471 0))",2535636,Verde,Línea,3
"MULTILINESTRING Z ((441122.0086 4475144.2309 0,441123.2118 4475149.5592 0))",2535645,Verde,Línea,1
"MULTILINESTRING Z ((442860.0723 4479806.3261 0,442885.9057 4479793.1594 0))",2535649,Azul,Línea,6
"MULTILINESTRING Z ((442903.6666 4479784.2344 0,442895.2914 4479788.5522 0))",2535651,Azul,Línea,2
"MULTILINESTRING Z ((442391.9146 4479525.6415 0,442405.4563 4479523.707 0))",2535653,Verde,Línea,3
"MULTILINESTRING Z ((442448.5366 4479517.1594 0,442405.6795 4479523.6326 0))",2535654,Verde,Línea,9
"MULTILINESTRING Z ((442650.4427 4479528.6131 0,442652.8131 4479537.8353 0))",2535656,Azul,Línea,2
"MULTILINESTRING Z ((442654.5908 4479544.6131 0,442660.3686 4479566.5761 0))",2535658,Azul,Línea,4
"MULTILINESTRING Z ((442381.8131 4479535.9464 0,442380.9242 4479531.9464 0))",2535662,Verde,Línea,1
"MULTILINESTRING Z ((442289.702 4479115.465 0,442291.9612 4479125.4279 0))",2535690,Verde,Línea,2
"MULTILINESTRING Z ((442296.3223 4479155.2427 0,442300.239 4479173.9094 0))",2535691,Verde,Línea,3
"MULTILINESTRING Z ((442361.3501 4479084.465 0,442360.739 4479113.1872 0,442360.5723 4479125.0761 0))",2535695,Verde,Línea,8
"MULTILINESTRING Z ((442477.8131 4479078.9835 0,442488.4427 4479079.1316 0))",2535698,Azul,Línea,2
"MULTILINESTRING Z ((442492.3686 4479079.1687 0,442504.3316 4479079.3538 0))",2535700,Azul,Línea,3
"MULTILINESTRING Z ((442645.0168 4479189.6872 0,442646.739 4479199.2983 0))",2535701,Azul,Línea,2
"MULTILINESTRING Z ((442542.1834 4479156.9835 0,442538.5538 4479158.2057 0))",2535707,Verde,Línea,1
"MULTILINESTRING Z ((442342.9242 4478994.3538 0,442324.0353 4478994.0205 0))",2535717,Verde,Línea,4
"MULTILINESTRING Z ((442266.5723 4478994.1594 0,442255.3223 4478993.9927 0))",2535743,Verde,Línea,2
"MULTILINESTRING Z ((442254.739 4478993.8261 0,442250.5723 4478993.7427 0))",2535745,Verde,Línea,1
"MULTILINESTRING Z ((442282.9242 4478898.9835 0,442265.2205 4478898.3909 0))",2535746,Verde,Batería,7
"MULTILINESTRING Z ((441948.4057 4479346.1872 0,441951.4057 4479341.6316 0))",2535750,Verde,Línea,1
"MULTILINESTRING Z ((441962.4057 4479326.8724 0,441965.2205 4479323.5761 0,441976.739 4479309.6131 0,441990.5538 4479294.5761 0))",2535751,Verde,Línea,9
"MULTILINESTRING Z ((442141.1557 4479304.2427 0,442131.6557 4479291.9094 0,442111.3223 4479264.9927 0,442084.239 4479229.6594 0))",2535753,Verde,Línea,20
"MULTILINESTRING Z ((442153.8501 4479145.6131 0,442105.776 4479179.6872 0))",2535770,Verde,Línea,12
"MULTILINESTRING Z ((441917.0723 4479314.6316 0,441917.9057 4479319.2983 0))",2535772,Verde,Línea,1
"MULTILINESTRING Z ((442009.6649 4479057.9835 0,442004.776 4479057.9464 0))",2535776,Azul,Línea,1
"MULTILINESTRING Z ((442199.6834 4479196.965 0,442208.2946 4479219.9094 0))",2535806,Azul,Línea,5
"MULTILINESTRING Z ((442197.5723 4479184.4094 0,442201.5723 4479195.4094 0))",2535807,Azul,Línea,2
"MULTILINESTRING Z ((442213.4057 4479253.0205 0,442218.4057 4479265.1316 0))",2535817,Verde,Línea,2
"MULTILINESTRING Z ((442581.0346 4479080.4953 0,442567.0457 4479080.2612 0))",2535826,Azul,Línea,3
"MULTILINESTRING Z ((442869.9057 4479082.3261 0,442894.1557 4479127.0761 0))",2535839,Verde,Línea,11
"MULTILINESTRING Z ((442896.239 4479130.465 0,442917.1834 4479168.965 0))",2535846,Verde,Línea,9
"MULTILINESTRING Z ((441006.9057 4472106.6594 0,441022.6557 4472104.9094 0))",2535896,Verde,Línea,3
"MULTILINESTRING Z ((440481.6649 4477095.9094 0,440477.2205 4477110.2798 0))",2535898,Verde,Línea,3
"MULTILINESTRING Z ((440506.4676 4477007.8125 0,440510.9939 4476993.7264 0))",2535900,Verde,Línea,3
"MULTILINESTRING Z ((440511.189 4476993.1801 0,440512.3986 4476989.4342 0))",2535901,Verde,Línea,1
"MULTILINESTRING Z ((441218.1788 4472220.0753 0,441218.9994 4472235.3014 0))",2535915,Verde,Línea,3
"MULTILINESTRING Z ((441861.2313 4471917.0118 0,441866.9753 4471909.9002 0))",2535921,Verde,Línea,2
"MULTILINESTRING Z ((441868.4341 4471908.3503 0,441874.5428 4471900.874 0))",2535922,Verde,Línea,2
"MULTILINESTRING Z ((441892.6865 4471879.5392 0,441898.704 4471872.1541 0))",2535924,Verde,Línea,2
"MULTILINESTRING Z ((441908.7332 4471859.9367 0,441914.933 4471852.9163 0))",2535925,Verde,Línea,2
"MULTILINESTRING Z ((441997.9928 4471923.6675 0,441993.6165 4471926.4028 0))",2535928,Verde,Línea,1
"MULTILINESTRING Z ((440503.8871 4476975.6501 0,440528.5538 4476898.539 0,440530.776 4476891.3538 0))",2535929,Azul,Línea,18
"MULTILINESTRING Z ((440317.8501 4477059.2427 0,440332.4057 4477058.2983 0))",2535940,Verde,Línea,3
"MULTILINESTRING Z ((440342.4057 4477057.6316 0,440350.4057 4477057.0761 0))",2535945,Verde,Línea,2
"MULTILINESTRING Z ((440842.9612 4477046.1316 0,440844.0723 4477062.1872 0))",2535964,Verde,Línea,3
"MULTILINESTRING Z ((441724.1557 4477182.6594 0,441717.989 4477185.2427 0))",2535973,Verde,Línea,1
"MULTILINESTRING Z ((441075.9736 4476980.9547 0,441080.204 4476977.5802 0))",2535976,Verde,Línea,1
"MULTILINESTRING Z ((441136.4797 4476962.7242 0,441142.0723 4476962.3909 0))",2535980,Verde,Línea,1
"MULTILINESTRING Z ((441141.9057 4476959.4511 0,441154.4057 4476958.7011 0))",2535983,Verde,Línea,2
"MULTILINESTRING Z ((441041.8501 4476888.465 0,441096.9057 4476884.6872 0))",2535986,Verde,Línea,11
"MULTILINESTRING Z ((441232.3076 4476658.6048 0,441232.7173 4476663.5213 0))",2536009,Verde,Línea,1
"MULTILINESTRING Z ((441732.0307 4472549.0995 0,441743.1557 4472535.5995 0))",2536026,Verde,Línea,3
"MULTILINESTRING Z ((441825.489 4472436.5761 0,441820.3223 4472442.5761 0))",2536028,Verde,Línea,2
"MULTILINESTRING Z ((441974.0307 4472261.5995 0,441954.9057 4472284.5995 0))",2536029,Verde,Línea,6
"MULTILINESTRING Z ((441945.9057 4472295.0995 0,441952.2807 4472286.9745 0))",2536030,Verde,Línea,2
"MULTILINESTRING Z ((442738.7648 4479692.9531 0,442736.235 4479687.7943 0,442734.6973 4479685.5622 0))",2536053,Verde,Línea,2
"MULTILINESTRING Z ((442784.8223 4474648.7662 0,442786.489 4474673.9329 0))",2536116,Verde,Línea,5
"MULTILINESTRING Z ((442256.3316 4479094.7613 0,442260.4427 4479091.7983 0))",2536123,Verde,Línea,1
"MULTILINESTRING Z ((442147.0168 4476034.5761 0,442148.3501 4476056.2427 0))",2536206,Verde,Línea,4
"MULTILINESTRING Z ((439843.9242 4477939.1316 0,439846.0723 4477926.7613 0))",2536214,Verde,Línea,2
"MULTILINESTRING Z ((439840.2863 4477960.1316 0,439841.6361 4477952.384 0))",2536226,Verde,Línea,2
"MULTILINESTRING Z ((441205.9858 4479827.3686 0,441210.3561 4479827.0476 0))",2536230,Verde,Línea,1
"MULTILINESTRING Z ((441189.1094 4479679.0699 0,441192.0723 4479672.5514 0))",2536235,Azul,Línea,1
"MULTILINESTRING Z ((440322.8131 4478368.1687 0,440323.8131 4478374.7242 0))",2536237,Verde,Línea,1
"MULTILINESTRING Z ((440324.702 4478380.465 0,440326.4797 4478392.4279 0))",2536239,Verde,Línea,2
"MULTILINESTRING Z ((442975.739 4478850.1316 0,442952.4057 4478851.2427 0))",2536268,Verde,Línea,5
"MULTILINESTRING Z ((442935.9612 4478852.0761 0,442946.4057 4478851.5205 0))",2536269,Verde,Línea,2
"MULTILINESTRING Z ((440697.455 4482130.5349 0,440709.0271 4482135.4567 0))",2536271,Verde,Línea,3
"MULTILINESTRING Z ((441874.5723 4479582.2427 0,441879.1834 4479549.4094 0))",2536293,Azul,Línea,7
"MULTILINESTRING Z ((441879.8501 4479545.2798 0,441881.1834 4479535.8724 0))",2536296,Azul,Línea,2
"MULTILINESTRING Z ((441686.9125 4479143.4818 0,441689.3502 4479175.5463 0))",2536316,Verde,Batería,12
"MULTILINESTRING Z ((441887.1557 4479171.4927 0,441887.6557 4479180.9927 0))",2536327,Verde,Línea,2
"MULTILINESTRING Z ((441886.239 4479160.6594 0,441886.6557 4479166.9094 0))",2536331,Verde,Línea,1
"MULTILINESTRING Z ((441893.4612 4479248.1316 0,441894.2946 4479258.0205 0))",2536339,Verde,Línea,2
"MULTILINESTRING Z ((440310.4057 4472479.4329 0,440302.239 4472472.5995 0))",2536346,Verde,Batería,4
"MULTILINESTRING Z ((440273.6557 4472448.6829 0,440298.1557 4472469.0995 0))",2536347,Verde,Batería,12
"MULTILINESTRING Z ((440528.5723 4473855.4329 0,440535.6557 4473851.8495 0))",2536349,Verde,Línea,1
"MULTILINESTRING Z ((442980.5723 4479217.5761 0,442981.989 4479216.3261 0,442983.0723 4479215.9094 0))",2536350,Verde,Batería,1
"MULTILINESTRING Z ((441533.7009 4476566.0495 0,441520.8102 4476559.4276 0))",2536426,Verde,Línea,4
"MULTILINESTRING Z ((441613.739 4476520.5205 0,441611.0168 4476514.965 0))",2536433,Verde,Batería,2
"MULTILINESTRING Z ((441591.0723 4476429.9094 0,441595.3223 4476432.0761 0))",2536446,Verde,Línea,1
"MULTILINESTRING Z ((441616.6557 4476442.9927 0,441599.6557 4476434.2427 0))",2536448,Verde,Línea,4
"MULTILINESTRING Z ((441029.1431 4473384.652 0,441031.3954 4473383.365 0))",2536455,Verde,Batería,1
"MULTILINESTRING Z ((442015.4057 4476044.1594 0,442016.489 4476059.1594 0))",2536462,Azul,Línea,3
"MULTILINESTRING Z ((441850.1834 4476165.0761 0,441851.4057 4476182.2983 0))",2536497,Verde,Línea,3
"MULTILINESTRING Z ((441856.0723 4476205.7983 0,441855.3501 4476195.965 0))",2536498,Verde,Línea,2
"MULTILINESTRING Z ((441854.4057 4476181.6316 0,441855.1279 4476192.6872 0))",2536500,Verde,Línea,2
"MULTILINESTRING Z ((442148.239 4476380.0761 0,442133.4057 4476381.0761 0))",2536580,Verde,Batería,5
"MULTILINESTRING Z ((441469.0723 4473877.5995 0,441484.6557 4473878.2662 0))",2536592,Verde,Línea,3
"MULTILINESTRING Z ((440426.4047 4474687.443 0,440428.9786 4474697.3572 0))",2536665,Verde,Línea,2
"MULTILINESTRING Z ((440429.3599 4474698.5964 0,440430.7898 4474704.2208 0))",2536667,Verde,Línea,1
"MULTILINESTRING Z ((440432.6011 4474710.2266 0,440431.2665 4474705.0788 0))",2536668,Verde,Línea,1
"MULTILINESTRING Z ((440435.7469 4474720.3314 0,440437.3675 4474726.0512 0))",2536671,Verde,Línea,1
"MULTILINESTRING Z ((440437.6535 4474727.4811 0,440439.1788 4474732.9148 0))",2536672,Verde,Línea,1
"MULTILINESTRING Z ((440444.989 4474755.4927 0,440442.4057 4474745.3261 0))",2536674,Verde,Línea,2
"MULTILINESTRING Z ((440358.989 4474950.1594 0,440348.239 4474940.4094 0))",2536723,Verde,Línea,2
"MULTILINESTRING Z ((440382.5723 4474972.9094 0,440379.739 4474968.9094 0,440359.489 4474950.7427 0))",2536724,Verde,Línea,6
"MULTILINESTRING Z ((440317.4057 4475422.0761 0,440315.739 4475409.7427 0))",2536731,Verde,Línea,2
"MULTILINESTRING Z ((439846.8602 4475595.4101 0,439837.1632 4475596.2586 0))",2536745,Verde,Línea,2
"MULTILINESTRING Z ((439099.0847 4477479.2592 0,439107.3481 4477477.6625 0))",2536765,Verde,Línea,1
"MULTILINESTRING Z ((440010.6858 4474331.7383 0,440037.356 4474380.3827 0))",2536778,Verde,Línea,11
"MULTILINESTRING Z ((438957.7884 4473867.7121 0,438957.3454 4473856.9023 0))",2536784,Verde,Línea,2
"MULTILINESTRING Z ((438949.489 4473516.2427 0,438948.9057 4473503.4927 0))",2536787,Verde,Línea,2
"MULTILINESTRING Z ((438948.6178 4473496.2342 0,438947.9532 4473475.7663 0))",2536790,Verde,Línea,4
"MULTILINESTRING Z ((439987.939 4472742.4896 0,440007.6415 4472749.8781 0))",2536798,Verde,Línea,4
"MULTILINESTRING Z ((442085.1834 4476145.6131 0,442089.776 4476145.3168 0))",2536803,Verde,Línea,1
"MULTILINESTRING Z ((440088.441 4472766.5495 0,440092.4194 4472759.0663 0))",2536805,Verde,Batería,2
"MULTILINESTRING Z ((440099.1448 4472746.0891 0,440094.6928 4472754.709 0))",2536806,Verde,Batería,3
"MULTILINESTRING Z ((440069.2361 4472801.9659 0,440072.0282 4472796.7952 0))",2536808,Verde,Batería,2
"MULTILINESTRING Z ((438952.6155 4477390.6501 0,438953.1588 4477383.539 0))",2536840,Azul,Línea,1
"MULTILINESTRING Z ((438990.4612 4477418.0761 0,438998.9612 4477406.5205 0))",2536847,Verde,Línea,3
"MULTILINESTRING Z ((441206.4395 4475422.7424 0,441219.3479 4475421.9481 0))",2536851,Verde,Línea,2
"MULTILINESTRING Z ((443123.739 4479604.4927 0,443119.8223 4479605.9094 0))",2536863,Verde,Línea,1
"MULTILINESTRING Z ((440403.7731 4475916.7182 0,440437.3402 4475927.6579 0))",2536873,Verde,Línea,7
"MULTILINESTRING Z ((439169.5044 4477331.1275 0,439174.3604 4477331.144 0))",2536874,Verde,Línea,1
"MULTILINESTRING Z ((439150.0147 4477331.0617 0,439164.7966 4477331.1165 0))",2536876,Verde,Línea,3
"MULTILINESTRING Z ((439180.3439 4477279.8847 0,439182.1958 4477283.9094 0))",2536881,Verde,Línea,1
"MULTILINESTRING Z ((439295.1834 4477427.1769 0,439296.5332 4477423.9341 0))",2536932,Azul,Línea,1
"MULTILINESTRING Z ((441924.5723 4475836.5761 0,441924.2946 4475832.0205 0))",2536950,Verde,Línea,1
"MULTILINESTRING Z ((440593.1999 4476276.3727 0,440589.1385 4476290.9636 0))",2536951,Verde,Línea,3
"MULTILINESTRING Z ((439517.0847 4477100.0082 0,439492.097 4477078.3045 0))",2537000,Azul,Línea,7
"MULTILINESTRING Z ((439728.097 4477054.7983 0,439769.5044 4477082.7489 0))",2537013,Verde,Línea,11
"MULTILINESTRING Z ((439339.5456 4476822.4526 0,439338.6073 4476807.325 0))",2537019,Verde,Línea,3
"MULTILINESTRING Z ((439341.06 4476798.1728 0,439341.6361 4476807.0287 0))",2537020,Verde,Línea,1
"MULTILINESTRING Z ((439550.6896 4476762.4032 0,439552.6402 4476792.7983 0))",2537021,Azul,Línea,6
"MULTILINESTRING Z ((439550.3439 4476756.8724 0,439550.6649 4476762.1069 0))",2537023,Azul,Línea,1
"MULTILINESTRING Z ((439910.4976 4476895.8134 0,439921.239 4476900.9927 0))",2537039,Verde,Línea,2
"MULTILINESTRING Z ((439950.1711 4477545.5143 0,439966.6155 4477509.539 0,439967.9242 4477505.1193 0,439968.3686 4477502.4526 0,439968.5908 4477499.9094 0,439968.5908 4477498.6008 0))",2537048,Verde,Línea,11
"MULTILINESTRING Z ((440127.8871 4477584.8353 0,440125.4427 4477554.465 0))",2537055,Verde,Línea,6
"MULTILINESTRING Z ((439360.0559 4477097.3004 0,439367.8913 4477088.2469 0))",2537109,Verde,Línea,2
"MULTILINESTRING Z ((439335.5785 4476859.3086 0,439338.8707 4476855.5226 0))",2537129,Verde,Línea,1
"MULTILINESTRING Z ((439765.5538 4477340.0822 0,439769.3069 4477337.6131 0))",2537134,Verde,Línea,1
"MULTILINESTRING Z ((441209.739 4470851.4094 0,441210.739 4470828.9927 0))",2537302,Verde,Línea,4
"MULTILINESTRING Z ((441211.0723 4470817.1594 0,441211.3223 4470807.2427 0))",2537303,Verde,Línea,2
"MULTILINESTRING Z ((440680.5749 4473673.1632 0,440659.3208 4473673.0119 0))",2537362,Verde,Línea,4
"MULTILINESTRING Z ((440579.0723 4473633.6594 0,440603.1557 4473627.9094 0,440619.9057 4473625.1594 0,440644.3223 4473622.9927 0))",2537363,Verde,Línea,14
"MULTILINESTRING Z ((440655.1608 4473571.3554 0,440656.5979 4473537.0918 0))",2537364,Verde,Línea,7
"MULTILINESTRING Z ((440641.6217 4473514.4762 0,440644.9497 4473518.5606 0))",2537366,Verde,Línea,1
"MULTILINESTRING Z ((440115.6553 4479346.4581 0,440127.9571 4479331.4348 0,440130.8762 4479327.8792 0))",2537425,Verde,Línea,5
"MULTILINESTRING Z ((440141.9242 4479313.7119 0,440133.3316 4479324.7242 0))",2537428,Verde,Línea,3
"MULTILINESTRING Z ((439322.3933 4478655.4732 0,439324.9777 4478650.8312 0))",2537433,Verde,Línea,1
"MULTILINESTRING Z ((439763.202 4476125.8487 0,439827.1306 4476118.0257 0))",2537467,Verde,Línea,13
"MULTILINESTRING Z ((442032.3501 4475955.965 0,442032.8501 4475962.5761 0))",2537528,Azul,Línea,1
"MULTILINESTRING Z ((441842.3501 4476011.1316 0,441841.8501 4476004.6316 0))",2537549,Verde,Línea,1
"MULTILINESTRING Z ((442052.5723 4476203.5761 0,442053.3223 4476215.1594 0))",2537558,Azul,Línea,2
"MULTILINESTRING Z ((439194.0723 4476823.6872 0,439204.8199 4476832.7748 0))",2537585,Azul,Línea,2
"MULTILINESTRING Z ((439271.381 4477001.6378 0,439287.3316 4477015.5143 0))",2537605,Verde,Batería,8
"MULTILINESTRING Z ((442518.6557 4472686.4927 0,442522.8223 4472692.5761 0))",2537642,Verde,Línea,1
"MULTILINESTRING Z ((440161.3892 4478288.3785 0,440156.4057 4478289.1316 0))",2537645,Azul,Línea,1
"MULTILINESTRING Z ((440109.1279 4478576.2983 0,440111.1834 4478577.8538 0))",2537646,Verde,Batería,1
"MULTILINESTRING Z ((440070.1711 4478301.4156 0,440074.8378 4478300.7736 0))",2537648,Verde,Línea,1
"MULTILINESTRING Z ((439603.7946 4477482.7427 0,439604.739 4477499.9094 0))",2537688,Verde,Línea,3
"MULTILINESTRING Z ((439825.2822 4476848.9464 0,439826.8378 4476846.9464 0))",2537698,Verde,Batería,1
"MULTILINESTRING Z ((439758.1793 4477347.967 0,439761.2246 4477344.0658 0))",2537731,Verde,Línea,1
"MULTILINESTRING Z ((443504.8256 4475302.8255 0,443500.4426 4475300.1511 0))",2537735,Verde,Línea,1
"MULTILINESTRING Z ((440208.1876 4477493.2674 0,440208.846 4477502.4197 0))",2537737,Verde,Línea,2
"MULTILINESTRING Z ((440093.776 4476865.502 0,440094.739 4476882.2798 0))",2537745,Verde,Línea,3
"MULTILINESTRING Z ((440092.4427 4476842.2057 0,440093.0723 4476852.7983 0))",2537746,Verde,Línea,2
"MULTILINESTRING Z ((440138.9118 4476701.6872 0,440143.8748 4476701.4403 0))",2537747,Azul,Línea,1
"MULTILINESTRING Z ((440047.4797 4477552.3292 0,440050.7555 4477550.7983 0))",2537751,Verde,Línea,1
"MULTILINESTRING Z ((440045.3782 4477539.4787 0,440046.7609 4477537.251 0))",2537754,Verde,Batería,1
"MULTILINESTRING Z ((440078.6567 4477346.3538 0,440080.3851 4477342.6501 0))",2537755,Azul,Línea,1
"MULTILINESTRING Z ((440114.2616 4477306.7325 0,440116.2534 4477302.4855 0))",2537756,Verde,Línea,1
"MULTILINESTRING Z ((440184.3933 4477208.1316 0,440181.1094 4477208.3785 0))",2537761,Verde,Línea,1
"MULTILINESTRING Z ((440198.5085 4477215.9835 0,440196.1053 4477249.0205 0))",2537762,Verde,Batería,10
"MULTILINESTRING Z ((440200.0723 4477191.9094 0,440203.5168 4477155.3538 0))",2537766,Verde,Batería,11
"MULTILINESTRING Z ((439591.9983 4476983.3415 0,439596.5168 4476984.0205 0))",2537770,Verde,Línea,1
"MULTILINESTRING Z ((439731.0408 4477070.1124 0,439753.4276 4477085.2784 0))",2537782,Verde,Línea,5
"MULTILINESTRING Z ((439798.4921 4477115.7201 0,439794.2616 4477112.8559 0))",2537784,Verde,Línea,1
"MULTILINESTRING Z ((439569.9489 4477060.1152 0,439569.6855 4477056.0329 0))",2537785,Azul,Línea,1
"MULTILINESTRING Z ((440086.8213 4478573.5802 0,440093.1094 4478566.2057 0))",2537822,Verde,Línea,2
"MULTILINESTRING Z ((440020.4427 4478637.6501 0,440017.4427 4478641.1687 0))",2537830,Verde,Línea,1
"MULTILINESTRING Z ((440303.776 4477887.1687 0,440299.776 4477887.6501 0))",2537849,Verde,Línea,1
"MULTILINESTRING Z ((440142.9859 4477678.2551 0,440154.989 4477678.3261 0))",2537881,Verde,Línea,2
"MULTILINESTRING Z ((439887.5044 4477757.2674 0,439879.0353 4477774.5267 0))",2537890,Verde,Batería,7
"MULTILINESTRING Z ((439921.1279 4477783.7983 0,439927.1279 4477775.7427 0))",2537893,Verde,Línea,2
"MULTILINESTRING Z ((440342.4427 4478266.0411 0,440347.0518 4478265.6625 0))",2537895,Azul,Línea,1
"MULTILINESTRING Z ((440244.8501 4478416.0205 0,440240.0168 4478416.8538 0))",2537896,Verde,Línea,1
"MULTILINESTRING Z ((440049.883 4478441.9094 0,440046.311 4478437.7448 0))",2537899,Verde,Línea,1
"MULTILINESTRING Z ((440039.1946 4478429.4329 0,440043.0159 4478433.898 0))",2537901,Verde,Línea,1
"MULTILINESTRING Z ((440602.739 4474004.5761 0,440619.8223 4474008.3261 0))",2537906,Verde,Línea,3
"MULTILINESTRING Z ((443083.7787 4474599.9236 0,443098.8699 4474598.9039 0))",2537938,Azul,Línea,3
"MULTILINESTRING Z ((442782.2593 4474398.4349 0,442821.8229 4474395.9876 0))",2537943,Verde,Línea,8
"MULTILINESTRING Z ((439990.8871 4478364.3168 0,440028.0723 4478326.1687 0))",2537945,Verde,Línea,11
"MULTILINESTRING Z ((443059.6557 4474360.6594 0,443069.4057 4474360.0761 0))",2537947,Verde,Línea,2
"MULTILINESTRING Z ((443070.489 4474359.9094 0,443085.3223 4474358.9094 0))",2537948,Verde,Línea,3
"MULTILINESTRING Z ((442771.8586 4474253.4364 0,442796.8408 4474251.499 0))",2537953,Verde,Línea,5
"MULTILINESTRING Z ((442920.8338 4474713.7199 0,442915.6335 4474639.6911 0))",2537961,Azul,Línea,14
"MULTILINESTRING Z ((439753.0722 4478477.9118 0,439754.1586 4478473.1957 0))",2537966,Verde,Línea,1
"MULTILINESTRING Z ((443206.8798 4474343.8907 0,443203.9651 4474305.7655 0))",2537969,Azul,Línea,7
"MULTILINESTRING Z ((443204.0817 4474304.9494 0,443199.5346 4474239.3087 0))",2537970,Azul,Línea,13
"MULTILINESTRING Z ((440338.7018 4478064.4303 0,440330.0845 4478065.5908 0))",2538023,Azul,Línea,1
"MULTILINESTRING Z ((440270.4057 4478093.6316 0,440270.9057 4478097.7427 0))",2538024,Verde,Línea,1
"MULTILINESTRING Z ((439988.0269 4478602.9082 0,439992.5555 4478604.8323 0))",2538051,Verde,Línea,1
"MULTILINESTRING Z ((443093.5307 4475233.2245 0,443098.2807 4475297.4745 0))",2538054,Verde,Batería,24
"MULTILINESTRING Z ((439840.4427 4478091.0205 0,439841.5908 4478095.0576 0,439842.1834 4478097.7613 0,439842.8131 4478101.5761 0,439843.5908 4478107.0946 0,439844.1464 4478111.7242 0))",2538066,Verde,Línea,4
"MULTILINESTRING Z ((439832.097 4478078.0329 0,439836.5307 4478091.3261 0))",2538070,Verde,Línea,3
"MULTILINESTRING Z ((439839.4304 4477963.9588 0,439839.7267 4477963.2921 0,439840.2452 4477960.4279 0))",2538074,Verde,Línea,1
"MULTILINESTRING Z ((442913.052 4473228.0285 0,442904.0569 4473233.8539 0))",2538078,Verde,Línea,2
"MULTILINESTRING Z ((442546.9079 4473270.0914 0,442552.048 4473279.5149 0))",2538080,Verde,Línea,2
"MULTILINESTRING Z ((442573.8933 4473308.1279 0,442599.6793 4473355.9305 0))",2538081,Verde,Línea,11
"MULTILINESTRING Z ((442576.4633 4473320.4641 0,442580.147 4473327.2318 0))",2538082,Verde,Batería,3
"MULTILINESTRING Z ((442589.7418 4473344.9651 0,442599.0796 4473362.2699 0))",2538083,Verde,Batería,7
"MULTILINESTRING Z ((442581.0037 4473328.6025 0,442588.7138 4473343.423 0))",2538084,Verde,Batería,6
"MULTILINESTRING Z ((440382.739 4475740.1829 0,440377.989 4475755.1829 0))",2538091,Azul,Línea,3
"MULTILINESTRING Z ((442734.9612 4474865.5205 0,442770.8501 4474862.8538 0))",2538110,Verde,Batería,15
"MULTILINESTRING Z ((442759.2784 4473412.4713 0,442782.4943 4473399.0214 0))",2538114,Verde,Línea,5
"MULTILINESTRING Z ((442782.9227 4473398.7644 0,442793.2028 4473392.8533 0))",2538115,Verde,Línea,2
"MULTILINESTRING Z ((442890.9898 4473579.8654 0,442899.6629 4473584.8215 0))",2538118,Verde,Batería,3
"MULTILINESTRING Z ((442922.4158 4473592.0303 0,442913.0668 4473589.8902 0,442905.7454 4473587.6374 0,442901.4651 4473585.7226 0))",2538119,Verde,Batería,7
"MULTILINESTRING Z ((442748.8896 4473629.3078 0,442739.2054 4473611.2804 0))",2538120,Verde,Batería,8
"MULTILINESTRING Z ((439868.2327 4478270.5291 0,439872.3438 4478272.9735 0))",2538123,Verde,Línea,1
"MULTILINESTRING Z ((443017.4057 4473654.9094 0,443002.0723 4473655.9094 0))",2538125,Verde,Batería,7
"MULTILINESTRING Z ((442952.6712 4473659.6056 0,442961.8404 4473659.0465 0))",2538126,Verde,Batería,3
"MULTILINESTRING Z ((442935.6747 4473660.9474 0,442948.8694 4473660.0529 0))",2538127,Verde,Batería,5
"MULTILINESTRING Z ((442694.2727 4473612.5028 0,442696.643 4473611.2065 0))",2538130,Verde,Batería,1
"MULTILINESTRING Z ((442924.7164 4473641.0436 0,442912.5281 4473641.8263 0))",2538132,Azul,Batería,6
"MULTILINESTRING Z ((442926.3937 4473641.1554 0,442947.4157 4473639.4781 0))",2538133,Azul,Batería,10
"MULTILINESTRING Z ((441011.2623 4475126.492 0,441021.3633 4475142.678 0))",2538139,Verde,Línea,4
"MULTILINESTRING Z ((441039.9832 4475176.2669 0,441024.5275 4475149.2497 0))",2538141,Verde,Línea,6
"MULTILINESTRING Z ((439901.9057 4478138.965 0,439923.0168 4478138.3538 0))",2538150,Verde,Línea,4
"MULTILINESTRING Z ((439930.8378 4478199.0699 0,439930.739 4478205.2798 0))",2538152,Verde,Línea,1
"MULTILINESTRING Z ((439929.8995 4478249.465 0,439930.8871 4478222.4032 0))",2538161,Verde,Línea,6
"MULTILINESTRING Z ((440614.7265 4479480.4303 0,440592.3068 4479488.0105 0))",2538165,Verde,Línea,4
"MULTILINESTRING Z ((440010.8871 4477884.8477 0,440011.5291 4477889.7119 0))",2538166,Verde,Línea,1
"MULTILINESTRING Z ((440646.1025 4479337.4485 0,440643.4907 4479332.5432 0))",2538171,Verde,Línea,1
"MULTILINESTRING Z ((440132.739 4477691.3662 0,440133.9242 4477747.8847 0))",2538173,Verde,Línea,12
"MULTILINESTRING Z ((440640.1327 4479326.2002 0,440635.4688 4479317.432 0))",2538174,Verde,Línea,2
"MULTILINESTRING Z ((440076.3357 4477743.7585 0,440092.1834 4477743.7983 0))",2538176,Verde,Línea,2
"MULTILINESTRING Z ((440519.4523 4479312.1865 0,440523.9626 4479308.9053 0))",2538181,Azul,Línea,1
"MULTILINESTRING Z ((439693.8995 4478407.1193 0,439691.8995 4478403.1193 0))",2538246,Verde,Línea,1
"MULTILINESTRING Z ((440009.2575 4477840.6008 0,440010.989 4477856.0761 0))",2538275,Verde,Línea,3
"MULTILINESTRING Z ((439982.8131 4478027.2427 0,439990.9242 4478022.2427 0))",2538278,Verde,Línea,2
"MULTILINESTRING Z ((439994.4797 4478020.0576 0,440003.4057 4478014.539 0))",2538279,Verde,Línea,2
"MULTILINESTRING Z ((440576.4057 4479558.2427 0,440566.4427 4479514.5761 0))",2538286,Verde,Línea,9
"MULTILINESTRING Z ((441726.4594 4474797.4723 0,441735.7865 4474796.929 0))",2538298,Verde,Línea,2
"MULTILINESTRING Z ((440687.0723 4479610.9464 0,440688.8501 4479614.7242 0))",2538306,Verde,Línea,1
"MULTILINESTRING Z ((441980.4057 4475484.9745 0,441981.5307 4475502.9745 0))",2538321,Azul,Línea,3
"MULTILINESTRING Z ((441981.9057 4475507.3261 0,441983.0723 4475520.4094 0))",2538322,Azul,Línea,2
"MULTILINESTRING Z ((440727.8007 4479442.3292 0,440719.5044 4479445.1934 0))",2538344,Verde,Línea,1
"MULTILINESTRING Z ((443117.2946 4478779.7983 0,443121.239 4478780.7427 0,443134.3501 4478784.6316 0))",2538408,Verde,Batería,9
"MULTILINESTRING Z ((442413.4658 4474860.1433 0,442414.9029 4474880.4837 0))",2538423,Verde,Línea,4
"MULTILINESTRING Z ((441226.0723 4480413.6316 0,441212.6279 4480384.7983 0,441208.9612 4480376.5761 0))",2538432,Verde,Línea,8
"MULTILINESTRING Z ((441195.8895 4480348.777 0,441202.1346 4480362.2213 0))",2538434,Verde,Línea,3
"MULTILINESTRING Z ((441262.5723 4478477.6594 0,441275.489 4478476.5761 0))",2538452,Verde,Batería,4
"MULTILINESTRING Z ((439714.0723 4478041.9094 0,439726.3501 4478016.5205 0))",2538456,Verde,Línea,6
"MULTILINESTRING Z ((439724.4057 4478014.7427 0,439728.3501 4478006.7427 0,439729.3501 4478004.8538 0))",2538457,Verde,Línea,2
"MULTILINESTRING Z ((439731.776 4478005.3538 0,439741.2946 4477985.9835 0))",2538460,Verde,Línea,4
"MULTILINESTRING Z ((443035.0149 4475532.3554 0,443064.6355 4475530.2397 0))",2538461,Verde,Batería,11
"MULTILINESTRING Z ((442727.468 4475555.1036 0,442753.5362 4475553.2901 0))",2538463,Verde,Batería,10
"MULTILINESTRING Z ((442793.1081 4474774.1636 0,442795.2776 4474808.3578 0))",2538471,Verde,Línea,7
"MULTILINESTRING Z ((442957.739 4475343.0995 0,442958.6557 4475358.5995 0))",2538478,Verde,Línea,3
"MULTILINESTRING Z ((442966.042 4475463.9363 0,442964.2858 4475438.4198 0))",2538481,Verde,Línea,5
"MULTILINESTRING Z ((440470.9036 4479378.1947 0,440472.3192 4479382.7599 0))",2538500,Verde,Línea,1
"MULTILINESTRING Z ((440478.9914 4479404.2688 0,440481.7459 4479413.1467 0))",2538501,Verde,Línea,2
"MULTILINESTRING Z ((440177.113 4479673.5301 0,440173.8353 4479678.7979 0))",2538506,Verde,Línea,1
"MULTILINESTRING Z ((440219.9057 4479800.2427 0,440212.6279 4479783.965 0,440208.5168 4479776.5205 0))",2538554,Verde,Línea,5
"MULTILINESTRING Z ((440214.7946 4480142.1872 0,440210.8501 4480140.6872 0))",2538578,Verde,Línea,1
"MULTILINESTRING Z ((440285.8007 4479475.4732 0,440296.0168 4479470.1872 0))",2538581,Azul,Línea,2
"MULTILINESTRING Z ((440261.6526 4479580.1645 0,440267.8419 4479582.0576 0))",2538585,Verde,Línea,1
"MULTILINESTRING Z ((440498.2946 4479661.0205 0,440494.3316 4479662.0576 0))",2538598,Verde,Línea,1
"MULTILINESTRING Z ((442809.7404 4473134.6009 0,442806.228 4473128.7124 0))",2538613,Verde,Línea,1
"MULTILINESTRING Z ((440290.7664 4479686.2441 0,440295.1011 4479685.8271 0))",2538614,Verde,Línea,1
"MULTILINESTRING Z ((440308.9612 4479615.539 0,440312.6896 4479615.1687 0))",2538617,Verde,Línea,1
"MULTILINESTRING Z ((440327.3535 4479624.2523 0,440329.9763 4479623.978 0))",2538632,Verde,Batería,1
"MULTILINESTRING Z ((441998.2891 4477849.5253 0,441999.595 4477854.3648 0))",2538655,Verde,Línea,1
"MULTILINESTRING Z ((443525.163 4474754.5974 0,443523.5373 4474733.6856 0))",2538665,Verde,Línea,4
"MULTILINESTRING Z ((443680.6279 4475338.6872 0,443690.5723 4475338.2983 0))",2538687,Verde,Línea,2
"MULTILINESTRING Z ((443694.4057 4475338.5761 0,443700.2946 4475338.5761 0))",2538688,Verde,Línea,1
"MULTILINESTRING Z ((442802.239 4473932.2427 0,442801.4612 4473907.1872 0))",2538690,Azul,Batería,11
"MULTILINESTRING Z ((443115.9011 4474835.0588 0,443104.9812 4474835.5 0))",2538695,Verde,Línea,2
"MULTILINESTRING Z ((443380.4513 4475106.3828 0,443354.3938 4475107.5672 0))",2538700,Verde,Línea,5
"MULTILINESTRING Z ((443500.5168 4475030.1273 0,443483.5168 4475032.5718 0))",2538702,Verde,Línea,3
"MULTILINESTRING Z ((443560.7734 4475548.6471 0,443565.4222 4475551.5396 0))",2538735,Verde,Línea,1
"MULTILINESTRING Z ((443837.8395 4475496.4776 0,443839.1825 4475483.8743 0))",2538736,Verde,Línea,3
"MULTILINESTRING Z ((443806.8134 4475319.1016 0,443830.2294 4475285.9749 0))",2538739,Verde,Línea,8
"MULTILINESTRING Z ((439245.4653 4475943.6269 0,439231.9038 4475944.4942 0))",2538784,Verde,Batería,5
"MULTILINESTRING Z ((439224.3223 4475944.8261 0,439208.489 4475945.8261 0))",2538785,Verde,Batería,5
"MULTILINESTRING Z ((439213.3223 4476458.2427 0,439120.489 4476465.6594 0))",2538806,Verde,Línea,19
"MULTILINESTRING Z ((439118.2691 4476469.2431 0,439187.5772 4476464.0391 0))",2538807,Verde,Batería,26
"MULTILINESTRING Z ((439310.739 4476594.9278 0,439321.7141 4476594.2928 0))",2538811,Verde,Línea,2
"MULTILINESTRING Z ((439517.2696 4476575.608 0,439496.68 4476577.0593 0))",2538813,Verde,Línea,4
"MULTILINESTRING Z ((439193.381 4476739.2346 0,439187.9994 4476738.509 0))",2538814,Azul,Línea,1
"MULTILINESTRING Z ((439448.0168 4476727.6872 0,439470.8501 4476726.5761 0))",2538815,Azul,Línea,4
"MULTILINESTRING Z ((439208.812 4476213.5398 0,439208.197 4476203.0847 0))",2538818,Verde,Línea,2
"MULTILINESTRING Z ((439201.6369 4476092.3323 0,439208.402 4476202.2647 0))",2538819,Verde,Línea,22
"MULTILINESTRING Z ((439399.7922 4476145.6042 0,439399.1655 4476133.6965 0))",2538839,Verde,Línea,2
"MULTILINESTRING Z ((439409.489 4476312.8261 0,439406.989 4476271.2427 0))",2538840,Verde,Línea,9
"MULTILINESTRING Z ((439431.239 4476695.9094 0,439430.3223 4476679.2427 0))",2538841,Verde,Línea,3
"MULTILINESTRING Z ((442352.3884 4471974.4403 0,442383.1718 4472023.7166 0))",2538863,Verde,Línea,11
"MULTILINESTRING Z ((442431.759 4472101.9386 0,442453.8127 4472137.0867 0))",2538865,Verde,Línea,8
"MULTILINESTRING Z ((442462.1978 4472160.5188 0,442490.4541 4472206.0047 0))",2538866,Verde,Línea,10
"MULTILINESTRING Z ((442468.5152 4472160.0594 0,442494.9338 4472203.1331 0))",2538867,Verde,Línea,10
"MULTILINESTRING Z ((442498.6094 4472208.9146 0,442499.4518 4472210.5992 0,442500.5238 4472213.5091 0,442500.9067 4472215.4235 0,442501.213 4472218.1802 0,442501.213 4472221.473 0,442500.677 4472224.536 0,442500.2175 4472225.9909 0,442493.8617 4472239.4682 0))",2538868,Verde,Línea,6
"MULTILINESTRING Z ((442487.8123 4472237.4773 0,442490.1861 4472232.653 0))",2538869,Verde,Línea,1
"MULTILINESTRING Z ((442482.6728 4472249.0141 0,442479.2624 4472256.3401 0,442474.9679 4472259.2453 0,442472.3154 4472260.0031 0))",2538871,Verde,Línea,3
"MULTILINESTRING Z ((442407.4845 4472176.5231 0,442378.3858 4472129.4292 0))",2538875,Verde,Línea,11
"MULTILINESTRING Z ((442391.2505 4472107.8349 0,442381.8317 4472113.3483 0))",2538877,Verde,Línea,2
"MULTILINESTRING Z ((442398.7549 4472103.0106 0,442407.7908 4472097.344 0))",2538878,Verde,Línea,2
"MULTILINESTRING Z ((442404.9575 4472092.1369 0,442378.6156 4472108.6006 0))",2538879,Verde,Línea,6
"MULTILINESTRING Z ((442363.645 4472105.2696 0,442335.963 4472061.5067 0,442329.0712 4472049.2163 0,442310.2336 4472016.2505 0))",2538880,Verde,Línea,20
"MULTILINESTRING Z ((439674.8967 4476548.2902 0,439674.1799 4476537.6172 0))",2538935,Verde,Línea,2
"MULTILINESTRING Z ((439035.2569 4475768.5851 0,439042.385 4475757.738 0))",2538937,Verde,Línea,3
"MULTILINESTRING Z ((439673.9409 4476536.8207 0,439673.2241 4476526.7052 0))",2538938,Verde,Línea,2
"MULTILINESTRING Z ((441034.7994 4479640.4718 0,441038.5415 4479637.2565 0))",2538949,Verde,Línea,1
"MULTILINESTRING Z ((440681.6855 4479775.1934 0,440690.6238 4479769.9917 0))",2539092,Verde,Línea,2
"MULTILINESTRING Z ((439939.9383 4476694.8091 0,439965.6064 4476693.4238 0))",2539107,Azul,Línea,5
"MULTILINESTRING Z ((439793.7799 4476562.0591 0,439809.8618 4476560.8895 0))",2539109,Verde,Línea,3
"MULTILINESTRING Z ((440087.8223 4476144.7427 0,440102.8223 4476143.4927 0))",2539112,Azul,Línea,3
"MULTILINESTRING Z ((440040.1664 4476049.1931 0,440040.8183 4476056.9343 0))",2539117,Azul,Batería,3
"MULTILINESTRING Z ((440039.2701 4476064.6755 0,440041.0628 4476057.8306 0))",2539118,Azul,Batería,3
"MULTILINESTRING Z ((440164.1614 4475824.2909 0,440172.3644 4475852.8111 0))",2539125,Azul,Línea,6
"MULTILINESTRING Z ((440254.7807 4476281.8261 0,440257.4057 4476357.4511 0))",2539128,Azul,Línea,15
"MULTILINESTRING Z ((439879.4057 4476163.6829 0,439838.5723 4476167.5995 0))",2539132,Azul,Línea,8
"MULTILINESTRING Z ((439832.3223 4476168.0995 0,439816.4057 4476169.5995 0))",2539133,Azul,Línea,3
"MULTILINESTRING Z ((439986.5131 4475769.6077 0,439997.6929 4475768.1534 0))",2539136,Azul,Línea,2
"MULTILINESTRING Z ((443229.8254 4474291.3917 0,443227.0806 4474255.4984 0))",2539138,Azul,Línea,8
"MULTILINESTRING Z ((439922.9624 4476651.0901 0,439921.8623 4476635.5664 0))",2539140,Verde,Línea,3
"MULTILINESTRING Z ((439925.0404 4476682.7489 0,439924.1848 4476672.7256 0))",2539142,Verde,Línea,2
"MULTILINESTRING Z ((440626.1738 4479808.1207 0,440621.883 4479810.5898 0))",2539143,Verde,Línea,1
"MULTILINESTRING Z ((440689.6142 4479906.6117 0,440693.7404 4479908.1261 0))",2539152,Verde,Línea,1
"MULTILINESTRING Z ((440731.3919 4479845.8271 0,440729.7946 4479847.4094 0))",2539155,Verde,Batería,1
"MULTILINESTRING Z ((440713.5703 4479863.7036 0,440715.2054 4479862.0685 0))",2539165,Verde,Batería,1
"MULTILINESTRING Z ((440610.3602 4475826.333 0,440615.7321 4475809.1842 0))",2539170,Azul,Línea,3
"MULTILINESTRING Z ((440305.0916 4475979.9487 0,440307.7776 4475971.1677 0))",2539184,Verde,Línea,2
"MULTILINESTRING Z ((440516.3519 4475843.5851 0,440506.1247 4475842.6553 0))",2539186,Verde,Línea,2
"MULTILINESTRING Z ((440438.239 4475963.2427 0,440435.5723 4475977.0761 0))",2539190,Verde,Línea,3
"MULTILINESTRING Z ((440397.7028 4476181.7334 0,440395.3666 4476191.7325 0))",2539200,Verde,Línea,2
"MULTILINESTRING Z ((440367.4253 4476261.6325 0,440347.4272 4476262.7539 0))",2539202,Verde,Línea,4
"MULTILINESTRING Z ((440540.1467 4476586.2504 0,440540.9043 4476606.2917 0))",2539208,Verde,Línea,4
"MULTILINESTRING Z ((440546.6557 4476459.4094 0,440543.3223 4476471.2427 0))",2539211,Verde,Línea,2
"MULTILINESTRING Z ((440476.3726 4476492.8619 0,440452.7156 4476495.8578 0))",2539213,Verde,Batería,9
"MULTILINESTRING Z ((440806.2946 4479644.8477 0,440813.6773 4479659.4897 0))",2539214,Verde,Batería,6
"MULTILINESTRING Z ((440827.2603 4479708.3346 0,440831.2767 4479716.2469 0))",2539218,Azul,Línea,2
"MULTILINESTRING Z ((440833.9214 4479721.4485 0,440836.9283 4479727.3744 0))",2539220,Azul,Línea,1
"MULTILINESTRING Z ((440791.3563 4479758.6995 0,440787.6279 4479760.4279 0))",2539229,Verde,Línea,1
"MULTILINESTRING Z ((441114.4108 4475675.4478 0,441129.1732 4475674.521 0))",2539244,Verde,Línea,3
"MULTILINESTRING Z ((441255.9877 4475660.6533 0,441296.2022 4475657.9723 0))",2539246,Verde,Línea,8
"MULTILINESTRING Z ((440908.058 4475905.1176 0,440966.6421 4475905.2169 0))",2539248,Verde,Línea,12
"MULTILINESTRING Z ((441328.3738 4475912.2668 0,441331.3526 4475912.3661 0))",2539250,Verde,Batería,1
"MULTILINESTRING Z ((440511.2438 4479876.7846 0,440514.9201 4479874.6337 0))",2539261,Verde,Línea,1
"MULTILINESTRING Z ((441161.989 4476449.4927 0,441185.739 4476448.9927 0))",2539263,Verde,Línea,5
"MULTILINESTRING Z ((441198.3223 4476448.5761 0,441186.4057 4476448.9094 0))",2539264,Verde,Línea,2
"MULTILINESTRING Z ((441017.9505 4476623.7301 0,441022.9217 4476623.233 0))",2539268,Azul,Línea,1
"MULTILINESTRING Z ((441077.6045 4476619.7532 0,441057.0239 4476621.4434 0))",2539269,Azul,Línea,4
"MULTILINESTRING Z ((441078.9591 4476410.1262 0,441078.6354 4476404.8188 0))",2539279,Verde,Batería,1
"MULTILINESTRING Z ((441278.6242 4475354.4305 0,441277.3723 4475343.9147 0))",2539310,Verde,Línea,2
"MULTILINESTRING Z ((440545.9434 4480185.5143 0,440549.2136 4480183.122 0))",2539323,Verde,Línea,1
"MULTILINESTRING Z ((440552.8679 4480180.4554 0,440556.6978 4480177.646 0))",2539325,Verde,Línea,1
"MULTILINESTRING Z ((441188.489 4475785.7427 0,441204.1557 4475783.9927 0))",2539329,Verde,Línea,3
"MULTILINESTRING Z ((440366.9057 4479929.0761 0,440362.989 4479923.9927 0))",2539336,Verde,Línea,1
"MULTILINESTRING Z ((439753.7946 4476167.0205 0,439753.0168 4476154.9094 0))",2539337,Verde,Batería,4
"MULTILINESTRING Z ((439755.489 4476136.2427 0,439756.989 4476167.6594 0))",2539339,Azul,Línea,6
"MULTILINESTRING Z ((438538.0304 4475174.5721 0,438500.2452 4475139.7798 0))",2539340,Verde,Línea,10
"MULTILINESTRING Z ((437927.2946 4475529.7427 0,437921.8501 4475525.1872 0,437916.6834 4475521.3538 0,437915.6279 4475520.6872 0,437914.9057 4475520.3538 0,437914.239 4475520.2427 0))",2539341,Verde,Línea,3
"MULTILINESTRING Z ((439196.1557 4475876.0162 0,439202.989 4475862.7662 0))",2539351,Azul,Línea,3
"MULTILINESTRING Z ((439203.239 4475862.3495 0,439209.239 4475851.1829 0))",2539352,Azul,Línea,2
"MULTILINESTRING Z ((441494.0147 4477190.3319 0,441486.3769 4477186.7873 0,441483.3151 4477185.0644 0,441481.702 4477184.0658 0,441478.7061 4477181.8052 0,441477.3234 4477180.5212 0,441474.8762 4477177.9862 0,441473.0106 4477175.572 0,441470.2232 4477171.4019 0,441469.2356 4477169.679 0,441467.5895 4477166.3758 0,441466.2699 4477163.0946 0,441465.3563 4477160.1563 0,441464.5908 4477157.144 0,441464.1464 4477154.5267 0))",2539372,Verde,Línea,10
"MULTILINESTRING Z ((443358.4057 4477938.3261 0,443362.3223 4477929.2427 0))",2539377,Verde,Línea,2
"MULTILINESTRING Z ((442181.9057 4477263.2427 0,442194.5723 4477243.4094 0))",2539390,Verde,Batería,9
"MULTILINESTRING Z ((442510.489 4476194.8261 0,442507.989 4476161.5761 0))",2539395,Verde,Línea,7
"MULTILINESTRING Z ((441955.6032 4478295.539 0,441959.381 4478300.7489 0))",2539400,Verde,Línea,1
"MULTILINESTRING Z ((442128.0065 4477301.7942 0,442128.2863 4477305.5637 0))",2539401,Verde,Línea,1
"MULTILINESTRING Z ((440383.0847 4482043.218 0,440381.1341 4482043.218 0,440377.9736 4482043.3909 0,440373.6526 4482044.6501 0,440372.8625 4482044.9711 0))",2539403,Verde,Línea,2
"MULTILINESTRING Z ((440581.3316 4482120.465 0,440582.3686 4482117.9464 0,440583.5538 4482115.7242 0,440584.702 4482113.9094 0,440585.9983 4482112.2057 0,440587.8871 4482110.3168 0,440589.0723 4482109.3538 0,440590.776 4482108.2057 0,440592.0723 4482107.465 0,440593.2946 4482106.8724 0,440595.8501 4482105.9464 0,440597.8501 4482105.465 0,440598.8501 4482105.3168 0,440602.4797 4482105.2057 0,440605.8501 4482105.502 0,440608.5908 4482106.4279 0))",2539406,Verde,Línea,6
"MULTILINESTRING Z ((440570.239 4482115.6872 0,440571.6279 4482111.0761 0,440572.0168 4482108.965 0,440571.739 4482105.2983 0,440571.0723 4482102.6316 0,440570.1834 4482099.7983 0,440567.5168 4482094.7983 0,440566.6834 4482093.7427 0))",2539407,Verde,Línea,5
"MULTILINESTRING Z ((439315.4797 4481145.144 0,439347.455 4481161.2674 0))",2539409,Verde,Línea,6
"MULTILINESTRING Z ((440388.5662 4480094.9629 0,440390.8707 4480099.0123 0))",2539430,Verde,Línea,1
"MULTILINESTRING Z ((438771.8501 4474931.8673 0,438754.641 4474950.4793 0))",2539451,Verde,Línea,5
"MULTILINESTRING Z ((438732.1943 4474989.8546 0,438754.828 4475010.5242 0))",2539453,Verde,Línea,6
"MULTILINESTRING Z ((438714.0499 4474993.5022 0,438670.2788 4475041.482 0))",2539454,Verde,Línea,13
"MULTILINESTRING Z ((438666.8183 4475045.2231 0,438650.9186 4475061.5905 0))",2539455,Verde,Línea,4
"MULTILINESTRING Z ((437814.2182 4476172.8886 0,437841.5284 4476133.794 0,437854.0611 4476114.6208 0))",2539522,Azul,Línea,14
"MULTILINESTRING Z ((437854.5287 4475899.7872 0,437840.6866 4475891.0891 0))",2539530,Verde,Línea,3
"MULTILINESTRING Z ((438482.0072 4474959.271 0,438473.4494 4474969.6526 0))",2539566,Verde,Batería,5
"MULTILINESTRING Z ((438111.739 4475342.7427 0,438122.239 4475331.3261 0))",2539589,Verde,Línea,3
"MULTILINESTRING Z ((438117.0615 4475347.2246 0,438090.8737 4475375.5635 0))",2539590,Verde,Batería,15
"MULTILINESTRING Z ((437829.5568 4475643.895 0,437836.1038 4475637.2545 0))",2539593,Verde,Línea,2
"MULTILINESTRING Z ((437815.4341 4475659.0465 0,437829.1827 4475644.2691 0))",2539594,Verde,Línea,4
"MULTILINESTRING Z ((437676.8258 4475810.7487 0,437667.473 4475823.2814 0))",2539596,Verde,Línea,3
"MULTILINESTRING Z ((440386.4921 4480112.2304 0,440394.4674 4480124.9958 0))",2539602,Verde,Batería,5
"MULTILINESTRING Z ((437723.2156 4475705.4363 0,437728.6402 4475703.0046 0,437732.849 4475700.8535 0,437737.8995 4475697.9541 0,437744.2594 4475693.6518 0,437750.3387 4475688.6013 0,437757.4468 4475681.1191 0,437760.2527 4475677.1909 0))",2539608,Verde,Línea,9
"MULTILINESTRING Z ((440217.5723 4472926.8495 0,440225.739 4472958.4329 0))",2539653,Verde,Línea,6
"MULTILINESTRING Z ((438948.7807 4474925.2245 0,438937.5307 4474932.9745 0,438935.5307 4474934.2245 0,438927.4057 4474940.7245 0,438915.9057 4474950.4745 0,438908.7807 4474957.4745 0,438900.1557 4474967.5995 0,438893.9057 4474975.0995 0))",2539684,Naranja,Línea,15
"MULTILINESTRING Z ((443471.1834 4477004.9094 0,443472.0723 4476999.5761 0,443473.3223 4476993.5761 0))",2539698,Azul,Línea,2
"MULTILINESTRING Z ((443455.9242 4476934.2551 0,443452.6649 4476947.7119 0))",2539701,Azul,Línea,3
"MULTILINESTRING Z ((439401.0723 4475789.6594 0,439392.0723 4475790.9094 0))",2539706,Azul,Línea,1
"MULTILINESTRING Z ((443678.2616 4477126.7983 0,443680.0559 4477124.2304 0))",2539714,Verde,Línea,1
"MULTILINESTRING Z ((443740.3686 4476950.6337 0,443752.6155 4476948.5432 0))",2539721,Verde,Línea,2
"MULTILINESTRING Z ((439307.739 4474683.7427 0,439304.1557 4474685.0761 0,439301.739 4474685.5761 0,439299.5723 4474685.5761 0,439297.489 4474685.2427 0))",2539754,Verde,Línea,2
"MULTILINESTRING Z ((439251.6502 4474764.8328 0,439245.5924 4474778.0373 0))",2539756,Verde,Línea,3
"MULTILINESTRING Z ((439022.6328 4475476.1795 0,439016.0989 4475485.3679 0))",2539762,Azul,Línea,2
"MULTILINESTRING Z ((438828.2321 4475725.7132 0,438753.3354 4475686.3537 0))",2539769,Verde,Línea,17
"MULTILINESTRING Z ((438750.1329 4475882.3247 0,438828.2321 4475923.8537 0))",2539777,Verde,Línea,18
"MULTILINESTRING Z ((438836.3933 4475921.3743 0,438859.8437 4475933.8743 0))",2539780,Verde,Línea,5
"MULTILINESTRING Z ((438729.6463 4475691.7173 0,438706.2314 4475723.8141 0))",2539782,Verde,Batería,16
"MULTILINESTRING Z ((442933.2328 4476064.3785 0,442941.5538 4476069.6378 0))",2539787,Verde,Línea,2
"MULTILINESTRING Z ((437662.2496 4475783.2987 0,437648.9229 4475798.5292 0,437646.9363 4475800.4331 0,437644.5359 4475802.3369 0))",2540274,Verde,Línea,5
"MULTILINESTRING Z ((437640.1488 4475806.2273 0,437633.6096 4475811.0282 0,437627.236 4475815.1669 0))",2540275,Verde,Línea,3
"MULTILINESTRING Z ((437619.2896 4475819.8851 0,437624.0078 4475817.2363 0))",2540276,Verde,Línea,1
"MULTILINESTRING Z ((437658.2351 4475780.7327 0,437651.282 4475789.5482 0,437645.0739 4475795.6321 0,437637.6242 4475802.2127 0,437625.5805 4475811.1524 0,437618.7516 4475815.3739 0))",2540277,Verde,Línea,10
"MULTILINESTRING Z ((437606.7079 4475822.0786 0,437597.7682 4475827.2934 0,437595.1608 4475827.9142 0,437591.9326 4475827.5417 0,437589.201 4475825.9276 0,437553.4424 4475802.2127 0,437550.5867 4475800.2261 0,437549.2209 4475797.9912 0,437548.6001 4475794.763 0,437549.0967 4475784.0851 0))",2540278,Verde,Línea,16
"MULTILINESTRING Z ((437566.1069 4475710.5812 0,437570.8251 4475704.4973 0,437576.6607 4475697.5442 0,437580.2614 4475694.316 0))",2540279,Verde,Línea,4
"MULTILINESTRING Z ((437614.0334 4475673.0843 0,437609.6878 4475674.5743 0,437604.7213 4475677.1817 0))",2540281,Verde,Línea,2
"MULTILINESTRING Z ((437622.104 4475672.7118 0,437632.6577 4475670.6011 0,437641.8457 4475670.7252 0,437648.178 4475672.2152 0,437657.2418 4475676.0642 0,437662.4566 4475679.6649 0,437667.0506 4475683.5139 0,437670.6513 4475688.1079 0))",2540282,Verde,Línea,11
"MULTILINESTRING Z ((437678.4735 4475709.0913 0,437677.4802 4475702.8832 0,437675.7419 4475697.2959 0,437674.7486 4475694.4402 0))",2540283,Verde,Línea,3
"MULTILINESTRING Z ((437682.3225 4475716.7893 0,437682.3225 4475723.9907 0,437681.7017 4475727.8397 0))",2540286,Verde,Línea,2
"MULTILINESTRING Z ((441787.052 4472304.3013 0,441847.4217 4472353.5778 0))",2540406,Verde,Línea,15
"MULTILINESTRING Z ((441824.4314 4472329.6228 0,441849.9941 4472350.5232 0))",2540407,Verde,Línea,6
"MULTILINESTRING Z ((441839.239 4477976.6872 0,441839.239 4477974.465 0,441838.4612 4477972.0205 0))",2540583,Verde,Línea,1
"MULTILINESTRING Z ((441956.0012 4477155.8254 0,441990.0845 4477165.1587 0))",2540648,Verde,Línea,8
"MULTILINESTRING Z ((441017.8971 4479836.8601 0,441022.0447 4479846.3647 0))",2540656,Verde,Línea,2
"MULTILINESTRING Z ((441024.5384 4479852.0901 0,441031.3934 4479867.795 0))",2540659,Verde,Línea,4
"MULTILINESTRING Z ((443002.3317 4474364.8469 0,443006.1747 4474364.6548 0))",2540705,Verde,Línea,1
"MULTILINESTRING Z ((440744.6155 4480952.6913 0,440745.0929 4480947.9999 0))",2540745,Verde,Batería,2
"MULTILINESTRING Z ((441826.7258 4477120.5881 0,441827.0121 4477124.023 0,441826.1533 4477126.5993 0))",2540747,Azul,Línea,1
"MULTILINESTRING Z ((441414.9242 4477385.6131 0,441414.6649 4477382.6872 0,441414.6649 4477381.0576 0))",2540750,Azul,Línea,1
"MULTILINESTRING Z ((443276.418 4478090.823 0,443276.0476 4478088.9958 0,443273.6773 4478072.4032 0))",2540783,Verde,Línea,4
"MULTILINESTRING Z ((443274.2836 4478066.5349 0,443274.9749 4478064.2194 0,443275.7212 4478062.6392 0,443276.7308 4478060.7956 0,443279.7047 4478056.3292 0,443283.8309 4478050.5678 0))",2540785,Verde,Línea,4
"MULTILINESTRING Z ((439481.7184 4481228.7901 0,439486.1299 4481231.0617 0))",2540787,Verde,Línea,1
"MULTILINESTRING Z ((439629.894 4481515.0507 0,439653.8062 4481522.3593 0))",2540911,Verde,Línea,4
"MULTILINESTRING Z ((439658.6238 4481523.8298 0,439669.5099 4481527.0891 0))",2540912,Verde,Línea,2
"MULTILINESTRING Z ((439658.9036 4481402.0905 0,439663.6279 4481403.4073 0))",2540923,Verde,Línea,1
"MULTILINESTRING Z ((439608.3686 4481099.9835 0,439605.2328 4481111.8847 0))",2540931,Verde,Batería,5
"MULTILINESTRING Z ((442526.8378 4478067.1824 0,442526.6622 4478065.1742 0))",2541004,Verde,Batería,1
"MULTILINESTRING Z ((442526.2232 4478059.8189 0,442526.0586 4478057.8326 0))",2541005,Verde,Batería,1
"MULTILINESTRING Z ((442509.9057 4477875.2011 0,442510.5307 4477880.9511 0))",2541016,Verde,Batería,2
"MULTILINESTRING Z ((442014.4057 4477704.3261 0,442015.9057 4477706.9094 0))",2541020,Azul,Línea,1
"MULTILINESTRING Z ((441568.0723 4477230.4927 0,441573.4057 4477235.9927 0,441577.3223 4477240.6594 0))",2541037,Verde,Línea,3
"MULTILINESTRING Z ((441842.239 4477339.5205 0,441841.6279 4477332.0761 0))",2541040,Azul,Línea,1
"MULTILINESTRING Z ((439403.489 4480936.5761 0,439465.1694 4480952.7167 0))",2541041,Verde,Batería,26
"MULTILINESTRING Z ((439520.8378 4480975.6378 0,439523.2575 4480976.2551 0))",2541043,Verde,Batería,1
"MULTILINESTRING Z ((439528.6649 4480977.6872 0,439540.3686 4480980.7489 0))",2541045,Verde,Batería,6
"MULTILINESTRING Z ((441599.7328 4477146.9227 0,441605.1715 4477151.7889 0))",2541046,Azul,Línea,2
"MULTILINESTRING Z ((441622.7946 4477168.0205 0,441605.7946 4477152.465 0))",2541047,Azul,Línea,5
"MULTILINESTRING Z ((442357.3501 4477043.5761 0,442354.8501 4477045.5205 0))",2541061,Verde,Línea,1
"MULTILINESTRING Z ((441805.3223 4476831.1594 0,441806.1557 4476841.3261 0))",2541065,Azul,Línea,2
"MULTILINESTRING Z ((442320.1279 4476936.6316 0,442325.4057 4476927.5205 0))",2541066,Verde,Línea,2
"MULTILINESTRING Z ((439657.4149 4480984.6183 0,439659.4575 4480976.8139 0))",2541069,Verde,Línea,1
"MULTILINESTRING Z ((442016.4057 4476888.7427 0,442026.739 4476885.4094 0))",2541070,Verde,Línea,1
"MULTILINESTRING Z ((441466.9057 4476625.6594 0,441470.239 4476616.4094 0))",2541089,Azul,Línea,2
"MULTILINESTRING Z ((441674.4612 4476625.7427 0,441665.1834 4476605.965 0))",2541091,Verde,Línea,4
"MULTILINESTRING Z ((442295.2807 4476612.3261 0,442297.0307 4476634.5761 0))",2541095,Verde,Línea,4
"MULTILINESTRING Z ((442079.989 4476904.9927 0,442079.4057 4476898.6594 0))",2541100,Verde,Línea,1
"MULTILINESTRING Z ((440169.8995 4480871.7695 0,440194.8707 4480878.2715 0))",2541125,Verde,Línea,5
"MULTILINESTRING Z ((443012.8223 4479903.8261 0,443013.239 4479907.9927 0))",2541148,Azul,Línea,1
"MULTILINESTRING Z ((442843.5291 4479896.2057 0,442841.6526 4479892.5761 0))",2541149,Verde,Línea,1
"MULTILINESTRING Z ((442819.9057 4481542.4094 0,442825.989 4481540.6594 0,442831.4057 4481538.0761 0,442836.6557 4481534.4094 0,442840.239 4481530.8261 0,442843.8223 4481525.4094 0,442845.9057 4481520.9927 0,442847.239 4481516.3261 0,442847.989 4481510.6594 0,442845.4057 4481443.6594 0,442844.239 4481416.9094 0,442843.4057 4481392.9094 0,442842.489 4481373.2427 0,442840.6557 4481360.5761 0))",2541154,Verde,Línea,42
"MULTILINESTRING Z ((441783.739 4479941.8261 0,441797.989 4479883.6594 0))",2541160,Verde,Línea,12
"MULTILINESTRING Z ((441803.8963 4479859.6989 0,441798.214 4479882.7481 0))",2541161,Verde,Línea,5
"MULTILINESTRING Z ((439964.3033 4472687.1592 0,439962.113 4472693.1329 0))",2541190,Verde,Línea,1
"MULTILINESTRING Z ((440251.6773 4479675.8353 0,440253.274 4479679.539 0))",2541195,Verde,Línea,1
"MULTILINESTRING Z ((440386.4674 4480176.5267 0,440391.6526 4480177.8106 0))",2541196,Azul,Línea,1
"MULTILINESTRING Z ((441062.227 4472484.1665 0,441081.1516 4472482.7618 0))",2541199,Verde,Línea,4
"MULTILINESTRING Z ((441856.3316 4477139.2057 0,441854.8131 4477139.2798 0,441853.702 4477139.6131 0,441852.776 4477140.1316 0,441850.0723 4477142.3168 0))",2541207,Verde,Línea,2
"MULTILINESTRING Z ((443379.4057 4478298.465 0,443371.9057 4478252.7427 0,443368.239 4478231.6316 0))",2541210,Verde,Línea,14
"MULTILINESTRING Z ((443364.6279 4478210.7427 0,443367.2946 4478225.9094 0))",2541211,Verde,Línea,3
"MULTILINESTRING Z ((442022.525 4477027.1769 0,442025.2246 4477025.5802 0))",2541213,Verde,Línea,1
"MULTILINESTRING Z ((443259.4057 4478533.5761 0,443253.6557 4478529.2011 0,443249.1557 4478524.3261 0,443246.0307 4478519.0761 0,443242.9057 4478515.0761 0,443238.1557 4478510.8261 0,443235.9057 4478509.3261 0,443231.1557 4478507.7011 0))",2541216,Verde,Línea,8
"MULTILINESTRING Z ((439991.7513 4480452.0329 0,440001.5785 4480453.0946 0))",2541234,Verde,Línea,2
"MULTILINESTRING Z ((441805.1464 4477933.0205 0,441802.5538 4477929.9835 0))",2541235,Verde,Línea,1
"MULTILINESTRING Z ((441549.8501 4476717.8538 0,441551.3501 4476717.6872 0,441553.5168 4476716.7983 0,441555.1279 4476715.4094 0))",2541236,Verde,Línea,2
"MULTILINESTRING Z ((441011.9192 4475098.3389 0,441020.1695 4475088.6276 0))",2541264,Verde,Línea,3
"MULTILINESTRING Z ((440991.989 4475122.5995 0,440964.989 4475154.7662 0))",2541266,Verde,Línea,8
"MULTILINESTRING Z ((440931.6557 4475195.4329 0,440958.489 4475163.5162 0))",2541268,Verde,Línea,8
"MULTILINESTRING Z ((440772.2946 4478874.2983 0,440769.6279 4478864.8538 0))",2541272,Verde,Línea,2
"MULTILINESTRING Z ((440067.3563 4481814.5761 0,440073.776 4481821.3415 0))",2541384,Azul,Línea,2
"MULTILINESTRING Z ((440084.8223 4481930.0761 0,440082.9057 4481929.6594 0))",2541390,Verde,Batería,1
"MULTILINESTRING Z ((440093.2575 4481946.2304 0,440106.8378 4481951.1934 0))",2541402,Verde,Batería,5
"MULTILINESTRING Z ((440097.0106 4481936.8724 0,440107.0353 4481940.6501 0))",2541403,Verde,Línea,2
"MULTILINESTRING Z ((440248.4057 4481992.2011 0,440246.2807 4481991.5761 0))",2541405,Verde,Batería,1
"MULTILINESTRING Z ((440127.9983 4481854.9094 0,440132.8501 4481856.539 0))",2541413,Verde,Línea,1
"MULTILINESTRING Z ((442364.4057 4477734.1316 0,442360.4797 4477730.3538 0))",2541442,Azul,Línea,1
"MULTILINESTRING Z ((440742.989 4482323.2427 0,440743.1557 4482322.2427 0))",2541449,Verde,Línea,1
"MULTILINESTRING Z ((440675.9983 4482134.6501 0,440680.5908 4482136.6008 0))",2541452,Verde,Línea,1
"MULTILINESTRING Z ((443224.4057 4478506.0761 0,443220.5168 4478505.3538 0))",2541469,Verde,Línea,1
"MULTILINESTRING Z ((440451.8748 4481951.967 0,440459.7102 4481954.5843 0))",2541472,Verde,Línea,1
"MULTILINESTRING Z ((439648.5723 4480822.6316 0,439666.239 4480827.2983 0))",2541476,Verde,Batería,8
"MULTILINESTRING Z ((441009.6279 4480025.539 0,441022.2575 4480013.2798 0))",2541478,Verde,Línea,3
"MULTILINESTRING Z ((441830.4057 4477848.8261 0,441830.0723 4477843.1594 0))",2541498,Verde,Línea,1
"MULTILINESTRING Z ((443238.5723 4475853.465 0,443252.739 4475855.465 0))",2541611,Verde,Línea,3
"MULTILINESTRING Z ((443225.0168 4475851.5205 0,443237.739 4475853.3538 0))",2541612,Verde,Línea,2
"MULTILINESTRING Z ((443260.9057 4476415.5761 0,443266.0723 4476417.4094 0))",2541618,Verde,Línea,1
"MULTILINESTRING Z ((443601.1094 4476761.0946 0,443596.0353 4476759.502 0,443593.4057 4476758.3168 0,443589.0353 4476756.2427 0,443576.8501 4476750.0576 0,443574.9612 4476749.0205 0,443565.2946 4476743.3538 0,443560.776 4476740.2427 0))",2541628,Verde,Línea,9
"MULTILINESTRING Z ((443888.4015 4475908.0329 0,443888.8625 4475910.2057 0))",2541631,Azul,Batería,1
"MULTILINESTRING Z ((443556.739 4475899.0205 0,443567.1834 4475900.5761 0))",2541634,Verde,Línea,2
"MULTILINESTRING Z ((443271.9179 4475922.4087 0,443285.7512 4475924.4087 0))",2541647,Verde,Línea,3
"MULTILINESTRING Z ((443302.5908 4475929.0205 0,443297.8501 4475928.3538 0))",2541652,Verde,Línea,1
"MULTILINESTRING Z ((440293.0723 4481818.9094 0,440300.2946 4481821.8538 0))",2541662,Verde,Línea,1
"MULTILINESTRING Z ((439950.5579 4480456.1152 0,439955.8254 4480454.3868 0))",2541665,Verde,Línea,1
"MULTILINESTRING Z ((440540.2452 4481518.2798 0,440542.4921 4481519.3415 0))",2541667,Verde,Batería,1
"MULTILINESTRING Z ((442796.3223 4473311.2662 0,442810.8223 4473334.5162 0))",2541678,Verde,Línea,5
"MULTILINESTRING Z ((441348.0692 4473792.9584 0,441420.8282 4473795.1204 0))",2541683,Verde,Batería,29
"MULTILINESTRING Z ((441454.0274 4473801.0012 0,441536.238 4473803.3715 0))",2541684,Verde,Línea,16
"MULTILINESTRING Z ((441515.4566 4473807.5933 0,441519.6142 4473807.8428 0))",2541686,Verde,Batería,1
"MULTILINESTRING Z ((442889.356 4472106.7336 0,442905.833 4472092.9411 0))",2541835,Verde,Línea,4
"MULTILINESTRING Z ((442992.7533 4472018.9802 0,442976.6466 4472032.495 0))",2541837,Verde,Línea,4
"MULTILINESTRING Z ((442864.6407 4472104.512 0,442848.2564 4472080.352 0))",2541838,Verde,Línea,5
"MULTILINESTRING Z ((442867.5103 4472102.4755 0,442851.0334 4472078.3156 0))",2541839,Verde,Línea,5
"MULTILINESTRING Z ((443323.1279 4475823.1872 0,443320.1279 4475822.7427 0))",2541877,Verde,Batería,1
"MULTILINESTRING Z ((443318.4612 4475822.5761 0,443308.239 4475821.0205 0))",2541878,Verde,Batería,4
"MULTILINESTRING Z ((439632.239 4475959.8261 0,439630.989 4475943.8261 0))",2541880,Verde,Línea,3
"MULTILINESTRING Z ((440780.6896 4482057.2674 0,440780.5908 4482028.6995 0))",2541903,Verde,Línea,5
"MULTILINESTRING Z ((440169.1834 4481658.3045 0,440177.5785 4481648.3538 0))",2541934,Verde,Línea,2
"MULTILINESTRING Z ((439155.1378 4476105.7169 0,439160.7818 4476095.1987 0))",2541937,Azul,Línea,2
"MULTILINESTRING Z ((439161.1557 4476094.4094 0,439165.5723 4476086.1594 0))",2541938,Azul,Línea,2
"MULTILINESTRING Z ((440375.6279 4481835.2983 0,440385.5168 4481813.5761 0))",2541939,Verde,Línea,5
"MULTILINESTRING Z ((440452.1557 4481733.8261 0,440465.0723 4481740.0761 0))",2541982,Verde,Línea,2
"MULTILINESTRING Z ((440696.1053 4481885.7613 0,440697.702 4481886.6831 0))",2542011,Azul,Batería,1
"MULTILINESTRING Z ((440827.226 4475405.5422 0,440850.5343 4475457.6009 0))",2542026,Verde,Línea,12
"MULTILINESTRING Z ((443694.4921 4476560.6501 0,443692.4674 4476561.6625 0))",2542083,Verde,Batería,1
"MULTILINESTRING Z ((443675.4057 4476505.3261 0,443688.1557 4476530.4094 0))",2542084,Verde,Línea,7
"MULTILINESTRING Z ((443686.3223 4476531.5761 0,443693.3223 4476544.6594 0))",2542085,Verde,Línea,3
"MULTILINESTRING Z ((443568.1094 4476525.0205 0,443583.2205 4476526.502 0))",2542086,Verde,Línea,3
"MULTILINESTRING Z ((441464.6896 4480898.7983 0,441476.3933 4480866.9958 0))",2542105,Rojo,Línea,7
"MULTILINESTRING Z ((438823.7219 4473346.6184 0,438835.0922 4473345.2261 0))",2542121,Verde,Línea,2
"MULTILINESTRING Z ((438813.5855 4473391.0306 0,438813.405 4473396.7289 0))",2542125,Verde,Línea,1
"MULTILINESTRING Z ((443126.0723 4476018.3538 0,443125.4304 4476003.0205 0))",2542129,Azul,Línea,3
"MULTILINESTRING Z ((443124.8131 4475987.8106 0,443125.4057 4476001.9341 0))",2542130,Azul,Línea,3
"MULTILINESTRING Z ((440690.8131 4481001.6131 0,440673.4057 4480997.6131 0))",2542147,Verde,Batería,6
"MULTILINESTRING Z ((441117.7116 4475033.0243 0,441125.5322 4475030.4461 0))",2542148,Verde,Línea,1
"MULTILINESTRING Z ((441131.1557 4475017.7662 0,441141.3223 4475014.6829 0))",2542149,Verde,Línea,2
"MULTILINESTRING Z ((441240.989 4474994.1829 0,441250.739 4474991.2662 0))",2542152,Verde,Línea,2
"MULTILINESTRING Z ((443606.0462 4476310.1121 0,443606.8006 4476305.6118 0))",2542173,Verde,Línea,1
"MULTILINESTRING Z ((443370.7331 4476342.2161 0,443374.9474 4476344.9378 0))",2542177,Verde,Línea,1
"MULTILINESTRING Z ((443195.4016 4476393.2503 0,443216.3162 4476400.43 0))",2542184,Verde,Línea,4
"MULTILINESTRING Z ((443196.7946 4476530.7983 0,443195.3501 4476541.1872 0))",2542185,Verde,Línea,2
"MULTILINESTRING Z ((443277.6279 4476421.1872 0,443273.239 4476419.7427 0))",2542187,Verde,Línea,1
"MULTILINESTRING Z ((443402.0723 4478845.5761 0,443415.1834 4478830.6316 0))",2542195,Azul,Línea,4
"MULTILINESTRING Z ((443421.1834 4478824.4094 0,443429.1279 4478815.6316 0))",2542196,Azul,Línea,2
"MULTILINESTRING Z ((443480.1279 4475952.8538 0,443486.4057 4475953.8261 0))",2542208,Verde,Línea,1
"MULTILINESTRING Z ((443218.4027 4473004.1437 0,443229.0054 4472986.5346 0))",2542272,Verde,Línea,4
"MULTILINESTRING Z ((440414.9612 4481349.9341 0,440419.2575 4481333.6625 0))",2542352,Azul,Línea,3
"MULTILINESTRING Z ((443919.776 4476991.3538 0,443919.5908 4476976.3909 0))",2542359,Verde,Batería,6
"MULTILINESTRING Z ((443918.9057 4476974.4094 0,443918.8501 4476953.7983 0))",2542360,Verde,Batería,8
"MULTILINESTRING Z ((441710.7225 4480227.7036 0,441706.1711 4480207.0452 0))",2542361,Verde,Línea,4
"MULTILINESTRING Z ((441704.6557 4480200.8261 0,441702.6557 4480190.8261 0))",2542363,Verde,Línea,2
"MULTILINESTRING Z ((443131.7946 4475891.6316 0,443131.4612 4475881.965 0))",2542364,Azul,Línea,2
"MULTILINESTRING Z ((441170.1464 4481426.823 0,441170.6155 4481414.3045 0))",2542371,Azul,Línea,2
"MULTILINESTRING Z ((440907.702 4472277.9094 0,440907.2205 4472271.465 0))",2542394,Verde,Línea,1
"MULTILINESTRING Z ((440906.7933 4472271.3184 0,440905.5697 4472255.7574 0))",2542395,Verde,Línea,3
"MULTILINESTRING Z ((443413.4057 4475678.8641 0,443420.7308 4475680.9711 0))",2542427,Verde,Línea,1
"MULTILINESTRING Z ((443397.1588 4475674.4279 0,443408.739 4475677.6131 0))",2542428,Verde,Línea,3
"MULTILINESTRING Z ((441401.274 4481360.0329 0,441410.2781 4481355.967 0))",2542431,Rojo,Línea,2
"MULTILINESTRING Z ((443148.3686 4475709.7613 0,443150.4057 4475706.5761 0))",2542434,Azul,Línea,1
"MULTILINESTRING Z ((439412.9428 4473210.2207 0,439399.8929 4473188.3557 0))",2542438,Verde,Línea,5
"MULTILINESTRING Z ((443396.6279 4476083.7983 0,443397.9612 4476076.4279 0))",2542458,Verde,Batería,3
"MULTILINESTRING Z ((443313.5209 4476164.9547 0,443308.3192 4476172.7242 0))",2542466,Verde,Línea,2
"MULTILINESTRING Z ((443777.4057 4475821.2011 0,443803.0307 4475837.3261 0,443810.7807 4475842.7011 0))",2542521,Azul,Línea,8
"MULTILINESTRING Z ((443811.2807 4475842.9511 0,443821.2807 4475851.4511 0))",2542522,Azul,Línea,3
"MULTILINESTRING Z ((443687.8501 4476042.0205 0,443694.4057 4476045.5761 0,443701.6279 4476049.0761 0,443709.4612 4476052.465 0))",2542524,Azul,Batería,10
"MULTILINESTRING Z ((443664.4612 4476028.0205 0,443679.5723 4476037.465 0,443686.7946 4476041.5205 0))",2542527,Azul,Batería,11
"MULTILINESTRING Z ((443655.739 4476022.2427 0,443663.4057 4476027.2983 0))",2542530,Azul,Batería,4
"MULTILINESTRING Z ((440597.1468 4474651.054 0,440618.3981 4474642.6397 0))",2542533,Verde,Línea,3
"MULTILINESTRING Z ((443631.489 4475988.9094 0,443632.989 4475968.9094 0))",2542547,Azul,Batería,10
"MULTILINESTRING Z ((443633.239 4475967.6594 0,443634.739 4475951.9094 0,443637.1557 4475939.9094 0,443640.5723 4475928.6594 0))",2542550,Azul,Batería,20
"MULTILINESTRING Z ((439813.739 4478549.7613 0,439814.0723 4478549.2427 0,439815.2946 4478547.8724 0,439816.6649 4478546.3538 0,439816.9612 4478546.1687 0))",2542558,Verde,Línea,1
"MULTILINESTRING Z ((439832.9057 4478568.1872 0,439838.8501 4478561.965 0))",2542562,Verde,Línea,2
"MULTILINESTRING Z ((439819.702 4478546.1563 0,439827.9242 4478550.7242 0))",2542564,Verde,Línea,2
"MULTILINESTRING Z ((441370.0168 4480243.5761 0,441374.5168 4480241.465 0))",2542573,Verde,Línea,1
"MULTILINESTRING Z ((438573.66 4475889.8722 0,438569.2175 4475896.7537 0))",2542590,Verde,Batería,3
"MULTILINESTRING Z ((438682.0224 4475741.2659 0,438680.4544 4475743.792 0))",2542592,Verde,Batería,1
"MULTILINESTRING Z ((439804.4057 4477905.3538 0,439805.6649 4477903.539 0,439806.8871 4477902.2057 0,439808.2575 4477900.9464 0,439809.6279 4477899.9464 0,439811.4797 4477898.7613 0,439813.5538 4477897.7983 0,439815.2946 4477897.1687 0))",2542593,Verde,Línea,3
"MULTILINESTRING Z ((439661.776 4477880.1687 0,439661.4427 4477881.0205 0,439660.2575 4477882.6872 0,439659.2575 4477883.8353 0,439658.1464 4477884.9094 0,439657.3316 4477885.5761 0,439655.9242 4477886.539 0,439654.2946 4477887.4279 0,439652.9612 4477887.9835 0))",2542598,Verde,Línea,2
"MULTILINESTRING Z ((439678.6279 4478044.0576 0,439683.1094 4478045.3909 0))",2542612,Verde,Línea,1
"MULTILINESTRING Z ((442901.6032 4477172.395 0,442904.2205 4477175.0123 0))",2542623,Verde,Batería,2
"MULTILINESTRING Z ((442772.4057 4472424.2662 0,442778.989 4472419.7662 0))",2542650,Verde,Batería,3
"MULTILINESTRING Z ((440670.739 4473238.9094 0,440705.739 4473250.0761 0))",2542670,Verde,Línea,6
"MULTILINESTRING Z ((443909.5908 4475914.8353 0,443911.1094 4475924.7242 0))",2542673,Azul,Batería,4
"MULTILINESTRING Z ((440963.4552 4475552.5011 0,440957.5621 4475569.8588 0))",2542725,Azul,Línea,3
"MULTILINESTRING Z ((440908.9711 4475721.3642 0,440916.0428 4475699.3456 0))",2542728,Azul,Línea,4
"MULTILINESTRING Z ((440889.5723 4475780.2427 0,440895.989 4475760.8261 0))",2542729,Azul,Línea,5
"MULTILINESTRING Z ((440780.689 4476119.6497 0,440768.0248 4476159.3308 0))",2542741,Azul,Línea,8
"MULTILINESTRING Z ((440718.029 4476314.3254 0,440714.7512 4476324.6031 0))",2542750,Azul,Línea,2
"MULTILINESTRING Z ((440682.2837 4476426.7792 0,440676.4676 4476445.7285 0))",2542754,Azul,Línea,3
"MULTILINESTRING Z ((443274.7946 4475772.7427 0,443279.2946 4475773.2427 0))",2542777,Verde,Línea,1
"MULTILINESTRING Z ((442100.739 4475413.2427 0,442097.3223 4475363.6594 0))",2542783,Verde,Línea,10
"MULTILINESTRING Z ((443198.4057 4472301.5162 0,443215.1557 4472330.9329 0))",2542785,Verde,Línea,7
"MULTILINESTRING Z ((440488.0408 4479098.6918 0,440483.5168 4479102.2427 0))",2542863,Verde,Línea,1
"MULTILINESTRING Z ((440909.5703 4478980.6255 0,440919.7431 4479009.1851 0))",2542943,Verde,Línea,6
"MULTILINESTRING Z ((441088.0168 4478651.965 0,441083.3501 4478652.1872 0))",2543008,Azul,Línea,1
"MULTILINESTRING Z ((440893.3014 4481028.6419 0,440909.06 4481026.1069 0))",2543025,Verde,Línea,3
"MULTILINESTRING Z ((440891.7102 4478810.9629 0,440903.6608 4478810.2057 0))",2543026,Verde,Batería,5
"MULTILINESTRING Z ((440846.9612 4478688.2427 0,440851.3316 4478702.0205 0))",2543029,Verde,Batería,5
"MULTILINESTRING Z ((440851.8501 4478703.7983 0,440852.5538 4478705.9835 0))",2543030,Verde,Batería,1
"MULTILINESTRING Z ((440859.4057 4478806.3538 0,440845.0168 4478760.8538 0))",2543031,Verde,Línea,10
"MULTILINESTRING Z ((440674.2946 4478928.7983 0,440697.5723 4478919.4094 0))",2543046,Verde,Línea,5
"MULTILINESTRING Z ((440491.9057 4481078.8538 0,440481.739 4481117.5761 0))",2543065,Verde,Batería,16
"MULTILINESTRING Z ((441393.4057 4478788.9094 0,441415.2946 4478787.2057 0))",2543114,Verde,Batería,9
"MULTILINESTRING Z ((441241.8501 4478942.4773 0,441255.5291 4478941.2674 0))",2543116,Verde,Batería,5
"MULTILINESTRING Z ((441231.1094 4478943.4156 0,441238.6649 4478942.7489 0))",2543117,Verde,Batería,3
"MULTILINESTRING Z ((441119.0307 4478703.8261 0,441118.0307 4478688.2011 0))",2543119,Verde,Batería,6
"MULTILINESTRING Z ((441297.8501 4478690.5205 0,441297.6279 4478689.1316 0))",2543123,Verde,Batería,1
"MULTILINESTRING Z ((440935.739 4478824.8353 0,440938.6279 4478824.6131 0))",2543132,Verde,Batería,1
"MULTILINESTRING Z ((440969.3686 4478822.3538 0,440975.5908 4478821.7613 0))",2543134,Verde,Batería,2
"MULTILINESTRING Z ((440376.1464 4481205.9094 0,440371.3563 4481204.6255 0))",2543139,Verde,Línea,1
"MULTILINESTRING Z ((441064.8501 4478872.7983 0,441064.739 4478870.5205 0))",2543160,Verde,Batería,1
"MULTILINESTRING Z ((441355.989 4472576.1829 0,441336.239 4472577.8495 0))",2543214,Verde,Línea,4
"MULTILINESTRING Z ((442509.239 4477895.4927 0,442510.239 4477906.1594 0))",2543253,Verde,Batería,4
"MULTILINESTRING Z ((441495.1763 4470706.1302 0,441500.5882 4470707.8265 0,441507.0503 4470711.6229 0,441514.5624 4470718.1657 0,441528.2134 4470728.7473 0))",2543298,Verde,Línea,9
"MULTILINESTRING Z ((441175.8583 4479386.0411 0,441178.9036 4479389.6625 0))",2543343,Verde,Línea,1
"MULTILINESTRING Z ((441115.5168 4479161.5205 0,441027.7946 4479184.0761 0))",2543366,Verde,Batería,38
"MULTILINESTRING Z ((441128.9859 4479047.0452 0,441128.3933 4479041.9588 0))",2543388,Azul,Línea,1
"MULTILINESTRING Z ((440969.274 4479149.3168 0,440970.6073 4479151.0123 0))",2543396,Verde,Batería,1
"MULTILINESTRING Z ((441109.9736 4479350.181 0,441113.5785 4479347.8353 0))",2543434,Verde,Línea,1
"MULTILINESTRING Z ((441157.8131 4479396.539 0,441159.2946 4479396.9094 0,441160.8501 4479397.502 0,441162.2205 4479398.6872 0))",2543435,Verde,Batería,2
"MULTILINESTRING Z ((441918.739 4476787.4094 0,441915.1557 4476769.9094 0))",2543440,Verde,Línea,4
"MULTILINESTRING Z ((441096.9859 4479482.7736 0,441098.9365 4479478.5514 0))",2543444,Verde,Línea,1
"MULTILINESTRING Z ((441822.9057 4476862.7427 0,441821.3223 4476839.7427 0))",2543445,Verde,Línea,5
"MULTILINESTRING Z ((441819.8254 4476818.3374 0,441820.9283 4476834.0411 0))",2543447,Verde,Línea,4
"MULTILINESTRING Z ((441059.5606 4479439.5443 0,441048.5159 4479420.4453 0))",2543467,Verde,Línea,4
"MULTILINESTRING Z ((439930.3275 4480806.1344 0,439936.9859 4480807.9341 0))",2543473,Verde,Batería,2
"MULTILINESTRING Z ((439894.1245 4480796.6639 0,439895.6498 4480797.0918 0))",2543478,Verde,Batería,1
"MULTILINESTRING Z ((441216.8131 4479532.539 0,441219.5168 4479536.2057 0))",2543540,Verde,Línea,1
"MULTILINESTRING Z ((441199.3316 4479518.6131 0,441192.0723 4479534.7613 0))",2543593,Verde,Línea,3
"MULTILINESTRING Z ((441166.5538 4479474.3168 0,441155.702 4479497.7613 0))",2543599,Verde,Línea,5
"MULTILINESTRING Z ((441383.489 4479454.6594 0,441383.1557 4479452.1594 0))",2543602,Azul,Batería,1
"MULTILINESTRING Z ((441344.0105 4479257.3439 0,441344.529 4479264.0476 0))",2543653,Azul,Batería,2
"MULTILINESTRING Z ((441282.7512 4479511.4365 0,441354.7512 4479505.492 0))",2543669,Verde,Batería,24
"MULTILINESTRING Z ((441131.4797 4479157.3827 0,441129.2081 4479157.9752 0))",2543673,Verde,Batería,1
"MULTILINESTRING Z ((440353.4715 4480782.6995 0,440357.5867 4480783.8024 0))",2543696,Verde,Línea,1
"MULTILINESTRING Z ((441133.5069 4473650.7437 0,441132.8248 4473622.6419 0))",2543710,Verde,Línea,6
"MULTILINESTRING Z ((440428.4427 4480703.8106 0,440417.3316 4480744.8971 0))",2543721,Verde,Línea,9
"MULTILINESTRING Z ((440415.8913 4480750.502 0,440413.3727 4480760.2962 0))",2543725,Verde,Línea,2
"MULTILINESTRING Z ((441510.0168 4478476.9094 0,441510.3501 4478481.5761 0))",2543729,Verde,Línea,1
"MULTILINESTRING Z ((440017.4427 4481093.4279 0,440025.6649 4481062.3538 0))",2543795,Verde,Línea,6
"MULTILINESTRING Z ((440024.0476 4481059.7119 0,439996.097 4481052.0329 0))",2543796,Verde,Línea,4
"MULTILINESTRING Z ((439337.7807 4476712.7245 0,439336.0307 4476686.2245 0))",2543821,Verde,Línea,5
"MULTILINESTRING Z ((439304.1557 4476130.0995 0,439303.2807 4476112.2245 0))",2543897,Verde,Batería,7
"MULTILINESTRING Z ((440983.6557 4474640.7662 0,440983.1557 4474668.1829 0))",2543913,Verde,Línea,6
"MULTILINESTRING Z ((440983.0723 4474721.2427 0,440982.989 4474710.2427 0))",2543915,Verde,Línea,2
"MULTILINESTRING Z ((440983.9057 4474801.965 0,440983.6834 4474781.0761 0))",2543919,Verde,Línea,4
"MULTILINESTRING Z ((439942.8542 4480809.5308 0,439961.1423 4480814.4691 0))",2543935,Verde,Batería,6
"MULTILINESTRING Z ((439992.0888 4480822.7325 0,439994.3933 4480823.3415 0))",2543939,Verde,Batería,1
"MULTILINESTRING Z ((441689.739 4476743.4927 0,441675.9057 4476744.4927 0,441664.8223 4476744.4927 0,441659.1557 4476744.3261 0,441654.8223 4476743.8261 0,441640.3223 4476741.9094 0,441634.989 4476740.9094 0))",2543944,Verde,Batería,22
"MULTILINESTRING Z ((441629.2575 4476739.4897 0,441630.7637 4476739.86 0))",2543947,Verde,Batería,1
"MULTILINESTRING Z ((443824.7143 4477427.2921 0,443810.7719 4477420.0987 0))",2543958,Verde,Línea,3
"MULTILINESTRING Z ((440006.2616 4480871.5555 0,440001.9324 4480888.5925 0))",2543964,Verde,Batería,6
"MULTILINESTRING Z ((440203.3223 4475483.3495 0,440272.989 4475465.7662 0))",2544001,Verde,Línea,11
"MULTILINESTRING Z ((440608.3223 4475184.1829 0,440567.1557 4475160.1829 0))",2544002,Verde,Línea,9
"MULTILINESTRING Z ((440617.1557 4475419.4329 0,440630.3223 4475371.9329 0))",2544009,Verde,Línea,10
"MULTILINESTRING Z ((441860.6557 4478183.3261 0,441893.4057 4478235.5761 0))",2544020,Verde,Línea,13
"MULTILINESTRING Z ((439671.6032 4480532.0822 0,439679.7513 4480527.7119 0))",2544025,Verde,Batería,4
"MULTILINESTRING Z ((439204.9057 4476065.0995 0,439202.9057 4476030.4745 0))",2544027,Azul,Línea,7
"MULTILINESTRING Z ((439680.4427 4480527.3415 0,439684.9118 4480524.6995 0,439697.776 4480516.2057 0))",2544028,Verde,Batería,9
"MULTILINESTRING Z ((439213.9057 4476213.5162 0,439213.3223 4476204.4329 0))",2544031,Verde,Línea,2
"MULTILINESTRING Z ((439290.6557 4476070.6829 0,439249.989 4476072.7662 0))",2544035,Verde,Línea,8
"MULTILINESTRING Z ((439215.739 4476074.5162 0,439246.3223 4476072.8495 0))",2544036,Verde,Línea,6
"MULTILINESTRING Z ((439972.8131 4480510.2715 0,439974.1958 4480509.7942 0,439974.6402 4480508.6584 0))",2544117,Verde,Batería,1
"MULTILINESTRING Z ((442161.9057 4478657.7427 0,442166.739 4478659.2427 0))",2544120,Verde,Línea,1
"MULTILINESTRING Z ((441892.2575 4476722.8353 0,441890.4057 4476722.6872 0,441883.8131 4476722.465 0,441881.1094 4476722.4279 0,441877.5538 4476722.539 0,441870.739 4476723.2427 0,441867.0723 4476723.8353 0,441862.8501 4476724.6872 0,441857.4427 4476726.0205 0,441853.2205 4476727.2427 0,441850.4057 4476728.1316 0,441846.1094 4476729.7242 0,441842.4057 4476731.3168 0,441840.1834 4476732.3909 0,441836.5908 4476734.3538 0,441833.5168 4476736.1687 0))",2544188,Verde,Línea,13
"MULTILINESTRING Z ((442111.739 4473251.2662 0,442113.739 4473241.5162 0))",2544217,Verde,Línea,2
"MULTILINESTRING Z ((441922.739 4476917.3538 0,441918.6279 4476919.1316 0))",2544219,Verde,Línea,1
"MULTILINESTRING Z ((439656.989 4476426.5995 0,439630.8223 4476428.5162 0))",2544228,Verde,Línea,5
"MULTILINESTRING Z ((441567.0723 4477218.3909 0,441570.3686 4477218.0946 0))",2544230,Verde,Línea,1
"MULTILINESTRING Z ((439442.2946 4480705.3936 0,439443.9736 4480699.0617 0))",2544239,Verde,Línea,1
"MULTILINESTRING Z ((441614.4427 4478018.2798 0,441614.9983 4478025.1687 0))",2544276,Verde,Batería,3
"MULTILINESTRING Z ((441615.1094 4478026.465 0,441615.4427 4478030.3538 0))",2544277,Verde,Batería,1
"MULTILINESTRING Z ((441615.5168 4478031.3168 0,441615.8501 4478035.3168 0))",2544278,Verde,Batería,1
"MULTILINESTRING Z ((441615.9242 4478036.3538 0,441616.1834 4478039.539 0))",2544279,Verde,Batería,1
"MULTILINESTRING Z ((441616.2946 4478040.7983 0,441616.5908 4478044.3538 0))",2544280,Verde,Batería,1
"MULTILINESTRING Z ((441616.702 4478045.7983 0,441617.0353 4478049.7242 0))",2544281,Verde,Batería,1
"MULTILINESTRING Z ((441617.1834 4478051.1872 0,441617.5168 4478055.3538 0))",2544282,Verde,Batería,1
"MULTILINESTRING Z ((441617.6279 4478056.5205 0,441617.9612 4478060.3538 0))",2544283,Verde,Batería,1
"MULTILINESTRING Z ((441618.2946 4478064.1872 0,441618.0168 4478061.6316 0))",2544284,Verde,Batería,1
"MULTILINESTRING Z ((442035.4057 4471948.5995 0,442063.9057 4471972.6829 0))",2544290,Verde,Línea,6
"MULTILINESTRING Z ((442305.739 4478584.5205 0,442294.3501 4478623.5205 0))",2544327,Verde,Línea,8
"MULTILINESTRING Z ((442219.0353 4478474.0205 0,442218.6279 4478475.465 0))",2544384,Verde,Batería,1
"MULTILINESTRING Z ((441516.239 4472686.5995 0,441573.8223 4472682.0995 0))",2544398,Verde,Batería,22
"MULTILINESTRING Z ((440114.9612 4480448.7983 0,440117.3069 4480449.0699 0))",2544404,Verde,Batería,1
"MULTILINESTRING Z ((442319.239 4478493.7427 0,442315.9612 4478506.465 0))",2544407,Verde,Línea,3
"MULTILINESTRING Z ((440329.06 4480014.6501 0,440330.2452 4480016.0822 0))",2544426,Verde,Batería,1
"MULTILINESTRING Z ((440139.0847 4479086.6255 0,440139.6773 4479087.5884 0,440140.1711 4479088.0822 0,440141.2575 4479088.9218 0,440142.5168 4479089.5637 0))",2544428,Verde,Línea,1
"MULTILINESTRING Z ((443426.4057 4476630.6594 0,443400.9057 4476622.4094 0))",2544458,Verde,Batería,10
"MULTILINESTRING Z ((443489.8336 4476332.1481 0,443505.9983 4476342.4526 0))",2544474,Verde,Batería,8
"MULTILINESTRING Z ((443411.0923 4475854.7387 0,443410.5393 4475858.425 0))",2544509,Verde,Línea,1
"MULTILINESTRING Z ((439499.1341 4481620.6501 0,439501.1834 4481621.3168 0))",2544511,Verde,Batería,1
"MULTILINESTRING Z ((439849.3316 4481834.4526 0,439836.6896 4481831.1193 0))",2544563,Verde,Línea,2
"MULTILINESTRING Z ((439830.0312 4481829.3662 0,439813.2246 4481824.8888 0))",2544627,Verde,Línea,3
"MULTILINESTRING Z ((441723.4796 4470889.8884 0,441696.7282 4470866.9862 0))",2544683,Verde,Línea,7
"MULTILINESTRING Z ((439719.239 4473687.5995 0,439731.6557 4473694.5162 0))",2544687,Verde,Línea,2
"MULTILINESTRING Z ((443436.9057 4473582.7427 0,443441.1279 4473586.0761 0,443447.6834 4473590.2427 0,443451.6279 4473592.5761 0,443456.5723 4473594.465 0,443461.2946 4473596.6316 0,443464.1834 4473597.6316 0,443468.3501 4473598.7427 0,443473.9057 4473599.7427 0,443478.0168 4473600.1872 0,443480.1834 4473600.5761 0))",2544692,Verde,Línea,10
"MULTILINESTRING Z ((437743.9179 4475866.3653 0,437746.9042 4475862.1433 0))",2544723,Verde,Línea,1
"MULTILINESTRING Z ((437776.3553 4475829.7058 0,437820.2231 4475783.0577 0))",2544726,Verde,Línea,12
"MULTILINESTRING Z ((439510.489 4476060.9329 0,439513.489 4476060.8495 0))",2544776,Verde,Batería,1
"MULTILINESTRING Z ((443156.8871 4478787.6131 0,443160.702 4478790.1316 0))",2544793,Verde,Línea,1
"MULTILINESTRING Z ((439983.0723 4473525.0162 0,439983.6834 4473498.9051 0))",2544804,Verde,Línea,5
"MULTILINESTRING Z ((439991.9586 4473156.6998 0,439992.2285 4473154.2713 0))",2544805,Verde,Batería,1
"MULTILINESTRING Z ((439993.6676 4473136.3724 0,439995.4665 4473114.8757 0))",2544807,Verde,Batería,8
"MULTILINESTRING Z ((439998.0748 4473077.279 0,439995.5564 4473110.3785 0))",2544808,Verde,Batería,14
"MULTILINESTRING Z ((439655.0168 4473238.2427 0,439660.2946 4473253.8538 0))",2544821,Verde,Línea,3
"MULTILINESTRING Z ((439667.4612 4473274.9094 0,439660.5723 4473254.6316 0))",2544822,Verde,Línea,4
"MULTILINESTRING Z ((439701.4388 4473332.0011 0,439715.9198 4473355.0268 0))",2544823,Verde,Línea,5
"MULTILINESTRING Z ((439946.1557 4473745.2427 0,439938.239 4473724.4094 0))",2544825,Verde,Línea,4
"MULTILINESTRING Z ((442598.0723 4478817.5205 0,442597.239 4478807.6316 0))",2544832,Verde,Línea,1
"MULTILINESTRING Z ((442818.739 4478485.9927 0,442825.9057 4478485.2427 0))",2544853,Verde,Línea,1
"MULTILINESTRING Z ((442617.0723 4478759.9094 0,442618.3223 4478774.7427 0))",2544854,Verde,Línea,3
"MULTILINESTRING Z ((442614.9612 4478736.5205 0,442616.9057 4478759.2427 0))",2544855,Verde,Línea,5
"MULTILINESTRING Z ((442054.54 4478415.1795 0,442047.4645 4478407.8698 0))",2544856,Verde,Línea,1
"MULTILINESTRING Z ((440739.6834 4473608.7427 0,440749.0168 4473596.6872 0))",2545060,Verde,Línea,3
"MULTILINESTRING Z ((442947.4612 4478494.5205 0,442990.7946 4478493.5205 0,442997.239 4478493.465 0,443001.3501 4478493.1872 0,443006.1834 4478492.6316 0,443011.4612 4478491.4094 0,443017.9612 4478489.5205 0,443024.2946 4478487.0761 0,443030.4612 4478484.0205 0))",2545129,Verde,Línea,18
"MULTILINESTRING Z ((442817.9057 4478138.965 0,442824.9612 4478144.8538 0))",2545216,Azul,Línea,2
"MULTILINESTRING Z ((442823.5723 4478147.9094 0,442835.4057 4478158.3261 0))",2545217,Azul,Línea,3
"MULTILINESTRING Z ((442875.2575 4478189.7613 0,442878.418 4478192.6255 0))",2545271,Azul,Línea,1
"MULTILINESTRING Z ((440904.3501 4473142.5761 0,440889.1834 4473137.4094 0))",2545289,Verde,Línea,3
"MULTILINESTRING Z ((440875.0723 4473132.2983 0,440888.5168 4473137.1872 0))",2545290,Verde,Línea,3
"MULTILINESTRING Z ((440808.1426 4473108.9694 0,440870.0842 4473130.7359 0))",2545291,Verde,Línea,13
"MULTILINESTRING Z ((440799.1482 4473105.9113 0,440804.0052 4473107.5902 0))",2545292,Verde,Línea,1
"MULTILINESTRING Z ((440568.5723 4473025.0761 0,440584.4612 4473030.7427 0))",2545298,Verde,Línea,3
"MULTILINESTRING Z ((440563.6557 4473023.1594 0,440567.989 4473024.7427 0))",2545299,Verde,Línea,1
"MULTILINESTRING Z ((439331.3645 4480791.4403 0,439334.1299 4480780.2962 0))",2545351,Verde,Batería,5
"MULTILINESTRING Z ((441600.7946 4477917.1872 0,441588.2946 4477904.9094 0))",2545354,Verde,Línea,3
"MULTILINESTRING Z ((438704.989 4475753.5995 0,438728.1557 4475766.2662 0))",2545450,Verde,Línea,5
"MULTILINESTRING Z ((442336.8944 4477000.4998 0,442340.3256 4476997.2589 0))",2545629,Verde,Línea,1
"MULTILINESTRING Z ((441620.2575 4478089.1687 0,441620.4427 4478091.7613 0))",2545679,Verde,Batería,1
"MULTILINESTRING Z ((441620.5538 4478092.9464 0,441620.8501 4478096.8353 0))",2545680,Verde,Batería,1
"MULTILINESTRING Z ((441620.9242 4478097.9464 0,441621.2575 4478101.8724 0))",2545681,Verde,Batería,1
"MULTILINESTRING Z ((441621.3316 4478102.9835 0,441621.6649 4478106.9094 0))",2545682,Verde,Batería,1
"MULTILINESTRING Z ((441621.739 4478108.1316 0,441622.0723 4478112.0946 0))",2545684,Verde,Batería,1
"MULTILINESTRING Z ((441622.1834 4478113.465 0,441622.5168 4478117.7983 0))",2545685,Verde,Batería,1
"MULTILINESTRING Z ((441622.6279 4478119.0576 0,441622.8871 4478122.7613 0))",2545686,Verde,Batería,1
"MULTILINESTRING Z ((440570.5168 4482163.1687 0,440569.9612 4482162.9464 0,440567.739 4482162.3909 0,440565.8501 4482162.7613 0,440563.3686 4482164.1316 0,440562.4797 4482165.4279 0))",2545731,Verde,Línea,2
"MULTILINESTRING Z ((442850.6279 4475977.2427 0,442811.1834 4475980.0761 0))",2545746,Azul,Línea,8
"MULTILINESTRING Z ((442850.8223 4475979.1594 0,442865.989 4475978.1594 0))",2545747,Azul,Línea,3
"MULTILINESTRING Z ((442547.7267 4475972.8477 0,442580.0229 4475970.5514 0))",2545748,Azul,Línea,7
"MULTILINESTRING Z ((442057.1834 4476005.7983 0,442072.2946 4476004.7427 0))",2545750,Azul,Línea,3
"MULTILINESTRING Z ((442503.239 4476364.3261 0,442497.9057 4476364.7427 0))",2545752,Verde,Línea,1
"MULTILINESTRING Z ((439694.2361 4474926.3391 0,439689.6895 4474936.0005 0))",2545758,Verde,Línea,2
"MULTILINESTRING Z ((439699.5945 4474922.6856 0,439686.3608 4474949.9649 0))",2545759,Verde,Línea,6
"MULTILINESTRING Z ((439968.0723 4474691.7427 0,439977.5723 4474694.8538 0))",2545761,Verde,Línea,2
"MULTILINESTRING Z ((439202.8001 4473949.2731 0,439247.9753 4473948.4427 0))",2545763,Verde,Línea,9
"MULTILINESTRING Z ((440238.8223 4474987.9329 0,440263.239 4475020.1829 0))",2545769,Verde,Línea,5
"MULTILINESTRING Z ((441724.6557 4476498.0761 0,441737.8223 4476504.9094 0))",2545822,Verde,Línea,4
"MULTILINESTRING Z ((443032.3686 4476220.4279 0,443045.4057 4476233.7242 0))",2545826,Verde,Batería,7
"MULTILINESTRING Z ((439482.3439 4480951.218 0,439482.9859 4480948.823 0))",2545834,Verde,Batería,1
"MULTILINESTRING Z ((441173.739 4479244.465 0,441175.4612 4479259.7983 0))",2545842,Azul,Batería,5
"MULTILINESTRING Z ((441637.4304 4477747.8353 0,441646.4921 4477745.6378 0))",2545855,Verde,Línea,2
"MULTILINESTRING Z ((443612.9057 4476997.7427 0,443605.5168 4477010.7983 0))",2545857,Verde,Línea,4
"MULTILINESTRING Z ((443577.5723 4477060.965 0,443602.4612 4477016.2427 0))",2545859,Verde,Línea,10
"MULTILINESTRING Z ((441930.739 4481209.2427 0,441931.5538 4481212.9835 0))",2545912,Verde,Batería,2
"MULTILINESTRING Z ((443299.0723 4478469.539 0,443306.4427 4478470.2057 0))",2545927,Verde,Línea,1
"MULTILINESTRING Z ((443294.8871 4478469.2427 0,443291.1464 4478468.9464 0))",2545928,Verde,Línea,1
"MULTILINESTRING Z ((443305.489 4478535.8261 0,443291.989 4478534.9927 0))",2545976,Verde,Línea,2
"MULTILINESTRING Z ((443371.0353 4478557.539 0,443368.0353 4478554.0205 0))",2545979,Verde,Línea,1
"MULTILINESTRING Z ((443395.0168 4478494.5205 0,443394.8501 4478482.2427 0))",2545989,Verde,Línea,2
"MULTILINESTRING Z ((443393.8223 4478467.5761 0,443395.239 4478477.4094 0))",2545992,Verde,Línea,2
"MULTILINESTRING Z ((443276.3611 4478617.2245 0,443273.5078 4478602.9098 0))",2546054,Verde,Línea,3
"MULTILINESTRING Z ((443277.1348 4478621.1901 0,443278.7791 4478629.0245 0))",2546055,Verde,Línea,1
"MULTILINESTRING Z ((443379.739 4478593.9094 0,443381.489 4478584.0761 0))",2546056,Verde,Línea,2
"MULTILINESTRING Z ((440889.8223 4472242.0995 0,440820.5723 4472249.9329 0))",2546104,Verde,Línea,14
"MULTILINESTRING Z ((443292.702 4478298.1687 0,443291.1464 4478302.3909 0))",2546109,Verde,Línea,1
"MULTILINESTRING Z ((442611.6557 4473378.0995 0,442641.7807 4473433.4745 0))",2546139,Verde,Línea,13
"MULTILINESTRING Z ((440362.8871 4480069.7777 0,440366.5744 4480076.4444 0))",2546142,Verde,Batería,3
"MULTILINESTRING Z ((443429.3223 4478846.3261 0,443417.9057 4478859.4094 0))",2546168,Verde,Línea,3
"MULTILINESTRING Z ((443426.8223 4478746.4927 0,443406.8223 4478749.6594 0))",2546170,Verde,Línea,4
"MULTILINESTRING Z ((440339.0353 4480929.4156 0,440349.239 4480932.0205 0))",2546174,Azul,Línea,2
"MULTILINESTRING Z ((439485.1462 4473601.6085 0,439477.3784 4473598.3379 0))",2546235,Verde,Línea,2
"MULTILINESTRING Z ((439456.239 4473590.2983 0,439465.2946 4473593.6872 0))",2546237,Verde,Línea,2
"MULTILINESTRING Z ((439082.2452 4478370.7736 0,439076.1217 4478358.1316 0))",2546262,Verde,Línea,2
"MULTILINESTRING Z ((443259.8501 4474192.5718 0,443254.7946 4474191.8495 0,443238.5168 4474187.5162 0))",2546263,Verde,Línea,4
"MULTILINESTRING Z ((439187.06 4478388.7983 0,439208.8378 4478410.8477 0))",2546267,Verde,Línea,6
"MULTILINESTRING Z ((439266.0422 4478337.4814 0,439267.7431 4478339.7201 0,439270.6402 4478343.8134 0,439277.7843 4478352.9876 0,439280.5716 4478355.9725 0,439285.4441 4478360.9437 0,439292.9777 4478367.6707 0))",2546276,Verde,Línea,8
"MULTILINESTRING Z ((439616.8501 4478694.3168 0,439630.0723 4478719.2427 0))",2546279,Verde,Línea,6
"MULTILINESTRING Z ((439524.4674 4478641.9588 0,439516.2452 4478645.3662 0))",2546282,Verde,Línea,2
"MULTILINESTRING Z ((439518.51 4480871.7226 0,439554.0132 4480881.13 0))",2546285,Verde,Línea,7
"MULTILINESTRING Z ((439972.1711 4480634.9711 0,440026.2699 4480633.7119 0))",2546299,Azul,Línea,11
"MULTILINESTRING Z ((440104.9612 4480462.0761 0,440049.6279 4480455.9094 0,440023.6834 4480452.9094 0,440022.2946 4480452.8538 0,440020.4612 4480452.9094 0,440019.1279 4480453.1872 0,440018.5168 4480453.4094 0))",2546316,Verde,Línea,18
"MULTILINESTRING Z ((439702.6732 4480512.6255 0,439710.2781 4480506.4362 0))",2546337,Verde,Batería,4
"MULTILINESTRING Z ((439139.9242 4478334.6501 0,439140.0229 4478335.0452 0,439140.7143 4478335.9341 0,439141.776 4478337.0699 0,439143.0353 4478338.2304 0))",2546405,Verde,Línea,1
"MULTILINESTRING Z ((442234.4057 4478596.6594 0,442269.3223 4478631.9094 0))",2546409,Verde,Línea,11
"MULTILINESTRING Z ((441890.4057 4472378.5995 0,441947.7807 4472418.7245 0))",2546480,Verde,Línea,13
"MULTILINESTRING Z ((439470.2946 4477594.0205 0,439484.2946 4477598.465 0))",2546511,Verde,Línea,3
"MULTILINESTRING Z ((439490.4098 4477600.395 0,439518.0476 4477609.1357 0,439561.7678 4477623.0287 0))",2546513,Verde,Línea,16
"MULTILINESTRING Z ((437560.989 4475718.5995 0,437555.8223 4475728.7662 0,437555.239 4475730.4329 0))",2546604,Verde,Línea,2
"MULTILINESTRING Z ((439197.4427 4477755.3909 0,439202.3933 4477765.2016 0))",2546687,Verde,Línea,2
"MULTILINESTRING Z ((439136.5662 4477628.9464 0,439133.2081 4477624.6748 0))",2546741,Azul,Línea,1
"MULTILINESTRING Z ((439144.2095 4477638.6282 0,439141.455 4477635.1385 0))",2546742,Azul,Línea,1
"MULTILINESTRING Z ((439436.7884 4477583.2921 0,439406.1094 4477573.5761 0,439371.1464 4477562.465 0))",2546774,Verde,Línea,14
"MULTILINESTRING Z ((439365.3234 4477560.6913 0,439355.8748 4477557.646 0))",2546780,Verde,Línea,2
"MULTILINESTRING Z ((439828.4057 4472431.7662 0,439834.3223 4472439.9329 0))",2546790,Verde,Línea,2
"MULTILINESTRING Z ((441502.4057 4471258.2662 0,441496.739 4471271.5162 0))",2546791,Verde,Línea,3
"MULTILINESTRING Z ((440620.489 4472269.8495 0,440575.9057 4472275.0162 0))",2546807,Verde,Batería,17
"MULTILINESTRING Z ((439664.1557 4476330.6829 0,439663.8223 4476324.6829 0))",2546819,Verde,Línea,1
"MULTILINESTRING Z ((439765.0307 4476358.3495 0,439765.0307 4476360.9745 0))",2546822,Verde,Batería,1
"MULTILINESTRING Z ((439768.7807 4476412.4745 0,439765.7807 4476370.7245 0))",2546823,Verde,Batería,14
"MULTILINESTRING Z ((439672.9057 4476455.5162 0,439672.1557 4476444.8495 0))",2546824,Verde,Línea,2
"MULTILINESTRING Z ((439671.739 4476435.6829 0,439672.0723 4476440.5162 0))",2546825,Verde,Línea,1
"MULTILINESTRING Z ((439739.7807 4475892.2245 0,439736.9057 4475831.9745 0))",2546830,Verde,Batería,22
"MULTILINESTRING Z ((439740.239 4475904.0718 0,439739.9057 4475896.5162 0))",2546831,Verde,Batería,3
"MULTILINESTRING Z ((439817.239 4476701.1829 0,439823.3223 4476700.8495 0))",2546835,Azul,Línea,1
"MULTILINESTRING Z ((439944.5307 4476410.7245 0,439957.739 4476410.0162 0))",2546841,Verde,Batería,5
"MULTILINESTRING Z ((439688.1557 4472602.6829 0,439714.1557 4472584.7662 0))",2546892,Verde,Batería,12
"MULTILINESTRING Z ((439740.9448 4477629.679 0,439731.4139 4477659.7201 0))",2546970,Azul,Línea,6
"MULTILINESTRING Z ((440737.739 4473084.1594 0,440761.0723 4473092.4927 0))",2547001,Verde,Línea,5
"MULTILINESTRING Z ((440602.3785 4473036.9531 0,440609.0483 4473039.2797 0))",2547004,Verde,Línea,1
"MULTILINESTRING Z ((439798.4756 4477688.4938 0,439801.0929 4477689.3168 0))",2547007,Verde,Batería,1
"MULTILINESTRING Z ((440894.9612 4478417.2427 0,440895.2946 4478421.2427 0))",2547011,Verde,Línea,1
"MULTILINESTRING Z ((441163.7651 4478343.3086 0,441167.9681 4478342.8587 0))",2547073,Azul,Línea,1
"MULTILINESTRING Z ((440814.5168 4478036.8353 0,440816.1464 4478036.7242 0))",2547095,Azul,Batería,1
"MULTILINESTRING Z ((440927.4427 4478182.3168 0,440927.6279 4478184.3538 0))",2547113,Verde,Batería,1
"MULTILINESTRING Z ((441078.3501 4478142.7983 0,441079.7946 4478161.7427 0))",2547122,Azul,Línea,4
"MULTILINESTRING Z ((441071.8501 4478116.3538 0,441073.9242 4478142.6131 0))",2547123,Azul,Línea,5
"MULTILINESTRING Z ((441023.776 4478040.2304 0,441025.9489 4478040.0576 0))",2547126,Verde,Batería,1
"MULTILINESTRING Z ((441067.1279 4478056.7427 0,441066.6834 4478052.1316 0))",2547134,Azul,Línea,1
"MULTILINESTRING Z ((441372.3223 4477970.8261 0,441370.8223 4477951.4927 0))",2547173,Azul,Línea,4
"MULTILINESTRING Z ((440398.9862 4477939.8163 0,440388.6382 4477941.1516 0))",2547180,Verde,Línea,2
"MULTILINESTRING Z ((443467.2328 4475844.0329 0,443479.8007 4475845.86 0))",2547181,Verde,Batería,4
"MULTILINESTRING Z ((440468.0376 4477951.011 0,440468.7793 4477954.1634 0))",2547187,Verde,Línea,1
"MULTILINESTRING Z ((440457.7389 4477843.8377 0,440458.3561 4477848.8994 0))",2547204,Verde,Línea,1
"MULTILINESTRING Z ((440930.7286 4477851.8788 0,440932.6571 4477851.6934 0))",2547228,Verde,Batería,1
"MULTILINESTRING Z ((441000.204 4477860.8888 0,441007.2987 4477860.3456 0))",2547237,Verde,Línea,1
"MULTILINESTRING Z ((439578.1094 4478027.1316 0,439585.3316 4478029.2427 0))",2547238,Verde,Línea,1
"MULTILINESTRING Z ((441019.4304 4477859.3744 0,441013.0929 4477859.8847 0))",2547239,Verde,Línea,1
"MULTILINESTRING Z ((439811.6032 4477702.2551 0,439817.4797 4477704.1316 0))",2547242,Verde,Línea,1
"MULTILINESTRING Z ((440348.6834 4477639.3538 0,440354.3501 4477640.8538 0))",2547244,Verde,Línea,1
"MULTILINESTRING Z ((439823.0353 4477705.9094 0,439828.6896 4477707.7119 0))",2547245,Verde,Línea,1
"MULTILINESTRING Z ((439727.1834 4477894.0576 0,439724.4057 4477893.7242 0))",2547263,Azul,Batería,1
"MULTILINESTRING Z ((439785.694 4477781.8429 0,439791.3068 4477783.6031 0))",2547274,Verde,Línea,1
"MULTILINESTRING Z ((440775.8007 4477154.1563 0,440786.4674 4477153.3909 0))",2547339,Verde,Línea,2
"MULTILINESTRING Z ((443594.4057 4477097.5761 0,443595.3223 4477098.9927 0,443596.9057 4477100.1594 0,443597.489 4477100.9094 0))",2547349,Verde,Línea,1
"MULTILINESTRING Z ((443733.8206 4474394.9469 0,443727.5052 4474383.3542 0,443724.5637 4474377.3848 0,443722.1414 4474371.675 0,443718.5943 4474362.1586 0,443714.6148 4474350.3064 0,443711.1543 4474338.5406 0))",2547361,Verde,Línea,12
"MULTILINESTRING Z ((439517.9715 4472755.7913 0,439640.2139 4472712.3186 0))",2547362,Verde,Línea,27
"MULTILINESTRING Z ((440268.1661 4476235.9366 0,440267.3875 4476213.7461 0))",2547364,Azul,Línea,4
"MULTILINESTRING Z ((439559.5908 4477806.0205 0,439561.6279 4477799.3909 0))",2547368,Verde,Línea,1
"MULTILINESTRING Z ((439380.1557 4474081.5995 0,439392.0307 4474080.3495 0))",2547413,Verde,Línea,2
"MULTILINESTRING Z ((441478.1557 4473324.2245 0,441469.9057 4473312.5995 0))",2547423,Verde,Línea,3
"MULTILINESTRING Z ((440568.6046 4480855.7695 0,440566.0696 4480860.3237 0))",2547463,Verde,Línea,1
"MULTILINESTRING Z ((441437.1694 4474384.1376 0,441445.5085 4474383.5816 0))",2547497,Verde,Batería,3
"MULTILINESTRING Z ((440409.0271 4479920.0493 0,440411.6937 4479923.7366 0))",2547498,Verde,Línea,1
"MULTILINESTRING Z ((440415.0243 4479928.3511 0,440420.4564 4479935.8683 0))",2547500,Verde,Línea,2
"MULTILINESTRING Z ((442463.2205 4476004.8724 0,442443.8501 4476006.2798 0))",2547551,Azul,Línea,4
"MULTILINESTRING Z ((443170.5875 4473840.8991 0,443173.79 4473885.5272 0))",2547552,Azul,Línea,9
"MULTILINESTRING Z ((443174.2032 4473892.6553 0,443175.5462 4473913.6264 0))",2547554,Azul,Línea,4
"MULTILINESTRING Z ((442443.9242 4476010.1316 0,442428.0353 4476011.2798 0))",2547555,Azul,Línea,3
"MULTILINESTRING Z ((442697.739 4475987.8724 0,442674.2205 4475989.502 0))",2547597,Azul,Línea,5
"MULTILINESTRING Z ((442616.739 4476129.1316 0,442616.5168 4476125.5205 0))",2547608,Azul,Línea,1
"MULTILINESTRING Z ((443164.3223 4473759.4927 0,443162.989 4473739.3261 0))",2547614,Azul,Línea,4
"MULTILINESTRING Z ((443036.4797 4475801.9464 0,443040.5168 4475801.6872 0))",2547641,Verde,Línea,1
"MULTILINESTRING Z ((442047.93 4475178.8904 0,442066.6749 4475177.6226 0))",2547721,Azul,Línea,3
"MULTILINESTRING Z ((441369.8223 4475909.1829 0,441349.6557 4475908.9329 0))",2547802,Verde,Línea,4
"MULTILINESTRING Z ((443314.489 4474248.4329 0,443299.8223 4474239.5995 0))",2547815,Azul,Batería,7
"MULTILINESTRING Z ((443264.5723 4473575.5995 0,443262.239 4473541.8495 0))",2547821,Verde,Batería,17
"MULTILINESTRING Z ((443262.0723 4473540.1829 0,443261.989 4473535.7662 0))",2547823,Verde,Batería,2
"MULTILINESTRING Z ((443455.0723 4473542.5162 0,443448.989 4473549.7662 0))",2547830,Verde,Batería,4
"MULTILINESTRING Z ((443755.3392 4474278.6501 0,443756.0904 4474281.1539 0))",2547832,Verde,Batería,1
"MULTILINESTRING Z ((443426.6557 4473931.6829 0,443423.9057 4473928.4329 0))",2547835,Verde,Batería,2
"MULTILINESTRING Z ((442526.2946 4476416.5205 0,442525.7946 4476411.965 0))",2547933,Verde,Línea,1
"MULTILINESTRING Z ((443728.7906 4473682.3772 0,443737.7686 4473704.0582 0))",2547973,Verde,Batería,10
"MULTILINESTRING Z ((442609.5723 4476103.9927 0,442604.8223 4476104.2427 0))",2548154,Verde,Línea,1
"MULTILINESTRING Z ((443294.447 4473124.7871 0,443345.1404 4473123.6712 0))",2548155,Verde,Batería,19
"MULTILINESTRING Z ((443315.6718 4473706.8353 0,443345.6737 4473735.6407 0))",2548160,Verde,Batería,15
"MULTILINESTRING Z ((440653.9057 4473663.0995 0,440654.0723 4473644.7662 0))",2548161,Verde,Línea,4
"MULTILINESTRING Z ((440654.3223 4473640.0995 0,440654.4057 4473628.6829 0))",2548162,Verde,Línea,2
"MULTILINESTRING Z ((442499.9057 4476012.6316 0,442501.239 4476031.7983 0))",2548219,Verde,Línea,4
"MULTILINESTRING Z ((443682.787 4474253.3449 0,443687.2005 4474259.3069 0))",2548255,Verde,Batería,3
"MULTILINESTRING Z ((440647.489 4480783.4094 0,440642.5723 4480779.0761 0,440640.6557 4480778.0761 0,440639.4057 4480777.6594 0))",2548259,Verde,Línea,2
"MULTILINESTRING Z ((442920.2946 4475821.9094 0,442917.5168 4475822.0946 0))",2548265,Verde,Batería,1
"MULTILINESTRING Z ((442414.0332 4475585.1603 0,442391.5203 4475586.8006 0))",2548418,Verde,Línea,4
"MULTILINESTRING Z ((443495.739 4474398.1829 0,443503.1557 4474411.7662 0))",2548564,Azul,Línea,3
"MULTILINESTRING Z ((443279.8223 4473605.0995 0,443278.5723 4473585.8495 0))",2548568,Verde,Línea,5
"MULTILINESTRING Z ((443181.352 4473449.7875 0,443177.5789 4473450.0967 0))",2548569,Verde,Línea,1
"MULTILINESTRING Z ((443264.6698 4474193.0917 0,443302.0918 4474195.6278 0))",2548570,Verde,Línea,8
"MULTILINESTRING Z ((443415.9057 4474267.2662 0,443460.989 4474294.6829 0,443464.239 4474295.6829 0,443469.4057 4474297.0995 0,443473.739 4474297.8495 0,443484.8223 4474298.0162 0,443490.6557 4474296.9329 0,443494.489 4474295.5995 0))",2548583,Verde,Línea,17
"MULTILINESTRING Z ((443496.9057 4474294.5995 0,443500.989 4474292.7662 0))",2548584,Verde,Línea,1
"MULTILINESTRING Z ((443286.739 4473174.9927 0,443348.1557 4473170.9094 0))",2548585,Verde,Línea,12
"MULTILINESTRING Z ((443286.0723 4473175.0162 0,443275.5723 4473175.2662 0))",2548586,Verde,Línea,3
"MULTILINESTRING Z ((443365.6557 4473277.3495 0,443360.5307 4473198.3495 0))",2548614,Verde,Batería,30
"MULTILINESTRING Z ((443357.8289 4473144.6545 0,443358.8036 4473165.4008 0))",2548615,Verde,Batería,8
"MULTILINESTRING Z ((443431.1557 4473275.2245 0,443428.6557 4473238.8495 0))",2548616,Verde,Batería,14
"MULTILINESTRING Z ((443426.0952 4473181.0184 0,443428.9773 4473229.0235 0))",2548617,Verde,Batería,19
"MULTILINESTRING Z ((439653.8223 4481522.3261 0,439658.4057 4481523.8261 0))",2548619,Verde,Línea,1
"MULTILINESTRING Z ((439550.6557 4481488.4927 0,439563.0723 4481492.8261 0,439585.6557 4481500.9094 0,439590.5723 4481502.5761 0,439600.0723 4481505.5761 0,439610.739 4481509.0761 0))",2548620,Verde,Línea,13
"MULTILINESTRING Z ((439885.5168 4476551.7384 0,439863.0723 4476553.2384 0))",2548652,Verde,Batería,9
"MULTILINESTRING Z ((441286.0312 4479729.1357 0,441290.0641 4479730.288 0))",2548674,Verde,Línea,1
"MULTILINESTRING Z ((441354.5168 4479690.2798 0,441355.1094 4479687.9464 0))",2548688,Azul,Batería,1
"MULTILINESTRING Z ((443747.8503 4473927.943 0,443633.7846 4473938.1144 0))",2548696,Verde,Batería,44
"MULTILINESTRING Z ((441337.8223 4472116.3495 0,441311.3223 4472154.1829 0))",2548752,Verde,Línea,9
"MULTILINESTRING Z ((439255.3875 4473045.8291 0,439243.6252 4473040.1543 0))",2548758,Verde,Línea,3
"MULTILINESTRING Z ((440845.4427 4480169.7613 0,440848.9242 4480166.4279 0))",2548804,Verde,Línea,1
"MULTILINESTRING Z ((440927.8748 4480159.5884 0,440908.2205 4480178.8971 0))",2548832,Verde,Línea,4
"MULTILINESTRING Z ((443220.0011 4473971.7724 0,443290.2608 4473967.1318 0))",2548857,Verde,Batería,28
"MULTILINESTRING Z ((443406.0845 4473720.7137 0,443453.3455 4473669.4784 0))",2548861,Verde,Batería,23
"MULTILINESTRING Z ((443361.6388 4473362.2432 0,443362.4795 4473372.331 0,443369.5783 4473371.7706 0))",2548863,Verde,Batería,7
"MULTILINESTRING Z ((443407.989 4473568.2427 0,443398.4057 4473557.8261 0))",2548868,Verde,Batería,6
"MULTILINESTRING Z ((443592.1764 4473473.7321 0,443594.9685 4473475.8036 0,443606.587 4473461.1229 0))",2548871,Verde,Batería,9
"MULTILINESTRING Z ((443438.954 4473817.9512 0,443431.5896 4473793.8326 0))",2548943,Verde,Batería,9
"MULTILINESTRING Z ((443260.1524 4473504.9846 0,443260.8604 4473521.4693 0))",2548945,Verde,Batería,8
"MULTILINESTRING Z ((443373.7827 4473953.9044 0,443369.6172 4473939.2769 0))",2548946,Verde,Batería,7
"MULTILINESTRING Z ((443333.1562 4473411.1151 0,443328.0446 4473393.57 0))",2548947,Verde,Batería,6
"MULTILINESTRING Z ((443433.3223 4473568.7662 0,443446.3223 4473552.1829 0))",2548948,Verde,Batería,8
"MULTILINESTRING Z ((443385.8753 4474071.0868 0,443389.8455 4474127.9925 0))",2548951,Verde,Batería,19
"MULTILINESTRING Z ((443756.5911 4474146.0346 0,443761.6821 4474140.3594 0))",2548954,Azul,Batería,2
"MULTILINESTRING Z ((443330.8689 4473337.0759 0,443331.495 4473328.9363 0))",2548955,Verde,Batería,4
"MULTILINESTRING Z ((443238.2144 4473305.8348 0,443218.3077 4473307.5455 0))",2548956,Verde,Batería,6
"MULTILINESTRING Z ((443377.7404 4473123.193 0,443348.8069 4473123.4321 0))",2548961,Verde,Batería,11
"MULTILINESTRING Z ((443292.3776 4473966.969 0,443303.0427 4473966.3177 0))",2548962,Verde,Batería,6
"MULTILINESTRING Z ((443763.4611 4473765.4718 0,443766.7084 4473773.3992 0))",2548970,Verde,Batería,3
"MULTILINESTRING Z ((443679.4632 4473684.3228 0,443673.7553 4473691.065 0))",2548971,Verde,Batería,3
"MULTILINESTRING Z ((443303.7163 4473964.3414 0,443302.7394 4473950.6651 0))",2548972,Verde,Batería,6
"MULTILINESTRING Z ((440969.7267 4480039.218 0,440967.6279 4480036.9958 0))",2548978,Verde,Línea,1
"MULTILINESTRING Z ((441068.9612 4480310.0329 0,441066.8131 4480305.5637 0))",2548982,Verde,Línea,1
"MULTILINESTRING Z ((441276.2946 4479833.9464 0,441274.0353 4479829.2427 0))",2548986,Verde,Línea,1
"MULTILINESTRING Z ((439104.3686 4475364.3125 0,439112.0723 4475353.6829 0))",2548992,Azul,Línea,3
"MULTILINESTRING Z ((443731.489 4474806.4329 0,443706.5723 4474807.0162 0))",2549033,Verde,Línea,5
"MULTILINESTRING Z ((440980.9364 4480171.0105 0,440998.9364 4480153.5661 0))",2549066,Azul,Línea,5
"MULTILINESTRING Z ((441104.8493 4476943.4875 0,441085.4948 4476945.0121 0))",2549116,Verde,Batería,8
"MULTILINESTRING Z ((441052.9689 4476950.9837 0,441053.7736 4476949.6284 0,441054.8324 4476948.5273 0,441055.7218 4476947.9344 0,441056.5265 4476947.5109 0,441057.8393 4476947.1297 0,441075.9234 4476945.7321 0))",2549117,Verde,Batería,10
"MULTILINESTRING Z ((441054.5359 4476985.9235 0,441054.7053 4476988.2105 0))",2549118,Verde,Batería,1
"MULTILINESTRING Z ((441067.7919 4476980.7143 0,441066.7331 4476982.7472 0))",2549119,Verde,Batería,1
"MULTILINESTRING Z ((441069.814 4476959.7357 0,441069.5599 4476957.004 0))",2549120,Verde,Batería,1
"MULTILINESTRING Z ((443580.3223 4475742.2427 0,443581.8223 4475736.5761 0))",2549125,Verde,Línea,1
"MULTILINESTRING Z ((441105.239 4476964.1316 0,441098.8501 4476966.465 0,441093.8501 4476968.7427 0,441083.7946 4476974.8538 0,441080.6279 4476977.2983 0))",2549126,Verde,Línea,5
"MULTILINESTRING Z ((441087.6032 4480067.9341 0,441091.3069 4480064.3538 0))",2549143,Azul,Línea,1
"MULTILINESTRING Z ((441097.5696 4479997.8497 0,441090.2532 4480004.4052 0))",2549180,Verde,Línea,2
"MULTILINESTRING Z ((441083.7269 4480010.2708 0,441087.7849 4480006.6419 0))",2549181,Verde,Línea,1
"MULTILINESTRING Z ((440982.989 4474708.9927 0,440983.1557 4474683.8261 0))",2549184,Verde,Línea,5
"MULTILINESTRING Z ((440111.5723 4479584.8261 0,440113.8223 4479581.1594 0,440114.4057 4479580.0761 0))",2549190,Verde,Línea,1
"MULTILINESTRING Z ((443080.8223 4478458.4927 0,443079.9057 4478448.9927 0))",2549193,Verde,Batería,3
"MULTILINESTRING Z ((442567.2866 4479447.3181 0,442555.5307 4479449.7487 0))",2549199,Verde,Línea,2
"MULTILINESTRING Z ((442278.0312 4480191.2757 0,442277.8995 4480185.4156 0))",2549203,Verde,Batería,2
"MULTILINESTRING Z ((440005.9057 4479944.9511 0,440018.7807 4479940.9511 0))",2549206,Verde,Batería,4
"MULTILINESTRING Z ((443245.6279 4475920.8538 0,443240.6834 4475920.1316 0))",2549207,Verde,Línea,1
"MULTILINESTRING Z ((440031.5723 4479936.965 0,440036.3223 4479935.4927 0))",2549209,Verde,Batería,2
"MULTILINESTRING Z ((440294.2205 4480163.465 0,440286.9983 4480161.2057 0))",2549228,Verde,Batería,3
"MULTILINESTRING Z ((440406.5854 4480144.7681 0,440405.1149 4480142.3758 0))",2549230,Verde,Batería,1
"MULTILINESTRING Z ((441029.4057 4479993.502 0,441032.6279 4479990.502 0))",2549278,Verde,Línea,1
"MULTILINESTRING Z ((440985.4797 4480035.2921 0,440990.5662 4480030.5514 0))",2549285,Verde,Línea,1
"MULTILINESTRING Z ((440998.1464 4480023.465 0,441003.0106 4480018.9218 0))",2549287,Verde,Línea,1
"MULTILINESTRING Z ((440336.7637 4479454.3045 0,440342.7225 4479469.2839 0))",2549300,Verde,Línea,3
"MULTILINESTRING Z ((440419.3686 4479768.7242 0,440409.6649 4479744.6872 0))",2549307,Verde,Línea,5
"MULTILINESTRING Z ((440472.1053 4479664.181 0,440477.1588 4479663.6872 0))",2549332,Verde,Línea,1
"MULTILINESTRING Z ((440483.0847 4479663.1275 0,440488.632 4479662.6172 0))",2549337,Verde,Línea,1
"MULTILINESTRING Z ((440707.239 4479460.6316 0,440715.4612 4479477.965 0))",2549370,Verde,Línea,4
"MULTILINESTRING Z ((440735.99 4479452.6748 0,440744.6485 4479449.7283 0))",2549372,Verde,Batería,4
"MULTILINESTRING Z ((441461.0723 4474218.5162 0,441488.239 4474220.2662 0))",2549428,Verde,Batería,11
"MULTILINESTRING Z ((441504.1557 4474221.5995 0,441491.5723 4474220.7662 0))",2549429,Verde,Batería,5
"MULTILINESTRING Z ((441394.8501 4474077.7384 0,441400.3501 4474077.9606 0))",2549430,Verde,Línea,1
"MULTILINESTRING Z ((441182.5021 4474260.083 0,441214.5957 4474254.3667 0))",2549431,Azul,Línea,6
"MULTILINESTRING Z ((442390.989 4474458.8495 0,442395.1557 4474443.8495 0))",2549436,Azul,Línea,3
"MULTILINESTRING Z ((442396.1557 4474439.5995 0,442395.1557 4474443.4329 0))",2549437,Azul,Línea,1
"MULTILINESTRING Z ((442511.0307 4474008.8495 0,442499.1557 4474052.2245 0))",2549439,Azul,Línea,9
"MULTILINESTRING Z ((442507.4057 4473428.2245 0,442502.2807 4473418.8495 0))",2549442,Verde,Línea,2
"MULTILINESTRING Z ((439584.4345 4480689.5802 0,439599.7102 4480693.6131 0))",2549444,Verde,Batería,7
"MULTILINESTRING Z ((441537.739 4474376.7662 0,441530.489 4474377.4329 0))",2549445,Verde,Batería,3
"MULTILINESTRING Z ((441523.739 4474377.8495 0,441528.4057 4474377.5162 0))",2549446,Verde,Batería,2
"MULTILINESTRING Z ((442362.3663 4473303.317 0,442351.1454 4473306.1641 0))",2549448,Verde,Línea,2
"MULTILINESTRING Z ((440465.0723 4475475.5761 0,440476.739 4475437.0761 0))",2549476,Verde,Línea,8
"MULTILINESTRING Z ((440449.4658 4475528.5319 0,440452.4211 4475518.9272 0))",2549478,Verde,Línea,2
"MULTILINESTRING Z ((440522.2177 4474634.7104 0,440529.9677 4474649.8771 0))",2549479,Verde,Línea,3
"MULTILINESTRING Z ((440546.739 4474685.3261 0,440539.1557 4474670.4927 0))",2549480,Verde,Línea,3
"MULTILINESTRING Z ((440553.8223 4474700.2427 0,440547.0723 4474686.1594 0))",2549481,Verde,Línea,3
"MULTILINESTRING Z ((440608.4057 4474796.5761 0,440601.9057 4474786.2011 0))",2549483,Verde,Línea,2
"MULTILINESTRING Z ((440624.2807 4474824.4511 0,440613.0307 4474805.8261 0))",2549484,Verde,Línea,3
"MULTILINESTRING Z ((440640.1557 4474852.4511 0,440628.2807 4474832.2011 0))",2549485,Verde,Línea,4
"MULTILINESTRING Z ((440656.8362 4474881.5564 0,440645.2213 4474862.573 0))",2549486,Verde,Línea,4
"MULTILINESTRING Z ((440677.4431 4474918.7738 0,440701.1724 4474959.2384 0))",2549488,Verde,Línea,7
"MULTILINESTRING Z ((442821.6557 4474624.3495 0,442802.0723 4474625.9329 0))",2549490,Verde,Línea,4
"MULTILINESTRING Z ((441885.5723 4474698.5995 0,441879.4057 4474697.0162 0))",2549492,Azul,Línea,1
"MULTILINESTRING Z ((439698.2946 4480515.86 0,439702.1711 4480513.0205 0))",2549496,Verde,Batería,2
"MULTILINESTRING Z ((443160.0723 4473976.1829 0,443141.9057 4473977.4329 0))",2549506,Verde,Línea,4
"MULTILINESTRING Z ((443126.739 4473978.2662 0,443137.5723 4473977.5995 0))",2549507,Verde,Línea,2
"MULTILINESTRING Z ((442719.739 4473751.2662 0,442766.8223 4473726.1829 0))",2549510,Verde,Línea,13
"MULTILINESTRING Z ((442785.5723 4473715.9329 0,442769.3223 4473724.7662 0))",2549511,Verde,Línea,4
"MULTILINESTRING Z ((442948.1557 4473641.2245 0,442973.9057 4473639.4745 0))",2549512,Azul,Línea,5
"MULTILINESTRING Z ((443138.489 4473624.5995 0,443134.3223 4473625.0162 0))",2549513,Azul,Batería,2
"MULTILINESTRING Z ((443128.3223 4473625.2662 0,443133.0723 4473624.9329 0))",2549514,Azul,Batería,2
"MULTILINESTRING Z ((442895.3166 4473553.0807 0,442908.8764 4473557.3275 0,442919.6795 4473563.4369 0,442927.5025 4473571.7069 0,442932.4198 4473578.4123 0,442936.0705 4473585.4902 0))",2549515,Verde,Línea,10
"MULTILINESTRING Z ((443126.4442 4473314.5004 0,443092.4914 4473316.3509 0))",2549516,Verde,Línea,7
"MULTILINESTRING Z ((443086.0548 4473316.9141 0,443090.319 4473316.5118 0))",2549517,Verde,Línea,1
"MULTILINESTRING Z ((443051.6997 4473424.2035 0,443053.0272 4473443.6339 0))",2549520,Verde,Batería,9
"MULTILINESTRING Z ((443053.872 4473454.0128 0,443053.1479 4473444.8407 0))",2549522,Verde,Línea,2
"MULTILINESTRING Z ((442983.6423 4473179.9689 0,442981.1579 4473176.5422 0))",2549527,Verde,Línea,1
"MULTILINESTRING Z ((441153.3501 4480511.8538 0,441147.2205 4480514.6501 0))",2549529,Verde,Línea,1
"MULTILINESTRING Z ((441368.1464 4480516.7983 0,441368.2946 4480517.9094 0))",2549632,Verde,Batería,1
"MULTILINESTRING Z ((441084.7946 4480321.9094 0,441095.0168 4480343.7983 0))",2549685,Verde,Línea,5
"MULTILINESTRING Z ((441578.0155 4480522.3511 0,441578.6253 4480525.2086 0))",2549687,Verde,Batería,1
"MULTILINESTRING Z ((441630.278 4480499.1863 0,441631.245 4480503.3157 0))",2549690,Verde,Línea,1
"MULTILINESTRING Z ((441638.1186 4480510.0326 0,441643.1105 4480509.0133 0))",2549692,Verde,Línea,1
"MULTILINESTRING Z ((441832.0723 4477871.9927 0,441830.739 4477853.1594 0))",2549728,Verde,Línea,4
"MULTILINESTRING Z ((442720.4427 4477054.7983 0,442724.6649 4477046.5761 0))",2549739,Verde,Línea,2
"MULTILINESTRING Z ((440605.3223 4471946.5162 0,440619.4057 4471945.0162 0))",2549741,Verde,Línea,3
"MULTILINESTRING Z ((441146.3534 4475337.6473 0,441161.9999 4475327.159 0))",2549743,Verde,Línea,3
"MULTILINESTRING Z ((441068.5508 4475389.5731 0,441086.6044 4475377.4513 0))",2549746,Verde,Línea,4
"MULTILINESTRING Z ((441261.989 4475124.9329 0,441268.489 4475146.3495 0))",2549748,Verde,Batería,8
"MULTILINESTRING Z ((441268.5723 4475161.8261 0,441258.1557 4475128.3261 0))",2549749,Verde,Línea,7
"MULTILINESTRING Z ((440855.1834 4478321.0699 0,440828.5662 4478323.218 0))",2549754,Verde,Línea,6
"MULTILINESTRING Z ((441278.739 4475174.0761 0,441273.9057 4475158.9927 0))",2549758,Verde,Batería,6
"MULTILINESTRING Z ((440769.8871 4478319.6872 0,440796.702 4478317.6131 0))",2549759,Verde,Línea,5
"MULTILINESTRING Z ((440762.989 4478337.0761 0,440766.3223 4478376.3261 0))",2549767,Verde,Línea,8
"MULTILINESTRING Z ((441610.2946 4480436.8353 0,441612.5538 4480446.5761 0))",2549772,Verde,Línea,2
"MULTILINESTRING Z ((441614.4057 4480454.7427 0,441613.1279 4480449.1316 0))",2549775,Verde,Línea,1
"MULTILINESTRING Z ((441167.3645 4480347.9835 0,441171.595 4480346.0082 0))",2549777,Verde,Línea,1
"MULTILINESTRING Z ((441368.4612 4480321.965 0,441365.7946 4480316.5205 0))",2549780,Verde,Línea,1
"MULTILINESTRING Z ((441470.1711 4480344.502 0,441467.8007 4480339.5143 0))",2549782,Verde,Línea,1
"MULTILINESTRING Z ((441463.7882 4480084.7431 0,441469.7471 4480083.4756 0))",2549798,Verde,Línea,1
"MULTILINESTRING Z ((441538.6279 4480315.7983 0,441542.1834 4480314.3538 0))",2549817,Verde,Línea,1
"MULTILINESTRING Z ((439429.989 4476573.4329 0,439428.6557 4476550.5995 0))",2549881,Azul,Línea,5
"MULTILINESTRING Z ((439630.989 4475943.0761 0,439630.1557 4475932.0761 0))",2549884,Verde,Línea,2
"MULTILINESTRING Z ((439520.7781 4476376.6998 0,439518.7602 4476346.6834 0))",2549904,Azul,Línea,5
"MULTILINESTRING Z ((439223.1557 4476596.3495 0,439154.5307 4476601.2245 0))",2549906,Verde,Línea,14
"MULTILINESTRING Z ((441278.8223 4472831.7427 0,441301.9057 4472830.1594 0))",2549913,Verde,Línea,4
"MULTILINESTRING Z ((440851.6219 4478273.4049 0,440845.06 4478273.9423 0))",2549951,Verde,Batería,2
"MULTILINESTRING Z ((441154.6557 4472714.0162 0,441189.8223 4472711.6829 0))",2549997,Verde,Línea,8
"MULTILINESTRING Z ((441215.989 4472709.7662 0,441193.8223 4472711.2662 0))",2549998,Verde,Línea,7
"MULTILINESTRING Z ((441367.5723 4472698.9329 0,441356.1557 4472699.7662 0))",2549999,Verde,Batería,4
"MULTILINESTRING Z ((441353.8223 4472699.7662 0,441349.0723 4472700.0995 0))",2550000,Verde,Batería,2
"MULTILINESTRING Z ((441401.9057 4472695.1829 0,441436.8223 4472692.7662 0))",2550001,Verde,Batería,13
"MULTILINESTRING Z ((441460.3223 4472691.3495 0,441440.489 4472692.8495 0))",2550002,Verde,Batería,10
"MULTILINESTRING Z ((441165.0723 4473119.3261 0,441163.739 4473105.1594 0))",2550013,Azul,Línea,3
"MULTILINESTRING Z ((441619.3223 4472625.8495 0,441619.0723 4472622.8495 0))",2550018,Verde,Línea,1
"MULTILINESTRING Z ((441608.5307 4472490.8495 0,441607.7807 4472481.0995 0))",2550020,Verde,Línea,2
"MULTILINESTRING Z ((441628.4908 4472621.2423 0,441633.6115 4472615.5119 0))",2550022,Verde,Batería,3
"MULTILINESTRING Z ((441635.0745 4472613.3174 0,441640.6829 4472606.7336 0))",2550023,Verde,Batería,3
"MULTILINESTRING Z ((441642.024 4472605.5144 0,441647.5105 4472598.4429 0))",2550024,Verde,Batería,3
"MULTILINESTRING Z ((441648.4859 4472597.8333 0,441653.4847 4472591.7373 0))",2550025,Verde,Batería,3
"MULTILINESTRING Z ((441654.2162 4472590.7619 0,441659.3369 4472584.5439 0))",2550026,Verde,Batería,3
"MULTILINESTRING Z ((441666.5303 4472576.2532 0,441671.4071 4472570.0352 0))",2550027,Verde,Batería,3
"MULTILINESTRING Z ((441660.1904 4472583.8124 0,441665.7987 4472576.9848 0))",2550028,Verde,Batería,3
"MULTILINESTRING Z ((441632.6361 4472623.9245 0,441636.0499 4472619.7792 0))",2550029,Verde,Batería,2
"MULTILINESTRING Z ((441636.7814 4472619.1696 0,441640.1952 4472615.0243 0))",2550030,Verde,Batería,2
"MULTILINESTRING Z ((441640.8048 4472614.2927 0,441645.9255 4472608.1967 0))",2550031,Verde,Batería,3
"MULTILINESTRING Z ((441646.5351 4472607.587 0,441651.2901 4472601.6129 0))",2550032,Verde,Batería,3
"MULTILINESTRING Z ((441651.8997 4472600.8814 0,441657.0204 4472594.9072 0))",2550033,Verde,Batería,3
"MULTILINESTRING Z ((441657.3862 4472594.1757 0,441662.5069 4472587.9577 0))",2550034,Verde,Batería,3
"MULTILINESTRING Z ((441663.2384 4472587.1042 0,441667.8714 4472581.6178 0))",2550035,Verde,Batería,3
"MULTILINESTRING Z ((441673.5845 4472574.6031 0,441677.3623 4472570.1031 0))",2550036,Verde,Batería,3
"MULTILINESTRING Z ((441668.3591 4472580.8862 0,441673.3579 4472574.9121 0))",2550037,Verde,Batería,3
"MULTILINESTRING Z ((440737.989 4472615.9329 0,440754.9057 4472639.9329 0))",2550042,Verde,Línea,6
"MULTILINESTRING Z ((440885.3769 4472613.009 0,440874.6575 4472613.8498 0))",2550045,Verde,Línea,3
"MULTILINESTRING Z ((440736.4041 4472578.6557 0,440746.1068 4472577.8211 0))",2550048,Verde,Línea,2
"MULTILINESTRING Z ((440882.0483 4472568.9531 0,440863.3733 4472570.518 0))",2550052,Verde,Línea,4
"MULTILINESTRING Z ((440860.8694 4472570.6224 0,440824.354 4472573.9609 0))",2550053,Verde,Línea,8
"MULTILINESTRING Z ((440821.5371 4472574.0652 0,440780.6399 4472577.8211 0))",2550054,Verde,Línea,8
"MULTILINESTRING Z ((440741.6206 4472581.1597 0,440774.2758 4472578.3427 0))",2550055,Verde,Línea,8
"MULTILINESTRING Z ((440942.4552 4472563.3193 0,440956.8527 4472561.8587 0))",2550056,Verde,Línea,3
"MULTILINESTRING Z ((441030.3008 4472555.0772 0,441000.2539 4472557.9985 0))",2550059,Verde,Línea,6
"MULTILINESTRING Z ((440897.1557 4472563.5995 0,440868.8223 4472566.0995 0))",2550063,Verde,Línea,6
"MULTILINESTRING Z ((441502.4057 4472590.9745 0,441503.4057 4472604.3495 0))",2550064,Verde,Línea,3
"MULTILINESTRING Z ((441506.2807 4472634.3495 0,441503.7807 4472607.5995 0))",2550065,Verde,Línea,6
"MULTILINESTRING Z ((441021.9057 4472552.1594 0,441025.4057 4472551.9094 0))",2550070,Verde,Línea,1
"MULTILINESTRING Z ((441028.1834 4472551.7983 0,441057.7946 4472549.5761 0))",2550071,Verde,Línea,7
"MULTILINESTRING Z ((441154.4549 4479267.4179 0,441153.1216 4479255.6772 0))",2550096,Verde,Batería,4
"MULTILINESTRING Z ((439363.4304 4477541.6954 0,439374.5579 4477507.3086 0))",2550107,Azul,Línea,7
"MULTILINESTRING Z ((440115.5723 4475147.1829 0,440103.1557 4475113.5995 0))",2550109,Verde,Línea,5
"MULTILINESTRING Z ((440253.4057 4476213.9329 0,440253.3223 4476208.2662 0))",2550129,Azul,Línea,1
"MULTILINESTRING Z ((440005.1557 4475931.5162 0,440006.3223 4475946.3495 0))",2550137,Verde,Línea,3
"MULTILINESTRING Z ((439761.489 4476289.8495 0,439758.989 4476252.5995 0))",2550138,Verde,Batería,12
"MULTILINESTRING Z ((439790.4057 4476675.4511 0,439785.9057 4476605.2011 0))",2550140,Verde,Línea,14
"MULTILINESTRING Z ((439890.5723 4476115.2662 0,439888.8223 4476089.4329 0))",2550143,Verde,Línea,5
"MULTILINESTRING Z ((439294.0141 4473257.4574 0,439303.7696 4473275.1619 0))",2550183,Verde,Línea,4
"MULTILINESTRING Z ((439184.989 4473094.4329 0,439186.6557 4473088.3495 0))",2550208,Azul,Línea,1
"MULTILINESTRING Z ((439061.6557 4473310.4329 0,439071.4057 4473271.2662 0))",2550217,Verde,Línea,8
"MULTILINESTRING Z ((439097.489 4473844.5162 0,439072.489 4473841.1829 0))",2550225,Verde,Línea,5
"MULTILINESTRING Z ((439054.739 4473839.1829 0,439069.0723 4473840.9329 0))",2550226,Verde,Línea,3
"MULTILINESTRING Z ((439319.5307 4473095.8495 0,439356.2807 4473138.2245 0))",2550234,Verde,Línea,11
"MULTILINESTRING Z ((439420.5307 4473212.7245 0,439413.9057 4473201.5995 0))",2550235,Verde,Línea,2
"MULTILINESTRING Z ((438850.8701 4473438.5266 0,438861.5486 4473438.366 0))",2550239,Verde,Batería,4
"MULTILINESTRING Z ((439358.4057 4472981.9511 0,439354.7807 4472979.3261 0))",2550242,Verde,Línea,1
"MULTILINESTRING Z ((439086.2807 4473562.0995 0,439112.0307 4473507.2245 0))",2550249,Verde,Línea,12
"MULTILINESTRING Z ((439113.4057 4473504.3495 0,439116.1557 4473498.7245 0))",2550250,Verde,Línea,1
"MULTILINESTRING Z ((439096.8911 4473757.0029 0,439124.8896 4473829.4584 0))",2550251,Azul,Línea,16
"MULTILINESTRING Z ((439130.1866 4473842.8901 0,439126.5922 4473834.1879 0))",2550252,Azul,Línea,2
"MULTILINESTRING Z ((439506.8223 4472879.9927 0,439500.8223 4472862.9927 0))",2550253,Verde,Batería,6
"MULTILINESTRING Z ((439500.4057 4472861.9094 0,439499.3223 4472858.9094 0))",2550254,Verde,Batería,1
"MULTILINESTRING Z ((439511.0265 4472891.6535 0,439507.2763 4472881.3404 0))",2550255,Verde,Batería,4
"MULTILINESTRING Z ((439426.4057 4472782.2427 0,439439.6557 4472777.3261 0))",2550258,Verde,Línea,3
"MULTILINESTRING Z ((439402.0307 4472790.9745 0,439389.5307 4472796.3495 0,439378.6557 4472801.8495 0,439366.7807 4472808.0995 0,439350.6557 4472817.4745 0,439336.5307 4472826.3495 0,439311.4057 4472845.0995 0))",2550262,Verde,Línea,21
"MULTILINESTRING Z ((439231.8004 4476588.1545 0,439224.0903 4476473.274 0))",2550399,Verde,Línea,22
"MULTILINESTRING Z ((441193.3341 4473852.9494 0,441187.8962 4473886.7015 0))",2550474,Verde,Batería,13
"MULTILINESTRING Z ((441183.771 4473910.703 0,441187.5212 4473888.3891 0))",2550475,Verde,Línea,5
"MULTILINESTRING Z ((441175.5205 4473956.4559 0,441183.2085 4473912.2031 0))",2550476,Verde,Batería,16
"MULTILINESTRING Z ((440639.676 4474537.1271 0,440641.426 4474548.2521 0))",2550478,Verde,Línea,2
"MULTILINESTRING Z ((439411.0723 4476253.9927 0,439410.5723 4476243.0761 0))",2550518,Verde,Línea,2
"MULTILINESTRING Z ((439421.739 4476435.1829 0,439420.8223 4476419.0162 0))",2550524,Verde,Línea,3
"MULTILINESTRING Z ((439426.5723 4476519.1829 0,439428.239 4476545.4329 0))",2550534,Azul,Línea,5
"MULTILINESTRING Z ((439435.6557 4476686.6594 0,439436.0723 4476693.0761 0))",2550538,Verde,Línea,1
"MULTILINESTRING Z ((439437.9057 4476580.9329 0,439474.9057 4476578.4329 0))",2550553,Verde,Línea,7
"MULTILINESTRING Z ((439130.6557 4476603.0162 0,439147.1557 4476601.7662 0))",2550556,Verde,Línea,3
"MULTILINESTRING Z ((440687.6557 4475797.7662 0,440685.8223 4475802.5995 0))",2550559,Azul,Línea,1
"MULTILINESTRING Z ((442974.6665 4477805.924 0,442993.7472 4477809.0065 0))",2550641,Azul,Línea,4
"MULTILINESTRING Z ((442668.3686 4477581.3168 0,442678.9242 4477582.8353 0))",2550663,Azul,Batería,3
"MULTILINESTRING Z ((440468.5397 4479114.1967 0,440474.9057 4479109.1594 0))",2550685,Verde,Línea,1
"MULTILINESTRING Z ((440494.6896 4479106.2304 0,440485.0307 4479113.8261 0))",2550691,Verde,Batería,5
"MULTILINESTRING Z ((442651.6834 4477371.0205 0,442662.2946 4477360.4094 0))",2550693,Verde,Línea,3
"MULTILINESTRING Z ((440146.4756 4478785.3333 0,440148.632 4478782.5514 0))",2550705,Azul,Línea,1
"MULTILINESTRING Z ((443289.5168 4477897.2427 0,443285.5723 4477894.6872 0))",2550706,Azul,Línea,1
"MULTILINESTRING Z ((443289.489 4477716.9094 0,443293.239 4477713.0761 0))",2550714,Verde,Línea,1
"MULTILINESTRING Z ((443285.239 4477721.4927 0,443289.0723 4477717.4094 0))",2550715,Verde,Línea,1
"MULTILINESTRING Z ((442140.5546 4473088.8073 0,442138.2301 4473099.8099 0))",2550721,Verde,Línea,2
"MULTILINESTRING Z ((442616.3223 4473072.5995 0,442606.8223 4473077.5995 0))",2550722,Verde,Línea,2
"MULTILINESTRING Z ((442606.6557 4473077.6829 0,442602.8223 4473079.8495 0))",2550723,Verde,Línea,1
"MULTILINESTRING Z ((442688.9759 4473025.4067 0,442693.728 4473022.4108 0))",2550725,Verde,Línea,1
"MULTILINESTRING Z ((442834.239 4472914.9329 0,442856.1557 4472900.5995 0))",2550728,Azul,Línea,5
"MULTILINESTRING Z ((441983.2205 4473112.8353 0,441994.6279 4473114.9464 0))",2550734,Azul,Línea,2
"MULTILINESTRING Z ((442018.739 4473110.7662 0,442022.4057 4473094.5162 0))",2550743,Verde,Línea,3
"MULTILINESTRING Z ((442488.0723 4473189.3495 0,442508.8223 4473186.7662 0))",2550778,Azul,Línea,4
"MULTILINESTRING Z ((442520.8223 4473185.2662 0,442510.4057 4473186.6829 0))",2550779,Azul,Línea,2
"MULTILINESTRING Z ((442231.3223 4472892.1829 0,442239.0723 4472908.1829 0))",2550780,Verde,Línea,4
"MULTILINESTRING Z ((442228.6557 4472886.9329 0,442230.3223 4472890.6829 0))",2550781,Verde,Línea,1
"MULTILINESTRING Z ((442760.5168 4476977.0761 0,442750.8501 4476995.7983 0))",2550783,Verde,Línea,4
"MULTILINESTRING Z ((442640.989 4472644.6829 0,442651.3223 4472660.5995 0))",2550800,Verde,Línea,4
"MULTILINESTRING Z ((442655.239 4472666.4329 0,442652.489 4472662.4329 0))",2550801,Verde,Línea,1
"MULTILINESTRING Z ((442697.1602 4472741.9773 0,442706.0063 4472754.4172 0))",2550803,Verde,Batería,7
"MULTILINESTRING Z ((442694.5723 4472737.6829 0,442696.8223 4472741.0995 0))",2550804,Verde,Batería,2
"MULTILINESTRING Z ((442264.1557 4472676.3495 0,442319.5723 4472643.2662 0))",2550805,Verde,Línea,14
"MULTILINESTRING Z ((442330.5723 4472637.0995 0,442319.9057 4472643.1829 0))",2550806,Verde,Línea,2
"MULTILINESTRING Z ((442519.739 4472968.8495 0,442528.5723 4472964.0162 0))",2550808,Verde,Línea,2
"MULTILINESTRING Z ((442787.1557 4472790.2662 0,442841.489 4472755.0162 0))",2550812,Verde,Línea,13
"MULTILINESTRING Z ((442777.3223 4472797.1829 0,442785.3223 4472791.8495 0))",2550813,Verde,Línea,2
"MULTILINESTRING Z ((443041.489 4474840.0995 0,443056.6557 4474839.2662 0))",2550819,Verde,Línea,3
"MULTILINESTRING Z ((442072.7143 4476006.7736 0,442086.3686 4476005.8106 0))",2550820,Azul,Línea,2
"MULTILINESTRING Z ((442862.489 4476952.8261 0,442867.3223 4476957.6594 0))",2550821,Verde,Batería,3
"MULTILINESTRING Z ((442859.1557 4476952.6594 0,442860.739 4476954.3261 0))",2550822,Verde,Batería,1
"MULTILINESTRING Z ((440596.9057 4476726.2427 0,440599.9057 4476716.6316 0))",2550826,Verde,Línea,2
"MULTILINESTRING Z ((442328.9118 4476016.4279 0,442339.1094 4476015.7366 0))",2550842,Azul,Línea,2
"MULTILINESTRING Z ((442339.4057 4476015.7119 0,442342.5168 4476015.4403 0))",2550844,Azul,Línea,1
"MULTILINESTRING Z ((442976.8789 4477066.1289 0,442985.8007 4477057.1961 0))",2550862,Verde,Batería,5
"MULTILINESTRING Z ((442989.9489 4477053.0534 0,442994.1793 4477048.823 0))",2550864,Verde,Batería,2
"MULTILINESTRING Z ((443002.8871 4477038.5761 0,443009.9057 4477032.4511 0,443016.489 4477026.9094 0))",2550865,Verde,Batería,7
"MULTILINESTRING Z ((439405.0723 4480520.6594 0,439414.6557 4480522.7427 0,439423.1557 4480523.2427 0))",2550874,Verde,Línea,4
"MULTILINESTRING Z ((442983.0353 4477073.86 0,442997.4386 4477059.4567 0))",2550876,Verde,Línea,4
"MULTILINESTRING Z ((443000.3439 4477056.5761 0,443005.6773 4477051.218 0,443007.2822 4477050.0822 0,443009.0168 4477049.2983 0))",2550884,Verde,Línea,2
"MULTILINESTRING Z ((443286.372 4472890.8026 0,443283.8951 4472894.9308 0))",2550885,Verde,Línea,1
"MULTILINESTRING Z ((443012.5415 4477048.502 0,443017.9983 4477047.4403 0,443022.8131 4477046.8477 0))",2550889,Verde,Batería,4
"MULTILINESTRING Z ((442964.8979 4472476.718 0,442961.5543 4472471.269 0))",2550890,Verde,Línea,1
"MULTILINESTRING Z ((442959.8205 4472468.7923 0,442957.0961 4472464.5817 0))",2550891,Verde,Línea,1
"MULTILINESTRING Z ((442952.3902 4472457.6467 0,442949.6657 4472452.9409 0))",2550892,Verde,Línea,1
"MULTILINESTRING Z ((442947.932 4472450.5879 0,442944.9598 4472446.2536 0))",2550893,Verde,Línea,1
"MULTILINESTRING Z ((442979.1394 4472499.1328 0,442976.5388 4472494.6746 0))",2550894,Verde,Línea,1
"MULTILINESTRING Z ((442975.6719 4472493.3124 0,442972.6998 4472489.2257 0))",2550896,Verde,Línea,1
"MULTILINESTRING Z ((442968.9846 4472483.5291 0,442971.7091 4472487.8635 0))",2550897,Verde,Línea,1
"MULTILINESTRING Z ((442995.3623 4472524.6436 0,442998.3345 4472529.3495 0))",2550900,Verde,Línea,1
"MULTILINESTRING Z ((441046.739 4481412.965 0,441038.6279 4481410.6316 0))",2550902,Verde,Línea,1
"MULTILINESTRING Z ((442999.5728 4472531.0833 0,443002.4211 4472536.0368 0))",2550903,Verde,Línea,1
"MULTILINESTRING Z ((443004.5264 4472538.6375 0,443007.3747 4472543.8387 0))",2550904,Verde,Línea,1
"MULTILINESTRING Z ((443012.8236 4472551.5167 0,443009.48 4472546.5632 0))",2550905,Verde,Línea,1
"MULTILINESTRING Z ((443057.0723 4472619.7662 0,443053.5723 4472614.5995 0))",2550906,Verde,Línea,1
"MULTILINESTRING Z ((443052.5723 4472613.1829 0,443049.5723 4472608.5162 0))",2550907,Verde,Línea,1
"MULTILINESTRING Z ((443048.8223 4472607.2662 0,443045.489 4472602.2662 0))",2550908,Verde,Línea,1
"MULTILINESTRING Z ((443044.5723 4472600.5995 0,443041.0723 4472595.5162 0))",2550909,Verde,Línea,1
"MULTILINESTRING Z ((443039.9057 4472593.5995 0,443036.739 4472588.7662 0))",2550910,Verde,Línea,1
"MULTILINESTRING Z ((443035.5723 4472586.9329 0,443032.489 4472582.0995 0))",2550911,Verde,Línea,1
"MULTILINESTRING Z ((443031.4057 4472580.5162 0,443027.5723 4472574.6829 0))",2550912,Verde,Línea,1
"MULTILINESTRING Z ((442911.239 4476637.4094 0,442897.0723 4476629.7983 0))",2550913,Verde,Batería,6
"MULTILINESTRING Z ((443072.739 4472636.1829 0,443077.239 4472643.1829 0))",2550914,Verde,Línea,1
"MULTILINESTRING Z ((443078.3223 4472644.8495 0,443081.0723 4472649.5162 0))",2550916,Verde,Línea,1
"MULTILINESTRING Z ((443081.989 4472650.6829 0,443084.989 4472655.5162 0))",2550917,Verde,Línea,1
"MULTILINESTRING Z ((443086.0723 4472656.8495 0,443089.0723 4472661.6829 0))",2550918,Verde,Línea,1
"MULTILINESTRING Z ((443089.8223 4472662.6829 0,443092.9057 4472667.5995 0))",2550919,Verde,Línea,1
"MULTILINESTRING Z ((443093.989 4472669.0162 0,443096.8223 4472673.8495 0))",2550920,Verde,Línea,1
"MULTILINESTRING Z ((443098.0723 4472675.5995 0,443101.239 4472680.5995 0))",2550921,Verde,Línea,1
"MULTILINESTRING Z ((443102.4057 4472682.2662 0,443105.489 4472687.1829 0))",2550922,Verde,Línea,1
"MULTILINESTRING Z ((443139.3501 4472735.9606 0,443143.4057 4472738.294 0))",2550935,Verde,Línea,1
"MULTILINESTRING Z ((443144.7946 4472739.294 0,443150.1279 4472742.4606 0))",2550941,Verde,Línea,1
"MULTILINESTRING Z ((443151.5168 4472743.294 0,443155.9612 4472746.1829 0))",2550942,Verde,Línea,1
"MULTILINESTRING Z ((443157.9057 4472747.2384 0,443162.6834 4472750.0162 0))",2550943,Verde,Línea,1
"MULTILINESTRING Z ((443164.1279 4472751.0162 0,443168.6279 4472753.9051 0))",2550944,Verde,Línea,1
"MULTILINESTRING Z ((443175.1279 4472757.8495 0,443170.2946 4472754.8495 0))",2550945,Verde,Línea,1
"MULTILINESTRING Z ((441737.989 4479276.4094 0,441743.3223 4479345.6594 0))",2550947,Azul,Batería,26
"MULTILINESTRING Z ((441740.0723 4479346.7427 0,441741.239 4479358.9094 0))",2550948,Azul,Batería,4
"MULTILINESTRING Z ((442832.9057 4472382.5995 0,442811.6557 4472397.2662 0))",2550950,Verde,Batería,11
"MULTILINESTRING Z ((442806.5723 4472400.7662 0,442810.5723 4472398.2662 0))",2550951,Verde,Batería,2
"MULTILINESTRING Z ((442984.1557 4472118.0162 0,442986.9057 4472116.2662 0))",2550953,Verde,Batería,1
"MULTILINESTRING Z ((442989.1557 4472114.8495 0,442991.6557 4472113.1829 0))",2550954,Verde,Línea,1
"MULTILINESTRING Z ((443116.739 4472510.2662 0,443117.9057 4472515.3495 0))",2550958,Verde,Línea,1
"MULTILINESTRING Z ((443138.1557 4472743.5995 0,443143.489 4472746.6829 0))",2550959,Verde,Línea,1
"MULTILINESTRING Z ((443144.9057 4472747.6829 0,443149.8223 4472750.6829 0))",2550973,Verde,Línea,1
"MULTILINESTRING Z ((443151.6557 4472751.9329 0,443156.739 4472754.8495 0))",2550975,Verde,Línea,1
"MULTILINESTRING Z ((443158.239 4472755.7662 0,443162.8223 4472758.6829 0))",2550977,Verde,Línea,1
"MULTILINESTRING Z ((443164.3223 4472759.5162 0,443169.0723 4472762.4329 0))",2550978,Verde,Línea,1
"MULTILINESTRING Z ((443170.489 4472763.0995 0,443175.239 4472766.0995 0))",2550980,Verde,Línea,1
"MULTILINESTRING Z ((443176.489 4472766.7662 0,443180.989 4472769.5162 0))",2550981,Verde,Línea,1
"MULTILINESTRING Z ((443186.739 4472772.9329 0,443182.3223 4472770.4329 0))",2550982,Verde,Línea,1
"MULTILINESTRING Z ((441580.5723 4479301.6594 0,441579.739 4479290.4094 0))",2550985,Verde,Línea,1
"MULTILINESTRING Z ((443201.239 4472773.2662 0,443205.989 4472776.1829 0))",2550986,Verde,Línea,1
"MULTILINESTRING Z ((443207.489 4472777.1829 0,443212.0723 4472779.9329 0))",2550987,Verde,Línea,1
"MULTILINESTRING Z ((443213.6557 4472780.9329 0,443218.489 4472783.7662 0))",2550988,Verde,Línea,1
"MULTILINESTRING Z ((443225.6557 4472788.3495 0,443220.739 4472785.2662 0))",2550989,Verde,Línea,1
"MULTILINESTRING Z ((442894.8223 4471974.1829 0,442889.8223 4471983.7662 0))",2550992,Verde,Batería,4
"MULTILINESTRING Z ((441578.4057 4479272.7427 0,441579.4057 4479284.3261 0))",2551001,Verde,Línea,3
"MULTILINESTRING Z ((443259.739 4473079.1829 0,443300.989 4473072.0995 0))",2551003,Verde,Línea,8
"MULTILINESTRING Z ((443341.739 4473065.5995 0,443303.9057 4473071.5162 0))",2551004,Verde,Línea,8
"MULTILINESTRING Z ((443125.0681 4472827.5407 0,443118.5917 4472818.5344 0))",2551006,Azul,Línea,2
"MULTILINESTRING Z ((443135.4911 4472842.0114 0,443125.8776 4472828.6538 0))",2551010,Azul,Línea,3
"MULTILINESTRING Z ((442737.9736 4476997.9835 0,442760.4427 4476953.9094 0))",2551015,Verde,Línea,9
"MULTILINESTRING Z ((442723.739 4476998.1594 0,442728.4057 4477001.8261 0))",2551028,Verde,Batería,2
"MULTILINESTRING Z ((442871.5291 4476168.0329 0,442879.7807 4476176.3261 0))",2551029,Verde,Línea,2
"MULTILINESTRING Z ((442864.7143 4476156.7489 0,442873.06 4476165.1934 0))",2551030,Verde,Línea,2
"MULTILINESTRING Z ((440503.381 4479656.7571 0,440517.5723 4479652.4094 0))",2551084,Verde,Línea,3
"MULTILINESTRING Z ((440503.4612 4479659.4094 0,440498.9057 4479660.8538 0))",2551087,Verde,Línea,1
"MULTILINESTRING Z ((443128.2318 4472929.8309 0,443136.6729 4472924.1735 0))",2551099,Verde,Línea,2
"MULTILINESTRING Z ((440531.0723 4475031.4094 0,440541.5723 4475030.5761 0))",2551114,Verde,Línea,2
"MULTILINESTRING Z ((440552.3223 4475030.0761 0,440542.239 4475030.6594 0))",2551115,Verde,Línea,2
"MULTILINESTRING Z ((439988.1557 4474997.9094 0,439986.989 4474981.3261 0))",2551119,Verde,Línea,2
"MULTILINESTRING Z ((439991.9612 4475048.0718 0,439993.0168 4475062.6829 0))",2551122,Verde,Línea,3
"MULTILINESTRING Z ((440035.4057 4475306.5995 0,440040.0723 4475317.4329 0))",2551134,Verde,Línea,2
"MULTILINESTRING Z ((440077.739 4475450.0995 0,440079.739 4475461.8495 0))",2551138,Verde,Línea,2
"MULTILINESTRING Z ((440116.8185 4475593.0595 0,440109.5495 4475562.6621 0,440105.207 4475541.4217 0))",2551141,Verde,Línea,8
"MULTILINESTRING Z ((440087.2707 4475514.4227 0,440091.33 4475535.6631 0))",2551142,Verde,Línea,4
"MULTILINESTRING Z ((442966.3686 4479568.7489 0,442973.4304 4479580.0329 0))",2551201,Verde,Línea,2
"MULTILINESTRING Z ((442931.5723 4479513.6872 0,442949.9612 4479543.0761 0))",2551209,Verde,Línea,7
"MULTILINESTRING Z ((442963.239 4479563.7427 0,442953.4057 4479548.2427 0))",2551214,Verde,Línea,3
"MULTILINESTRING Z ((442627.5908 4480296.7983 0,442623.4057 4480298.0205 0))",2551244,Verde,Batería,2
"MULTILINESTRING Z ((441788.2946 4480103.9094 0,441785.4057 4480090.6872 0))",2551270,Azul,Batería,5
"MULTILINESTRING Z ((440708.9057 4472332.1829 0,440693.0723 4472334.1829 0))",2551273,Verde,Batería,6
"MULTILINESTRING Z ((443080.6557 4477179.2427 0,443080.9057 4477162.4927 0))",2551283,Verde,Línea,2
"MULTILINESTRING Z ((440665.239 4476366.8261 0,440685.1557 4476364.8261 0))",2551286,Verde,Batería,7
"MULTILINESTRING Z ((441101.0723 4476618.0162 0,441138.1557 4476615.3495 0))",2551373,Azul,Línea,7
"MULTILINESTRING Z ((441138.9057 4476615.1829 0,441159.4057 4476613.7662 0))",2551374,Azul,Línea,4
"MULTILINESTRING Z ((441299.4057 4472171.2662 0,441307.4057 4472159.5162 0))",2551395,Verde,Línea,3
"MULTILINESTRING Z ((440685.6557 4473066.2427 0,440692.1557 4473068.4927 0))",2551423,Verde,Línea,1
"MULTILINESTRING Z ((440961.1505 4473337.6263 0,440950.3481 4473320.7796 0))",2551427,Verde,Línea,4
"MULTILINESTRING Z ((439987.9057 4473447.6872 0,439988.4057 4473477.5205 0))",2551438,Verde,Línea,5
"MULTILINESTRING Z ((440157.6557 4473008.6829 0,440231.739 4472990.4329 0))",2551441,Verde,Línea,14
"MULTILINESTRING Z ((440232.0723 4472990.3495 0,440255.5723 4472984.5162 0))",2551442,Verde,Línea,5
"MULTILINESTRING Z ((439436.1497 4475743.5601 0,439443.5669 4475756.911 0))",2551453,Verde,Línea,3
"MULTILINESTRING Z ((440325.239 4474713.7427 0,440334.9057 4474710.8261 0))",2551463,Verde,Línea,2
"MULTILINESTRING Z ((443070.1482 4476991.7386 0,443077.8353 4476999.4257 0))",2551480,Verde,Batería,4
"MULTILINESTRING Z ((443046.4092 4476971.6137 0,443047.9884 4476973.2239 0))",2551481,Verde,Batería,1
"MULTILINESTRING Z ((443048.2516 4476973.4871 0,443049.7999 4476975.0508 0))",2551482,Verde,Batería,1
"MULTILINESTRING Z ((443058.2575 4476983.378 0,443061.5326 4476986.6149 0))",2551483,Verde,Batería,2
"MULTILINESTRING Z ((440949.2807 4474354.2245 0,440942.5307 4474378.9745 0))",2551600,Verde,Línea,4
"MULTILINESTRING Z ((440869.989 4473987.0162 0,440870.8223 4474001.7662 0))",2551601,Verde,Línea,3
"MULTILINESTRING Z ((440480.6834 4473929.2983 0,440476.7946 4473918.7983 0))",2551604,Verde,Línea,2
"MULTILINESTRING Z ((440112.239 4475233.9329 0,440115.489 4475208.0162 0))",2551615,Verde,Línea,4
"MULTILINESTRING Z ((443174.0999 4473892.2421 0,443173.8244 4473886.0437 0))",2551651,Azul,Línea,1
"MULTILINESTRING Z ((440340.2105 4474540.9755 0,440342.9544 4474545.5487 0))",2551664,Verde,Línea,1
"MULTILINESTRING Z ((439451.0882 4475463.8078 0,439472.2253 4475500.8353 0))",2551697,Verde,Línea,10
"MULTILINESTRING Z ((439494.0521 4475539.9444 0,439481.888 4475517.6132 0))",2551698,Verde,Línea,5
"MULTILINESTRING Z ((439497.042 4475536.8647 0,439502.1329 4475545.9556 0))",2551699,Verde,Línea,2
"MULTILINESTRING Z ((440058.3455 4475188.9721 0,440058.0624 4475199.8232 0))",2551759,Verde,Línea,2
"MULTILINESTRING Z ((443424.1557 4478370.4094 0,443425.239 4478376.3261 0))",2551913,Azul,Línea,1
"MULTILINESTRING Z ((443427.3316 4478369.0205 0,443426.3686 4478363.2057 0))",2551914,Azul,Línea,1
"MULTILINESTRING Z ((442265.6526 4478016.6913 0,442256.0559 4477997.7283 0))",2551950,Verde,Línea,4
"MULTILINESTRING Z ((442248.2863 4477982.3374 0,442254.5415 4477994.7325 0))",2551952,Verde,Línea,3
"MULTILINESTRING Z ((443671.6131 4474768.6064 0,443702.953 4474767.9808 0))",2551953,Verde,Línea,7
"MULTILINESTRING Z ((443660.7286 4474768.8566 0,443665.6704 4474768.794 0))",2551954,Verde,Línea,1
"MULTILINESTRING Z ((440850.9057 4472677.2427 0,440810.8223 4472681.7427 0))",2551957,Verde,Línea,8
"MULTILINESTRING Z ((440892.0723 4472673.0995 0,440851.989 4472677.1829 0))",2551958,Verde,Línea,8
"MULTILINESTRING Z ((441552.489 4475587.6594 0,441549.8223 4475574.4094 0))",2551980,Azul,Línea,3
"MULTILINESTRING Z ((439699.989 4473416.8261 0,439712.8223 4473415.5761 0))",2552000,Verde,Línea,3
"MULTILINESTRING Z ((439726.0723 4473507.1829 0,439727.9057 4473521.2662 0))",2552001,Verde,Línea,3
"MULTILINESTRING Z ((440079.5723 4475073.3261 0,440060.989 4475084.6594 0))",2552006,Verde,Línea,4
"MULTILINESTRING Z ((440092.239 4475066.9606 0,440113.7946 4475056.5718 0))",2552007,Verde,Línea,4
"MULTILINESTRING Z ((440125.0168 4475051.1273 0,440120.5168 4475053.294 0))",2552008,Verde,Línea,1
"MULTILINESTRING Z ((440136.4986 4475045.6307 0,440130.5122 4475048.3518 0))",2552009,Verde,Línea,1
"MULTILINESTRING Z ((440205.7957 4474989.8484 0,440192.7345 4475003.4538 0))",2552011,Verde,Línea,3
"MULTILINESTRING Z ((440219.8546 4474975.8801 0,440212.3263 4474983.1364 0))",2552012,Verde,Línea,2
"MULTILINESTRING Z ((440245.2515 4474951.6625 0,440236.7254 4474959.3722 0))",2552013,Verde,Línea,2
"MULTILINESTRING Z ((440558.239 4475105.1594 0,440558.5723 4475094.7427 0))",2552019,Verde,Línea,2
"MULTILINESTRING Z ((439449.7924 4473424.5412 0,439435.964 4473417.4636 0))",2552055,Verde,Línea,3
"MULTILINESTRING Z ((439662.239 4474296.7427 0,439671.6557 4474299.2427 0))",2552058,Verde,Línea,2
"MULTILINESTRING Z ((439672.6557 4474299.5761 0,439683.5723 4474302.2427 0))",2552059,Verde,Línea,2
"MULTILINESTRING Z ((440547.739 4473588.8495 0,440540.8223 4473577.0162 0))",2552079,Verde,Línea,2
"MULTILINESTRING Z ((440619.8254 4481553.1687 0,440629.5044 4481557.8353 0))",2552086,Verde,Línea,1
"MULTILINESTRING Z ((443321.1834 4475005.6872 0,443327.239 4475005.2427 0))",2552093,Verde,Línea,1
"MULTILINESTRING Z ((440537.5723 4475212.3495 0,440539.989 4475204.0162 0))",2552125,Verde,Línea,2
"MULTILINESTRING Z ((440622.3933 4481546.4279 0,440670.4921 4481569.2921 0))",2552127,Verde,Línea,10
"MULTILINESTRING Z ((440212.9057 4475579.2662 0,440210.489 4475564.1829 0))",2552132,Verde,Línea,3
"MULTILINESTRING Z ((440341.6557 4475579.5995 0,440343.6557 4475594.0162 0))",2552137,Verde,Línea,3
"MULTILINESTRING Z ((439974.6557 4475583.9329 0,439967.8223 4475581.3495 0))",2552139,Verde,Batería,3
"MULTILINESTRING Z ((439485.739 4475704.0995 0,439434.6557 4475720.5995 0))",2552140,Verde,Línea,10
"MULTILINESTRING Z ((443104.489 4475346.5761 0,443102.4057 4475312.4927 0))",2552156,Verde,Línea,7
"MULTILINESTRING Z ((443535.7486 4477869.026 0,443541.2246 4477875.0068 0))",2552158,Azul,Línea,1
"MULTILINESTRING Z ((439630.4612 4477773.1316 0,439633.5168 4477763.9094 0))",2552185,Verde,Línea,2
"MULTILINESTRING Z ((440960.489 4473778.0162 0,440947.239 4473776.0162 0))",2552236,Verde,Línea,2
"MULTILINESTRING Z ((439981.9057 4473609.4329 0,439979.5723 4473598.4329 0))",2552243,Verde,Línea,2
"MULTILINESTRING Z ((439982.9057 4473615.9329 0,439981.989 4473610.2662 0))",2552244,Verde,Línea,1
"MULTILINESTRING Z ((439980.6557 4473390.3261 0,439979.989 4473365.5761 0))",2552245,Verde,Línea,5
"MULTILINESTRING Z ((439979.739 4473353.7662 0,439979.9057 4473364.5162 0))",2552246,Verde,Línea,2
"MULTILINESTRING Z ((440583.6557 4475547.9329 0,440588.739 4475528.4329 0))",2552248,Verde,Línea,4
"MULTILINESTRING Z ((440588.739 4475528.3495 0,440590.3223 4475521.9329 0))",2552249,Verde,Línea,1
"MULTILINESTRING Z ((439786.1557 4474300.7662 0,439775.989 4474313.8495 0))",2552251,Verde,Línea,3
"MULTILINESTRING Z ((439579.4958 4473338.3755 0,439594.0431 4473334.4461 0))",2552254,Verde,Línea,3
"MULTILINESTRING Z ((439888.4057 4476083.8261 0,439887.8223 4476074.1594 0))",2552265,Verde,Línea,2
"MULTILINESTRING Z ((439849.989 4476699.2662 0,439872.6557 4476697.8495 0))",2552267,Azul,Línea,4
"MULTILINESTRING Z ((440094.5723 4476687.4329 0,440105.489 4476686.9329 0))",2552275,Azul,Línea,2
"MULTILINESTRING Z ((439799.8223 4476702.2662 0,439807.3223 4476701.8495 0))",2552291,Azul,Línea,1
"MULTILINESTRING Z ((440261.4057 4476470.9927 0,440262.489 4476503.9927 0))",2552296,Azul,Línea,7
"MULTILINESTRING Z ((440030.1557 4475800.7427 0,440030.5723 4475804.9094 0))",2552344,Azul,Línea,1
"MULTILINESTRING Z ((439839.7895 4475633.3495 0,439837.6077 4475628.9859 0))",2552349,Verde,Línea,1
"MULTILINESTRING Z ((439836.0723 4475625.9152 0,439827.1834 4475608.6223 0))",2552350,Verde,Línea,4
"MULTILINESTRING Z ((439722.9598 4475199.072 0,439736.3636 4475191.7094 0))",2552360,Verde,Línea,3
"MULTILINESTRING Z ((440103.5078 4475652.977 0,440097.1751 4475661.9078 0))",2552366,Verde,Línea,2
"MULTILINESTRING Z ((440136.0644 4475641.6106 0,440146.3754 4475646.4819 0))",2552367,Verde,Línea,2
"MULTILINESTRING Z ((440543.7546 4475158.9396 0,440529.7412 4475147.0235 0))",2552368,Verde,Línea,3
"MULTILINESTRING Z ((440524.4028 4475142.9244 0,440529.0739 4475146.7375 0))",2552369,Verde,Línea,1
"MULTILINESTRING Z ((440011.739 4476003.8495 0,440007.1557 4475952.0995 0))",2552370,Verde,Línea,10
"MULTILINESTRING Z ((439250.5497 4473939.7232 0,439256.8609 4473939.7232 0))",2552401,Verde,Línea,1
"MULTILINESTRING Z ((443372.9173 4477537.7009 0,443374.717 4477537.3168 0))",2552463,Verde,Batería,1
"MULTILINESTRING Z ((443369.2959 4477538.4801 0,443371.2822 4477538.0521 0))",2552465,Verde,Batería,1
"MULTILINESTRING Z ((440304.8223 4475585.1829 0,440307.0723 4475602.6829 0))",2552486,Verde,Línea,3
"MULTILINESTRING Z ((439958.8223 4475599.1829 0,439960.239 4475609.0162 0))",2552487,Verde,Línea,2
"MULTILINESTRING Z ((439960.9057 4475615.4329 0,439960.239 4475609.3495 0))",2552488,Verde,Línea,1
"MULTILINESTRING Z ((440519.2807 4473423.5995 0,440521.4057 4473497.5995 0))",2552495,Verde,Línea,12
"MULTILINESTRING Z ((440521.7807 4473507.7245 0,440521.2807 4473497.4745 0))",2552496,Verde,Línea,2
"MULTILINESTRING Z ((440686.4057 4473493.0995 0,440689.8223 4473489.5995 0))",2552500,Verde,Línea,1
"MULTILINESTRING Z ((440697.5723 4473481.5162 0,440690.1557 4473489.0995 0))",2552501,Verde,Línea,2
"MULTILINESTRING Z ((440123.8326 4474364.0462 0,440121.4956 4474359.5518 0))",2552504,Verde,Línea,1
"MULTILINESTRING Z ((440121.5854 4474359.2821 0,440116.4618 4474348.945 0))",2552505,Verde,Línea,2
"MULTILINESTRING Z ((440876.5307 4474041.8495 0,440875.4057 4474022.7245 0))",2552507,Verde,Línea,4
"MULTILINESTRING Z ((439835.1279 4474558.4094 0,439835.7946 4474551.5761 0,439835.2946 4474542.1316 0,439834.8501 4474537.9094 0))",2552509,Verde,Línea,4
"MULTILINESTRING Z ((440691.1557 4475503.4329 0,440710.739 4475487.2662 0))",2552511,Verde,Línea,5
"MULTILINESTRING Z ((443262.9057 4473296.0162 0,443315.3223 4473292.2662 0))",2552524,Verde,Línea,11
"MULTILINESTRING Z ((443352.3223 4473289.3495 0,443320.9057 4473291.9329 0))",2552525,Verde,Línea,6
"MULTILINESTRING Z ((439777.239 4473592.6829 0,439758.6557 4473587.5995 0))",2552526,Verde,Línea,4
"MULTILINESTRING Z ((441024.8223 4475346.6829 0,441038.739 4475366.7662 0))",2552565,Verde,Línea,5
"MULTILINESTRING Z ((439595.3348 4473917.2161 0,439605.6892 4473917.772 0))",2552566,Verde,Línea,2
"MULTILINESTRING Z ((439580.3244 4473916.5212 0,439595.1958 4473917.0771 0))",2552567,Verde,Línea,3
"MULTILINESTRING Z ((440857.6697 4474608.9465 0,440883.7295 4474609.5719 0))",2552569,Verde,Línea,5
"MULTILINESTRING Z ((440893.0415 4474609.5719 0,440885.3973 4474609.5719 0))",2552570,Verde,Línea,1
"MULTILINESTRING Z ((440709.0723 4473182.5995 0,440695.0723 4473177.9329 0))",2552575,Verde,Línea,3
"MULTILINESTRING Z ((440479.739 4473939.4329 0,440476.0723 4473929.2662 0))",2552577,Verde,Línea,2
"MULTILINESTRING Z ((440483.5723 4473949.8495 0,440479.989 4473939.7662 0))",2552578,Verde,Línea,2
"MULTILINESTRING Z ((440963.0723 4473422.1829 0,440977.3223 4473413.0162 0))",2552581,Verde,Línea,3
"MULTILINESTRING Z ((440994.489 4473401.8495 0,440978.0723 4473412.5995 0))",2552582,Verde,Línea,4
"MULTILINESTRING Z ((441478.9242 4479227.4279 0,441477.1094 4479204.7242 0))",2552647,Verde,Línea,4
"MULTILINESTRING Z ((441132.8395 4475335.084 0,441123.1036 4475318.0461 0))",2552669,Verde,Línea,4
"MULTILINESTRING Z ((441402.2287 4479443.1385 0,441439.6498 4479440.2304 0))",2552711,Verde,Batería,14
"MULTILINESTRING Z ((441058.426 4475387.6996 0,441053.1623 4475380.2089 0))",2552717,Verde,Línea,2
"MULTILINESTRING Z ((440593.5723 4474771.4927 0,440578.9057 4474746.2427 0))",2552731,Verde,Línea,4
"MULTILINESTRING Z ((440570.6557 4474732.4329 0,440578.489 4474745.5995 0))",2552733,Verde,Línea,3
"MULTILINESTRING Z ((440726.989 4475007.9329 0,440723.1557 4474999.9329 0))",2552736,Verde,Línea,2
"MULTILINESTRING Z ((441238.9037 4475049.2345 0,441237.2781 4475043.8575 0))",2552746,Verde,Batería,2
"MULTILINESTRING Z ((441237.1531 4475043.3573 0,441234.402 4475034.604 0))",2552747,Verde,Batería,3
"MULTILINESTRING Z ((441283.6705 4475210.545 0,441273.2916 4475175.7819 0))",2552749,Verde,Línea,7
"MULTILINESTRING Z ((440739.2039 4473789.9885 0,440742.0945 4473800.4099 0))",2552756,Verde,Línea,2
"MULTILINESTRING Z ((440752.2878 4473837.9118 0,440742.3988 4473801.0185 0))",2552758,Verde,Línea,5
"MULTILINESTRING Z ((440389.3637 4473542.3847 0,440373.2751 4473605.3696 0))",2552759,Verde,Línea,10
"MULTILINESTRING Z ((440373.5033 4473605.3696 0,440370.6508 4473615.6389 0))",2552761,Verde,Línea,2
"MULTILINESTRING Z ((441051.239 4473688.9329 0,441049.0723 4473675.7662 0))",2552769,Verde,Línea,2
"MULTILINESTRING Z ((440892.989 4474832.6829 0,440881.6557 4474834.3495 0))",2552770,Verde,Línea,2
"MULTILINESTRING Z ((440854.739 4474838.0995 0,440880.8223 4474834.3495 0))",2552771,Verde,Línea,5
"MULTILINESTRING Z ((440260.1557 4474859.0995 0,440270.8223 4474871.1829 0,440273.989 4474873.6829 0))",2552772,Verde,Línea,4
"MULTILINESTRING Z ((440254.0723 4474851.9329 0,440259.989 4474858.9329 0))",2552773,Verde,Línea,1
"MULTILINESTRING Z ((441046.9057 4475187.7245 0,441057.6557 4475205.7245 0))",2552776,Verde,Línea,4
"MULTILINESTRING Z ((441396.9612 4478772.9218 0,441399.2822 4478772.6995 0))",2552782,Verde,Batería,1
"MULTILINESTRING Z ((441315.595 4478663.1934 0,441314.9365 4478655.0123 0))",2552783,Verde,Batería,3
"MULTILINESTRING Z ((441357.5538 4479177.1687 0,441356.9612 4479170.0905 0))",2552789,Verde,Batería,2
"MULTILINESTRING Z ((440743.8748 4479020.5925 0,440755.9242 4479016.3456 0))",2552798,Verde,Batería,5
"MULTILINESTRING Z ((441015.1588 4478657.8353 0,441029.6279 4478656.6501 0))",2552804,Azul,Línea,3
"MULTILINESTRING Z ((440974.6279 4478661.1316 0,441014.7946 4478657.8538 0))",2552805,Azul,Línea,8
"MULTILINESTRING Z ((440648.1588 4475112.4066 0,440660.4524 4475105.0132 0))",2552808,Verde,Línea,3
"MULTILINESTRING Z ((440661.239 4475104.4927 0,440666.6557 4475101.0761 0))",2552809,Verde,Línea,1
"MULTILINESTRING Z ((438485.1002 4474955.6332 0,438537.382 4474895.0809 0))",2552829,Verde,Batería,30
"MULTILINESTRING Z ((439460.8566 4473706.0663 0,439481.0919 4473700.1839 0))",2552877,Verde,Línea,4
"MULTILINESTRING Z ((439775.1312 4473718.5369 0,439745.7194 4473702.6153 0))",2552881,Verde,Línea,6
"MULTILINESTRING Z ((439736.9351 4473697.7525 0,439745.5625 4473702.38 0))",2552882,Verde,Línea,2
"MULTILINESTRING Z ((440382.8959 4475569.6741 0,440400.7782 4475569.3604 0))",2552883,Verde,Línea,3
"MULTILINESTRING Z ((440401.4057 4475569.4388 0,440416.5429 4475569.2035 0))",2552884,Verde,Línea,3
"MULTILINESTRING Z ((440554.739 4475147.5565 0,440556.9351 4475125.5172 0))",2552885,Verde,Línea,4
"MULTILINESTRING Z ((441387.239 4475686.2427 0,441386.3223 4475681.5761 0))",2552928,Verde,Línea,1
"MULTILINESTRING Z ((441398.8223 4476440.1594 0,441408.9057 4476439.4094 0))",2552936,Azul,Línea,2
"MULTILINESTRING Z ((441389.1557 4476440.9927 0,441393.6557 4476440.8261 0))",2552937,Azul,Línea,1
"MULTILINESTRING Z ((441139.5252 4475912.1536 0,441051.3286 4475911.4375 0))",2552941,Verde,Línea,17
"MULTILINESTRING Z ((440924.739 4476318.5761 0,440924.989 4476323.1594 0))",2552950,Verde,Línea,1
"MULTILINESTRING Z ((441281.8223 4475429.1594 0,441284.0723 4475445.6594 0))",2552954,Verde,Línea,3
"MULTILINESTRING Z ((440674.5723 4476511.8261 0,440677.0723 4476545.6594 0))",2552960,Verde,Línea,6
"MULTILINESTRING Z ((440789.8223 4476118.5761 0,440787.989 4476124.4094 0))",2552975,Azul,Línea,1
"MULTILINESTRING Z ((440814.8223 4474571.0761 0,440843.8223 4474562.6594 0))",2552985,Verde,Línea,5
"MULTILINESTRING Z ((440797.9057 4474575.9927 0,440813.1557 4474571.5761 0))",2552986,Verde,Línea,5
"MULTILINESTRING Z ((442315.489 4475112.4927 0,442342.8223 4475098.9927 0))",2552997,Verde,Línea,6
"MULTILINESTRING Z ((439813.739 4474487.1594 0,439805.5723 4474473.7427 0))",2553001,Verde,Línea,3
"MULTILINESTRING Z ((440665.739 4474640.0761 0,440670.3223 4474651.9927 0))",2553047,Verde,Línea,2
"MULTILINESTRING Z ((440974.239 4473958.3261 0,440974.4057 4473944.0761 0))",2553050,Verde,Línea,2
"MULTILINESTRING Z ((440974.4057 4473928.4927 0,440974.4057 4473943.6594 0))",2553051,Verde,Línea,2
"MULTILINESTRING Z ((443801.6649 4475167.3922 0,443811.2348 4475163.9332 0))",2553053,Verde,Línea,2
"MULTILINESTRING Z ((442427.7807 4474394.8261 0,442431.6557 4474380.3261 0))",2553060,Verde,Línea,3
"MULTILINESTRING Z ((440227.239 4472093.9927 0,440216.4057 4472118.4927 0))",2553072,Verde,Línea,5
"MULTILINESTRING Z ((439746.1557 4472322.2427 0,439752.239 4472329.9927 0))",2553075,Verde,Línea,2
"MULTILINESTRING Z ((440221.5723 4472157.3261 0,440267.989 4472179.4927 0))",2553076,Verde,Línea,10
"MULTILINESTRING Z ((440275.0723 4472182.7427 0,440270.1557 4472180.5761 0))",2553077,Verde,Línea,1
"MULTILINESTRING Z ((440281.239 4472843.2427 0,440266.739 4472868.5761 0))",2553084,Verde,Línea,5
"MULTILINESTRING Z ((440347.0024 4472283.7033 0,440355.0685 4472267.2607 0))",2553090,Azul,Batería,7
"MULTILINESTRING Z ((440491.2707 4472481.9012 0,440488.4486 4472486.8092 0))",2553092,Verde,Batería,1
"MULTILINESTRING Z ((439740.16 4472670.0376 0,439750.2086 4472666.6606 0))",2553094,Verde,Línea,2
"MULTILINESTRING Z ((439801.5223 4472649.0344 0,439752.6795 4472665.7546 0))",2553095,Verde,Línea,11
"MULTILINESTRING Z ((440366.7146 4472551.7607 0,440371.4095 4472543.1946 0))",2553096,Verde,Línea,2
"MULTILINESTRING Z ((440385.4116 4472545.8303 0,440379.0694 4472540.6413 0,440377.3398 4472540.2295 0,440375.6101 4472540.1471 0,440373.3862 4472540.806 0))",2553097,Verde,Línea,3
"MULTILINESTRING Z ((440440.8436 4472586.4365 0,440458.1404 4472600.7681 0))",2553098,Verde,Línea,5
"MULTILINESTRING Z ((440481.5322 4472620.2064 0,440460.9408 4472603.4862 0))",2553099,Verde,Línea,6
"MULTILINESTRING Z ((440313.7536 4472638.4092 0,440298.3512 4472666.4135 0))",2553100,Verde,Línea,6
"MULTILINESTRING Z ((440294.5624 4472673.6616 0,440296.951 4472669.0492 0))",2553101,Verde,Línea,2
"MULTILINESTRING Z ((440136.8424 4472819.2197 0,440132.0791 4472827.8487 0))",2553102,Verde,Batería,4
"MULTILINESTRING Z ((440126.4185 4472838.6178 0,440130.9746 4472830.1268 0))",2553103,Verde,Batería,4
"MULTILINESTRING Z ((439656.7425 4472383.4819 0,439671.5442 4472404.599 0))",2553108,Verde,Línea,5
"MULTILINESTRING Z ((439693.352 4472436.0772 0,439673.3204 4472407.5593 0))",2553109,Verde,Línea,8
"MULTILINESTRING Z ((439477.0723 4476726.0761 0,439488.239 4476725.5761 0))",2553118,Azul,Línea,2
"MULTILINESTRING Z ((439488.8501 4476725.5205 0,439493.1834 4476725.1872 0))",2553119,Azul,Línea,1
"MULTILINESTRING Z ((439654.6557 4473020.4511 0,439656.0307 4473012.7011 0))",2553138,Azul,Batería,3
"MULTILINESTRING Z ((439688.4057 4472800.4927 0,439687.6557 4472807.0761 0))",2553141,Azul,Línea,2
"MULTILINESTRING Z ((439745.239 4472850.4927 0,439707.739 4472863.9094 0))",2553144,Verde,Línea,9
"MULTILINESTRING Z ((439698.9057 4472867.3261 0,439704.3223 4472865.4094 0))",2553145,Verde,Línea,1
"MULTILINESTRING Z ((440099.0502 4472150.4398 0,440090.2634 4472152.697 0))",2553149,Verde,Batería,3
"MULTILINESTRING Z ((440040.6866 4472163.8215 0,440032.3029 4472165.7562 0))",2553151,Verde,Batería,4
"MULTILINESTRING Z ((440135.9708 4472141.1694 0,440153.7055 4472137.2194 0))",2553152,Verde,Batería,8
"MULTILINESTRING Z ((440173.4556 4472132.7051 0,440155.479 4472136.8163 0))",2553153,Verde,Batería,6
"MULTILINESTRING Z ((440161.989 4472083.6594 0,440178.0723 4472080.1594 0))",2553158,Verde,Línea,3
"MULTILINESTRING Z ((441563.8223 4470752.8261 0,441584.4057 4470769.9094 0))",2553163,Verde,Línea,7
"MULTILINESTRING Z ((440753.0723 4474329.4094 0,440763.489 4474330.5761 0))",2553226,Verde,Línea,2
"MULTILINESTRING Z ((440979.4403 4474348.1765 0,440956.8481 4474347.3838 0))",2553227,Verde,Línea,5
"MULTILINESTRING Z ((440827.0723 4475686.6594 0,440817.3223 4475723.3261 0))",2553235,Verde,Línea,7
"MULTILINESTRING Z ((440456.3223 4476299.1594 0,440457.9057 4476294.8261 0))",2553238,Azul,Línea,1
"MULTILINESTRING Z ((440401.9057 4476429.0761 0,440405.3223 4476418.8261 0))",2553240,Azul,Línea,2
"MULTILINESTRING Z ((440190.1557 4475849.0761 0,440183.0307 4475824.2011 0))",2553263,Azul,Línea,6
"MULTILINESTRING Z ((440511.9057 4476372.7427 0,440442.9057 4476376.9094 0))",2553264,Verde,Línea,13
"MULTILINESTRING Z ((440560.3223 4473022.1594 0,440550.0723 4473018.4927 0))",2553412,Verde,Línea,2
"MULTILINESTRING Z ((438604.9057 4474936.2011 0,438586.0307 4474958.0761 0))",2553444,Verde,Línea,7
"MULTILINESTRING Z ((438207.989 4475357.9094 0,438216.239 4475349.4094 0))",2553455,Verde,Línea,2
"MULTILINESTRING Z ((438097.739 4475485.8261 0,438095.8223 4475487.9927 0))",2553459,Verde,Línea,1
"MULTILINESTRING Z ((437615.9057 4475724.4927 0,437616.3223 4475715.6594 0))",2553469,Verde,Línea,2
"MULTILINESTRING Z ((438268.5723 4475077.4094 0,438264.739 4475080.6594 0))",2553471,Verde,Línea,1
"MULTILINESTRING Z ((438234.5723 4475107.1594 0,438223.3223 4475117.3261 0))",2553474,Verde,Línea,3
"MULTILINESTRING Z ((437882.9633 4475436.5627 0,437887.9675 4475428.9807 0))",2553484,Verde,Línea,2
"MULTILINESTRING Z ((437897.3693 4475414.6505 0,437890.0147 4475425.9478 0))",2553485,Verde,Línea,3
"MULTILINESTRING Z ((437760.1557 4475616.6594 0,437773.489 4475598.0761 0))",2553490,Verde,Línea,4
"MULTILINESTRING Z ((437781.7445 4475587.0113 0,437777.2679 4475593.2097 0))",2553491,Verde,Línea,2
"MULTILINESTRING Z ((437912.739 4475316.0761 0,437909.739 4475318.9094 0))",2553493,Verde,Línea,1
"MULTILINESTRING Z ((437917.9057 4475311.6594 0,437912.989 4475315.9094 0))",2553494,Verde,Batería,3
"MULTILINESTRING Z ((438157.207 4475161.1817 0,438166.6846 4475163.8355 0))",2553496,Verde,Línea,2
"MULTILINESTRING Z ((437850.989 4475334.9094 0,437843.3223 4475343.7427 0))",2553497,Verde,Batería,4
"MULTILINESTRING Z ((437799.823 4475616.6257 0,437788.1495 4475633.0513 0))",2553510,Verde,Línea,4
"MULTILINESTRING Z ((437833.489 4475452.0761 0,437837.1557 4475454.4094 0))",2553515,Azul,Línea,1
"MULTILINESTRING Z ((438737.4612 4474968.965 0,438734.0168 4474972.7427 0))",2553521,Verde,Línea,1
"MULTILINESTRING Z ((440177.9983 4478680.5761 0,440164.2452 4478681.3662 0))",2553696,Azul,Línea,3
"MULTILINESTRING Z ((440089.9242 4478761.7242 0,440094.5538 4478762.3168 0))",2553707,Verde,Línea,1
"MULTILINESTRING Z ((439791.4797 4478806.8724 0,439780.5662 4478804.7736 0))",2553826,Verde,Línea,2
"MULTILINESTRING Z ((439924.5826 4479237.218 0,439922.4756 4479233.3168 0))",2553925,Verde,Línea,1
"MULTILINESTRING Z ((440292.1721 4479026.9371 0,440296.3256 4479028.5371 0))",2554062,Verde,Línea,1
"MULTILINESTRING Z ((440313.1752 4478910.7654 0,440315.1176 4478905.5637 0))",2554096,Verde,Línea,1
"MULTILINESTRING Z ((440303.0188 4478920.3456 0,440300.2534 4478920.1481 0))",2554107,Azul,Batería,1
"MULTILINESTRING Z ((440414.1354 4478620.8175 0,440417.7788 4478620.7407 0))",2554163,Verde,Línea,1
"MULTILINESTRING Z ((440117.6526 4478905.0699 0,440123.4468 4478905.5637 0))",2554196,Azul,Línea,1
"MULTILINESTRING Z ((440313.239 4475415.4927 0,440314.3223 4475423.0761 0))",2554346,Verde,Línea,1
"MULTILINESTRING Z ((440314.3223 4475423.2427 0,440316.239 4475435.5761 0))",2554347,Verde,Línea,2
"MULTILINESTRING Z ((440598.9057 4473311.4927 0,440623.0723 4473306.0761 0))",2554349,Verde,Línea,4
"MULTILINESTRING Z ((443852.397 4475353.9481 0,443852.2817 4475358.6755 0))",2554356,Verde,Línea,1
"MULTILINESTRING Z ((443851.244 4475368.7066 0,443852.1664 4475359.1367 0))",2554357,Verde,Línea,2
"MULTILINESTRING Z ((440384.5723 4474690.4094 0,440391.1557 4474688.3261 0))",2554365,Verde,Línea,1
"MULTILINESTRING Z ((440412.739 4474681.2427 0,440391.4057 4474688.2427 0))",2554366,Verde,Línea,4
"MULTILINESTRING Z ((440786.239 4474857.6594 0,440800.739 4474850.7427 0))",2554370,Verde,Línea,3
"MULTILINESTRING Z ((440847.1557 4475003.9927 0,440833.739 4474965.0761 0))",2554373,Verde,Línea,7
"MULTILINESTRING Z ((440853.0723 4475021.4094 0,440847.8223 4475005.4927 0))",2554375,Verde,Línea,3
"MULTILINESTRING Z ((440997.239 4474263.4927 0,440994.4057 4474286.4927 0))",2554398,Verde,Línea,4
"MULTILINESTRING Z ((440166.3223 4473370.3261 0,440170.739 4473364.7427 0))",2554399,Verde,Línea,1
"MULTILINESTRING Z ((440171.0723 4473364.4094 0,440181.239 4473351.3261 0))",2554400,Verde,Línea,2
"MULTILINESTRING Z ((438956.989 4473715.4094 0,438955.239 4473673.1594 0))",2554401,Verde,Línea,8
"MULTILINESTRING Z ((438957.3223 4473729.2427 0,438956.989 4473716.3261 0))",2554402,Verde,Línea,2
"MULTILINESTRING Z ((440765.7946 4476193.7983 0,440769.5723 4476181.9094 0))",2554407,Azul,Línea,2
"MULTILINESTRING Z ((440002.4977 4475232.0664 0,440006.557 4475242.7338 0))",2554409,Verde,Línea,2
"MULTILINESTRING Z ((440335.5723 4474710.6594 0,440355.5723 4474704.5761 0))",2554410,Verde,Línea,4
"MULTILINESTRING Z ((440923.0723 4475213.4094 0,440905.989 4475228.8261 0))",2554411,Verde,Línea,4
"MULTILINESTRING Z ((440433.739 4473032.0761 0,440456.0723 4473071.5761 0))",2554412,Verde,Línea,9
"MULTILINESTRING Z ((440455.989 4473071.5761 0,440460.989 4473080.8261 0))",2554413,Verde,Línea,2
"MULTILINESTRING Z ((440332.989 4474926.9094 0,440341.1557 4474934.1594 0))",2554415,Verde,Línea,2
"MULTILINESTRING Z ((439993.9057 4475126.8261 0,439994.4057 4475111.6594 0))",2554417,Verde,Línea,3
"MULTILINESTRING Z ((442474.9057 4475269.0761 0,442484.5723 4475268.4927 0))",2554421,Verde,Línea,2
"MULTILINESTRING Z ((440108.6759 4479083.9176 0,440120.0778 4479089.2729 0))",2554456,Verde,Línea,2
"MULTILINESTRING Z ((441030.1557 4475088.3261 0,441046.489 4475068.7427 0))",2554482,Verde,Línea,5
"MULTILINESTRING Z ((441013.3223 4475108.2427 0,441029.989 4475088.2427 0))",2554483,Verde,Línea,5
"MULTILINESTRING Z ((440270.239 4474928.9094 0,440288.3223 4474912.6594 0))",2554490,Verde,Línea,4
"MULTILINESTRING Z ((440797.2165 4473289.884 0,440760.5673 4473316.7375 0))",2554505,Verde,Línea,8
"MULTILINESTRING Z ((439097.1031 4475868.6091 0,439127.5579 4475884.8189 0))",2554514,Azul,Línea,7
"MULTILINESTRING Z ((440068.2699 4479341.465 0,440067.06 4479346.8724 0))",2554520,Verde,Línea,1
"MULTILINESTRING Z ((439022.5869 4475828.9686 0,439080.795 4475860.5042 0))",2554521,Azul,Línea,13
"MULTILINESTRING Z ((439016.3223 4475543.3261 0,439039.989 4475556.5761 0))",2554527,Verde,Línea,6
"MULTILINESTRING Z ((439375.239 4474827.5761 0,439405.739 4474804.4094 0))",2554529,Verde,Línea,7
"MULTILINESTRING Z ((438708.9139 4475938.6298 0,438737.6329 4475954.229 0))",2554535,Verde,Línea,6
"MULTILINESTRING Z ((439021.989 4475794.4927 0,439027.5723 4475786.1594 0))",2554541,Verde,Línea,2
"MULTILINESTRING Z ((439202.0723 4475530.9094 0,439206.9057 4475533.6594 0))",2554542,Verde,Línea,1
"MULTILINESTRING Z ((438963.1557 4475396.7427 0,438979.9057 4475406.1594 0))",2554545,Verde,Línea,4
"MULTILINESTRING Z ((438858.239 4475939.7427 0,438845.4057 4475932.9927 0))",2554547,Verde,Línea,3
"MULTILINESTRING Z ((439208.4057 4475665.2427 0,439195.5723 4475686.5761 0))",2554548,Verde,Línea,5
"MULTILINESTRING Z ((439117.8223 4475809.8261 0,439106.1557 4475829.3261 0))",2554550,Azul,Línea,5
"MULTILINESTRING Z ((439039.989 4475948.2427 0,439027.0723 4475969.3261 0))",2554553,Verde,Línea,5
"MULTILINESTRING Z ((440473.8623 4479302.2698 0,440458.3623 4479280.0476 0))",2554557,Azul,Línea,5
"MULTILINESTRING Z ((440579.4962 4479188.0987 0,440580.6978 4479190.3209 0))",2554571,Azul,Batería,1
"MULTILINESTRING Z ((440605.7127 4479167.002 0,440609.4446 4479164.7986 0))",2554573,Verde,Línea,1
"MULTILINESTRING Z ((440648.1279 4479142.1316 0,440680.5168 4479123.0205 0))",2554579,Verde,Línea,7
"MULTILINESTRING Z ((440606.1711 4479078.8971 0,440619.9242 4479070.3045 0))",2554600,Azul,Línea,3
"MULTILINESTRING Z ((441595.8501 4476432.3538 0,441599.1834 4476433.965 0))",2554606,Verde,Línea,1
"MULTILINESTRING Z ((441843.7797 4475907.3024 0,441844.7162 4475918.4233 0))",2554627,Verde,Batería,4
"MULTILINESTRING Z ((442120.5137 4475792.1722 0,442118.9333 4475769.6378 0))",2554628,Verde,Batería,8
"MULTILINESTRING Z ((439260.1102 4475073.0214 0,439246.7261 4475136.9421 0))",2554630,Naranja,Línea,12
"MULTILINESTRING Z ((442117.9612 4475754.5761 0,442118.3501 4475760.1316 0))",2554633,Verde,Batería,2
"MULTILINESTRING Z ((438079.239 4475377.2427 0,438075.989 4475380.8261 0))",2554642,Verde,Línea,1
"MULTILINESTRING Z ((437643.3223 4475861.9927 0,437652.5723 4475846.1594 0))",2554646,Verde,Línea,4
"MULTILINESTRING Z ((438958.0143 4474933.887 0,438940.2617 4474960.0283 0,438934.2141 4474968.612 0,438932.2633 4474970.7579 0,438930.8977 4474974.0743 0,438929.5321 4474980.1219 0,438926.6058 4474998.6549 0,438924.2648 4475014.6518 0,438922.8992 4475020.6994 0,438921.1435 4475025.3814 0,438918.0221 4475031.2339 0,438906.5122 4475048.9865 0,438882.907 4475080.9803 0,438864.179 4475107.3166 0,438829.6491 4475161.5499 0,438817.1638 4475182.2288 0,438807.0194 4475197.4454 0))",2554649,Naranja,Línea,69
"MULTILINESTRING Z ((440449.9983 4479175.539 0,440446.4674 4479177.7119 0))",2554654,Verde,Línea,1
"MULTILINESTRING Z ((440340.4921 4479169.8106 0,440341.776 4479166.6748 0,440343.1588 4479163.8106 0,440344.9612 4479161.0452 0))",2554656,Verde,Batería,5
"MULTILINESTRING Z ((440357.8007 4479156.1069 0,440347.8007 4479159.0699 0))",2554657,Verde,Batería,5
"MULTILINESTRING Z ((441864.239 4476317.8261 0,441864.9057 4476327.9927 0))",2554659,Verde,Línea,2
"MULTILINESTRING Z ((440188.3522 4479346.6172 0,440176.2946 4479322.8538 0))",2554662,Verde,Línea,5
"MULTILINESTRING Z ((440817.6557 4475196.0761 0,440830.5723 4475220.4094 0))",2554663,Verde,Línea,4
"MULTILINESTRING Z ((440836.239 4475231.0761 0,440831.0723 4475221.3261 0))",2554664,Verde,Línea,2
"MULTILINESTRING Z ((440050.989 4474203.0761 0,440076.9057 4474207.0761 0))",2554665,Verde,Línea,5
"MULTILINESTRING Z ((440077.0723 4474206.9927 0,440096.489 4474210.2427 0))",2554666,Verde,Línea,4
"MULTILINESTRING Z ((438384.4376 4475282.7205 0,438389.7978 4475284.7193 0,438395.5214 4475286.718 0,438401.881 4475287.9899 0,438406.4236 4475288.6259 0,438414.8727 4475288.7167 0))",2554667,Verde,Línea,7
"MULTILINESTRING Z ((437899.1165 4475529.2105 0,437896.9004 4475531.796 0))",2554674,Verde,Batería,1
"MULTILINESTRING Z ((437735.4057 4475501.6594 0,437697.489 4475477.7427 0))",2554680,Verde,Línea,9
"MULTILINESTRING Z ((437608.5307 4475874.4511 0,437597.5307 4475870.9511 0))",2554682,Verde,Línea,3
"MULTILINESTRING Z ((438108.6059 4475292.1242 0,438104.5116 4475287.6508 0))",2554687,Verde,Línea,1
"MULTILINESTRING Z ((437553.2956 4475864.7903 0,437538.1699 4475916.6498 0))",2554688,Verde,Línea,11
"MULTILINESTRING Z ((438095.6422 4475293.9859 0,438051.9237 4475340.2833 0))",2554690,Verde,Línea,13
"MULTILINESTRING Z ((438086.8002 4475308.7225 0,438055.7306 4475342.1254 0,438049.7132 4475348.3884 0,438031.0468 4475364.7215 0,437975.2934 4475414.5802 0))",2554692,Verde,Línea,32
"MULTILINESTRING Z ((438357.3495 4475273.0162 0,438349.9651 4475282.0252 0))",2554696,Azul,Línea,2
"MULTILINESTRING Z ((437669.739 4475715.4927 0,437675.5723 4475712.4094 0))",2554700,Verde,Línea,1
"MULTILINESTRING Z ((442181.0723 4476531.2427 0,442179.5723 4476514.3261 0))",2554719,Verde,Línea,3
"MULTILINESTRING Z ((439942.4427 4478873.1687 0,439943.9612 4478868.502 0))",2554740,Verde,Línea,1
"MULTILINESTRING Z ((439963.2328 4478809.8106 0,439961.7513 4478814.3292 0))",2554741,Verde,Línea,1
"MULTILINESTRING Z ((439403.1464 4480639.465 0,439443.2205 4480649.9464 0))",2554742,Verde,Línea,8
"MULTILINESTRING Z ((442285.6834 4479096.8538 0,442288.1279 4479108.5761 0))",2554759,Verde,Línea,2
"MULTILINESTRING Z ((442286.2946 4479110.1316 0,442287.3501 4479115.4094 0))",2554760,Verde,Línea,1
"MULTILINESTRING Z ((441778.8223 4478644.1594 0,441784.989 4478652.4094 0))",2554762,Verde,Línea,2
"MULTILINESTRING Z ((440957.5723 4477010.4094 0,440963.1279 4477009.965 0))",2554765,Verde,Línea,1
"MULTILINESTRING Z ((442595.1834 4479065.5761 0,442589.2946 4479065.465 0))",2554772,Verde,Línea,1
"MULTILINESTRING Z ((442582.5168 4479065.4094 0,442576.5168 4479065.2983 0))",2554773,Verde,Línea,1
"MULTILINESTRING Z ((443369.4057 4475692.3909 0,443380.2946 4475719.502 0))",2554776,Azul,Batería,11
"MULTILINESTRING Z ((442028.6557 4475450.8261 0,442045.1557 4475449.5761 0))",2554781,Azul,Línea,3
"MULTILINESTRING Z ((442197.6557 4475328.6594 0,442198.489 4475342.9094 0))",2554783,Verde,Línea,3
"MULTILINESTRING Z ((441736.6557 4474984.6594 0,441736.9057 4474987.7427 0))",2554785,Verde,Batería,1
"MULTILINESTRING Z ((441745.8884 4475059.4891 0,441746.6428 4475066.0631 0))",2554787,Verde,Línea,1
"MULTILINESTRING Z ((441762.489 4475211.3261 0,441762.9057 4475214.5761 0))",2554788,Verde,Batería,1
"MULTILINESTRING Z ((441741.8688 4474725.3829 0,441797.9703 4474721.7203 0))",2554789,Verde,Batería,21
"MULTILINESTRING Z ((441803.5983 4474721.5416 0,441801.1863 4474721.6309 0))",2554790,Verde,Batería,1
"MULTILINESTRING Z ((442022.719 4475605.6533 0,442058.3079 4475602.9331 0))",2554793,Verde,Batería,10
"MULTILINESTRING Z ((441679.239 4475188.9927 0,441693.989 4475187.8261 0))",2554798,Azul,Línea,3
"MULTILINESTRING Z ((441694.739 4475187.6594 0,441711.0723 4475186.4927 0))",2554799,Azul,Línea,3
"MULTILINESTRING Z ((441688.5723 4475205.4927 0,441737.8223 4475201.6594 0))",2554801,Azul,Línea,9
"MULTILINESTRING Z ((443506.5732 4475277.157 0,443534.3213 4475265.8866 0))",2554815,Verde,Batería,11
"MULTILINESTRING Z ((443752.3223 4475186.3495 0,443767.739 4475180.5995 0,443769.9057 4475179.6829 0,443770.489 4475179.5162 0))",2554821,Verde,Línea,4
"MULTILINESTRING Z ((443783.4011 4475168.2563 0,443753.3472 4475179.6322 0))",2554823,Verde,Batería,12
"MULTILINESTRING Z ((443798.8908 4475161.7422 0,443812.0872 4475156.3923 0))",2554824,Verde,Batería,5
"MULTILINESTRING Z ((441576.1557 4475327.6594 0,441597.1557 4475325.9927 0))",2554836,Verde,Línea,4
"MULTILINESTRING Z ((440304.5064 4473140.8629 0,440301.6191 4473146.9362 0))",2554842,Verde,Línea,1
"MULTILINESTRING Z ((441615.8501 4475645.1687 0,441619.8131 4475644.9094 0))",2554856,Azul,Línea,1
"MULTILINESTRING Z ((440830.989 4473516.4094 0,440820.5723 4473526.1594 0))",2554858,Verde,Línea,3
"MULTILINESTRING Z ((442249.7946 4475970.465 0,442250.6279 4475982.9094 0))",2554861,Verde,Batería,5
"MULTILINESTRING Z ((442249.239 4475962.3261 0,442249.8223 4475968.8261 0))",2554862,Verde,Batería,2
"MULTILINESTRING Z ((442842.2793 4475460.0559 0,442839.9249 4475429.0861 0))",2554905,Verde,Línea,6
"MULTILINESTRING Z ((442435.8438 4475576.2982 0,442446.0444 4475575.5048 0))",2554910,Verde,Batería,4
"MULTILINESTRING Z ((442414.6492 4475577.5449 0,442433.6904 4475576.4115 0))",2554911,Verde,Batería,7
"MULTILINESTRING Z ((443011.3223 4474842.0761 0,443021.739 4474841.3261 0))",2554912,Verde,Línea,2
"MULTILINESTRING Z ((443025.989 4474841.2427 0,443040.3223 4474840.2427 0))",2554913,Verde,Línea,3
"MULTILINESTRING Z ((442818.6557 4475167.9094 0,442818.4057 4475162.9927 0))",2554915,Verde,Línea,1
"MULTILINESTRING Z ((443094.239 4475193.4927 0,443093.0723 4475178.4927 0))",2554918,Verde,Línea,3
"MULTILINESTRING Z ((442570.5723 4475393.4927 0,442566.9057 4475344.4094 0))",2554920,Verde,Batería,16
"MULTILINESTRING Z ((442571.239 4475401.1594 0,442570.9057 4475396.1594 0))",2554921,Verde,Batería,2
"MULTILINESTRING Z ((443254.9057 4475208.1594 0,443241.6557 4475209.1594 0))",2554933,Verde,Batería,5
"MULTILINESTRING Z ((443033.9057 4475224.6594 0,443036.989 4475224.4927 0))",2554936,Verde,Batería,1
"MULTILINESTRING Z ((443123.489 4475221.2427 0,443132.489 4475220.4927 0))",2554937,Verde,Línea,2
"MULTILINESTRING Z ((443143.8223 4475219.7427 0,443133.8223 4475220.5761 0))",2554938,Verde,Línea,2
"MULTILINESTRING Z ((442297.3223 4474881.9927 0,442298.6557 4474877.7427 0))",2554939,Azul,Línea,1
"MULTILINESTRING Z ((443011.0723 4474215.5761 0,442970.239 4474218.9927 0))",2554955,Verde,Línea,8
"MULTILINESTRING Z ((442961.0723 4474219.7427 0,442968.4057 4474219.1594 0))",2554956,Verde,Línea,2
"MULTILINESTRING Z ((442782.5307 4474614.5761 0,442781.9057 4474604.5761 0))",2554960,Verde,Línea,2
"MULTILINESTRING Z ((442706.989 4474389.6594 0,442743.4057 4474387.1594 0))",2554961,Verde,Línea,7
"MULTILINESTRING Z ((442752.489 4474386.4927 0,442746.3223 4474386.9094 0))",2554962,Verde,Línea,2
"MULTILINESTRING Z ((442499.4057 4474491.2427 0,442495.4057 4474442.9927 0))",2554963,Verde,Línea,10
"MULTILINESTRING Z ((442899.4057 4474403.3261 0,442904.4057 4474472.8261 0))",2554965,Azul,Línea,14
"MULTILINESTRING Z ((442906.4057 4474498.9511 0,442904.4057 4474475.7011 0))",2554966,Azul,Línea,5
"MULTILINESTRING Z ((442026.4057 4471829.0761 0,442029.239 4471837.6594 0,442030.989 4471844.8261 0))",2554986,Verde,Línea,4
"MULTILINESTRING Z ((441848.9401 4472281.9941 0,441859.7337 4472269.5073 0))",2554987,Verde,Línea,3
"MULTILINESTRING Z ((441865.6596 4472263.0523 0,441862.3792 4472266.8618 0))",2554988,Verde,Línea,1
"MULTILINESTRING Z ((441498.6557 4471798.0761 0,441501.3223 4471793.4927 0,441500.5723 4471773.9094 0))",2554989,Verde,Línea,5
"MULTILINESTRING Z ((441043.1557 4471665.9511 0,441038.4057 4471620.5761 0))",2554991,Azul,Línea,9
"MULTILINESTRING Z ((441106.8223 4472343.9927 0,441101.5723 4472288.1594 0))",2554995,Azul,Línea,12
"MULTILINESTRING Z ((440938.5723 4471954.4094 0,440939.9057 4471951.6594 0))",2554998,Azul,Batería,1
"MULTILINESTRING Z ((440797.5723 4472487.8261 0,440769.989 4472490.1594 0))",2555001,Azul,Línea,6
"MULTILINESTRING Z ((440749.739 4472491.7427 0,440767.989 4472490.4094 0))",2555002,Azul,Línea,4
"MULTILINESTRING Z ((441077.3223 4472293.2427 0,440999.3223 4472300.8261 0))",2555003,Verde,Línea,15
"MULTILINESTRING Z ((441847.489 4472370.4094 0,441840.6557 4472378.3261 0))",2555011,Verde,Línea,2
"MULTILINESTRING Z ((442156.054 4471920.0165 0,442164.1545 4471927.2708 0))",2555012,Verde,Línea,2
"MULTILINESTRING Z ((441545.5723 4471870.1594 0,441574.3223 4471828.4094 0))",2555014,Verde,Línea,10
"MULTILINESTRING Z ((441540.8223 4471877.1594 0,441543.9057 4471872.8261 0))",2555015,Verde,Línea,1
"MULTILINESTRING Z ((441123.8223 4472381.5761 0,441140.739 4472384.2427 0,441153.5723 4472385.5761 0))",2555016,Azul,Línea,6
"MULTILINESTRING Z ((441159.3223 4472385.9927 0,441171.1557 4472386.3261 0,441175.989 4472386.7427 0,441180.0723 4472386.3261 0,441184.0723 4472385.4927 0,441190.9057 4472382.6594 0))",2555017,Azul,Línea,6
"MULTILINESTRING Z ((440979.4057 4472109.4927 0,440970.8223 4472110.3261 0))",2555019,Verde,Línea,2
"MULTILINESTRING Z ((441854.989 4479720.8261 0,441854.1557 4479727.0761 0))",2555020,Azul,Línea,1
"MULTILINESTRING Z ((441339.739 4472097.2427 0,441327.239 4472088.5761 0))",2555022,Verde,Línea,3
"MULTILINESTRING Z ((441320.3223 4472084.1594 0,441324.989 4472087.1594 0))",2555023,Verde,Línea,1
"MULTILINESTRING Z ((441499.0723 4471746.3261 0,441499.8223 4471763.1594 0))",2555024,Verde,Línea,3
"MULTILINESTRING Z ((441837.489 4479476.0761 0,441780.6557 4479480.6594 0,441780.0723 4479473.8261 0))",2555027,Verde,Línea,11
"MULTILINESTRING Z ((441779.2942 4479465.6321 0,441779.5283 4479468.5586 0))",2555028,Verde,Línea,1
"MULTILINESTRING Z ((441588.1094 4479453.2798 0,441588.1464 4479457.0576 0))",2555061,Verde,Línea,1
"MULTILINESTRING Z ((442888.4057 4474319.4094 0,442884.739 4474267.9927 0))",2555091,Verde,Línea,10
"MULTILINESTRING Z ((440660.6557 4475872.7427 0,440657.0723 4475882.9927 0))",2555092,Verde,Línea,2
"MULTILINESTRING Z ((441786.3316 4479466.1687 0,441786.702 4479470.6131 0))",2555098,Verde,Línea,1
"MULTILINESTRING Z ((441599.1834 4479411.0205 0,441597.0723 4479411.0761 0))",2555104,Azul,Batería,1
"MULTILINESTRING Z ((441209.6773 4471133.7553 0,441219.1535 4471123.4895 0))",2555108,Verde,Línea,3
"MULTILINESTRING Z ((441198.4902 4471145.6006 0,441207.4399 4471135.9928 0))",2555109,Verde,Línea,3
"MULTILINESTRING Z ((441228.1032 4471114.0133 0,441220.7329 4471121.7785 0))",2555110,Verde,Línea,2
"MULTILINESTRING Z ((441707.1557 4471437.8261 0,441703.6557 4471467.4511 0))",2555111,Verde,Línea,6
"MULTILINESTRING Z ((441700.1557 4471496.0761 0,441703.1557 4471471.8261 0))",2555112,Verde,Línea,5
"MULTILINESTRING Z ((441320.239 4471532.5995 0,441334.739 4471538.8495 0))",2555114,Verde,Línea,3
"MULTILINESTRING Z ((441316.0723 4471531.2427 0,441312.489 4471529.9094 0))",2555115,Verde,Línea,1
"MULTILINESTRING Z ((441310.3223 4470951.5761 0,441326.489 4470961.0761 0))",2555118,Verde,Línea,4
"MULTILINESTRING Z ((441533.9057 4470723.3261 0,441521.9057 4470713.4927 0))",2555121,Verde,Línea,3
"MULTILINESTRING Z ((441520.3223 4470712.0761 0,441516.4057 4470708.8261 0))",2555122,Verde,Línea,1
"MULTILINESTRING Z ((441444.1557 4470767.6594 0,441452.489 4470777.9094 0))",2555126,Verde,Línea,3
"MULTILINESTRING Z ((441460.489 4470787.7427 0,441453.1557 4470778.7427 0))",2555127,Verde,Línea,2
"MULTILINESTRING Z ((441261.2331 4470864.5836 0,441266.2612 4470864.7337 0))",2555132,Verde,Línea,1
"MULTILINESTRING Z ((441089.5074 4471019.7944 0,441098.9637 4471009.4375 0))",2555134,Verde,Línea,3
"MULTILINESTRING Z ((442329.8223 4471781.1594 0,442320.239 4471792.2427 0))",2555138,Verde,Línea,3
"MULTILINESTRING Z ((441830.1711 4479264.8724 0,441829.9983 4479261.3662 0))",2555142,Verde,Línea,1
"MULTILINESTRING Z ((441105.1283 4470914.9863 0,441133.5382 4470941.7161 0))",2555147,Verde,Batería,14
"MULTILINESTRING Z ((441131.989 4471119.3261 0,441112.5723 4471140.4094 0))",2555149,Verde,Línea,6
"MULTILINESTRING Z ((441073.6557 4471052.4094 0,441107.6557 4471084.5761 0))",2555151,Verde,Línea,8
"MULTILINESTRING Z ((441822.1557 4479161.6594 0,441829.8223 4479161.0761 0))",2555152,Verde,Batería,3
"MULTILINESTRING Z ((441830.8223 4479160.9927 0,441834.4057 4479160.7427 0))",2555153,Verde,Batería,1
"MULTILINESTRING Z ((441835.5723 4479160.4094 0,441845.1557 4479159.7427 0))",2555154,Verde,Batería,4
"MULTILINESTRING Z ((441854.239 4479158.9094 0,441849.989 4479159.4094 0))",2555156,Verde,Batería,2
"MULTILINESTRING Z ((440808.1996 4475756.2941 0,440810.8783 4475746.008 0))",2555167,Verde,Línea,2
"MULTILINESTRING Z ((440537.0307 4476597.3261 0,440537.7807 4476617.9511 0))",2555183,Verde,Batería,7
"MULTILINESTRING Z ((440486.6557 4476207.1594 0,440484.989 4476212.1594 0))",2555184,Azul,Línea,1
"MULTILINESTRING Z ((439038.6557 4475227.7427 0,439048.9057 4475228.1594 0))",2555186,Naranja,Línea,2
"MULTILINESTRING Z ((440476.739 4472169.0761 0,440495.489 4472163.9094 0))",2555187,Verde,Línea,4
"MULTILINESTRING Z ((440502.4057 4472161.9927 0,440497.6557 4472163.2427 0))",2555188,Verde,Línea,1
"MULTILINESTRING Z ((440755.989 4472251.9927 0,440710.9057 4472257.7427 0))",2555189,Verde,Batería,18
"MULTILINESTRING Z ((440466.3223 4472007.3261 0,440462.3223 4472007.7427 0))",2555194,Verde,Línea,1
"MULTILINESTRING Z ((440464.2807 4471941.0761 0,440471.1557 4471990.3261 0))",2555195,Verde,Batería,20
"MULTILINESTRING Z ((440778.3223 4471633.1594 0,440774.6557 4471636.5761 0))",2555198,Verde,Línea,1
"MULTILINESTRING Z ((440900.2013 4471516.6703 0,440868.5881 4471546.5789 0))",2555200,Verde,Línea,9
"MULTILINESTRING Z ((440750.1557 4472073.2427 0,440748.9057 4472062.2427 0))",2555206,Azul,Línea,2
"MULTILINESTRING Z ((440747.739 4472053.1594 0,440748.5723 4472059.7427 0))",2555207,Azul,Línea,2
"MULTILINESTRING Z ((440732.989 4471776.8261 0,440732.489 4471771.8261 0))",2555208,Verde,Línea,1
"MULTILINESTRING Z ((440634.239 4472175.9094 0,440708.5723 4472168.8261 0))",2555213,Verde,Línea,15
"MULTILINESTRING Z ((440710.8223 4472168.6594 0,440749.989 4472164.6594 0))",2555214,Verde,Línea,8
"MULTILINESTRING Z ((440513.7144 4472192.0151 0,440490.6243 4472194.0297 0,440488.2998 4472195.1144 0))",2555215,Verde,Línea,5
"MULTILINESTRING Z ((440204.9057 4475900.3261 0,440212.4057 4475928.9511 0))",2555219,Azul,Línea,6
"MULTILINESTRING Z ((440420.1557 4476372.4511 0,440451.0307 4476279.4511 0))",2555222,Azul,Línea,20
"MULTILINESTRING Z ((440396.5723 4476444.9094 0,440400.989 4476432.9927 0))",2555223,Azul,Línea,2
"MULTILINESTRING Z ((443415.8223 4474897.655 0,443413.0102 4474840.7656 0))",2555270,Verde,Línea,12
"MULTILINESTRING Z ((443411.9287 4474816.9715 0,443412.9021 4474836.7638 0))",2555271,Verde,Línea,4
"MULTILINESTRING Z ((443825.239 4475150.5761 0,443846.5723 4475142.5761 0))",2555281,Verde,Batería,8
"MULTILINESTRING Z ((443863.5723 4475135.5761 0,443850.3223 4475140.9094 0))",2555282,Verde,Batería,7
"MULTILINESTRING Z ((443543.7217 4475356.558 0,443581.2875 4475344.9127 0))",2555284,Verde,Línea,8
"MULTILINESTRING Z ((440255.0518 4479132.0329 0,440266.9365 4479135.0946 0))",2555289,Verde,Línea,2
"MULTILINESTRING Z ((440316.6649 4479148.0987 0,440313.3069 4479147.2098 0))",2555295,Verde,Línea,1
"MULTILINESTRING Z ((439272.3851 4477499.6049 0,439273.7349 4477490.9958 0))",2555347,Azul,Línea,1
"MULTILINESTRING Z ((441633.0723 4479242.4094 0,441630.8501 4479242.6316 0))",2555348,Azul,Batería,1
"MULTILINESTRING Z ((439188.8131 4477462.9958 0,439190.0806 4477458.1234 0))",2555350,Azul,Línea,1
"MULTILINESTRING Z ((439235.9612 4476764.1687 0,439230.3686 4476764.502 0))",2555365,Azul,Línea,1
"MULTILINESTRING Z ((442135.1927 4472346.21 0,442158.8759 4472316.6534 0,442177.8225 4472302.0645 0,442191.843 4472284.6337 0))",2555385,Verde,Línea,14
"MULTILINESTRING Z ((442214.7683 4472257.3506 0,442195.2533 4472279.897 0))",2555388,Verde,Línea,6
"MULTILINESTRING Z ((439313.3727 4477130.6117 0,439315.2712 4477128.4608 0))",2555389,Verde,Batería,1
"MULTILINESTRING Z ((441872.0723 4479142.5761 0,441869.489 4479142.9094 0))",2555390,Verde,Batería,1
"MULTILINESTRING Z ((441868.5723 4479142.8261 0,441861.0723 4479143.5761 0))",2555391,Verde,Batería,3
"MULTILINESTRING Z ((442205.1647 4472257.2664 0,442181.4829 4472285.6999 0))",2555401,Verde,Batería,18
"MULTILINESTRING Z ((441860.3223 4479143.6594 0,441855.4057 4479144.0761 0))",2555402,Verde,Batería,2
"MULTILINESTRING Z ((441854.739 4479144.1594 0,441852.3223 4479144.4094 0))",2555403,Verde,Batería,1
"MULTILINESTRING Z ((442095.026 4472139.6924 0,442146.5606 4472182.7011 0))",2555404,Verde,Línea,14
"MULTILINESTRING Z ((442110.9411 4472122.6405 0,442161.339 4472165.2703 0))",2555405,Verde,Línea,14
"MULTILINESTRING Z ((442168.9176 4472171.3332 0,442220.0733 4472214.3419 0))",2555408,Verde,Línea,14
"MULTILINESTRING Z ((442115.8672 4472146.5763 0,442151.7394 4472176.6382 0))",2555409,Verde,Línea,10
"MULTILINESTRING Z ((442120.4144 4472141.145 0,442156.1602 4472171.3332 0))",2555410,Verde,Línea,10
"MULTILINESTRING Z ((442159.0654 4472182.7011 0,442210.3474 4472225.2677 0))",2555411,Verde,Línea,14
"MULTILINESTRING Z ((442163.7389 4472177.5224 0,442214.8946 4472220.468 0))",2555412,Verde,Línea,14
"MULTILINESTRING Z ((442246.4091 4472219.8364 0,442288.0915 4472170.5753 0))",2555413,Verde,Línea,14
"MULTILINESTRING Z ((442293.965 4472164.3229 0,442335.2685 4472114.4935 0))",2555415,Verde,Línea,14
"MULTILINESTRING Z ((442241.483 4472215.0998 0,442281.8392 4472167.1649 0))",2555416,Verde,Batería,23
"MULTILINESTRING Z ((442287.5231 4472160.5336 0,442319.7323 4472122.0721 0))",2555417,Verde,Batería,19
"MULTILINESTRING Z ((442240.9146 4472250.7193 0,442300.4068 4472300.5488 0))",2555443,Verde,Línea,17
"MULTILINESTRING Z ((442244.8933 4472245.6037 0,442304.0066 4472296.0016 0))",2555445,Verde,Línea,17
"MULTILINESTRING Z ((442356.2992 4472347.9152 0,442310.0696 4472309.4537 0))",2555446,Verde,Línea,13
"MULTILINESTRING Z ((441834.8223 4479145.7427 0,441840.239 4479145.3261 0))",2555447,Verde,Batería,2
"MULTILINESTRING Z ((442360.8464 4472342.4207 0,442313.6694 4472303.9592 0))",2555448,Verde,Línea,13
"MULTILINESTRING Z ((442342.0893 4472084.5579 0,442333.5633 4472070.5374 0))",2555450,Verde,Batería,6
"MULTILINESTRING Z ((442302.4909 4472016.3502 0,442310.259 4472030.9391 0))",2555451,Verde,Batería,6
"MULTILINESTRING Z ((442311.5853 4472033.2127 0,442320.8691 4472048.9383 0))",2555452,Verde,Batería,7
"MULTILINESTRING Z ((442331.2897 4472067.506 0,442322.3848 4472051.7803 0))",2555453,Verde,Batería,7
"MULTILINESTRING Z ((441803.1464 4479148.3538 0,441808.5168 4479147.9464 0))",2555454,Verde,Batería,2
"MULTILINESTRING Z ((441809.5908 4479147.8353 0,441814.1834 4479147.465 0))",2555455,Verde,Batería,2
"MULTILINESTRING Z ((442375.1826 4472134.1979 0,442384.4033 4472149.3552 0))",2555456,Verde,Línea,4
"MULTILINESTRING Z ((442387.8136 4472154.6602 0,442398.0448 4472170.5753 0))",2555457,Verde,Línea,4
"MULTILINESTRING Z ((442446.2954 4472248.1299 0,442439.9799 4472237.6462 0))",2555458,Verde,Línea,2
"MULTILINESTRING Z ((442416.1072 4472198.8689 0,442422.6753 4472209.4789 0))",2555459,Verde,Línea,2
"MULTILINESTRING Z ((442426.9699 4472215.4155 0,442433.0328 4472226.0256 0))",2555460,Verde,Línea,2
"MULTILINESTRING Z ((442401.8341 4472175.754 0,442411.9389 4472191.9218 0))",2555461,Verde,Línea,4
"MULTILINESTRING Z ((441815.0723 4479147.3909 0,441819.9612 4479147.0205 0))",2555462,Verde,Batería,2
"MULTILINESTRING Z ((440587.4011 4475650.6503 0,440606.0164 4475652.4844 0))",2555463,Verde,Batería,7
"MULTILINESTRING Z ((440625.0902 4475654.6852 0,440620.5969 4475654.2267 0))",2555464,Verde,Batería,2
"MULTILINESTRING Z ((441821.0353 4479146.9464 0,441828.4057 4479146.3168 0))",2555465,Verde,Batería,3
"MULTILINESTRING Z ((440636.2777 4475655.7856 0,440630.1338 4475655.3271 0))",2555466,Verde,Batería,2
"MULTILINESTRING Z ((442479.7006 4472269.8222 0,442489.0167 4472250.0539 0))",2555467,Verde,Línea,5
"MULTILINESTRING Z ((440745.5188 4475667.3623 0,440760.7336 4475668.9695 0))",2555470,Verde,Batería,6
"MULTILINESTRING Z ((440781.413 4475671.3267 0,440820.5215 4475675.3983 0))",2555472,Verde,Batería,15
"MULTILINESTRING Z ((439258.3275 4476875.2592 0,439261.8501 4476878.3045 0))",2555474,Azul,Línea,1
"MULTILINESTRING Z ((439269.8007 4476885.2016 0,439265.4715 4476881.4485 0))",2555475,Azul,Línea,1
"MULTILINESTRING Z ((439394.4262 4477039.325 0,439398.1793 4477034.9629 0))",2555476,Verde,Línea,1
"MULTILINESTRING Z ((440869.239 4475506.9927 0,440868.0723 4475513.2427 0))",2555478,Verde,Línea,1
"MULTILINESTRING Z ((440865.3029 4475512.0175 0,440864.4933 4475517.0772 0))",2555479,Verde,Batería,1
"MULTILINESTRING Z ((440857.5109 4475552.6975 0,440858.0169 4475549.6617 0))",2555480,Verde,Batería,1
"MULTILINESTRING Z ((440846.8796 4475605.1101 0,440850.9511 4475583.145 0))",2555482,Verde,Batería,9
"MULTILINESTRING Z ((440836.0578 4475660.0763 0,440841.3079 4475630.8253 0))",2555483,Verde,Batería,12
"MULTILINESTRING Z ((440832.3223 4475687.6594 0,440830.6557 4475693.9927 0))",2555484,Verde,Línea,1
"MULTILINESTRING Z ((440827.5575 4475695.4824 0,440828.1646 4475692.8513 0))",2555485,Verde,Batería,1
"MULTILINESTRING Z ((440814.307 4475744.4008 0,440825.6645 4475703.0422 0))",2555486,Verde,Batería,17
"MULTILINESTRING Z ((440862.773 4475525.7799 0,440861.8623 4475531.5479 0))",2555489,Verde,Batería,2
"MULTILINESTRING Z ((440841.739 4475645.3261 0,440844.739 4475630.2427 0))",2555491,Verde,Línea,3
"MULTILINESTRING Z ((440798.239 4475792.9094 0,440802.489 4475777.1594 0))",2555493,Verde,Línea,3
"MULTILINESTRING Z ((440774.8223 4475881.0761 0,440769.5723 4475899.5761 0))",2555494,Verde,Línea,4
"MULTILINESTRING Z ((440765.1557 4475916.1594 0,440769.3223 4475900.5761 0))",2555495,Verde,Línea,3
"MULTILINESTRING Z ((440796.1873 4475821.2666 0,440797.5028 4475816.1057 0))",2555497,Verde,Línea,1
"MULTILINESTRING Z ((440769.239 4475922.3261 0,440781.989 4475873.7427 0))",2555498,Verde,Batería,17
"MULTILINESTRING Z ((439361.5908 4477146.5761 0,439382.739 4477145.502 0))",2555499,Verde,Batería,7
"MULTILINESTRING Z ((439412.4921 4477144.0082 0,439386.1958 4477145.3168 0))",2555505,Verde,Batería,8
"MULTILINESTRING Z ((443405.9057 4475815.2983 0,443404.9612 4475810.2427 0,443404.9057 4475809.6316 0,443401.6834 4475801.8538 0))",2555524,Verde,Batería,8
"MULTILINESTRING Z ((440789.739 4475668.9094 0,440805.1557 4475670.5761 0))",2555525,Verde,Línea,3
"MULTILINESTRING Z ((440821.6973 4475672.2918 0,440806.1081 4475670.7329 0))",2555526,Verde,Línea,3
"MULTILINESTRING Z ((440257.9595 4475875.2185 0,440220.6898 4475878.3904 0))",2555529,Verde,Batería,15
"MULTILINESTRING Z ((440297.739 4475868.6594 0,440293.1557 4475868.9927 0))",2555531,Verde,Línea,1
"MULTILINESTRING Z ((440298.739 4475868.5761 0,440316.5723 4475867.0761 0))",2555532,Verde,Línea,3
"MULTILINESTRING Z ((440317.5466 4475871.7178 0,440306.6581 4475872.7243 0))",2555533,Verde,Línea,2
"MULTILINESTRING Z ((440208.6162 4475881.6455 0,440221.1059 4475880.822 0))",2555537,Verde,Línea,2
"MULTILINESTRING Z ((441591.5723 4470775.7427 0,441588.239 4470773.1594 0))",2555564,Verde,Línea,1
"MULTILINESTRING Z ((441954.4057 4479337.3168 0,441951.739 4479341.0576 0))",2555579,Verde,Línea,1
"MULTILINESTRING Z ((441971.3501 4479414.1316 0,442015.6279 4479410.6872 0))",2555585,Azul,Línea,9
"MULTILINESTRING Z ((442024.4057 4479409.965 0,442020.4057 4479410.3538 0))",2555587,Azul,Línea,1
"MULTILINESTRING Z ((441356.0429 4472353.5754 0,441406.5429 4472322.5754 0,441409.2929 4472321.2004 0,441457.4179 4472317.3254 0))",2555588,Verde,Línea,21
"MULTILINESTRING Z ((441339.2599 4472364.6544 0,441353.2962 4472355.808 0))",2555589,Verde,Línea,3
"MULTILINESTRING Z ((442828.4057 4474515.9094 0,442861.6557 4474513.7427 0))",2555595,Verde,Línea,7
"MULTILINESTRING Z ((440571.7512 4476760.2698 0,440568.7512 4476769.6587 0))",2555651,Verde,Línea,2
"MULTILINESTRING Z ((440575.4734 4476752.492 0,440573.6401 4476758.1031 0))",2555652,Verde,Línea,1
"MULTILINESTRING Z ((440711.3781 4475905.5571 0,440709.2738 4475911.87 0))",2555731,Verde,Línea,1
"MULTILINESTRING Z ((440664.6163 4476052.1552 0,440673.5011 4476023.5136 0))",2555734,Verde,Batería,12
"MULTILINESTRING Z ((440677.8265 4476017.7853 0,440675.9561 4476023.6305 0))",2555735,Verde,Línea,1
"MULTILINESTRING Z ((440655.264 4476084.8884 0,440646.1454 4476113.2962 0))",2555738,Verde,Batería,12
"MULTILINESTRING Z ((440659.2387 4476078.6925 0,440656.9006 4476086.1744 0))",2555739,Verde,Línea,1
"MULTILINESTRING Z ((440618.739 4476191.9927 0,440623.0723 4476177.8261 0))",2555744,Verde,Línea,3
"MULTILINESTRING Z ((440613.989 4476207.5761 0,440618.4057 4476192.7427 0))",2555745,Verde,Línea,3
"MULTILINESTRING Z ((440744.702 4477522.8353 0,440745.2205 4477529.9464 0))",2555777,Verde,Línea,1
"MULTILINESTRING Z ((442050.239 4473283.1594 0,442035.739 4473280.0761 0))",2555817,Verde,Línea,3
"MULTILINESTRING Z ((440983.0723 4474602.2427 0,440983.9057 4474585.6594 0))",2555820,Verde,Línea,3
"MULTILINESTRING Z ((440983.989 4474585.4094 0,440987.0723 4474523.6594 0))",2555821,Verde,Línea,13
"MULTILINESTRING Z ((442731.2941 4471734.4082 0,442708.5568 4471715.5154 0))",2555834,Azul,Batería,11
"MULTILINESTRING Z ((442701.9663 4471709.4741 0,442707.1289 4471714.0875 0))",2555835,Azul,Batería,3
"MULTILINESTRING Z ((440420.3509 4477303.4267 0,440469.0476 4477299.7979 0))",2555846,Verde,Batería,17
"MULTILINESTRING Z ((440475.562 4477187.572 0,440480.7308 4477187.1934 0))",2555849,Verde,Línea,1
"MULTILINESTRING Z ((440775.7339 4475536.0976 0,440773.9971 4475541.5253 0))",2555853,Verde,Línea,1
"MULTILINESTRING Z ((440773.5912 4475548.2152 0,440774.6627 4475545.0008 0))",2555854,Verde,Batería,1
"MULTILINESTRING Z ((440759.4479 4475589.7881 0,440769.5197 4475559.5728 0))",2555855,Verde,Batería,12
"MULTILINESTRING Z ((440749.3761 4475617.5391 0,440755.912 4475598.7884 0))",2555856,Verde,Batería,7
"MULTILINESTRING Z ((440738.0185 4475648.3974 0,440746.376 4475625.1465 0))",2555857,Verde,Batería,9
"MULTILINESTRING Z ((440734.2663 4475651.9247 0,440736.0031 4475647.1484 0))",2555858,Verde,Línea,1
"MULTILINESTRING Z ((440726.3418 4475681.7771 0,440715.2693 4475711.6295 0))",2555859,Verde,Batería,11
"MULTILINESTRING Z ((440691.0883 4475778.152 0,440704.8031 4475740.3292 0))",2555861,Verde,Batería,15
"MULTILINESTRING Z ((440680.6557 4475800.5761 0,440674.1557 4475819.0761 0))",2555864,Verde,Línea,4
"MULTILINESTRING Z ((441288.7807 4473082.5761 0,441253.7807 4473124.9511 0))",2555875,Azul,Línea,11
"MULTILINESTRING Z ((441240.9057 4473140.2011 0,441253.5307 4473125.3261 0))",2555876,Azul,Línea,4
"MULTILINESTRING Z ((441864.989 4472390.9927 0,441852.8223 4472405.3261 0))",2555881,Verde,Línea,4
"MULTILINESTRING Z ((440127.739 4475627.5761 0,440124.6557 4475613.9927 0))",2555883,Verde,Línea,2
"MULTILINESTRING Z ((442051.2946 4472168.2983 0,442062.1279 4472155.7427 0))",2555889,Verde,Línea,3
"MULTILINESTRING Z ((440275.4713 4476473.5753 0,440275.9385 4476485.6303 0))",2555910,Azul,Línea,2
"MULTILINESTRING Z ((440670.9057 4475582.6594 0,440673.239 4475571.0761 0))",2555912,Verde,Línea,2
"MULTILINESTRING Z ((440406.1557 4476134.5761 0,440407.9057 4476124.8261 0))",2555913,Verde,Línea,2
"MULTILINESTRING Z ((440403.739 4476147.7427 0,440405.989 4476135.4094 0))",2555914,Verde,Línea,2
"MULTILINESTRING Z ((440583.0723 4475586.9094 0,440582.0723 4475594.4927 0))",2555918,Verde,Línea,1
"MULTILINESTRING Z ((440408.739 4476120.0761 0,440415.489 4476082.8261 0))",2555919,Verde,Línea,8
"MULTILINESTRING Z ((440415.739 4476082.0761 0,440418.989 4476066.3261 0))",2555920,Verde,Línea,3
"MULTILINESTRING Z ((440647.1834 4477166.1872 0,440682.6834 4477163.7427 0))",2555937,Verde,Línea,7
"MULTILINESTRING Z ((440621.0353 4477168.1316 0,440641.0353 4477166.7242 0))",2555940,Verde,Línea,4
"MULTILINESTRING Z ((440317.2807 4475718.8261 0,440306.6557 4475721.0761 0))",2555944,Verde,Línea,2
"MULTILINESTRING Z ((440878.239 4477333.4094 0,440882.8501 4477333.1316 0))",2555945,Verde,Línea,1
"MULTILINESTRING Z ((440888.6834 4477332.7983 0,440924.6279 4477330.6872 0))",2555947,Verde,Línea,8
"MULTILINESTRING Z ((440975.6834 4477120.1316 0,440974.9057 4477109.3538 0))",2555967,Verde,Línea,2
"MULTILINESTRING Z ((440974.1279 4477098.965 0,440972.739 4477076.4094 0))",2555970,Verde,Línea,5
"MULTILINESTRING Z ((440403.8223 4476128.9094 0,440404.9057 4476123.3261 0))",2555974,Verde,Línea,1
"MULTILINESTRING Z ((440985.9057 4477132.5761 0,440985.4057 4477127.4927 0))",2555985,Verde,Línea,1
"MULTILINESTRING Z ((440333.1834 4477058.2427 0,440341.6279 4477057.6872 0))",2555989,Verde,Línea,2
"MULTILINESTRING Z ((440581.776 4477110.2057 0,440578.9612 4477072.1069 0))",2555997,Verde,Batería,14
"MULTILINESTRING Z ((440330.1557 4475957.1594 0,440344.6557 4475961.9094 0))",2556011,Verde,Línea,3
"MULTILINESTRING Z ((440389.8393 4475976.6094 0,440348.8992 4475963.4176 0))",2556012,Verde,Línea,10
"MULTILINESTRING Z ((439537.1588 4476837.0534 0,439533.6526 4476837.2839 0))",2556015,Verde,Batería,1
"MULTILINESTRING Z ((440111.0723 4475632.7427 0,440107.3223 4475617.2427 0))",2556020,Verde,Línea,3
"MULTILINESTRING Z ((440986.739 4472473.6594 0,440992.1557 4472473.2427 0))",2556032,Verde,Línea,1
"MULTILINESTRING Z ((441001.1557 4472472.5761 0,440995.739 4472472.9927 0))",2556033,Verde,Línea,1
"MULTILINESTRING Z ((440567.0062 4475703.9535 0,440567.9015 4475696.9976 0))",2556043,Verde,Línea,1
"MULTILINESTRING Z ((440602.6557 4476243.8261 0,440600.739 4476250.7427 0))",2556053,Verde,Línea,1
"MULTILINESTRING Z ((440844.0723 4477062.8538 0,440844.5723 4477068.2427 0))",2556057,Verde,Línea,1
"MULTILINESTRING Z ((440852.0168 4477045.4094 0,440853.0723 4477061.1316 0))",2556059,Verde,Línea,3
"MULTILINESTRING Z ((440853.1279 4477061.3538 0,440856.0168 4477100.0761 0,440856.9612 4477115.2427 0))",2556062,Verde,Línea,11
"MULTILINESTRING Z ((440843.9242 4476932.1563 0,440843.5785 4476927.144 0))",2556067,Verde,Línea,1
"MULTILINESTRING Z ((440928.7946 4476896.5205 0,440933.739 4476896.2983 0))",2556069,Verde,Línea,1
"MULTILINESTRING Z ((440983.4612 4476895.8538 0,440978.6834 4476896.2427 0))",2556070,Verde,Línea,1
"MULTILINESTRING Z ((441194.097 4476868.823 0,441204.3686 4476868.0822 0))",2556099,Verde,Batería,4
"MULTILINESTRING Z ((441214.6402 4476867.3415 0,441219.8007 4476866.9711 0))",2556104,Verde,Batería,2
"MULTILINESTRING Z ((440795.5538 4476774.1687 0,440799.8871 4476773.8724 0))",2556148,Verde,Línea,1
"MULTILINESTRING Z ((441009.5538 4477365.465 0,441028.1464 4477364.3168 0))",2556164,Verde,Línea,4
"MULTILINESTRING Z ((440372.0307 4475853.8261 0,440384.4057 4475852.5761 0))",2556190,Verde,Línea,2
"MULTILINESTRING Z ((440532.4057 4476504.4511 0,440535.1557 4476550.7011 0))",2556191,Verde,Batería,16
"MULTILINESTRING Z ((440406.1557 4476532.8261 0,440407.6557 4476562.1594 0))",2556193,Verde,Línea,6
"MULTILINESTRING Z ((440407.739 4476561.9927 0,440408.1557 4476567.7427 0))",2556195,Verde,Línea,1
"MULTILINESTRING Z ((440357.6557 4476383.3261 0,440365.4057 4476382.7427 0))",2556197,Verde,Línea,1
"MULTILINESTRING Z ((439461.6526 4477051.8847 0,439488.8021 4477075.4567 0))",2556216,Azul,Línea,7
"MULTILINESTRING Z ((439341.2685 4477119.0452 0,439345.8775 4477113.7119 0))",2556227,Verde,Línea,1
"MULTILINESTRING Z ((439375.6389 4477079.2976 0,439399.0133 4477052.2798 0))",2556246,Verde,Batería,12
"MULTILINESTRING Z ((439427.7431 4476992.0329 0,439436.1243 4476999.3336 0))",2556278,Verde,Línea,2
"MULTILINESTRING Z ((439440.3961 4477003.0287 0,439444.0614 4477006.2222 0))",2556279,Verde,Línea,1
"MULTILINESTRING Z ((437833.4664 4475452.0982 0,437813.1586 4475439.6606 0))",2556280,Azul,Batería,9
"MULTILINESTRING Z ((439628.3192 4476799.7859 0,439627.1176 4476802.2222 0))",2556327,Verde,Batería,1
"MULTILINESTRING Z ((439962.9201 4477481.3388 0,439963.6005 4477482.2935 0,439964.9173 4477484.4444 0,439966.2122 4477487.0233 0,439968.0353 4477492.7613 0))",2556337,Verde,Línea,2
"MULTILINESTRING Z ((439966.9695 4476944.6419 0,439996.3851 4476958.5843 0))",2556374,Azul,Línea,7
"MULTILINESTRING Z ((440005.3234 4476962.8312 0,440032.5332 4476975.5061 0))",2556376,Azul,Línea,6
"MULTILINESTRING Z ((439909.06 4476897.9917 0,439842.2452 4476866.9794 0))",2556385,Verde,Línea,15
"MULTILINESTRING Z ((439797.6306 4476756.9492 0,439798.1793 4476765.6296 0))",2556398,Verde,Línea,1
"MULTILINESTRING Z ((440056.1217 4476828.0822 0,440066.097 4476827.358 0))",2556416,Verde,Línea,2
"MULTILINESTRING Z ((440983.489 4474775.8261 0,440983.3223 4474760.1594 0))",2556463,Verde,Línea,3
"MULTILINESTRING Z ((440178.5662 4477192.4032 0,440192.7143 4477167.4403 0))",2556472,Verde,Batería,10
"MULTILINESTRING Z ((440200.2699 4477154.0822 0,440196.2946 4477161.0946 0))",2556475,Verde,Batería,3
"MULTILINESTRING Z ((440229.466 4477086.6831 0,440264.418 4477084.4005 0))",2556491,Verde,Batería,13
"MULTILINESTRING Z ((440105.4715 4477446.277 0,440106.3714 4477447.1659 0,440107.776 4477450.0576 0))",2556503,Verde,Línea,1
"MULTILINESTRING Z ((440114.3933 4477530.3045 0,440110.2946 4477480.5761 0))",2556506,Verde,Batería,17
"MULTILINESTRING Z ((440148.0065 4477010.9629 0,440143.6279 4477008.8779 0))",2556508,Verde,Línea,1
"MULTILINESTRING Z ((442723.2886 4479674.4511 0,442716.3442 4479667.8538 0))",2556535,Verde,Línea,2
"MULTILINESTRING Z ((442698.3382 4479504.3949 0,442698.9996 4479508.4623 0))",2556542,Verde,Línea,1
"MULTILINESTRING Z ((440309.6087 4477475.5555 0,440309.7623 4477479.956 0))",2556544,Verde,Línea,1
"MULTILINESTRING Z ((442654.5723 4479650.8261 0,442659.1557 4479651.4927 0))",2556547,Verde,Línea,1
"MULTILINESTRING Z ((441212.0888 4476744.2304 0,441203.0682 4476744.8888 0))",2556548,Verde,Línea,2
"MULTILINESTRING Z ((442343.8739 4479359.2229 0,442341.493 4479348.8062 0))",2556549,Verde,Línea,2
"MULTILINESTRING Z ((442601.8131 4479260.3909 0,442602.5908 4479264.2427 0))",2556559,Verde,Línea,1
"MULTILINESTRING Z ((441256.8131 4476742.3538 0,441271.1834 4476741.0946 0))",2556566,Verde,Línea,3
"MULTILINESTRING Z ((440700.0065 4477411.6213 0,440695.2657 4477411.9835 0))",2556578,Verde,Línea,1
"MULTILINESTRING Z ((441037.6895 4477313.171 0,441037.9858 4477317.9612 0))",2556588,Verde,Línea,1
"MULTILINESTRING Z ((442575.5912 4479219.8573 0,442580.0981 4479219.1549 0))",2556589,Verde,Línea,1
"MULTILINESTRING Z ((442566.4019 4479080.2612 0,442561.7194 4479080.3197 0))",2556613,Azul,Línea,1
"MULTILINESTRING Z ((440208.7807 4473892.2011 0,440186.9057 4473819.5761 0))",2556626,Verde,Línea,16
"MULTILINESTRING Z ((440182.2807 4473804.2011 0,440186.6557 4473818.9511 0))",2556629,Verde,Línea,3
"MULTILINESTRING Z ((440306.2575 4477211.3538 0,440306.5538 4477220.2057 0))",2556721,Azul,Línea,1
"MULTILINESTRING Z ((442613.239 4478987.465 0,442612.9057 4478984.4094 0))",2556726,Verde,Batería,1
"MULTILINESTRING Z ((442612.739 4478983.1316 0,442612.4612 4478979.6316 0))",2556727,Verde,Batería,1
"MULTILINESTRING Z ((442443.6557 4478995.6594 0,442453.1557 4478995.8261 0))",2556735,Verde,Línea,2
"MULTILINESTRING Z ((442282.1279 4478935.0761 0,442284.2946 4478938.5205 0))",2556740,Verde,Línea,1
"MULTILINESTRING Z ((442886.5723 4479792.8261 0,442894.739 4479788.9094 0))",2556785,Azul,Línea,2
"MULTILINESTRING Z ((443093.2813 4479376.008 0,443090.9363 4479375.6358 0,443087.6234 4479375.3753 0,443086.3578 4479375.3753 0,443043.849 4479375.8592 0,443039.4939 4479376.0825 0))",2556814,Verde,Batería,22
"MULTILINESTRING Z ((443037.9863 4479391.3812 0,443049.935 4479405.7866 0))",2556821,Verde,Línea,4
"MULTILINESTRING Z ((440782.739 4476141.0761 0,440786.0723 4476129.9927 0))",2556861,Azul,Línea,2
"MULTILINESTRING Z ((440679.489 4476506.3261 0,440678.6557 4476495.7427 0))",2556872,Verde,Línea,2
"MULTILINESTRING Z ((441093.0723 4476581.2427 0,441092.9057 4476575.1594 0))",2556874,Verde,Línea,1
"MULTILINESTRING Z ((441091.9057 4476580.8261 0,441091.989 4476583.6594 0))",2556875,Verde,Batería,1
"MULTILINESTRING Z ((441148.989 4475844.2427 0,441161.5723 4475842.5761 0))",2556887,Verde,Línea,2
"MULTILINESTRING Z ((440899.6557 4475814.9927 0,440905.0723 4475814.4094 0))",2556889,Verde,Línea,1
"MULTILINESTRING Z ((441055.489 4476079.1594 0,441053.5723 4476055.9927 0))",2556895,Verde,Batería,9
"MULTILINESTRING Z ((440925.6557 4476333.2427 0,440925.3223 4476328.3261 0))",2556897,Verde,Línea,1
"MULTILINESTRING Z ((441444.989 4476436.1594 0,441428.5723 4476437.5761 0))",2556905,Azul,Línea,3
"MULTILINESTRING Z ((440903.989 4475904.9927 0,440877.1557 4475905.0761 0))",2556911,Verde,Línea,5
"MULTILINESTRING Z ((441491.239 4475783.6594 0,441500.3223 4475783.6594 0))",2556916,Verde,Línea,2
"MULTILINESTRING Z ((441372.239 4476113.8261 0,441371.989 4476102.7427 0))",2556918,Azul,Línea,2
"MULTILINESTRING Z ((441272.8223 4475302.9094 0,441276.8223 4475338.9094 0))",2556923,Verde,Línea,7
"MULTILINESTRING Z ((441046.8223 4476145.9927 0,441041.0723 4476145.1594 0))",2556927,Verde,Batería,2
"MULTILINESTRING Z ((441034.739 4476144.2427 0,441020.3223 4476142.3261 0))",2556928,Verde,Batería,4
"MULTILINESTRING Z ((441131.4057 4476154.9927 0,441119.1557 4476154.5761 0))",2556931,Verde,Batería,4
"MULTILINESTRING Z ((442769.239 4479447.2427 0,442723.3223 4479467.3261 0))",2556933,Verde,Línea,10
"MULTILINESTRING Z ((441182.1557 4475921.5761 0,441183.5723 4475942.6594 0))",2556941,Verde,Línea,4
"MULTILINESTRING Z ((441626.2751 4471409.7483 0,441620.1968 4471423.8499 0))",2556948,Verde,Línea,3
"MULTILINESTRING Z ((441617.7655 4471428.9557 0,441609.6206 4471448.0415 0))",2556949,Verde,Línea,4
"MULTILINESTRING Z ((441599.8953 4471470.4096 0,441606.9461 4471453.6335 0))",2556950,Verde,Línea,4
"MULTILINESTRING Z ((441588.5897 4471497.0325 0,441582.7546 4471510.891 0))",2556951,Verde,Línea,3
"MULTILINESTRING Z ((441496.5168 4471711.4448 0,441500.7073 4471701.54 0))",2556955,Verde,Línea,2
"MULTILINESTRING Z ((440933.8223 4476471.4927 0,440934.9057 4476487.3261 0))",2556973,Verde,Línea,3
"MULTILINESTRING Z ((440936.4057 4476511.3261 0,440935.4057 4476495.5761 0))",2556974,Verde,Línea,3
"MULTILINESTRING Z ((441230.489 4475781.7427 0,441212.989 4475783.2427 0))",2556976,Verde,Línea,3
"MULTILINESTRING Z ((441194.4057 4476098.6594 0,441192.4057 4476073.9927 0))",2556980,Verde,Línea,5
"MULTILINESTRING Z ((441462.4057 4476274.4927 0,441462.8223 4476240.0761 0))",2556983,Verde,Batería,12
"MULTILINESTRING Z ((441374.239 4476206.6594 0,441374.239 4476220.1594 0))",2556984,Azul,Línea,2
"MULTILINESTRING Z ((443577.9057 4474892.7427 0,443565.9057 4474893.8261 0))",2557001,Verde,Línea,2
"MULTILINESTRING Z ((443169.8223 4479285.0761 0,443170.1557 4479277.6594 0))",2557078,Verde,Línea,1
"MULTILINESTRING Z ((443159.489 4479319.4094 0,443154.5723 4479332.3261 0))",2557089,Verde,Línea,3
"MULTILINESTRING Z ((443018.4943 4479356.0001 0,442996.8964 4479317.0186 0))",2557090,Verde,Línea,9
"MULTILINESTRING Z ((439919.8223 4478837.7427 0,439929.6557 4478837.0761 0))",2557093,Verde,Línea,2
"MULTILINESTRING Z ((439971.2575 4479208.6872 0,439984.1094 4479211.9835 0))",2557094,Verde,Línea,3
"MULTILINESTRING Z ((439966.776 4479196.6872 0,439969.6279 4479197.4279 0))",2557095,Verde,Batería,1
"MULTILINESTRING Z ((440641.2081 4479964.2551 0,440645.5044 4479966.8477 0))",2557098,Verde,Línea,1
"MULTILINESTRING Z ((443210.489 4479294.4094 0,443220.6557 4479293.5761 0))",2557099,Azul,Línea,2
"MULTILINESTRING Z ((440377.2822 4480809.1687 0,440372.4427 4480807.9094 0))",2557100,Verde,Línea,1
"MULTILINESTRING Z ((443220.989 4479296.1594 0,443236.4057 4479295.2427 0))",2557102,Azul,Línea,3
"MULTILINESTRING Z ((440366.5908 4480806.3538 0,440339.2946 4480799.2057 0))",2557103,Verde,Línea,6
"MULTILINESTRING Z ((440532.776 4478210.0205 0,440535.0353 4478219.2427 0))",2557120,Verde,Batería,3
"MULTILINESTRING Z ((442616.6279 4476125.1872 0,442616.4057 4476121.6316 0))",2557140,Azul,Línea,1
"MULTILINESTRING Z ((442981.0723 4479051.6594 0,443040.1557 4479048.0761 0))",2557207,Verde,Línea,12
"MULTILINESTRING Z ((440274.3686 4479137.0452 0,440281.1094 4479138.7736 0))",2557213,Verde,Línea,1
"MULTILINESTRING Z ((443157.3881 4479015.8187 0,443157.2125 4479008.7364 0))",2557219,Verde,Línea,1
"MULTILINESTRING Z ((443157.8564 4479032.7341 0,443157.7978 4479025.1836 0))",2557220,Verde,Línea,1
"MULTILINESTRING Z ((440727.5168 4477150.8538 0,440727.239 4477147.6316 0))",2557268,Verde,Línea,1
"MULTILINESTRING Z ((441370.0476 4479331.9588 0,441370.3933 4479336.2057 0))",2557272,Verde,Batería,2
"MULTILINESTRING Z ((440825.0353 4477150.7983 0,440834.1464 4477150.2798 0))",2557273,Verde,Línea,1
"MULTILINESTRING Z ((440561.9669 4476674.2017 0,440554.9854 4476674.7125 0))",2557301,Verde,Línea,1
"MULTILINESTRING Z ((440204.3223 4473785.7427 0,440238.9057 4473780.5761 0))",2557310,Verde,Línea,7
"MULTILINESTRING Z ((440188.8223 4473788.2427 0,440203.5723 4473785.9094 0))",2557311,Verde,Línea,3
"MULTILINESTRING Z ((440956.1094 4476711.6131 0,440955.776 4476706.539 0))",2557595,Verde,Línea,1
"MULTILINESTRING Z ((442738.0546 4476645.73 0,442741.4308 4476647.7932 0))",2557609,Azul,Línea,1
"MULTILINESTRING Z ((442771.5723 4476631.1872 0,442776.9057 4476622.8538 0))",2557612,Verde,Línea,2
"MULTILINESTRING Z ((442768.9242 4476635.2427 0,442771.2205 4476631.6872 0))",2557613,Verde,Línea,1
"MULTILINESTRING Z ((441185.8223 4475000.9927 0,441198.0723 4474997.1594 0))",2557631,Verde,Batería,6
"MULTILINESTRING Z ((441146.8223 4475013.2427 0,441182.4057 4475002.1594 0))",2557632,Verde,Batería,12
"MULTILINESTRING Z ((442795.4427 4476558.2798 0,442788.4057 4476553.6872 0))",2557633,Verde,Batería,3
"MULTILINESTRING Z ((440543.9736 4481248.502 0,440545.6279 4481248.3045 0,440585.7513 4481241.9835 0))",2557666,Verde,Batería,17
"MULTILINESTRING Z ((440588.418 4481250.4691 0,440587.6937 4481242.4526 0))",2557667,Verde,Línea,2
"MULTILINESTRING Z ((440585.989 4481228.3261 0,440540.2749 4481235.2765 0))",2557669,Verde,Batería,21
"MULTILINESTRING Z ((440670.6896 4481246.074 0,440668.632 4481231.4732 0))",2557670,Verde,Línea,4
"MULTILINESTRING Z ((440640.0723 4481234.1563 0,440667.702 4481230.3785 0))",2557672,Verde,Batería,11
"MULTILINESTRING Z ((443016.739 4476630.2427 0,442990.1834 4476646.2798 0))",2557673,Verde,Línea,6
"MULTILINESTRING Z ((440667.1834 4481218.4094 0,440636.8469 4481222.6117 0))",2557675,Verde,Batería,14
"MULTILINESTRING Z ((441205.1258 4479972.9876 0,441221.455 4479961.6954 0))",2557689,Verde,Línea,4
"MULTILINESTRING Z ((441227.9077 4479957.2345 0,441233.6471 4479953.2729 0))",2557692,Verde,Línea,1
"MULTILINESTRING Z ((441007.584 4480154.9739 0,441023.8419 4480139.325 0))",2557711,Azul,Línea,4
"MULTILINESTRING Z ((440812.1711 4480343.9341 0,440816.5387 4480339.7421 0))",2557730,Verde,Línea,1
"MULTILINESTRING Z ((440903.4797 4480183.572 0,440899.8419 4480187.144 0))",2557744,Verde,Línea,1
"MULTILINESTRING Z ((441520.0888 4480169.1851 0,441529.0984 4480167.144 0))",2557756,Verde,Línea,2
"MULTILINESTRING Z ((441137.2246 4479813.7119 0,441139.2328 4479809.2345 0))",2557786,Verde,Línea,1
"MULTILINESTRING Z ((440887.1999 4480030.6172 0,440892.0723 4480035.8628 0))",2557826,Verde,Línea,1
"MULTILINESTRING Z ((440889.9324 4480023.3305 0,440892.9722 4480026.6227 0))",2557827,Verde,Línea,1
"MULTILINESTRING Z ((441514.2946 4479958.5267 0,441540.0476 4479952.9218 0))",2557828,Verde,Línea,5
"MULTILINESTRING Z ((441546.0723 4479951.6378 0,441551.9489 4479950.3785 0))",2557830,Verde,Línea,1
"MULTILINESTRING Z ((441286.0434 4480354.038 0,441294.4179 4480371.9087 0))",2557839,Verde,Línea,4
"MULTILINESTRING Z ((440962.1299 4480067.9176 0,440965.7513 4480064.4279 0))",2557846,Verde,Línea,1
"MULTILINESTRING Z ((440880.6375 4480146.5678 0,440890.2397 4480137.3497 0))",2557847,Verde,Línea,2
"MULTILINESTRING Z ((441215.0096 4480553.2086 0,441209.0506 4480553.9665 0))",2557852,Verde,Línea,1
"MULTILINESTRING Z ((441006.9804 4480319.6707 0,441014.0806 4480334.8477 0))",2557855,Verde,Línea,3
"MULTILINESTRING Z ((441087.6608 4480466.1728 0,441094.8378 4480467.4073 0))",2557857,Verde,Línea,1
"MULTILINESTRING Z ((440944.5332 4480382.4362 0,440940.2534 4480384.3292 0))",2557880,Verde,Línea,1
"MULTILINESTRING Z ((440779.5908 4479992.9464 0,440762.3686 4480018.3538 0))",2557908,Verde,Línea,6
"MULTILINESTRING Z ((441642.6649 4480626.3538 0,441660.2205 4480622.465 0))",2557910,Azul,Línea,4
"MULTILINESTRING Z ((442643.239 4476103.7427 0,442647.4057 4476103.4927 0))",2557926,Verde,Batería,1
"MULTILINESTRING Z ((442579.0682 4479468.609 0,442579.7925 4479472.0493 0))",2557934,Verde,Línea,1
"MULTILINESTRING Z ((440646.239 4471941.9094 0,440622.489 4471944.4927 0))",2557946,Verde,Línea,5
"MULTILINESTRING Z ((440646.9057 4471941.8261 0,440656.989 4471940.9094 0))",2557947,Verde,Línea,2
"MULTILINESTRING Z ((442155.6557 4479101.5761 0,442160.239 4479115.0761 0))",2557949,Verde,Línea,3
"MULTILINESTRING Z ((441309.4305 4473046.9976 0,441327.3024 4473025.3033 0))",2557950,Verde,Línea,5
"MULTILINESTRING Z ((440548.489 4472942.3261 0,440560.739 4472918.6594 0))",2557953,Verde,Línea,5
"MULTILINESTRING Z ((440491.0681 4472848.2992 0,440495.5668 4472849.9631 0))",2557954,Verde,Línea,1
"MULTILINESTRING Z ((440511.0723 4472855.9094 0,440496.3223 4472850.2427 0))",2557957,Verde,Línea,3
"MULTILINESTRING Z ((443207.1464 4476159.0205 0,443239.4797 4476179.6501 0))",2557967,Verde,Línea,8
"MULTILINESTRING Z ((443276.6649 4476203.3909 0,443282.9365 4476207.3909 0))",2557975,Verde,Línea,1
"MULTILINESTRING Z ((440932.8954 4479847.0562 0,440942.0257 4479857.8875 0))",2557984,Verde,Línea,3
"MULTILINESTRING Z ((440945.916 4479862.502 0,440948.0723 4479865.0699 0))",2557986,Verde,Línea,1
"MULTILINESTRING Z ((441271.5723 4474984.9927 0,441264.9057 4474987.0761 0))",2557990,Verde,Línea,1
"MULTILINESTRING Z ((440464.1825 4475830.2586 0,440463.1495 4475835.906 0))",2557991,Verde,Línea,1
"MULTILINESTRING Z ((440470.5875 4475797.4763 0,440468.3148 4475809.1842 0))",2557994,Verde,Línea,2
"MULTILINESTRING Z ((440468.177 4475809.8729 0,440464.3891 4475829.6388 0))",2557998,Verde,Línea,4
"MULTILINESTRING Z ((440474.7197 4475760.906 0,440476.9236 4475751.1264 0))",2557999,Verde,Línea,2
"MULTILINESTRING Z ((440494.0723 4475683.6594 0,440495.5723 4475676.9927 0))",2558005,Verde,Línea,1
"MULTILINESTRING Z ((442178.4057 4475055.1594 0,442177.3223 4475041.3261 0))",2558007,Verde,Línea,3
"MULTILINESTRING Z ((442635.8223 4472643.0761 0,442621.989 4472622.2427 0))",2558010,Verde,Línea,5
"MULTILINESTRING Z ((441746.6557 4475072.8261 0,441753.1557 4475125.2427 0))",2558070,Verde,Batería,19
"MULTILINESTRING Z ((443908.6402 4476051.465 0,443896.3439 4475981.465 0))",2558110,Azul,Línea,14
"MULTILINESTRING Z ((439669.1341 4477479.86 0,439678.739 4477482.8724 0))",2558111,Verde,Batería,4
"MULTILINESTRING Z ((442923.6557 4477549.4511 0,442921.2807 4477559.0761 0))",2558116,Verde,Línea,2
"MULTILINESTRING Z ((443073.2575 4476040.3127 0,443078.953 4476030.8641 0))",2558137,Verde,Batería,4
"MULTILINESTRING Z ((440973.1094 4479273.2798 0,440969.5168 4479263.4279 0))",2558139,Verde,Línea,2
"MULTILINESTRING Z ((440976.2807 4479271.8261 0,440979.2807 4479281.9511 0))",2558140,Verde,Línea,2
"MULTILINESTRING Z ((440188.1094 4478151.1687 0,440201.6279 4478151.9094 0))",2558144,Verde,Línea,3
"MULTILINESTRING Z ((441262.8501 4480460.6501 0,441273.739 4480455.6501 0))",2558151,Verde,Batería,5
"MULTILINESTRING Z ((440908.6279 4477787.465 0,440908.239 4477782.1872 0))",2558160,Verde,Línea,1
"MULTILINESTRING Z ((443127.7267 4476061.0589 0,443128.2315 4476073.9752 0))",2558185,Azul,Línea,2
"MULTILINESTRING Z ((441096.9057 4475370.3261 0,441092.489 4475373.3261 0))",2558241,Verde,Línea,1
"MULTILINESTRING Z ((441264.9057 4474987.0761 0,441254.6557 4474990.2427 0))",2558243,Verde,Línea,2
"MULTILINESTRING Z ((443666.4482 4476275.8957 0,443658.7116 4476276.3237 0))",2558244,Verde,Línea,1
"MULTILINESTRING Z ((443029.739 4476426.7983 0,443006.7946 4476449.0761 0))",2558286,Verde,Línea,6
"MULTILINESTRING Z ((439901.4057 4478971.465 0,439906.0168 4478942.6316 0))",2558303,Verde,Línea,6
"MULTILINESTRING Z ((439888.2205 4478991.1316 0,439888.9983 4478985.7242 0,439890.6649 4478975.3909 0))",2558305,Verde,Línea,3
"MULTILINESTRING Z ((439036.6416 4474821.4418 0,439050.0327 4474801.552 0))",2558309,Verde,Línea,5
"MULTILINESTRING Z ((443344.2575 4475934.9464 0,443303.2205 4475929.0946 0))",2558315,Verde,Línea,9
"MULTILINESTRING Z ((438436.489 4475014.3261 0,438470.3223 4474973.4927 0))",2558316,Verde,Batería,19
"MULTILINESTRING Z ((443285.6279 4475926.6131 0,443294.4427 4475927.8724 0))",2558318,Verde,Línea,2
"MULTILINESTRING Z ((438476.489 4474955.0761 0,438463.4057 4474970.2427 0))",2558319,Verde,Línea,4
"MULTILINESTRING Z ((443265.6834 4475923.6872 0,443246.1834 4475920.965 0))",2558325,Verde,Línea,3
"MULTILINESTRING Z ((443917.8007 4476816.7489 0,443917.8007 4476819.144 0))",2558333,Verde,Batería,1
"MULTILINESTRING Z ((443445.2946 4476604.0205 0,443450.0353 4476588.7983 0))",2558377,Verde,Línea,3
"MULTILINESTRING Z ((443446.8501 4476621.4094 0,443456.4057 4476590.965 0))",2558379,Verde,Línea,6
"MULTILINESTRING Z ((443562.6557 4476606.0761 0,443572.5723 4476608.7427 0))",2558382,Verde,Línea,2
"MULTILINESTRING Z ((441532.7751 4473930.6108 0,441525.0241 4473930.6108 0))",2558409,Verde,Batería,3
"MULTILINESTRING Z ((443083.7925 4476195.2098 0,443087.8583 4476188.7242 0))",2558441,Verde,Línea,1
"MULTILINESTRING Z ((439879.0738 4476907.4195 0,439869.1235 4476902.7956 0))",2558485,Azul,Línea,2
"MULTILINESTRING Z ((443134.9365 4479795.2674 0,443122.6155 4479792.6255 0))",2558487,Azul,Batería,6
"MULTILINESTRING Z ((438831.489 4476004.4094 0,438862.489 4476021.1594 0))",2558490,Verde,Línea,7
"MULTILINESTRING Z ((443607.8501 4476570.7427 0,443607.6279 4476572.0205 0,443606.4057 4476576.9094 0,443597.4612 4476608.7427 0))",2558523,Verde,Línea,8
"MULTILINESTRING Z ((443483.7212 4476328.2414 0,443485.8172 4476329.5802 0))",2558530,Verde,Batería,1
"MULTILINESTRING Z ((443487.4413 4476330.6117 0,443489.5593 4476331.9615 0))",2558531,Verde,Batería,1
"MULTILINESTRING Z ((440045.1149 4479024.2743 0,440051.3919 4479024.4938 0))",2558543,Verde,Línea,1
"MULTILINESTRING Z ((440058.6677 4479024.7132 0,440066.3714 4479024.9656 0))",2558544,Verde,Línea,1
"MULTILINESTRING Z ((440072.4381 4479025.1618 0,440082.4756 4479025.4983 0))",2558546,Verde,Línea,2
"MULTILINESTRING Z ((443000.9057 4473656.2427 0,442997.0723 4473656.4927 0))",2558550,Verde,Batería,1
"MULTILINESTRING Z ((443537.8501 4476272.823 0,443521.4221 4476269.8271 0))",2558552,Verde,Línea,3
"MULTILINESTRING Z ((443918.1094 4476398.7983 0,443917.9612 4476386.0576 0))",2558557,Verde,Línea,2
"MULTILINESTRING Z ((443732.2575 4476372.8353 0,443723.4797 4476372.8353 0))",2558579,Verde,Línea,2
"MULTILINESTRING Z ((441333.5723 4474295.9927 0,441334.1557 4474280.3261 0))",2558642,Verde,Línea,3
"MULTILINESTRING Z ((440417.8179 4475103.5898 0,440425.0101 4475101.1546 0))",2558663,Verde,Línea,1
"MULTILINESTRING Z ((440427.7285 4475100.022 0,440433.6748 4475097.87 0))",2558664,Verde,Línea,1
"MULTILINESTRING Z ((441705.8995 4477275.0205 0,441679.9983 4477277.144 0))",2558717,Verde,Línea,5
"MULTILINESTRING Z ((442779.3223 4479723.7427 0,442778.0723 4479721.7427 0))",2558727,Verde,Batería,1
"MULTILINESTRING Z ((442641.739 4479003.1316 0,442641.4427 4478999.8724 0))",2558730,Azul,Batería,1
"MULTILINESTRING Z ((443917.0435 4476713.1028 0,443917.0106 4476710.6995 0))",2558753,Verde,Batería,1
"MULTILINESTRING Z ((443916.9448 4476704.7571 0,443916.9941 4476708.3456 0))",2558754,Verde,Batería,2
"MULTILINESTRING Z ((439706.739 4479211.5761 0,439696.989 4479194.4927 0))",2558756,Verde,Batería,8
"MULTILINESTRING Z ((439706.1679 4479087.0754 0,439707.9179 4479116.5754 0))",2558782,Verde,Batería,11
"MULTILINESTRING Z ((441083.809 4481566.7489 0,441091.5456 4481564.3292 0))",2558811,Verde,Línea,1
"MULTILINESTRING Z ((441904.8625 4479522.3785 0,441906.5662 4479510.3045 0))",2558816,Azul,Línea,2
"MULTILINESTRING Z ((441904.1958 4479509.465 0,441906.5662 4479492.2304 0))",2558817,Azul,Línea,3
"MULTILINESTRING Z ((442529.8775 4476645.2565 0,442569.6855 4476675.6378 0))",2558819,Verde,Línea,11
"MULTILINESTRING Z ((442868.5723 4477433.9927 0,442907.3223 4477443.4927 0))",2558825,Verde,Línea,8
"MULTILINESTRING Z ((441687.2822 4480040.181 0,441676.6557 4480042.4511 0))",2558827,Verde,Línea,2
"MULTILINESTRING Z ((441036.0353 4477286.4279 0,441037.1464 4477304.502 0))",2558840,Verde,Línea,4
"MULTILINESTRING Z ((443726.9612 4476608.9711 0,443731.1557 4476616.9927 0))",2558953,Verde,Línea,2
"MULTILINESTRING Z ((443457.5168 4477063.6872 0,443451.5853 4477085.9157 0))",2558984,Azul,Línea,5
"MULTILINESTRING Z ((441891.5895 4477602.6776 0,441897.274 4477600.812 0))",2558994,Verde,Línea,1
"MULTILINESTRING Z ((440062.9538 4472907.5887 0,440056.3571 4472906.5471 0))",2559044,Verde,Línea,1
"MULTILINESTRING Z ((443766.3192 4476754.823 0,443766.1464 4476745.1193 0))",2559139,Verde,Línea,2
"MULTILINESTRING Z ((443731.8254 4476860.4115 0,443731.7431 4476852.6255 0))",2559140,Verde,Línea,2
"MULTILINESTRING Z ((442514.5415 4478633.1193 0,442514.1464 4478628.6501 0))",2559154,Verde,Línea,1
"MULTILINESTRING Z ((438268.0723 4475183.9094 0,438274.4057 4475177.8261 0,438286.1557 4475166.9094 0,438294.9057 4475159.4094 0))",2559204,Verde,Línea,7
"MULTILINESTRING Z ((438080.7797 4475260.7344 0,438101.2513 4475284.0872 0))",2559206,Verde,Línea,7
"MULTILINESTRING Z ((437848.0858 4475350.3545 0,437855.0613 4475337.0859 0))",2559214,Verde,Batería,6
"MULTILINESTRING Z ((437962.0723 4475426.0761 0,437970.5723 4475418.6594 0))",2559224,Verde,Línea,2
"MULTILINESTRING Z ((437977.489 4475485.9927 0,437981.6557 4475481.6594 0))",2559226,Verde,Línea,1
"MULTILINESTRING Z ((438072.6557 4475384.4511 0,438033.2807 4475426.3261 0))",2559232,Verde,Línea,11
"MULTILINESTRING Z ((437768.4458 4475828.5802 0,437779.4654 4475816.7367 0))",2559252,Verde,Línea,3
"MULTILINESTRING Z ((443468.0723 4477636.0658 0,443463.2946 4477637.0761 0))",2559296,Verde,Línea,1
"MULTILINESTRING Z ((440695.8501 4479113.965 0,440720.8501 4479098.5205 0))",2559356,Verde,Línea,6
"MULTILINESTRING Z ((440018.525 4479094.6501 0,440022.7719 4479095.7859 0))",2559360,Verde,Línea,1
"MULTILINESTRING Z ((439891.8995 4479023.2427 0,439892.3439 4479024.502 0,439893.2328 4479026.3785 0,439894.1958 4479027.7859 0))",2559361,Verde,Línea,1
"MULTILINESTRING Z ((439897.9612 4479031.465 0,439899.1094 4479032.3538 0,439902.1834 4479034.2798 0))",2559363,Verde,Línea,1
"MULTILINESTRING Z ((439780.418 4478804.7489 0,439774.8871 4478803.6872 0))",2559364,Verde,Línea,1
"MULTILINESTRING Z ((439819.7102 4478803.358 0,439829.4221 4478805.251 0,439840.9118 4478807.2921 0,439852.6814 4478810.0082 0))",2559367,Verde,Línea,7
"MULTILINESTRING Z ((439850.6238 4478955.0617 0,439850.8871 4478951.1604 0))",2559368,Verde,Línea,1
"MULTILINESTRING Z ((439911.7513 4479006.6255 0,439904.6402 4479005.7119 0))",2559373,Verde,Línea,1
"MULTILINESTRING Z ((443268.989 4475957.7427 0,443265.989 4475977.0761 0))",2559392,Verde,Línea,4
"MULTILINESTRING Z ((441658.3223 4477742.6594 0,441662.989 4477741.5761 0))",2559400,Verde,Línea,1
"MULTILINESTRING Z ((441661.739 4477803.6594 0,441682.8223 4477796.5761 0))",2559402,Verde,Línea,4
"MULTILINESTRING Z ((441617.1557 4478124.2427 0,441616.989 4478121.7427 0))",2559406,Verde,Batería,1
"MULTILINESTRING Z ((441616.5723 4478115.9927 0,441616.239 4478112.4094 0))",2559408,Verde,Batería,1
"MULTILINESTRING Z ((441616.239 4478110.9927 0,441615.9057 4478107.6594 0))",2559409,Verde,Batería,1
"MULTILINESTRING Z ((441615.8223 4478105.9927 0,441615.4057 4478101.8261 0))",2559410,Verde,Batería,1
"MULTILINESTRING Z ((441615.3223 4478100.2427 0,441615.0723 4478096.4927 0))",2559411,Verde,Batería,1
"MULTILINESTRING Z ((441614.9057 4478095.3261 0,441614.5723 4478090.9927 0))",2559412,Verde,Batería,1
"MULTILINESTRING Z ((441614.489 4478089.7427 0,441614.1557 4478085.9094 0))",2559413,Verde,Batería,1
"MULTILINESTRING Z ((441613.6557 4478080.1594 0,441614.1557 4478084.4927 0))",2559414,Verde,Batería,1
"MULTILINESTRING Z ((441613.3223 4478074.4927 0,441613.5723 4478078.9094 0))",2559415,Verde,Batería,1
"MULTILINESTRING Z ((441613.1557 4478073.2427 0,441612.8223 4478068.8261 0))",2559416,Verde,Batería,1
"MULTILINESTRING Z ((441612.4057 4478064.3261 0,441612.239 4478061.1594 0))",2559417,Verde,Batería,1
"MULTILINESTRING Z ((441612.239 4478059.7427 0,441611.9057 4478056.2427 0))",2559418,Verde,Batería,1
"MULTILINESTRING Z ((441611.8223 4478054.9094 0,441611.489 4478051.3261 0))",2559419,Verde,Batería,1
"MULTILINESTRING Z ((441611.4057 4478049.7427 0,441610.989 4478046.4927 0))",2559420,Verde,Batería,1
"MULTILINESTRING Z ((441610.9057 4478045.0761 0,441610.739 4478042.1594 0))",2559422,Verde,Batería,1
"MULTILINESTRING Z ((441610.6557 4478040.8261 0,441610.4057 4478037.6594 0))",2559424,Verde,Batería,1
"MULTILINESTRING Z ((441610.3223 4478036.2427 0,441609.989 4478032.4927 0))",2559425,Verde,Batería,1
"MULTILINESTRING Z ((441609.8223 4478031.0761 0,441609.489 4478026.9094 0))",2559426,Verde,Batería,1
"MULTILINESTRING Z ((441609.4057 4478025.4927 0,441609.1557 4478022.2427 0))",2559427,Verde,Batería,1
"MULTILINESTRING Z ((441608.989 4478020.7427 0,441608.739 4478018.2427 0))",2559428,Verde,Batería,1
"MULTILINESTRING Z ((441633.455 4477914.7489 0,441624.1464 4477924.0576 0))",2559431,Verde,Línea,2
"MULTILINESTRING Z ((441686.4057 4478004.0761 0,441685.989 4478004.4927 0,441685.6557 4478005.3261 0,441685.4057 4478006.2427 0,441685.4057 4478006.9927 0))",2559438,Verde,Línea,1
"MULTILINESTRING Z ((443569.3223 4476669.0761 0,443564.6557 4476667.6594 0))",2559439,Verde,Línea,1
"MULTILINESTRING Z ((441733.4797 4477932.502 0,441745.0353 4477946.2304 0))",2559512,Verde,Línea,3
"MULTILINESTRING Z ((441832.6557 4477883.0761 0,441832.489 4477878.3261 0))",2559514,Verde,Línea,1
"MULTILINESTRING Z ((437871.2807 4475610.5761 0,437859.1557 4475622.9511 0))",2559541,Verde,Batería,7
"MULTILINESTRING Z ((442993.1479 4472521.1151 0,442990.9058 4472517.1029 0))",2559554,Verde,Línea,1
"MULTILINESTRING Z ((442971.7885 4472479.3403 0,442990.7878 4472509.1963 0))",2559555,Verde,Línea,7
"MULTILINESTRING Z ((443014.8614 4472547.0769 0,442993.856 4472514.1527 0))",2559556,Verde,Línea,8
"MULTILINESTRING Z ((441945.739 4477844.3538 0,441942.4612 4477845.2427 0))",2559568,Verde,Línea,1
"MULTILINESTRING Z ((441965.3501 4477688.0205 0,441961.0168 4477689.965 0))",2559573,Verde,Línea,1
"MULTILINESTRING Z ((442127.4139 4478037.6296 0,442138.3769 4478032.1481 0))",2559604,Verde,Línea,2
"MULTILINESTRING Z ((442157.06 4478022.8477 0,442143.2822 4478029.7119 0))",2559605,Verde,Línea,3
"MULTILINESTRING Z ((442100.239 4477987.6594 0,442092.239 4477992.2427 0))",2559611,Verde,Línea,2
"MULTILINESTRING Z ((442636.3223 4472891.6594 0,442567.8223 4472937.0761 0))",2559797,Verde,Batería,35
"MULTILINESTRING Z ((441658.1557 4470833.1594 0,441687.9057 4470858.8261 0))",2559798,Verde,Línea,8
"MULTILINESTRING Z ((439646.9057 4473075.0761 0,439647.9057 4473067.4927 0))",2560015,Azul,Batería,3
"MULTILINESTRING Z ((441547.4057 4473740.9094 0,441547.6557 4473735.9927 0))",2560105,Azul,Línea,1
"MULTILINESTRING Z ((438947.3223 4475883.2427 0,438909.1557 4475863.0761 0))",2560133,Verde,Línea,9
"MULTILINESTRING Z ((438833.0723 4475925.9927 0,438842.0723 4475930.9927 0))",2560136,Verde,Línea,2
"MULTILINESTRING Z ((439173.4057 4475781.4094 0,439179.6834 4475783.7983 0))",2560141,Azul,Línea,1
"MULTILINESTRING Z ((439057.8223 4475740.9927 0,439029.739 4475782.8261 0))",2560144,Verde,Línea,11
"MULTILINESTRING Z ((438856.739 4475745.4094 0,438896.5723 4475766.8261 0))",2560149,Verde,Línea,10
"MULTILINESTRING Z ((438751.5723 4475861.7427 0,438755.0723 4475856.8261 0))",2560151,Verde,Línea,1
"MULTILINESTRING Z ((438826.1557 4475638.6594 0,438847.4057 4475647.4094 0))",2560154,Verde,Línea,4
"MULTILINESTRING Z ((439182.489 4475636.4094 0,439177.489 4475633.9094 0))",2560157,Verde,Línea,1
"MULTILINESTRING Z ((439217.4057 4475539.0761 0,439212.239 4475536.3261 0))",2560163,Verde,Línea,1
"MULTILINESTRING Z ((438991.489 4475412.5761 0,438983.4057 4475408.2427 0))",2560165,Verde,Línea,2
"MULTILINESTRING Z ((439376.8223 4475386.9927 0,439392.5723 4475360.2427 0))",2560171,Verde,Línea,6
"MULTILINESTRING Z ((439343.989 4474855.6594 0,439349.989 4474850.8261 0))",2560181,Verde,Batería,3
"MULTILINESTRING Z ((443654.989 4474822.5761 0,443654.9057 4474817.7427 0))",2560201,Verde,Línea,1
"MULTILINESTRING Z ((440904.9057 4481430.2427 0,440898.1279 4481434.6316 0,440895.6279 4481436.3538 0,440888.6279 4481441.6316 0))",2560250,Verde,Línea,4
"MULTILINESTRING Z ((440848.4921 4481461.3662 0,440849.06 4481460.6255 0,440857.4057 4481451.1193 0,440866.8871 4481441.7119 0,440873.4797 4481435.8106 0,440884.3439 4481427.1934 0))",2560251,Verde,Línea,10
"MULTILINESTRING Z ((441289.8501 4481394.2427 0,441299.9057 4481393.0205 0))",2560253,Rojo,Línea,2
"MULTILINESTRING Z ((441307.739 4481391.965 0,441321.239 4481390.2427 0,441328.4612 4481388.965 0,441339.6279 4481386.8538 0,441346.9057 4481384.2427 0,441366.6279 4481375.2427 0,441369.739 4481373.965 0,441378.6834 4481370.0761 0,441401.0723 4481360.2427 0))",2560254,Rojo,Línea,21
"MULTILINESTRING Z ((443565.9736 4476702.1563 0,443562.1464 4476711.0946 0))",2560255,Verde,Línea,2
"MULTILINESTRING Z ((441703.6279 4477662.539 0,441723.1094 4477657.9835 0))",2560272,Verde,Línea,4
"MULTILINESTRING Z ((439543.7102 4478263.5226 0,439538.6896 4478266.9464 0))",2560274,Verde,Línea,1
"MULTILINESTRING Z ((439536.1834 4478283.2427 0,439557.5723 4478268.6316 0))",2560276,Verde,Línea,5
"MULTILINESTRING Z ((441157.0723 4471742.9927 0,441172.989 4471741.4927 0))",2560289,Verde,Línea,3
"MULTILINESTRING Z ((443050.1557 4474207.8261 0,443088.9057 4474204.4094 0))",2560303,Verde,Línea,9
"MULTILINESTRING Z ((440197.702 4481652.2798 0,440203.4962 4481654.2715 0))",2560310,Verde,Batería,3
"MULTILINESTRING Z ((440540.5538 4482083.0205 0,440546.4057 4482084.6131 0))",2560312,Verde,Línea,1
"MULTILINESTRING Z ((440235.0723 4474544.3495 0,440231.8501 4474540.0162 0))",2560437,Verde,Batería,2
"MULTILINESTRING Z ((440512.1766 4480982.6063 0,440510.489 4480988.2427 0))",2560457,Verde,Línea,1
"MULTILINESTRING Z ((440696.6814 4480742.7489 0,440701.3398 4480740.1975 0))",2560458,Verde,Línea,1
"MULTILINESTRING Z ((440647.702 4480913.7119 0,440676.1711 4480920.5761 0))",2560459,Verde,Batería,12
"MULTILINESTRING Z ((442986.311 4478090.5185 0,442995.6773 4478093.3662 0))",2560472,Verde,Línea,2
"MULTILINESTRING Z ((440724.4057 4481025.3168 0,440718.1094 4481023.8724 0))",2560485,Verde,Batería,3
"MULTILINESTRING Z ((440798.3769 4481023.1604 0,440804.1217 4481023.5061 0))",2560486,Verde,Línea,1
"MULTILINESTRING Z ((440348.9722 4481116.8065 0,440356.6759 4481088.1865 0))",2560488,Verde,Batería,12
"MULTILINESTRING Z ((441096.3851 4481656.9218 0,441144.4619 4481664.6035 0))",2560510,Verde,Batería,18
"MULTILINESTRING Z ((440702.2232 4481871.6597 0,440699.0957 4481869.9259 0))",2560620,Verde,Línea,1
"MULTILINESTRING Z ((440644.204 4482194.1728 0,440625.3398 4482186.3374 0))",2560622,Verde,Línea,4
"MULTILINESTRING Z ((440595.0353 4482173.5637 0,440619.8748 4482184.0329 0))",2560623,Verde,Línea,5
"MULTILINESTRING Z ((440330.2244 4481846.5979 0,440339.5429 4481850.5754 0))",2560642,Verde,Línea,2
"MULTILINESTRING Z ((440336.4345 4481847.6707 0,440358.8871 4481857.4814 0))",2560643,Verde,Línea,4
"MULTILINESTRING Z ((440111.2328 4481766.7983 0,440129.8007 4481772.9382 0))",2560644,Verde,Línea,4
"MULTILINESTRING Z ((440148.9118 4481779.2592 0,440135.3481 4481774.7654 0))",2560646,Verde,Línea,3
"MULTILINESTRING Z ((443568.9057 4475553.9094 0,443585.4057 4475564.5761 0))",2560765,Verde,Línea,4
"MULTILINESTRING Z ((439456.8378 4477614.6008 0,439461.0723 4477601.2983 0))",2560800,Verde,Línea,2
"MULTILINESTRING Z ((441359.2946 4477764.7983 0,441357.6834 4477745.4094 0))",2560805,Azul,Línea,4
"MULTILINESTRING Z ((441357.6279 4477745.2983 0,441357.1834 4477740.5205 0))",2560807,Azul,Línea,1
"MULTILINESTRING Z ((442160.489 4478688.4094 0,442160.489 4478681.7427 0))",2560810,Verde,Línea,1
"MULTILINESTRING Z ((441631.9057 4476739.9927 0,441633.989 4476740.4094 0))",2560854,Verde,Batería,1
"MULTILINESTRING Z ((439751.9364 4478482.9365 0,439753.0105 4478478.1957 0))",2560932,Verde,Línea,1
"MULTILINESTRING Z ((441752.739 4477414.5761 0,441756.7946 4477414.2427 0))",2560936,Verde,Línea,1
"MULTILINESTRING Z ((440127.9364 4478493.5167 0,440132.9076 4478487.7225 0))",2560956,Verde,Batería,3
"MULTILINESTRING Z ((439791.6649 4478247.6501 0,439807.6649 4478296.8724 0))",2560962,Verde,Línea,11
"MULTILINESTRING Z ((439796.7472 4478240.2139 0,439795.595 4478236.609 0))",2560969,Verde,Línea,1
"MULTILINESTRING Z ((439801.9983 4478231.4732 0,439811.9406 4478237.2839 0))",2560970,Verde,Línea,2
"MULTILINESTRING Z ((439817.4057 4478240.502 0,439826.739 4478245.9835 0))",2560971,Verde,Línea,2
"MULTILINESTRING Z ((440004.6924 4472238.3056 0,439983.334 4472252.5051 0))",2560972,Verde,Batería,11
"MULTILINESTRING Z ((439844.7472 4478120.2304 0,439845.0929 4478126.3703 0))",2560975,Verde,Línea,1
"MULTILINESTRING Z ((442526.5195 4478063.3964 0,442526.3659 4478061.5637 0))",2560980,Verde,Batería,1
"MULTILINESTRING Z ((442096.2205 4476856.7983 0,442095.8254 4476851.6872 0))",2560983,Azul,Línea,1
"MULTILINESTRING Z ((443554.489 4474810.9094 0,443525.1557 4474811.9927 0))",2561022,Verde,Línea,6
"MULTILINESTRING Z ((439964.7111 4478259.9886 0,439965.6573 4478257.2866 0,439965.6636 4478256.7571 0,439966.2122 4478255.1659 0))",2561085,Verde,Línea,1
"MULTILINESTRING Z ((439970.529 4478242.6031 0,439968.4549 4478248.7142 0))",2561087,Verde,Línea,1
"MULTILINESTRING Z ((439801.0756 4477921.261 0,439793.3793 4477937.5755 0))",2561099,Verde,Batería,8
"MULTILINESTRING Z ((440317.702 4478260.7983 0,440322.776 4478260.3909 0))",2561100,Azul,Línea,1
"MULTILINESTRING Z ((440323.0353 4478260.3538 0,440364.3686 4478257.4279 0))",2561103,Azul,Línea,8
"MULTILINESTRING Z ((440010.2205 4477879.7859 0,440010.8625 4477884.6748 0))",2561119,Verde,Línea,1
"MULTILINESTRING Z ((440041.1862 4477854.9684 0,440035.9626 4477858.1179 0))",2561132,Verde,Línea,1
"MULTILINESTRING Z ((440142.4297 4477855.5493 0,440143.5612 4477871.0493 0))",2561135,Verde,Línea,3
"MULTILINESTRING Z ((440139.4358 4477816.0548 0,440140.2589 4477828.0603 0))",2561138,Verde,Línea,2
"MULTILINESTRING Z ((440135.5785 4477862.502 0,440136.1546 4477872.5596 0))",2561139,Verde,Línea,2
"MULTILINESTRING Z ((441815.0723 4477343.9094 0,441802.4057 4477332.4094 0))",2561190,Verde,Línea,3
"MULTILINESTRING Z ((441831.1557 4477186.6594 0,441829.5723 4477164.4927 0))",2561199,Azul,Línea,4
"MULTILINESTRING Z ((441926.9057 4477158.4094 0,441986.989 4477174.6594 0))",2561245,Verde,Línea,14
"MULTILINESTRING Z ((441956.5723 4476740.7427 0,441948.3223 4476739.1594 0,441942.6557 4476737.7427 0))",2561290,Verde,Línea,3
"MULTILINESTRING Z ((441979.1557 4476591.9094 0,441978.489 4476583.3261 0))",2561297,Verde,Línea,1
"MULTILINESTRING Z ((441208.5292 4472078.9204 0,441206.7755 4472050.5094 0))",2561337,Verde,Batería,9
"MULTILINESTRING Z ((440862.4057 4476116.8261 0,440857.239 4476115.9927 0))",2561338,Verde,Batería,2
"MULTILINESTRING Z ((443380.6557 4473987.8261 0,443383.1557 4474018.9094 0))",2561350,Verde,Batería,9
"MULTILINESTRING Z ((439825.0307 4476414.8261 0,439894.7807 4476409.8261 0))",2561357,Verde,Línea,18
"MULTILINESTRING Z ((440041.6557 4476175.2011 0,440040.7807 4476164.8261 0))",2561409,Verde,Línea,2
"MULTILINESTRING Z ((440921.1557 4472422.3261 0,440920.0307 4472410.2011 0))",2561433,Verde,Línea,2
"MULTILINESTRING Z ((440751.0514 4474591.7585 0,440757.1165 4474589.5983 0))",2561513,Verde,Línea,1
"MULTILINESTRING Z ((440735.4316 4474597.7406 0,440729.3664 4474599.9008 0))",2561514,Verde,Línea,1
"MULTILINESTRING Z ((440743.6569 4474594.8326 0,440749.722 4474592.5063 0))",2561515,Verde,Línea,1
"MULTILINESTRING Z ((439798.5168 4478245.7613 0,439810.9118 4478284.4279 0))",2561542,Verde,Línea,9
"MULTILINESTRING Z ((440897.6557 4476122.5761 0,440880.239 4476119.7427 0))",2561667,Verde,Batería,6
"MULTILINESTRING Z ((439444.1162 4477006.2661 0,439447.5401 4477009.251 0))",2561704,Verde,Línea,1
"MULTILINESTRING Z ((443340.3316 4475834.539 0,443345.2946 4475835.2427 0))",2561747,Verde,Línea,1
"MULTILINESTRING Z ((439967.776 4478137.465 0,439984.8501 4478137.0946 0))",2561780,Verde,Línea,4
"MULTILINESTRING Z ((439925.6557 4478422.6594 0,439917.1557 4478431.3261 0))",2561786,Verde,Línea,2
"MULTILINESTRING Z ((440102.4427 4478516.4279 0,440096.5332 4478509.5966 0))",2561791,Verde,Línea,2
"MULTILINESTRING Z ((440093.1917 4478566.1234 0,440096.3851 4478562.3703 0))",2561792,Verde,Línea,1
"MULTILINESTRING Z ((440018.7417 4478391.2217 0,440021.5168 4478388.8538 0,440033.0655 4478379.4458 0))",2561795,Verde,Línea,4
"MULTILINESTRING Z ((441760.9057 4478542.6594 0,441757.1557 4478497.4927 0))",2562003,Verde,Línea,9
"MULTILINESTRING Z ((443383.4057 4477837.7242 0,443376.8871 4477833.3538 0))",2562035,Azul,Batería,3
"MULTILINESTRING Z ((442739.9057 4478985.7983 0,442748.9057 4478985.3538 0,442804.4612 4478981.9094 0))",2562045,Verde,Línea,14
"MULTILINESTRING Z ((442730.1557 4478988.6594 0,442740.3223 4478988.2427 0))",2562046,Verde,Línea,2
"MULTILINESTRING Z ((442903.3223 4472869.4094 0,442893.989 4472875.6594 0))",2562152,Azul,Línea,2
"MULTILINESTRING Z ((442343.489 4473072.9094 0,442349.1557 4473083.3261 0))",2562157,Azul,Línea,2
"MULTILINESTRING Z ((440109.8223 4477474.1594 0,440107.8223 4477450.2427 0))",2562188,Verde,Batería,9
"MULTILINESTRING Z ((439512.8223 4475695.0761 0,439522.5723 4475691.9094 0))",2562192,Verde,Línea,2
"MULTILINESTRING Z ((441181.3223 4471840.9927 0,441157.3223 4471843.1594 0))",2562240,Verde,Línea,5
"MULTILINESTRING Z ((440159.4057 4476408.7427 0,440160.1557 4476418.6594 0))",2562276,Verde,Línea,2
"MULTILINESTRING Z ((442056.9378 4471732.888 0,442060.4466 4471724.8958 0))",2562308,Verde,Batería,3
"MULTILINESTRING Z ((441733.989 4474729.2427 0,441791.989 4474725.9094 0))",2562317,Verde,Línea,11
"MULTILINESTRING Z ((441375.489 4476334.9094 0,441375.9057 4476358.9927 0))",2562319,Azul,Línea,5
"MULTILINESTRING Z ((440202.2946 4478149.3168 0,440212.5168 4478149.9464 0))",2562322,Verde,Línea,2
"MULTILINESTRING Z ((442474.6557 4477506.5761 0,442477.3223 4477536.8261 0))",2562392,Azul,Línea,6
"MULTILINESTRING Z ((439504.5168 4481021.2235 0,439498.0422 4481046.5294 0))",2562414,Verde,Batería,11
"MULTILINESTRING Z ((440429.1341 4478979.2427 0,440422.9057 4478991.9927 0))",2562418,Verde,Línea,3
"MULTILINESTRING Z ((440426.7225 4478977.4156 0,440429.1917 4478972.1152 0))",2562419,Verde,Línea,1
"MULTILINESTRING Z ((442448.5723 4477265.1594 0,442446.239 4477239.1594 0))",2562420,Azul,Línea,6
"MULTILINESTRING Z ((439923.1176 4478063.8244 0,439911.9132 4478070.705 0))",2562433,Verde,Línea,2
"MULTILINESTRING Z ((442152.239 4477667.8261 0,442157.8223 4477664.7427 0))",2562488,Verde,Línea,1
"MULTILINESTRING Z ((442191.739 4477568.0761 0,442206.9057 4477582.8261 0))",2562493,Azul,Línea,4
"MULTILINESTRING Z ((442509.4057 4477870.5761 0,442509.7807 4477873.9511 0))",2562553,Verde,Batería,1
"MULTILINESTRING Z ((442788.1557 4477057.7427 0,442794.4057 4477064.0761 0))",2562558,Verde,Batería,3
"MULTILINESTRING Z ((442599.489 4477852.9927 0,442700.8223 4477850.2427 0))",2562566,Verde,Batería,41
"MULTILINESTRING Z ((442712.1557 4477715.6594 0,442711.9057 4477711.9094 0))",2562610,Verde,Batería,1
"MULTILINESTRING Z ((442879.4057 4477631.5205 0,442870.6834 4477629.0761 0))",2562616,Azul,Batería,3
"MULTILINESTRING Z ((439916.6401 4478251.992 0,439905.5845 4478235.6587 0))",2562680,Azul,Línea,4
"MULTILINESTRING Z ((442813.989 4477513.5761 0,442791.1557 4477508.0761 0))",2562704,Verde,Línea,5
"MULTILINESTRING Z ((442751.0723 4477575.9927 0,442753.5723 4477571.6594 0))",2562708,Verde,Batería,2
"MULTILINESTRING Z ((442754.1557 4477570.8261 0,442756.489 4477566.4094 0))",2562710,Verde,Batería,2
"MULTILINESTRING Z ((442757.0723 4477565.3261 0,442759.4057 4477561.0761 0,442759.5723 4477560.9094 0))",2562711,Verde,Batería,2
"MULTILINESTRING Z ((442762.239 4477556.0761 0,442764.6557 4477551.5761 0))",2562714,Verde,Batería,2
"MULTILINESTRING Z ((442765.239 4477550.7427 0,442767.3223 4477546.1594 0))",2562716,Verde,Batería,2
"MULTILINESTRING Z ((442767.8223 4477545.3261 0,442769.9057 4477540.8261 0))",2562719,Verde,Batería,2
"MULTILINESTRING Z ((442770.489 4477539.7427 0,442771.6557 4477537.1594 0))",2562721,Verde,Batería,1
"MULTILINESTRING Z ((440510.239 4472047.6594 0,440530.739 4472045.2427 0))",2562745,Verde,Batería,8
"MULTILINESTRING Z ((441441.8223 4473870.7427 0,441493.989 4473872.2427 0))",2562746,Verde,Batería,20
"MULTILINESTRING Z ((437582.3934 4475887.9181 0,437576.3877 4475905.7316 0))",2562749,Azul,Batería,7
"MULTILINESTRING Z ((437600.0034 4475923.5451 0,437594.6084 4475921.7129 0))",2562750,Azul,Batería,2
"MULTILINESTRING Z ((437602.141 4475915.6054 0,437608.7575 4475895.0435 0))",2562751,Azul,Batería,8
"MULTILINESTRING Z ((443288.9859 4478310.4032 0,443288.5415 4478313.218 0,443288.1958 4478316.6995 0,443288.097 4478319.9094 0,443288.2452 4478323.7119 0))",2562754,Verde,Línea,3
"MULTILINESTRING Z ((443289.739 4478325.1594 0,443290.1557 4478328.5761 0,443290.8223 4478331.4094 0,443291.739 4478334.6594 0))",2562755,Verde,Línea,2
"MULTILINESTRING Z ((443155.0106 4477289.6378 0,443163.7267 4477278.6995 0))",2562759,Verde,Línea,3
"MULTILINESTRING Z ((443172.1464 4477272.3292 0,443165.9489 4477280.1316 0))",2562760,Verde,Línea,2
"MULTILINESTRING Z ((440837.8007 4476973.0699 0,440837.4304 4476967.8106 0))",2562761,Verde,Línea,1
"MULTILINESTRING Z ((441348.5991 4476730.5185 0,441347.2164 4476735.4073 0))",2562762,Verde,Línea,1
"MULTILINESTRING Z ((442025.1557 4479409.8261 0,442071.1557 4479406.4094 0))",2562829,Azul,Línea,10
"MULTILINESTRING Z ((442078.3223 4479405.8261 0,442107.6557 4479403.2427 0))",2562830,Azul,Línea,6
"MULTILINESTRING Z ((441404.5723 4477254.9094 0,441403.1557 4477236.1594 0))",2562843,Azul,Línea,3
"MULTILINESTRING Z ((439654.6557 4473084.7427 0,439657.739 4473066.4927 0))",2562851,Verde,Batería,9
"MULTILINESTRING Z ((443494.6557 4475704.3261 0,443506.6557 4475707.4094 0))",2562875,Verde,Línea,2
"MULTILINESTRING Z ((442469.3223 4477119.6594 0,442468.489 4477109.6594 0))",2562877,Azul,Línea,2
"MULTILINESTRING Z ((440441.2708 4480204.9289 0,440444.6874 4480208.0601 0))",2562950,Azul,Línea,1
"MULTILINESTRING Z ((440022.311 4480068.2359 0,440020.989 4480063.9927 0))",2562964,Verde,Línea,1
"MULTILINESTRING Z ((440250.0723 4480109.8538 0,440244.3501 4480105.2983 0))",2562965,Verde,Línea,1
"MULTILINESTRING Z ((440416.0723 4480140.8477 0,440411.1588 4480132.8724 0))",2562971,Verde,Línea,2
"MULTILINESTRING Z ((440471.4084 4479900.2907 0,440480.9667 4479894.6172 0))",2562976,Verde,Línea,2
"MULTILINESTRING Z ((440340.989 4476387.3261 0,440289.0723 4476391.0761 0))",2562978,Verde,Batería,17
"MULTILINESTRING Z ((440326.9057 4476385.5761 0,440342.9057 4476384.4927 0))",2562980,Verde,Línea,3
"MULTILINESTRING Z ((440275.2822 4479818.8861 0,440271.8748 4479814.6255 0))",2562985,Verde,Batería,3
"MULTILINESTRING Z ((442949.8223 4477436.8261 0,442957.989 4477403.4927 0))",2563002,Verde,Línea,7
"MULTILINESTRING Z ((440596.7599 4476274.8184 0,440598.2641 4476269.5035 0))",2563064,Verde,Batería,2
"MULTILINESTRING Z ((440322.4262 4479690.5678 0,440326.4427 4479699.0452 0))",2563072,Verde,Línea,2
"MULTILINESTRING Z ((440441.2205 4479781.6501 0,440447.2946 4479778.965 0))",2563082,Azul,Batería,3
"MULTILINESTRING Z ((440436.621 4479780.2469 0,440438.8707 4479779.2373 0))",2563083,Azul,Batería,1
"MULTILINESTRING Z ((440413.6855 4479816.3127 0,440419.2493 4479826.2057 0))",2563084,Verde,Línea,2
"MULTILINESTRING Z ((440849.9095 4479882.5889 0,440854.0649 4479884.8057 0))",2563101,Verde,Línea,1
"MULTILINESTRING Z ((440871.9132 4479726.288 0,440886.8542 4479719.3744 0))",2563105,Verde,Batería,6
"MULTILINESTRING Z ((440906.4674 4479710.3292 0,440891.9489 4479717.0205 0))",2563106,Verde,Batería,6
"MULTILINESTRING Z ((440806.8994 4479689.0229 0,440787.6648 4479699.4426 0))",2563108,Verde,Línea,5
"MULTILINESTRING Z ((440818.0229 4479668.0822 0,440822.8871 4479677.7119 0))",2563111,Azul,Batería,4
"MULTILINESTRING Z ((438951.489 4473680.8261 0,438951.739 4473692.9094 0))",2577969,Verde,Línea,2
"MULTILINESTRING Z ((443074.489 4477679.4927 0,443033.3223 4477669.4927 0))",2578001,Azul,Línea,10
"MULTILINESTRING Z ((440346.9057 4476388.9927 0,440356.989 4476388.4094 0))",2578012,Verde,Línea,2
"MULTILINESTRING Z ((437846.5773 4475496.3359 0,437849.744 4475490.0859 0))",2578013,Verde,Línea,1
"MULTILINESTRING Z ((440471.1557 4473903.0995 0,440475.1557 4473914.2662 0))",2578014,Verde,Línea,2
"MULTILINESTRING Z ((443361.0723 4477908.1594 0,443359.739 4477911.0761 0))",2578034,Azul,Línea,1
"MULTILINESTRING Z ((440509.7843 4479516.0054 0,440525.5319 4479510.6282 0))",2578039,Verde,Línea,3
"MULTILINESTRING Z ((440563.2822 4479492.192 0,440560.9667 4479471.6378 0))",2578041,Verde,Línea,4
"MULTILINESTRING Z ((440574.4098 4479272.3127 0,440587.6114 4479262.7654 0))",2578046,Azul,Línea,3
"MULTILINESTRING Z ((440732.9283 4479248.9218 0,440737.3727 4479256.9218 0))",2578062,Azul,Línea,2
"MULTILINESTRING Z ((440652.1711 4479363.7201 0,440624.4674 4479377.86 0))",2578066,Verde,Línea,7
"MULTILINESTRING Z ((440677.916 4479401.0644 0,440665.8446 4479375.8024 0))",2578068,Verde,Línea,6
"MULTILINESTRING Z ((443714.4057 4477654.5761 0,443698.9057 4477646.8261 0))",2578081,Verde,Línea,3
"MULTILINESTRING Z ((439286.1557 4472872.4094 0,439311.6557 4472852.9927 0,439328.239 4472840.6594 0,439337.1557 4472834.7427 0))",2578098,Verde,Línea,14
"MULTILINESTRING Z ((440268.4564 4478153.3717 0,440227.8967 4478150.8806 0))",2578135,Verde,Línea,9
"MULTILINESTRING Z ((440048.3083 4478366.9684 0,440063.9352 4478354.2715 0))",2578151,Verde,Línea,4
"MULTILINESTRING Z ((440068.1217 4478350.889 0,440088.3283 4478334.5891 0))",2578156,Verde,Línea,5
"MULTILINESTRING Z ((439598.5723 4478454.5205 0,439586.3501 4478429.5761 0))",2578171,Azul,Línea,7
"MULTILINESTRING Z ((443080.489 4477185.2427 0,443080.4057 4477194.9094 0,443080.3223 4477196.2427 0))",2578210,Verde,Línea,2
"MULTILINESTRING Z ((443309.1557 4477802.0761 0,443313.989 4477805.4927 0))",2578216,Verde,Línea,1
"MULTILINESTRING Z ((440201.6557 4475312.9927 0,440200.9057 4475305.9094 0))",2578397,Verde,Línea,2
"MULTILINESTRING Z ((440199.989 4475297.4927 0,440200.6557 4475303.6594 0))",2578398,Verde,Línea,1
"MULTILINESTRING Z ((441077.6557 4476441.0761 0,441076.9057 4476430.4927 0))",2578400,Azul,Línea,2
"MULTILINESTRING Z ((442760.489 4473268.1594 0,442727.4057 4473218.8261 0))",2578401,Verde,Batería,21
"MULTILINESTRING Z ((442700.489 4473193.9094 0,442701.989 4473206.4927 0))",2578405,Azul,Línea,2
"MULTILINESTRING Z ((439892.4883 4474430.5719 0,439895.071 4474436.9769 0))",2578428,Verde,Línea,1
"MULTILINESTRING Z ((440974.9057 4477109.0761 0,440974.239 4477099.4094 0))",2578665,Verde,Línea,2
"MULTILINESTRING Z ((440062.8871 4478456.9711 0,440101.5291 4478501.6872 0))",2578682,Verde,Línea,12
"MULTILINESTRING Z ((440574.739 4478305.4094 0,440568.6279 4478306.0205 0))",2578687,Verde,Línea,1
"MULTILINESTRING Z ((441892.0723 4479231.2427 0,441891.0168 4479219.8538 0))",2578688,Verde,Línea,2
"MULTILINESTRING Z ((441888.5723 4479219.6872 0,441887.739 4479209.6872 0))",2578689,Verde,Línea,2
"MULTILINESTRING Z ((440273.2328 4478404.0822 0,440278.2452 4478403.0946 0))",2578691,Verde,Línea,1
"MULTILINESTRING Z ((441489.2344 4472425.3558 0,441482.8267 4472343.0797 0))",2578878,Verde,Línea,20
"MULTILINESTRING Z ((442849.2411 4476221.443 0,442858.536 4476230.9355 0))",2579590,Verde,Batería,5
"MULTILINESTRING Z ((442894.3659 4476267.6652 0,442883.5675 4476256.5047 0))",2579592,Verde,Batería,6
"MULTILINESTRING Z ((441348.8342 4472005.921 0,441343.3739 4472014.5559 0))",2579841,Azul,Línea,2
"MULTILINESTRING Z ((441416.5168 4471916.7781 0,441410.8025 4471924.7781 0))",2579842,Azul,Línea,2
"MULTILINESTRING Z ((441464.8326 4472317.0113 0,441532.6227 4472311.625 0))",2579843,Verde,Línea,13
"MULTILINESTRING Z ((440651.3223 4475201.6594 0,440727.6557 4475165.3261 0))",2579848,Verde,Línea,12
"MULTILINESTRING Z ((440643.989 4472711.2427 0,440655.0723 4472715.1594 0))",2579850,Verde,Línea,2
"MULTILINESTRING Z ((439614.6919 4475261.3791 0,439605.2469 4475266.5646 0))",2579884,Verde,Línea,2
"MULTILINESTRING Z ((439645.0723 4473919.8261 0,439638.8223 4473921.9927 0))",2580124,Verde,Línea,1
"MULTILINESTRING Z ((439486.1557 4473936.3261 0,439460.489 4473936.7427 0))",2580129,Verde,Línea,5
"MULTILINESTRING Z ((439571.8223 4473945.0761 0,439561.1557 4473945.1594 0))",2580132,Verde,Línea,2
"MULTILINESTRING Z ((442991.489 4476591.9927 0,443008.3223 4476609.9927 0))",2580228,Verde,Línea,5
"MULTILINESTRING Z ((442482.5538 4478622.2798 0,442489.8871 4478624.3168 0))",2580230,Verde,Línea,1
"MULTILINESTRING Z ((440866.4057 4477211.0205 0,440866.0723 4477205.465 0))",2580233,Verde,Línea,1
"MULTILINESTRING Z ((439778.989 4474538.5761 0,439761.5723 4474515.8261 0))",2580268,Verde,Línea,6
"MULTILINESTRING Z ((439705.3223 4474509.1594 0,439712.239 4474501.7427 0))",2580272,Verde,Línea,2
"MULTILINESTRING Z ((439543.4104 4473257.6263 0,439537.7718 4473267.3509 0))",2580279,Verde,Línea,2
"MULTILINESTRING Z ((439478.1166 4473220.6075 0,439464.8781 4473228.0439 0))",2580282,Verde,Línea,3
"MULTILINESTRING Z ((439316.4789 4473724.3254 0,439313.9595 4473729.912 0))",2580288,Verde,Línea,1
"MULTILINESTRING Z ((439869.5404 4474185.9098 0,439868.4228 4474196.4644 0))",2580354,Verde,Línea,2
"MULTILINESTRING Z ((439429.8223 4473840.1594 0,439398.8223 4473821.0761 0))",2580366,Verde,Línea,7
"MULTILINESTRING Z ((440169.3377 4478752.2044 0,440168.7059 4478753.0333 0,440168.3134 4478753.4481 0))",2580370,Azul,Batería,1
"MULTILINESTRING Z ((443053.9983 4475985.0576 0,443058.4057 4475987.8353 0))",2580377,Verde,Línea,1
"MULTILINESTRING Z ((439599.4057 4480901.4156 0,439609.2328 4480904.0082 0))",2580382,Verde,Batería,4
"MULTILINESTRING Z ((439694.1557 4473722.9094 0,439700.4057 4473701.4094 0))",2580393,Verde,Línea,4
"MULTILINESTRING Z ((439469.9057 4473728.0761 0,439465.9057 4473724.5761 0))",2580398,Verde,Línea,1
"MULTILINESTRING Z ((441509.989 4478476.4094 0,441505.989 4478428.1594 0))",2580446,Verde,Línea,10
"MULTILINESTRING Z ((440982.5415 4480485.8765 0,440979.2328 4480478.7489 0))",2580450,Verde,Línea,1
"MULTILINESTRING Z ((439566.6557 4478789.0761 0,439552.3223 4478794.8261 0))",2580459,Azul,Batería,5
"MULTILINESTRING Z ((441497.6032 4480391.7859 0,441503.2081 4480389.0699 0))",2580474,Verde,Línea,1
"MULTILINESTRING Z ((441508.0229 4480386.7489 0,441514.9859 4480383.3909 0))",2580475,Verde,Línea,1
"MULTILINESTRING Z ((443809.4057 4476458.5205 0,443808.6279 4476456.6872 0,443808.3501 4476428.0205 0))",2580487,Verde,Línea,6
"MULTILINESTRING Z ((443451.7807 4476839.0761 0,443411.9057 4476749.9511 0))",2580491,Verde,Línea,21
"MULTILINESTRING Z ((442944.8223 4476131.0761 0,442948.3223 4476134.5761 0))",2580502,Verde,Batería,2
"MULTILINESTRING Z ((442739.489 4472410.8261 0,442745.1557 4472419.0761 0))",2580510,Azul,Batería,4
"MULTILINESTRING Z ((443567.1557 4476891.5761 0,443547.489 4476888.3261 0,443528.4057 4476885.3261 0))",2580534,Verde,Línea,8
"MULTILINESTRING Z ((443656.8223 4476916.6594 0,443644.239 4476912.3261 0,443631.3223 4476908.4094 0,443618.9057 4476904.4094 0,443610.6557 4476901.9927 0,443605.5723 4476900.5761 0,443597.739 4476898.5761 0,443592.5723 4476897.4094 0,443583.1557 4476895.0761 0,443574.9057 4476893.4094 0))",2580535,Verde,Línea,18
"MULTILINESTRING Z ((440015.2946 4478300.1316 0,440018.3501 4478300.9094 0,440023.5168 4478301.9094 0,440030.6279 4478302.5761 0,440034.9612 4478302.4094 0,440039.4612 4478302.1316 0,440042.7946 4478301.4094 0,440050.6834 4478298.5761 0,440052.5168 4478298.1872 0,440060.239 4478297.1316 0))",2580613,Verde,Batería,19
"MULTILINESTRING Z ((439976.2946 4478295.465 0,439987.2822 4478301.539 0,439991.1834 4478303.4897 0,439995.702 4478305.465 0,440002.6155 4478308.3045 0,440015.1834 4478312.1563 0))",2580632,Verde,Batería,15
"MULTILINESTRING Z ((440043.4797 4478312.0576 0,440046.5168 4478312.4279 0))",2580676,Verde,Batería,1
"MULTILINESTRING Z ((440047.8871 4478317.3168 0,440049.1094 4478317.3909 0,440062.2946 4478315.3909 0))",2580679,Verde,Batería,5
"MULTILINESTRING Z ((440075.8254 4478294.6008 0,440102.311 4478290.502 0))",2580680,Azul,Línea,5
"MULTILINESTRING Z ((441170.7682 4470944.7592 0,441209.7908 4470946.0964 0))",2580773,Verde,Batería,15
"MULTILINESTRING Z ((443545.989 4475262.3261 0,443559.0723 4475257.3261 0))",2580775,Verde,Batería,6
"MULTILINESTRING Z ((442126.1464 4477276.6501 0,442125.3316 4477265.465 0))",2580901,Verde,Línea,2
"MULTILINESTRING Z ((441930.0476 4478289.9423 0,441932.3686 4478292.6913 0))",2580906,Verde,Línea,1
"MULTILINESTRING Z ((441935.7431 4478297.2016 0,441957.1423 4478327.2098 0))",2580907,Verde,Línea,6
"MULTILINESTRING Z ((442656.311 4476468.0974 0,442638.1328 4476456.4115 0))",2580934,Verde,Batería,8
"MULTILINESTRING Z ((442659.9067 4476470.6943 0,442672.8911 4476479.0843 0))",2580939,Verde,Batería,5
"MULTILINESTRING Z ((442744.3054 4476538.6128 0,442733.4184 4476531.5213 0))",2580968,Azul,Línea,2
"MULTILINESTRING Z ((442988.6557 4472291.4094 0,442993.6557 4472299.0761 0))",2581002,Azul,Línea,2
"MULTILINESTRING Z ((440235.4057 4472492.8261 0,440227.739 4472507.1594 0))",2581039,Azul,Batería,6
"MULTILINESTRING Z ((439722.2046 4475199.4496 0,439636.9677 4475245.1358 0))",2581939,Verde,Línea,21
"MULTILINESTRING Z ((440198.989 4477813.1594 0,440204.8223 4477812.6594 0))",2582054,Verde,Batería,2
"MULTILINESTRING Z ((440633.4612 4478981.1316 0,440643.0168 4478973.7983 0))",2582179,Azul,Línea,2
"MULTILINESTRING Z ((440629.7946 4478985.6316 0,440634.0168 4478982.3538 0))",2582182,Azul,Línea,1
"MULTILINESTRING Z ((442431.9057 4478175.9094 0,442431.1557 4478191.8261 0))",2582265,Azul,Línea,3
"MULTILINESTRING Z ((443748.5723 4477063.4094 0,443755.8223 4477067.4094 0,443771.489 4477075.8261 0))",2582267,Verde,Batería,12
"MULTILINESTRING Z ((443562.239 4475993.0205 0,443565.5723 4476006.2427 0,443568.4612 4476013.6872 0,443571.1279 4476019.965 0,443574.5168 4476027.5205 0,443576.4057 4476030.7983 0))",2582269,Verde,Batería,15
"MULTILINESTRING Z ((443076.9057 4474600.3261 0,443038.9057 4474603.0761 0))",2582610,Azul,Línea,8
"MULTILINESTRING Z ((441492.5723 4474391.7427 0,441471.4057 4474393.2427 0))",2582616,Verde,Batería,8
"MULTILINESTRING Z ((441470.989 4474393.1594 0,441463.3223 4474393.6594 0))",2582617,Verde,Batería,3
"MULTILINESTRING Z ((441583.0723 4472441.2427 0,441574.239 4472441.9094 0))",2582621,Verde,Línea,2
"MULTILINESTRING Z ((442722.0723 4472384.6594 0,442727.739 4472393.3261 0))",2582748,Azul,Batería,4
"MULTILINESTRING Z ((442732.1557 4472399.5761 0,442727.739 4472393.4094 0))",2582749,Azul,Batería,3
"MULTILINESTRING Z ((443311.739 4478470.6594 0,443307.0723 4478470.2427 0))",2582972,Verde,Línea,1
"MULTILINESTRING Z ((443108.5307 4474602.7011 0,443026.9057 4474609.0761 0))",2583023,Azul,Línea,17
"MULTILINESTRING Z ((443557.489 4474496.5761 0,443544.4057 4474456.6594 0))",2583025,Azul,Línea,8
"MULTILINESTRING Z ((443732.4403 4475186.7037 0,443704.9998 4475198.0027 0))",2584102,Verde,Batería,10
"MULTILINESTRING Z ((443696.2373 4475201.9227 0,443670.1036 4475212.2994 0))",2584103,Verde,Batería,14
"MULTILINESTRING Z ((443663.4933 4475215.2202 0,443643.0475 4475223.2909 0))",2584105,Verde,Batería,7
"MULTILINESTRING Z ((440764.8871 4478826.6501 0,440779.5044 4478826.7983 0))",2584227,Verde,Línea,3
"MULTILINESTRING Z ((440989.3365 4479435.8928 0,441027.1672 4479411.6186 0))",2584476,Verde,Línea,9
"MULTILINESTRING Z ((441165.2081 4479374.5514 0,441158.9612 4479366.4773 0))",2584496,Verde,Batería,4
"MULTILINESTRING Z ((441049.5264 4479233.8875 0,441098.9091 4479295.539 0))",2584500,Verde,Batería,31
"MULTILINESTRING Z ((441007.6718 4479258.1947 0,441024.0229 4479243.1604 0))",2584503,Verde,Línea,5
"MULTILINESTRING Z ((440996.1711 4479190.7736 0,440996.5662 4479190.9958 0,440997.455 4479191.7859 0,441001.8007 4479197.86 0))",2584504,Azul,Batería,4
"MULTILINESTRING Z ((441097.3069 4479080.0658 0,441118.9036 4479072.2798 0))",2584512,Verde,Batería,8
"MULTILINESTRING Z ((441117.5703 4479166.074 0,441129.0271 4479163.0946 0))",2584518,Verde,Batería,6
"MULTILINESTRING Z ((441468.739 4479101.6316 0,441467.239 4479084.965 0))",2584520,Verde,Línea,3
"MULTILINESTRING Z ((441345.1834 4479307.1687 0,441344.3501 4479297.2427 0))",2584542,Verde,Batería,4
"MULTILINESTRING Z ((440905.8131 4478970.0946 0,440908.0723 4478976.3538 0))",2584545,Verde,Línea,1
"MULTILINESTRING Z ((441163.0079 4478981.5308 0,441165.9708 4478981.3113 0))",2584548,Azul,Batería,1
"MULTILINESTRING Z ((440699.8254 4478787.6872 0,440720.846 4478781.0041 0))",2584550,Verde,Línea,4
"MULTILINESTRING Z ((440742.9859 4478773.9423 0,440726.5908 4478779.1604 0))",2584551,Verde,Línea,3
"MULTILINESTRING Z ((439906.8501 4478793.0205 0,439908.4057 4478787.465 0))",2584582,Verde,Línea,1
"MULTILINESTRING Z ((439909.6279 4478787.1316 0,439912.3501 4478778.5205 0))",2584583,Verde,Línea,2
"MULTILINESTRING Z ((441692.6279 4480717.6501 0,441701.5384 4480715.58 0))",2584592,Azul,Línea,2
"MULTILINESTRING Z ((442997.1557 4475777.8261 0,442996.8223 4475771.5761 0))",2584596,Verde,Batería,2
"MULTILINESTRING Z ((442994.5723 4475771.1594 0,442993.739 4475758.3261 0))",2584597,Verde,Batería,6
"MULTILINESTRING Z ((442351.1557 4479711.8261 0,442345.989 4479704.9927 0))",2584603,Azul,Línea,1
"MULTILINESTRING Z ((441871.239 4479032.3261 0,441862.5723 4479033.0761 0))",2584607,Verde,Línea,1
"MULTILINESTRING Z ((443050.9057 4477445.6594 0,443058.489 4477451.4094 0))",2584610,Azul,Línea,2
"MULTILINESTRING Z ((442608.1557 4477976.0761 0,442601.5307 4477902.2011 0,442599.6557 4477898.0761 0,442596.0307 4477893.9511 0,442592.6557 4477890.9511 0,442590.4057 4477889.2011 0,442588.2807 4477867.9511 0))",2584611,Verde,Línea,24
"MULTILINESTRING Z ((442589.9057 4477867.1594 0,442589.3223 4477859.3261 0))",2584612,Verde,Línea,1
"MULTILINESTRING Z ((442842.989 4475566.4927 0,442843.489 4475570.0761 0))",2584616,Verde,Batería,1
"MULTILINESTRING Z ((442845.2807 4475596.9511 0,442844.4057 4475583.9511 0))",2584622,Verde,Batería,4
"MULTILINESTRING Z ((442530.989 4476475.6594 0,442531.489 4476482.6594 0))",2584632,Verde,Línea,1
"MULTILINESTRING Z ((442528.5723 4476445.2427 0,442529.5723 4476457.7427 0))",2584635,Verde,Línea,3
"MULTILINESTRING Z ((442512.6557 4476385.3261 0,442511.5723 4476370.9927 0))",2584649,Verde,Batería,6
"MULTILINESTRING Z ((442502.3223 4476206.2427 0,442500.0723 4476177.2427 0))",2584653,Verde,Batería,11
"MULTILINESTRING Z ((441178.2946 4479149.3538 0,441222.2946 4479143.9094 0))",2584662,Verde,Batería,18
"MULTILINESTRING Z ((439740.4612 4481030.6316 0,439744.1279 4481016.9094 0))",2584666,Verde,Línea,3
"MULTILINESTRING Z ((439764.6279 4480961.1687 0,439767.8871 4480949.2427 0))",2584667,Verde,Línea,3
"MULTILINESTRING Z ((439761.9983 4480978.465 0,439766.5908 4480961.3538 0))",2584668,Verde,Línea,3
"MULTILINESTRING Z ((440042.8871 4478086.9094 0,440042.0723 4478082.6131 0))",2584669,Verde,Línea,1
"MULTILINESTRING Z ((442101.8501 4476932.7983 0,442101.5168 4476928.0761 0))",2584718,Azul,Línea,1
"MULTILINESTRING Z ((443518.5538 4478715.1316 0,443520.8501 4478712.465 0))",2584725,Verde,Batería,2
"MULTILINESTRING Z ((439721.4612 4477496.4094 0,439691.9057 4477487.0761 0))",2584727,Verde,Batería,12
"MULTILINESTRING Z ((438937.529 4476286.3437 0,438926.6721 4476293.4588 0,438914.6458 4476301.2823 0,438912.1242 4476303.222 0,438904.8179 4476306.6489 0,438899.128 4476308.5886 0,438893.1149 4476309.7524 0,438888.5242 4476310.205 0,438859.4931 4476309.4292 0,438850.8937 4476309.1059 0,438845.3978 4476308.33 0,438839.4493 4476306.5842 0,438834.794 4476304.6445 0,438831.1732 4476302.8988 0,438827.1644 4476300.1185 0,438824.8367 4476297.9848 0,438815.6499 4476290.0938 0,438811.8351 4476286.9902 0,438809.2488 4476285.0505 0,438805.822 4476282.8522 0,438800.7787 4476279.9426 0,438797.4812 4476278.1322 0,438792.2439 4476275.7399 0,438784.1618 4476272.3777 0,438757.6522 4476261.9678 0,438745.8199 4476257.1185 0,438726.4227 4476249.5536 0,438715.1077 4476244.963 0,438702.1762 4476239.9197 0,438688.9861 4476234.6824 0,438682.2617 4476232.3548 0,438677.2185 4476230.8676 0,438670.6881 4476229.4452 0,438663.1232 4476227.2468 0,438645.8596 4476222.3975 0,438625.4926 4476217.2249 0,438608.811 4476212.4403 0,438578.616 4476204.4228 0,438567.9475 4476201.5132 0,438559.6067 4476198.6683 0,438552.4944 4476195.2414 0,438547.6451 4476192.6551 0,438540.8561 4476188.1938 0,438525.6616 4476178.3012 0,438497.6649 4476159.9385 0,438477.8798 4476147.0717 0,438453.7626 4476131.4246 0,438430.4859 4476116.0362 0,438405.9862 4476100.0733 0,438384.7139 4476085.978 0,438366.4157 4476074.0211 0,438340.6174 4476056.8869 0))",2584744,Naranja,Línea,148
"MULTILINESTRING Z ((438335.739 4476062.0995 0,438407.0723 4476109.2662 0,438437.4057 4476129.0162 0,438466.9057 4476148.5995 0,438484.989 4476160.3495 0,438518.6557 4476182.4329 0,438544.0723 4476198.6829 0,438550.1557 4476202.0162 0,438555.3223 4476204.1829 0,438563.9057 4476207.4329 0,438579.1557 4476211.7662 0,438638.5723 4476227.7662 0,438684.239 4476240.5995 0,438704.0723 4476248.2662 0,438751.0723 4476266.6829 0,438789.989 4476282.0995 0,438797.739 4476286.0995 0,438802.9057 4476289.2662 0,438809.6557 4476294.5162 0,438817.8223 4476301.5162 0,438826.489 4476308.0995 0,438833.239 4476311.4329 0,438840.9057 4476314.2662 0))",2584745,Naranja,Línea,126
"MULTILINESTRING Z ((442568.4776 4472066.8018 0,442570.379 4472094.0197 0,442571.0853 4472101.4082 0,442571.5244 4472104.2459 0,442572.6109 4472106.6001 0))",2584781,Azul,Línea,8
"MULTILINESTRING Z ((442573.1904 4472107.0709 0,442574.7478 4472109.0992 0,442576.4501 4472110.4755 0,442578.7319 4472111.6345 0,442580.7239 4472112.4675 0))",2584782,Azul,Línea,2
"MULTILINESTRING Z ((442356.6183 4471578.0207 0,442362.6746 4471570.6285 0))",2584783,Verde,Línea,2
"MULTILINESTRING Z ((441598.3223 4472323.3261 0,441599.1557 4472334.3261 0))",2584786,Verde,Línea,2
"MULTILINESTRING Z ((441254.4057 4471951.7427 0,441226.989 4471954.2427 0))",2584788,Verde,Línea,5
"MULTILINESTRING Z ((441227.1557 4471954.2427 0,441214.989 4471955.4094 0))",2584789,Verde,Línea,2
"MULTILINESTRING Z ((440987.0831 4472922.7904 0,440997.9433 4472921.9302 0))",2584812,Verde,Línea,2
"MULTILINESTRING Z ((438992.489 4475334.0761 0,438981.6557 4475348.5761 0))",2584814,Verde,Batería,7
"MULTILINESTRING Z ((441038.239 4477668.0205 0,441040.1279 4477688.3538 0))",2584886,Azul,Línea,4
"MULTILINESTRING Z ((440147.5908 4481783.6872 0,440152.6279 4481785.2798 0))",2584889,Verde,Batería,2
"MULTILINESTRING Z ((440204.5538 4478216.0576 0,440211.8871 4478215.7613 0))",2584894,Verde,Línea,1
"MULTILINESTRING Z ((442838.483 4474034.1283 0,442843.4062 4474034.1283 0))",2584949,Verde,Batería,1
"MULTILINESTRING Z ((442941.4369 4474052.8078 0,442946.2154 4474052.8078 0))",2584950,Verde,Línea,1
"MULTILINESTRING Z ((441792.0723 4478901.1687 0,441800.5415 4478900.502 0))",2585000,Azul,Línea,1
"MULTILINESTRING Z ((442339.239 4478415.4094 0,442324.739 4478400.2427 0))",2585027,Verde,Línea,5
"MULTILINESTRING Z ((442869.453 4478705.9361 0,442832.2578 4478708.2067 0))",2585031,Verde,Línea,7
"MULTILINESTRING Z ((442873.0212 4478705.6658 0,442874.9674 4478705.6117 0,442889.0238 4478704.7467 0,442893.1325 4478704.4223 0))",2585033,Verde,Línea,5
"MULTILINESTRING Z ((443128.7924 4478702.5301 0,443138.7399 4478704.8008 0,443144.4165 4478706.4767 0))",2585038,Verde,Línea,4
"MULTILINESTRING Z ((441882.3223 4471971.3261 0,441866.489 4471958.2427 0))",2585042,Verde,Línea,4
"MULTILINESTRING Z ((441882.4057 4471971.1594 0,441890.4057 4471977.9094 0))",2585043,Verde,Línea,2
"MULTILINESTRING Z ((441207.3223 4471490.7427 0,441217.4057 4471495.0761 0))",2585046,Verde,Línea,2
"MULTILINESTRING Z ((442610.989 4478692.6594 0,442608.1557 4478665.2427 0))",2585047,Verde,Línea,6
"MULTILINESTRING Z ((442534.239 4478499.5761 0,442536.239 4478504.9094 0,442538.0723 4478508.8261 0,442540.0723 4478512.4927 0,442544.4057 4478518.5761 0,442545.6557 4478521.2427 0))",2585048,Verde,Batería,9
"MULTILINESTRING Z ((442539.5723 4478487.9927 0,442542.9057 4478491.8261 0,442545.6557 4478495.9927 0,442550.8223 4478504.4927 0,442553.0723 4478509.4927 0,442555.3223 4478515.4927 0,442557.4057 4478523.1594 0))",2585049,Verde,Batería,14
"MULTILINESTRING Z ((442548.489 4478480.5761 0,442552.4057 4478485.6594 0,442555.6557 4478490.5761 0,442560.0723 4478498.4094 0,442562.1557 4478502.7427 0,442564.0723 4478507.1594 0,442566.489 4478513.8261 0,442567.1557 4478515.9927 0))",2585050,Verde,Batería,14
"MULTILINESTRING Z ((442592.239 4478470.4094 0,442591.5723 4478463.3261 0))",2585051,Azul,Batería,2
"MULTILINESTRING Z ((442292.0723 4478631.7427 0,442289.989 4478638.6594 0))",2585054,Verde,Línea,1
"MULTILINESTRING Z ((443684.4057 4478510.2427 0,443682.239 4478522.6594 0))",2585060,Azul,Línea,3
"MULTILINESTRING Z ((443684.5723 4478524.2427 0,443683.239 4478531.8261 0))",2585061,Azul,Línea,4
"MULTILINESTRING Z ((443205.3223 4478502.3261 0,443217.8223 4478504.7427 0))",2585062,Verde,Línea,2
"MULTILINESTRING Z ((443337.239 4478537.4927 0,443344.489 4478539.2427 0,443351.239 4478541.9927 0,443355.989 4478544.3261 0))",2585063,Verde,Línea,4
"MULTILINESTRING Z ((443348.3223 4478468.4094 0,443342.989 4478467.2427 0))",2585064,Verde,Línea,1
"MULTILINESTRING Z ((443418.6557 4478226.0761 0,443417.6557 4478220.3261 0))",2585074,Verde,Línea,1
"MULTILINESTRING Z ((443417.489 4478219.3261 0,443414.0723 4478197.8261 0))",2585076,Verde,Línea,5
"MULTILINESTRING Z ((443148.4008 4478707.6934 0,443162.1549 4478712.4466 0,443172.0659 4478716.4919 0,443200.5853 4478729.8414 0))",2585078,Verde,Línea,11
"MULTILINESTRING Z ((443381.5723 4478583.4927 0,443383.489 4478574.1594 0))",2585079,Verde,Línea,2
"MULTILINESTRING Z ((443429.6557 4478724.2427 0,443430.489 4478732.3261 0))",2585083,Azul,Línea,2
"MULTILINESTRING Z ((443483.8223 4478779.0761 0,443481.9057 4478781.1594 0))",2585086,Verde,Batería,1
"MULTILINESTRING Z ((443507.1557 4478751.9927 0,443508.4057 4478750.6594 0))",2585087,Verde,Batería,1
"MULTILINESTRING Z ((443497.3223 4478763.2427 0,443495.489 4478765.4094 0))",2585088,Verde,Batería,2
"MULTILINESTRING Z ((442998.739 4478214.1594 0,443022.6557 4478221.4927 0))",2585091,Verde,Batería,11
"MULTILINESTRING Z ((443006.239 4478201.9094 0,443023.6557 4478207.4094 0))",2585092,Verde,Batería,8
"MULTILINESTRING Z ((443549.4057 4478811.9927 0,443540.989 4478829.3261 0))",2585093,Verde,Línea,4
"MULTILINESTRING Z ((443568.489 4478656.7427 0,443567.3223 4478658.3261 0))",2585094,Azul,Batería,1
"MULTILINESTRING Z ((443582.1557 4478641.0761 0,443583.5723 4478639.4094 0))",2585095,Azul,Batería,1
"MULTILINESTRING Z ((443596.3223 4478624.6594 0,443599.489 4478620.9927 0))",2585097,Azul,Batería,2
"MULTILINESTRING Z ((443563.4057 4478262.1594 0,443572.0723 4478285.9927 0))",2585101,Verde,Línea,5
"MULTILINESTRING Z ((443574.239 4478297.5761 0,443571.1557 4478288.9927 0))",2585102,Verde,Línea,2
"MULTILINESTRING Z ((443598.6557 4478277.2427 0,443588.9057 4478250.7427 0))",2585104,Azul,Línea,6
"MULTILINESTRING Z ((443599.4057 4478242.7427 0,443606.3223 4478261.7427 0))",2585107,Verde,Línea,5
"MULTILINESTRING Z ((440708.239 4475665.8261 0,440719.6557 4475666.9094 0))",2585212,Verde,Línea,2
"MULTILINESTRING Z ((440874.239 4476122.2427 0,440879.239 4476123.0761 0))",2585213,Azul,Línea,1
"MULTILINESTRING Z ((440863.239 4476120.4927 0,440873.5723 4476122.1594 0))",2585214,Azul,Línea,2
"MULTILINESTRING Z ((441346.4612 4478966.1872 0,441356.8501 4478965.4094 0))",2585283,Azul,Batería,4
"MULTILINESTRING Z ((441358.239 4478965.3538 0,441374.4612 4478963.9094 0))",2585284,Azul,Batería,6
"MULTILINESTRING Z ((441256.8501 4478973.9094 0,441267.3501 4478973.0761 0))",2585285,Azul,Batería,4
"MULTILINESTRING Z ((441174.3686 4478984.7489 0,441187.5044 4478983.7613 0))",2585288,Azul,Batería,5
"MULTILINESTRING Z ((441208.2946 4478977.8353 0,441221.8501 4478976.7242 0))",2585289,Azul,Batería,5
"MULTILINESTRING Z ((440654.989 4475364.3261 0,440664.3223 4475368.6594 0))",2585391,Verde,Línea,2
"MULTILINESTRING Z ((440664.9057 4475368.9094 0,440681.4057 4475376.4927 0))",2585392,Verde,Línea,3
"MULTILINESTRING Z ((440572.8223 4477150.8261 0,440573.5723 4477161.2427 0))",2585436,Verde,Línea,2
"MULTILINESTRING Z ((440969.239 4479743.8538 0,440973.3501 4479737.2427 0))",2585451,Verde,Línea,1
"MULTILINESTRING Z ((440932.6649 4477721.8724 0,440917.1094 4477723.1316 0))",2585452,Verde,Línea,3
"MULTILINESTRING Z ((440894.6401 4477763.9735 0,440893.7882 4477753.8624 0))",2585453,Verde,Línea,2
"MULTILINESTRING Z ((440641.3223 4473084.0761 0,440639.0723 4473089.3261 0))",2585455,Verde,Línea,1
"MULTILINESTRING Z ((440847.4612 4473258.6316 0,440838.239 4473260.6316 0))",2585458,Verde,Línea,2
"MULTILINESTRING Z ((440975.9057 4473181.8261 0,440970.239 4473185.3261 0))",2585464,Verde,Línea,1
"MULTILINESTRING Z ((440417.1557 4473011.4927 0,440435.3223 4473042.9927 0))",2585469,Verde,Línea,6
"MULTILINESTRING Z ((440296.9397 4473157.191 0,440299.5283 4473151.3169 0))",2585471,Verde,Línea,1
"MULTILINESTRING Z ((440222.0723 4473300.9094 0,440208.989 4473316.4094 0))",2585476,Verde,Línea,4
"MULTILINESTRING Z ((440070.6279 4473831.0761 0,440088.0168 4473823.4094 0))",2585478,Verde,Línea,4
"MULTILINESTRING Z ((440524.239 4473471.9094 0,440525.239 4473495.9094 0))",2585482,Verde,Línea,5
"MULTILINESTRING Z ((440923.1557 4473448.7427 0,440915.739 4473453.4094 0))",2585486,Verde,Línea,1
"MULTILINESTRING Z ((440059.1557 4473525.8261 0,440051.5723 4473536.9094 0))",2585489,Verde,Línea,3
"MULTILINESTRING Z ((442824.1279 4478569.0205 0,442810.3501 4478567.7427 0))",2585579,Verde,Línea,3
"MULTILINESTRING Z ((442813.0168 4478556.4094 0,442816.9612 4478553.7427 0,442819.0168 4478552.6872 0,442821.6834 4478551.4094 0,442824.3501 4478550.3538 0,442825.9612 4478550.0205 0))",2585580,Verde,Batería,5
"MULTILINESTRING Z ((439890.0237 4474244.6457 0,439889.1206 4474240.8693 0,439889.2027 4474238.0781 0,439890.1058 4474227.9804 0))",2585629,Verde,Línea,3
"MULTILINESTRING Z ((439881.9784 4474226.8311 0,439881.4037 4474232.9061 0))",2585630,Verde,Línea,1
"MULTILINESTRING Z ((439880.5006 4474241.6082 0,439879.5155 4474247.0264 0,439877.381 4474251.7059 0))",2585632,Verde,Línea,2
"MULTILINESTRING Z ((444355.8419 4474692.2633 0,444353.4221 4474692.7901 0))",2585698,Verde,Batería,1
"MULTILINESTRING Z ((444356.7308 4474673.1851 0,444371.5127 4474668.0822 0))",2585714,Verde,Línea,2
"MULTILINESTRING Z ((444379.6937 4474665.465 0,444392.6978 4474662.4197 0))",2585715,Verde,Línea,2
"MULTILINESTRING Z ((444409.4386 4474658.6008 0,444425.8995 4474654.9135 0))",2585717,Verde,Línea,3
"MULTILINESTRING Z ((439579.9242 4480869.7242 0,439583.2205 4480857.3909 0))",2585736,Verde,Batería,5
"MULTILINESTRING Z ((444445.9983 4474894.9218 0,444439.7267 4474888.8971 0))",2585833,Verde,Batería,3
"MULTILINESTRING Z ((444423.1094 4474872.8971 0,444436.4921 4474885.7859 0))",2585834,Verde,Batería,6
"MULTILINESTRING Z ((444536.0476 4474981.9588 0,444532.1464 4474978.181 0))",2585837,Verde,Batería,2
"MULTILINESTRING Z ((444396.739 4474835.2983 0,444414.0723 4474851.8538 0))",2585848,Verde,Línea,5
"MULTILINESTRING Z ((444397.5168 4474828.0946 0,444411.1464 4474813.6872 0))",2585849,Verde,Batería,8
"MULTILINESTRING Z ((444539.776 4474920.2057 0,444542.8871 4474935.0205 0))",2585852,Verde,Línea,3
"MULTILINESTRING Z ((444464.9859 4474896.9464 0,444470.1711 4474891.8353 0))",2585855,Verde,Batería,3
"MULTILINESTRING Z ((444475.5538 4474907.1687 0,444512.5538 4474867.9094 0))",2585856,Verde,Batería,22
"MULTILINESTRING Z ((444481.4797 4474879.4403 0,444491.5785 4474868.7242 0))",2585857,Verde,Batería,6
"MULTILINESTRING Z ((444697.5044 4475141.4897 0,444708.0168 4475151.5205 0))",2585862,Verde,Línea,3
"MULTILINESTRING Z ((444803.9612 4475243.539 0,444798.6279 4475238.465 0))",2585866,Verde,Batería,4
"MULTILINESTRING Z ((444864.9118 4475186.7983 0,444872.4674 4475194.2551 0))",2585880,Verde,Batería,5
"MULTILINESTRING Z ((444877.0106 4475198.6995 0,444885.5785 4475207.1687 0))",2585881,Verde,Batería,5
"MULTILINESTRING Z ((444890.0476 4475211.4897 0,444897.8254 4475219.1193 0))",2585882,Verde,Batería,5
"MULTILINESTRING Z ((444443.6279 4474780.6501 0,444455.9242 4474792.6131 0,444498.4797 4474832.502 0))",2585887,Verde,Línea,15
"MULTILINESTRING Z ((444508.4427 4474829.9341 0,444511.06 4474827.2674 0))",2585888,Verde,Línea,1
"MULTILINESTRING Z ((444532.739 4474807.1316 0,444536.4057 4474805.8353 0,444540.4797 4474804.6501 0,444548.8871 4474803.0205 0))",2585891,Verde,Línea,3
"MULTILINESTRING Z ((444612.7966 4474789.6131 0,444607.0024 4474790.7983 0))",2585895,Verde,Línea,1
"MULTILINESTRING Z ((444643.8583 4474662.8971 0,444649.7349 4474667.4567 0))",2585912,Verde,Línea,1
"MULTILINESTRING Z ((444438.5908 4474722.3168 0,444440.8131 4474714.8724 0,444444.4057 4474706.2427 0,444447.3316 4474700.2057 0))",2585916,Verde,Línea,5
"MULTILINESTRING Z ((444496.739 4474652.3538 0,444504.6279 4474649.2427 0,444516.3686 4474646.3168 0))",2585923,Verde,Línea,4
"MULTILINESTRING Z ((444542.8871 4474644.6501 0,444582.5908 4474645.3538 0))",2585925,Verde,Línea,9
"MULTILINESTRING Z ((444515.6032 4474836.0329 0,444519.381 4474832.4032 0))",2585931,Verde,Línea,1
"MULTILINESTRING Z ((444549.3637 4474814.4878 0,444543.5115 4474815.4632 0,444525.4671 4474833.8733 0))",2585932,Verde,Batería,11
"MULTILINESTRING Z ((444572.6507 4474810.0986 0,444551.6802 4474813.8782 0))",2585933,Verde,Batería,6
"MULTILINESTRING Z ((444540.1464 4474875.7613 0,444541.8131 4474879.2798 0,444545.0723 4474889.8353 0))",2585936,Verde,Línea,3
"MULTILINESTRING Z ((444546.6557 4474896.7427 0,444554.0723 4474931.8261 0))",2585938,Verde,Línea,7
"MULTILINESTRING Z ((444717.2205 4475062.1316 0,444722.2575 4475056.6501 0))",2585946,Verde,Línea,1
"MULTILINESTRING Z ((444735.06 4475043.465 0,444738.9612 4475039.3662 0))",2585948,Verde,Línea,1
"MULTILINESTRING Z ((444748.8131 4475028.6995 0,444752.2699 4475025.1193 0))",2585949,Verde,Línea,1
"MULTILINESTRING Z ((444767.1341 4474983.9999 0,444764.9941 4474979.0397 0))",2585951,Verde,Línea,1
"MULTILINESTRING Z ((444645.5538 4474853.9464 0,444651.5908 4474853.0576 0))",2585959,Verde,Batería,3
"MULTILINESTRING Z ((444673.489 4474904.9094 0,444678.0723 4474909.5761 0))",2585961,Verde,Línea,1
"MULTILINESTRING Z ((444682.6155 4474914.6008 0,444675.381 4474921.465 0))",2585962,Verde,Batería,4
"MULTILINESTRING Z ((444632.776 4474934.0576 0,444624.0307 4474925.0761 0))",2585966,Verde,Batería,5
"MULTILINESTRING Z ((444613.4057 4474929.0761 0,444601.0723 4474941.3261 0))",2585970,Verde,Batería,6
"MULTILINESTRING Z ((444620.9983 4474945.7242 0,444624.4057 4474949.0576 0))",2585972,Verde,Batería,2
"MULTILINESTRING Z ((444654.739 4474929.5761 0,444637.489 4474947.0761 0))",2585973,Verde,Línea,5
"MULTILINESTRING Z ((444666.6896 4474936.6748 0,444670.097 4474940.0082 0))",2585974,Verde,Línea,1
"MULTILINESTRING Z ((444616.3393 4474995.2567 0,444630.9698 4474980.1385 0))",2585977,Verde,Batería,8
"MULTILINESTRING Z ((444627.9983 4475000.5514 0,444632.6402 4474995.86 0))",2585978,Verde,Batería,3
"MULTILINESTRING Z ((444657.455 4474970.1563 0,444659.8419 4474967.5884 0))",2585979,Verde,Batería,3
"MULTILINESTRING Z ((444662.7884 4474964.4115 0,444661.2411 4474966.0905 0))",2585980,Verde,Batería,1
"MULTILINESTRING Z ((444668.846 4474958.5514 0,444672.2699 4474955.0452 0))",2585981,Verde,Batería,2
"MULTILINESTRING Z ((444676.8954 4474950.3045 0,444673.5044 4474953.7777 0))",2585982,Verde,Batería,2
"MULTILINESTRING Z ((444670.4057 4474930.6872 0,444688.3501 4474947.8538 0))",2585984,Verde,Línea,5
"MULTILINESTRING Z ((444741.0723 4474998.6872 0,444754.4057 4475011.5205 0))",2585991,Verde,Línea,4
"MULTILINESTRING Z ((444752.2369 4475019.2263 0,444722.2616 4474990.3703 0))",2585996,Verde,Línea,8
"MULTILINESTRING Z ((444711.9242 4474998.074 0,444718.3604 4474991.325 0))",2585998,Verde,Línea,2
"MULTILINESTRING Z ((444700.3851 4475009.9259 0,444704.4674 4475005.7283 0))",2585999,Verde,Línea,1
"MULTILINESTRING Z ((444690.6567 4475006.3209 0,444693.3069 4475003.6707 0))",2586000,Verde,Línea,1
"MULTILINESTRING Z ((444693.2822 4475023.3415 0,444699.8007 4475016.6008 0))",2586001,Verde,Batería,4
"MULTILINESTRING Z ((444658.4057 4474989.7613 0,444669.4057 4475000.5761 0))",2586006,Verde,Batería,6
"MULTILINESTRING Z ((444650.3686 4474981.8724 0,444656.1834 4474987.5761 0))",2586007,Verde,Batería,3
"MULTILINESTRING Z ((444658.4921 4474973.86 0,444660.5908 4474975.8353 0))",2586008,Verde,Batería,1
"MULTILINESTRING Z ((444682.1834 4474996.1316 0,444671.4797 4474986.0576 0))",2586009,Verde,Batería,6
"MULTILINESTRING Z ((444669.2946 4474984.0205 0,444662.5538 4474977.6872 0))",2586010,Verde,Batería,4
"MULTILINESTRING Z ((443165.4057 4473396.9094 0,443162.6557 4473356.4094 0))",2586017,Azul,Línea,9
"MULTILINESTRING Z ((443162.489 4473355.4927 0,443161.989 4473346.8261 0))",2586018,Azul,Línea,1
"MULTILINESTRING Z ((440966.3223 4472731.8261 0,440977.239 4472730.8261 0))",2586020,Azul,Línea,2
"MULTILINESTRING Z ((444782.7143 4475020.6995 0,444795.4304 4475050.0576 0))",2586032,Verde,Línea,6
"MULTILINESTRING Z ((444803.7267 4475069.3909 0,444800.9612 4475062.8477 0))",2586035,Verde,Línea,1
"MULTILINESTRING Z ((444846.0476 4475168.0493 0,444850.2946 4475172.3127 0))",2586038,Verde,Batería,3
"MULTILINESTRING Z ((441280.6383 4474982.052 0,441289.3414 4474979.4697 0))",2586043,Verde,Línea,2
"MULTILINESTRING Z ((444723.6649 4475068.2427 0,444728.0723 4475063.6501 0))",2586051,Verde,Línea,1
"MULTILINESTRING Z ((444734.1094 4475062.502 0,444740.4057 4475056.3168 0))",2586052,Verde,Batería,4
"MULTILINESTRING Z ((444742.0723 4475049.539 0,444745.8871 4475045.4279 0))",2586053,Verde,Línea,1
"MULTILINESTRING Z ((444664.9057 4474519.3538 0,444657.7946 4474525.6316 0))",2586058,Verde,Línea,1
"MULTILINESTRING Z ((444651.5044 4474533.9094 0,444649.2822 4474537.3909 0,444640.6896 4474553.1193 0))",2586059,Verde,Línea,4
"MULTILINESTRING Z ((444628.3933 4474578.0329 0,444637.3069 4474559.9835 0))",2586062,Verde,Línea,4
"MULTILINESTRING Z ((444630.3439 4474600.1069 0,444637.5785 4474584.8477 0))",2586066,Verde,Línea,3
"MULTILINESTRING Z ((444693.8007 4474522.1316 0,444697.7513 4474541.9341 0))",2586069,Verde,Línea,4
"MULTILINESTRING Z ((444704.0476 4474583.2921 0,444702.4921 4474575.5637 0))",2586071,Verde,Línea,1
"MULTILINESTRING Z ((444744.702 4474685.7242 0,444819.3316 4474670.0946 0))",2586075,Verde,Línea,15
"MULTILINESTRING Z ((444704.1279 4474517.5761 0,444708.239 4474538.1316 0))",2586076,Verde,Línea,4
"MULTILINESTRING Z ((444719.7267 4474595.0946 0,444726.7884 4474629.7859 0))",2586079,Verde,Línea,7
"MULTILINESTRING Z ((444749.1094 4474727.0946 0,444744.0723 4474702.9094 0))",2586089,Verde,Batería,10
"MULTILINESTRING Z ((444751.0847 4474732.3292 0,444752.6155 4474734.6501 0,444753.9489 4474736.9464 0,444756.6649 4474742.5514 0))",2586091,Verde,Batería,4
"MULTILINESTRING Z ((444768.7308 4474797.8765 0,444764.6155 4474777.5966 0))",2586094,Verde,Batería,11
"MULTILINESTRING Z ((444756.739 4474805.2427 0,444750.8501 4474777.0205 0))",2586095,Verde,Línea,6
"MULTILINESTRING Z ((444707.3481 4474779.9286 0,444708.5113 4474781.7613 0,444710.728 4474784.5377 0,444715.1066 4474788.9053 0,444717.4331 4474790.4965 0,444719.4413 4474792.1426 0,444728.44 4474798.705 0,444744.3961 4474807.539 0))",2586096,Verde,Línea,9
"MULTILINESTRING Z ((444776.4427 4474819.1687 0,444777.1834 4474819.465 0,444784.1834 4474821.6872 0,444796.4427 4474825.0205 0,444804.3316 4474826.6872 0))",2586097,Verde,Línea,6
"MULTILINESTRING Z ((444746.097 4474882.1563 0,444748.097 4474877.6131 0,444750.9365 4474871.4897 0,444753.8748 4474865.6378 0,444758.8378 4474858.5761 0,444760.2452 4474856.8477 0,444763.8007 4474853.3415 0,444768.418 4474849.8847 0,444777.1094 4474844.3292 0))",2586101,Verde,Batería,20
"MULTILINESTRING Z ((444799.6279 4474886.2057 0,444785.6279 4474892.0576 0))",2586109,Verde,Batería,7
"MULTILINESTRING Z ((444774.7143 4474896.6008 0,444781.3069 4474893.86 0))",2586110,Verde,Batería,3
"MULTILINESTRING Z ((444849.9983 4474852.823 0,444838.2205 4474848.3785 0,444831.8501 4474846.3538 0,444828.739 4474845.4897 0,444823.6773 4474844.5761 0,444819.3316 4474843.9094 0,444813.4057 4474843.8106 0,444809.702 4474844.181 0))",2586112,Verde,Batería,12
"MULTILINESTRING Z ((444807.0723 4474875.7427 0,444831.239 4474865.4094 0))",2586117,Verde,Batería,11
"MULTILINESTRING Z ((444858.0229 4474856.2057 0,444862.2452 4474858.1316 0,444866.7143 4474860.4526 0,444874.9612 4474865.5884 0,444879.9242 4474868.9958 0,444886.5168 4474874.5514 0))",2586118,Verde,Batería,15
"MULTILINESTRING Z ((444830.9612 4475100.5514 0,444856.1217 4475089.6872 0))",2586123,Verde,Línea,6
"MULTILINESTRING Z ((444861.7267 4475087.2674 0,444866.5168 4475085.218 0))",2586124,Verde,Línea,1
"MULTILINESTRING Z ((444822.3933 4475078.823 0,444826.097 4475087.3168 0))",2586125,Verde,Batería,3
"MULTILINESTRING Z ((444863.702 4475158.2304 0,444858.7884 4475152.1069 0,444852.8871 4475143.3662 0))",2586128,Verde,Batería,7
"MULTILINESTRING Z ((444818.4427 4475069.679 0,444817.5044 4475067.4732 0))",2586130,Verde,Batería,1
"MULTILINESTRING Z ((444812.1876 4475055.0287 0,444815.9242 4475063.7859 0))",2586131,Verde,Batería,4
"MULTILINESTRING Z ((444807.9983 4475046.0576 0,444801.6773 4475031.0452 0))",2586133,Verde,Batería,7
"MULTILINESTRING Z ((444847.4427 4474893.6501 0,444865.2205 4474885.9464 0))",2586138,Verde,Batería,8
"MULTILINESTRING Z ((444869.6279 4474889.7242 0,444874.2205 4474887.6501 0))",2586140,Verde,Línea,1
"MULTILINESTRING Z ((444888.3501 4474881.7427 0,444881.5168 4474884.5205 0))",2586141,Verde,Línea,1
"MULTILINESTRING Z ((444897.8501 4474885.6131 0,444901.1834 4474889.3168 0))",2586142,Verde,Batería,2
"MULTILINESTRING Z ((442196.5723 4474795.3261 0,442191.8223 4474808.6594 0))",2586143,Verde,Línea,3
"MULTILINESTRING Z ((444932.9365 4474946.5267 0,444931.2575 4474940.6255 0,444929.2575 4474935.1934 0))",2586147,Verde,Batería,5
"MULTILINESTRING Z ((444936.6155 4474960.2798 0,444939.2822 4474970.3292 0))",2586152,Verde,Batería,4
"MULTILINESTRING Z ((444967.776 4475082.3168 0,444965.2575 4475072.9094 0))",2586158,Verde,Batería,3
"MULTILINESTRING Z ((444883.2575 4475178.8477 0,444888.1711 4475183.5884 0))",2586179,Verde,Batería,4
"MULTILINESTRING Z ((444875.8501 4475335.7613 0,444886.097 4475339.3909 0))",2586184,Verde,Línea,2
"MULTILINESTRING Z ((444915.7267 4475347.7613 0,444922.8378 4475349.539 0))",2586185,Verde,Línea,1
"MULTILINESTRING Z ((445051.9983 4475348.5267 0,445048.1464 4475335.7366 0,445045.9983 4475329.9835 0,445042.8131 4475322.2798 0,445037.3316 4475310.6255 0,445033.5291 4475301.7366 0))",2586192,Verde,Batería,18
"MULTILINESTRING Z ((445031.6526 4475296.6008 0,445018.7884 4475257.4403 0))",2586193,Verde,Batería,16
"MULTILINESTRING Z ((445003.804 4475210.7319 0,445011.8779 4475236.1239 0))",2586195,Verde,Batería,9
"MULTILINESTRING Z ((444969.9612 4475090.6131 0,444976.739 4475117.0205 0))",2586198,Verde,Batería,8
"MULTILINESTRING Z ((444813.9489 4474413.0452 0,444838.9859 4474406.9218 0))",2586204,Verde,Línea,5
"MULTILINESTRING Z ((444881.6834 4474396.8538 0,444878.5723 4474398.5205 0,444877.5723 4474398.9094 0,444855.298 4474403.9355 0))",2586205,Azul,Línea,6
"MULTILINESTRING Z ((444947.8131 4474947.0946 0,444950.702 4474957.8353 0))",2586225,Verde,Línea,2
"MULTILINESTRING Z ((445146.9612 4475325.465 0,445141.1279 4475301.7427 0,445136.1834 4475281.2427 0,445133.1279 4475269.0205 0,445132.2946 4475265.1316 0,445131.7946 4475262.3538 0,445131.5723 4475259.2983 0,445131.9612 4475252.7427 0,445132.1279 4475251.3538 0))",2586232,Verde,Línea,15
"MULTILINESTRING Z ((439291.5785 4477437.1028 0,439295.1176 4477427.358 0))",2586250,Azul,Línea,2
"MULTILINESTRING Z ((443016.0668 4477307.8518 0,443045.2356 4477319.8573 0))",2586252,Verde,Línea,6
"MULTILINESTRING Z ((440356.1217 4480057.5143 0,440358.7637 4480062.3045 0))",2586253,Verde,Batería,2
"MULTILINESTRING Z ((443056.1958 4477324.3785 0,443070.2946 4477330.181 0))",2586270,Verde,Línea,3
"MULTILINESTRING Z ((440734.9057 4475250.9927 0,440749.8223 4475232.6594 0))",2586775,Verde,Línea,4
"MULTILINESTRING Z ((445053.6279 4475981.9464 0,445056.4427 4475977.2427 0))",2586871,Verde,Batería,3
"MULTILINESTRING Z ((445094.8223 4475912.8261 0,445091.5723 4475918.1594 0))",2586877,Verde,Batería,3
"MULTILINESTRING Z ((445098.702 4475906.3909 0,445095.8131 4475911.2057 0))",2586878,Verde,Batería,2
"MULTILINESTRING Z ((445108.4797 4475890.0576 0,445103.3686 4475898.502 0))",2586879,Verde,Batería,4
"MULTILINESTRING Z ((445117.5538 4475884.3785 0,445146.5908 4475902.181 0))",2586880,Verde,Línea,7
"MULTILINESTRING Z ((445055.994 4476039.7076 0,445066.2515 4476045.8047 0))",2586895,Azul,Línea,2
"MULTILINESTRING Z ((445127.8419 4476027.7036 0,445129.9324 4476024.181 0))",2586900,Verde,Batería,2
"MULTILINESTRING Z ((445131.3151 4476021.8436 0,445133.1917 4476018.6831 0))",2586901,Verde,Batería,2
"MULTILINESTRING Z ((445134.6073 4476016.3127 0,445136.9612 4476012.3456 0))",2586902,Verde,Batería,2
"MULTILINESTRING Z ((445143.9612 4476000.5761 0,445147.5538 4475994.5761 0))",2586905,Verde,Batería,3
"MULTILINESTRING Z ((445148.7637 4475992.502 0,445150.8378 4475989.0205 0))",2586906,Verde,Batería,2
"MULTILINESTRING Z ((445152.0723 4475986.9464 0,445154.8625 4475982.2057 0))",2586907,Verde,Batería,2
"MULTILINESTRING Z ((445160.9859 4475971.9341 0,445165.776 4475963.86 0))",2586909,Verde,Batería,4
"MULTILINESTRING Z ((445172.9118 4475951.86 0,445169.1094 4475958.2551 0))",2586910,Verde,Batería,3
"MULTILINESTRING Z ((445174.2452 4475949.6625 0,445177.455 4475944.3292 0))",2586911,Verde,Batería,2
"MULTILINESTRING Z ((445195.6279 4475939.5761 0,445191.5908 4475946.2798 0))",2586914,Azul,Batería,3
"MULTILINESTRING Z ((445182.4427 4475961.6501 0,445183.2946 4475960.2427 0))",2586918,Azul,Batería,1
"MULTILINESTRING Z ((445166.8871 4475988.539 0,445165.5168 4475990.9094 0))",2586921,Azul,Batería,1
"MULTILINESTRING Z ((445133.5538 4476045.2057 0,445136.1464 4476040.7613 0))",2586927,Azul,Batería,2
"MULTILINESTRING Z ((445215.3083 4476138.7679 0,445230.4435 4476148.3798 0))",2586934,Azul,Línea,3
"MULTILINESTRING Z ((445309.8501 4475998.6255 0,445280.3192 4475981.5143 0))",2586949,Verde,Línea,7
"MULTILINESTRING Z ((445256.0723 4476007.5205 0,445270.0168 4475984.1872 0))",2586950,Verde,Línea,5
"MULTILINESTRING Z ((445239.0024 4476035.8189 0,445241.3563 4476031.9012 0))",2586952,Verde,Línea,1
"MULTILINESTRING Z ((445308.7143 4476032.5761 0,445313.7513 4476022.7242 0))",2586960,Verde,Línea,2
"MULTILINESTRING Z ((445317.5168 4476015.3538 0,445320.2946 4476009.9835 0))",2586961,Verde,Línea,1
"MULTILINESTRING Z ((445285.739 4476093.0761 0,445299.3501 4476066.465 0))",2586966,Verde,Línea,6
"MULTILINESTRING Z ((445282.2122 4476099.753 0,445279.381 4476105.2674 0))",2586967,Verde,Línea,1
"MULTILINESTRING Z ((445275.8748 4476112.1069 0,445270.9118 4476121.8106 0))",2586968,Verde,Línea,2
"MULTILINESTRING Z ((445335.6526 4476125.6131 0,445340.5168 4476117.3662 0))",2586973,Verde,Batería,4
"MULTILINESTRING Z ((440892.9091 4476457.2954 0,440848.6325 4476458.6211 0))",2586996,Verde,Línea,10
"MULTILINESTRING Z ((441497.8172 4477290.3045 0,441490.2122 4477290.8148 0))",2587003,Verde,Línea,1
"MULTILINESTRING Z ((440960.489 4475681.3261 0,440973.5723 4475680.4094 0))",2587136,Verde,Línea,3
"MULTILINESTRING Z ((440948.1557 4475682.4094 0,440960.3223 4475681.4094 0))",2587137,Verde,Línea,2
"MULTILINESTRING Z ((439117.1761 4475331.3191 0,439103.8243 4475320.8167 0))",2587200,Verde,Línea,5
"MULTILINESTRING Z ((442158.6557 4476212.6594 0,442158.989 4476218.0761 0))",2587250,Verde,Línea,1
"MULTILINESTRING Z ((440245.4427 4479234.3538 0,440242.702 4479239.2427 0,440238.8131 4479250.2427 0))",2587262,Verde,Línea,3
"MULTILINESTRING Z ((443188.1557 4478148.2427 0,443187.1557 4478158.1594 0))",2587357,Verde,Línea,2
"MULTILINESTRING Z ((443185.239 4478178.7427 0,443186.6557 4478164.2427 0))",2587359,Verde,Línea,2
"MULTILINESTRING Z ((440786.739 4474333.4927 0,440768.8223 4474331.5761 0))",2587451,Verde,Línea,4
"MULTILINESTRING Z ((440795.5044 4479997.2921 0,440806.5168 4480009.0946 0))",2587472,Verde,Línea,3
"MULTILINESTRING Z ((443518.2205 4478829.3538 0,443526.5908 4478836.9464 0,443532.4797 4478841.502 0))",2587574,Verde,Línea,4
"MULTILINESTRING Z ((440715.1464 4479149.4279 0,440723.4427 4479143.8353 0))",2587691,Azul,Línea,2
"MULTILINESTRING Z ((445273.3316 4475955.0452 0,445275.2081 4475951.9341 0))",2587759,Verde,Batería,1
"MULTILINESTRING Z ((445277.8995 4475800.823 0,445281.8254 4475794.1316 0))",2587772,Verde,Batería,3
"MULTILINESTRING Z ((445271.562 4475811.6652 0,445272.8021 4475809.5363 0))",2587775,Verde,Batería,1
"MULTILINESTRING Z ((445266.2946 4475820.6529 0,445270.2781 4475813.849 0))",2587776,Verde,Batería,3
"MULTILINESTRING Z ((445249.2575 4475849.5761 0,445245.2946 4475856.2427 0))",2587780,Verde,Batería,3
"MULTILINESTRING Z ((445240.5908 4475864.1687 0,445243.2575 4475859.6501 0))",2587782,Verde,Batería,2
"MULTILINESTRING Z ((445235.4797 4475872.7242 0,445231.9612 4475878.6131 0))",2587783,Verde,Batería,2
"MULTILINESTRING Z ((445222.8871 4475893.7366 0,445223.9242 4475892.0082 0))",2587784,Verde,Batería,1
"MULTILINESTRING Z ((445208.8871 4475917.2674 0,445213.6773 4475909.1934 0))",2587786,Verde,Batería,3
"MULTILINESTRING Z ((445215.1588 4475906.6995 0,445217.4057 4475902.9711 0))",2587787,Verde,Batería,2
"MULTILINESTRING Z ((445197.916 4475909.8271 0,445200.1711 4475906.1069 0))",2587788,Verde,Batería,2
"MULTILINESTRING Z ((445201.5785 4475903.7613 0,445203.381 4475900.7736 0))",2587789,Verde,Batería,2
"MULTILINESTRING Z ((445208.7637 4475891.8106 0,445207.3316 4475894.1316 0))",2587790,Verde,Batería,1
"MULTILINESTRING Z ((445209.9818 4475889.5966 0,445213.8666 4475883.0781 0))",2587791,Verde,Batería,3
"MULTILINESTRING Z ((445215.1999 4475880.9547 0,445218.9859 4475874.5678 0))",2587792,Verde,Batería,3
"MULTILINESTRING Z ((445223.9077 4475866.3209 0,445225.6361 4475863.4073 0))",2587795,Verde,Batería,1
"MULTILINESTRING Z ((445230.4592 4475855.3086 0,445228.7637 4475858.1563 0))",2587799,Verde,Batería,1
"MULTILINESTRING Z ((445236.1464 4475845.7859 0,445238.9859 4475841.0205 0))",2587801,Verde,Batería,2
"MULTILINESTRING Z ((445256.4345 4475811.7036 0,445259.0353 4475807.3086 0))",2587806,Verde,Batería,2
"MULTILINESTRING Z ((445265.488 4475796.395 0,445263.809 4475799.2427 0))",2587807,Verde,Batería,1
"MULTILINESTRING Z ((445189.1588 4475912.4444 0,445130.4427 4475876.3292 0))",2587811,Verde,Línea,14
"MULTILINESTRING Z ((445125.2575 4475861.86 0,445123.3069 4475865.0205 0))",2587815,Verde,Batería,2
"MULTILINESTRING Z ((445126.3439 4475860.0082 0,445128.5662 4475856.2798 0))",2587816,Verde,Batería,2
"MULTILINESTRING Z ((445136.3316 4475843.2798 0,445133.1834 4475848.5761 0))",2587817,Verde,Batería,2
"MULTILINESTRING Z ((445137.4797 4475841.3662 0,445139.9242 4475837.2921 0))",2587818,Verde,Batería,2
"MULTILINESTRING Z ((445144.1711 4475830.181 0,445145.0106 4475828.7489 0))",2587819,Verde,Batería,1
"MULTILINESTRING Z ((445146.1464 4475826.9094 0,445150.0353 4475820.3909 0))",2587820,Verde,Batería,3
"MULTILINESTRING Z ((445154.0476 4475813.679 0,445155.381 4475811.4567 0))",2587830,Verde,Batería,1
"MULTILINESTRING Z ((445170.4921 4475786.3785 0,445173.5044 4475781.4897 0))",2587833,Verde,Batería,2
"MULTILINESTRING Z ((445179.3563 4475771.8353 0,445178.4674 4475773.3168 0))",2587834,Verde,Batería,1
"MULTILINESTRING Z ((445180.5415 4475769.86 0,445181.776 4475767.7859 0))",2587835,Verde,Batería,1
"MULTILINESTRING Z ((445187.8501 4475757.539 0,445194.0353 4475747.1316 0))",2587836,Verde,Batería,4
"MULTILINESTRING Z ((445208.6649 4475719.8106 0,445228.2205 4475734.2798 0))",2587839,Verde,Línea,5
"MULTILINESTRING Z ((445245.2822 4475746.8971 0,445233.8748 4475738.4526 0))",2587840,Verde,Línea,2
"MULTILINESTRING Z ((445313.1464 4475911.9464 0,445315.5908 4475907.8724 0))",2587843,Verde,Línea,1
"MULTILINESTRING Z ((445318.702 4475902.6872 0,445322.0723 4475897.0205 0))",2587844,Verde,Línea,1
"MULTILINESTRING Z ((445325.5538 4475891.2427 0,445332.3933 4475879.8106 0))",2587845,Verde,Línea,2
"MULTILINESTRING Z ((445335.739 4475874.2427 0,445344.8501 4475859.0761 0))",2587846,Verde,Línea,4
"MULTILINESTRING Z ((445383.6828 4476030.4526 0,445356.9612 4476014.3648 0))",2587879,Verde,Línea,6
"MULTILINESTRING Z ((445321.1341 4475993.2427 0,445285.2575 4475971.9588 0))",2587880,Verde,Línea,8
"MULTILINESTRING Z ((445330.0723 4475990.502 0,445344.8131 4475961.6131 0))",2587881,Verde,Línea,7
"MULTILINESTRING Z ((445348.1464 4475955.0452 0,445353.6773 4475944.2057 0))",2587882,Verde,Línea,2
"MULTILINESTRING Z ((445363.6649 4475924.6872 0,445356.9983 4475937.7242 0))",2587883,Verde,Línea,3
"MULTILINESTRING Z ((445385.6279 4475881.539 0,445367.1094 4475917.9094 0))",2587884,Verde,Línea,8
"MULTILINESTRING Z ((445353.5168 4475859.4279 0,445369.5908 4475868.7983 0))",2587885,Verde,Línea,3
"MULTILINESTRING Z ((445384.1464 4475877.2798 0,445376.9242 4475873.0576 0))",2587886,Verde,Línea,1
"MULTILINESTRING Z ((445360.8295 4475855.6049 0,445370.0476 4475860.9711 0))",2587889,Verde,Línea,2
"MULTILINESTRING Z ((445374.5415 4475863.5637 0,445383.2575 4475868.6501 0))",2587893,Verde,Línea,2
"MULTILINESTRING Z ((445404.9365 4475881.2674 0,445407.9983 4475883.0452 0))",2587897,Verde,Batería,1
"MULTILINESTRING Z ((445390.2575 4475895.3909 0,445403.1094 4475903.2798 0))",2587900,Verde,Batería,6
"MULTILINESTRING Z ((445336.4057 4475993.9094 0,445341.4612 4475983.965 0))",2587909,Verde,Línea,2
"MULTILINESTRING Z ((445345.2575 4475976.5761 0,445348.8501 4475969.539 0,445352.4797 4475962.3909 0))",2587911,Verde,Línea,3
"MULTILINESTRING Z ((445461.9983 4475913.0576 0,445466.1834 4475905.9835 0))",2587914,Verde,Batería,3
"MULTILINESTRING Z ((445392.2699 4476030.4279 0,445395.9736 4476024.181 0))",2587923,Verde,Batería,3
"MULTILINESTRING Z ((445398.9365 4476019.1934 0,445401.6279 4476014.6501 0))",2587924,Verde,Batería,2
"MULTILINESTRING Z ((445405.2205 4476008.6131 0,445409.4057 4476001.5761 0))",2587925,Verde,Batería,3
"MULTILINESTRING Z ((445428.5003 4475969.432 0,445429.883 4475967.1275 0))",2587929,Verde,Batería,1
"MULTILINESTRING Z ((443352.0723 4477928.4094 0,443357.739 4477915.7427 0))",2588634,Azul,Línea,2
"MULTILINESTRING Z ((442715.8223 4477326.7427 0,442735.739 4477347.1594 0))",2588637,Verde,Línea,6
"MULTILINESTRING Z ((442668.1557 4477230.4094 0,442671.5723 4477227.0761 0))",2588638,Verde,Línea,1
"MULTILINESTRING Z ((442405.739 4475982.9464 0,442411.2946 4475982.539 0))",2589694,Azul,Línea,1
"MULTILINESTRING Z ((441468.776 4476738.6131 0,441475.2946 4476737.9835 0))",2589698,Verde,Línea,1
"MULTILINESTRING Z ((441131.6279 4478860.3168 0,441132.2205 4478867.3168 0))",2589702,Verde,Batería,3
"MULTILINESTRING Z ((439285.3069 4478833.6296 0,439318.1958 4478829.9259 0))",2589739,Verde,Línea,6
"MULTILINESTRING Z ((439389.9324 4478821.9423 0,439326.4592 4478829.0041 0))",2589748,Verde,Línea,13
"MULTILINESTRING Z ((439505.1588 4478689.9835 0,439509.2081 4478696.1316 0,439516.9118 4478708.7736 0))",2589759,Verde,Línea,4
"MULTILINESTRING Z ((439286.5168 4478505.6872 0,439278.8871 4478491.465 0,439276.8131 4478487.3909 0,439264.097 4478472.7242 0))",2589785,Verde,Línea,8
"MULTILINESTRING Z ((439377.5154 4478573.015 0,439381.4002 4478562.096 0))",2589802,Verde,Línea,2
"MULTILINESTRING Z ((439488.6155 4478655.6378 0,439501.4612 4478650.1316 0))",2589812,Verde,Línea,3
"MULTILINESTRING Z ((439502.4756 4478651.3141 0,439510.8268 4478647.6488 0))",2589815,Verde,Línea,2
"MULTILINESTRING Z ((439487.455 4478322.6501 0,439485.9736 4478324.4526 0,439483.1588 4478328.1563 0,439475.4304 4478340.4279 0,439472.6402 4478345.2427 0,439469.3069 4478351.6872 0,439458.9859 4478373.2921 0))",2589853,Verde,Línea,11
"MULTILINESTRING Z ((439503.7596 4478306.4032 0,439502.2781 4478307.5884 0,439497.274 4478312.1481 0))",2589860,Verde,Línea,1
"MULTILINESTRING Z ((441040.9057 4475063.5761 0,441026.9057 4475080.2427 0))",2589890,Verde,Línea,4
"MULTILINESTRING Z ((440861.4057 4474921.6594 0,440880.739 4474913.1594 0))",2589894,Verde,Línea,3
"MULTILINESTRING Z ((439414.5168 4477742.5514 0,439419.3316 4477743.9588 0))",2589898,Azul,Batería,2
"MULTILINESTRING Z ((439424.8679 4477745.6131 0,439432.6485 4477747.9286 0))",2589899,Azul,Batería,3
"MULTILINESTRING Z ((439490.7006 4477765.3004 0,439509.5099 4477770.8532 0,439552.2315 4477783.8244 0))",2589902,Azul,Batería,26
"MULTILINESTRING Z ((439209.0271 4477778.5185 0,439211.9736 4477784.4279 0))",2589904,Verde,Línea,1
"MULTILINESTRING Z ((441114.5705 4480554.7244 0,441124.502 4480554.8551 0))",2589959,Verde,Línea,2
"MULTILINESTRING Z ((441165.7678 4480413.5143 0,441173.06 4480427.9012 0))",2590026,Verde,Línea,3
"MULTILINESTRING Z ((441424.3933 4480457.86 0,441439.6032 4480489.4156 0))",2590050,Verde,Línea,7
"MULTILINESTRING Z ((441650.0382 4480312.6438 0,441664.4945 4480379.1456 0))",2590069,Azul,Línea,14
"MULTILINESTRING Z ((441665.7184 4480384.8559 0,441668.5826 4480398.1892 0,441679.2328 4480448.0987 0))",2590071,Azul,Línea,14
"MULTILINESTRING Z ((441682.776 4480464.0946 0,441684.4797 4480471.9835 0))",2590085,Azul,Línea,1
"MULTILINESTRING Z ((441067.1279 4480239.5761 0,441061.239 4480247.7983 0))",2590117,Verde,Línea,2
"MULTILINESTRING Z ((441073.2946 4480231.1316 0,441067.1834 4480239.3909 0))",2590120,Verde,Línea,2
"MULTILINESTRING Z ((440759.7596 4480022.2222 0,440762.514 4480018.1508 0))",2590134,Verde,Línea,1
"MULTILINESTRING Z ((440882.3769 4480009.4156 0,440908.7472 4479984.3456 0))",2590151,Verde,Línea,7
"MULTILINESTRING Z ((440963.2822 4479954.1234 0,440967.0847 4479958.4855 0))",2590158,Verde,Línea,1
"MULTILINESTRING Z ((440974.525 4479967.0123 0,440992.0888 4479987.1111 0))",2590159,Verde,Línea,5
"MULTILINESTRING Z ((441024.2534 4479958.1563 0,441026.9365 4479961.3497 0))",2590172,Verde,Línea,1
"MULTILINESTRING Z ((441101.6855 4479947.4732 0,441149.8666 4479924.0329 0))",2590175,Verde,Línea,11
"MULTILINESTRING Z ((441139.3151 4479809.0864 0,441141.3727 4479804.5102 0))",2590186,Verde,Línea,1
"MULTILINESTRING Z ((441148.0229 4480079.2427 0,441195.6526 4480036.4032 0))",2590190,Verde,Línea,13
"MULTILINESTRING Z ((441203.809 4480029.0699 0,441199.4962 4480032.9547 0))",2590191,Verde,Línea,1
"MULTILINESTRING Z ((441409.6855 4479851.1604 0,441467.809 4479938.3045 0))",2590196,Verde,Línea,22
"MULTILINESTRING Z ((441300.3439 4479822.0329 0,441286.8625 4479822.823 0))",2590202,Verde,Línea,2
"MULTILINESTRING Z ((441098.739 4479737.3333 0,441123.9571 4479682.5185 0))",2590203,Verde,Línea,12
"MULTILINESTRING Z ((441364.7308 4479773.2674 0,441374.1629 4479786.7489 0))",2590209,Azul,Línea,3
"MULTILINESTRING Z ((440495.3069 4478641.3909 0,440480.9057 4478643.6594 0))",2590210,Verde,Línea,3
"MULTILINESTRING Z ((440499.9187 4478636.6309 0,440506.9859 4478635.5006 0))",2590211,Verde,Línea,1
"MULTILINESTRING Z ((440702.1793 4478603.4403 0,440685.4715 4478606.074 0))",2590226,Verde,Línea,3
"MULTILINESTRING Z ((440993.0168 4478524.5205 0,441024.0723 4478522.0205 0))",2590230,Verde,Batería,13
"MULTILINESTRING Z ((441118.2699 4478631.539 0,441125.381 4478630.9711 0))",2590232,Azul,Batería,2
"MULTILINESTRING Z ((441272.1217 4478619.7119 0,441269.1834 4478619.9588 0))",2590234,Azul,Batería,1
"MULTILINESTRING Z ((440564.6155 4478343.7201 0,440559.2987 4478322.4691 0))",2590237,Verde,Batería,10
"MULTILINESTRING Z ((440552.8679 4478294.8038 0,440553.5785 4478297.6872 0))",2590238,Verde,Batería,1
"MULTILINESTRING Z ((440582.2232 4478306.491 0,440609.7349 4478303.539 0))",2590243,Verde,Línea,5
"MULTILINESTRING Z ((440711.1279 4478367.5205 0,440719.4057 4478394.0205 0))",2590244,Verde,Línea,6
"MULTILINESTRING Z ((440733.8172 4478404.4334 0,440727.4304 4478384.6913 0))",2590246,Azul,Línea,4
"MULTILINESTRING Z ((440715.1834 4478316.2551 0,440719.2822 4478353.5143 0,440720.1958 4478359.86 0,440720.8625 4478363.1193 0,440721.776 4478366.823 0,440725.2575 4478377.9094 0))",2590247,Azul,Línea,14
"MULTILINESTRING Z ((440973.3069 4478311.7366 0,441014.7143 4478308.4279 0))",2590258,Verde,Línea,8
"MULTILINESTRING Z ((441143.6937 4478339.9835 0,441153.6649 4478343.9835 0))",2590283,Verde,Línea,2
"MULTILINESTRING Z ((440483.9406 4478105.0041 0,440481.8666 4478105.5473 0))",2590298,Verde,Batería,1
"MULTILINESTRING Z ((440487.0682 4478104.2139 0,440503.0353 4478100.0658 0))",2590299,Verde,Batería,6
"MULTILINESTRING Z ((440951.2822 4478025.3662 0,440979.2822 4478023.144 0))",2590326,Azul,Batería,12
"MULTILINESTRING Z ((441070.1464 4478039.3662 0,441069.2328 4478027.3168 0))",2590328,Azul,Línea,3
"MULTILINESTRING Z ((440763.1622 4477726.876 0,440762.6712 4477719.7556 0))",2590354,Verde,Línea,1
"MULTILINESTRING Z ((441031.935 4477866.2957 0,441033.1626 4477880.7547 0))",2590356,Verde,Línea,3
"MULTILINESTRING Z ((440975.3645 4477851.6543 0,440979.776 4477851.2921 0))",2590360,Verde,Línea,1
"MULTILINESTRING Z ((441047.5168 4477744.9464 0,441045.8131 4477721.2798 0))",2590363,Azul,Línea,5
"MULTILINESTRING Z ((440890.9036 4477581.7119 0,440893.2246 4477608.6913 0))",2590365,Verde,Línea,5
"MULTILINESTRING Z ((440897.6032 4477659.4156 0,440893.9242 4477616.8724 0))",2590366,Verde,Línea,9
"MULTILINESTRING Z ((443146.489 4472321.4094 0,443148.5723 4472326.5761 0))",2590477,Verde,Línea,1
"MULTILINESTRING Z ((442123.6557 4472979.4094 0,442115.4057 4472977.6594 0))",2590516,Verde,Línea,2
"MULTILINESTRING Z ((440958.6557 4475267.0761 0,440946.1557 4475278.2427 0))",2590659,Verde,Línea,3
"MULTILINESTRING Z ((441290.1557 4474979.2427 0,441300.0723 4474976.2427 0))",2590661,Verde,Línea,2
"MULTILINESTRING Z ((441044.739 4475369.4094 0,441048.6557 4475374.7427 0))",2590667,Verde,Línea,1
"MULTILINESTRING Z ((440327.413 4478332.6065 0,440342.8501 4478330.5761 0,440348.6834 4478329.9094 0))",2590705,Azul,Línea,4
"MULTILINESTRING Z ((442038.4843 4471815.0192 0,442047.7111 4471810.7307 0))",2590741,Verde,Batería,3
"MULTILINESTRING Z ((442040.6935 4471817.8782 0,442074.3517 4471802.9334 0))",2590743,Verde,Batería,12
"MULTILINESTRING Z ((442077.8605 4471794.2265 0,442082.019 4471789.4182 0,442087.6071 4471786.2993 0,442093.1951 4471784.6099 0,442099.5629 4471784.9997 0,442102.292 4471785.6495 0))",2590744,Verde,Línea,5
"MULTILINESTRING Z ((442097.8735 4471822.0368 0,442103.7215 4471819.9575 0,442106.9703 4471817.3584 0,442109.4395 4471814.2395 0,442111.9086 4471810.6008 0,442112.9482 4471806.962 0,442113.598 4471803.9731 0))",2590745,Verde,Línea,5
"MULTILINESTRING Z ((442081.4992 4471823.3363 0,442078.9001 4471824.246 0))",2590746,Verde,Batería,1
"MULTILINESTRING Z ((442048.4908 4471838.541 0,442073.3121 4471827.2349 0))",2590747,Verde,Batería,8
"MULTILINESTRING Z ((442046.5415 4471834.7723 0,442083.1886 4471818.0082 0))",2590748,Verde,Batería,14
"MULTILINESTRING Z ((442038.3543 4471848.1576 0,442040.8235 4471866.6112 0))",2590749,Verde,Batería,8
"MULTILINESTRING Z ((442039.7838 4471891.8223 0,442040.4336 4471875.4481 0))",2590750,Verde,Batería,7
"MULTILINESTRING Z ((440230.239 4475692.0761 0,440234.5723 4475719.7427 0))",2590826,Verde,Línea,6
"MULTILINESTRING Z ((445200.6279 4475689.1687 0,445202.5908 4475676.3909 0))",2590831,Verde,Línea,2
"MULTILINESTRING Z ((445213.6032 4475713.1851 0,445232.6485 4475728.1975 0))",2590836,Verde,Línea,5
"MULTILINESTRING Z ((445254.6649 4475741.9341 0,445237.9489 4475732.181 0))",2590837,Verde,Línea,4
"MULTILINESTRING Z ((445273.6834 4475717.6316 0,445271.5723 4475731.465 0))",2590838,Verde,Línea,2
"MULTILINESTRING Z ((445218.3316 4475599.5761 0,445276.702 4475608.6872 0))",2590877,Verde,Línea,12
"MULTILINESTRING Z ((445298.4057 4475612.2057 0,445345.3316 4475619.502 0))",2590879,Azul,Línea,9
"MULTILINESTRING Z ((445274.9612 4475646.465 0,445275.739 4475641.2427 0))",2590881,Verde,Batería,2
"MULTILINESTRING Z ((445270.9859 4475672.5267 0,445272.9365 4475659.6872 0))",2590912,Verde,Batería,4
"MULTILINESTRING Z ((445281.6279 4475671.6131 0,445284.3933 4475651.539 0))",2590914,Verde,Línea,4
"MULTILINESTRING Z ((445286.5744 4475635.6049 0,445285.06 4475646.716 0))",2590915,Verde,Línea,2
"MULTILINESTRING Z ((445266.1958 4475702.8724 0,445268.3192 4475687.144 0))",2590919,Verde,Batería,6
"MULTILINESTRING Z ((445276.739 4475702.1687 0,445278.739 4475688.3538 0))",2590921,Verde,Línea,3
"MULTILINESTRING Z ((445278.4057 4475707.6872 0,445287.2575 4475709.0205 0))",2590922,Verde,Línea,1
"MULTILINESTRING Z ((445304.0723 4475718.8353 0,445281.8871 4475715.2798 0))",2590925,Verde,Línea,4
"MULTILINESTRING Z ((445284.2946 4475678.4279 0,445298.4674 4475680.6748 0))",2590932,Verde,Línea,2
"MULTILINESTRING Z ((445308.8501 4475682.3168 0,445303.702 4475681.502 0))",2590934,Verde,Línea,1
"MULTILINESTRING Z ((445347.9489 4475651.6872 0,445354.8625 4475640.2304 0))",2590938,Verde,Línea,2
"MULTILINESTRING Z ((445304.846 4475770.0905 0,445322.7719 4475780.8559 0))",2590943,Verde,Línea,4
"MULTILINESTRING Z ((445338.4057 4475786.7242 0,445348.0353 4475792.2427 0))",2590945,Verde,Batería,4
"MULTILINESTRING Z ((445408.0476 4475825.8847 0,445416.6896 4475830.502 0))",2590951,Azul,Batería,4
"MULTILINESTRING Z ((445481.6197 4475865.2016 0,445457.0271 4475852.0493 0))",2590953,Verde,Batería,10
"MULTILINESTRING Z ((445546.3933 4475662.8257 0,445528.6375 4475653.3442 0))",2590964,Verde,Línea,4
"MULTILINESTRING Z ((445349.0168 4475680.1872 0,445359.5723 4475662.3538 0))",2590972,Verde,Línea,4
"MULTILINESTRING Z ((445390.4098 4475750.2551 0,445377.5538 4475742.716 0))",2590978,Verde,Línea,3
"MULTILINESTRING Z ((445371.9571 4475739.4403 0,445338.6238 4475719.8847 0))",2590979,Verde,Línea,8
"MULTILINESTRING Z ((445368.7801 4475795.2373 0,445370.1848 4475792.7791 0))",2590981,Verde,Batería,1
"MULTILINESTRING Z ((445397.0106 4475773.0452 0,445393.9736 4475778.2304 0))",2590986,Verde,Batería,2
"MULTILINESTRING Z ((445397.7946 4475747.2983 0,445406.1279 4475732.9094 0))",2590987,Verde,Batería,7
"MULTILINESTRING Z ((445417.0929 4475739.6872 0,445415.6279 4475742.2057 0))",2590988,Verde,Batería,1
"MULTILINESTRING Z ((445473.5867 4475806.1563 0,445468.8295 4475803.4238 0))",2590997,Verde,Línea,1
"MULTILINESTRING Z ((445506.0229 4475824.8724 0,445494.739 4475818.3538 0))",2590999,Verde,Línea,2
"MULTILINESTRING Z ((445397.9736 4475706.5761 0,445387.6773 4475701.0946 0))",2591007,Verde,Batería,4
"MULTILINESTRING Z ((445413.1834 4475706.9835 0,445422.9983 4475689.5761 0))",2591014,Verde,Línea,4
"MULTILINESTRING Z ((445427.4427 4475681.6501 0,445432.2205 4475673.2057 0))",2591015,Verde,Línea,2
"MULTILINESTRING Z ((445434.5579 4475669.0699 0,445444.5003 4475651.4403 0))",2591016,Verde,Línea,4
"MULTILINESTRING Z ((445485.8721 4475676.587 0,445488.824 4475668.6419 0))",2591017,Verde,Línea,1
"MULTILINESTRING Z ((445464.1557 4475733.7427 0,445481.239 4475688.8261 0))",2591022,Verde,Línea,10
"MULTILINESTRING Z ((440653.1752 4480900.9382 0,440671.595 4480905.3333 0))",2591267,Verde,Línea,4
"MULTILINESTRING Z ((442262.2342 4476279.7914 0,442261.6197 4476270.8038 0))",2591268,Verde,Línea,2
"MULTILINESTRING Z ((441034.4756 4479888.823 0,441039.1999 4479895.6872 0))",2591269,Verde,Línea,2
"MULTILINESTRING Z ((440598.3549 4479081.4924 0,440594.1279 4479084.1872 0))",2591271,Azul,Línea,1
"MULTILINESTRING Z ((439932.2575 4476807.2798 0,439932.6649 4476813.1687 0))",2591273,Verde,Línea,1
"MULTILINESTRING Z ((439413.989 4475702.4094 0,439420.489 4475714.7427 0))",2591323,Verde,Línea,3
"MULTILINESTRING Z ((439793.739 4476304.3261 0,439830.239 4476301.0761 0))",2591324,Azul,Línea,8
"MULTILINESTRING Z ((441875.1279 4480413.4094 0,441874.5723 4480411.1316 0))",2591342,Verde,Batería,1
"MULTILINESTRING Z ((441866.1557 4480433.8261 0,441870.4057 4480415.9094 0))",2591343,Verde,Batería,7
"MULTILINESTRING Z ((441767.239 4480070.8261 0,441765.6557 4480063.4927 0))",2591352,Verde,Línea,1
"MULTILINESTRING Z ((441862.3223 4480873.9094 0,441876.4057 4480870.8261 0))",2591374,Azul,Batería,5
"MULTILINESTRING Z ((442321.8223 4473228.5761 0,442334.9057 4473255.2427 0))",2591413,Verde,Línea,6
"MULTILINESTRING Z ((442321.6557 4473228.3261 0,442316.739 4473218.2427 0))",2591414,Verde,Línea,2
"MULTILINESTRING Z ((442955.0723 4479787.5761 0,442947.4057 4479791.4927 0))",2591416,Azul,Línea,1
"MULTILINESTRING Z ((443099.5723 4479776.4927 0,443102.8223 4479775.9094 0))",2591436,Azul,Batería,1
"MULTILINESTRING Z ((443179.0723 4479789.1594 0,443190.489 4479791.4927 0))",2591448,Azul,Batería,5
"MULTILINESTRING Z ((438807.739 4474892.4927 0,438811.5723 4474888.2427 0))",2591560,Verde,Línea,1
"MULTILINESTRING Z ((442731.9599 4480862.5168 0,442729.1585 4480844.9084 0,442726.5172 4480831.542 0,442724.7564 4480820.7368 0,442723.956 4480815.2141 0))",2591623,Verde,Línea,10
"MULTILINESTRING Z ((442723.144 4480810.4792 0,442721.6234 4480800.6353 0))",2591627,Verde,Línea,2
"MULTILINESTRING Z ((442600.8871 4480645.5637 0,442599.4304 4480640.823 0))",2591652,Verde,Línea,1
"MULTILINESTRING Z ((442454.3769 4476813.8436 0,442460.1711 4476813.3497 0))",2592784,Verde,Batería,2
"MULTILINESTRING Z ((442493.239 4476820.1594 0,442495.739 4476821.8261 0))",2592794,Verde,Batería,1
"MULTILINESTRING Z ((441480.6704 4480357.1028 0,441494.6622 4480350.6501 0))",2592796,Verde,Línea,3
"MULTILINESTRING Z ((441512.7472 4480342.3045 0,441499.5785 4480348.395 0))",2592797,Verde,Línea,3
"MULTILINESTRING Z ((439440.7665 4475399.1291 0,439434.6371 4475389.7628 0))",2593663,Verde,Línea,2
"MULTILINESTRING Z ((439420.1743 4475367.9308 0,439434.0172 4475388.8674 0))",2593664,Verde,Línea,5
"MULTILINESTRING Z ((439415.4911 4475361.457 0,439406.3313 4475347.8206 0))",2593665,Verde,Línea,4
"MULTILINESTRING Z ((440933.4057 4472876.7427 0,440941.239 4472887.8261 0))",2593677,Azul,Línea,3
"MULTILINESTRING Z ((439840.0229 4479290.3374 0,439841.4386 4479293.465 0))",2593688,Verde,Batería,1
"MULTILINESTRING Z ((439840.0476 4479295.5143 0,439847.7267 4479312.5267 0))",2593690,Verde,Batería,9
"MULTILINESTRING Z ((440553.7882 4478466.9735 0,440560.529 4478465.7883 0))",2593699,Verde,Línea,1
"MULTILINESTRING Z ((441511.5907 4480074.6525 0,441507.3932 4480075.5414 0))",2593731,Verde,Línea,1
"MULTILINESTRING Z ((443021.489 4474128.4094 0,443020.989 4474114.2427 0))",2593784,Verde,Línea,3
"MULTILINESTRING Z ((440253.9057 4472264.8261 0,440244.0723 4472260.5761 0))",2593814,Verde,Línea,2
"MULTILINESTRING Z ((440243.489 4472260.2427 0,440234.739 4472256.3261 0))",2593815,Verde,Línea,2
"MULTILINESTRING Z ((441330.0307 4474164.3261 0,441330.4057 4474088.2011 0))",2593816,Verde,Línea,16
"MULTILINESTRING Z ((441317.0723 4470948.9927 0,441337.9057 4470961.3261 0))",2593817,Verde,Línea,5
"MULTILINESTRING Z ((441357.1557 4470972.3261 0,441348.989 4470967.9094 0))",2593818,Verde,Línea,2
"MULTILINESTRING Z ((439938.7884 4477005.1934 0,439941.702 4476996.7983 0,439943.8254 4476990.0329 0,439945.7267 4476983.4897 0,439947.3069 4476976.9464 0))",2593847,Verde,Línea,6
"MULTILINESTRING Z ((440238.0095 4475745.5819 0,440258.239 4475864.4094 0))",2593884,Verde,Línea,25
"MULTILINESTRING Z ((439312.8501 4477148.8538 0,439317.7946 4477148.5761 0))",2594056,Azul,Línea,1
"MULTILINESTRING Z ((442868.739 4475691.2427 0,442881.1834 4475690.2983 0))",2594101,Azul,Línea,2
"MULTILINESTRING Z ((442709.5098 4477080.5538 0,442714.1923 4477071.8327 0))",2594120,Verde,Línea,2
"MULTILINESTRING Z ((439885.1834 4478724.5761 0,439877.7513 4478727.3415 0))",2594128,Azul,Línea,1
"MULTILINESTRING Z ((440372.0723 4480799.8261 0,440322.8223 4480786.7427 0))",2594136,Verde,Batería,20
"MULTILINESTRING Z ((440586.5723 4479967.2427 0,440583.8501 4479962.5761 0))",2594716,Verde,Línea,1
"MULTILINESTRING Z ((440578.5723 4479953.5761 0,440581.1557 4479957.9927 0))",2594718,Verde,Línea,1
"MULTILINESTRING Z ((440895.1557 4475022.8261 0,440909.4057 4475021.3261 0))",2594774,Verde,Línea,3
"MULTILINESTRING Z ((440894.4057 4475022.9094 0,440879.489 4475024.5761 0))",2594775,Verde,Línea,3
"MULTILINESTRING Z ((440878.489 4475024.5761 0,440866.739 4475025.9094 0))",2594776,Verde,Línea,2
"MULTILINESTRING Z ((442479.239 4474424.9094 0,442483.8223 4474424.5761 0))",2594779,Verde,Línea,1
"MULTILINESTRING Z ((439398.1958 4480978.8724 0,439396.2946 4480978.4526 0,439389.381 4480976.6501 0))",2594836,Verde,Batería,4
"MULTILINESTRING Z ((440992.9448 4477850.2386 0,441005.6361 4477849.218 0))",2594837,Verde,Línea,2
"MULTILINESTRING Z ((440005.0723 4477540.5761 0,440015.5908 4477522.9094 0))",2594838,Verde,Batería,8
"MULTILINESTRING Z ((441931.6005 4478262.1563 0,441900.5064 4478214.9078 0))",2594839,Verde,Línea,12
"MULTILINESTRING Z ((441898.2452 4478204.2304 0,441903.7807 4478212.5761 0))",2594840,Verde,Línea,2
"MULTILINESTRING Z ((441941.1094 4478268.5267 0,441935.4057 4478259.9511 0))",2594841,Verde,Línea,2
"MULTILINESTRING Z ((440887.1834 4472750.6316 0,440893.9612 4472750.0761 0))",2595560,Verde,Línea,1
"MULTILINESTRING Z ((441322.739 4474206.9094 0,441302.9057 4474205.4094 0))",2595562,Verde,Batería,8
"MULTILINESTRING Z ((439787.2328 4481558.8148 0,439801.0929 4481562.4526 0))",2595740,Verde,Línea,3
"MULTILINESTRING Z ((440351.9242 4477497.86 0,440355.7807 4477485.9511 0))",2596105,Verde,Línea,2
"MULTILINESTRING Z ((441516.2534 4477763.6378 0,441522.2781 4477772.7736 0))",2596130,Verde,Línea,2
"MULTILINESTRING Z ((442740.9057 4473816.7245 0,442754.2807 4473823.0995 0,442761.9057 4473828.5995 0,442785.4057 4473846.5995 0))",2596140,Azul,Batería,30
"MULTILINESTRING Z ((442802.9057 4473865.3495 0,442795.9057 4473856.7245 0,442790.1557 4473850.8495 0))",2596141,Azul,Batería,7
"MULTILINESTRING Z ((442815.739 4474023.3261 0,442814.6557 4473991.7427 0))",2596142,Verde,Batería,13
"MULTILINESTRING Z ((442540.3316 4477642.9094 0,442543.0353 4477633.2057 0))",2596184,Verde,Línea,2
"MULTILINESTRING Z ((442545.5209 4477633.8436 0,442547.809 4477625.5143 0))",2596185,Verde,Línea,2
"MULTILINESTRING Z ((442975.7267 4477091.9286 0,442982.3223 4477098.8261 0))",2596196,Verde,Línea,2
"MULTILINESTRING Z ((440295.8419 4479778.6831 0,440293.8172 4479773.7613 0))",2596230,Verde,Línea,1
"MULTILINESTRING Z ((440285.1258 4479752.7352 0,440291.0957 4479767.1769 0))",2596231,Verde,Línea,3
"MULTILINESTRING Z ((441074.4262 4476979.358 0,441067.0723 4476986.1594 0))",2596501,Verde,Línea,2
"MULTILINESTRING Z ((437934.739 4475844.9094 0,437936.4057 4475840.9927 0))",2596602,Verde,Línea,1
"MULTILINESTRING Z ((438955.989 4473814.8261 0,438953.5723 4473759.4927 0))",2596771,Verde,Línea,11
"MULTILINESTRING Z ((438951.9057 4473584.9094 0,438952.3223 4473593.4094 0))",2596772,Verde,Línea,2
"MULTILINESTRING Z ((439693.6401 4478956.7698 0,439689.6401 4478939.7142 0))",2597276,Azul,Batería,7
"MULTILINESTRING Z ((439602.4612 4479020.7427 0,439604.0723 4479040.4094 0))",2597296,Azul,Línea,4
"MULTILINESTRING Z ((439593.5908 4479045.8724 0,439594.5908 4479057.6131 0))",2597298,Verde,Línea,2
"MULTILINESTRING Z ((439592.4057 4479033.3909 0,439592.1094 4479028.1316 0))",2597300,Verde,Línea,1
"MULTILINESTRING Z ((441178.989 4471070.3261 0,441200.1557 4471047.9094 0))",2597344,Verde,Línea,6
"MULTILINESTRING Z ((439731.3068 4479111.7513 0,439728.9734 4479116.492 0,439727.9364 4479117.7883 0))",2597354,Verde,Línea,1
"MULTILINESTRING Z ((439754.4725 4472332.5126 0,439782.3147 4472370.0019 0))",2597355,Verde,Línea,10
"MULTILINESTRING Z ((439805.0429 4472301.8254 0,439873.0429 4472393.0754 0))",2597358,Verde,Línea,24
"MULTILINESTRING Z ((439804.7839 4472301.4954 0,439797.457 4472290.7492 0))",2597359,Verde,Línea,3
"MULTILINESTRING Z ((439793.4057 4472285.6594 0,439795.489 4472288.5761 0))",2597362,Verde,Línea,1
"MULTILINESTRING Z ((439766.6957 4479147.6587 0,439767.2512 4479156.9365 0,439768.8068 4479162.3254 0,439769.7512 4479165.2142 0,439771.5845 4479168.1587 0))",2597363,Verde,Batería,12
"MULTILINESTRING Z ((439751.3686 4479165.502 0,439761.702 4479177.2798 0))",2597365,Verde,Batería,8
"MULTILINESTRING Z ((439724.1557 4472320.4094 0,439687.989 4472345.1594 0))",2597369,Verde,Línea,10
"MULTILINESTRING Z ((439679.8913 4479164.6529 0,439682.1405 4479191.182 0))",2597370,Verde,Línea,5
"MULTILINESTRING Z ((439683.6114 4479194.5678 0,439696.4619 4479216.4499 0))",2597371,Verde,Línea,6
"MULTILINESTRING Z ((440082.9057 4472100.4927 0,440097.8223 4472097.3261 0))",2597372,Verde,Línea,3
"MULTILINESTRING Z ((438794.2807 4473266.0761 0,438802.6557 4473298.8261 0,438807.6557 4473326.7011 0))",2597375,Verde,Línea,13
"MULTILINESTRING Z ((439631.867 4479265.5305 0,439645.7467 4479266.8523 0,439650.5055 4479267.1167 0,439657.7758 4479267.2489 0,439663.9886 4479266.8523 0,439671.2589 4479265.7948 0,439678.5293 4479263.812 0,439692.8055 4479257.7314 0))",2597483,Verde,Línea,14
"MULTILINESTRING Z ((439697.4268 4479255.7367 0,439725.1556 4479244.0459 0))",2597486,Verde,Línea,5
"MULTILINESTRING Z ((439716.5785 4479256.5004 0,439726.6831 4479251.9181 0,439735.6127 4479248.1583 0))",2597490,Verde,Línea,4
"MULTILINESTRING Z ((439696.9118 4479188.181 0,439707.8748 4479186.7489 0))",2597492,Verde,Línea,3
"MULTILINESTRING Z ((439693.6778 4479180.8814 0,439705.076 4479179.3963 0))",2597494,Verde,Línea,3
"MULTILINESTRING Z ((439690.1421 4479161.3882 0,439687.4985 4479132.5432 0))",2597496,Verde,Batería,10
"MULTILINESTRING Z ((439699.7107 4479123.2368 0,439697.5845 4479087.4087 0))",2597503,Verde,Batería,13
"MULTILINESTRING Z ((439618.0002 4479192.2894 0,439616.0028 4479168.9666 0))",2597507,Azul,Línea,5
"MULTILINESTRING Z ((439609.9224 4479251.5362 0,439609.9224 4479238.5824 0,439609.1293 4479230.3871 0,439608.3362 4479220.5176 0,439606.5738 4479201.3071 0,439605.252 4479184.1235 0,439603.9302 4479169.5835 0))",2597514,Verde,Línea,17
"MULTILINESTRING Z ((439603.1834 4479161.1316 0,439599.9057 4479120.965 0))",2597517,Verde,Línea,8
"MULTILINESTRING Z ((439598.1464 4479100.9464 0,439599.1464 4479112.6131 0))",2597518,Verde,Línea,2
"MULTILINESTRING Z ((439895.4057 4479250.8477 0,439890.418 4479241.5637 0))",2597528,Verde,Batería,4
"MULTILINESTRING Z ((439917.7495 4479271.3048 0,439908.5458 4479253.9938 0))",2597530,Verde,Línea,4
"MULTILINESTRING Z ((439909.9242 4479253.5761 0,439916.6279 4479266.465 0))",2597533,Azul,Línea,3
"MULTILINESTRING Z ((439904.9817 4479247.2183 0,439893.0364 4479224.5026 0))",2597535,Azul,Línea,5
"MULTILINESTRING Z ((439777.4409 4479229.2416 0,439791.7166 4479222.985 0))",2597539,Verde,Línea,3
"MULTILINESTRING Z ((439761.4919 4479319.2698 0,439747.8994 4479325.5661 0))",2597544,Verde,Línea,3
"MULTILINESTRING Z ((439799.957 4479320.2525 0,439782.8345 4479327.4087 0))",2597545,Verde,Línea,4
"MULTILINESTRING Z ((439563.6557 4472732.7427 0,439569.1557 4472730.7427 0))",2597713,Verde,Línea,1
"MULTILINESTRING Z ((439457.739 4476264.4094 0,439466.8223 4476263.6594 0))",2597787,Verde,Línea,2
"MULTILINESTRING Z ((439309.5723 4476262.5761 0,439307.9057 4476233.9927 0))",2597797,Verde,Línea,6
"MULTILINESTRING Z ((439216.4057 4476257.9927 0,439215.5723 4476245.6594 0))",2597801,Verde,Línea,2
"MULTILINESTRING Z ((440649.2904 4477890.0246 0,440648.4345 4477879.1604 0))",2598036,Verde,Línea,2
"MULTILINESTRING Z ((439814.1557 4479209.0761 0,439821.4057 4479223.1594 0))",2598139,Verde,Línea,3
"MULTILINESTRING Z ((439683.3316 4477842.0205 0,439686.5908 4477831.539 0))",2598239,Verde,Línea,2
"MULTILINESTRING Z ((439768.239 4475226.6594 0,439784.4057 4475256.4927 0))",2598266,Verde,Línea,7
"MULTILINESTRING Z ((439338.0723 4480988.0576 0,439343.5538 4480967.4156 0))",2598295,Verde,Línea,4
"MULTILINESTRING Z ((439335.776 4480996.7983 0,439322.8378 4481045.6131 0))",2598296,Verde,Línea,10
"MULTILINESTRING Z ((439303.2575 4481130.0576 0,439311.0203 4481100.6773 0))",2598297,Verde,Batería,12
"MULTILINESTRING Z ((439290.4921 4481088.5706 0,439294.8487 4481089.7338 0))",2598299,Verde,Línea,1
"MULTILINESTRING Z ((439302.8131 4481091.8353 0,439312.5307 4481094.4511 0))",2598300,Verde,Línea,2
"MULTILINESTRING Z ((439300.7884 4481117.3662 0,439306.0307 4481097.3261 0))",2598301,Verde,Batería,9
"MULTILINESTRING Z ((443664.489 4477994.4094 0,443666.5723 4477983.0761 0))",2598336,Verde,Batería,5
"MULTILINESTRING Z ((443636.5723 4477547.8261 0,443637.8223 4477554.0761 0))",2598361,Verde,Línea,1
"MULTILINESTRING Z ((443623.2946 4477495.2983 0,443625.5168 4477505.0761 0))",2598373,Verde,Línea,2
"MULTILINESTRING Z ((442907.1557 4477191.9094 0,442903.239 4477188.0761 0))",2598395,Azul,Línea,1
"MULTILINESTRING Z ((440622.5415 4481998.8724 0,440634.1958 4482005.5884 0))",2598430,Verde,Batería,6
"MULTILINESTRING Z ((442935.3223 4477268.9927 0,442944.1557 4477273.0761 0))",2598432,Verde,Línea,2
"MULTILINESTRING Z ((440059.9242 4481933.4403 0,440087.7267 4481944.1316 0))",2598433,Verde,Batería,12
"MULTILINESTRING Z ((442933.239 4477270.5761 0,442923.489 4477266.0761 0))",2598434,Verde,Línea,2
"MULTILINESTRING Z ((440091.2822 4481760.2633 0,440095.4852 4481761.646 0))",2598435,Verde,Línea,1
"MULTILINESTRING Z ((440264.0668 4481807.4403 0,440267.2493 4481808.6803 0))",2598483,Verde,Línea,1
"MULTILINESTRING Z ((443122.989 4477244.9094 0,443112.489 4477245.5761 0))",2598484,Verde,Batería,4
"MULTILINESTRING Z ((443762.0994 4474139.9421 0,443767.0234 4474134.2669 0))",2598501,Azul,Batería,2
"MULTILINESTRING Z ((440564.2575 4477037.3909 0,440576.0353 4477035.8724 0))",2598503,Verde,Línea,2
"MULTILINESTRING Z ((443566.739 4475097.4927 0,443596.3223 4475096.7427 0))",2598531,Verde,Línea,6
"MULTILINESTRING Z ((442724.5723 4477023.5761 0,442716.8223 4477038.9927 0))",2598532,Verde,Línea,3
"MULTILINESTRING Z ((442870.4057 4477155.3261 0,442866.8223 4477151.5761 0))",2598533,Azul,Línea,1
"MULTILINESTRING Z ((442890.489 4477152.7427 0,442901.8223 4477140.7427 0))",2598547,Verde,Batería,8
"MULTILINESTRING Z ((442935.489 4477108.5761 0,442942.6557 4477101.4094 0))",2598550,Verde,Batería,5
"MULTILINESTRING Z ((442953.9057 4477104.3261 0,442945.239 4477112.6594 0))",2598551,Verde,Línea,2
"MULTILINESTRING Z ((442803.239 4477073.0761 0,442796.1557 4477065.9094 0))",2598554,Verde,Batería,4
"MULTILINESTRING Z ((442914.0723 4476925.5761 0,442873.4057 4476963.9927 0))",2598557,Verde,Línea,12
"MULTILINESTRING Z ((443016.5723 4477129.8261 0,443006.989 4477120.0761 0))",2598561,Verde,Línea,3
"MULTILINESTRING Z ((443039.3223 4477051.8261 0,443033.1557 4477046.8261 0,443032.0723 4477046.4927 0))",2598570,Verde,Línea,2
"MULTILINESTRING Z ((443370.3223 4476998.9927 0,443413.9057 4477031.4927 0,443499.3223 4477095.7427 0))",2598597,Azul,Línea,34
"MULTILINESTRING Z ((442733.0723 4476800.6594 0,442742.989 4476808.0761 0))",2598619,Verde,Línea,2
"MULTILINESTRING Z ((439750.7807 4475194.3261 0,439764.6557 4475220.4511 0))",2598621,Verde,Línea,8
"MULTILINESTRING Z ((439886.739 4472287.9094 0,439895.3223 4472300.0761 0))",2598623,Verde,Batería,6
"MULTILINESTRING Z ((443432.8223 4475045.8261 0,443434.0723 4475066.4927 0))",2598626,Verde,Línea,4
"MULTILINESTRING Z ((442839.8131 4473180.3538 0,442852.0353 4473199.0576 0))",2598630,Verde,Línea,5
"MULTILINESTRING Z ((440792.8223 4471619.1594 0,440779.739 4471631.6594 0))",2598637,Verde,Línea,4
"MULTILINESTRING Z ((439657.0723 4474626.5761 0,439661.3223 4474621.4927 0))",2598640,Verde,Línea,1
"MULTILINESTRING Z ((442895.1557 4474346.9094 0,442891.8223 4474296.5761 0))",2598649,Verde,Línea,10
"MULTILINESTRING Z ((442891.0723 4474290.9094 0,442891.489 4474295.9927 0))",2598651,Verde,Línea,1
"MULTILINESTRING Z ((439910.7946 4475298.2427 0,439907.7946 4475284.3538 0))",2598700,Verde,Línea,3
"MULTILINESTRING Z ((440724.489 4476085.0761 0,440764.1557 4476097.9094 0))",2598708,Verde,Línea,9
"MULTILINESTRING Z ((439896.739 4476202.6594 0,439894.989 4476177.6594 0))",2598710,Verde,Línea,5
"MULTILINESTRING Z ((442326.7572 4471969.0482 0,442306.0049 4471993.1511 0,442304.2755 4471995.7451 0,442301.7896 4472002.7706 0))",2598711,Verde,Línea,7
"MULTILINESTRING Z ((442920.739 4473166.3261 0,442924.1557 4473166.5761 0,442926.6557 4473166.4927 0,442929.239 4473165.9927 0,442933.0723 4473163.8261 0,442936.1557 4473161.7427 0))",2598719,Azul,Línea,4
"MULTILINESTRING Z ((441501.4057 4476525.4927 0,441505.0723 4476518.6594 0))",2598738,Verde,Línea,1
"MULTILINESTRING Z ((441507.8223 4476513.4094 0,441512.8223 4476503.5761 0))",2598742,Verde,Línea,1
"MULTILINESTRING Z ((442269.489 4476225.9094 0,442268.739 4476211.5761 0))",2598753,Verde,Batería,6
"MULTILINESTRING Z ((442266.5723 4476210.4927 0,442265.8223 4476200.8261 0))",2598754,Verde,Batería,2
"MULTILINESTRING Z ((441929.3223 4476143.8261 0,441917.0723 4476144.5761 0))",2598811,Verde,Línea,2
"MULTILINESTRING Z ((441903.239 4476145.4927 0,441909.239 4476145.0761 0))",2598812,Verde,Línea,1
"MULTILINESTRING Z ((441947.4057 4476120.9927 0,441948.3223 4476134.4094 0))",2598816,Verde,Línea,2
"MULTILINESTRING Z ((439308.5168 4480955.2057 0,439323.8501 4480959.0576 0))",2598834,Verde,Batería,5
"MULTILINESTRING Z ((441828.4612 4475723.1872 0,441829.9612 4475735.1872 0))",2598839,Verde,Batería,4
"MULTILINESTRING Z ((442156.3223 4475864.5761 0,442176.239 4475863.2427 0))",2598861,Verde,Línea,4
"MULTILINESTRING Z ((441915.4612 4475715.965 0,441914.239 4475704.1316 0))",2598892,Verde,Línea,2
"MULTILINESTRING Z ((442010.9057 4475633.2427 0,442010.1279 4475622.8538 0))",2598893,Azul,Línea,2
"MULTILINESTRING Z ((440293.489 4472385.2427 0,440279.9057 4472410.9094 0))",2598966,Azul,Batería,12
"MULTILINESTRING Z ((441195.739 4481788.5761 0,441194.8501 4481753.3538 0))",2599008,Verde,Línea,7
"MULTILINESTRING Z ((440345.9489 4481689.9094 0,440349.5044 4481691.2921 0))",2599011,Verde,Línea,1
"MULTILINESTRING Z ((440356.0065 4481693.8106 0,440401.2081 4481712.4938 0))",2599014,Verde,Línea,10
"MULTILINESTRING Z ((440681.883 4481582.5843 0,440715.4304 4481598.6255 0))",2599025,Verde,Línea,8
"MULTILINESTRING Z ((441076.5826 4481560.3621 0,441068.6814 4481535.4732 0))",2599031,Verde,Batería,10
"MULTILINESTRING Z ((440427.7513 4481301.5637 0,440420.7143 4481328.1563 0))",2599046,Azul,Línea,5
"MULTILINESTRING Z ((441564.7637 4481364.2962 0,441567.9571 4481375.7859 0))",2599058,Rojo,Línea,2
"MULTILINESTRING Z ((441569.7349 4481381.8271 0,441573.7843 4481394.1563 0,441576.4674 4481401.5802 0,441580.6649 4481416.3168 0,441581.6279 4481420.3168 0,441586.8501 4481443.7983 0,441588.1094 4481449.9464 0,441590.2946 4481461.3909 0,441592.702 4481473.0576 0,441602.776 4481520.2057 0,441605.8131 4481534.539 0,441607.5168 4481543.1687 0,441609.1094 4481550.4279 0,441610.0723 4481556.465 0,441610.4797 4481562.0205 0,441610.5908 4481564.5761 0,441610.5908 4481567.0576 0,441610.5168 4481570.7242 0,441610.3686 4481573.0946 0,441609.776 4481577.0946 0,441608.9612 4481580.4279 0,441607.2946 4481585.0205 0,441605.9983 4481588.0946 0,441603.776 4481592.465 0,441602.2575 4481595.1687 0,441600.3316 4481597.7242 0,441596.1464 4481602.1687 0,441590.4057 4481607.3909 0,441588.4057 4481608.9464 0,441584.702 4481611.502 0,441576.2205 4481616.7983 0,441566.6279 4481622.0576 0,441559.1834 4481626.465 0,441552.8501 4481630.9094 0))",2599059,Rojo,Línea,59
"MULTILINESTRING Z ((440629.0353 4481238.0576 0,440630.3223 4481246.9927 0))",2599062,Verde,Línea,2
"MULTILINESTRING Z ((442440.4057 4474883.1594 0,442476.8223 4474880.6594 0))",2599083,Verde,Línea,7
"MULTILINESTRING Z ((442484.6557 4474879.9927 0,442504.739 4474878.5761 0))",2599084,Verde,Línea,4
"MULTILINESTRING Z ((442404.6557 4474807.4927 0,442407.1557 4474845.4927 0))",2599085,Verde,Línea,8
"MULTILINESTRING Z ((437649.3223 4476108.7427 0,437665.0723 4476057.0761 0))",2599086,Azul,Línea,10
"MULTILINESTRING Z ((437665.3223 4476056.4094 0,437667.6557 4476048.7427 0))",2599087,Azul,Línea,2
"MULTILINESTRING Z ((440918.8625 4481116.3292 0,440912.4427 4481117.7613 0))",2599089,Verde,Línea,1
"MULTILINESTRING Z ((440533.381 4480968.181 0,440587.1094 4480980.5761 0))",2599120,Verde,Línea,11
"MULTILINESTRING Z ((438740.6557 4472914.2427 0,438776.1557 4472914.5761 0))",2599221,Verde,Línea,7
"MULTILINESTRING Z ((442962.4057 4476493.4094 0,442976.239 4476479.7427 0))",2599324,Verde,Línea,5
"MULTILINESTRING Z ((442936.5908 4476519.1193 0,442961.9736 4476493.9094 0))",2599325,Verde,Línea,7
"MULTILINESTRING Z ((442525.6087 4478052.4993 0,442525.455 4478050.6008 0))",2599343,Verde,Batería,1
"MULTILINESTRING Z ((440286.2013 4479382.2331 0,440280.44 4479385.9643 0))",2599346,Verde,Línea,1
"MULTILINESTRING Z ((441196.8076 4478475.6213 0,441195.6443 4478459.7859 0))",2599349,Verde,Batería,7
"MULTILINESTRING Z ((440711.8223 4473491.9927 0,440707.1557 4473486.8261 0))",2599350,Verde,Línea,1
"MULTILINESTRING Z ((439882.3933 4481583.7859 0,439859.776 4481577.7859 0))",2599353,Verde,Línea,5
"MULTILINESTRING Z ((440857.0929 4477918.3374 0,440830.5415 4477920.4938 0))",2599366,Verde,Batería,10
"MULTILINESTRING Z ((442095.5127 4476847.1934 0,442094.7225 4476836.5761 0))",2599378,Azul,Línea,2
"MULTILINESTRING Z ((442992.418 4475869.1138 0,442989.3014 4475824.5377 0))",2599380,Verde,Línea,9
"MULTILINESTRING Z ((442882.8707 4476270.1892 0,442869.4057 4476256.5596 0))",2599381,Azul,Línea,4
"MULTILINESTRING Z ((443359.776 4477607.1934 0,443360.1546 4477608.9218 0))",2599383,Verde,Batería,1
"MULTILINESTRING Z ((443035.8913 4476129.9752 0,443041.5867 4476133.5966 0))",2599433,Verde,Línea,1
"MULTILINESTRING Z ((440557.7978 4475744.9963 0,440553.408 4475759.1608 0))",2599688,Verde,Línea,3
"MULTILINESTRING Z ((440553.3495 4475759.4534 0,440551.9447 4475764.1359 0))",2599690,Verde,Línea,1
"MULTILINESTRING Z ((440528.708 4475839.8163 0,440531.6345 4475829.3393 0))",2599692,Verde,Línea,2
"MULTILINESTRING Z ((441347.5723 4474076.9094 0,441374.739 4474077.4927 0))",2599703,Verde,Línea,5
"MULTILINESTRING Z ((440973.3223 4473023.6594 0,440957.5723 4473068.6594 0))",2599705,Verde,Línea,10
"MULTILINESTRING Z ((441929.9057 4474942.5761 0,441859.4057 4474947.8261 0))",2599707,Verde,Línea,15
"MULTILINESTRING Z ((443537.4057 4475189.5761 0,443516.989 4475190.9927 0))",2599712,Verde,Línea,4
"MULTILINESTRING Z ((440514.239 4472863.9927 0,440501.0723 4472889.0761 0))",2599714,Verde,Línea,6
"MULTILINESTRING Z ((442513.3563 4478619.6872 0,442514.1711 4478628.8477 0))",2599859,Verde,Línea,2
"MULTILINESTRING Z ((441954.9612 4476142.181 0,442003.7513 4476138.6255 0))",2599862,Verde,Línea,11
"MULTILINESTRING Z ((442965.7843 4476551.0287 0,442999.7431 4476517.1522 0))",2599883,Verde,Línea,10
"MULTILINESTRING Z ((440740.2876 4477506.8939 0,440740.9159 4477516.6301 0))",2599998,Verde,Línea,2
"MULTILINESTRING Z ((440455.2081 4477167.86 0,440469.7513 4477122.6255 0))",2600009,Verde,Línea,10
"MULTILINESTRING Z ((440473.8666 4477109.8106 0,440471.0847 4477118.4526 0))",2600011,Verde,Línea,2
"MULTILINESTRING Z ((440996.9612 4477150.6501 0,441036.6402 4477147.7859 0))",2600017,Verde,Línea,8
"MULTILINESTRING Z ((440536.2369 4476915.6543 0,440537.5044 4476911.7366 0))",2600020,Verde,Línea,1
"MULTILINESTRING Z ((441134.739 4476996.6872 0,441158.4057 4476995.0205 0,441227.239 4476990.6872 0))",2600023,Azul,Línea,19
"MULTILINESTRING Z ((441131.7212 4476975.2866 0,441164.8186 4476973.0699 0,441176.2973 4476971.6652 0,441197.0271 4476968.1755 0,441229.6416 4476964.0164 0))",2600025,Verde,Línea,21
"MULTILINESTRING Z ((440961.1341 4476779.9835 0,440966.0723 4476849.7859 0))",2600033,Verde,Línea,14
"MULTILINESTRING Z ((442487.8223 4476724.3261 0,442481.5723 4476732.7427 0))",2600099,Verde,Línea,2
"MULTILINESTRING Z ((442758.4057 4476801.5761 0,442752.989 4476808.4927 0))",2600100,Verde,Línea,2
"MULTILINESTRING Z ((441314.2807 4473051.4511 0,441320.7807 4473043.7011 0))",2600105,Azul,Línea,2
"MULTILINESTRING Z ((442630.7443 4480742.5273 0,442627.5835 4480732.2547 0))",2600143,Verde,Línea,2
"MULTILINESTRING Z ((440051.1557 4472806.7427 0,440048.739 4472811.8261 0))",2600395,Azul,Línea,1
"MULTILINESTRING Z ((438800.7528 4473254.9521 0,438882.571 4473226.543 0))",2600424,Verde,Línea,18
"MULTILINESTRING Z ((440272.6557 4476380.9927 0,440272.489 4476370.4094 0))",2600603,Azul,Línea,2
"MULTILINESTRING Z ((440272.4057 4476369.9094 0,440272.3223 4476364.7427 0))",2600604,Azul,Línea,1
"MULTILINESTRING Z ((443012.1557 4474368.2427 0,443023.4057 4474367.4094 0))",2600606,Verde,Línea,2
"MULTILINESTRING Z ((439762.2418 4475047.696 0,439768.8393 4475051.466 0))",2600611,Verde,Línea,1
"MULTILINESTRING Z ((439777.6361 4475056.2833 0,439782.3486 4475059.0061 0))",2600612,Verde,Línea,1
"MULTILINESTRING Z ((439784.3383 4475059.9486 0,439788.8414 4475062.5666 0))",2600613,Verde,Línea,1
"MULTILINESTRING Z ((439790.8312 4475063.7186 0,439795.439 4475066.4414 0))",2600614,Verde,Línea,1
"MULTILINESTRING Z ((439797.4287 4475067.2792 0,439801.7223 4475069.7925 0))",2600615,Verde,Línea,1
"MULTILINESTRING Z ((439803.9215 4475070.9445 0,439808.5293 4475073.5626 0))",2600616,Verde,Línea,1
"MULTILINESTRING Z ((439810.5191 4475074.5051 0,439814.708 4475077.1231 0))",2600617,Verde,Línea,1
"MULTILINESTRING Z ((439816.9072 4475078.1704 0,439821.2008 4475080.579 0))",2600618,Verde,Línea,1
"MULTILINESTRING Z ((439823.2953 4475081.8357 0,439828.0078 4475084.4538 0))",2600619,Verde,Línea,1
"MULTILINESTRING Z ((439829.9976 4475085.3963 0,439834.3959 4475087.9096 0))",2600620,Verde,Línea,1
"MULTILINESTRING Z ((439878.9032 4475092.9363 0,439892.0983 4475093.4599 0))",2600621,Verde,Línea,2
"MULTILINESTRING Z ((439883.5723 4475097.8261 0,439891.239 4475098.1594 0))",2600623,Verde,Línea,1
"MULTILINESTRING Z ((439841.2946 4475172.8538 0,439841.7946 4475165.5205 0))",2600624,Verde,Línea,1
"MULTILINESTRING Z ((439825.3897 4475370.0334 0,439826.3323 4475358.7233 0))",2600626,Verde,Línea,2
"MULTILINESTRING Z ((439826.5417 4475356.3147 0,439826.9606 4475351.288 0))",2600627,Verde,Línea,1
"MULTILINESTRING Z ((439829.2645 4475324.4789 0,439828.6362 4475330.3434 0))",2600628,Verde,Línea,1
"MULTILINESTRING Z ((439828.5314 4475333.4851 0,439827.4842 4475343.9574 0))",2600629,Verde,Línea,2
"MULTILINESTRING Z ((439812.5088 4475528.8982 0,439812.823 4475523.1384 0))",2600630,Verde,Línea,1
"MULTILINESTRING Z ((439810.4144 4475557.8018 0,439811.0427 4475551.4136 0))",2600631,Verde,Línea,1
"MULTILINESTRING Z ((439634.7939 4475257.7703 0,439656.1574 4475296.099 0))",2600632,Verde,Línea,8
"MULTILINESTRING Z ((439681.1862 4475332.3331 0,439711.1369 4475392.0252 0))",2600633,Verde,Línea,13
"MULTILINESTRING Z ((439761.739 4475490.6594 0,439756.1557 4475480.2427 0))",2600635,Verde,Línea,2
"MULTILINESTRING Z ((439755.8223 4475479.5761 0,439749.6557 4475467.5761 0))",2600636,Verde,Línea,3
"MULTILINESTRING Z ((439797.6381 4475560.734 0,439790.4123 4475547.0153 0))",2600637,Verde,Línea,3
"MULTILINESTRING Z ((439818.8969 4475602.0996 0,439825.285 4475614.8758 0))",2600638,Verde,Batería,5
"MULTILINESTRING Z ((439848.9057 4475662.6594 0,439850.239 4475665.9094 0))",2600640,Verde,Batería,1
"MULTILINESTRING Z ((439851.6752 4475655.1941 0,439854.7122 4475661.1634 0))",2600641,Verde,Línea,1
"MULTILINESTRING Z ((439847.1557 4475647.4927 0,439842.4057 4475638.4927 0))",2600645,Verde,Línea,2
"MULTILINESTRING Z ((444949.8254 4475780.2057 0,444947.8501 4475792.3292 0))",2600749,Verde,Línea,2
"MULTILINESTRING Z ((444982.0723 4475759.4279 0,444989.4797 4475760.6131 0))",2600751,Verde,Línea,1
"MULTILINESTRING Z ((440453.0723 4479665.9094 0,440447.989 4479666.4094 0))",2601255,Verde,Línea,1
"MULTILINESTRING Z ((440296.5893 4474905.1318 0,440292.3263 4474909.0321 0))",2601416,Verde,Línea,1
"MULTILINESTRING Z ((439888.9057 4475905.2427 0,439931.4057 4475901.9094 0))",2601783,Verde,Línea,9
"MULTILINESTRING Z ((442688.239 4480698.8261 0,442682.8223 4480698.9927 0))",2601949,Verde,Batería,2
"MULTILINESTRING Z ((443425.4057 4478357.5761 0,443426.239 4478362.5761 0))",2601953,Azul,Línea,1
"MULTILINESTRING Z ((441294.4057 4476150.2011 0,441296.5307 4476096.4511 0))",2601996,Verde,Línea,11
"MULTILINESTRING Z ((441087.2126 4480540.0169 0,441087.6028 4480523.8367 0))",2602090,Verde,Línea,3
"MULTILINESTRING Z ((441126.8308 4480540.7973 0,441126.9088 4480520.1948 0,441127.0649 4480519.3884 0))",2602094,Verde,Línea,4
"MULTILINESTRING Z ((441472.8223 4473310.5761 0,441479.1557 4473318.6594 0))",2602219,Verde,Línea,2
"MULTILINESTRING Z ((443358.0723 4473940.6594 0,443359.0723 4473958.9927 0))",2602224,Verde,Línea,4
"MULTILINESTRING Z ((438829.989 4473901.9094 0,438831.989 4473917.7427 0))",2602488,Verde,Batería,5
"MULTILINESTRING Z ((442096.7987 4475359.2342 0,442095.8769 4475344.0602 0))",2602497,Verde,Línea,3
"MULTILINESTRING Z ((440562.1557 4476674.1594 0,440568.739 4476673.6594 0))",2602664,Verde,Línea,1
"MULTILINESTRING Z ((442691.489 4478506.9094 0,442713.5723 4478505.1594 0))",2602681,Verde,Línea,4
"MULTILINESTRING Z ((442681.6557 4478509.9094 0,442692.489 4478509.2427 0))",2602682,Verde,Línea,2
"MULTILINESTRING Z ((443506.239 4478132.5761 0,443499.739 4478081.0761 0))",2602684,Verde,Línea,10
"MULTILINESTRING Z ((442942.489 4477423.9927 0,442943.6557 4477419.2427 0))",2602686,Verde,Batería,2
"MULTILINESTRING Z ((441239.6889 4471828.2044 0,441271.152 4471824.9899 0))",2603494,Verde,Línea,6
"MULTILINESTRING Z ((441207.0082 4471830.8344 0,441238.5687 4471828.2044 0))",2603495,Verde,Línea,6
"MULTILINESTRING Z ((441272.5157 4471824.8925 0,441289.6597 4471823.2365 0))",2603496,Verde,Línea,4
"MULTILINESTRING Z ((441207.544 4471837.8478 0,441239.0071 4471834.8282 0))",2603497,Verde,Línea,6
"MULTILINESTRING Z ((441240.2734 4471834.5359 0,441271.8339 4471831.6137 0))",2603498,Verde,Línea,6
"MULTILINESTRING Z ((440309.1557 4478396.9927 0,440314.8223 4478395.9094 0))",2603565,Verde,Línea,1
"MULTILINESTRING Z ((442172.7446 4476714.1797 0,442177.7968 4476713.2019 0))",2603566,Verde,Línea,1
"MULTILINESTRING Z ((440553.1557 4480726.6594 0,440561.489 4480731.0761 0))",2603569,Verde,Batería,4
"MULTILINESTRING Z ((440002.4799 4475890.4116 0,440008.4788 4475889.9269 0))",2603707,Verde,Línea,1
"MULTILINESTRING Z ((440024.0517 4475888.4726 0,440018.78 4475888.8967 0))",2603708,Verde,Línea,1
"MULTILINESTRING Z ((440877.3223 4475848.9094 0,440874.8223 4475856.0761 0))",2603916,Azul,Línea,1
"MULTILINESTRING Z ((443191.6941 4474131.6685 0,443191.1315 4474124.9181 0))",2603946,Azul,Línea,1
"MULTILINESTRING Z ((440588.4057 4479204.7427 0,440587.1557 4479202.5761 0))",2604011,Azul,Batería,1
"MULTILINESTRING Z ((440631.4797 4477896.181 0,440639.1588 4477895.3415 0))",2604012,Azul,Línea,2
"MULTILINESTRING Z ((441795.1495 4474867.8119 0,441784.8136 4474868.6279 0))",2604119,Verde,Línea,2
"MULTILINESTRING Z ((439991.5723 4473646.0718 0,439992.2946 4473627.4051 0))",2604277,Verde,Batería,7
"MULTILINESTRING Z ((440671.989 4479100.3261 0,440666.4057 4479092.0761 0))",2604416,Verde,Línea,2
"MULTILINESTRING Z ((440164.6557 4475032.2662 0,440154.6557 4475037.0995 0))",2604486,Verde,Línea,2
"MULTILINESTRING Z ((439876.739 4475097.8261 0,439882.5723 4475097.8261 0))",2604502,Verde,Línea,1
"MULTILINESTRING Z ((441013.7715 4472738.3082 0,441044.7056 4472735.3853 0))",2604667,Verde,Línea,6
"MULTILINESTRING Z ((441221.489 4472709.2427 0,441232.6557 4472708.4927 0))",2604669,Verde,Línea,3
"MULTILINESTRING Z ((442208.5723 4472710.2427 0,442229.989 4472696.8261 0))",2604707,Verde,Línea,5
"MULTILINESTRING Z ((438490.9057 4475060.8261 0,438526.4057 4475017.8261 0))",2604934,Verde,Línea,12
"MULTILINESTRING Z ((438213.0723 4475362.5761 0,438223.9057 4475351.3261 0))",2604993,Verde,Línea,3
"MULTILINESTRING Z ((442130.7017 4475597.847 0,442182.1552 4475594.0255 0))",2604998,Verde,Batería,17
"MULTILINESTRING Z ((443140.4057 4479924.9094 0,443149.989 4479924.7427 0))",2605074,Azul,Batería,3
"MULTILINESTRING Z ((440803.1637 4475787.4737 0,440806.0567 4475774.6161 0))",2605204,Verde,Batería,5
"MULTILINESTRING Z ((440814.8712 4475732.5313 0,440812.874 4475739.625 0))",2605207,Verde,Línea,1
"MULTILINESTRING Z ((440615.8354 4476210.0141 0,440638.666 4476137.8033 0))",2605208,Verde,Batería,29
"MULTILINESTRING Z ((438219.8208 4475345.6194 0,438296.3256 4475263.8643 0,438321.6397 4475238.7377 0,438347.3288 4475214.1737 0,438370.5802 4475193.1724 0))",2605320,Verde,Línea,44
"MULTILINESTRING Z ((442942.489 4478133.6594 0,442982.0723 4478145.4927 0))",2605335,Verde,Línea,8
"MULTILINESTRING Z ((442934.489 4476822.4927 0,442939.489 4476814.9927 0,442939.739 4476813.5761 0))",2605339,Verde,Batería,4
"MULTILINESTRING Z ((442591.6059 4477903.0672 0,442597.4331 4477967.6488 0))",2605354,Verde,Batería,26
"MULTILINESTRING Z ((439104.3223 4475213.0761 0,439165.9057 4475194.8261 0))",2605376,Verde,Batería,24
"MULTILINESTRING Z ((442619.5307 4474346.3261 0,442616.1557 4474297.8261 0))",2605464,Verde,Línea,10
"MULTILINESTRING Z ((442522.7006 4478020.3346 0,442523.3371 4478026.4581 0))",2605479,Verde,Batería,3
"MULTILINESTRING Z ((442523.5238 4478028.2638 0,442523.714 4478030.0635 0))",2605480,Verde,Batería,1
"MULTILINESTRING Z ((440631.7209 4476582.8767 0,440623.5595 4476608.2051 0))",2605481,Azul,Línea,5
"MULTILINESTRING Z ((443520.9057 4478132.9094 0,443531.4057 4478088.2427 0))",2605574,Verde,Línea,10
"MULTILINESTRING Z ((443536.1557 4478076.4927 0,443533.8223 4478085.9094 0))",2605575,Verde,Línea,2
"MULTILINESTRING Z ((441142.0168 4472876.6316 0,441140.1834 4472860.4094 0))",2605576,Verde,Línea,4
"MULTILINESTRING Z ((440987.5723 4471036.9927 0,440994.739 4471096.7427 0))",2605610,Azul,Batería,18
"MULTILINESTRING Z ((440996.1557 4471106.7427 0,440994.9057 4471096.9927 0))",2605611,Verde,Batería,4
"MULTILINESTRING Z ((440988.3309 4471829.5991 0,440995.4994 4471815.7932 0))",2605613,Verde,Línea,3
"MULTILINESTRING Z ((440748.7985 4472286.8199 0,440742.6128 4472298.392 0))",2605614,Verde,Línea,3
"MULTILINESTRING Z ((441718.2807 4474861.5995 0,441716.1557 4474840.2245 0))",2605665,Verde,Línea,4
"MULTILINESTRING Z ((440647.0307 4475697.5761 0,440652.6557 4475670.9511 0))",2605691,Verde,Línea,5
"MULTILINESTRING Z ((443124.9057 4477499.2427 0,443134.3223 4477485.7427 0,443148.8223 4477466.4927 0))",2605749,Verde,Batería,15
"MULTILINESTRING Z ((443155.3223 4477455.3261 0,443164.9057 4477438.1594 0))",2605750,Verde,Batería,6
"MULTILINESTRING Z ((442610.9122 4474216.2231 0,442610.5372 4474210.2231 0))",2605758,Verde,Línea,1
"MULTILINESTRING Z ((442623.7872 4474216.8481 0,442624.4122 4474228.9731 0))",2605760,Verde,Línea,2
"MULTILINESTRING Z ((442208.5723 4480219.7427 0,442214.0723 4480218.1594 0,442214.8223 4480217.4927 0,442215.5723 4480216.1594 0,442217.239 4480209.9094 0))",2605822,Verde,Línea,3
"MULTILINESTRING Z ((442218.489 4480204.7427 0,442229.239 4480161.9094 0))",2605825,Verde,Línea,9
"MULTILINESTRING Z ((442341.9612 4474714.4279 0,442348.1834 4474691.2798 0))",2605964,Verde,Línea,5
"MULTILINESTRING Z ((442912.8223 4475117.4927 0,442926.489 4475116.5761 0))",2605966,Verde,Línea,3
"MULTILINESTRING Z ((443067.239 4475659.4927 0,443053.6557 4475660.4927 0))",2605968,Verde,Línea,3
"MULTILINESTRING Z ((443079.239 4475658.8261 0,443102.8223 4475657.0761 0))",2605970,Verde,Línea,4
"MULTILINESTRING Z ((442032.989 4476283.1594 0,442033.989 4476298.4094 0))",2605974,Verde,Línea,3
"MULTILINESTRING Z ((442039.9612 4476347.8538 0,442041.6834 4476372.5205 0))",2605976,Verde,Línea,6
"MULTILINESTRING Z ((442041.9612 4476376.3538 0,442041.739 4476372.9835 0))",2605977,Verde,Línea,1
"MULTILINESTRING Z ((442350.4057 4474683.9835 0,442356.4057 4474662.7242 0))",2605980,Verde,Línea,5
"MULTILINESTRING Z ((441939.739 4474918.2427 0,441940.5723 4474931.6594 0))",2605981,Verde,Línea,3
"MULTILINESTRING Z ((441939.739 4474917.0761 0,441936.239 4474870.4094 0))",2605982,Verde,Línea,10
"MULTILINESTRING Z ((442366.9057 4474779.4927 0,442381.239 4474778.2427 0))",2606076,Verde,Línea,3
"MULTILINESTRING Z ((442392.6557 4474777.5761 0,442382.239 4474778.2427 0))",2606077,Verde,Línea,2
"MULTILINESTRING Z ((439534.1982 4476063.3935 0,439560.4538 4476062.132 0))",2606117,Verde,Línea,5
"MULTILINESTRING Z ((439511.0176 4476064.6551 0,439528.7579 4476063.8666 0))",2606118,Verde,Línea,3
"MULTILINESTRING Z ((440535.2124 4472677.4643 0,440524.7127 4472695.7415 0))",2606122,Verde,Línea,4
"MULTILINESTRING Z ((441110.5239 4472552.8979 0,441112.9971 4472579.027 0))",2606145,Verde,Línea,5
"MULTILINESTRING Z ((441506.2807 4471429.4745 0,441510.5307 4471420.0995 0))",2606149,Verde,Línea,2
"MULTILINESTRING Z ((442547.8917 4476209.0254 0,442533.3084 4476210.1087 0))",2606182,Verde,Línea,3
"MULTILINESTRING Z ((443105.4859 4475671.8908 0,443082.6649 4475673.6132 0))",2606185,Verde,Línea,5
"MULTILINESTRING Z ((443328.9057 4477815.4927 0,443339.489 4477822.7427 0))",2606460,Verde,Línea,2
"MULTILINESTRING Z ((442022.739 4476152.4927 0,442023.8223 4476166.2427 0))",2606463,Verde,Línea,3
"MULTILINESTRING Z ((442028.1454 4476180.4564 0,442027.062 4476166.2064 0))",2606464,Verde,Línea,3
"MULTILINESTRING Z ((441370.8535 4472706.3998 0,441341.6244 4472708.7138 0))",2606469,Verde,Batería,11
"MULTILINESTRING Z ((441343.7142 4479254.0846 0,441341.7142 4479228.455 0))",2606885,Verde,Batería,9
"MULTILINESTRING Z ((443449.4057 4476639.2427 0,443468.4057 4476644.9094 0))",2607219,Verde,Batería,6
"MULTILINESTRING Z ((442978.6649 4476812.6872 0,442982.2946 4476815.465 0))",2607812,Verde,Línea,1
"MULTILINESTRING Z ((442986.097 4476818.3785 0,443003.6526 4476831.86 0))",2607813,Verde,Línea,4
"MULTILINESTRING Z ((443008.0888 4476835.2592 0,443016.3028 4476841.465 0))",2607816,Verde,Línea,2
"MULTILINESTRING Z ((442232.739 4478614.6594 0,442240.3223 4478624.9927 0,442247.489 4478635.4927 0,442253.989 4478646.4094 0,442255.4057 4478650.2427 0,442256.6557 4478654.7427 0))",2607823,Verde,Línea,10
"MULTILINESTRING Z ((442924.823 4475386.7669 0,442879.1619 4475390.0727 0))",2607907,Verde,Línea,9
"MULTILINESTRING Z ((442556.6728 4475249.1034 0,442554.6728 4475223.4784 0))",2607937,Verde,Línea,5
"MULTILINESTRING Z ((442576.6279 4475530.3538 0,442576.0168 4475521.5205 0))",2607955,Verde,Línea,2
"MULTILINESTRING Z ((442577.6834 4475544.9094 0,442576.6834 4475530.9094 0))",2607956,Verde,Línea,3
"MULTILINESTRING Z ((438681.6765 4475757.4895 0,438655.1922 4475793.9711 0))",2607961,Verde,Batería,15
"MULTILINESTRING Z ((442503.4057 4474882.4094 0,442521.5723 4474881.2427 0))",2607986,Verde,Batería,7
"MULTILINESTRING Z ((442575.739 4472569.9927 0,442578.6557 4472573.5761 0))",2608492,Verde,Línea,1
"MULTILINESTRING Z ((442580.3223 4472575.4927 0,442583.489 4472578.9927 0))",2608493,Verde,Línea,1
"MULTILINESTRING Z ((442585.0723 4472580.8261 0,442588.0723 4472584.4094 0))",2608494,Verde,Línea,1
"MULTILINESTRING Z ((439211.9057 4475231.4094 0,439216.6557 4475224.9094 0))",2608515,Verde,Línea,2
"MULTILINESTRING Z ((439600.9957 4473523.5337 0,439618.3368 4473519.0032 0,439628.9601 4473516.4255 0))",2608772,Verde,Línea,5
"MULTILINESTRING Z ((439632.0662 4473563.3685 0,439646.8721 4473560.1094 0))",2608775,Verde,Línea,3
"MULTILINESTRING Z ((442541.1557 4475414.1594 0,442559.489 4475412.8261 0))",2608896,Verde,Línea,3
"MULTILINESTRING Z ((442508.8223 4475416.4927 0,442540.239 4475414.2427 0))",2608897,Verde,Línea,6
"MULTILINESTRING Z ((440669.989 4478081.0761 0,440669.0723 4478074.9094 0))",2608973,Verde,Línea,1
"MULTILINESTRING Z ((442109.9057 4479822.5761 0,442108.3223 4479840.1594 0))",2609018,Verde,Línea,3
"MULTILINESTRING Z ((441961.9057 4479765.0761 0,441972.989 4479769.5761 0))",2609027,Verde,Línea,3
"MULTILINESTRING Z ((443004.3704 4479344.9166 0,443010.1363 4479356.0214 0,443010.421 4479357.4451 0))",2609121,Azul,Línea,2
"MULTILINESTRING Z ((443129.3223 4479373.9927 0,443120.6557 4479370.6594 0,443113.989 4479367.9094 0,443107.8223 4479365.4927 0,443104.1557 4479364.3261 0,443098.6557 4479362.9094 0,443093.239 4479361.9094 0,443090.5723 4479361.6594 0))",2609151,Verde,Línea,9
"MULTILINESTRING Z ((441636.8223 4479260.4927 0,441639.6557 4479260.3261 0))",2609167,Azul,Batería,2
"MULTILINESTRING Z ((441691.7946 4479206.5761 0,441693.239 4479224.4094 0))",2609173,Verde,Batería,7
"MULTILINESTRING Z ((441695.1557 4479225.4927 0,441695.8223 4479231.8261 0))",2609189,Verde,Batería,3
"MULTILINESTRING Z ((441880.489 4479087.4927 0,441877.1557 4479047.3261 0))",2609216,Verde,Línea,8
"MULTILINESTRING Z ((442899.989 4479202.4094 0,442915.1557 4479196.7427 0))",2609279,Verde,Línea,3
"MULTILINESTRING Z ((442963.8223 4479172.9927 0,442941.5723 4479174.4927 0))",2609292,Verde,Línea,5
"MULTILINESTRING Z ((442928.5723 4479177.1594 0,442940.8223 4479176.5761 0))",2609294,Verde,Línea,2
"MULTILINESTRING Z ((443031.0307 4479063.4511 0,443062.4057 4479061.5761 0))",2609305,Azul,Línea,6
"MULTILINESTRING Z ((443185.739 4479175.9094 0,443196.8223 4479158.5761 0))",2609330,Azul,Línea,4
"MULTILINESTRING Z ((441787.0307 4479036.8261 0,441778.0307 4478934.7011 0))",2609432,Verde,Línea,21
"MULTILINESTRING Z ((442840.739 4478881.2427 0,442831.9057 4478881.5761 0))",2609486,Verde,Línea,2
"MULTILINESTRING Z ((441557.4057 4478069.1594 0,441556.739 4478060.8261 0))",2609518,Verde,Batería,3
"MULTILINESTRING Z ((441560.739 4478109.4927 0,441560.239 4478103.2427 0))",2609519,Verde,Batería,2
"MULTILINESTRING Z ((442104.3223 4477985.4927 0,442108.3223 4477983.3261 0))",2609634,Verde,Línea,1
"MULTILINESTRING Z ((442213.0723 4478059.1594 0,442217.4057 4478056.9927 0))",2609641,Verde,Línea,1
"MULTILINESTRING Z ((442223.3223 4478053.9927 0,442227.3223 4478051.9094 0))",2609643,Verde,Línea,1
"MULTILINESTRING Z ((442496.0723 4478097.6594 0,442491.239 4478097.7427 0))",2609674,Verde,Línea,1
"MULTILINESTRING Z ((442487.5723 4478097.8261 0,442483.8223 4478097.8261 0))",2609682,Verde,Línea,1
"MULTILINESTRING Z ((442460.4057 4478098.3261 0,442478.8223 4478097.9927 0))",2609691,Verde,Línea,4
"MULTILINESTRING Z ((441608.3223 4477957.9094 0,441607.239 4477946.4094 0))",2609764,Verde,Batería,4
"MULTILINESTRING Z ((441831.4057 4477797.0761 0,441829.4057 4477767.3261 0,441829.3223 4477763.6594 0,441829.4057 4477761.1594 0,441829.8223 4477759.4094 0,441830.4057 4477758.3261 0))",2609787,Verde,Línea,8
"MULTILINESTRING Z ((441976.6557 4477890.4094 0,441945.5723 4477898.4094 0,441943.4057 4477898.9094 0))",2609887,Verde,Línea,7
"MULTILINESTRING Z ((442229.6279 4478390.8538 0,442238.0168 4478390.1872 0))",2609985,Verde,Batería,3
"MULTILINESTRING Z ((443487.3974 4477545.7283 0,443491.2987 4477566.7654 0,443491.3686 4477570.2057 0))",2609986,Verde,Batería,10
"MULTILINESTRING Z ((443221.9653 4477747.0617 0,443237.488 4477755.5061 0))",2609988,Verde,Línea,3
"MULTILINESTRING Z ((439170.989 4475273.7427 0,439181.489 4475259.1594 0))",2609994,Verde,Línea,4
"MULTILINESTRING Z ((439181.989 4475258.4094 0,439191.3223 4475246.0761 0))",2609995,Verde,Línea,3
"MULTILINESTRING Z ((439180.7114 4475510.6305 0,439190.5599 4475515.7269 0))",2609996,Verde,Línea,2
"MULTILINESTRING Z ((439175.1329 4475507.6002 0,439180.7114 4475510.6305 0))",2609997,Verde,Línea,2
"MULTILINESTRING Z ((439353.3223 4475269.5761 0,439344.739 4475257.1594 0))",2609998,Verde,Línea,3
"MULTILINESTRING Z ((440539.5723 4475803.4094 0,440534.9057 4475819.1594 0))",2610000,Verde,Línea,3
"MULTILINESTRING Z ((440543.6557 4475790.3261 0,440550.489 4475766.9927 0))",2610002,Verde,Línea,5
"MULTILINESTRING Z ((442259.9316 4477633.8539 0,442251.0339 4477625.883 0))",2610036,Azul,Línea,2
"MULTILINESTRING Z ((442390.8223 4477251.6594 0,442397.3223 4477258.3261 0))",2610099,Azul,Línea,2
"MULTILINESTRING Z ((441522.4057 4477203.3261 0,441509.489 4477197.5761 0))",2610126,Verde,Línea,3
"MULTILINESTRING Z ((438696.234 4475736.7055 0,438702.5482 4475728.1113 0))",2610610,Verde,Batería,3
"MULTILINESTRING Z ((442057.0723 4476279.6594 0,442057.989 4476294.7427 0))",2610671,Verde,Línea,3
"MULTILINESTRING Z ((442056.0723 4476295.3261 0,442056.9057 4476305.9094 0))",2610672,Verde,Línea,2
"MULTILINESTRING Z ((440176.989 4478355.4094 0,440202.8223 4478350.2427 0))",2610685,Verde,Línea,5
"MULTILINESTRING Z ((440159.4057 4478358.9464 0,440170.0723 4478356.7983 0))",2610688,Azul,Línea,2
"MULTILINESTRING Z ((440147.9612 4478361.2427 0,440153.0723 4478360.2057 0))",2610689,Azul,Línea,1
"MULTILINESTRING Z ((440775.6279 4477043.4279 0,440797.1834 4477041.8353 0))",2610714,Verde,Línea,4
"MULTILINESTRING Z ((440815.0188 4477040.5102 0,440804.5003 4477041.2839 0))",2610718,Verde,Línea,2
"MULTILINESTRING Z ((440914.9859 4477036.2304 0,440931.7807 4477034.9511 0))",2610737,Verde,Línea,3
"MULTILINESTRING Z ((440932.1711 4477032.1316 0,440963.5785 4477029.9094 0))",2610744,Verde,Línea,6
"MULTILINESTRING Z ((440994.5579 4477027.6872 0,441013.8336 4477026.3374 0))",2610747,Verde,Línea,4
"MULTILINESTRING Z ((441017.9818 4477026.0411 0,441024.3028 4477025.5802 0))",2610754,Verde,Línea,2
"MULTILINESTRING Z ((440726.489 4477265.5761 0,440723.8223 4477226.9094 0))",2610832,Verde,Línea,8
"MULTILINESTRING Z ((440625.5168 4477288.2427 0,440650.0353 4477286.3909 0))",2611105,Verde,Línea,5
"MULTILINESTRING Z ((440660.632 4477285.6131 0,440720.1382 4477281.3168 0))",2611108,Verde,Línea,13
"MULTILINESTRING Z ((439462.4592 4476748.609 0,439499.3481 4476746.3868 0))",2611151,Verde,Línea,7
"MULTILINESTRING Z ((439503.702 4476748.8477 0,439518.1557 4476747.9927 0))",2611155,Verde,Línea,3
"MULTILINESTRING Z ((440789.455 4476660.7489 0,440800.1557 4476659.9927 0))",2611180,Verde,Línea,2
"MULTILINESTRING Z ((442591.6526 4475811.1193 0,442592.7637 4475826.3292 0))",2612184,Verde,Línea,2
"MULTILINESTRING Z ((442594.6567 4475810.3209 0,442593.6855 4475795.4073 0))",2612185,Verde,Línea,3
"MULTILINESTRING Z ((441606.267 4477751.4655 0,441606.9693 4477744.7861 0,441607.7887 4477733.8341 0))",2612511,Verde,Línea,3
"MULTILINESTRING Z ((442752.3192 4477593.1193 0,442759.8913 4477595.2373 0))",2612514,Verde,Batería,3
"MULTILINESTRING Z ((443199.4194 4477734.8038 0,443216.1876 4477743.9341 0))",2612522,Verde,Línea,4
"MULTILINESTRING Z ((443040.3522 4476908.0274 0,443051.4139 4476893.6076 0))",2612546,Verde,Línea,4
"MULTILINESTRING Z ((440930.1217 4478058.9958 0,440933.1094 4478096.7736 0))",2612774,Verde,Línea,8
"MULTILINESTRING Z ((440934.9365 4478119.8847 0,440934.1958 4478110.6501 0))",2612775,Verde,Línea,2
"MULTILINESTRING Z ((440933.7952 4478105.4814 0,440933.466 4478101.3662 0))",2612777,Verde,Línea,1
"MULTILINESTRING Z ((440114.8707 4479673.2674 0,440128.5662 4479684.0329 0))",2612778,Verde,Línea,3
"MULTILINESTRING Z ((440133.1258 4479687.6213 0,440156.5826 4479706.074 0))",2612785,Verde,Línea,6
"MULTILINESTRING Z ((443207.3223 4477370.1594 0,443210.4057 4477365.6594 0))",2613007,Verde,Batería,2
"MULTILINESTRING Z ((442291.4057 4476115.3261 0,442302.6557 4476114.4927 0))",2613207,Verde,Batería,4
"MULTILINESTRING Z ((442907.739 4476507.0761 0,442914.1557 4476514.0761 0))",2613223,Verde,Línea,2
"MULTILINESTRING Z ((443130.3223 4478131.6594 0,443135.6557 4478133.7427 0,443140.989 4478135.2427 0,443145.3223 4478136.5761 0))",2613243,Verde,Línea,3
"MULTILINESTRING Z ((443152.3223 4478138.5761 0,443164.3223 4478141.4927 0))",2613245,Verde,Línea,2
"MULTILINESTRING Z ((439783.0723 4478796.1594 0,439806.739 4478800.9094 0))",2613247,Verde,Línea,5
"MULTILINESTRING Z ((443240.989 4475076.7427 0,443232.739 4475077.2427 0))",2613385,Verde,Batería,3
"MULTILINESTRING Z ((440703.264 4476386.9001 0,440706.979 4476375.0797 0))",2613390,Verde,Línea,2
"MULTILINESTRING Z ((441084.7038 4476156.9297 0,441067.923 4476156.5325 0))",2613394,Verde,Línea,3
"MULTILINESTRING Z ((441085.101 4476156.9297 0,441106.9459 4476157.5255 0))",2613395,Verde,Línea,4
"MULTILINESTRING Z ((440748.239 4475628.9094 0,440753.8223 4475614.1594 0))",2613399,Verde,Línea,3
"MULTILINESTRING Z ((441356.1557 4475776.4927 0,441363.9057 4475776.5761 0))",2613409,Verde,Línea,2
"MULTILINESTRING Z ((442073.1043 4474847.1871 0,442089.2231 4474846.1004 0))",2613416,Verde,Línea,3
"MULTILINESTRING Z ((442090.0381 4474846.0099 0,442100.8142 4474845.1043 0))",2613417,Verde,Línea,2
"MULTILINESTRING Z ((442560.9057 4474765.5761 0,442552.1557 4474766.2427 0))",2613424,Verde,Línea,2
"MULTILINESTRING Z ((442477.4392 4473213.8939 0,442503.9404 4473210.6511 0))",2613429,Verde,Línea,5
"MULTILINESTRING Z ((442254.5092 4472895.4873 0,442247.2126 4472881.5407 0))",2613430,Verde,Línea,3
"MULTILINESTRING Z ((441130.0723 4475518.7427 0,441143.489 4475518.0761 0))",2613438,Verde,Línea,3
"MULTILINESTRING Z ((441987.0992 4479832.6448 0,442006.8492 4479837.8115 0))",2613581,Azul,Línea,4
"MULTILINESTRING Z ((440716.4108 4474505.6677 0,440706.028 4474508.4571 0))",2613635,Verde,Línea,2
"MULTILINESTRING Z ((440653.7568 4474444.1974 0,440658.472 4474425.5177 0))",2613637,Verde,Línea,2
"MULTILINESTRING Z ((440896.3223 4474278.3261 0,440889.989 4474260.9927 0))",2613646,Verde,Línea,3
"MULTILINESTRING Z ((441182.1834 4473459.0761 0,441195.239 4473451.7983 0))",2613676,Verde,Línea,3
"MULTILINESTRING Z ((442154.7807 4474734.5995 0,442277.5307 4474761.8495 0))",2613693,Azul,Línea,24
"MULTILINESTRING Z ((441423.31 4474521.3547 0,441423.2174 4474511.5326 0))",2613695,Azul,Línea,1
"MULTILINESTRING Z ((441419.3256 4474465.0167 0,441419.5109 4474410.4392 0))",2613703,Verde,Batería,18
"MULTILINESTRING Z ((441419.989 4474358.9329 0,441420.239 4474342.9329 0))",2613706,Verde,Batería,7
"MULTILINESTRING Z ((442367.151 4474547.4487 0,442390.7229 4474459.1831 0))",2613708,Azul,Línea,18
"MULTILINESTRING Z ((441420.3742 4474091.4382 0,441419.9154 4474110.2499 0))",2613719,Verde,Línea,4
"MULTILINESTRING Z ((441501.012 4474148.5614 0,441522.4619 4474148.7908 0))",2613727,Verde,Batería,9
"MULTILINESTRING Z ((441538.3561 4474257.8102 0,441539.8024 4474278.127 0))",2613729,Verde,Línea,3
"MULTILINESTRING Z ((441427.5242 4474035.6915 0,441427.5242 4474046.2443 0))",2613738,Verde,Línea,2
"MULTILINESTRING Z ((441429.739 4473937.8261 0,441428.489 4473984.5761 0))",2613740,Verde,Línea,8
"MULTILINESTRING Z ((441425.7946 4473886.7983 0,441425.8501 4473901.8538 0))",2613741,Verde,Línea,3
"MULTILINESTRING Z ((441430.9057 4473885.7427 0,441430.9057 4473898.9094 0))",2613743,Verde,Línea,3
"MULTILINESTRING Z ((441496.4179 4473878.7698 0,441526.0845 4473879.4365 0))",2613748,Verde,Línea,6
"MULTILINESTRING Z ((441418.4904 4473871.4557 0,441402.3962 4473871.2023 0))",2613749,Verde,Batería,6
"MULTILINESTRING Z ((441426.1095 4473867.1895 0,441426.4536 4473847.3455 0))",2613750,Verde,Línea,4
"MULTILINESTRING Z ((441532.7853 4473935.8979 0,441518.2178 4473936.0126 0))",2613766,Verde,Línea,2
"MULTILINESTRING Z ((441545.2882 4473819.4721 0,441544.8294 4473838.0544 0))",2613769,Verde,Línea,3
"MULTILINESTRING Z ((442511.6413 4474007.0152 0,442515.3119 4473991.8741 0))",2613770,Azul,Línea,3
"MULTILINESTRING Z ((441547.2382 4473728.2815 0,441547.3529 4473714.2875 0))",2613771,Azul,Línea,3
"MULTILINESTRING Z ((441547.5823 4473713.5992 0,441551.7691 4473511.3166 0))",2613772,Azul,Línea,40
"MULTILINESTRING Z ((441517.9954 4473381.3662 0,441478.2206 4473324.7149 0))",2613784,Verde,Línea,15
"MULTILINESTRING Z ((441519.0589 4473376.0601 0,441496.2708 4473342.7191 0))",2613786,Verde,Línea,8
"MULTILINESTRING Z ((441544.9823 4473413.6834 0,441522.4236 4473380.6483 0))",2613790,Verde,Línea,8
"MULTILINESTRING Z ((441453.9829 4473290.0311 0,441458.0358 4473295.6899 0))",2613796,Verde,Línea,1
"MULTILINESTRING Z ((441469.5063 4473312.131 0,441459.4887 4473298.0605 0))",2613797,Verde,Línea,3
"MULTILINESTRING Z ((441575.513 4473398.1026 0,441577.7498 4473287.4694 0))",2613803,Verde,Línea,22
"MULTILINESTRING Z ((441578.266 4473261.8328 0,441577.7498 4473282.3077 0))",2613804,Verde,Línea,4
"MULTILINESTRING Z ((441586.6557 4473255.1829 0,441612.3223 4473251.9329 0))",2613817,Verde,Batería,8
"MULTILINESTRING Z ((441577.291 4473244.5696 0,441577.0615 4473237.1138 0))",2613818,Verde,Línea,1
"MULTILINESTRING Z ((441576.7174 4473218.761 0,441576.8321 4473225.4139 0))",2613820,Verde,Línea,1
"MULTILINESTRING Z ((442162.7348 4473346.8608 0,442348.4658 4473306.6666 0))",2613830,Verde,Línea,38
"MULTILINESTRING Z ((442260.8223 4473321.1594 0,442167.8223 4473340.7427 0))",2613832,Verde,Línea,19
"MULTILINESTRING Z ((442269.1557 4473319.5761 0,442335.489 4473305.4927 0))",2613834,Verde,Línea,14
"MULTILINESTRING Z ((442354.4187 4473292.6311 0,442351.0923 4473286.6665 0))",2613837,Verde,Línea,1
"MULTILINESTRING Z ((442367.151 4473299.7429 0,442418.8831 4473289.3047 0))",2613842,Verde,Línea,11
"MULTILINESTRING Z ((442593.7537 4473587.4611 0,442552.7451 4473513.6179 0))",2613843,Verde,Línea,16
"MULTILINESTRING Z ((442550.7807 4473508.9745 0,442508.1557 4473429.5995 0))",2613845,Verde,Línea,18
"MULTILINESTRING Z ((442498.7135 4473412.4819 0,442443.435 4473310.6531 0))",2613846,Verde,Línea,23
"MULTILINESTRING Z ((441882.1339 4473244.3647 0,441888.528 4473214.7501 0))",2613848,Verde,Batería,12
"MULTILINESTRING Z ((441969.1239 4473270.8371 0,441889.5185 4473253.5167 0))",2613849,Verde,Línea,16
"MULTILINESTRING Z ((441979.7915 4473223.2345 0,441901.1038 4473206.7169 0))",2613851,Verde,Línea,16
"MULTILINESTRING Z ((442127.073 4473179.5318 0,442128.5642 4473173.223 0))",2613853,Verde,Línea,1
"MULTILINESTRING Z ((442120.076 4473212.5669 0,442123.2877 4473195.8199 0))",2613854,Verde,Línea,3
"MULTILINESTRING Z ((442029.5736 4473209.011 0,442098.7408 4473223.5786 0))",2613855,Verde,Línea,14
"MULTILINESTRING Z ((442074.4233 4473223.4639 0,442097.135 4473228.2815 0))",2613856,Verde,Línea,4
"MULTILINESTRING Z ((442116.176 4473231.3785 0,442114.9143 4473237.2285 0))",2613857,Verde,Línea,1
"MULTILINESTRING Z ((442111.489 4473251.3495 0,442102.3223 4473295.5995 0))",2613858,Verde,Línea,10
"MULTILINESTRING Z ((442367.4951 4473225.108 0,442373.3833 4473230.8433 0,442381.1068 4473236.3491 0,442384.2421 4473238.7962 0,442392.9597 4473248.2785 0))",2613859,Verde,Batería,12
"MULTILINESTRING Z ((442374.0716 4473225.6433 0,442383.9362 4473231.2256 0))",2613861,Verde,Batería,5
"MULTILINESTRING Z ((442394.2597 4473240.4785 0,442386.6891 4473233.8256 0))",2613862,Verde,Batería,4
"MULTILINESTRING Z ((444944.239 4475804.465 0,444945.9612 4475792.6872 0))",2613868,Verde,Línea,2
"MULTILINESTRING Z ((440152.8223 4481181.1594 0,440164.0723 4481184.1594 0))",2613887,Verde,Línea,3
"MULTILINESTRING Z ((440023.9242 4476952.7983 0,440081.5168 4476980.2427 0))",2614005,Verde,Línea,13
"MULTILINESTRING Z ((440631.4057 4476669.6316 0,440669.2946 4476667.0205 0))",2614011,Verde,Línea,8
"MULTILINESTRING Z ((439381.5723 4475671.1594 0,439375.5723 4475660.2427 0))",2614019,Verde,Línea,2
"MULTILINESTRING Z ((440124.0723 4476278.7427 0,440133.989 4476277.9927 0))",2614025,Azul,Línea,2
"MULTILINESTRING Z ((443017.9345 4474363.6172 0,443007.2892 4474364.5779 0))",2614028,Verde,Línea,2
"MULTILINESTRING Z ((438962.9657 4473894.0539 0,438962.8598 4473888.6548 0))",2614037,Verde,Línea,1
"MULTILINESTRING Z ((439067.6661 4473928.5659 0,439086.4042 4473928.0366 0))",2614038,Azul,Línea,3
"MULTILINESTRING Z ((439099.849 4473927.6131 0,439093.7089 4473927.8249 0))",2614039,Azul,Línea,1
"MULTILINESTRING Z ((438830.9676 4473813.8717 0,438860.5054 4473818.1576 0))",2614040,Verde,Línea,6
"MULTILINESTRING Z ((438830.5983 4473809.5998 0,438849.8842 4473811.9454 0))",2614041,Verde,Línea,3
"MULTILINESTRING Z ((439005.9468 4473661.8922 0,438971.1173 4473662.9508 0))",2614043,Verde,Batería,13
"MULTILINESTRING Z ((438840.6917 4473488.2737 0,438823.0123 4473487.5327 0))",2614044,Verde,Línea,3
"MULTILINESTRING Z ((438840.7976 4473483.4039 0,438823.224 4473482.8746 0))",2614045,Verde,Línea,3
"MULTILINESTRING Z ((438805.6504 4473457.1494 0,438807.8736 4473423.1668 0,438809.3557 4473389.7135 0,438809.3557 4473378.7035 0,438809.144 4473373.5162 0))",2614047,Verde,Línea,19
"MULTILINESTRING Z ((438909.5039 4473439.0465 0,438868.3225 4473437.882 0))",2614051,Verde,Batería,16
"MULTILINESTRING Z ((438850.7489 4473475.4641 0,438851.1723 4473440.1052 0))",2614052,Verde,Batería,13
"MULTILINESTRING Z ((438822.489 4473342.1829 0,438920.5723 4473329.5995 0))",2614053,Verde,Línea,19
"MULTILINESTRING Z ((438954.8141 4473359.1185 0,438947.9329 4473340.3804 0,438946.0273 4473332.4406 0,438946.0273 4473326.9356 0,438949.415 4473301.4221 0))",2614056,Verde,Línea,11
"MULTILINESTRING Z ((439112.7197 4473414.7601 0,439101.513 4473458.1533 0))",2614065,Verde,Línea,9
"MULTILINESTRING Z ((439187.648 4473358.7919 0,439182.3705 4473363.483 0,439177.2884 4473370.3243 0,439169.4698 4473385.9615 0,439120.7989 4473490.7309 0))",2614068,Verde,Línea,30
"MULTILINESTRING Z ((438761.6598 4473169.9204 0,438786.6138 4473242.7565 0))",2614069,Azul,Línea,9
"MULTILINESTRING Z ((438747.6281 4473128.9763 0,438757.2114 4473157.9763 0))",2614070,Azul,Línea,5
"MULTILINESTRING Z ((438904.8011 4473227.6745 0,438919.6146 4473270.6147 0))",2614071,Verde,Línea,10
"MULTILINESTRING Z ((438927.5205 4473276.7034 0,438913.8356 4473237.0471 0))",2614072,Verde,Batería,15
"MULTILINESTRING Z ((438910.2395 4473225.7595 0,438912.7368 4473233.1513 0))",2614073,Verde,Batería,2
"MULTILINESTRING Z ((438899.5513 4473210.7121 0,438895.9553 4473199.924 0))",2614075,Verde,Línea,2
"MULTILINESTRING Z ((438971.622 4473138.6414 0,438970.8729 4473144.485 0))",2614076,Verde,Línea,1
"MULTILINESTRING Z ((438893.5569 4473144.4645 0,438951.1769 4473151.657 0))",2614078,Verde,Línea,11
"MULTILINESTRING Z ((438951.6939 4473145.0843 0,438927.2708 4473141.9378 0))",2614079,Verde,Línea,5
"MULTILINESTRING Z ((438972.1551 4473134.3581 0,438979.315 4473084.7161 0))",2614082,Verde,Línea,10
"MULTILINESTRING Z ((439060.4743 4473321.2905 0,439098.6823 4473318.2938 0))",2614086,Verde,Línea,8
"MULTILINESTRING Z ((439115.7635 4473316.6456 0,439104.8255 4473317.5446 0))",2614087,Verde,Línea,2
"MULTILINESTRING Z ((439072.6109 4473267.2 0,439081.0017 4473236.6336 0))",2614089,Verde,Línea,6
"MULTILINESTRING Z ((439145.1312 4473293.1215 0,439150.3754 4473272.1445 0))",2614090,Verde,Línea,4
"MULTILINESTRING Z ((439135.8414 4473282.1835 0,439142.2843 4473257.161 0))",2614091,Azul,Línea,4
"MULTILINESTRING Z ((439156.9057 4473246.4927 0,439160.6557 4473231.6594 0))",2614093,Verde,Línea,3
"MULTILINESTRING Z ((439162.0625 4473225.0963 0,439163.5609 4473219.4026 0))",2614095,Verde,Línea,1
"MULTILINESTRING Z ((439167.7563 4473205.3181 0,439166.2579 4473211.9108 0))",2614096,Verde,Línea,1
"MULTILINESTRING Z ((439274.5888 4473233.0376 0,439270.3934 4473224.9465 0,439268.1459 4473221.3504 0,439266.198 4473219.5524 0,439264.1003 4473217.9042 0,439246.7194 4473214.0085 0))",2614098,Verde,Línea,7
"MULTILINESTRING Z ((439262.8501 4473213.3495 0,439273.2946 4473215.8495 0))",2614100,Verde,Línea,2
"MULTILINESTRING Z ((439289.6279 4473259.9051 0,439277.3501 4473238.2384 0))",2614101,Verde,Línea,5
"MULTILINESTRING Z ((439178.3946 4473164.5629 0,439182.2903 4473149.2797 0))",2614103,Verde,Línea,3
"MULTILINESTRING Z ((439192.6289 4473110.1727 0,439183.6388 4473144.7846 0))",2614104,Verde,Línea,8
"MULTILINESTRING Z ((439168.8051 4473156.7715 0,439183.9385 4473098.6354 0))",2614105,Azul,Línea,12
"MULTILINESTRING Z ((439318.7901 4473282.633 0,439349.806 4473264.8026 0))",2614108,Verde,Batería,13
"MULTILINESTRING Z ((439353.7017 4473262.7049 0,439361.1935 4473258.3597 0))",2614109,Verde,Batería,4
"MULTILINESTRING Z ((439412.5307 4473199.3495 0,439397.7807 4473174.8495 0))",2614112,Verde,Línea,5
"MULTILINESTRING Z ((439384.5678 4473156.6216 0,439394.6067 4473168.9081 0))",2614113,Verde,Línea,3
"MULTILINESTRING Z ((439369.8839 4473197.227 0,439374.6787 4473193.7807 0))",2614119,Verde,Línea,1
"MULTILINESTRING Z ((439288.0739 4473217.7544 0,439342.1644 4473167.1101 0))",2614120,Verde,Línea,15
"MULTILINESTRING Z ((439356.6984 4473153.7748 0,439347.4087 4473162.3154 0))",2614121,Verde,Línea,4
"MULTILINESTRING Z ((439533.0545 4473107.9252 0,439548.038 4473118.8632 0))",2614123,Verde,Batería,9
"MULTILINESTRING Z ((439524.1557 4473101.8495 0,439491.8223 4473077.9329 0))",2614124,Verde,Batería,15
"MULTILINESTRING Z ((439528.4096 4473116.6156 0,439521.667 4473112.2704 0))",2614126,Azul,Línea,1
"MULTILINESTRING Z ((438730.9778 4473058.914 0,438736.2281 4473084.2281 0,438741.2909 4473105.2294 0))",2614127,Azul,Línea,10
"MULTILINESTRING Z ((438734.7807 4473001.0761 0,438749.9057 4473002.0761 0))",2614129,Verde,Línea,3
"MULTILINESTRING Z ((438740.3504 4472997.0762 0,438794.6902 4472999.9793 0))",2614132,Verde,Línea,10
"MULTILINESTRING Z ((438725.3323 4472930.4447 0,438723.8703 4472949.5834 0,438723.2058 4472960.2161 0,438722.6741 4472973.7727 0,438722.2754 4472990.9178 0,438722.1425 4473003.2783 0))",2614134,Verde,Línea,16
"MULTILINESTRING Z ((438826.9057 4472915.6594 0,438782.239 4472914.9927 0))",2614136,Verde,Línea,9
"MULTILINESTRING Z ((438747.2807 4472909.0761 0,438788.2807 4472909.4511 0))",2614138,Verde,Línea,8
"MULTILINESTRING Z ((438842.4057 4472910.9511 0,438793.7807 4472909.8261 0))",2614140,Verde,Línea,10
"MULTILINESTRING Z ((438854.7807 4473008.3261 0,438854.5307 4472980.9511 0,438855.0307 4472967.8261 0,438855.4057 4472961.4511 0,438857.0307 4472943.4511 0))",2614142,Verde,Línea,13
"MULTILINESTRING Z ((438858.5307 4472928.8261 0,438857.5307 4472937.8261 0))",2614143,Verde,Línea,2
"MULTILINESTRING Z ((438855.5307 4473021.4511 0,438856.0307 4473034.4511 0,438857.5307 4473046.9511 0,438860.5307 4473065.0761 0,438863.2807 4473082.4511 0,438870.4057 4473110.5761 0))",2614145,Verde,Batería,29
"MULTILINESTRING Z ((438852.8223 4473046.7427 0,438853.0723 4473048.9927 0,438859.239 4473084.6594 0))",2614146,Verde,Línea,6
"MULTILINESTRING Z ((438932.9057 4473010.4511 0,438930.7807 4473025.7011 0))",2614148,Verde,Línea,3
"MULTILINESTRING Z ((438924.8044 4473068.6633 0,438920.0094 4473102.3483 0))",2614150,Verde,Línea,6
"MULTILINESTRING Z ((438946.4057 4473071.0761 0,438936.0307 4473069.5761 0))",2614151,Verde,Línea,2
"MULTILINESTRING Z ((438937.4057 4473065.9511 0,438960.9057 4473068.9511 0))",2614152,Verde,Línea,4
"MULTILINESTRING Z ((438938.9057 4472969.8261 0,438939.9057 4472962.0761 0))",2614153,Verde,Línea,1
"MULTILINESTRING Z ((438975.2807 4473067.9511 0,438980.7807 4473027.7011 0))",2614154,Verde,Línea,8
"MULTILINESTRING Z ((438991.0307 4472958.0761 0,438981.9057 4473020.9511 0))",2614156,Verde,Línea,13
"MULTILINESTRING Z ((438984.6162 4472947.086 0,438955.0395 4472943.0265 0))",2614157,Verde,Línea,6
"MULTILINESTRING Z ((439006.995 4472888.4658 0,439000.0571 4472938.3439 0))",2614158,Verde,Línea,8
"MULTILINESTRING Z ((438947.4057 4472936.7011 0,438951.7807 4472904.9511 0))",2614159,Verde,Línea,6
"MULTILINESTRING Z ((438942.4057 4472941.9511 0,438949.4057 4472888.4511 0))",2614160,Verde,Línea,11
"MULTILINESTRING Z ((439218.1332 4473013.3486 0,439222.071 4472997.5976 0))",2614163,Verde,Línea,3
"MULTILINESTRING Z ((439237.4469 4472940.0315 0,439223.571 4472991.9723 0))",2614165,Verde,Línea,11
"MULTILINESTRING Z ((439213.4454 4473032.2873 0,439196.5694 4473096.0413 0))",2614170,Verde,Línea,13
"MULTILINESTRING Z ((439223.9461 4473027.2245 0,439292.3879 4473060.039 0,439327.265 4473100.1665 0,439350.5165 4473126.4182 0))",2614171,Verde,Línea,35
"MULTILINESTRING Z ((439313.6557 4473088.7245 0,439290.9057 4473063.0995 0,439289.4057 4473061.9745 0,439273.7807 4473054.5995 0))",2614172,Verde,Línea,11
"MULTILINESTRING Z ((439258.183 4472862.8744 0,439260.7823 4472853.3435 0))",2614174,Verde,Línea,2
"MULTILINESTRING Z ((439277.2807 4472870.8495 0,439306.5307 4472848.7245 0))",2614175,Verde,Línea,8
"MULTILINESTRING Z ((439366.2807 4473001.5995 0,439378.6557 4473010.2245 0))",2614176,Azul,Línea,2
"MULTILINESTRING Z ((439389.2807 4473005.4511 0,439423.4057 4473030.2011 0))",2614184,Verde,Batería,18
"MULTILINESTRING Z ((439404.5307 4472975.8261 0,439380.1557 4472984.9511 0))",2614186,Verde,Línea,5
"MULTILINESTRING Z ((439414.7807 4472971.9511 0,439490.0307 4472944.5761 0))",2614188,Verde,Línea,16
"MULTILINESTRING Z ((439368.0307 4472983.2011 0,439369.5307 4472983.3261 0,439440.5307 4472957.2011 0))",2614190,Verde,Línea,13
"MULTILINESTRING Z ((439512.5307 4472930.2011 0,439446.7807 4472954.9511 0))",2614191,Verde,Línea,18
"MULTILINESTRING Z ((439529.0307 4472940.3261 0,439542.9057 4472979.4511 0))",2614193,Verde,Batería,16
"MULTILINESTRING Z ((439559.7796 4473024.7868 0,439568.9676 4473049.3509 0))",2614195,Verde,Batería,9
"MULTILINESTRING Z ((439518.527 4472912.2798 0,439514.2142 4472900.2791 0))",2614198,Verde,Batería,4
"MULTILINESTRING Z ((439264.7432 4472838.7996 0,439269.1992 4472820.79 0))",2614207,Verde,Línea,4
"MULTILINESTRING Z ((439270.0656 4472818.3144 0,439271.3034 4472812.8682 0))",2614208,Verde,Línea,1
"MULTILINESTRING Z ((439276.8734 4472791.2071 0,439275.0168 4472798.51 0))",2614210,Verde,Línea,1
"MULTILINESTRING Z ((439279.349 4472783.2853 0,439280.5868 4472777.7153 0))",2614212,Verde,Línea,1
"MULTILINESTRING Z ((439282.691 4472771.0313 0,439287.5183 4472751.5982 0))",2614213,Verde,Línea,4
"MULTILINESTRING Z ((439315.7396 4472603.065 0,439310.2934 4472623.8596 0))",2614215,Azul,Línea,4
"MULTILINESTRING Z ((439292.2219 4472734.3931 0,439297.2967 4472714.96 0))",2614216,Verde,Línea,4
"MULTILINESTRING Z ((439299.2772 4472708.7711 0,439305.7136 4472683.6443 0))",2614217,Verde,Línea,5
"MULTILINESTRING Z ((439446.8202 4472782.059 0,439415.5044 4472793.6941 0,439403.3742 4472798.5215 0,439399.4133 4472800.0068 0))",2614223,Verde,Línea,9
"MULTILINESTRING Z ((439472.4057 4472786.4511 0,439480.9057 4472809.5761 0))",2614226,Verde,Batería,7
"MULTILINESTRING Z ((439456.9057 4472745.4511 0,439456.1557 4472742.3261 0))",2614227,Verde,Batería,1
"MULTILINESTRING Z ((439423.2807 4472654.4511 0,439421.5307 4472649.2011 0))",2614230,Verde,Batería,2
"MULTILINESTRING Z ((439332.3258 4472582.5179 0,439337.4007 4472563.3324 0))",2614232,Verde,Línea,4
"MULTILINESTRING Z ((439402.7807 4472597.5761 0,439392.6557 4472569.5761 0))",2614233,Verde,Batería,9
"MULTILINESTRING Z ((440331.6557 4476673.6829 0,440314.3223 4476674.9329 0))",2614259,Azul,Línea,4
"MULTILINESTRING Z ((440337.989 4476673.2427 0,440370.3223 4476670.9927 0))",2614260,Azul,Línea,6
"MULTILINESTRING Z ((440325.4871 4476514.2711 0,440331.4931 4476513.4369 0))",2614261,Verde,Línea,1
"MULTILINESTRING Z ((440348.3433 4476510.9344 0,440351.5131 4476510.6008 0))",2614262,Verde,Línea,1
"MULTILINESTRING Z ((440400.3647 4476656.1918 0,440399.4071 4476640.3909 0))",2614263,Verde,Línea,3
"MULTILINESTRING Z ((440536.8651 4476590.8477 0,440535.6973 4476564.1543 0))",2614264,Verde,Batería,10
"MULTILINESTRING Z ((440532.2807 4476498.4511 0,440532.2807 4476504.2011 0))",2614266,Verde,Batería,1
"MULTILINESTRING Z ((440521.489 4476483.8261 0,440529.4057 4476482.7427 0))",2614267,Verde,Línea,1
"MULTILINESTRING Z ((440620.9492 4476461.0512 0,440623.2849 4476448.8724 0))",2614271,Verde,Línea,2
"MULTILINESTRING Z ((440539.7013 4476469.7266 0,440546.8751 4476446.5367 0))",2614273,Verde,Batería,8
"MULTILINESTRING Z ((440271.9057 4476358.6594 0,440271.4057 4476344.3261 0))",2614276,Azul,Línea,3
"MULTILINESTRING Z ((440283.989 4476388.5761 0,440326.1557 4476385.6594 0))",2614277,Verde,Línea,8
"MULTILINESTRING Z ((440377.0386 4476269.1927 0,440373.5351 4476284.7082 0))",2614281,Verde,Línea,3
"MULTILINESTRING Z ((440387.5491 4476260.0168 0,440402.5642 4476258.6822 0))",2614283,Verde,Línea,3
"MULTILINESTRING Z ((440391.5352 4476254.25 0,440448.8196 4476249.9513 0))",2614285,Verde,Línea,10
"MULTILINESTRING Z ((440448.9439 4476323.0799 0,440452.1137 4476312.5694 0))",2614287,Azul,Línea,2
"MULTILINESTRING Z ((440532.6398 4476371.5809 0,440518.0393 4476372.4074 0))",2614289,Verde,Línea,3
"MULTILINESTRING Z ((440467.7961 4476264.6882 0,440475.9709 4476240.1637 0))",2614290,Azul,Línea,4
"MULTILINESTRING Z ((440548.48 4476441.209 0,440558.604 4476405.603 0))",2614291,Verde,Batería,12
"MULTILINESTRING Z ((440564.458 4476385.4928 0,440559.3616 4476403.3991 0))",2614292,Verde,Batería,5
"MULTILINESTRING Z ((440594.489 4476272.6594 0,440600.4057 4476251.3261 0))",2614293,Verde,Línea,4
"MULTILINESTRING Z ((440422.9178 4476046.8036 0,440431.4264 4476002.5928 0))",2614295,Verde,Línea,8
"MULTILINESTRING Z ((440398.727 4476052.3091 0,440383.3783 4476046.9705 0))",2614296,Verde,Línea,3
"MULTILINESTRING Z ((440790.3597 4476041.84 0,440740.8579 4476026.0894 0))",2614299,Verde,Línea,10
"MULTILINESTRING Z ((440716.9106 4476018.857 0,440728.4825 4476022.3929 0))",2614300,Verde,Línea,2
"MULTILINESTRING Z ((440713.6962 4476081.2164 0,440677.2128 4476069.6445 0))",2614302,Verde,Línea,8
"MULTILINESTRING Z ((440752.3762 4476161.0942 0,440709.1961 4476147.808 0))",2614306,Verde,Línea,9
"MULTILINESTRING Z ((440703.9459 4476138.9149 0,440712.5176 4476110.1996 0))",2614308,Verde,Línea,6
"MULTILINESTRING Z ((440714.0177 4476106.0208 0,440716.1606 4476097.9848 0))",2614309,Verde,Línea,2
"MULTILINESTRING Z ((440286.4057 4475725.9511 0,440305.7807 4475721.2011 0))",2614312,Verde,Línea,4
"MULTILINESTRING Z ((440181.7807 4475818.4511 0,440167.5307 4475769.5761 0))",2614313,Azul,Línea,9
"MULTILINESTRING Z ((440451.4012 4475933.1932 0,440485.7952 4475944.2293 0))",2614314,Verde,Línea,7
"MULTILINESTRING Z ((440486.1167 4475845.9758 0,440515.3677 4475849.0831 0))",2614316,Verde,Línea,6
"MULTILINESTRING Z ((440646.1384 4475886.1126 0,440626.3726 4475879.5699 0))",2614317,Verde,Línea,5
"MULTILINESTRING Z ((440681.3379 4475994.374 0,440707.3746 4475909.8353 0))",2614319,Verde,Batería,33
"MULTILINESTRING Z ((440700.5462 4475793.1374 0,440787.1853 4475803.6057 0))",2614320,Verde,Batería,32
"MULTILINESTRING Z ((440788.2183 4475799.8867 0,440764.6646 4475796.9253 0))",2614321,Verde,Línea,4
"MULTILINESTRING Z ((440680.989 4475799.8261 0,440687.1557 4475782.3261 0))",2614323,Verde,Línea,3
"MULTILINESTRING Z ((440638.3223 4475740.2427 0,440643.239 4475715.8261 0))",2614325,Verde,Línea,4
"MULTILINESTRING Z ((440630.3361 4475731.1146 0,440633.4434 4475716.8641 0))",2614326,Verde,Línea,3
"MULTILINESTRING Z ((440633.6577 4475716.4355 0,440634.8363 4475711.3996 0))",2614327,Verde,Línea,1
"MULTILINESTRING Z ((440482.489 4475724.8261 0,440489.6557 4475689.3261 0))",2614329,Verde,Línea,6
"MULTILINESTRING Z ((440489.989 4475688.2427 0,440494.4057 4475667.5761 0))",2614330,Verde,Línea,4
"MULTILINESTRING Z ((440644.4795 4475664.5765 0,440636.122 4475703.8993 0))",2614333,Verde,Línea,8
"MULTILINESTRING Z ((440695.267 4475664.5765 0,440701.0529 4475665.1122 0))",2614334,Verde,Línea,1
"MULTILINESTRING Z ((440772.3055 4475670.1481 0,440769.8411 4475669.8267 0))",2614336,Verde,Batería,1
"MULTILINESTRING Z ((440762.2946 4475666.1872 0,440782.739 4475668.2427 0))",2614337,Verde,Línea,4
"MULTILINESTRING Z ((440748.6834 4475664.6872 0,440761.5723 4475666.0761 0))",2614338,Verde,Línea,3
"MULTILINESTRING Z ((440769.9294 4475609.9416 0,440792.5094 4475613.3988 0))",2614340,Verde,Línea,4
"MULTILINESTRING Z ((440747.9057 4475629.8261 0,440746.0723 4475635.3261 0))",2614341,Verde,Línea,1
"MULTILINESTRING Z ((440783.2344 4475531.7146 0,440776.4842 4475550.0367 0))",2614342,Verde,Línea,4
"MULTILINESTRING Z ((440666.4446 4475606.6101 0,440664.1945 4475617.5391 0))",2614343,Verde,Línea,2
"MULTILINESTRING Z ((440848.3796 4475677.8627 0,440897.7742 4475683.1129 0))",2614344,Verde,Batería,19
"MULTILINESTRING Z ((440932.9184 4475647.2723 0,440924.5609 4475673.309 0))",2614345,Azul,Línea,5
"MULTILINESTRING Z ((440837.5723 4475666.4927 0,440841.4057 4475646.1594 0))",2614348,Verde,Línea,4
"MULTILINESTRING Z ((440855.3442 4475619.1463 0,440885.3452 4475623.7536 0))",2614350,Verde,Línea,6
"MULTILINESTRING Z ((440863.7016 4475571.7875 0,440892.2026 4475576.3948 0))",2614352,Verde,Línea,6
"MULTILINESTRING Z ((440920.3822 4475576.5019 0,440892.4169 4475572.4304 0))",2614353,Verde,Línea,5
"MULTILINESTRING Z ((440863.0587 4475508.5709 0,440862.2015 4475513.6068 0))",2614354,Verde,Línea,1
"MULTILINESTRING Z ((442260.0509 4472905.7395 0,442257.8342 4472901.3985 0))",2614373,Verde,Línea,1
"MULTILINESTRING Z ((442261.0677 4472907.2371 0,442265.5947 4472916.1355 0))",2614374,Verde,Línea,2
"MULTILINESTRING Z ((439157.5723 4476215.7427 0,439142.4057 4476212.9927 0))",2614375,Verde,Línea,3
"MULTILINESTRING Z ((439198.239 4476223.2427 0,439158.8223 4476215.8261 0))",2614376,Verde,Línea,8
"MULTILINESTRING Z ((441549.1388 4476172.6674 0,441523.1226 4476171.6744 0))",2614379,Verde,Línea,5
"MULTILINESTRING Z ((441471.4875 4476169.8871 0,441516.1717 4476171.4758 0))",2614380,Verde,Línea,9
"MULTILINESTRING Z ((442423.0856 4474775.1451 0,442431.924 4474774.5839 0))",2614390,Verde,Línea,2
"MULTILINESTRING Z ((442450.8634 4474773.0407 0,442460.5435 4474772.4795 0))",2614391,Verde,Línea,2
"MULTILINESTRING Z ((442503.6131 4474769.2528 0,442513.7097 4474768.5429 0))",2614392,Verde,Línea,2
"MULTILINESTRING Z ((441876.239 4475339.3261 0,441875.4057 4475331.0761 0))",2614393,Verde,Línea,2
"MULTILINESTRING Z ((440871.4057 4474011.6829 0,440873.9057 4474044.6829 0))",2614481,Verde,Línea,6
"MULTILINESTRING Z ((440873.0307 4473986.9745 0,440875.4057 4474022.3495 0))",2614482,Verde,Línea,6
"MULTILINESTRING Z ((440880.4116 4473979.7366 0,440964.4159 4473978.7972 0))",2614483,Verde,Línea,15
"MULTILINESTRING Z ((440904.2493 4473976.4882 0,440914.3887 4473976.2932 0))",2614485,Verde,Línea,1
"MULTILINESTRING Z ((441108.3049 4474032.0135 0,441115.2015 4474031.6078 0,441121.4219 4474031.8783 0))",2614486,Verde,Batería,5
"MULTILINESTRING Z ((440753.1676 4473719.9107 0,440763.724 4473712.6345 0))",2614487,Verde,Línea,3
"MULTILINESTRING Z ((440995.9958 4473562.7568 0,441005.926 4473556.7629 0))",2614489,Verde,Batería,2
"MULTILINESTRING Z ((441052.1775 4473530.1928 0,441098.7869 4473503.4438 0))",2614490,Verde,Línea,9
"MULTILINESTRING Z ((440961.8223 4474069.9094 0,440958.1557 4474098.5761 0))",2614491,Verde,Línea,4
"MULTILINESTRING Z ((440971.0307 4473995.3261 0,440961.9057 4474069.2011 0))",2614492,Verde,Línea,11
"MULTILINESTRING Z ((440983.239 4473891.5761 0,440983.0723 4473877.4927 0))",2614493,Verde,Línea,2
"MULTILINESTRING Z ((441574.5452 4473418.0144 0,441574.0404 4473425.0815 0))",2614499,Verde,Línea,1
"MULTILINESTRING Z ((441900.9796 4473250.9271 0,441946.5795 4473261.023 0))",2614502,Verde,Línea,10
"MULTILINESTRING Z ((442405.8381 4474757.667 0,442403.0745 4474721.629 0))",2614526,Verde,Línea,7
"MULTILINESTRING Z ((442519.2064 4474731.9991 0,442519.7038 4474736.8075 0))",2614537,Verde,Línea,1
"MULTILINESTRING Z ((442516.6327 4474654.4765 0,442522.139 4474730.5446 0))",2614538,Verde,Batería,26
"MULTILINESTRING Z ((442541.1465 4474766.9913 0,442546.7844 4474766.5491 0))",2614549,Verde,Línea,1
"MULTILINESTRING Z ((442713.5985 4474628.6981 0,442704.4231 4474629.3614 0))",2614558,Verde,Batería,3
"MULTILINESTRING Z ((442743.4057 4474629.9094 0,442747.9057 4474629.4927 0))",2614561,Verde,Línea,1
"MULTILINESTRING Z ((442789.489 4474720.0761 0,442788.1557 4474698.9927 0))",2614567,Verde,Línea,4
"MULTILINESTRING Z ((442837.2995 4474622.8392 0,442848.6858 4474622.1759 0))",2614569,Verde,Línea,2
"MULTILINESTRING Z ((442915.124 4474698.2316 0,442910.7021 4474640.416 0))",2614572,Verde,Línea,12
"MULTILINESTRING Z ((442909.7072 4474626.5977 0,442910.4811 4474636.1047 0))",2614574,Verde,Línea,2
"MULTILINESTRING Z ((442986.6473 4474734.9329 0,442968.1861 4474736.37 0))",2614577,Azul,Línea,3
"MULTILINESTRING Z ((443120.4871 4474601.963 0,443190.0293 4474596.8646 0))",2614583,Azul,Línea,14
"MULTILINESTRING Z ((442399.1557 4474549.5162 0,442412.5723 4474548.6829 0))",2614585,Verde,Batería,5
"MULTILINESTRING Z ((442588.3223 4474536.6829 0,442559.1557 4474538.4329 0))",2614589,Verde,Batería,10
"MULTILINESTRING Z ((442454.7382 4474426.9859 0,442479.2105 4474424.8446 0))",2614596,Verde,Línea,4
"MULTILINESTRING Z ((442546.2317 4474419.2133 0,442531.0868 4474420.7609 0))",2614598,Verde,Línea,3
"MULTILINESTRING Z ((442493.5723 4474380.1273 0,442492.5168 4474366.2384 0))",2614601,Azul,Batería,5
"MULTILINESTRING Z ((442482.6677 4474288.99 0,442484.9891 4474317.5108 0))",2614604,Verde,Línea,6
"MULTILINESTRING Z ((442830.4317 4474394.7416 0,442881.8328 4474391.5912 0))",2614619,Verde,Línea,10
"MULTILINESTRING Z ((442896.2583 4474363.2377 0,442895.595 4474352.6258 0))",2614621,Verde,Línea,2
"MULTILINESTRING Z ((442941.027 4474369.2068 0,442929.4203 4474369.8701 0))",2614622,Verde,Línea,2
"MULTILINESTRING Z ((442959.0718 4474368.0484 0,442950.0986 4474368.6602 0))",2614624,Verde,Línea,1
"MULTILINESTRING Z ((442967.4057 4474389.3261 0,443024.1557 4474385.3261 0))",2614625,Azul,Línea,10
"MULTILINESTRING Z ((443044.4057 4474384.0761 0,443029.4057 4474384.9511 0))",2614626,Azul,Línea,2
"MULTILINESTRING Z ((443164.8704 4474375.5076 0,443176.3113 4474374.3469 0))",2614628,Azul,Línea,2
"MULTILINESTRING Z ((443195.7111 4474373.3521 0,443183.9386 4474373.8495 0))",2614629,Azul,Línea,2
"MULTILINESTRING Z ((442966.4057 4474371.7427 0,443011.739 4474368.3261 0))",2614631,Verde,Línea,8
"MULTILINESTRING Z ((442486.5723 4474288.2662 0,442487.4057 4474303.7662 0))",2614632,Verde,Batería,5
"MULTILINESTRING Z ((442545.0727 4474254.6321 0,442500.8015 4474258.6116 0))",2614633,Verde,Línea,9
"MULTILINESTRING Z ((442552.8658 4474272.208 0,442570.11 4474270.7157 0))",2614634,Verde,Línea,3
"MULTILINESTRING Z ((442551.2077 4474254.1347 0,442598.961 4474250.1552 0))",2614635,Verde,Línea,10
"MULTILINESTRING Z ((442600.739 4474245.7427 0,442572.989 4474247.9927 0))",2614636,Verde,Línea,5
"MULTILINESTRING Z ((442605.7872 4474139.7231 0,442606.9122 4474154.7231 0))",2614638,Azul,Línea,3
"MULTILINESTRING Z ((442689.9783 4474255.7817 0,442637.5668 4474260.5742 0))",2614639,Verde,Línea,10
"MULTILINESTRING Z ((442696.8102 4474255.0679 0,442743.8174 4474251.499 0))",2614642,Verde,Línea,9
"MULTILINESTRING Z ((442695.2772 4474242.2469 0,442742.821 4474238.1642 0))",2614644,Verde,Línea,9
"MULTILINESTRING Z ((442750.3434 4474154.8334 0,442752.0768 4474186.0356 0))",2614646,Verde,Batería,12
"MULTILINESTRING Z ((442757.5831 4474223.4578 0,442753.6063 4474156.3629 0))",2614647,Verde,Línea,13
"MULTILINESTRING Z ((442814.6797 4474231.9161 0,442854.8058 4474228.7658 0))",2614649,Verde,Línea,8
"MULTILINESTRING Z ((442871.7184 4474227.1077 0,442860.6091 4474227.9367 0))",2614650,Verde,Línea,2
"MULTILINESTRING Z ((442955.2866 4474233.9059 0,442898.7454 4474238.8802 0))",2614651,Verde,Línea,11
"MULTILINESTRING Z ((442954.5723 4474219.9927 0,442898.1557 4474224.9927 0))",2614652,Verde,Línea,10
"MULTILINESTRING Z ((443034.0355 4474320.548 0,443028.9057 4474245.4664 0))",2614653,Verde,Línea,15
"MULTILINESTRING Z ((442575.5723 4475584.6872 0,442576.5723 4475598.5761 0))",2614669,Verde,Línea,3
"MULTILINESTRING Z ((442581.6784 4475631.5635 0,442579.4542 4475598.9618 0))",2614670,Verde,Línea,7
"MULTILINESTRING Z ((443510.1756 4474422.9047 0,443507.1709 4474417.2709 0))",2614672,Azul,Línea,1
"MULTILINESTRING Z ((443664.8702 4474499.3979 0,443675.8867 4474503.9882 0,443681.3115 4474505.7408 0,443688.2386 4474507.7438 0,443696.501 4474509.413 0,443701.9258 4474510.0806 0,443708.1017 4474510.5814 0,443716.6145 4474510.9987 0,443726.2122 4474510.4979 0,443737.8129 4474509.413 0))",2614674,Verde,Línea,14
"MULTILINESTRING Z ((443765.1039 4474482.9566 0,443767.858 4474485.5438 0,443771.0294 4474487.0461 0,443774.4512 4474487.6303 0,443777.4557 4474487.1295 0,443780.4602 4474486.2115 0,443785.6347 4474483.8747 0,443795.4828 4474478.7002 0))",2614675,Verde,Línea,6
"MULTILINESTRING Z ((440006.4046 4480017.7069 0,440007.6702 4480021.7965 0))",2614676,Verde,Línea,1
"MULTILINESTRING Z ((443688.1279 4474427.7427 0,443686.3501 4474422.465 0))",2614677,Verde,Batería,2
"MULTILINESTRING Z ((443712.1327 4474320.5923 0,443714.2233 4474328.1416 0))",2614681,Verde,Batería,2
"MULTILINESTRING Z ((443805.6647 4474387.8974 0,443810.8391 4474392.1537 0))",2614683,Verde,Batería,3
"MULTILINESTRING Z ((443784.2159 4474373.2087 0,443778.2903 4474364.6124 0,443774.7851 4474357.5185 0,443771.3633 4474349.2561 0,443767.7746 4474339.5749 0,443755.9234 4474300.0155 0))",2614685,Verde,Línea,15
"MULTILINESTRING Z ((443752.0426 4474288.2796 0,443753.6701 4474293.2871 0))",2614686,Verde,Línea,1
"MULTILINESTRING Z ((440044.2369 4480035.2373 0,440053.477 4480032.3182 0))",2614687,Verde,Línea,2
"MULTILINESTRING Z ((443869.1767 4474371.456 0,443874.1007 4474382.6395 0,443875.5195 4474391.0688 0,443875.1022 4474400.4161 0,443872.2646 4474410.3477 0,443866.506 4474423.0334 0))",2614688,Verde,Línea,10
"MULTILINESTRING Z ((443245.3869 4474209.5714 0,443261.1615 4474217.8343 0))",2614689,Azul,Batería,6
"MULTILINESTRING Z ((443299.6592 4474239.4305 0,443265.4808 4474219.9 0))",2614691,Azul,Batería,14
"MULTILINESTRING Z ((440055.4633 4480031.6543 0,440058.5908 4480030.6666 0))",2614692,Verde,Línea,1
"MULTILINESTRING Z ((443334.6272 4474181.4631 0,443325.2253 4474189.3186 0,443322.0089 4474191.7309 0,443319.2873 4474193.401 0,443316.2564 4474194.5762 0,443313.6585 4474195.4422 0,443310.8751 4474195.7515 0,443307.5968 4474195.937 0))",2614693,Verde,Línea,6
"MULTILINESTRING Z ((443341.3583 4474175.5012 0,443375.8747 4474144.8819 0,443377.8232 4474142.655 0,443380.4676 4474138.758 0,443382.1377 4474135.6961 0,443383.2512 4474132.3558 0))",2614694,Verde,Línea,10
"MULTILINESTRING Z ((443380.7859 4474067.0362 0,443384.354 4474112.1066 0))",2614696,Verde,Línea,9
"MULTILINESTRING Z ((443385.4057 4474059.9927 0,443383.239 4474025.9927 0))",2614697,Verde,Batería,12
"MULTILINESTRING Z ((443378.0954 4474045.5414 0,443379.1381 4474060.219 0))",2614698,Verde,Línea,3
"MULTILINESTRING Z ((443216.8423 4474104.4071 0,443219.6592 4474149.1019 0))",2614700,Azul,Línea,9
"MULTILINESTRING Z ((440081.2081 4480033.1687 0,440083.5291 4480043.2427 0))",2614701,Verde,Línea,2
"MULTILINESTRING Z ((443214.2132 4474068.7263 0,443211.0207 4474023.6559 0))",2614703,Azul,Línea,9
"MULTILINESTRING Z ((443670.7855 4474247.3054 0,443666.5268 4474242.8145 0,443655.919 4474233.9101 0))",2614707,Verde,Línea,3
"MULTILINESTRING Z ((443538.908 4474153.6089 0,443555.6216 4474152.67 0))",2614708,Verde,Línea,3
"MULTILINESTRING Z ((443696.2089 4474196.6422 0,443699.5889 4474199.8971 0))",2614714,Verde,Línea,1
"MULTILINESTRING Z ((443726.2539 4474230.3177 0,443730.8859 4474236.8274 0,443734.266 4474243.0868 0,443738.5223 4474251.3492 0,443743.5299 4474262.4909 0))",2614715,Verde,Línea,7
"MULTILINESTRING Z ((443750.5404 4474281.2691 0,443747.0351 4474270.7533 0))",2614716,Verde,Línea,2
"MULTILINESTRING Z ((443808.0016 4474266.3718 0,443808.8779 4474269.5015 0))",2614718,Verde,Batería,1
"MULTILINESTRING Z ((443788.7226 4474231.2457 0,443784.4663 4474223.0668 0,443778.5407 4474212.4675 0,443771.3633 4474201.6179 0))",2614719,Verde,Línea,6
"MULTILINESTRING Z ((443752.7937 4474176.6121 0,443757.5509 4474181.87 0))",2614721,Verde,Línea,1
"MULTILINESTRING Z ((443780.1264 4474135.018 0,443783.2978 4474131.7632 0))",2614723,Azul,Batería,1
"MULTILINESTRING Z ((443748.6361 4474172.5278 0,443742.9958 4474166.7206 0,443738.8408 4474162.5006 0,443733.9508 4474157.9506 0,443729.4558 4474154.0856 0,443726.1058 4474151.2706 0,443721.7858 4474147.7906 0,443716.0508 4474144.4306 0,443711.7008 4474143.1506 0))",2614724,Azul,Línea,9
"MULTILINESTRING Z ((443644.2559 4474152.8782 0,443649.5138 4474154.2135 0,443652.1845 4474154.297 0,443678.7243 4474150.6248 0,443683.7318 4474149.7902 0,443685.8183 4474149.0391 0,443689.1566 4474146.4519 0))",2614725,Azul,Línea,7
"MULTILINESTRING Z ((443281.631 4473870.4164 0,443282.3822 4473882.9986 0))",2614728,Verde,Batería,5
"MULTILINESTRING Z ((443283.1334 4473893.7028 0,443282.9456 4473889.3836 0))",2614729,Verde,Batería,1
"MULTILINESTRING Z ((443247.2855 4473800.1725 0,443265.9385 4473798.9206 0))",2614730,Verde,Línea,4
"MULTILINESTRING Z ((443314.1193 4473804.8765 0,443320.8798 4473809.3836 0,443326.7014 4473815.2052 0))",2614731,Verde,Línea,3
"MULTILINESTRING Z ((443329.0331 4473830.8952 0,443326.3624 4473832.6478 0,443323.4414 4473833.4824 0,443320.5203 4473833.5659 0,443317.8497 4473833.232 0,443309.5873 4473829.4764 0))",2614734,Verde,Línea,3
"MULTILINESTRING Z ((443383.0723 4473880.0162 0,443421.989 4473926.3495 0))",2614736,Verde,Batería,24
"MULTILINESTRING Z ((443381.9127 4473958.3038 0,443406.8892 4473956.0503 0))",2614737,Verde,Línea,5
"MULTILINESTRING Z ((440093.3967 4480014.6301 0,440100.9057 4480012.2427 0))",2614738,Verde,Línea,2
"MULTILINESTRING Z ((443416.2789 4473805.4399 0,443430.5512 4473818.5855 0))",2614739,Verde,Batería,8
"MULTILINESTRING Z ((443625.1279 4473938.5162 0,443566.6279 4473944.0162 0))",2614742,Verde,Batería,21
"MULTILINESTRING Z ((443632.6169 4473930.5103 0,443678.2507 4473927.3179 0))",2614743,Verde,Línea,8
"MULTILINESTRING Z ((443275.7031 4473798.2946 0,443270.32 4473798.6702 0))",2614747,Verde,Línea,1
"MULTILINESTRING Z ((443306.9975 4473801.2715 0,443302.6705 4473799.5924 0,443297.5684 4473798.3007 0,443292.0143 4473797.5903 0,443282.1331 4473798.107 0))",2614749,Verde,Línea,4
"MULTILINESTRING Z ((443299.8644 4473763.868 0,443300.1147 4473735.3252 0))",2614750,Verde,Línea,6
"MULTILINESTRING Z ((443300.2399 4473725.185 0,443300.2399 4473730.5681 0))",2614751,Verde,Línea,1
"MULTILINESTRING Z ((443314.6595 4473712.7252 0,443340.2439 4473736.561 0,443341.2562 4473738.2176 0,443342.1765 4473744.2916 0))",2614753,Verde,Línea,8
"MULTILINESTRING Z ((443345.3055 4473737.4813 0,443356.2571 4473747.1445 0))",2614754,Verde,Línea,2
"MULTILINESTRING Z ((440116.3799 4480007.2885 0,440121.2398 4480005.735 0))",2614755,Verde,Línea,1
"MULTILINESTRING Z ((440128.6562 4480003.3658 0,440138.6579 4480000.1706 0))",2614757,Verde,Línea,2
"MULTILINESTRING Z ((443185.3245 4473664.3899 0,443193.0458 4473776.7979 0))",2614759,Azul,Línea,22
"MULTILINESTRING Z ((443269.6589 4473606.1173 0,443267.8385 4473585.9919 0))",2614761,Verde,Línea,3
"MULTILINESTRING Z ((443265.1044 4473585.567 0,443265.0432 4473582.0821 0))",2614762,Verde,Batería,1
"MULTILINESTRING Z ((443276.3223 4473553.8495 0,443277.9057 4473575.4329 0))",2614764,Verde,Línea,3
"MULTILINESTRING Z ((443328.4072 4473621.4043 0,443346.4342 4473615.2701 0,443361.4567 4473609.887 0))",2614765,Verde,Línea,7
"MULTILINESTRING Z ((443397.7579 4473556.8932 0,443391.1455 4473549.2368 0))",2614769,Verde,Batería,3
"MULTILINESTRING Z ((443446.1845 4473607.4486 0,443483.933 4473620.2562 0))",2614770,Azul,Batería,14
"MULTILINESTRING Z ((443507.224 4473681.6826 0,443508.4035 4473645.8251 0))",2614773,Verde,Batería,12
"MULTILINESTRING Z ((443641.2749 4473585.3724 0,443582.1242 4473591.2707 0))",2614779,Verde,Línea,12
"MULTILINESTRING Z ((443543.6834 4473552.294 0,443567.8501 4473571.294 0))",2614781,Verde,Batería,10
"MULTILINESTRING Z ((443546.1279 4473543.794 0,443573.5723 4473565.9606 0,443576.6279 4473581.9051 0))",2614782,Verde,Batería,20
"MULTILINESTRING Z ((443734.401 4473720.5573 0,443727.6404 4473703.2803 0))",2614783,Verde,Línea,4
"MULTILINESTRING Z ((443167.8169 4473431.0446 0,443165.8416 4473402.0448 0))",2614789,Azul,Línea,5
"MULTILINESTRING Z ((443263.3128 4473323.2772 0,443330.4025 4473327.7096 0))",2614791,Verde,Línea,14
"MULTILINESTRING Z ((443330.0863 4473338.4064 0,443318.6595 4473337.7803 0,443318.5812 4473330.8929 0))",2614792,Verde,Batería,6
"MULTILINESTRING Z ((443363.0399 4473361.1224 0,443367.9904 4473357.3861 0,443365.375 4473322.2657 0))",2614793,Verde,Línea,9
"MULTILINESTRING Z ((443248.4114 4473316.1434 0,443249.9611 4473336.599 0))",2614794,Verde,Línea,4
"MULTILINESTRING Z ((443358.6557 4473493.0761 0,443383.6557 4473521.3261 0))",2614796,Verde,Batería,13
"MULTILINESTRING Z ((443376.7238 4473544.8742 0,443362.9318 4473545.4941 0))",2614797,Verde,Línea,3
"MULTILINESTRING Z ((443544.9319 4473353.8194 0,443553.7189 4473364.8987 0,443558.6855 4473370.6294 0,443569.7648 4473381.5176 0))",2614798,Verde,Línea,7
"MULTILINESTRING Z ((443286.3782 4473126.3092 0,443269.3319 4473126.6192 0))",2614802,Verde,Batería,6
"MULTILINESTRING Z ((443245.0631 4473202.9044 0,443250.7372 4473286.2152 0))",2614807,Verde,Batería,33
"MULTILINESTRING Z ((443366.3224 4473188.7926 0,443371.6134 4473276.5119 0))",2614808,Verde,Línea,18
"MULTILINESTRING Z ((443500.3872 4473176.5184 0,443498.5276 4473132.043 0,443497.9078 4473127.239 0,443495.1184 4473123.6748 0,443491.8641 4473121.3503 0,443489.5396 4473120.2655 0,443488.4548 4473119.9556 0))",2614811,Verde,Línea,14
"MULTILINESTRING Z ((443379.2033 4473123.0549 0,443427.2429 4473122.1251 0))",2614813,Verde,Batería,17
"MULTILINESTRING Z ((440073.4624 4480004.2968 0,440070.6823 4479995.3348 0))",2614818,Verde,Línea,2
"MULTILINESTRING Z ((440069.9708 4479993.0095 0,440067.3481 4479984.6035 0))",2614820,Verde,Línea,2
"MULTILINESTRING Z ((440063.1469 4479971.0605 0,440064.4272 4479975.2013 0))",2614821,Verde,Línea,1
"MULTILINESTRING Z ((440523.9242 4480085.8353 0,440519.4057 4480089.3909 0))",2614831,Verde,Línea,1
"MULTILINESTRING Z ((440502.1464 4479982.288 0,440516.8954 4480007.6488 0))",2614833,Verde,Línea,6
"MULTILINESTRING Z ((440609.3191 4480119.6896 0,440616.6278 4480129.0393 0,440624.7924 4480138.1093 0))",2614845,Verde,Línea,5
"MULTILINESTRING Z ((440033.4673 4479857.492 0,440038.529 4479857.1463 0))",2614855,Verde,Línea,1
"MULTILINESTRING Z ((441070.027 4476326.3722 0,441069.5092 4476319.2524 0))",2614866,Verde,Línea,2
"MULTILINESTRING Z ((442443.2114 4475281.8082 0,442444.2445 4475300.4033 0))",2614867,Verde,Línea,4
"MULTILINESTRING Z ((440974.5307 4476644.7011 0,440985.6557 4476644.0761 0))",2614872,Verde,Línea,2
"MULTILINESTRING Z ((441048.4057 4476639.7011 0,441078.4057 4476637.4511 0))",2614874,Verde,Línea,6
"MULTILINESTRING Z ((440068.5648 4479709.7444 0,440071.3026 4479718.6243 0))",2614887,Verde,Línea,2
"MULTILINESTRING Z ((440071.8239 4479720.3205 0,440074.4338 4479728.7904 0))",2614888,Verde,Línea,2
"MULTILINESTRING Z ((440078.0202 4479740.5209 0,440080.4418 4479748.1587 0))",2614891,Verde,Línea,2
"MULTILINESTRING Z ((440081.0475 4479750.0476 0,440084.8623 4479762.0846 0))",2614895,Verde,Línea,2
"MULTILINESTRING Z ((440111.9986 4479848.6593 0,440114.7689 4479857.4286 0))",2614923,Verde,Línea,2
"MULTILINESTRING Z ((441527.1557 4478615.7427 0,441609.5723 4478608.9094 0))",2614956,Verde,Batería,32
"MULTILINESTRING Z ((440481.1341 4479760.1316 0,440493.3069 4479754.4279 0))",2614988,Azul,Batería,6
"MULTILINESTRING Z ((440575.9242 4479729.646 0,440578.2726 4479732.3017 0))",2614994,Verde,Línea,1
"MULTILINESTRING Z ((440147.8434 4479593.5877 0,440150.8722 4479591.2613 0,440153.367 4479589.125 0,440155.2179 4479587.4131 0))",2615006,Verde,Línea,2
"MULTILINESTRING Z ((440253.06 4479577.5308 0,440256.6978 4479578.6337 0))",2615012,Verde,Línea,1
"MULTILINESTRING Z ((440274.8542 4479608.3621 0,440278.525 4479608.7901 0))",2615015,Verde,Línea,1
"MULTILINESTRING Z ((441770.9057 4478631.1594 0,441773.9057 4478635.3261 0))",2615037,Verde,Línea,1
"MULTILINESTRING Z ((441779.3223 4478642.4094 0,441776.489 4478638.4094 0,441776.0723 4478638.0761 0))",2615041,Verde,Línea,1
"MULTILINESTRING Z ((440669.1917 4479722.1728 0,440667.0188 4479718.5349 0))",2615045,Verde,Línea,1
"MULTILINESTRING Z ((440660.1382 4479706.9958 0,440658.1464 4479703.6707 0))",2615050,Verde,Línea,1
"MULTILINESTRING Z ((440651.2307 4479692.0894 0,440653.1548 4479695.3157 0))",2615053,Verde,Línea,1
"MULTILINESTRING Z ((440829.9983 4479691.8106 0,440825.2081 4479682.3045 0))",2615059,Azul,Batería,4
"MULTILINESTRING Z ((441768.9057 4478825.5761 0,441766.489 4478800.1594 0))",2615084,Verde,Línea,5
"MULTILINESTRING Z ((442069.1557 4478690.0761 0,442070.4057 4478697.9927 0))",2615104,Verde,Línea,2
"MULTILINESTRING Z ((442070.5723 4478688.9094 0,442069.0723 4478680.1594 0))",2615105,Verde,Línea,2
"MULTILINESTRING Z ((440711.7486 4479442.8202 0,440708.5003 4479435.8298 0))",2615109,Verde,Batería,3
"MULTILINESTRING Z ((440703.7225 4479425.5627 0,440706.1807 4479430.8375 0))",2615110,Verde,Batería,2
"MULTILINESTRING Z ((440774.6402 4479426.288 0,440783.1341 4479423.3744 0))",2615111,Verde,Línea,2
"MULTILINESTRING Z ((440769.2081 4479422.6501 0,440762.097 4479403.753 0))",2615114,Verde,Línea,4
"MULTILINESTRING Z ((440816.5662 4479412.0329 0,440833.4304 4479405.9094 0))",2615123,Verde,Línea,4
"MULTILINESTRING Z ((440506.0202 4479332.2907 0,440516.7527 4479344.0109 0))",2615128,Verde,Línea,3
"MULTILINESTRING Z ((440615.3974 4479269.5473 0,440616.9612 4479272.4279 0))",2615129,Verde,Línea,1
"MULTILINESTRING Z ((440644.643 4479308.4773 0,440652.1821 4479322.5569 0))",2615130,Verde,Batería,6
"MULTILINESTRING Z ((442509.3223 4478680.5761 0,442511.1557 4478702.0761 0))",2615132,Verde,Batería,8
"MULTILINESTRING Z ((442571.739 4474764.8261 0,442582.6557 4474764.1594 0))",2615134,Verde,Línea,2
"MULTILINESTRING Z ((442583.739 4474763.9927 0,442592.5723 4474763.3261 0))",2615135,Verde,Línea,2
"MULTILINESTRING Z ((442788.739 4478779.4927 0,442801.3223 4478778.7427 0))",2615150,Verde,Línea,3
"MULTILINESTRING Z ((440845.1423 4479400.9711 0,440857.9489 4479393.6954 0))",2615153,Verde,Línea,3
"MULTILINESTRING Z ((440385.3563 4479617.9835 0,440386.5168 4479624.0329 0))",2615159,Verde,Línea,1
"MULTILINESTRING Z ((440388.6814 4479635.144 0,440387.562 4479629.3497 0))",2615160,Verde,Línea,1
"MULTILINESTRING Z ((443291.1557 4478692.0761 0,443288.239 4478678.1594 0,443287.5723 4478674.3261 0))",2615163,Verde,Línea,4
"MULTILINESTRING Z ((443280.489 4478551.4094 0,443279.0723 4478558.6594 0,443276.739 4478567.4927 0,443274.0723 4478576.6594 0,443271.489 4478584.4094 0))",2615167,Verde,Línea,7
"MULTILINESTRING Z ((440515.239 4479623.5761 0,440519.5168 4479645.8538 0))",2615168,Verde,Línea,5
"MULTILINESTRING Z ((443569.4057 4478655.7427 0,443576.1557 4478647.9094 0))",2615173,Azul,Batería,4
"MULTILINESTRING Z ((440580.0599 4479596.2081 0,440574.8994 4479597.3933 0))",2615174,Verde,Línea,1
"MULTILINESTRING Z ((440595.0722 4479592.3562 0,440601.8376 4479590.85 0))",2615176,Verde,Línea,1
"MULTILINESTRING Z ((440404.1382 4479552.0822 0,440407.809 4479550.8806 0))",2615178,Verde,Línea,1
"MULTILINESTRING Z ((441995.0723 4478383.4927 0,441995.239 4478388.2427 0,441996.1557 4478391.2427 0,441997.0723 4478392.8261 0))",2615182,Verde,Línea,2
"MULTILINESTRING Z ((442006.0723 4478409.0761 0,441998.8223 4478396.0761 0))",2615183,Verde,Línea,3
"MULTILINESTRING Z ((442222.5723 4478461.4927 0,442220.9057 4478467.5761 0))",2615187,Verde,Batería,2
"MULTILINESTRING Z ((442552.3223 4478335.2427 0,442552.239 4478332.5761 0))",2615194,Verde,Batería,1
"MULTILINESTRING Z ((442317.5012 4478255.8254 0,442331.9179 4478267.6587 0))",2615202,Verde,Línea,5
"MULTILINESTRING Z ((442646.4057 4478116.3261 0,442630.4057 4478116.7011 0))",2615205,Verde,Línea,3
"MULTILINESTRING Z ((442650.9057 4478116.1594 0,442707.8223 4478115.5761 0))",2615207,Verde,Línea,12
"MULTILINESTRING Z ((440308.9057 4475199.3261 0,440266.7807 4475161.7011 0))",2615208,Verde,Línea,6
"MULTILINESTRING Z ((440260.2807 4475156.2011 0,440246.6557 4475143.8261 0))",2615209,Verde,Línea,3
"MULTILINESTRING Z ((443283.3122 4478338.0526 0,443281.4999 4478330.968 0,443280.6761 4478324.7072 0,443280.5937 4478323.3068 0))",2615211,Verde,Línea,3
"MULTILINESTRING Z ((443284.0723 4472831.3261 0,443253.5723 4472813.3261 0))",2615220,Azul,Línea,8
"MULTILINESTRING Z ((439460.0723 4476260.9927 0,439447.8223 4476261.9927 0))",2615221,Verde,Línea,3
"MULTILINESTRING Z ((439480.489 4476259.5761 0,439466.4057 4476260.4094 0))",2615222,Verde,Línea,3
"MULTILINESTRING Z ((440866.5723 4475257.1594 0,440876.5723 4475248.4927 0))",2615239,Verde,Línea,3
"MULTILINESTRING Z ((440919.739 4475210.4094 0,440877.1557 4475247.9927 0))",2615240,Verde,Línea,11
"MULTILINESTRING Z ((443074.1557 4477725.9511 0,443083.5307 4477730.2011 0))",2615254,Azul,Línea,2
"MULTILINESTRING Z ((443085.5307 4477731.4511 0,443095.0307 4477735.9511 0))",2615255,Azul,Línea,2
"MULTILINESTRING Z ((443132.7807 4477754.0761 0,443137.1557 4477756.0761 0))",2615258,Azul,Línea,1
"MULTILINESTRING Z ((443138.9057 4477757.2011 0,443143.6557 4477759.3261 0))",2615259,Azul,Línea,1
"MULTILINESTRING Z ((443145.6557 4477760.3261 0,443155.0307 4477764.8261 0))",2615260,Azul,Línea,2
"MULTILINESTRING Z ((443157.2807 4477765.9511 0,443166.6557 4477770.7011 0))",2615261,Azul,Línea,2
"MULTILINESTRING Z ((443168.9057 4477771.5761 0,443173.1557 4477773.7011 0))",2615262,Azul,Línea,1
"MULTILINESTRING Z ((443175.1557 4477774.7011 0,443179.7807 4477776.8261 0))",2615263,Azul,Línea,1
"MULTILINESTRING Z ((443181.9057 4477777.9511 0,443191.5307 4477782.7011 0))",2615264,Azul,Línea,2
"MULTILINESTRING Z ((443193.6557 4477783.7011 0,443202.5307 4477788.3261 0))",2615265,Azul,Línea,2
"MULTILINESTRING Z ((443072.6557 4477716.4511 0,443077.1557 4477718.8261 0))",2615266,Verde,Línea,1
"MULTILINESTRING Z ((443087.9057 4477723.5761 0,443092.5307 4477725.8261 0))",2615267,Verde,Línea,1
"MULTILINESTRING Z ((443094.9057 4477727.3261 0,443104.0307 4477731.7011 0))",2615268,Verde,Línea,2
"MULTILINESTRING Z ((443106.4057 4477732.7011 0,443114.7807 4477736.8261 0))",2615269,Verde,Línea,2
"MULTILINESTRING Z ((443124.2807 4477741.4511 0,443129.0307 4477743.7011 0))",2615270,Verde,Línea,1
"MULTILINESTRING Z ((443131.0307 4477744.7011 0,443140.2807 4477749.2011 0))",2615271,Verde,Línea,2
"MULTILINESTRING Z ((443142.9057 4477750.4511 0,443151.7807 4477754.8261 0))",2615272,Verde,Línea,2
"MULTILINESTRING Z ((443167.1557 4477761.9511 0,443177.0307 4477766.9511 0))",2615280,Verde,Línea,2
"MULTILINESTRING Z ((443179.0307 4477767.9511 0,443188.2807 4477772.4511 0))",2615284,Verde,Línea,2
"MULTILINESTRING Z ((443190.5307 4477773.4511 0,443194.6557 4477775.3261 0))",2615286,Verde,Línea,1
"MULTILINESTRING Z ((443197.0307 4477776.4511 0,443201.1557 4477778.4511 0))",2615288,Verde,Línea,1
"MULTILINESTRING Z ((443203.7807 4477779.5761 0,443208.2807 4477782.0761 0))",2615289,Verde,Línea,1
"MULTILINESTRING Z ((442260.2807 4475433.7245 0,442291.2807 4475431.5995 0))",2615403,Verde,Línea,6
"MULTILINESTRING Z ((442446.6557 4474250.0761 0,442441.2807 4474270.8261 0))",2615407,Azul,Línea,4
"MULTILINESTRING Z ((442746.8223 4473567.2427 0,442753.9057 4473564.5761 0,442760.4057 4473563.3261 0,442766.239 4473563.3261 0,442773.8223 4473564.1594 0,442779.1557 4473565.4094 0))",2615408,Azul,Línea,7
"MULTILINESTRING Z ((442786.739 4473568.2427 0,442790.4057 4473570.2427 0,442795.1557 4473574.1594 0,442795.989 4473574.7427 0))",2615409,Azul,Línea,2
"MULTILINESTRING Z ((440997.72 4479571.6996 0,441000.0708 4479569.8189 0))",2615410,Verde,Batería,1
"MULTILINESTRING Z ((440048.776 4479289.5761 0,440057.3316 4479295.0946 0))",2615411,Verde,Línea,2
"MULTILINESTRING Z ((442913.4057 4472631.5761 0,442902.2807 4472615.7011 0))",2615822,Verde,Línea,4
"MULTILINESTRING Z ((442930.6557 4472656.2011 0,442918.4057 4472638.5761 0))",2615824,Verde,Línea,4
"MULTILINESTRING Z ((439195.3363 4473353.7749 0,439204.5884 4473348.6928 0))",2616648,Verde,Línea,2
"MULTILINESTRING Z ((443176.6156 4473543.4526 0,443172.3958 4473485.453 0))",2616656,Azul,Línea,11
"MULTILINESTRING Z ((443443.6579 4473121.9177 0,443487.8154 4473120.7221 0))",2616657,Verde,Batería,20
"MULTILINESTRING Z ((439697.6557 4476055.3495 0,439718.739 4476054.2662 0))",2616690,Verde,Línea,4
"MULTILINESTRING Z ((439671.1557 4476056.6829 0,439687.6557 4476055.9329 0))",2616691,Verde,Línea,3
"MULTILINESTRING Z ((439410.4039 4476070.071 0,439427.1987 4476069.2431 0))",2616693,Verde,Línea,3
"MULTILINESTRING Z ((439162.6221 4475284.9798 0,439168.4076 4475276.4718 0))",2616695,Verde,Línea,2
"MULTILINESTRING Z ((443492.9456 4474081.0204 0,443491.8607 4474071.8399 0))",2616696,Verde,Línea,2
"MULTILINESTRING Z ((443491.0261 4474066.3317 0,443488.8562 4474042.8798 0))",2616697,Verde,Línea,4
"MULTILINESTRING Z ((443497.2855 4474027.1062 0,443496.3674 4474016.2566 0))",2616700,Verde,Línea,2
"MULTILINESTRING Z ((443494.0306 4473988.6318 0,443495.3659 4474004.4889 0))",2616701,Verde,Línea,3
"MULTILINESTRING Z ((441654.9057 4477877.5761 0,441659.989 4477871.8261 0,441661.989 4477868.7427 0))",2616703,Verde,Línea,2
"MULTILINESTRING Z ((441673.1557 4477863.3261 0,441662.4057 4477852.2427 0))",2616704,Verde,Línea,3
"MULTILINESTRING Z ((441651.239 4477837.8261 0,441647.3223 4477834.1594 0))",2616709,Verde,Línea,1
"MULTILINESTRING Z ((441633.739 4477831.4927 0,441620.4057 4477819.4927 0,441605.739 4477808.6594 0,441605.0723 4477807.6594 0,441604.739 4477805.8261 0))",2616713,Verde,Línea,9
"MULTILINESTRING Z ((441604.9057 4477796.0761 0,441605.489 4477780.4927 0,441605.9057 4477771.6594 0,441605.6557 4477767.5761 0,441605.1557 4477764.7427 0,441603.739 4477761.0761 0,441597.1557 4477747.5761 0))",2616715,Verde,Línea,11
"MULTILINESTRING Z ((441611.739 4477798.7427 0,441612.1557 4477788.9094 0))",2616716,Verde,Línea,2
"MULTILINESTRING Z ((441612.5723 4477780.5761 0,441613.239 4477763.2427 0))",2616717,Verde,Línea,3
"MULTILINESTRING Z ((441613.4057 4477758.9094 0,441613.489 4477754.3261 0))",2616718,Verde,Línea,1
"MULTILINESTRING Z ((442820.0723 4475950.9927 0,442837.4057 4475949.8261 0))",2616720,Verde,Línea,3
"MULTILINESTRING Z ((442549.9263 4475152.2628 0,442551.3726 4475173.1305 0))",2616975,Verde,Línea,4
"MULTILINESTRING Z ((439513.4386 4481621.3991 0,439532.6814 4481627.5061 0))",2616984,Verde,Línea,4
"MULTILINESTRING Z ((439535.5127 4481628.4115 0,439550.5744 4481633.2839 0))",2616986,Verde,Línea,3
"MULTILINESTRING Z ((439553.6279 4481634.3168 0,439568.1834 4481639.1316 0))",2616989,Verde,Línea,3
"MULTILINESTRING Z ((439620.3028 4481656.1645 0,439606.0367 4481651.5116 0))",2616991,Verde,Línea,3
"MULTILINESTRING Z ((439571.0353 4481640.0946 0,439585.776 4481644.9094 0))",2616993,Verde,Línea,3
"MULTILINESTRING Z ((439588.4427 4481645.7613 0,439603.1464 4481650.5761 0))",2616995,Verde,Línea,3
"MULTILINESTRING Z ((439733.0106 4481555.1769 0,439774.8542 4481566.1728 0))",2617033,Verde,Línea,9
"MULTILINESTRING Z ((439833.5413 4481571.0229 0,439852.8994 4481576.0352 0))",2617039,Verde,Línea,4
"MULTILINESTRING Z ((439926.5085 4481595.4403 0,439941.274 4481599.2263 0))",2617046,Verde,Línea,3
"MULTILINESTRING Z ((439942.0599 4481581.2698 0,439937.8623 4481576.6278 0,439934.7018 4481572.9735 0,439932.7018 4481570.2081 0,439932.3808 4481569.6649 0,439931.3438 4481567.3686 0,439930.8994 4481565.1217 0,439930.8994 4481562.7513 0,439931.3191 4481559.3933 0,439936.8623 4481538.2698 0))",2617050,Verde,Línea,9
"MULTILINESTRING Z ((439718.8817 4481037.5747 0,439731.7651 4481041.0315 0))",2617071,Verde,Batería,5
"MULTILINESTRING Z ((443264.8223 4475985.8261 0,443265.9057 4475977.9927 0))",2617072,Verde,Línea,2
"MULTILINESTRING Z ((440328.8378 4481082.5514 0,440339.455 4481041.9094 0))",2617119,Azul,Línea,9
"MULTILINESTRING Z ((440337.7788 4481041.4375 0,440334.1793 4481055.0672 0))",2617124,Verde,Línea,3
"MULTILINESTRING Z ((439340.1382 4480927.7859 0,439337.9324 4480927.2098 0))",2617145,Verde,Batería,1
"MULTILINESTRING Z ((442557.5478 4475184.4784 0,442557.7978 4475189.7284 0))",2617165,Verde,Línea,1
"MULTILINESTRING Z ((439486.9027 4480851.8767 0,439491.2386 4480852.9984 0))",2617216,Verde,Línea,1
"MULTILINESTRING Z ((439530.8432 4480704.5267 0,439539.0957 4480700.6419 0))",2617231,Verde,Batería,4
"MULTILINESTRING Z ((439635.2328 4480907.6213 0,439656.5497 4480913.218 0))",2617251,Verde,Batería,8
"MULTILINESTRING Z ((439679.5401 4480910.4416 0,439681.7239 4480902.299 0))",2617252,Verde,Batería,4
"MULTILINESTRING Z ((439682.1793 4480900.4773 0,439685.0435 4480889.6954 0))",2617256,Verde,Batería,5
"MULTILINESTRING Z ((439688.9887 4480855.0452 0,439687.8913 4480858.941 0))",2617262,Verde,Línea,1
"MULTILINESTRING Z ((439673.6526 4480865.9341 0,439679.6279 4480843.2674 0))",2617267,Verde,Línea,5
"MULTILINESTRING Z ((439709.4797 4480720.823 0,439709.3563 4480725.6625 0,439708.9365 4480730.5267 0,439707.9489 4480736.4773 0,439704.1958 4480751.539 0,439702.2452 4480758.7489 0))",2617277,Verde,Línea,8
"MULTILINESTRING Z ((439754.2205 4480730.6748 0,439747.381 4480725.2674 0,439745.1588 4480723.3662 0,439742.9612 4480721.2674 0,439735.5538 4480713.465 0,439733.776 4480711.4156 0,439731.4797 4480708.4032 0,439724.9612 4480699.0699 0))",2617295,Verde,Línea,8
"MULTILINESTRING Z ((439759.5538 4480734.6501 0,439774.293 4480744.8318 0))",2617315,Verde,Línea,3
"MULTILINESTRING Z ((439838.7512 4480780.3315 0,439846.2327 4480783.3439 0,439862.2327 4480788.2821 0))",2617323,Verde,Batería,11
"MULTILINESTRING Z ((438906.489 4475634.9927 0,438928.3223 4475605.8261 0))",2617336,Azul,Línea,7
"MULTILINESTRING Z ((438722.6828 4473015.0396 0,438723.2437 4473026.3701 0,438726.1604 4473052.1722 0,438733.0036 4473087.0612 0,438741.5295 4473119.1455 0))",2617342,Azul,Línea,22
"MULTILINESTRING Z ((440381.8223 4480881.1594 0,440395.989 4480826.8261 0))",2617358,Verde,Línea,11
"MULTILINESTRING Z ((440409.7349 4480774.2551 0,440397.702 4480820.3538 0))",2617364,Verde,Línea,9
"MULTILINESTRING Z ((439405.455 4480628.9876 0,439452.4345 4480641.3333 0))",2617373,Verde,Batería,21
"MULTILINESTRING Z ((439505.4715 4480526.9355 0,439586.7664 4480530.6886 0))",2617385,Verde,Línea,17
"MULTILINESTRING Z ((439661.4304 4480570.9218 0,439682.0476 4480629.0205 0))",2617391,Verde,Batería,26
"MULTILINESTRING Z ((439655.9242 4480555.325 0,439654.2122 4480550.5349 0))",2617392,Verde,Batería,2
"MULTILINESTRING Z ((439942.8501 4480458.6501 0,439915.5168 4480467.6501 0,439917.3316 4480448.9094 0))",2617402,Verde,Batería,16
"MULTILINESTRING Z ((439901.0435 4480541.4814 0,439904.3522 4480540.3127 0))",2617403,Verde,Línea,1
"MULTILINESTRING Z ((439914.1135 4480496.8888 0,439916.4674 4480496.0493 0))",2617404,Verde,Batería,1
"MULTILINESTRING Z ((439917.1094 4480495.8353 0,439954.5908 4480482.5761 0))",2617406,Verde,Batería,16
"MULTILINESTRING Z ((440196.3522 4480635.1111 0,440205.5044 4480635.8353 0))",2617411,Verde,Línea,2
"MULTILINESTRING Z ((440365.1094 4480668.7489 0,440381.9242 4480673.3662 0))",2617413,Verde,Batería,7
"MULTILINESTRING Z ((440271.9242 4480480.7407 0,440279.9736 4480481.5637 0))",2617414,Verde,Línea,1
"MULTILINESTRING Z ((440113.0929 4480462.9794 0,440116.632 4480463.3744 0))",2617417,Verde,Línea,1
"MULTILINESTRING Z ((439448.6375 4480681.4704 0,439447.584 4480685.432 0))",2617430,Verde,Línea,1
"MULTILINESTRING Z ((440078.2452 4480444.7736 0,440063.8254 4480443.1934 0))",2617431,Verde,Batería,6
"MULTILINESTRING Z ((439949.5867 4480430.2551 0,439979.6443 4480433.6296 0))",2617433,Verde,Batería,12
"MULTILINESTRING Z ((439863.7431 4480420.9218 0,439877.5538 4480422.3045 0))",2617435,Verde,Batería,6
"MULTILINESTRING Z ((439784.4839 4480445.86 0,439783.0572 4480446.8148 0,439782.1684 4480447.6268 0,439781.3563 4480448.5267 0,439780.4674 4480450.502 0))",2617436,Verde,Línea,2
"MULTILINESTRING Z ((439730.9118 4480410.181 0,439706.6896 4480407.4897 0))",2617437,Verde,Línea,5
"MULTILINESTRING Z ((439697.7843 4480315.9835 0,440055.4852 4480356.0713 0))",2617440,Azul,Línea,75
"MULTILINESTRING Z ((439080.5723 4475872.9094 0,439054.6557 4475916.9094 0))",2617450,Verde,Línea,11
"MULTILINESTRING Z ((439047.5723 4475928.9094 0,439052.6557 4475920.2427 0))",2617451,Verde,Línea,2
"MULTILINESTRING Z ((439745.1279 4476705.5205 0,439728.5168 4476706.6316 0))",2617511,Azul,Línea,3
"MULTILINESTRING Z ((439686.7032 4476638.8364 0,439682.4676 4476582.7414 0))",2617514,Verde,Línea,11
"MULTILINESTRING Z ((439924.1848 4476672.2367 0,439922.9624 4476651.7013 0))",2617518,Verde,Línea,5
"MULTILINESTRING Z ((439673.6599 4476464.9454 0,439677.7462 4476519.429 0))",2617522,Verde,Línea,9
"MULTILINESTRING Z ((439931.7081 4476548.7042 0,439945.3164 4476547.7263 0))",2617525,Verde,Batería,4
"MULTILINESTRING Z ((439682.3643 4476428.1959 0,439696.104 4476427.0595 0))",2617529,Verde,Batería,5
"MULTILINESTRING Z ((440059.1205 4476414.4562 0,440061.1867 4476443.2786 0))",2617532,Verde,Línea,5
"MULTILINESTRING Z ((440051.9198 4476364.0837 0,440052.4087 4476371.6622 0))",2617533,Verde,Batería,2
"MULTILINESTRING Z ((440182.0595 4476396.841 0,440170.0277 4476397.5221 0))",2617534,Verde,Batería,3
"MULTILINESTRING Z ((440196.1344 4476396.387 0,440184.5566 4476396.9545 0))",2617535,Verde,Batería,3
"MULTILINESTRING Z ((440207.6834 4476392.7427 0,440232.6834 4476391.465 0))",2617538,Verde,Línea,5
"MULTILINESTRING Z ((439761.5723 4476314.8261 0,439762.4057 4476326.5761 0))",2617544,Verde,Línea,2
"MULTILINESTRING Z ((439903.4057 4476344.3261 0,439901.4057 4476318.3261 0))",2617547,Verde,Batería,10
"MULTILINESTRING Z ((439901.4057 4476317.1594 0,439900.5723 4476304.2427 0))",2617548,Verde,Batería,3
"MULTILINESTRING Z ((439891.3647 4476179.9701 0,439891.6823 4476185.6871 0))",2617551,Verde,Batería,2
"MULTILINESTRING Z ((439758.2229 4476238.4982 0,439758.5634 4476246.4437 0))",2617553,Verde,Batería,3
"MULTILINESTRING Z ((439748.2807 4476066.4239 0,439750.9804 4476127.2466 0))",2617554,Azul,Batería,23
"MULTILINESTRING Z ((440057.4755 4476283.829 0,440068.7507 4476283.035 0))",2617558,Azul,Línea,2
"MULTILINESTRING Z ((440146.239 4476299.0761 0,440145.1557 4476285.5761 0))",2617559,Verde,Línea,2
"MULTILINESTRING Z ((440149.1065 4476285.4171 0,440152.4414 4476337.029 0))",2617561,Verde,Batería,19
"MULTILINESTRING Z ((440144.9775 4476228.8822 0,440145.9304 4476217.4482 0))",2617565,Verde,Batería,3
"MULTILINESTRING Z ((440146.5656 4476205.379 0,440146.248 4476209.3491 0))",2617567,Verde,Batería,1
"MULTILINESTRING Z ((439941.1557 4476158.0761 0,439927.489 4476159.3261 0))",2617573,Azul,Línea,3
"MULTILINESTRING Z ((440041.1557 4476213.3495 0,440038.6557 4476179.8495 0))",2617574,Verde,Batería,11
"MULTILINESTRING Z ((440048.6195 4476269.4742 0,440047.2749 4476252.6059 0))",2617575,Verde,Línea,3
"MULTILINESTRING Z ((439985.4464 4476202.7205 0,439988.1752 4476221.9127 0))",2617576,Verde,Línea,3
"MULTILINESTRING Z ((439980.6135 4476224.2769 0,439967.9091 4476226.0237 0))",2617578,Verde,Línea,2
"MULTILINESTRING Z ((440252.9655 4476189.3396 0,440253.1243 4476201.25 0))",2617580,Azul,Línea,2
"MULTILINESTRING Z ((440238.8317 4476146.9385 0,440234.8616 4476140.745 0))",2617581,Azul,Batería,2
"MULTILINESTRING Z ((440196.0723 4476101.8261 0,440215.739 4476108.2427 0))",2617583,Azul,Línea,4
"MULTILINESTRING Z ((440232.0307 4476060.4745 0,440215.5307 4476001.7245 0))",2617584,Azul,Línea,12
"MULTILINESTRING Z ((440169.1592 4476034.0366 0,440173.1521 4476018.7172 0))",2617585,Verde,Línea,3
"MULTILINESTRING Z ((440183.8303 4475974.2708 0,440186.1963 4475965.0798 0,440186.8333 4475961.5308 0,440186.9243 4475956.4348 0))",2617588,Azul,Línea,3
"MULTILINESTRING Z ((439940.239 4475895.9927 0,439957.6557 4475894.4094 0))",2617591,Verde,Línea,3
"MULTILINESTRING Z ((439877.3223 4476009.6594 0,439875.3223 4475983.9927 0))",2617594,Verde,Línea,5
"MULTILINESTRING Z ((439875.1522 4475892.6858 0,439870.6453 4475835.6182 0))",2617596,Verde,Línea,10
"MULTILINESTRING Z ((439861.5484 4475902.0288 0,439849.7329 4475903.0066 0))",2617597,Verde,Línea,2
"MULTILINESTRING Z ((439819.0126 4475908.8737 0,439860.8151 4475905.5327 0))",2617600,Verde,Batería,14
"MULTILINESTRING Z ((439749.8687 4475852.0361 0,439772.1016 4475851.0833 0))",2617601,Verde,Línea,4
"MULTILINESTRING Z ((439853.2888 4475843.3649 0,439830.5532 4475844.954 0))",2617604,Verde,Batería,8
"MULTILINESTRING Z ((439744.1557 4475902.3495 0,439743.5307 4475892.0995 0))",2617605,Verde,Línea,2
"MULTILINESTRING Z ((439643.0021 4475922.3189 0,439658.9735 4475921.5855 0))",2617607,Verde,Batería,5
"MULTILINESTRING Z ((439660.2661 4475921.3586 0,439729.2785 4475917.6129 0))",2617608,Verde,Batería,23
"MULTILINESTRING Z ((439760.9851 4476051.8138 0,439772.578 4476051.4962 0))",2617610,Verde,Línea,2
"MULTILINESTRING Z ((439719.9057 4476051.2662 0,439659.4057 4476054.2662 0))",2617612,Verde,Batería,21
"MULTILINESTRING Z ((439653.739 4476057.7662 0,439663.6557 4476057.2662 0))",2617613,Verde,Línea,1
"MULTILINESTRING Z ((439734.739 4475789.5162 0,439735.9057 4475813.0162 0))",2617615,Verde,Batería,7
"MULTILINESTRING Z ((439737.4057 4475767.0995 0,439738.0723 4475781.3495 0))",2617616,Verde,Línea,2
"MULTILINESTRING Z ((439865.1434 4475752.5043 0,439865.7288 4475760.2304 0))",2617619,Verde,Línea,1
"MULTILINESTRING Z ((440030.1279 4475800.1872 0,440028.6834 4475784.8538 0))",2617622,Azul,Línea,3
"MULTILINESTRING Z ((440021.5979 4475761.3132 0,440024.095 4475762.2213 0,440025.8355 4475763.7347 0,440027.1219 4475767.3669 0,440028.711 4475784.166 0))",2617623,Azul,Línea,4
"MULTILINESTRING Z ((441105.3316 4476635.2798 0,441121.1094 4476634.1687 0))",2617781,Verde,Línea,3
"MULTILINESTRING Z ((440759.7102 4479382.0411 0,440775.7102 4479375.8683 0))",2617783,Verde,Línea,3
"MULTILINESTRING Z ((441143.0723 4476632.5761 0,441156.239 4476631.6594 0))",2617784,Verde,Línea,3
"MULTILINESTRING Z ((442211.989 4478399.5761 0,442213.489 4478418.5761 0))",2617899,Verde,Línea,4
"MULTILINESTRING Z ((442213.739 4478421.0761 0,442215.739 4478445.9094 0,442215.6557 4478449.2427 0,442214.6557 4478452.9094 0,442210.3223 4478467.8261 0,442205.9057 4478482.2427 0))",2617902,Verde,Línea,13
"MULTILINESTRING Z ((442204.4057 4478487.4927 0,442196.5723 4478514.8261 0,442195.0723 4478519.6594 0,442193.489 4478523.1594 0))",2617906,Verde,Línea,7
"MULTILINESTRING Z ((438572.8602 4476059.6009 0,438582.8809 4476065.1794 0))",2617972,Verde,Línea,2
"MULTILINESTRING Z ((438538.666 4476041.419 0,438527.509 4476035.6339 0))",2617973,Verde,Línea,2
"MULTILINESTRING Z ((438643.5619 4475996.3429 0,438649.8916 4475987.4608 0))",2617976,Azul,Línea,2
"MULTILINESTRING Z ((438591.2486 4475978.7124 0,438605.0916 4475986.5637 0))",2617977,Verde,Línea,3
"MULTILINESTRING Z ((438575.8561 4475970.448 0,438585.1536 4475975.7166 0))",2617978,Verde,Línea,2
"MULTILINESTRING Z ((438555.5048 4475959.4976 0,438569.3478 4475967.0389 0))",2617979,Verde,Línea,3
"MULTILINESTRING Z ((438557.5307 4475955.2011 0,438612.4057 4475984.9511 0))",2617981,Verde,Línea,13
"MULTILINESTRING Z ((438690.1162 4475931.616 0,438699.6109 4475918.9565 0))",2617983,Azul,Línea,3
"MULTILINESTRING Z ((438710.8767 4475934.9108 0,438777.3024 4475971.0678 0))",2617985,Verde,Batería,29
"MULTILINESTRING Z ((438744.0379 4475957.4314 0,438826.3726 4476001.543 0))",2617987,Verde,Línea,20
"MULTILINESTRING Z ((438782.3643 4475973.6505 0,438836.7032 4476002.886 0))",2617990,Verde,Batería,25
"MULTILINESTRING Z ((438860.98 4476015.9025 0,438841.9718 4476005.5719 0))",2617991,Verde,Batería,7
"MULTILINESTRING Z ((438828.7486 4475907.3247 0,438837.6329 4475894.3082 0))",2617993,Verde,Línea,3
"MULTILINESTRING Z ((438917.9015 4475953.6091 0,438942.3506 4475915.937 0))",2618000,Verde,Línea,9
"MULTILINESTRING Z ((439015.1467 4475925.1656 0,438963.907 4475896.9976 0))",2618001,Verde,Línea,12
"MULTILINESTRING Z ((439015.2156 4475990.0416 0,439022.6536 4475977.0251 0))",2618002,Verde,Línea,3
"MULTILINESTRING Z ((439084.6371 4475961.8736 0,439061.1522 4475949.3392 0))",2618004,Verde,Línea,6
"MULTILINESTRING Z ((439126.3726 4475984.2565 0,439092.2817 4475966.2813 0))",2618005,Verde,Línea,7
"MULTILINESTRING Z ((439111.1557 4475971.9094 0,439128.1557 4475981.4094 0))",2618007,Verde,Línea,3
"MULTILINESTRING Z ((439060.2569 4475913.4198 0,439050.1329 4475930.1553 0))",2618011,Verde,Línea,3
"MULTILINESTRING Z ((442494.5723 4478702.3261 0,442503.6557 4478704.6594 0))",2618013,Verde,Batería,4
"MULTILINESTRING Z ((439122.6536 4475887.0113 0,439146.3451 4475899.7524 0))",2618014,Azul,Línea,4
"MULTILINESTRING Z ((438595.4711 4475876.581 0,438621.78 4475840.8009 0))",2618017,Verde,Batería,15
"MULTILINESTRING Z ((438672.0338 4475840.2482 0,438700.5462 4475855.1932 0))",2618018,Verde,Línea,6
"MULTILINESTRING Z ((438723.6178 4475867.5898 0,438709.0172 4475859.8075 0))",2618019,Verde,Línea,3
"MULTILINESTRING Z ((438644.761 4475808.9122 0,438649.2376 4475802.7138 0))",2618021,Verde,Batería,3
"MULTILINESTRING Z ((438778.9553 4475793.2752 0,438750.5462 4475778.1925 0))",2618022,Verde,Línea,6
"MULTILINESTRING Z ((438781.2807 4475806.2011 0,438744.5307 4475857.0761 0))",2618023,Azul,Línea,13
"MULTILINESTRING Z ((438864.6646 4475839.3529 0,438848.2046 4475830.7441 0))",2618025,Verde,Línea,3
"MULTILINESTRING Z ((438837.4608 4475743.7606 0,438828.8519 4475755.3309 0))",2618026,Verde,Línea,3
"MULTILINESTRING Z ((438745.1685 4475670.8456 0,438770.9512 4475635.6794 0))",2618029,Verde,Batería,17
"MULTILINESTRING Z ((438821.2762 4475637.0802 0,438809.2238 4475632.2593 0))",2618032,Verde,Línea,2
"MULTILINESTRING Z ((438867.0751 4475688.8364 0,438875.6495 4475676.543 0))",2618036,Azul,Línea,3
"MULTILINESTRING Z ((438873.6867 4475749.7868 0,438915.1123 4475772.1009 0))",2618038,Verde,Línea,10
"MULTILINESTRING Z ((444876.8871 4476581.7613 0,444902.2946 4476597.7983 0))",2618040,Verde,Línea,6
"MULTILINESTRING Z ((438945.5875 4475886.8736 0,438901.166 4475863.1133 0))",2618042,Verde,Línea,10
"MULTILINESTRING Z ((438967.6557 4475804.3261 0,438979.8223 4475810.8261 0))",2618043,Verde,Línea,3
"MULTILINESTRING Z ((438931.8223 4475780.8261 0,438975.4057 4475803.9094 0))",2618044,Verde,Línea,10
"MULTILINESTRING Z ((439007.3643 4475811.2504 0,439032.8809 4475772.4074 0))",2618046,Verde,Línea,10
"MULTILINESTRING Z ((439090.9057 4475855.2011 0,439103.9057 4475833.3261 0))",2618050,Azul,Línea,5
"MULTILINESTRING Z ((439188.5723 4475698.9094 0,439194.0723 4475689.4094 0))",2618061,Verde,Línea,2
"MULTILINESTRING Z ((439216.7807 4475661.5761 0,439239.9057 4475674.2011 0))",2618062,Verde,Línea,5
"MULTILINESTRING Z ((439074.4057 4475713.8261 0,439080.8223 4475703.3261 0))",2618064,Verde,Línea,2
"MULTILINESTRING Z ((445053.7512 4476695.6587 0,445040.1957 4476717.2142 0))",2618065,Verde,Línea,5
"MULTILINESTRING Z ((439256.6557 4475683.4329 0,439243.1557 4475675.9329 0))",2618066,Verde,Línea,3
"MULTILINESTRING Z ((438882.5008 4475485.7189 0,438870.5741 4475501.1534 0))",2618067,Verde,Batería,6
"MULTILINESTRING Z ((438977.4057 4475521.4511 0,438971.6557 4475518.4511 0))",2618068,Verde,Línea,1
"MULTILINESTRING Z ((439003.6557 4475535.8261 0,439010.6557 4475539.9094 0))",2618071,Verde,Línea,1
"MULTILINESTRING Z ((439035.489 4475616.6594 0,439048.489 4475598.3261 0))",2618072,Verde,Línea,4
"MULTILINESTRING Z ((439059.739 4475582.4927 0,439053.0723 4475591.9927 0))",2618075,Verde,Línea,2
"MULTILINESTRING Z ((439074.5723 4475575.9927 0,439098.9057 4475589.4094 0))",2618081,Verde,Línea,5
"MULTILINESTRING Z ((439166.489 4475627.5761 0,439172.739 4475631.2427 0))",2618086,Verde,Línea,1
"MULTILINESTRING Z ((439149.6557 4475618.4329 0,439165.8223 4475627.2662 0))",2618087,Verde,Línea,3
"MULTILINESTRING Z ((439175.5723 4475557.1594 0,439190.6557 4475533.9927 0))",2618088,Verde,Línea,5
"MULTILINESTRING Z ((439181.6412 4475408.771 0,439184.8437 4475403.8123 0))",2618091,Verde,Línea,1
"MULTILINESTRING Z ((440540.1217 4479372.5925 0,440541.1258 4479376.1481 0))",2618095,Verde,Línea,1
"MULTILINESTRING Z ((439170.489 4475418.4094 0,439154.1557 4475441.5761 0))",2618098,Verde,Línea,5
"MULTILINESTRING Z ((439081.5723 4475462.9094 0,439099.989 4475473.4927 0))",2618099,Verde,Línea,5
"MULTILINESTRING Z ((439104.239 4475364.5761 0,439060.3223 4475424.4927 0))",2618100,Azul,Línea,15
"MULTILINESTRING Z ((439020.0723 4475428.7427 0,439014.9057 4475425.8261 0))",2618101,Verde,Línea,1
"MULTILINESTRING Z ((439008.8223 4475422.4927 0,438995.6557 4475415.2427 0))",2618102,Verde,Línea,3
"MULTILINESTRING Z ((441860.4057 4476022.0761 0,441870.7946 4476021.3538 0))",2618103,Verde,Línea,2
"MULTILINESTRING Z ((441877.1834 4476020.9094 0,441888.8501 4476020.1316 0))",2618105,Verde,Línea,2
"MULTILINESTRING Z ((441893.8501 4476019.7983 0,441905.6279 4476018.965 0))",2618108,Verde,Línea,2
"MULTILINESTRING Z ((441910.6834 4476016.465 0,441919.239 4476015.8538 0))",2618111,Verde,Línea,1
"MULTILINESTRING Z ((444670.1557 4476659.2011 0,444688.0307 4476670.2011 0))",2618118,Verde,Línea,4
"MULTILINESTRING Z ((440628.2534 4479476.0493 0,440697.8336 4479452.3785 0))",2618119,Verde,Línea,14
"MULTILINESTRING Z ((439112.1557 4475225.8261 0,439143.5307 4475217.0761 0))",2618122,Verde,Línea,7
"MULTILINESTRING Z ((442358.9612 4478685.1872 0,442390.7946 4478694.465 0))",2618136,Azul,Batería,14
"MULTILINESTRING Z ((440719.702 4479486.9958 0,440717.7513 4479482.8724 0))",2618138,Verde,Línea,1
"MULTILINESTRING Z ((439100.0008 4474769.2084 0,439108.6264 4474782.3342 0))",2618144,Verde,Línea,3
"MULTILINESTRING Z ((444998.9612 4476758.5761 0,444983.4057 4476771.9094 0))",2618148,Verde,Línea,4
"MULTILINESTRING Z ((444897.8345 4476818.6587 0,444901.6679 4476831.992 0))",2618152,Verde,Batería,5
"MULTILINESTRING Z ((444857.4427 4476738.6501 0,444891.8501 4476760.0576 0,444904.0353 4476767.9464 0))",2618155,Verde,Línea,12
"MULTILINESTRING Z ((440464.0339 4479675.7311 0,440464.6924 4479678.705 0))",2618161,Verde,Línea,1
"MULTILINESTRING Z ((444554.8131 4476521.7613 0,444540.8871 4476472.9835 0))",2618202,Verde,Línea,10
"MULTILINESTRING Z ((444562.0353 4476547.1316 0,444556.702 4476528.3909 0))",2618203,Verde,Línea,5
"MULTILINESTRING Z ((444579.3686 4476334.2798 0,444587.6649 4476339.465 0))",2618208,Verde,Línea,2
"MULTILINESTRING Z ((444668.6279 4476441.6316 0,444715.0723 4476470.6316 0))",2618213,Verde,Línea,11
"MULTILINESTRING Z ((444655.2575 4476433.2798 0,444663.702 4476438.5761 0))",2618214,Verde,Línea,2
"MULTILINESTRING Z ((444650.7227 4476264.0518 0,444742.791 4476321.9929 0,444795.8568 4476355.1825 0))",2618222,Verde,Línea,35
"MULTILINESTRING Z ((444219.6333 4476237.0501 0,444273.0741 4476227.6745 0))",2618239,Verde,Línea,11
"MULTILINESTRING Z ((444245.0168 4476368.2427 0,444250.0723 4476367.4094 0))",2618244,Verde,Batería,2
"MULTILINESTRING Z ((444186.2512 4476364.1031 0,444195.7512 4476362.492 0))",2618248,Verde,Batería,5
"MULTILINESTRING Z ((444197.4797 4476362.2057 0,444199.8007 4476361.8353 0))",2618249,Verde,Batería,1
"MULTILINESTRING Z ((444178.4057 4476283.8261 0,444122.3223 4476293.7427 0))",2618254,Verde,Línea,11
"MULTILINESTRING Z ((444196.6834 4476259.1316 0,444201.1834 4476285.1316 0,444203.9057 4476301.3538 0))",2618255,Verde,Batería,17
"MULTILINESTRING Z ((444193.2946 4476257.1872 0,444197.9057 4476284.7427 0,444200.5168 4476299.5205 0))",2618256,Verde,Batería,17
"MULTILINESTRING Z ((444263.9057 4476211.2011 0,444245.7807 4476214.3261 0))",2618271,Verde,Línea,4
"MULTILINESTRING Z ((444366.5908 4476143.2798 0,444367.739 4476136.7613 0))",2618288,Verde,Línea,1
"MULTILINESTRING Z ((444135.0845 4476122.4087 0,444144.6679 4476120.8254 0))",2618307,Verde,Batería,4
"MULTILINESTRING Z ((444158.2946 4476105.7983 0,444213.8501 4476096.1872 0,444230.134 4476093.2286 0))",2618310,Verde,Línea,15
"MULTILINESTRING Z ((444153.0845 4476057.5754 0,444171.0012 4476054.3254 0))",2618314,Verde,Línea,3
"MULTILINESTRING Z ((444124.3316 4476037.2427 0,444126.5168 4476049.9464 0))",2618316,Verde,Batería,5
"MULTILINESTRING Z ((444106.8501 4475923.0205 0,444129.5168 4475949.1872 0))",2618321,Verde,Línea,7
"MULTILINESTRING Z ((444113.702 4475945.8353 0,444123.0723 4475956.7242 0,444164.5908 4476005.4279 0))",2618326,Verde,Línea,16
"MULTILINESTRING Z ((444060.6649 4475931.8724 0,444057.5908 4475935.539 0,444054.1834 4475940.9835 0))",2618327,Verde,Línea,2
"MULTILINESTRING Z ((441681.989 4478518.8261 0,441692.0723 4478518.0761 0))",2618394,Verde,Línea,2
"MULTILINESTRING Z ((444981.5723 4475996.9927 0,444979.739 4476007.6594 0))",2618437,Verde,Línea,2
"MULTILINESTRING Z ((444936.9242 4475914.2798 0,444937.776 4475909.0205 0))",2618448,Verde,Línea,1
"MULTILINESTRING Z ((444928.1834 4475968.7427 0,444931.9612 4475945.0761 0))",2618451,Verde,Línea,4
"MULTILINESTRING Z ((445006.989 4475931.4094 0,445004.239 4475938.9094 0,445002.8223 4475945.2427 0,445000.9057 4475956.1594 0))",2618481,Verde,Línea,5
"MULTILINESTRING Z ((445013.06 4475912.181 0,445012.1464 4475916.8724 0))",2618483,Verde,Línea,1
"MULTILINESTRING Z ((445019.0723 4475879.5761 0,445018.1557 4475885.2427 0,445013.989 4475907.7427 0))",2618484,Verde,Línea,6
"MULTILINESTRING Z ((440150.4592 4479717.4485 0,440155.0188 4479709.9423 0))",2618491,Verde,Línea,2
"MULTILINESTRING Z ((440207.183 4479818.2307 0,440215.0168 4479813.0761 0))",2618493,Verde,Línea,2
"MULTILINESTRING Z ((440216.1547 4479812.2438 0,440223.7807 4479806.9511 0))",2618494,Verde,Línea,2
"MULTILINESTRING Z ((440225.381 4479805.9835 0,440234.0307 4479800.3261 0))",2618495,Verde,Línea,2
"MULTILINESTRING Z ((440235.5044 4479799.3415 0,440239.739 4479796.465 0))",2618496,Verde,Línea,1
"MULTILINESTRING Z ((438912.3223 4476256.7662 0,438869.489 4476233.8495 0))",2618542,Verde,Línea,10
"MULTILINESTRING Z ((437530.209 4475943.3756 0,437537.3738 4475920.0616 0))",2618543,Verde,Línea,5
"MULTILINESTRING Z ((437549.2538 4475893.6144 0,437535.2246 4475945.8965 0))",2618544,Verde,Batería,18
"MULTILINESTRING Z ((437572.7293 4475857.045 0,437613.8815 4475869.4842 0))",2618546,Verde,Línea,8
"MULTILINESTRING Z ((437664.4057 4475827.6594 0,437655.1557 4475841.6594 0))",2618548,Verde,Línea,3
"MULTILINESTRING Z ((437670.0365 4476042.9755 0,437677.7244 4476018.4114 0))",2618551,Azul,Línea,6
"MULTILINESTRING Z ((437647.9724 4476091.005 0,437680.3799 4475989.4337 0,437697.776 4475935.2811 0,437700.161 4475928.8276 0))",2618552,Azul,Línea,34
"MULTILINESTRING Z ((437707.7326 4475926.2472 0,437710.522 4475920.3585 0))",2618555,Verde,Línea,1
"MULTILINESTRING Z ((437702.1225 4475923.4381 0,437703.4613 4475920.5545 0,437743.6261 4475855.9819 0))",2618557,Verde,Línea,15
"MULTILINESTRING Z ((437730.0478 4475888.7453 0,437740.8955 4475871.389 0))",2618558,Verde,Línea,4
"MULTILINESTRING Z ((437750.9683 4475847.5242 0,437759.9564 4475838.3811 0))",2618560,Verde,Línea,2
"MULTILINESTRING Z ((437886.0476 4475920.1296 0,437854.9029 4475900.0678 0))",2618566,Verde,Línea,6
"MULTILINESTRING Z ((438501.2807 4476035.0995 0,438545.1557 4476059.0995 0))",2618569,Verde,Línea,9
"MULTILINESTRING Z ((438494.9634 4476031.6246 0,438486.9051 4476026.8206 0))",2618570,Verde,Línea,1
"MULTILINESTRING Z ((438526.7316 4475955.5359 0,438488.6098 4476007.6047 0))",2618571,Verde,Batería,22
"MULTILINESTRING Z ((437553.2807 4475736.2245 0,437551.7807 4475740.4745 0,437549.5307 4475748.7245 0,437547.1557 4475761.9745 0,437546.1557 4475771.2245 0,437545.5307 4475788.8495 0,437545.4057 4475796.9745 0,437547.1557 4475801.4745 0,437551.2807 4475805.5995 0,437561.4057 4475811.9745 0,437587.6557 4475828.8495 0,437591.0307 4475830.7245 0,437594.5307 4475830.9745 0,437598.2807 4475830.5995 0,437607.9057 4475825.9745 0))",2618573,Verde,Línea,29
"MULTILINESTRING Z ((437569.0375 4475719.9866 0,437594.452 4475736.2581 0))",2618574,Verde,Línea,6
"MULTILINESTRING Z ((437600.7481 4475679.1683 0,437594.1675 4475683.2656 0,437589.0769 4475686.8663 0,437583.8621 4475690.7153 0))",2618575,Verde,Línea,3
"MULTILINESTRING Z ((437622.2001 4475668.1639 0,437626.4092 4475666.9997 0,437631.6034 4475666.1937 0,437635.7229 4475666.1937 0,437639.3946 4475666.1937 0,437641.3648 4475666.3728 0))",2618577,Verde,Línea,3
"MULTILINESTRING Z ((437630.989 4475735.4094 0,437666.9057 4475716.5761 0))",2618579,Verde,Línea,7
"MULTILINESTRING Z ((437679.0943 4475718.9001 0,437677.8526 4475729.4538 0,437675.9902 4475738.3935 0,437674.6244 4475743.4841 0))",2618580,Verde,Línea,4
"MULTILINESTRING Z ((437602.6244 4475756.1144 0,437604.1516 4475757.5751 0,437606.5086 4475759.235 0,437608.6997 4475760.0982 0,437610.3929 4475760.5962 0))",2618581,Verde,Línea,1
"MULTILINESTRING Z ((437627.2245 4475751.2342 0,437627.6893 4475749.2091 0,437628.0213 4475746.6528 0,437627.9217 4475744.3953 0,437627.5565 4475742.5362 0))",2618582,Verde,Línea,1
"MULTILINESTRING Z ((437690.2003 4475712.3574 0,437696.4666 4475712.2639 0,437702.8265 4475713.0121 0,437710.0282 4475714.6021 0,437717.8845 4475717.8755 0))",2618583,Verde,Línea,5
"MULTILINESTRING Z ((437737.3313 4475730.8342 0,437723.3843 4475718.4369 0))",2618584,Verde,Línea,3
"MULTILINESTRING Z ((437845.8307 4475626.4988 0,437865.1909 4475605.7356 0))",2618593,Verde,Línea,5
"MULTILINESTRING Z ((437746.4057 4475637.3495 0,437754.9057 4475624.3495 0))",2618599,Verde,Línea,2
"MULTILINESTRING Z ((437638.2795 4475636.3332 0,437637.9878 4475630.3537 0,437638.2066 4475624.7388 0,437638.717 4475619.3427 0,437639.5921 4475613.4361 0,437640.9047 4475608.3317 0,437642.7277 4475601.8418 0,437646.082 4475593.8205 0,437647.2487 4475590.9766 0))",2618601,Verde,Línea,9
"MULTILINESTRING Z ((437834.6073 4475767.6324 0,437824.0387 4475778.9492 0))",2618603,Verde,Línea,4
"MULTILINESTRING Z ((437917.473 4475678.8744 0,437863.3204 4475736.6746 0,437838.5355 4475763.6107 0))",2618604,Verde,Línea,23
"MULTILINESTRING Z ((437783.0699 4475812.9262 0,437837.5632 4475754.847 0,437881.5923 4475707.5738 0,437914.2749 4475672.7614 0))",2618605,Verde,Línea,42
"MULTILINESTRING Z ((437964.3616 4475788.115 0,437956.1935 4475801.0218 0,437947.1525 4475818.8545 0,437939.2338 4475835.8142 0))",2618606,Verde,Línea,10
"MULTILINESTRING Z ((438002.3963 4475588.0588 0,437974.9926 4475617.3331 0,437938.2362 4475656.6148 0))",2618608,Azul,Línea,19
"MULTILINESTRING Z ((437997.8134 4475583.476 0,437931.8763 4475653.8089 0))",2618609,Verde,Línea,20
"MULTILINESTRING Z ((438018.2859 4475580.3616 0,438073.609 4475623.1324 0))",2618610,Verde,Línea,15
"MULTILINESTRING Z ((437684.2238 4475533.6367 0,437653.301 4475581.5017 0))",2618611,Verde,Línea,11
"MULTILINESTRING Z ((437747.447 4475509.3943 0,437771.104 4475524.2703 0))",2618612,Verde,Línea,5
"MULTILINESTRING Z ((437715.5463 4475494.6245 0,437686.8333 4475476.4801 0))",2618613,Verde,Batería,11
"MULTILINESTRING Z ((437787.0131 4475430.6752 0,437805.9181 4475400.9232 0))",2618615,Verde,Línea,7
"MULTILINESTRING Z ((437816.7807 4475383.3261 0,437809.0307 4475395.8261 0))",2618616,Verde,Línea,2
"MULTILINESTRING Z ((437829.6557 4475363.5761 0,437820.7807 4475377.0761 0))",2618617,Verde,Línea,2
"MULTILINESTRING Z ((437844.8223 4475355.9094 0,437846.1557 4475353.3261 0))",2618618,Verde,Batería,1
"MULTILINESTRING Z ((437807.1725 4475435.7643 0,437832.8615 4475395.8591 0,437834.9814 4475394.612 0,437836.7896 4475394.2379 0,437839.0966 4475393.9885 0,437841.466 4475394.425 0,437868.3397 4475412.1953 0))",2618619,Verde,Línea,16
"MULTILINESTRING Z ((437838.1607 4475398.9192 0,437860.994 4475413.4192 0))",2618620,Azul,Línea,5
"MULTILINESTRING Z ((437843.1081 4475455.4686 0,437866.2486 4475418.3819 0))",2618621,Verde,Línea,9
"MULTILINESTRING Z ((437796.4139 4475437.1835 0,437802.0957 4475440.386 0))",2618623,Verde,Línea,1
"MULTILINESTRING Z ((437794.3498 4475502.4881 0,437788.5303 4475511.5556 0))",2618627,Verde,Línea,2
"MULTILINESTRING Z ((437783.1169 4475521.0292 0,437786.9063 4475514.6684 0))",2618628,Verde,Línea,1
"MULTILINESTRING Z ((437870.4842 4475463.8364 0,437890.6288 4475431.8116 0))",2618637,Verde,Línea,8
"MULTILINESTRING Z ((437901.166 4475415.6959 0,437892.1784 4475429.1257 0))",2618639,Verde,Línea,5
"MULTILINESTRING Z ((437878.0255 4475444.6215 0,437864.4924 4475466.0058 0))",2618641,Verde,Línea,6
"MULTILINESTRING Z ((437863.4594 4475570.6546 0,437885.4635 4475551.8529 0,437890.1123 4475547.2042 0,437910.5668 4475521.3777 0))",2618642,Verde,Línea,13
"MULTILINESTRING Z ((437910.936 4475515.4704 0,437901.0372 4475526.6988 0))",2618643,Verde,Batería,5
"MULTILINESTRING Z ((437885.2059 4475595.2605 0,437925.6099 4475551.4894 0))",2618644,Verde,Batería,22
"MULTILINESTRING Z ((437985.1536 4475463.1133 0,437964.5957 4475440.4893 0))",2618648,Verde,Línea,6
"MULTILINESTRING Z ((438028.3223 4475431.5761 0,438023.989 4475436.2427 0))",2618652,Verde,Línea,2
"MULTILINESTRING Z ((438084.9814 4475371.3548 0,438108.831 4475345.5411 0))",2618657,Verde,Línea,8
"MULTILINESTRING Z ((437973.0668 4475349.3736 0,437962.0131 4475358.7744 0))",2618659,Verde,Batería,4
"MULTILINESTRING Z ((438022.8602 4475565.7992 0,438033.2941 4475554.8488 0))",2618660,Azul,Línea,3
"MULTILINESTRING Z ((438058.3974 4475527.9893 0,438039.6991 4475547.7207 0))",2618662,Azul,Línea,5
"MULTILINESTRING Z ((438053.9057 4475523.8261 0,438042.0723 4475536.4094 0))",2618663,Verde,Línea,3
"MULTILINESTRING Z ((438000.9594 4475580.1587 0,438038.4594 4475540.1794 0))",2618664,Verde,Línea,11
"MULTILINESTRING Z ((438076.4759 4475535.9438 0,438065.6288 4475547.1009 0))",2618666,Verde,Batería,6
"MULTILINESTRING Z ((438086.1867 4475544.5182 0,438074.9263 4475555.8819 0))",2618667,Verde,Batería,6
"MULTILINESTRING Z ((438092.6819 4475545.0672 0,438118.3709 4475568.3868 0))",2618668,Verde,Línea,6
"MULTILINESTRING Z ((438105.2982 4475550.51 0,438097.3437 4475543.1752 0))",2618669,Verde,Línea,2
"MULTILINESTRING Z ((438091.8685 4475492.9686 0,438076.3726 4475509.3943 0))",2618672,Verde,Línea,5
"MULTILINESTRING Z ((438060.1234 4475516.8488 0,438120.7103 4475451.7535 0))",2618673,Verde,Línea,16
"MULTILINESTRING Z ((438102.509 4475481.2951 0,438116.5586 4475466.3157 0))",2618674,Verde,Línea,4
"MULTILINESTRING Z ((438150.5462 4475429.4356 0,438118.2114 4475464.043 0))",2618675,Verde,Línea,10
"MULTILINESTRING Z ((443051.9057 4476533.9927 0,443058.989 4476528.2427 0))",2618677,Azul,Línea,2
"MULTILINESTRING Z ((443232.1958 4477364.2551 0,443238.9612 4477354.3045 0))",2618679,Verde,Batería,4
"MULTILINESTRING Z ((438155.989 4475423.8495 0,438179.1557 4475398.9329 0))",2618680,Verde,Línea,5
"MULTILINESTRING Z ((438125.3149 4475446.6882 0,438204.6324 4475361.9329 0))",2618681,Verde,Línea,26
"MULTILINESTRING Z ((438183.0723 4475394.4927 0,438209.489 4475366.4094 0))",2618682,Verde,Línea,7
"MULTILINESTRING Z ((442605.3563 4477670.6008 0,442608.6649 4477657.3168 0))",2618683,Verde,Línea,3
"MULTILINESTRING Z ((442601.6032 4477675.9341 0,442602.9859 4477670.502 0))",2618686,Verde,Línea,1
"MULTILINESTRING Z ((438606.0307 4475538.0995 0,438644.5307 4475488.4745 0))",2618690,Naranja,Batería,19
"MULTILINESTRING Z ((438600.9057 4475541.9745 0,438600.5307 4475535.0995 0,438600.9057 4475530.2245 0,438604.1557 4475525.2245 0,438633.4057 4475486.4745 0,438638.0307 4475483.4745 0,438644.4057 4475482.7245 0,438650.1557 4475484.2245 0))",2618691,Naranja,Línea,19
"MULTILINESTRING Z ((438673.6557 4475455.2245 0,438617.4057 4475402.4745 0))",2618692,Naranja,Línea,15
"MULTILINESTRING Z ((438691.5097 4475460.8609 0,438691.4161 4475464.8826 0,438690.5744 4475468.9043 0,438689.265 4475471.7102 0))",2618693,Naranja,Línea,1
"MULTILINESTRING Z ((442840.6155 4479033.9835 0,442837.8254 4478991.8847 0))",2618695,Verde,Línea,9
"MULTILINESTRING Z ((438690.6863 4475371.4665 0,438742.2902 4475289.4891 0,438777.7776 4475235.0958 0,438827.057 4475159.0072 0,438869.3629 4475094.2311 0,438905.4701 4475042.1623 0,438916.1628 4475024.4961 0,438919.5721 4475008.5345 0,438924.9959 4474976.7664 0,438927.6304 4474969.4829 0,438948.2409 4474940.8141 0))",2618696,Naranja,Batería,183
"MULTILINESTRING Z ((438861.0294 4475494.7502 0,438816.8656 4475555.3774 0))",2618697,Azul,Batería,26
"MULTILINESTRING Z ((438933.5307 4475394.9745 0,438902.0307 4475437.5995 0))",2618698,Azul,Batería,17
"MULTILINESTRING Z ((437900.4659 4475305.9309 0,437895.0504 4475314.0049 0,437882.2501 4475326.8052 0))",2618700,Verde,Batería,11
"MULTILINESTRING Z ((437890.5255 4475335.5306 0,437909.0172 4475319.4149 0))",2618706,Verde,Línea,5
"MULTILINESTRING Z ((437915.8354 4475279.7455 0,437908.9139 4475286.3571 0,437903.6453 4475293.0719 0,437888.4594 4475314.7662 0,437884.3272 4475319.4149 0,437880.1949 4475322.3075 0,437875.8561 4475324.3736 0,437850.5462 4475331.2951 0))",2618707,Verde,Línea,18
"MULTILINESTRING Z ((437915.489 4475278.0995 0,437932.5723 4475261.4329 0,437942.5723 4475273.3495 0))",2618708,Verde,Batería,14
"MULTILINESTRING Z ((437963.9759 4475312.0802 0,437955.9181 4475302.6794 0))",2618710,Verde,Batería,5
"MULTILINESTRING Z ((437944.4511 4475298.4438 0,437957.0544 4475312.8033 0))",2618713,Verde,Batería,6
"MULTILINESTRING Z ((439326.5723 4473710.1594 0,439353.3223 4473659.4927 0))",2618715,Verde,Línea,13
"MULTILINESTRING Z ((442871.0007 4475390.6925 0,442860.3602 4475391.4156 0))",2618716,Verde,Línea,2
"MULTILINESTRING Z ((442848.2734 4475392.1388 0,442853.542 4475391.7256 0))",2618717,Verde,Línea,1
"MULTILINESTRING Z ((442675.2791 4474757.039 0,442684.4449 4474756.4778 0))",2618718,Verde,Línea,2
"MULTILINESTRING Z ((442757.989 4474751.3261 0,442732.239 4474753.1594 0))",2618719,Verde,Línea,5
"MULTILINESTRING Z ((442774.1381 4474749.9309 0,442758.893 4474751.2403 0))",2618720,Verde,Línea,3
"MULTILINESTRING Z ((437973.9497 4475345.2359 0,438013.8257 4475310.2337 0))",2618723,Verde,Línea,12
"MULTILINESTRING Z ((438033.1729 4475295.0218 0,438056.5077 4475273.9023 0))",2618725,Verde,Batería,10
"MULTILINESTRING Z ((438019.2902 4475307.4276 0,438031.5483 4475296.6464 0))",2618726,Verde,Batería,6
"MULTILINESTRING Z ((438068.1751 4475263.8595 0,438057.9846 4475272.1301 0))",2618727,Verde,Batería,5
"MULTILINESTRING Z ((438079.8374 4475241.4446 0,438030.2676 4475185.9825 0))",2618729,Verde,Línea,15
"MULTILINESTRING Z ((438050.9373 4475217.2208 0,438025.0301 4475189.7236 0))",2618730,Verde,Batería,15
"MULTILINESTRING Z ((438100.962 4475227.2327 0,438090.3284 4475236.6848 0))",2618733,Verde,Línea,2
"MULTILINESTRING Z ((438116.1739 4475218.9621 0,438082.3532 4475249.0906 0))",2618734,Verde,Línea,9
"MULTILINESTRING Z ((438113.5155 4475216.0084 0,438106.8696 4475221.7682 0))",2618735,Verde,Línea,1
"MULTILINESTRING Z ((438118.6846 4475205.9655 0,438108.9372 4475202.421 0))",2618738,Verde,Línea,2
"MULTILINESTRING Z ((438078.4057 4475187.4511 0,438083.0307 4475173.0761 0))",2618740,Verde,Línea,2
"MULTILINESTRING Z ((438070.9057 4475165.7011 0,438084.7807 4475170.3261 0))",2618741,Verde,Batería,5
"MULTILINESTRING Z ((438060.9448 4475185.2343 0,438068.3335 4475163.2553 0))",2618742,Verde,Batería,9
"MULTILINESTRING Z ((438162.6959 4475177.1662 0,438124.0014 4475211.8731 0))",2618743,Verde,Línea,11
"MULTILINESTRING Z ((438127.3983 4475203.1594 0,438164.9112 4475169.3387 0))",2618747,Verde,Línea,10
"MULTILINESTRING Z ((438153.2438 4475160.0343 0,438104.3588 4475147.6285 0))",2618748,Verde,Línea,10
"MULTILINESTRING Z ((438096.2048 4475135.571 0,438099.4782 4475122.29 0))",2618749,Verde,Batería,6
"MULTILINESTRING Z ((438119.2754 4475147.6285 0,438123.7061 4475128.872 0))",2618750,Verde,Batería,8
"MULTILINESTRING Z ((438157.3791 4475114.9893 0,438163.582 4475096.5282 0))",2618752,Verde,Batería,7
"MULTILINESTRING Z ((438208.4794 4475130.9397 0,438220.5898 4475120.1584 0))",2618755,Verde,Línea,3
"MULTILINESTRING Z ((438184.0274 4475086.7495 0,438192.5385 4475062.6193 0))",2618758,Verde,Batería,10
"MULTILINESTRING Z ((438207.2796 4475137.6095 0,438255.2316 4475094.5808 0))",2618759,Verde,Línea,11
"MULTILINESTRING Z ((438271.3797 4475080.2051 0,438259.2686 4475090.7407 0))",2618760,Verde,Línea,3
"MULTILINESTRING Z ((438242.5297 4475099.8979 0,438260.9425 4475083.8482 0))",2618762,Verde,Línea,5
"MULTILINESTRING Z ((438126.6949 4475315.1445 0,438105.8381 4475296.1584 0))",2618766,Verde,Línea,5
"MULTILINESTRING Z ((438097.9755 4475296.442 0,438091.344 4475303.4418 0))",2618767,Verde,Línea,2
"MULTILINESTRING Z ((438155.4876 4475296.0381 0,438141.6042 4475310.8077 0))",2618768,Verde,Línea,4
"MULTILINESTRING Z ((438269.1846 4475185.1408 0,438223.1689 4475233.2609 0))",2618772,Verde,Batería,25
"MULTILINESTRING Z ((438334.1624 4475300.3386 0,438345.5344 4475287.0466 0))",2618774,Azul,Línea,3
"MULTILINESTRING Z ((438461.752 4475269.3654 0,438457.3911 4475272.9086 0,438452.0309 4475276.6335 0,438446.2164 4475280.2675 0,438441.1287 4475282.8114 0,438434.0423 4475285.7186 0,438428.6821 4475287.1722 0,438423.0493 4475288.4442 0,438421.0506 4475288.535 0))",2618775,Verde,Línea,8
"MULTILINESTRING Z ((438411.1553 4475165.9951 0,438454.9 4475114.6542 0))",2618776,Verde,Línea,14
"MULTILINESTRING Z ((438404.6557 4475162.0761 0,438487.1557 4475064.8261 0))",2618777,Verde,Línea,25
"MULTILINESTRING Z ((438457.7807 4475110.5761 0,438492.5307 4475069.2011 0))",2618778,Verde,Línea,9
"MULTILINESTRING Z ((438553.6278 4475165.3511 0,438549.3448 4475170.2249 0))",2618781,Verde,Línea,1
"MULTILINESTRING Z ((438556.9057 4475162.0761 0,438592.4057 4475124.3261 0))",2618782,Verde,Línea,10
"MULTILINESTRING Z ((438627.4721 4475087.2238 0,438631.9028 4475082.2024 0))",2618784,Verde,Línea,1
"MULTILINESTRING Z ((438645.7855 4475067.1382 0,438637.2196 4475076.2949 0))",2618785,Verde,Línea,2
"MULTILINESTRING Z ((438595.955 4475194.8192 0,438669.9146 4475115.5089 0))",2618786,Verde,Línea,21
"MULTILINESTRING Z ((438582.5583 4475209.4447 0,438587.156 4475204.2921 0))",2618787,Verde,Línea,1
"MULTILINESTRING Z ((438552.3561 4475187.3281 0,438571.1433 4475204.847 0))",2618788,Verde,Línea,6
"MULTILINESTRING Z ((438677.1557 4475211.3261 0,438659.2807 4475232.0761 0,438639.7807 4475254.2011 0,438624.9057 4475271.7011 0,438618.2807 4475279.0761 0,438598.6557 4475303.0761 0,438578.2807 4475328.3261 0))",2618789,Naranja,Línea,30
"MULTILINESTRING Z ((438619.6446 4475284.5359 0,438606.9434 4475299.7478 0))",2618791,Naranja,Línea,4
"MULTILINESTRING Z ((438606.9434 4475299.8955 0,438569.2828 4475346.8605 0))",2618792,Naranja,Línea,15
"MULTILINESTRING Z ((438744.2807 4475142.3261 0,438775.4057 4475108.0761 0))",2618794,Naranja,Línea,9
"MULTILINESTRING Z ((439294.1999 4475075.7712 0,439287.9723 4475076.7921 0,439280.009 4475076.1795 0,439273.9856 4475075.8733 0))",2618801,Naranja,Línea,3
"MULTILINESTRING Z ((438199.0273 4475086.4854 0,438201.2426 4475077.0333 0,438201.2426 4475073.0457 0,438196.3689 4475067.8766 0))",2618802,Verde,Batería,9
"MULTILINESTRING Z ((438432.9614 4475018.695 0,438386.5303 4475069.7812 0))",2618806,Verde,Batería,28
"MULTILINESTRING Z ((438410.989 4475032.9927 0,438425.4057 4475016.7427 0))",2618807,Verde,Línea,5
"MULTILINESTRING Z ((438430.8223 4475010.0761 0,438440.3223 4474998.4094 0))",2618808,Verde,Línea,3
"MULTILINESTRING Z ((438543.8803 4474886.8103 0,438537.2343 4474895.0809 0))",2618810,Verde,Batería,3
"MULTILINESTRING Z ((438480.739 4474946.3261 0,438497.6557 4474925.7427 0))",2618812,Verde,Batería,9
"MULTILINESTRING Z ((438507.6557 4475051.5761 0,438496.4057 4475064.2011 0))",2618813,Verde,Línea,3
"MULTILINESTRING Z ((438576.6557 4474958.0761 0,438530.6557 4475013.0761 0))",2618814,Verde,Línea,13
"MULTILINESTRING Z ((438518.0307 4475038.8261 0,438581.7807 4474962.8261 0))",2618815,Verde,Línea,18
"MULTILINESTRING Z ((438605.4057 4474935.2427 0,438618.0723 4474919.5761 0))",2618816,Verde,Línea,3
"MULTILINESTRING Z ((438580.5307 4474953.2011 0,438615.5307 4474912.3261 0))",2618817,Verde,Línea,10
"MULTILINESTRING Z ((438674.5307 4474843.0761 0,438618.1557 4474909.0761 0))",2618818,Verde,Línea,17
"MULTILINESTRING Z ((438573.6645 4475022.3088 0,438590.7801 4475003.5097 0))",2618819,Azul,Línea,6
"MULTILINESTRING Z ((438584.4947 4475033.9082 0,438578.7349 4475040.1111 0))",2618820,Azul,Línea,1
"MULTILINESTRING Z ((438587.9612 4475030.0205 0,438598.8501 4475018.0205 0))",2618821,Azul,Línea,2
"MULTILINESTRING Z ((438807.6523 4474892.7179 0,438794.8034 4474906.896 0))",2618822,Verde,Línea,3
"MULTILINESTRING Z ((438794.9511 4474907.0437 0,438784.9082 4474917.9726 0))",2618823,Verde,Línea,3
"MULTILINESTRING Z ((438781.3637 4474922.2556 0,438785.0559 4474918.1203 0))",2618824,Verde,Línea,1
"MULTILINESTRING Z ((438740.4247 4474965.7244 0,438750.8063 4474954.6881 0))",2618825,Verde,Línea,2
"MULTILINESTRING Z ((438722.5836 4474984.8756 0,438730.8542 4474975.8666 0))",2618826,Verde,Línea,2
"MULTILINESTRING Z ((438673.8385 4475111.585 0,438756.0026 4475023.2378 0))",2618827,Verde,Línea,23
"MULTILINESTRING Z ((438691.0723 4474919.1594 0,438714.8223 4474894.5761 0))",2618828,Azul,Línea,6
"MULTILINESTRING Z ((438681.1557 4474929.4094 0,438688.6557 4474921.7427 0))",2618830,Azul,Línea,2
"MULTILINESTRING Z ((438672.4057 4474938.7427 0,438680.9057 4474929.6594 0))",2618831,Azul,Línea,2
"MULTILINESTRING Z ((438725.1557 4474853.8261 0,438742.989 4474833.9927 0))",2618832,Azul,Línea,5
"MULTILINESTRING Z ((438682.56 4474843.5375 0,438687.7291 4474837.63 0))",2618835,Verde,Línea,1
"MULTILINESTRING Z ((438678.1557 4474839.0761 0,438692.5307 4474820.8261 0))",2618836,Verde,Línea,5
"MULTILINESTRING Z ((438946.1843 4474920.7787 0,438939.9814 4474925.2094 0))",2618837,Naranja,Línea,1
"MULTILINESTRING Z ((439033.616 4474825.9626 0,438988.1279 4474886.958 0,438980.005 4474895.967 0,438973.6544 4474901.5792 0,438969.9622 4474904.0899 0,438953.7164 4474916.0527 0,438952.3872 4474916.7911 0))",2618838,Verde,Línea,24
"MULTILINESTRING Z ((439252.0475 4475003.9274 0,439245.2538 4474975.8666 0,439240.6755 4474963.1653 0,439236.0971 4474952.9748 0,439219.9991 4474918.8587 0,439215.273 4474909.259 0))",2618839,Naranja,Línea,20
"MULTILINESTRING Z ((439256.6488 4475003.1836 0,439253.1874 4474988.7611 0,439247.7645 4474970.9925 0,439244.88 4474962.339 0,439219.2656 4474907.8796 0,439214.3042 4474900.0337 0))",2618840,Naranja,Línea,22
"MULTILINESTRING Z ((439257.3411 4475007.9142 0,439264.3792 4475035.4901 0,439266.6868 4475047.4896 0,439267.956 4475058.1046 0,439267.6099 4475065.6043 0))",2618841,Naranja,Línea,11
"MULTILINESTRING Z ((439252.8412 4475008.8372 0,439260.5717 4475042.2975 0,439262.187 4475050.3741 0,439262.9947 4475056.1431 0,439262.7639 4475059.8353 0,439261.7255 4475064.912 0))",2618842,Naranja,Línea,11
"MULTILINESTRING Z ((440604.739 4477298.7242 0,440623.8748 4477297.3662 0))",2618843,Verde,Línea,4
"MULTILINESTRING Z ((438697.6302 4474824.7895 0,438695.0701 4474828.1373 0))",2618844,Verde,Línea,1
"MULTILINESTRING Z ((438759.9057 4474703.8261 0,438744.9057 4474740.4511 0,438737.7807 4474754.7011 0,438725.7807 4474774.5761 0,438717.1557 4474788.3261 0,438707.7807 4474801.5761 0,438697.1557 4474815.5761 0))",2618846,Verde,Línea,24
"MULTILINESTRING Z ((438743.5144 4474754.9786 0,438748.733 4474744.9353 0))",2618847,Verde,Línea,2
"MULTILINESTRING Z ((438752.1792 4474739.0274 0,438757.1024 4474728.1964 0))",2618848,Verde,Línea,2
"MULTILINESTRING Z ((438761.1394 4474719.0392 0,438763.6995 4474713.1314 0))",2618850,Verde,Línea,1
"MULTILINESTRING Z ((443644.9057 4475281.4927 0,443635.8223 4475260.5761 0,443633.239 4475259.6594 0,443630.4057 4475252.3261 0))",2618897,Verde,Batería,13
"MULTILINESTRING Z ((443172.0723 4477454.6008 0,443177.0929 4477445.8271 0))",2618912,Verde,Batería,4
"MULTILINESTRING Z ((443191.1834 4477421.144 0,443181.2822 4477438.4773 0))",2618913,Verde,Línea,4
"MULTILINESTRING Z ((443941.6032 4476548.9876 0,443941.7946 4476562.965 0))",2618914,Azul,Línea,3
"MULTILINESTRING Z ((440699.2575 4481579.7983 0,440711.2946 4481585.3538 0))",2618917,Verde,Línea,2
"MULTILINESTRING Z ((440870.5305 4477148.9931 0,440860.6557 4477149.7011 0))",2618918,Verde,Línea,2
"MULTILINESTRING Z ((440871.2575 4477150.4526 0,440894.6896 4477148.7983 0))",2618919,Verde,Línea,5
"MULTILINESTRING Z ((443917.2946 4476495.5761 0,443917.3644 4476485.6906 0))",2618923,Verde,Línea,2
"MULTILINESTRING Z ((443107.6773 4476111.465 0,443111.7513 4476114.0576 0))",2618926,Verde,Batería,2
"MULTILINESTRING Z ((443117.489 4476114.8261 0,443113.4057 4476112.4927 0))",2618927,Verde,Línea,1
"MULTILINESTRING Z ((442206.739 4479664.5761 0,442206.4057 4479657.6594 0))",2618928,Verde,Línea,1
"MULTILINESTRING Z ((442204.1821 4479651.5884 0,442204.5003 4479656.7242 0))",2618929,Verde,Línea,1
"MULTILINESTRING Z ((442223.8254 4475611.0699 0,442224.8131 4475624.7242 0))",2618933,Verde,Batería,6
"MULTILINESTRING Z ((442190.2287 4477862.8641 0,442203.6773 4477855.967 0))",2618961,Verde,Línea,3
"MULTILINESTRING Z ((443072.8597 4474957.7574 0,443073.9551 4474972.874 0))",2618984,Verde,Línea,3
"MULTILINESTRING Z ((439174.9219 4476077.1674 0,439190.8888 4476078.9415 0))",2618985,Verde,Línea,3
"MULTILINESTRING Z ((441791.8501 4479055.0946 0,441793.1834 4479070.7242 0))",2619007,Verde,Batería,5
"MULTILINESTRING Z ((439318.3316 4476759.7983 0,439310.3686 4476760.2798 0))",2619027,Verde,Línea,1
"MULTILINESTRING Z ((440404.7884 4477283.6872 0,440407.8254 4477274.6995 0))",2619028,Verde,Línea,2
"MULTILINESTRING Z ((443720.4057 4475198.9927 0,443734.739 4475193.4927 0))",2619044,Verde,Línea,3
"MULTILINESTRING Z ((442492.0317 4474978.3414 0,442507.805 4474977.2383 0))",2619049,Verde,Línea,3
"MULTILINESTRING Z ((442525.0121 4474976.025 0,442518.6146 4474976.4662 0))",2619050,Verde,Línea,1
"MULTILINESTRING Z ((444949.5908 4475876.0946 0,444965.739 4475878.6501 0))",2619090,Verde,Línea,3
"MULTILINESTRING Z ((444972.9983 4475879.7983 0,445002.2205 4475884.4279 0))",2619091,Verde,Línea,6
"MULTILINESTRING Z ((444950.3316 4475868.7242 0,444968.6279 4475871.7242 0))",2619092,Verde,Línea,3
"MULTILINESTRING Z ((445018.4057 4475828.5761 0,445015.6557 4475846.5761 0))",2619094,Verde,Línea,3
"MULTILINESTRING Z ((445009.8748 4475824.7983 0,445000.7637 4475823.3168 0))",2619095,Verde,Línea,2
"MULTILINESTRING Z ((444986.5908 4475813.9094 0,444992.6279 4475814.8724 0))",2619097,Verde,Línea,1
"MULTILINESTRING Z ((445011.1464 4475817.7983 0,445001.6649 4475816.2798 0))",2619098,Verde,Línea,2
"MULTILINESTRING Z ((445020.3501 4475765.6316 0,444995.6279 4475761.6316 0))",2619100,Verde,Línea,5
"MULTILINESTRING Z ((445021.4427 4475759.0946 0,445006.1834 4475756.6501 0))",2619106,Verde,Línea,3
"MULTILINESTRING Z ((444948.4914 4475843.6505 0,444944.9286 4475865.0269 0))",2619109,Verde,Línea,4
"MULTILINESTRING Z ((444949.8039 4475835.775 0,444952.9916 4475819.274 0,444952.6166 4475818.899 0))",2619110,Verde,Línea,3
"MULTILINESTRING Z ((444971.9057 4475703.6872 0,444969.5723 4475718.2427 0))",2619114,Verde,Línea,3
"MULTILINESTRING Z ((445043.5598 4475762.6455 0,445075.4368 4475767.7083 0))",2619119,Verde,Línea,6
"MULTILINESTRING Z ((445164.9365 4475769.1193 0,445169.06 4475762.1563 0))",2619129,Verde,Batería,3
"MULTILINESTRING Z ((445156.3686 4475783.7119 0,445159.3069 4475778.6748 0))",2619133,Verde,Batería,2
"MULTILINESTRING Z ((445081.8501 4475908.9711 0,445083.4304 4475906.3045 0))",2619145,Verde,Batería,1
"MULTILINESTRING Z ((445076.4921 4475918.0082 0,445077.9983 4475915.465 0))",2619148,Verde,Batería,1
"MULTILINESTRING Z ((445069.1094 4475930.465 0,445062.8501 4475941.0205 0))",2619149,Verde,Batería,5
"MULTILINESTRING Z ((445055.8007 4475952.8724 0,445057.3316 4475950.2798 0))",2619155,Verde,Batería,1
"MULTILINESTRING Z ((445046.0723 4475969.3261 0,445051.4057 4475960.0761 0))",2619160,Verde,Batería,4
"MULTILINESTRING Z ((444947.9242 4475753.8353 0,444927.5538 4475750.5761 0))",2619212,Verde,Línea,4
"MULTILINESTRING Z ((444955.9057 4475744.9094 0,444958.0723 4475730.5761 0))",2619254,Verde,Línea,3
"MULTILINESTRING Z ((444906.5908 4475815.7983 0,444890.8131 4475813.465 0,444886.9242 4475812.7613 0))",2619259,Verde,Batería,8
"MULTILINESTRING Z ((444875.0353 4475856.3168 0,444899.0723 4475860.2798 0))",2619264,Verde,Línea,5
"MULTILINESTRING Z ((444929.8007 4475865.3004 0,444923.7925 4475864.3292 0))",2619268,Verde,Línea,1
"MULTILINESTRING Z ((439218.8223 4475648.1594 0,439227.489 4475633.7427 0))",2619309,Verde,Línea,3
"MULTILINESTRING Z ((445050.6557 4475703.5761 0,445061.239 4475705.3261 0))",2619343,Verde,Línea,2
"MULTILINESTRING Z ((445106.489 4475712.8261 0,445150.239 4475719.7427 0,445158.0723 4475721.0761 0))",2619345,Verde,Línea,10
"MULTILINESTRING Z ((445068.1279 4475583.9094 0,445127.4057 4475592.6872 0))",2619349,Verde,Línea,12
"MULTILINESTRING Z ((441903.1557 4479060.0761 0,441908.3223 4479059.6594 0))",2619351,Verde,Línea,1
"MULTILINESTRING Z ((445190.6649 4475663.5637 0,445182.4921 4475662.2551 0))",2619352,Verde,Línea,1
"MULTILINESTRING Z ((445133.4612 4475661.5761 0,445145.2946 4475663.465 0))",2619355,Verde,Línea,2
"MULTILINESTRING Z ((445072.5723 4475538.4094 0,445071.8223 4475543.4927 0))",2619359,Verde,Línea,1
"MULTILINESTRING Z ((445146.0168 4475500.965 0,445146.8501 4475496.0205 0))",2619360,Verde,Línea,1
"MULTILINESTRING Z ((445096.5723 4475444.7427 0,445140.5723 4475451.7427 0))",2619361,Azul,Línea,8
"MULTILINESTRING Z ((445233.1094 4475375.7242 0,445228.0723 4475329.8724 0))",2619362,Verde,Línea,9
"MULTILINESTRING Z ((444994.3686 4475639.2921 0,445007.2328 4475641.3415 0))",2619365,Verde,Línea,2
"MULTILINESTRING Z ((441701.489 4480128.4927 0,441736.3223 4480120.9927 0))",2619367,Verde,Línea,7
"MULTILINESTRING Z ((445041.1094 4475646.6872 0,445026.0353 4475644.3168 0))",2619368,Verde,Línea,3
"MULTILINESTRING Z ((444980.1557 4475691.9094 0,445005.489 4475696.0761 0))",2619369,Verde,Línea,5
"MULTILINESTRING Z ((444951.3686 4475622.2798 0,444969.2205 4475625.3909 0))",2619371,Verde,Batería,6
"MULTILINESTRING Z ((441695.6557 4480158.9094 0,441692.3223 4480143.0761 0))",2619372,Verde,Línea,3
"MULTILINESTRING Z ((444921.6122 4475567.2927 0,444934.2818 4475569.42 0))",2619373,Verde,Línea,2
"MULTILINESTRING Z ((444975.5525 4475575.9912 0,444949.1733 4475571.831 0))",2619375,Verde,Línea,5
"MULTILINESTRING Z ((444990.4427 4475583.1687 0,444988.1094 4475597.502 0))",2619376,Verde,Línea,3
"MULTILINESTRING Z ((445026.2122 4475634.4362 0,445041.5374 4475636.823 0))",2619379,Verde,Batería,6
"MULTILINESTRING Z ((441820.4057 4480249.4511 0,441805.2807 4480179.9511 0))",2619381,Azul,Batería,27
"MULTILINESTRING Z ((445049.776 4475586.9958 0,445029.7513 4475583.9588 0))",2619382,Verde,Línea,4
"MULTILINESTRING Z ((444996.1464 4475578.502 0,445023.2575 4475582.9464 0))",2619383,Verde,Línea,5
"MULTILINESTRING Z ((441831.0307 4480249.2011 0,441816.1557 4480180.2011 0))",2619384,Verde,Línea,14
"MULTILINESTRING Z ((445001.4612 4475565.5761 0,445011.4612 4475567.3538 0,445049.2946 4475573.2427 0))",2619385,Verde,Línea,10
"MULTILINESTRING Z ((444979.263 4475557.417 0,444983.2341 4475559.7072 0))",2619387,Verde,Línea,1
"MULTILINESTRING Z ((445065.489 4475535.3261 0,445064.489 4475542.1594 0))",2619391,Verde,Línea,1
"MULTILINESTRING Z ((441802.8223 4480169.9094 0,441789.739 4480110.4927 0))",2619393,Azul,Batería,24
"MULTILINESTRING Z ((445066.739 4475463.4927 0,445034.739 4475482.0761 0))",2619394,Verde,Línea,7
"MULTILINESTRING Z ((442139.4812 4475155.6178 0,442155.6 4475154.4405 0))",2619405,Verde,Línea,3
"MULTILINESTRING Z ((442167.7344 4475153.9878 0,442174.8882 4475153.4444 0))",2619406,Verde,Línea,1
"MULTILINESTRING Z ((441840.6557 4480118.6594 0,441827.5723 4480100.4927 0))",2619423,Verde,Línea,4
"MULTILINESTRING Z ((441724.739 4480292.4927 0,441738.489 4480355.8261 0,441744.4057 4480383.4094 0))",2619425,Verde,Línea,19
"MULTILINESTRING Z ((444901.1478 4475362.9719 0,444897.6528 4475362.9719 0,444894.4828 4475363.6222 0,444891.4754 4475365.2478 0,444889.2808 4475367.1985 0))",2619441,Verde,Línea,2
"MULTILINESTRING Z ((441915.989 4480563.4927 0,441877.1557 4480483.2427 0))",2619502,Verde,Línea,18
"MULTILINESTRING Z ((441965.489 4480705.0761 0,441964.239 4480697.3261 0))",2619513,Verde,Línea,1
"MULTILINESTRING Z ((441988.4057 4480769.2011 0,441987.7807 4480766.2011 0))",2619517,Verde,Batería,1
"MULTILINESTRING Z ((441986.6557 4480759.4511 0,441974.4057 4480688.4511 0))",2619529,Verde,Batería,27
"MULTILINESTRING Z ((441996.739 4480819.3261 0,441999.9057 4480838.1594 0))",2619563,Verde,Batería,9
"MULTILINESTRING Z ((441999.9057 4480776.4927 0,442001.1557 4480783.4927 0))",2619574,Verde,Línea,1
"MULTILINESTRING Z ((442014.6557 4480821.5761 0,442016.9057 4480834.6594 0))",2619578,Verde,Línea,3
"MULTILINESTRING Z ((441972.1279 4480866.7427 0,441984.9612 4480864.1316 0))",2619585,Verde,Línea,2
"MULTILINESTRING Z ((441948.3223 4480893.3261 0,441950.3223 4480902.8261 0))",2619587,Verde,Batería,4
"MULTILINESTRING Z ((441952.739 4480913.1594 0,441953.9057 4480918.9927 0))",2619592,Verde,Batería,3
"MULTILINESTRING Z ((441958.5723 4480940.4927 0,441956.989 4480933.6594 0))",2619597,Verde,Batería,3
"MULTILINESTRING Z ((441965.9057 4480974.9094 0,441966.989 4480980.3261 0))",2619604,Verde,Batería,3
"MULTILINESTRING Z ((441917.2807 4480888.4511 0,441936.5307 4480976.8261 0,441950.1557 4481039.9511 0))",2619644,Verde,Línea,32
"MULTILINESTRING Z ((443190.489 4479846.9094 0,443194.0723 4479846.3261 0,443198.739 4479844.9094 0,443200.5723 4479844.0761 0))",2619656,Azul,Batería,4
"MULTILINESTRING Z ((442742.3223 4481282.5761 0,442774.739 4481285.5761 0,442776.989 4481285.5761 0,442777.739 4481285.4927 0))",2619678,Verde,Batería,14
"MULTILINESTRING Z ((442839.8223 4481512.3261 0,442839.1557 4481516.2427 0,442838.3223 4481518.7427 0,442836.239 4481522.5761 0,442833.8223 4481525.9927 0,442831.4057 4481528.4927 0,442827.5723 4481531.2427 0,442824.4057 4481532.9094 0,442822.6557 4481533.7427 0,442818.8223 4481534.7427 0))",2619717,Verde,Línea,8
"MULTILINESTRING Z ((442795.0723 4481271.6594 0,442797.489 4481247.6594 0))",2619737,Verde,Batería,10
"MULTILINESTRING Z ((442697.7034 4480621.121 0,442698.2637 4480615.9985 0))",2619751,Azul,Línea,1
"MULTILINESTRING Z ((442700.0245 4480591.4267 0,442698.4238 4480611.4363 0))",2619756,Azul,Línea,4
"MULTILINESTRING Z ((442581.6477 4480286.8005 0,442615.1038 4480295.6047 0))",2619762,Verde,Batería,12
"MULTILINESTRING Z ((442574.6043 4480269.4322 0,442620.3063 4480281.2778 0))",2619769,Verde,Batería,20
"MULTILINESTRING Z ((442555.6744 4480377.393 0,442553.7534 4480384.7168 0))",2619798,Verde,Línea,1
"MULTILINESTRING Z ((442266.5613 4480149.4948 0,442242.3116 4480131.5677 0))",2619832,Verde,Línea,6
"MULTILINESTRING Z ((442271.3632 4480152.7762 0,442278.0859 4480152.5361 0))",2619836,Verde,Línea,1
"MULTILINESTRING Z ((442524.0243 4479916.6017 0,442517.7818 4479918.9226 0))",2619847,Verde,Línea,1
"MULTILINESTRING Z ((442225.1047 4479965.7413 0,442222.3036 4479967.2619 0,442219.8226 4479969.3428 0,442217.2616 4479972.5441 0,442215.4209 4479975.6653 0))",2619894,Verde,Batería,5
"MULTILINESTRING Z ((442249.9947 4479975.1051 0,442248.0739 4479971.6637 0,442245.2728 4479968.6225 0,442241.5113 4479966.0615 0))",2619898,Verde,Batería,4
"MULTILINESTRING Z ((441899.5345 4479898.5144 0,441895.1328 4479898.6745 0))",2619914,Verde,Línea,1
"MULTILINESTRING Z ((441964.9207 4479859.859 0,441965.3208 4479867.462 0))",2619929,Verde,Línea,2
"MULTILINESTRING Z ((441951.8223 4479896.8261 0,441962.239 4479896.5761 0))",2619937,Verde,Línea,2
"MULTILINESTRING Z ((442010.5984 4479884.081 0,442013.13 4480032.6042 0,442014.2552 4480108.5536 0))",2619956,Verde,Línea,47
"MULTILINESTRING Z ((442113.9057 4479897.6594 0,442115.489 4479902.8261 0))",2619969,Verde,Línea,1
"MULTILINESTRING Z ((441889.739 4480061.9927 0,441893.489 4480059.4094 0))",2620015,Verde,Línea,1
"MULTILINESTRING Z ((441885.4057 4480073.9094 0,441892.239 4480070.2427 0,441895.739 4480068.5761 0,441900.6557 4480066.8261 0,441904.5723 4480065.5761 0,441909.5723 4480064.4094 0,441914.9057 4480063.4927 0,441930.8223 4480062.4094 0))",2620019,Verde,Línea,10
"MULTILINESTRING Z ((441844.1557 4480123.5761 0,441871.5723 4480161.4094 0))",2620023,Verde,Línea,10
"MULTILINESTRING Z ((441908.3223 4480212.3261 0,441908.739 4480213.7427 0,441908.5723 4480216.4927 0,441907.3223 4480219.1594 0,441905.239 4480220.8261 0))",2620026,Verde,Línea,2
"MULTILINESTRING Z ((441863.0723 4480396.1594 0,441851.0723 4480342.1594 0,441847.4057 4480324.1594 0))",2620043,Verde,Línea,15
"MULTILINESTRING Z ((442048.989 4480399.3261 0,442041.5723 4480376.1594 0))",2620059,Azul,Línea,5
"MULTILINESTRING Z ((442015.4057 4480378.2011 0,442015.0307 4480375.7011 0,442014.2807 4480373.4511 0,442012.5307 4480371.9511 0,442010.4057 4480371.0761 0,442007.6557 4480370.3261 0,442004.7807 4480370.7011 0))",2620078,Azul,Línea,2
"MULTILINESTRING Z ((442015.0307 4480383.3261 0,442014.2807 4480392.3261 0))",2620080,Azul,Línea,2
"MULTILINESTRING Z ((441907.8236 4481102.9631 0,441907.127 4481100.4863 0))",2620107,Verde,Batería,1
"MULTILINESTRING Z ((445002.3686 4475364.6131 0,445019.1834 4475366.8724 0,445031.4427 4475367.7983 0))",2620116,Verde,Línea,6
"MULTILINESTRING Z ((442021.1557 4481259.4094 0,442020.4057 4481256.8261 0))",2620121,Verde,Batería,1
"MULTILINESTRING Z ((444843.5723 4475272.9927 0,444866.4057 4475295.3261 0))",2620140,Verde,Batería,13
"MULTILINESTRING Z ((444551.1519 4474996.3947 0,444536.9277 4474982.8207 0))",2620148,Verde,Batería,7
"MULTILINESTRING Z ((444452.1834 4474900.9094 0,444463.3501 4474911.6872 0))",2620149,Verde,Batería,6
"MULTILINESTRING Z ((444661.1834 4474908.3538 0,444635.1279 4474935.2427 0))",2620151,Verde,Batería,16
"MULTILINESTRING Z ((444671.4057 4475002.539 0,444678.1834 4475009.2057 0))",2620153,Verde,Batería,4
"MULTILINESTRING Z ((444680.9121 4475011.661 0,444684.6624 4475015.4112 0))",2620154,Verde,Batería,2
"MULTILINESTRING Z ((444702.5723 4474961.3261 0,444695.5723 4474954.7427 0))",2620157,Verde,Línea,2
"MULTILINESTRING Z ((444669.3223 4474885.4094 0,444667.6557 4474886.0761 0,444666.239 4474887.4094 0,444664.989 4474889.2427 0,444664.489 4474890.5761 0,444664.239 4474892.2427 0,444664.239 4474894.3261 0,444664.5723 4474895.4094 0,444665.239 4474896.8261 0))",2620158,Verde,Línea,4
"MULTILINESTRING Z ((444692.2575 4474761.0576 0,444688.5538 4474742.1687 0,444684.9242 4474724.9094 0))",2620174,Verde,Línea,7
"MULTILINESTRING Z ((444474.1708 4474642.7308 0,444484.5787 4474639.9178 0))",2620177,Verde,Línea,2
"MULTILINESTRING Z ((444465.3223 4474645.4094 0,444435.0723 4474652.9927 0))",2620178,Verde,Línea,6
"MULTILINESTRING Z ((444786.2807 4474462.4511 0,444785.1557 4474456.2011 0,444785.7807 4474451.9511 0,444787.7807 4474445.4511 0,444792.1557 4474439.3261 0,444797.4057 4474434.7011 0,444804.9057 4474431.7011 0,444809.7807 4474430.4511 0))",2620186,Verde,Batería,20
"MULTILINESTRING Z ((444849.3223 4475006.6594 0,444842.5723 4474989.9094 0))",2620209,Verde,Batería,7
"MULTILINESTRING Z ((444875.3223 4475066.4927 0,444882.989 4475084.0761 0))",2620212,Verde,Batería,8
"MULTILINESTRING Z ((440809.5723 4475761.4094 0,440811.3223 4475755.9094 0))",2620263,Verde,Batería,2
"MULTILINESTRING Z ((444738.4782 4477478.5652 0,444747.8538 4477463.3767 0))",2620361,Verde,Línea,4
"MULTILINESTRING Z ((444988.8223 4477268.2427 0,444995.989 4477277.9927 0))",2620366,Verde,Línea,2
"MULTILINESTRING Z ((445049.3223 4477348.4094 0,445057.3223 4477359.1594 0))",2620369,Verde,Línea,2
"MULTILINESTRING Z ((444890.3627 4477309.8046 0,444872.5491 4477323.868 0))",2620373,Verde,Línea,4
"MULTILINESTRING Z ((444871.5723 4477504.7427 0,444877.8223 4477509.3261 0))",2620408,Verde,Batería,3
"MULTILINESTRING Z ((444881.239 4477511.7427 0,444884.489 4477513.9094 0))",2620409,Verde,Batería,1
"MULTILINESTRING Z ((444852.4854 4477490.5659 0,444854.7355 4477492.4411 0))",2620416,Verde,Batería,1
"MULTILINESTRING Z ((444444.4599 4477363.808 0,444452.5229 4477345.0569 0))",2620433,Azul,Línea,3
"MULTILINESTRING Z ((444652.989 4477372.8261 0,444661.4057 4477378.1594 0))",2620447,Verde,Batería,5
"MULTILINESTRING Z ((444900.0498 4477221.0711 0,444911.3016 4477224.4467 0))",2620481,Verde,Línea,2
"MULTILINESTRING Z ((444697.2369 4477154.4045 0,444699.2059 4477152.1541 0))",2620513,Verde,Batería,1
"MULTILINESTRING Z ((444708.6639 4477141.2316 0,444728.9151 4477117.2301 0))",2620516,Verde,Batería,14
"MULTILINESTRING Z ((444740.5409 4477103.3542 0,444734.9155 4477109.7296 0))",2620517,Verde,Batería,3
"MULTILINESTRING Z ((444754.7918 4477086.8532 0,444766.0425 4477073.9149 0))",2620523,Verde,Batería,6
"MULTILINESTRING Z ((441038.1557 4475185.5761 0,440971.989 4475252.4094 0))",2620533,Verde,Línea,19
"MULTILINESTRING Z ((441011.6557 4475216.7427 0,441032.6557 4475195.2427 0))",2620534,Verde,Línea,6
"MULTILINESTRING Z ((441039.9057 4475187.8261 0,441033.0723 4475194.8261 0))",2620535,Verde,Línea,2
"MULTILINESTRING Z ((444706.5307 4476976.7011 0,444718.7807 4476973.5761 0))",2620546,Verde,Línea,2
"MULTILINESTRING Z ((444885.4057 4476870.5761 0,444877.7807 4476877.2011 0))",2620554,Verde,Línea,2
"MULTILINESTRING Z ((444914.0307 4476942.0761 0,444907.1557 4476913.9511 0))",2620557,Verde,Línea,6
"MULTILINESTRING Z ((442630.5744 4479443.6762 0,442632.3192 4479452.6858 0))",2620558,Azul,Línea,2
"MULTILINESTRING Z ((444858.9057 4476900.9511 0,444870.6557 4476889.8261 0))",2620562,Verde,Batería,6
"MULTILINESTRING Z ((442057.5703 4476313.1028 0,442058.0147 4476319.4403 0))",2620572,Verde,Línea,1
"MULTILINESTRING Z ((444838.5307 4476899.8261 0,444854.5307 4476884.7011 0))",2620574,Verde,Línea,4
"MULTILINESTRING Z ((444800.6557 4477046.2011 0,444845.4057 4477017.3261 0))",2620580,Verde,Línea,11
"MULTILINESTRING Z ((445003.0307 4477077.0761 0,444978.2807 4477039.3261 0))",2620588,Verde,Línea,8
"MULTILINESTRING Z ((445030.5307 4477121.3261 0,445008.4057 4477085.5761 0))",2620589,Verde,Línea,7
"MULTILINESTRING Z ((445058.7807 4477166.7011 0,445039.1557 4477135.4511 0))",2620590,Verde,Línea,8
"MULTILINESTRING Z ((444853.2807 4477075.8261 0,444844.6557 4477063.9511 0))",2620605,Verde,Batería,6
"MULTILINESTRING Z ((444855.5307 4477074.0761 0,444846.7807 4477062.7011 0))",2620606,Verde,Batería,6
"MULTILINESTRING Z ((444738.5307 4477076.3261 0,444719.9057 4477098.7011 0))",2620625,Verde,Batería,10
"MULTILINESTRING Z ((444703.1557 4477121.4511 0,444678.7807 4477149.8261 0))",2620626,Verde,Batería,13
"MULTILINESTRING Z ((444681.7807 4477095.2011 0,444662.0307 4477078.8261 0))",2620627,Verde,Batería,11
"MULTILINESTRING Z ((444684.7807 4477097.5761 0,444692.7807 4477104.4511 0))",2620628,Verde,Batería,4
"MULTILINESTRING Z ((444636.2807 4477033.7011 0,444648.7807 4477018.4511 0))",2620632,Verde,Línea,4
"MULTILINESTRING Z ((444599.5537 4477113.1343 0,444592.9801 4477107.7743 0))",2620635,Verde,Línea,1
"MULTILINESTRING Z ((444605.7807 4477118.2011 0,444614.2807 4477125.4511 0))",2620636,Verde,Línea,2
"MULTILINESTRING Z ((444668.6557 4477175.7011 0,444678.0307 4477184.4511 0))",2620638,Verde,Línea,2
"MULTILINESTRING Z ((444540.6557 4477282.5761 0,444546.2807 4477286.2011 0))",2620639,Verde,Línea,1
"MULTILINESTRING Z ((444255.989 4477298.6594 0,444260.1557 4477302.5761 0))",2620648,Verde,Línea,1
"MULTILINESTRING Z ((444272.5723 4477313.5761 0,444279.239 4477319.4927 0,444281.9057 4477322.0761 0,444284.239 4477327.4927 0,444284.4057 4477329.9927 0))",2620649,Verde,Línea,4
"MULTILINESTRING Z ((444471.4749 4477037.5523 0,444473.3283 4477027.0693 0))",2620655,Verde,Línea,4
"MULTILINESTRING Z ((444507.4218 4477035.869 0,444523.6031 4477049.2185 0))",2620656,Verde,Línea,4
"MULTILINESTRING Z ((444261.239 4477062.1594 0,444260.989 4477067.7427 0))",2620673,Azul,Línea,1
"MULTILINESTRING Z ((444757.1557 4476905.7427 0,444761.5723 4476923.1594 0))",2620674,Verde,Línea,4
"MULTILINESTRING Z ((444755.3543 4476900.4666 0,444742.9785 4476892.5911 0))",2620675,Verde,Línea,2
"MULTILINESTRING Z ((444747.0307 4476882.5761 0,444761.2807 4476892.9511 0))",2620676,Verde,Batería,5
"MULTILINESTRING Z ((444769.1679 4476897.742 0,444771.6679 4476907.4087 0))",2620679,Verde,Batería,3
"MULTILINESTRING Z ((444886.5307 4476834.7011 0,444882.7807 4476821.3261 0,444881.9057 4476817.2011 0,444879.7807 4476812.9511 0,444875.7807 4476807.9511 0))",2620682,Verde,Línea,5
"MULTILINESTRING Z ((444773.5429 4476836.5251 0,444777.1056 4476830.5247 0))",2620683,Verde,Línea,1
"MULTILINESTRING Z ((444758.4057 4476852.3261 0,444743.9057 4476874.5761 0))",2620684,Verde,Línea,5
"MULTILINESTRING Z ((444755.5307 4476838.2011 0,444735.7807 4476868.8261 0))",2620685,Verde,Línea,7
"MULTILINESTRING Z ((444597.6557 4476875.5761 0,444614.9057 4476863.4511 0,444621.4057 4476857.5761 0,444626.4057 4476852.0761 0,444631.0307 4476846.8261 0,444634.7807 4476840.4511 0))",2620708,Verde,Batería,22
"MULTILINESTRING Z ((444592.2807 4476896.2011 0,444607.7807 4476908.9511 0))",2620710,Verde,Batería,8
"MULTILINESTRING Z ((444563.7807 4476994.8261 0,444571.6557 4476985.8261 0))",2620723,Verde,Línea,2
"MULTILINESTRING Z ((444630.9057 4476945.2011 0,444651.4057 4476962.7011 0))",2620735,Verde,Línea,5
"MULTILINESTRING Z ((444618.2807 4476938.3261 0,444628.2807 4476947.2011 0))",2620736,Verde,Línea,2
"MULTILINESTRING Z ((444453.4604 4476901.4041 0,444489.0876 4476918.2802 0))",2620739,Verde,Batería,15
"MULTILINESTRING Z ((444493.239 4476920.3261 0,444499.8223 4476923.2427 0))",2620740,Verde,Batería,4
"MULTILINESTRING Z ((444449.7102 4476899.3415 0,444439.5846 4476894.8412 0))",2620741,Verde,Batería,3
"MULTILINESTRING Z ((444468.8364 4476861.8392 0,444485.3374 4476870.0897 0))",2620744,Verde,Batería,8
"MULTILINESTRING Z ((444551.154 4476802.0229 0,444610.0327 4476839.5253 0))",2620750,Verde,Línea,14
"MULTILINESTRING Z ((444619.4083 4476838.2127 0,444623.1585 4476832.2123 0))",2620751,Verde,Línea,2
"MULTILINESTRING Z ((444544.7786 4476772.3961 0,444554.3417 4476756.6451 0))",2620753,Verde,Batería,7
"MULTILINESTRING Z ((444545.6557 4476745.7427 0,444560.489 4476755.0761 0))",2620754,Verde,Batería,7
"MULTILINESTRING Z ((444521.1521 4476729.4559 0,444529.9652 4476735.2687 0))",2620757,Verde,Batería,4
"MULTILINESTRING Z ((444706.0723 4476699.6594 0,444690.9057 4476724.1594 0))",2620765,Verde,Línea,5
"MULTILINESTRING Z ((444408.2701 4476667.3895 0,444412.3954 4476649.3884 0))",2620770,Verde,Batería,7
"MULTILINESTRING Z ((444474.6957 4476642.7142 0,444428.029 4476629.9365 0))",2620772,Verde,Línea,10
"MULTILINESTRING Z ((444383.4057 4476706.0761 0,444392.1557 4476670.8261 0,444399.7807 4476638.4511 0))",2620777,Verde,Batería,25
"MULTILINESTRING Z ((444375.4057 4476615.7011 0,444393.7807 4476620.5761 0))",2620778,Verde,Línea,3
"MULTILINESTRING Z ((444365.1401 4476597.992 0,444397.3623 4476606.2142 0))",2620781,Verde,Batería,9
"MULTILINESTRING Z ((444341.4 4476776.6267 0,444355.1834 4476781.4087 0))",2620783,Verde,Línea,3
"MULTILINESTRING Z ((444285.3542 4476375.2235 0,444322.3257 4476368.7581 0,444327.3925 4476367.9664 0,444329.7147 4476368.0455 0,444331.8259 4476368.415 0,444332.6967 4476368.6789 0,444334.1482 4476369.2858 0,444337.7371 4476371.2387 0))",2620784,Verde,Línea,10
"MULTILINESTRING Z ((444217.6503 4476429.2059 0,444212.7815 4476401.5964 0))",2620790,Verde,Línea,6
"MULTILINESTRING Z ((444424.3961 4476604.198 0,444426.2712 4476594.0724 0))",2620795,Verde,Batería,4
"MULTILINESTRING Z ((444430.7715 4476591.0722 0,444440.5221 4476545.6944 0))",2620796,Verde,Batería,16
"MULTILINESTRING Z ((444443.5223 4476535.5688 0,444444.6474 4476530.1309 0))",2620798,Verde,Batería,2
"MULTILINESTRING Z ((444442.3972 4476528.6308 0,444446.71 4476511.1922 0))",2620799,Verde,Batería,8
"MULTILINESTRING Z ((444388.4797 4476490.9835 0,444393.0353 4476474.6872 0))",2620803,Verde,Batería,8
"MULTILINESTRING Z ((444381.2684 4476519.6303 0,444381.6434 4476525.2556 0,444383.5185 4476527.6933 0,444385.7687 4476529.3809 0))",2620806,Verde,Línea,2
"MULTILINESTRING Z ((444451.5723 4476127.7427 0,444417.6557 4476121.6594 0))",2620812,Verde,Línea,7
"MULTILINESTRING Z ((444389.9179 4476116.992 0,444403.1679 4476119.242 0))",2620813,Verde,Línea,2
"MULTILINESTRING Z ((440194.0723 4476095.0761 0,440210.3223 4476100.2427 0))",2620814,Verde,Línea,3
"MULTILINESTRING Z ((444641.2575 4476099.6501 0,444630.0353 4476097.6501 0))",2620816,Verde,Línea,2
"MULTILINESTRING Z ((444636.5908 4476159.0946 0,444612.2946 4476155.1316 0))",2620817,Verde,Línea,5
"MULTILINESTRING Z ((444483.0168 4476056.7983 0,444484.9057 4476045.5761 0))",2620820,Verde,Línea,2
"MULTILINESTRING Z ((444490.9612 4476057.7613 0,444491.9242 4476051.7613 0))",2620822,Verde,Línea,1
"MULTILINESTRING Z ((444500.3383 4476004.7231 0,444507.8388 4475960.0953 0))",2620824,Verde,Línea,9
"MULTILINESTRING Z ((444594.2575 4475968.6501 0,444580.5168 4475966.3168 0))",2620827,Azul,Línea,3
"MULTILINESTRING Z ((444547.3223 4476022.0761 0,444616.8223 4476034.2427 0))",2620828,Verde,Línea,14
"MULTILINESTRING Z ((444533.239 4476019.5761 0,444543.4057 4476021.3261 0))",2620830,Verde,Línea,2
"MULTILINESTRING Z ((444526.739 4476018.5761 0,444500.489 4476014.0761 0))",2620832,Verde,Línea,5
"MULTILINESTRING Z ((444659.0307 4476049.4511 0,444653.0307 4476082.9511 0))",2620833,Verde,Línea,7
"MULTILINESTRING Z ((444534.5723 4476073.5761 0,444571.0168 4476079.7983 0,444592.6834 4476083.7427 0))",2620836,Verde,Línea,11
"MULTILINESTRING Z ((444797.4612 4476252.2983 0,444760.1279 4476245.465 0))",2620838,Azul,Línea,8
"MULTILINESTRING Z ((444660.0476 4476218.9711 0,444652.5415 4476217.6378 0))",2620862,Verde,Línea,1
"MULTILINESTRING Z ((444723.6648 4476114.2299 0,444735.478 4476116.2926 0))",2620864,Verde,Línea,2
"MULTILINESTRING Z ((444735.8531 4476119.4803 0,444750.104 4476121.9179 0))",2620865,Verde,Línea,3
"MULTILINESTRING Z ((444690.7512 4476111.242 0,444702.3345 4476113.242 0))",2620866,Verde,Línea,2
"MULTILINESTRING Z ((444713.4612 4476117.9094 0,444711.3501 4476130.1872 0))",2620892,Verde,Línea,2
"MULTILINESTRING Z ((445170.4427 4476332.3538 0,445164.1711 4476328.4032 0))",2620896,Verde,Línea,1
"MULTILINESTRING Z ((445083.9057 4476368.7427 0,445104.239 4476381.5761 0))",2620897,Verde,Línea,5
"MULTILINESTRING Z ((444934.0723 4476268.5761 0,444960.5168 4476284.965 0))",2620898,Verde,Línea,6
"MULTILINESTRING Z ((445008.5307 4476241.2011 0,445026.2807 4476211.9511 0))",2620903,Verde,Línea,7
"MULTILINESTRING Z ((445020.1679 4476206.9087 0,445001.8345 4476236.0754 0))",2620904,Verde,Línea,7
"MULTILINESTRING Z ((445105.8501 4476235.3168 0,445119.8501 4476243.8353 0))",2620908,Verde,Línea,3
"MULTILINESTRING Z ((445124.776 4476250.9464 0,445148.2946 4476264.9464 0))",2620909,Verde,Línea,5
"MULTILINESTRING Z ((445171.8345 4476219.1587 0,445193.8345 4476232.8254 0))",2620911,Verde,Línea,5
"MULTILINESTRING Z ((445180.6557 4476166.4094 0,445190.6557 4476172.4927 0,445181.0723 4476187.9927 0))",2620916,Verde,Batería,9
"MULTILINESTRING Z ((445066.3501 4476148.6872 0,445083.4057 4476121.2427 0))",2620932,Verde,Línea,6
"MULTILINESTRING Z ((445057.9179 4476502.0754 0,445083.2512 4476517.992 0))",2620942,Verde,Batería,11
"MULTILINESTRING Z ((445042.4179 4476427.4087 0,445017.1679 4476467.242 0))",2620944,Verde,Batería,18
"MULTILINESTRING Z ((445144.0723 4476482.9094 0,445190.989 4476512.5761 0))",2620946,Verde,Línea,11
"MULTILINESTRING Z ((445110.0723 4476536.9927 0,445123.239 4476544.9094 0))",2620947,Verde,Línea,3
"MULTILINESTRING Z ((445089.6032 4476412.7489 0,445101.8748 4476420.5761 0))",2620951,Verde,Línea,3
"MULTILINESTRING Z ((445131.1464 4476439.2427 0,445140.0723 4476444.9094 0))",2620954,Verde,Línea,2
"MULTILINESTRING Z ((445345.0845 4476253.4087 0,445333.3345 4476272.8254 0))",2621057,Verde,Batería,8
"MULTILINESTRING Z ((445288.1679 4476299.4087 0,445306.0845 4476310.5754 0))",2621060,Verde,Línea,4
"MULTILINESTRING Z ((443184.3223 4472529.9927 0,443187.989 4472542.3261 0))",2621157,Verde,Batería,5
"MULTILINESTRING Z ((439739.6279 4478611.9341 0,439743.455 4478615.4156 0))",2621364,Verde,Línea,1
"MULTILINESTRING Z ((439747.5456 4478619.1934 0,439765.2575 4478635.3909 0))",2621366,Verde,Línea,5
"MULTILINESTRING Z ((442551.5917 4474974.1359 0,442575.657 4474972.5538 0))",2621373,Verde,Línea,5
"MULTILINESTRING Z ((443051.0723 4475377.5995 0,443035.989 4475378.7662 0))",2621383,Verde,Línea,3
"MULTILINESTRING Z ((438967.2817 4475391.3468 0,438984.4305 4475400.782 0))",2621388,Verde,Línea,4
"MULTILINESTRING Z ((440577.239 4476352.5761 0,440585.1557 4476324.8261 0))",2621392,Verde,Línea,6
"MULTILINESTRING Z ((440574.6557 4476363.7427 0,440576.0723 4476357.9094 0))",2621393,Verde,Línea,1
"MULTILINESTRING Z ((439743.2946 4474930.4094 0,439739.9612 4474926.3538 0))",2621558,Verde,Línea,1
"MULTILINESTRING Z ((439727.1057 4474892.7142 0,439749.3744 4474883.2614 0))",2621562,Verde,Línea,5
"MULTILINESTRING Z ((439754.3735 4474880.7164 0,439759.7361 4474878.6259 0))",2621563,Verde,Línea,1
"MULTILINESTRING Z ((439686.295 4474845.2683 0,439681.0232 4474856.3572 0))",2621566,Verde,Línea,2
"MULTILINESTRING Z ((439799.2744 4474861.9925 0,439765.1897 4474876.3536 0))",2621567,Verde,Línea,6
"MULTILINESTRING Z ((439676.1557 4474688.9927 0,439685.489 4474677.7427 0))",2621569,Verde,Línea,3
"MULTILINESTRING Z ((439624.1557 4474667.8261 0,439614.3223 4474679.6594 0))",2621570,Verde,Línea,3
"MULTILINESTRING Z ((439636.5723 4474652.4927 0,439654.489 4474630.1594 0))",2621571,Verde,Línea,6
"MULTILINESTRING Z ((439814.5444 4474715.1102 0,439799.1835 4474732.6524 0))",2621572,Verde,Línea,4
"MULTILINESTRING Z ((439967.153 4474691.3872 0,439931.7958 4474680.0256 0))",2621573,Verde,Línea,7
"MULTILINESTRING Z ((439676.5695 4474539.6875 0,439684.568 4474531.1436 0))",2621575,Verde,Línea,2
"MULTILINESTRING Z ((439744.239 4474474.1594 0,439771.9057 4474456.2427 0))",2621576,Verde,Línea,7
"MULTILINESTRING Z ((439766.2804 4474371.9907 0,439765.826 4474364.4466 0))",2621577,Verde,Línea,1
"MULTILINESTRING Z ((439834.739 4474536.4927 0,439833.739 4474530.3261 0,439832.239 4474523.3261 0,439829.989 4474516.0761 0,439826.739 4474508.1594 0))",2621578,Verde,Línea,6
"MULTILINESTRING Z ((439557.1279 4474270.0205 0,439594.6279 4474268.465 0))",2621580,Verde,Línea,8
"MULTILINESTRING Z ((439823.2701 4474289.733 0,439817.9074 4474317.5461 0))",2621582,Verde,Línea,5
"MULTILINESTRING Z ((439007.8078 4474051.4854 0,438898.8781 4474054.6211 0))",2621585,Naranja,Línea,17
"MULTILINESTRING Z ((439032.2114 4474058.4384 0,439028.9394 4474063.8917 0,439024.3041 4474066.2093 0,439018.5781 4474066.2093 0,439013.9428 4474064.028 0,439010.8072 4474061.0287 0,439009.3075 4474058.4384 0))",2621586,Naranja,Batería,9
"MULTILINESTRING Z ((439010.6708 4474049.4404 0,439013.6701 4474045.0778 0,439019.9415 4474042.6238 0,439024.9858 4474043.3055 0,439029.4847 4474046.1684 0,439031.9387 4474050.6674 0))",2621587,Naranja,Batería,9
"MULTILINESTRING Z ((439167.5897 4474054.3484 0,439040.8003 4474057.7567 0))",2621588,Naranja,Línea,25
"MULTILINESTRING Z ((439168.953 4474047.2591 0,439040.9367 4474050.5311 0))",2621589,Naranja,Línea,25
"MULTILINESTRING Z ((439494.9244 4473945.5549 0,439502.4227 4473945.4186 0))",2621595,Verde,Línea,1
"MULTILINESTRING Z ((439555.4561 4473945.1459 0,439527.2352 4473945.2823 0))",2621596,Verde,Línea,5
"MULTILINESTRING Z ((439608.9057 4473940.2427 0,439616.739 4473937.4094 0))",2621598,Verde,Línea,1
"MULTILINESTRING Z ((439617.5723 4473937.0761 0,439623.989 4473934.6594 0))",2621599,Verde,Línea,1
"MULTILINESTRING Z ((439499.2469 4473852.4599 0,439508.1976 4473853.8185 0,439511.714 4473855.3369 0))",2621602,Verde,Línea,2
"MULTILINESTRING Z ((439485.7901 4473890.4765 0,439511.148 4473875.7526 0))",2621603,Verde,Línea,6
"MULTILINESTRING Z ((439487.6988 4473893.3395 0,439521.6456 4473873.844 0))",2621604,Verde,Línea,8
"MULTILINESTRING Z ((439396.6286 4474080.2516 0,439422.5318 4474077.7976 0))",2621605,Verde,Línea,5
"MULTILINESTRING Z ((439429.3484 4474077.2523 0,439444.0723 4474075.7526 0))",2621606,Verde,Línea,3
"MULTILINESTRING Z ((439905.6947 4473887.0682 0,439908.4213 4473893.0669 0))",2621607,Verde,Línea,1
"MULTILINESTRING Z ((439891.5161 4473859.8017 0,439901.4684 4473879.1609 0))",2621609,Verde,Línea,5
"MULTILINESTRING Z ((439958.239 4473888.0205 0,439968.7946 4473882.465 0))",2621610,Verde,Línea,2
"MULTILINESTRING Z ((439144.1814 4473835.3234 0,439140.9107 4473826.1929 0))",2621611,Verde,Línea,1
"MULTILINESTRING Z ((439097.8342 4473715.591 0,439082.8034 4473676.9762 0))",2621612,Verde,Línea,8
"MULTILINESTRING Z ((439263.0229 4473775.3716 0,439290.0796 4473768.2514 0,439292.9276 4473767.3751 0,439295.8852 4473765.7319 0,439297.1997 4473763.9793 0,439310.8924 4473735.9368 0))",2621614,Verde,Línea,13
"MULTILINESTRING Z ((439372.7018 4473627.1762 0,439376.8395 4473620.3164 0,439379.9971 4473615.8521 0,439384.0259 4473611.6056 0,439388.4902 4473607.2502 0,439394.9144 4473601.806 0,439399.8142 4473598.8661 0))",2621615,Verde,Línea,7
"MULTILINESTRING Z ((439357.6557 4473721.4927 0,439324.5723 4473724.9094 0))",2621616,Verde,Batería,10
"MULTILINESTRING Z ((439372.5723 4473718.0162 0,439383.0723 4473716.4329 0))",2621617,Verde,Línea,1
"MULTILINESTRING Z ((439395.8223 4473718.6829 0,439363.489 4473725.5995 0))",2621618,Verde,Línea,4
"MULTILINESTRING Z ((439353.6756 4473734.9208 0,439359.5439 4473759.1276 0))",2621621,Verde,Línea,4
"MULTILINESTRING Z ((439493.989 4473840.0995 0,439504.489 4473808.3495 0))",2621624,Verde,Línea,6
"MULTILINESTRING Z ((439496.739 4473841.0995 0,439507.4057 4473809.6829 0))",2621625,Verde,Línea,6
"MULTILINESTRING Z ((439533.5245 4473613.3283 0,439543.609 4473617.1441 0))",2621630,Verde,Línea,2
"MULTILINESTRING Z ((439803.4057 4473733.7245 0,439821.4057 4473743.4745 0,439833.9057 4473750.7245 0,439870.7807 4473772.5995 0))",2621633,Verde,Línea,11
"MULTILINESTRING Z ((439811.739 4473658.7427 0,439821.489 4473657.4927 0))",2621634,Verde,Línea,2
"MULTILINESTRING Z ((439831.1533 4473655.983 0,439856.6371 4473652.4398 0))",2621635,Verde,Línea,5
"MULTILINESTRING Z ((439779.6917 4473593.0787 0,439781.1929 4473593.0093 0,439781.9157 4473592.6761 0,439783.3557 4473591.6847 0,439784.4285 4473590.9005 0,439794.2012 4473583.8184 0))",2621636,Verde,Línea,3
"MULTILINESTRING Z ((439116.926 4473531.2896 0,439122.377 4473519.5698 0))",2621637,Verde,Línea,2
"MULTILINESTRING Z ((439203.053 4473365.3043 0,439219.6788 4473355.9012 0))",2621639,Verde,Línea,4
"MULTILINESTRING Z ((439347.5494 4473368.9009 0,439366.2776 4473379.245 0))",2621640,Verde,Línea,4
"MULTILINESTRING Z ((439493.0307 4473378.4745 0,439482.2807 4473407.2245 0))",2621641,Verde,Línea,5
"MULTILINESTRING Z ((439516.7084 4473355.431 0,439579.245 4473338.2919 0))",2621642,Verde,Línea,13
"MULTILINESTRING Z ((439610.5723 4473389.465 0,439615.8501 4473419.7427 0))",2621643,Verde,Línea,7
"MULTILINESTRING Z ((439611.9057 4473426.0995 0,439592.739 4473428.0995 0,439590.6557 4473428.0995 0,439589.1557 4473427.7662 0,439587.4057 4473428.0162 0,439579.739 4473430.8495 0))",2621645,Verde,Línea,7
"MULTILINESTRING Z ((439493.9811 4473470.6024 0,439537.9176 4473449.5238 0))",2621647,Verde,Línea,10
"MULTILINESTRING Z ((439493.5954 4473480.5946 0,439510.7663 4473491.633 0))",2621649,Verde,Línea,4
"MULTILINESTRING Z ((439485.3752 4473487.3795 0,439460.2863 4473537.7427 0))",2621650,Verde,Línea,10
"MULTILINESTRING Z ((439603.989 4473550.8261 0,439581.8223 4473581.7427 0))",2621651,Verde,Línea,7
"MULTILINESTRING Z ((439671.239 4473506.7662 0,439722.0723 4473499.5995 0))",2621652,Verde,Línea,10
"MULTILINESTRING Z ((439651.404 4473559.0901 0,439672.1181 4473554.593 0))",2621653,Verde,Línea,4
"MULTILINESTRING Z ((439723.9033 4473542.6006 0,439678.932 4473552.9576 0))",2621654,Verde,Línea,9
"MULTILINESTRING Z ((439278.5163 4473322.6248 0,439231.8046 4473348.7572 0))",2621657,Verde,Línea,10
"MULTILINESTRING Z ((439324.4757 4473339.6843 0,439410.0576 4473270.7282 0))",2621658,Verde,Línea,22
"MULTILINESTRING Z ((439449.4658 4473287.6727 0,439419.7402 4473308.6875 0))",2621659,Verde,Línea,8
"MULTILINESTRING Z ((439404.6051 4473322.407 0,439409.7227 4473318.8138 0,439415.4936 4473316.5272 0,439420.5024 4473315.2206 0,439426.1644 4473314.5673 0,439432.6975 4473315.0028 0,439438.2506 4473315.765 0,439444.6748 4473317.8339 0,439451.6435 4473320.8826 0,439457.9588 4473324.9114 0,439464.7097 4473330.9001 0,439469.174 4473336.671 0,439472.2227 4473342.0063 0,439474.7271 4473347.2328 0,439476.0337 4473352.0237 0,439476.687 4473360.7345 0))",2621660,Verde,Línea,18
"MULTILINESTRING Z ((440656.1369 4472338.7469 0,440674.9052 4472336.4084 0))",2621667,Verde,Batería,5
"MULTILINESTRING Z ((440470.4787 4472168.3052 0,440465.9846 4472163.8112 0,440462.2654 4472158.5423 0,440454.2072 4472146.7648 0))",2621668,Verde,Línea,5
"MULTILINESTRING Z ((440491.9339 4472080.5151 0,440439.4636 4472086.8345 0))",2621669,Verde,Batería,19
"MULTILINESTRING Z ((440561.1284 4472102.8565 0,440554.6813 4472049.1734 0))",2621672,Verde,Batería,20
"MULTILINESTRING Z ((440579.1906 4472181.1802 0,440596.5819 4472179.5326 0))",2621673,Verde,Línea,4
"MULTILINESTRING Z ((440586.3937 4472184.1118 0,440577.7156 4472184.7317 0))",2621675,Verde,Batería,3
"MULTILINESTRING Z ((440547.2298 4472278.0119 0,440570.4113 4472275.414 0))",2621677,Verde,Batería,9
"MULTILINESTRING Z ((440642.7951 4472331.1916 0,440636.499 4472279.9234 0))",2621678,Verde,Batería,17
"MULTILINESTRING Z ((440626.2215 4472204.0104 0,440634.0353 4472258.7067 0))",2621679,Verde,Batería,17
"MULTILINESTRING Z ((440624.2882 4472190.3162 0,440625.5771 4472201.0299 0))",2621680,Verde,Batería,3
"MULTILINESTRING Z ((440619.8175 4472151.6502 0,440622.1133 4472171.3457 0))",2621681,Verde,Batería,7
"MULTILINESTRING Z ((440614.38 4472108.3925 0,440616.1925 4472124.5839 0))",2621682,Verde,Batería,5
"MULTILINESTRING Z ((440750.837 4472169.6388 0,440663.8297 4472177.9196 0))",2621687,Verde,Batería,29
"MULTILINESTRING Z ((440634.8223 4472180.4927 0,440660.489 4472178.0761 0))",2621688,Verde,Batería,6
"MULTILINESTRING Z ((440676.5843 4472262.37 0,440701.534 4472259.4256 0))",2621689,Verde,Batería,10
"MULTILINESTRING Z ((440508.7554 4471902.3824 0,440513.5594 4471907.8062 0))",2621691,Verde,Batería,3
"MULTILINESTRING Z ((440515.264 4471899.283 0,440526.7316 4471912.9201 0))",2621692,Verde,Batería,7
"MULTILINESTRING Z ((440464.553 4471932.216 0,440479.9055 4471917.5065 0))",2621693,Verde,Línea,4
"MULTILINESTRING Z ((440437.0059 4471952.7465 0,440449.5582 4471943.6035 0))",2621694,Verde,Línea,2
"MULTILINESTRING Z ((440471.1557 4471992.5761 0,440472.4057 4472002.3261 0))",2621695,Verde,Batería,3
"MULTILINESTRING Z ((440450.5462 4471926.543 0,440467.1784 4471910.7372 0))",2621696,Azul,Batería,9
"MULTILINESTRING Z ((440497.0338 4471884.8075 0,440502.509 4471879.4356 0))",2621698,Azul,Línea,1
"MULTILINESTRING Z ((440540.5255 4471859.8075 0,440567.2817 4471834.1876 0))",2621699,Verde,Línea,7
"MULTILINESTRING Z ((440580.8695 4471839.5026 0,440582.9639 4471858.8356 0))",2621700,Verde,Batería,6
"MULTILINESTRING Z ((440584.947 4471869.8281 0,440594.8643 4471949.7868 0))",2621702,Verde,Batería,29
"MULTILINESTRING Z ((440601.8136 4472006.4109 0,440604.5927 4472030.2147 0))",2621703,Verde,Batería,7
"MULTILINESTRING Z ((440747.989 4472049.7427 0,440746.239 4472034.9094 0))",2621705,Azul,Línea,2
"MULTILINESTRING Z ((440757.8007 4472008.3954 0,440764.1369 4472068.1544 0))",2621706,Verde,Línea,11
"MULTILINESTRING Z ((440748.4828 4471927.2673 0,440753.3281 4471972.6145 0))",2621707,Verde,Línea,8
"MULTILINESTRING Z ((440725.2362 4471929.1257 0,440676.0627 4471934.6009 0))",2621708,Verde,Batería,19
"MULTILINESTRING Z ((440871.7238 4471973.9604 0,440881.7445 4471979.9521 0))",2621710,Verde,Línea,2
"MULTILINESTRING Z ((440755.0535 4471906.6444 0,440822.6752 4471946.658 0))",2621713,Verde,Línea,15
"MULTILINESTRING Z ((440754.2454 4471901.5168 0,440810.4252 4471934.2124 0))",2621714,Verde,Línea,13
"MULTILINESTRING Z ((440867.7072 4471892.2835 0,440831.4399 4471873.5386 0))",2621716,Verde,Línea,8
"MULTILINESTRING Z ((440952.425 4471898.0433 0,440945.4515 4471910.7506 0))",2621718,Azul,Línea,3
"MULTILINESTRING Z ((440941.5774 4471918.6539 0,440943.9019 4471914.0049 0))",2621720,Azul,Línea,1
"MULTILINESTRING Z ((440563.1495 4471821.5843 0,440574.7197 4471810.6339 0))",2621722,Azul,Batería,2
"MULTILINESTRING Z ((440624.3754 4471780.0554 0,440638.4938 4471766.4879 0))",2621724,Verde,Línea,4
"MULTILINESTRING Z ((440656.2624 4471749.7524 0,440648.48 4471756.846 0))",2621726,Verde,Línea,2
"MULTILINESTRING Z ((440645.312 4471759.9452 0,440641.2486 4471763.9397 0))",2621728,Verde,Línea,1
"MULTILINESTRING Z ((440912.1231 4471734.4562 0,440904.3882 4471772.0722 0))",2621732,Verde,Batería,13
"MULTILINESTRING Z ((440869.6728 4471716.8872 0,440882.845 4471719.6766 0))",2621733,Azul,Línea,2
"MULTILINESTRING Z ((440865.5509 4471692.7692 0,440868.9706 4471676.2409 0))",2621736,Verde,Línea,3
"MULTILINESTRING Z ((440865.7138 4471675.671 0,440863.2712 4471687.0698 0))",2621737,Verde,Línea,2
"MULTILINESTRING Z ((440762.323 4471631.5017 0,440771.9305 4471621.5843 0))",2621739,Azul,Línea,3
"MULTILINESTRING Z ((440812.4263 4471600.3033 0,440795.5875 4471616.3157 0))",2621740,Verde,Línea,4
"MULTILINESTRING Z ((440804.0586 4471591.8323 0,440813.0462 4471583.1546 0))",2621741,Azul,Línea,2
"MULTILINESTRING Z ((440819.6577 4471576.543 0,440826.4759 4471569.5182 0))",2621742,Azul,Línea,2
"MULTILINESTRING Z ((440839.8024 4471556.3984 0,440827.8189 4471567.8653 0))",2621743,Azul,Línea,3
"MULTILINESTRING Z ((440916.8455 4471736.3289 0,440913.7515 4471750.5773 0))",2621744,Verde,Línea,3
"MULTILINESTRING Z ((440911.716 4471606.7897 0,440925.9645 4471622.0966 0))",2621745,Verde,Línea,4
"MULTILINESTRING Z ((440918.7946 4471609.465 0,440932.3501 4471623.5205 0))",2621746,Verde,Línea,4
"MULTILINESTRING Z ((440866.7722 4471560.2989 0,440878.8224 4471572.919 0))",2621747,Verde,Línea,4
"MULTILINESTRING Z ((440869.3777 4471557.8563 0,440881.5092 4471570.395 0))",2621748,Verde,Línea,4
"MULTILINESTRING Z ((440921.2767 4471529.0676 0,440913.9933 4471521.6292 0))",2621749,Verde,Línea,2
"MULTILINESTRING Z ((441199.9057 4475669.6594 0,441188.8223 4475670.5761 0))",2621766,Verde,Línea,2
"MULTILINESTRING Z ((441268.9057 4475665.0761 0,441199.9057 4475669.6594 0))",2621767,Verde,Línea,14
"MULTILINESTRING Z ((440736.9564 4478507.8767 0,440725.546 4478509.9739 0))",2621896,Verde,Línea,2
"MULTILINESTRING Z ((444260.5723 4477304.1594 0,444270.5723 4477313.4927 0))",2621897,Verde,Línea,3
"MULTILINESTRING Z ((444223.7512 4475913.992 0,444222.2512 4475923.492 0))",2621901,Azul,Línea,2
"MULTILINESTRING Z ((441942.1464 4477033.0699 0,441956.6155 4477032.0329 0))",2621902,Verde,Línea,3
"MULTILINESTRING Z ((441981.5785 4477030.2304 0,441962.0229 4477031.6378 0))",2621903,Verde,Línea,4
"MULTILINESTRING Z ((441805.8801 4475560.6429 0,441810.7926 4475604.2298 0))",2622036,Azul,Batería,18
"MULTILINESTRING Z ((441804.9762 4475554.9419 0,441796.8779 4475488.5178 0))",2622037,Azul,Batería,22
"MULTILINESTRING Z ((441886.739 4475481.9329 0,441890.989 4475519.4329 0))",2622041,Verde,Batería,13
"MULTILINESTRING Z ((441917.6527 4475613.5871 0,441975.7962 4475609.2801 0))",2622043,Verde,Batería,20
"MULTILINESTRING Z ((441978.7807 4475464.0995 0,441980.2807 4475484.3495 0))",2622045,Azul,Línea,3
"MULTILINESTRING Z ((442101.3582 4475465.8694 0,442102.8595 4475485.7957 0))",2622047,Verde,Batería,8
"MULTILINESTRING Z ((442106.4057 4475545.4094 0,442104.3223 4475524.7427 0))",2622049,Verde,Batería,7
"MULTILINESTRING Z ((442107.5723 4475564.0761 0,442106.4057 4475546.5761 0))",2622050,Verde,Batería,6
"MULTILINESTRING Z ((442109.6835 4475588.8392 0,442108.5917 4475571.2331 0))",2622052,Verde,Batería,6
"MULTILINESTRING Z ((442103.5307 4475497.0995 0,442104.4057 4475510.8495 0))",2622053,Verde,Batería,4
"MULTILINESTRING Z ((442232.1075 4475590.7499 0,442288.6108 4475587.0649 0))",2622055,Verde,Batería,22
"MULTILINESTRING Z ((442310.9938 4475585.0177 0,442291.6134 4475586.519 0))",2622056,Verde,Batería,7
"MULTILINESTRING Z ((442217.1557 4475576.9094 0,442214.0723 4475522.6594 0))",2622058,Verde,Batería,21
"MULTILINESTRING Z ((442213.6824 4475514.1838 0,442209.588 4475458.0899 0))",2622060,Verde,Batería,20
"MULTILINESTRING Z ((441557.2119 4475320.1978 0,441554.8924 4475310.7832 0))",2622062,Verde,Línea,2
"MULTILINESTRING Z ((441777.4325 4475359.2316 0,441786.2749 4475433.0526 0))",2622065,Azul,Línea,14
"MULTILINESTRING Z ((441762.697 4475214.8629 0,441773.2032 4475295.0921 0))",2622066,Verde,Batería,31
"MULTILINESTRING Z ((441862.0284 4475220.8664 0,441860.8004 4475208.0407 0))",2622068,Verde,Batería,5
"MULTILINESTRING Z ((441883.9057 4475448.2427 0,441880.0723 4475412.3261 0))",2622075,Verde,Batería,11
"MULTILINESTRING Z ((441987.9057 4475367.4745 0,441989.2807 4475388.0995 0))",2622076,Azul,Línea,4
"MULTILINESTRING Z ((441989.8767 4475393.8778 0,441989.6038 4475388.5564 0))",2622077,Azul,Línea,1
"MULTILINESTRING Z ((441968.4057 4475317.0761 0,441970.2807 4475341.8261 0))",2622079,Azul,Línea,6
"MULTILINESTRING Z ((441977.0509 4475216.5002 0,441978.2789 4475231.782 0))",2622081,Verde,Línea,3
"MULTILINESTRING Z ((441980.8713 4475268.4855 0,441979.5069 4475252.3851 0))",2622082,Verde,Línea,3
"MULTILINESTRING Z ((441995.9057 4475297.6594 0,442029.739 4475295.4094 0))",2622083,Azul,Línea,7
"MULTILINESTRING Z ((442076.1094 4475295.7743 0,442070.5152 4475296.1837 0))",2622084,Verde,Batería,2
"MULTILINESTRING Z ((442067.377 4475296.4565 0,442064.2388 4475296.7294 0))",2622085,Verde,Batería,1
"MULTILINESTRING Z ((442089.8903 4475251.8393 0,442088.3894 4475228.2344 0))",2622087,Verde,Línea,5
"MULTILINESTRING Z ((442198.989 4475352.8261 0,442198.739 4475348.0761 0))",2622093,Verde,Línea,1
"MULTILINESTRING Z ((442195.1557 4475298.4927 0,442196.739 4475322.2427 0))",2622095,Verde,Línea,4
"MULTILINESTRING Z ((441740.8457 4475053.9984 0,441742.5578 4475069.144 0))",2622103,Azul,Línea,2
"MULTILINESTRING Z ((441740.0723 4475014.1594 0,441739.4057 4475007.4927 0))",2622104,Verde,Línea,1
"MULTILINESTRING Z ((441848.1557 4475072.7011 0,441856.1557 4475162.2011 0))",2622106,Verde,Batería,34
"MULTILINESTRING Z ((441846.8644 4475059.6615 0,441846.3376 4475053.6033 0))",2622108,Verde,Línea,1
"MULTILINESTRING Z ((441845.6557 4475007.4511 0,441844.4057 4474991.7011 0))",2622109,Verde,Línea,2
"MULTILINESTRING Z ((441844.3223 4474987.8261 0,441843.6557 4474981.2427 0))",2622110,Verde,Línea,1
"MULTILINESTRING Z ((441843.0723 4474974.6594 0,441843.6557 4474980.4927 0))",2622111,Verde,Línea,1
"MULTILINESTRING Z ((441956.1279 4475138.3538 0,441953.7946 4475107.4094 0))",2622113,Azul,Línea,6
"MULTILINESTRING Z ((441970.6557 4475118.5761 0,441969.8223 4475108.7427 0))",2622114,Verde,Línea,2
"MULTILINESTRING Z ((441969.3223 4475101.1594 0,441967.6557 4475077.4927 0))",2622115,Verde,Línea,5
"MULTILINESTRING Z ((442081.4057 4475129.9511 0,442077.6557 4475075.5761 0))",2622122,Verde,Línea,11
"MULTILINESTRING Z ((442077.0723 4475071.6594 0,442076.8223 4475066.2427 0))",2622124,Verde,Línea,1
"MULTILINESTRING Z ((442067.5723 4474990.5761 0,442066.8223 4474976.7427 0))",2622125,Verde,Línea,3
"MULTILINESTRING Z ((442138.5756 4475155.7989 0,442121.6418 4475156.8855 0))",2622126,Verde,Línea,3
"MULTILINESTRING Z ((442260.489 4475147.4094 0,442276.5723 4475146.2427 0))",2622129,Azul,Línea,3
"MULTILINESTRING Z ((442189.0723 4475142.9329 0,442186.6557 4475108.1829 0))",2622130,Verde,Batería,12
"MULTILINESTRING Z ((442182.1557 4475108.8261 0,442180.7807 4475087.8261 0))",2622131,Verde,Línea,4
"MULTILINESTRING Z ((442179.7807 4475075.3261 0,442180.1557 4475080.5761 0))",2622132,Verde,Línea,1
"MULTILINESTRING Z ((442176.5723 4475031.4927 0,442175.8223 4475023.2427 0))",2622133,Verde,Línea,1
"MULTILINESTRING Z ((441669.0307 4474801.3261 0,441658.6557 4474801.9511 0))",2622135,Verde,Línea,2
"MULTILINESTRING Z ((441741.4057 4474875.2011 0,441792.1557 4474871.7011 0))",2622137,Verde,Batería,15
"MULTILINESTRING Z ((442077.5307 4474789.0761 0,442129.4057 4474818.4511 0))",2622139,Azul,Línea,10
"MULTILINESTRING Z ((442167.489 4474855.9927 0,442168.5723 4474870.7427 0))",2622140,Verde,Batería,4
"MULTILINESTRING Z ((442191.1557 4474812.2011 0,442189.4057 4474817.4511 0))",2622141,Verde,Línea,1
"MULTILINESTRING Z ((442197.8792 4474791.7816 0,442205.2126 4474770.1983 0))",2622145,Verde,Línea,4
"MULTILINESTRING Z ((442732.3686 4478625.6872 0,442731.2205 4478614.8724 0))",2622159,Verde,Batería,4
"MULTILINESTRING Z ((439343.8223 4476587.7662 0,439354.3223 4476587.0162 0))",2622177,Verde,Línea,2
"MULTILINESTRING Z ((441517.5723 4473794.6594 0,441522.5723 4473794.9094 0))",2622315,Verde,Batería,2
"MULTILINESTRING Z ((442344.8643 4475428.0892 0,442378.542 4475425.6099 0))",2622316,Verde,Línea,6
"MULTILINESTRING Z ((441149.9302 4475472.7366 0,441150.6438 4475485.7607 0))",2622319,Verde,Línea,2
"MULTILINESTRING Z ((441109.0723 4475515.7427 0,441124.239 4475514.5761 0))",2622330,Verde,Línea,3
"MULTILINESTRING Z ((439495.3223 4472848.1594 0,439491.9057 4472838.6594 0))",2622482,Verde,Batería,3
"MULTILINESTRING Z ((441141.5209 4479428.9711 0,441162.0147 4479456.9876 0))",2622525,Verde,Línea,7
"MULTILINESTRING Z ((441348.1958 4479311.4403 0,441350.0476 4479333.5143 0))",2622527,Verde,Batería,8
"MULTILINESTRING Z ((441367.1588 4479296.0329 0,441368.8871 4479317.2427 0))",2622528,Verde,Batería,8
"MULTILINESTRING Z ((440851.1944 4479167.539 0,440866.3604 4479161.86 0))",2622547,Verde,Batería,6
"MULTILINESTRING Z ((440901.5703 4479222.93 0,440923.6773 4479214.6666 0))",2622559,Verde,Línea,5
"MULTILINESTRING Z ((441000.2699 4479114.823 0,441057.8007 4479094.2551 0))",2622574,Verde,Batería,21
"MULTILINESTRING Z ((441324.6622 4479291.0301 0,441328.1153 4479290.7594 0))",2622575,Verde,Batería,1
"MULTILINESTRING Z ((440789.1094 4478931.8353 0,440773.5044 4478878.181 0))",2622584,Verde,Línea,11
"MULTILINESTRING Z ((440576.8501 4478830.2798 0,440637.8131 4478809.2057 0))",2622585,Verde,Línea,13
"MULTILINESTRING Z ((440948.3686 4478943.86 0,440950.9612 4478942.9958 0))",2622587,Verde,Batería,1
"MULTILINESTRING Z ((441056.6031 4478924.3439 0,441035.0105 4478926.0105 0))",2622588,Verde,Batería,9
"MULTILINESTRING Z ((440846.6649 4478973.3415 0,440881.0353 4478960.9711 0))",2622592,Verde,Línea,7
"MULTILINESTRING Z ((441333.8007 4478883.3086 0,441334.2452 4478888.6584 0))",2622597,Verde,Batería,2
"MULTILINESTRING Z ((440547.4962 4478773.0699 0,440563.7267 4478767.8353 0))",2622598,Verde,Línea,3
"MULTILINESTRING Z ((440814.2781 4478700.2633 0,440831.1176 4478754.1399 0))",2622601,Verde,Línea,12
"MULTILINESTRING Z ((440836.4262 4478771.1527 0,440832.2342 4478757.7133 0))",2622604,Verde,Línea,3
"MULTILINESTRING Z ((441295.6279 4478664.2798 0,441297.4427 4478686.3538 0))",2622605,Verde,Batería,8
"MULTILINESTRING Z ((441289.1464 4478647.9464 0,441290.4427 4478663.6131 0))",2622606,Verde,Batería,6
"MULTILINESTRING Z ((443287.1557 4473927.9927 0,443286.489 4473920.0761 0))",2622614,Verde,Línea,2
"MULTILINESTRING Z ((442552.5723 4473925.6594 0,442574.0723 4473844.1594 0))",2622617,Azul,Línea,17
"MULTILINESTRING Z ((442444.885 4475306.1157 0,442446.9165 4475335.1827 0))",2622618,Verde,Línea,6
"MULTILINESTRING Z ((443232.5012 4474324.242 0,443231.0845 4474304.3254 0))",2622625,Azul,Línea,4
"MULTILINESTRING Z ((441056.989 4471203.5761 0,441045.4057 4471215.5761 0))",2622628,Verde,Línea,3
"MULTILINESTRING Z ((443286.239 4473912.8261 0,443285.1557 4473894.8261 0))",2622630,Verde,Línea,4
"MULTILINESTRING Z ((440275.5538 4476988.0576 0,440275.381 4476982.5514 0))",2622654,Verde,Línea,1
"MULTILINESTRING Z ((440275.1588 4476976.0329 0,440274.8131 4476964.6008 0))",2622657,Verde,Línea,2
"MULTILINESTRING Z ((442693.3223 4480643.2427 0,442695.1557 4480621.4927 0))",2622679,Azul,Línea,5
"MULTILINESTRING Z ((440237.3223 4478277.3261 0,440248.3223 4478275.7427 0))",2622824,Verde,Línea,2
"MULTILINESTRING Z ((442241.239 4480128.9094 0,442240.8223 4480117.0761 0))",2622850,Verde,Línea,2
"MULTILINESTRING Z ((442945.1557 4472676.5761 0,442932.239 4472658.3261 0))",2622862,Verde,Línea,4
"MULTILINESTRING Z ((439926.9413 4481450.7477 0,439897.7929 4481442.9504 0))",2622876,Verde,Batería,12
"MULTILINESTRING Z ((439979.4962 4481622.6666 0,439998.6238 4481644.0658 0,440040.7966 4481690.7818 0))",2622883,Verde,Línea,18
"MULTILINESTRING Z ((440224.5716 4478279.2757 0,440230.5415 4478278.3648 0))",2622924,Verde,Línea,1
"MULTILINESTRING Z ((439320.5723 4475375.5761 0,439331.6557 4475387.1594 0))",2623045,Verde,Línea,3
"MULTILINESTRING Z ((439332.3223 4475387.8261 0,439339.0723 4475395.0761 0))",2623046,Verde,Línea,2
"MULTILINESTRING Z ((439339.8223 4475395.6594 0,439342.739 4475398.9927 0))",2623047,Verde,Línea,1
"MULTILINESTRING Z ((442567.8501 4479447.1872 0,442572.739 4479446.2427 0))",2623063,Verde,Línea,1
"MULTILINESTRING Z ((441554.4057 4476423.7427 0,441557.0723 4476418.8261 0))",2623064,Verde,Línea,1
"MULTILINESTRING Z ((440758.8131 4480267.539 0,440765.6649 4480260.9464 0))",2623066,Verde,Línea,2
"MULTILINESTRING Z ((440424.6834 4479357.6316 0,440434.9612 4479350.4094 0))",2623067,Azul,Línea,2
"MULTILINESTRING Z ((441304.6834 4478793.1872 0,441304.0723 4478783.4094 0))",2623072,Verde,Batería,3
"MULTILINESTRING Z ((443059.989 4476265.4927 0,443052.989 4476258.4927 0))",2623075,Verde,Línea,2
"MULTILINESTRING Z ((441058.489 4478782.4927 0,441058.1557 4478776.4927 0))",2623076,Verde,Línea,1
"MULTILINESTRING Z ((440736.989 4471948.1594 0,440737.9057 4471956.0761 0))",2623131,Verde,Línea,2
"MULTILINESTRING Z ((440736.0723 4471936.4094 0,440736.989 4471947.7427 0))",2623132,Verde,Línea,2
"MULTILINESTRING Z ((442165.2411 4477717.0864 0,442174.9695 4477712.0658 0))",2623148,Verde,Línea,2
"MULTILINESTRING Z ((442007.239 4475455.5761 0,442010.489 4475455.3261 0))",2623154,Verde,Batería,1
"MULTILINESTRING Z ((440799.489 4476344.3261 0,440797.1557 4476314.2427 0))",2623156,Verde,Línea,6
"MULTILINESTRING Z ((440797.0723 4476313.3261 0,440795.9057 4476298.5761 0))",2623157,Verde,Línea,3
"MULTILINESTRING Z ((442964.239 4473656.9094 0,442978.989 4473655.9927 0))",2623158,Verde,Línea,4
"MULTILINESTRING Z ((442978.989 4473655.8261 0,442988.989 4473654.9927 0))",2623159,Verde,Línea,2
"MULTILINESTRING Z ((441878.4057 4475364.9329 0,441876.489 4475344.5995 0))",2623269,Verde,Línea,4
"MULTILINESTRING Z ((442583.5723 4477564.3261 0,442575.9057 4477563.4094 0))",2623344,Verde,Batería,3
"MULTILINESTRING Z ((442595.5723 4477566.2427 0,442598.4057 4477566.5761 0))",2623345,Verde,Batería,1
"MULTILINESTRING Z ((442605.739 4477567.5761 0,442608.6557 4477567.8261 0))",2623346,Verde,Batería,1
"MULTILINESTRING Z ((442614.739 4477568.7427 0,442624.3223 4477570.0761 0))",2623347,Verde,Batería,4
"MULTILINESTRING Z ((443475.5723 4479700.3261 0,443494.0723 4479704.3261 0))",2623350,Verde,Batería,7
"MULTILINESTRING Z ((443483.8373 4479601.1979 0,443485.1499 4479593.5099 0))",2623355,Verde,Batería,3
"MULTILINESTRING Z ((443192.489 4476967.6594 0,443186.739 4476963.4927 0))",2623374,Verde,Batería,3
"MULTILINESTRING Z ((440623.5723 4474274.3261 0,440638.489 4474275.0761 0))",2623404,Verde,Línea,3
"MULTILINESTRING Z ((440640.739 4474274.9927 0,440651.739 4474275.5761 0))",2623406,Verde,Línea,2
"MULTILINESTRING Z ((440689.8223 4474277.0761 0,440696.5723 4474277.4927 0))",2623411,Verde,Línea,1
"MULTILINESTRING Z ((440713.2037 4474278.7759 0,440705.5607 4474277.3539 0))",2623412,Verde,Línea,1
"MULTILINESTRING Z ((440727.239 4474281.8261 0,440739.1557 4474284.1594 0))",2623414,Verde,Línea,2
"MULTILINESTRING Z ((442968.989 4477960.7427 0,442978.5723 4477962.6594 0))",2623432,Verde,Batería,5
"MULTILINESTRING Z ((440811.4057 4476509.9927 0,440808.989 4476475.2427 0))",2623439,Verde,Línea,6
"MULTILINESTRING Z ((441089.7326 4476550.6961 0,441090.5206 4476560.3775 0))",2623442,Verde,Batería,3
"MULTILINESTRING Z ((441090.2955 4476609.7977 0,441087.9314 4476578.2768 0))",2623444,Verde,Línea,6
"MULTILINESTRING Z ((441093.489 4476608.4927 0,441092.3223 4476592.6594 0))",2623446,Verde,Batería,9
"MULTILINESTRING Z ((441213.4168 4476452.3243 0,441197.4096 4476452.6225 0))",2623447,Verde,Batería,5
"MULTILINESTRING Z ((441190.5494 4476452.4237 0,441176.3319 4476452.722 0))",2623448,Verde,Batería,4
"MULTILINESTRING Z ((441111.3223 4476454.5761 0,441119.0723 4476454.4927 0))",2623450,Verde,Batería,3
"MULTILINESTRING Z ((440716.9202 4476343.6214 0,440729.3474 4476306.2427 0))",2623451,Azul,Línea,7
"MULTILINESTRING Z ((440989.0828 4476341.4198 0,440941.6197 4476344.7959 0))",2623453,Verde,Batería,14
"MULTILINESTRING Z ((440994.544 4476341.0227 0,441059.9794 4476336.2565 0))",2623455,Verde,Batería,23
"MULTILINESTRING Z ((441061.8009 4476164.615 0,441062.7721 4476180.0903 0))",2623456,Verde,Batería,4
"MULTILINESTRING Z ((441220.1557 4476389.5162 0,441218.5723 4476368.4329 0))",2623457,Verde,Línea,3
"MULTILINESTRING Z ((441465.4057 4476274.2245 0,441465.4057 4476252.4745 0))",2623458,Verde,Línea,3
"MULTILINESTRING Z ((441462.1557 4476198.8261 0,441462.3223 4476177.4927 0))",2623459,Verde,Batería,6
"MULTILINESTRING Z ((441407.2946 4476167.8538 0,441435.9057 4476168.8538 0))",2623460,Azul,Línea,7
"MULTILINESTRING Z ((440918.8444 4476129.442 0,440889.575 4476124.8264 0))",2623462,Azul,Línea,6
"MULTILINESTRING Z ((441056.4914 4476141.3697 0,441054.6136 4476117.3475 0))",2623467,Verde,Línea,4
"MULTILINESTRING Z ((441059.9879 4476140.528 0,441058.3691 4476119.6137 0))",2623468,Verde,Batería,6
"MULTILINESTRING Z ((441057.6569 4476109.189 0,441056.4914 4476093.1309 0))",2623470,Verde,Batería,5
"MULTILINESTRING Z ((441050.3315 4476009.0998 0,441045.153 4475940.5418 0))",2623471,Verde,Batería,25
"MULTILINESTRING Z ((441043.8022 4475922.3048 0,441044.0273 4475927.258 0))",2623473,Verde,Batería,1
"MULTILINESTRING Z ((441192.0629 4475992.4387 0,441187.5599 4475926.6952 0))",2623475,Verde,Línea,14
"MULTILINESTRING Z ((441201.739 4476132.9094 0,441201.239 4476126.9094 0))",2623476,Verde,Línea,1
"MULTILINESTRING Z ((441203.4057 4476150.3495 0,441201.989 4476134.5995 0))",2623477,Verde,Línea,3
"MULTILINESTRING Z ((441112.1093 4476158.022 0,441124.4218 4476158.4191 0))",2623480,Verde,Línea,3
"MULTILINESTRING Z ((441372.8602 4476155.6471 0,441372.8602 4476135.8336 0))",2623485,Azul,Línea,3
"MULTILINESTRING Z ((441562.8835 4476146.103 0,441564.7973 4476131.2432 0))",2623488,Azul,Línea,2
"MULTILINESTRING Z ((441568.6248 4476100.1726 0,441564.7973 4476130.9055 0))",2623489,Azul,Línea,6
"MULTILINESTRING Z ((444411.5307 4478349.7011 0,444398.5307 4478340.9511 0))",2623499,Verde,Línea,3
"MULTILINESTRING Z ((442990.1557 4478063.4927 0,442985.4057 4478079.3261 0))",2623504,Verde,Línea,3
"MULTILINESTRING Z ((444190.239 4478323.4094 0,444202.6557 4478331.8261 0))",2623511,Verde,Línea,3
"MULTILINESTRING Z ((444455.6557 4478359.5761 0,444463.2807 4478348.3261 0))",2623521,Azul,Línea,2
"MULTILINESTRING Z ((444692.4057 4477723.1594 0,444709.739 4477692.9927 0))",2623572,Verde,Batería,12
"MULTILINESTRING Z ((444634.5723 4477654.8261 0,444628.239 4477665.4094 0))",2623576,Verde,Línea,2
"MULTILINESTRING Z ((444085.3223 4478026.5761 0,444081.0723 4478032.0761 0))",2623587,Azul,Línea,1
"MULTILINESTRING Z ((441463.5307 4476158.4745 0,441463.6557 4476142.8495 0))",2623590,Verde,Batería,6
"MULTILINESTRING Z ((441466.7967 4476157.6506 0,441466.7967 4476140.3655 0))",2623591,Verde,Línea,3
"MULTILINESTRING Z ((441466.5307 4476132.9745 0,441466.9057 4476119.3495 0))",2623592,Verde,Línea,2
"MULTILINESTRING Z ((441457.739 4476024.9329 0,441451.989 4475998.6829 0))",2623594,Verde,Línea,5
"MULTILINESTRING Z ((441463.0723 4476023.7662 0,441455.489 4475988.2662 0))",2623595,Verde,Línea,7
"MULTILINESTRING Z ((441436.5723 4475922.4329 0,441442.6557 4475951.5162 0))",2623596,Verde,Línea,6
"MULTILINESTRING Z ((441028.6022 4475910.6781 0,440989.7778 4475910.3802 0))",2623597,Verde,Línea,7
"MULTILINESTRING Z ((441022.6843 4475797.3927 0,440902.5573 4475809.8097 0))",2623599,Verde,Línea,24
"MULTILINESTRING Z ((441020.3172 4475676.8387 0,441057.5436 4475674.1032 0))",2623601,Verde,Línea,7
"MULTILINESTRING Z ((441097.1488 4475671.9624 0,441063.9661 4475674.1032 0))",2623603,Verde,Línea,7
"MULTILINESTRING Z ((441033.7144 4475681.4719 0,441080.3184 4475678.1619 0))",2623604,Verde,Línea,9
"MULTILINESTRING Z ((441145.1933 4475673.859 0,441129.7028 4475674.5872 0))",2623605,Verde,Línea,2
"MULTILINESTRING Z ((441171.587 4475907.5007 0,441128.2944 4475906.9049 0))",2623606,Verde,Línea,9
"MULTILINESTRING Z ((444071.489 4478234.7427 0,444057.4057 4478225.4094 0))",2623619,Verde,Batería,5
"MULTILINESTRING Z ((444095.9057 4478213.2427 0,444082.4057 4478233.7427 0))",2623620,Verde,Línea,5
"MULTILINESTRING Z ((441313.4903 4475697.8901 0,441311.3495 4475679.931 0))",2623627,Verde,Línea,3
"MULTILINESTRING Z ((441530.7834 4475841.4438 0,441525.4314 4475815.5161 0))",2623631,Azul,Línea,5
"MULTILINESTRING Z ((441472.9813 4475913.0423 0,441457.0441 4475912.8044 0))",2623632,Verde,Batería,7
"MULTILINESTRING Z ((441409.5723 4475793.0761 0,441415.1557 4475820.0761 0))",2623634,Verde,Línea,5
"MULTILINESTRING Z ((441318.989 4475789.1829 0,441321.6557 4475805.2662 0))",2623635,Verde,Línea,2
"MULTILINESTRING Z ((441322.1557 4475788.7662 0,441336.1557 4475873.0995 0,441336.739 4475875.8495 0))",2623636,Verde,Batería,33
"MULTILINESTRING Z ((441337.4057 4475880.1829 0,441339.8223 4475895.3495 0))",2623637,Verde,Batería,5
"MULTILINESTRING Z ((441324.3027 4475908.1957 0,441334.1329 4475908.3943 0))",2623638,Verde,Línea,1
"MULTILINESTRING Z ((441354.8998 4475912.7179 0,441341.8501 4475912.7179 0))",2623640,Verde,Batería,4
"MULTILINESTRING Z ((441359.6517 4475912.7633 0,441391.9226 4475913.0612 0))",2623641,Verde,Batería,10
"MULTILINESTRING Z ((441386.5723 4475909.4094 0,441394.8223 4475909.6594 0))",2623642,Verde,Línea,1
"MULTILINESTRING Z ((441425.1697 4475913.1612 0,441404.4751 4475912.9234 0))",2623643,Verde,Batería,7
"MULTILINESTRING Z ((441156.5314 4475495.0382 0,441157.4235 4475505.9213 0))",2623645,Verde,Línea,2
"MULTILINESTRING Z ((441168.7074 4475516.6755 0,441192.4389 4475515.0868 0))",2623648,Verde,Línea,4
"MULTILINESTRING Z ((444366.1557 4478083.5761 0,444348.7807 4478072.2011 0))",2623650,Verde,Línea,4
"MULTILINESTRING Z ((444323.4057 4478054.4511 0,444344.1557 4478068.8261 0))",2623651,Verde,Línea,5
"MULTILINESTRING Z ((444192.5307 4477967.5761 0,444206.6557 4477977.3261 0))",2623653,Verde,Línea,3
"MULTILINESTRING Z ((441297.4057 4475517.0761 0,441302.4057 4475584.3261 0))",2623655,Verde,Línea,12
"MULTILINESTRING Z ((441303.8223 4475602.3261 0,441303.3223 4475596.7427 0))",2623656,Verde,Línea,1
"MULTILINESTRING Z ((441307.3339 4475649.9571 0,441306.4993 4475640.4428 0))",2623657,Verde,Línea,1
"MULTILINESTRING Z ((441275.5488 4475664.6251 0,441296.5994 4475662.9371 0))",2623658,Verde,Línea,3
"MULTILINESTRING Z ((441385.3223 4475632.0162 0,441384.989 4475620.5995 0))",2623661,Verde,Línea,1
"MULTILINESTRING Z ((441380.6557 4475621.0995 0,441380.1557 4475599.0162 0))",2623662,Verde,Batería,8
"MULTILINESTRING Z ((441377.4057 4475510.0995 0,441377.989 4475526.0162 0))",2623664,Verde,Batería,5
"MULTILINESTRING Z ((444245.9612 4477987.9094 0,444235.0723 4477980.5205 0))",2623666,Verde,Línea,2
"MULTILINESTRING Z ((441270.7791 4475287.0795 0,441272.0309 4475297.4283 0))",2623667,Verde,Línea,1
"MULTILINESTRING Z ((441435.7717 4475380.3677 0,441438.0906 4475390.8922 0))",2623670,Azul,Línea,2
"MULTILINESTRING Z ((438331.8948 4476007.2974 0,438448.8453 4475829.9755 0,438455.2694 4475820.6875 0,438460.61 4475813.7216 0,438472.3747 4475798.7061 0))",2623671,Naranja,Línea,50
"MULTILINESTRING Z ((438347.5295 4476019.5265 0,438369.5109 4475985.7804 0,438394.8979 4475947.1581 0,438438.7834 4475880.5946 0,438451.6317 4475861.477 0,438461.8484 4475845.8423 0,438468.8143 4475835.6256 0,438473.6905 4475828.9693 0,438488.0868 4475810.5482 0))",2623672,Naranja,Línea,50
"MULTILINESTRING Z ((438476.2795 4475793.9902 0,438514.3614 4475748.2454 0))",2623673,Naranja,Línea,12
"MULTILINESTRING Z ((438492.7662 4475805.4845 0,438528.0616 4475763.455 0))",2623674,Naranja,Línea,11
"MULTILINESTRING Z ((443653.9612 4475686.6829 0,443665.1834 4475669.3495 0))",2623675,Verde,Línea,3
"MULTILINESTRING Z ((443749.9652 4475666.7515 0,443799.0813 4475634.5455 0))",2623679,Azul,Batería,19
"MULTILINESTRING Z ((443771.564 4475657.7584 0,443801.7715 4475638.3887 0))",2623680,Azul,Línea,7
"MULTILINESTRING Z ((443746.2424 4475761.4947 0,443763.4249 4475736.6281 0))",2623681,Verde,Línea,6
"MULTILINESTRING Z ((443789.2124 4475706.4213 0,443757.0436 4475752.3109 0))",2623682,Verde,Línea,11
"MULTILINESTRING Z ((443749.4338 4475763.3797 0,443754.6223 4475755.8852 0))",2623683,Verde,Línea,2
"MULTILINESTRING Z ((443834.5723 4475646.0761 0,443838.5723 4475672.1594 0))",2623685,Verde,Línea,4
"MULTILINESTRING Z ((443811.7721 4475633.6333 0,443814.7335 4475635.355 0,443817.2817 4475636.3881 0,443820.1743 4475636.9391 0,443823.8244 4475636.8013 0,443825.0641 4475636.5258 0))",2623687,Verde,Batería,7
"MULTILINESTRING Z ((443412.2956 4475554.9167 0,443418.8677 4475543.3866 0))",2623689,Verde,Batería,5
"MULTILINESTRING Z ((443477.4403 4475450.4545 0,443465.5643 4475468.9026 0))",2623692,Verde,Línea,4
"MULTILINESTRING Z ((443467.755 4475457.7185 0,443463.9501 4475463.5988 0))",2623696,Verde,Línea,1
"MULTILINESTRING Z ((443493.8129 4475406.4098 0,443475.826 4475395.5716 0))",2623698,Verde,Línea,4
"MULTILINESTRING Z ((443598.3903 4475562.8724 0,443604.6165 4475553.1872 0))",2623703,Verde,Línea,2
"MULTILINESTRING Z ((443636.9006 4475588.4691 0,443643.2422 4475578.8991 0))",2623704,Verde,Línea,2
"MULTILINESTRING Z ((443673.105 4475532.5484 0,443653.158 4475563.4489 0))",2623705,Verde,Línea,7
"MULTILINESTRING Z ((443735.5978 4475569.7904 0,443700.4311 4475623.1745 0))",2623708,Verde,Línea,11
"MULTILINESTRING Z ((443747.9349 4475567.1385 0,443767.536 4475578.8991 0))",2623709,Verde,Línea,4
"MULTILINESTRING Z ((443771.5715 4475581.5511 0,443793.1326 4475595.1565 0))",2623711,Verde,Línea,5
"MULTILINESTRING Z ((443750.4715 4475563.7948 0,443760.6179 4475570.4822 0))",2623713,Verde,Línea,2
"MULTILINESTRING Z ((443800.5307 4475595.7245 0,443787.2807 4475587.5995 0))",2623714,Verde,Línea,2
"MULTILINESTRING Z ((443784.1205 4475448.3371 0,443787.1164 4475479.3289 0,443787.7362 4475487.6966 0,443787.7362 4475489.3495 0,443787.0131 4475492.0355 0,443785.7734 4475494.8247 0))",2623715,Verde,Línea,8
"MULTILINESTRING Z ((443774.9152 4475395.4563 0,443774.1081 4475388.1924 0))",2623719,Verde,Línea,1
"MULTILINESTRING Z ((443689.239 4475507.0162 0,443710.6557 4475474.2662 0))",2623721,Verde,Línea,6
"MULTILINESTRING Z ((443707.993 4475349.6959 0,443710.6771 4475392.3304 0))",2623722,Verde,Línea,7
"MULTILINESTRING Z ((443830.6052 4475569.2139 0,443831.9889 4475556.4156 0))",2623724,Verde,Línea,2
"MULTILINESTRING Z ((443839.0792 4475483.9776 0,443841.4553 4475459.7008 0))",2623726,Verde,Línea,4
"MULTILINESTRING Z ((443844.9025 4475424.9732 0,443842.4812 4475447.3414 0))",2623731,Verde,Línea,4
"MULTILINESTRING Z ((443327.8957 4475354.8705 0,443347.4968 4475346.9148 0))",2623734,Azul,Línea,4
"MULTILINESTRING Z ((443373.4734 4475336.992 0,443355.3623 4475343.5476 0))",2623736,Azul,Línea,4
"MULTILINESTRING Z ((443326.858 4475347.8372 0,443334.0066 4475345.3006 0))",2623737,Azul,Batería,3
"MULTILINESTRING Z ((443359.9492 4475335.0389 0,443339.7716 4475342.9946 0))",2623738,Azul,Batería,9
"MULTILINESTRING Z ((443362.2315 4475322.3305 0,443362.0242 4475209.561 0))",2623741,Verde,Línea,20
"MULTILINESTRING Z ((443364.5118 4475218.2674 0,443364.4082 4475233.6074 0))",2623742,Verde,Línea,3
"MULTILINESTRING Z ((443309.1557 4475202.7011 0,443354.5307 4475199.4511 0))",2623744,Verde,Línea,8
"MULTILINESTRING Z ((443481.5911 4475351.0656 0,443488.7397 4475339.7662 0))",2623749,Verde,Línea,2
"MULTILINESTRING Z ((443470.6557 4475292.6594 0,443443.5723 4475303.2427 0))",2623752,Azul,Batería,10
"MULTILINESTRING Z ((443429.6899 4475206.0162 0,443429.6899 4475222.006 0))",2623755,Verde,Batería,4
"MULTILINESTRING Z ((443434.2026 4475133.8398 0,443430.9742 4475179.2681 0))",2623757,Verde,Línea,8
"MULTILINESTRING Z ((443434.3439 4475185.0529 0,443434.9805 4475171.2082 0))",2623759,Verde,Línea,2
"MULTILINESTRING Z ((443549.503 4475163.3567 0,443548.8112 4475170.8512 0))",2623761,Verde,Línea,1
"MULTILINESTRING Z ((443594.3223 4475168.3261 0,443591.9057 4475171.8261 0,443591.0723 4475174.8261 0,443590.739 4475177.1594 0,443589.989 4475178.9094 0,443587.9057 4475180.9927 0))",2623763,Verde,Línea,2
"MULTILINESTRING Z ((443587.2001 4475174.9588 0,443587.3851 4475174.1313 0,443587.8894 4475169.8923 0,443588.5629 4475167.9853 0,443589.578 4475166.4597 0,443590.9493 4475165.2392 0))",2623764,Verde,Línea,1
"MULTILINESTRING Z ((443502.9057 4475224.8261 0,443495.4057 4475250.7011 0))",2623765,Verde,Línea,4
"MULTILINESTRING Z ((443489.2009 4475272.6614 0,443493.1211 4475258.9407 0))",2623767,Verde,Línea,2
"MULTILINESTRING Z ((443554.4029 4475324.749 0,443578.1632 4475287.0079 0))",2623769,Verde,Línea,8
"MULTILINESTRING Z ((443581.7869 4475286.1656 0,443596.3911 4475263.9519 0))",2623770,Verde,Línea,5
"MULTILINESTRING Z ((443697.8223 4475207.4094 0,443719.5723 4475199.3261 0))",2623782,Verde,Línea,4
"MULTILINESTRING Z ((443784.1697 4475174.098 0,443774.1774 4475177.9412 0))",2623784,Verde,Línea,2
"MULTILINESTRING Z ((443749.8575 4475195.8234 0,443755.5048 4475210.4928 0))",2623787,Verde,Línea,2
"MULTILINESTRING Z ((443765.1074 4475223.9827 0,443766.7216 4475228.2102 0))",2623788,Verde,Línea,1
"MULTILINESTRING Z ((443671.3334 4475285.3201 0,443682.4787 4475280.862 0))",2623794,Verde,Línea,2
"MULTILINESTRING Z ((443589.8626 4475313.0028 0,443608.5825 4475306.1205 0))",2623796,Verde,Línea,3
"MULTILINESTRING Z ((443592.0723 4475334.4329 0,443589.3223 4475324.0995 0))",2623797,Verde,Línea,1
"MULTILINESTRING Z ((444426.0307 4478004.7011 0,444431.6557 4477995.2011 0))",2623798,Verde,Batería,4
"MULTILINESTRING Z ((443580.4802 4475341.2002 0,443552.1174 4475349.809 0))",2623799,Verde,Batería,12
"MULTILINESTRING Z ((443701.1566 4475342.1994 0,443604.923 4475344.3516 0))",2623802,Verde,Línea,19
"MULTILINESTRING Z ((443604.5386 4475339.3555 0,443627.5978 4475338.6637 0))",2623803,Verde,Línea,4
"MULTILINESTRING Z ((443718.5226 4475338.6502 0,443760.1248 4475328.3271 0))",2623807,Verde,Línea,8
"MULTILINESTRING Z ((443730.9526 4475331.2629 0,443718.3351 4475334.3928 0))",2623808,Verde,Línea,2
"MULTILINESTRING Z ((443763.6834 4475330.1829 0,443767.4612 4475344.6273 0))",2623810,Verde,Línea,2
"MULTILINESTRING Z ((443771.026 4475359.4938 0,443773.3319 4475380.2471 0))",2623811,Verde,Línea,4
"MULTILINESTRING Z ((443792.3173 4475304.1518 0,443789.7039 4475297.3878 0))",2623813,Verde,Línea,1
"MULTILINESTRING Z ((443786.0145 4475277.7793 0,443791.3864 4475292.0355 0))",2623814,Verde,Línea,2
"MULTILINESTRING Z ((443778.8519 4475258.7021 0,443784.4305 4475273.5093 0))",2623815,Verde,Línea,2
"MULTILINESTRING Z ((444393.0723 4477769.6594 0,444381.6557 4477766.9927 0))",2623816,Verde,Línea,2
"MULTILINESTRING Z ((444215.5723 4477916.7427 0,444218.1557 4477921.1594 0))",2623823,Verde,Batería,2
"MULTILINESTRING Z ((443867.6949 4475339.3495 0,443883.7073 4475341.1057 0))",2623826,Verde,Batería,7
"MULTILINESTRING Z ((443858.9139 4475331.1884 0,443865.9387 4475261.5603 0))",2623827,Verde,Batería,27
"MULTILINESTRING Z ((444191.3223 4477930.7427 0,444194.1557 4477924.0761 0))",2623830,Verde,Línea,1
"MULTILINESTRING Z ((443852.5123 4475286.1515 0,443844.6719 4475285.8056 0))",2623831,Verde,Línea,1
"MULTILINESTRING Z ((443852.7429 4475280.3865 0,443840.0599 4475279.81 0))",2623832,Verde,Línea,2
"MULTILINESTRING Z ((443858.3926 4475215.703 0,443848.2462 4475213.6276 0))",2623833,Verde,Línea,2
"MULTILINESTRING Z ((443811.9266 4475163.472 0,443817.6916 4475161.2812 0))",2623834,Verde,Línea,1
"MULTILINESTRING Z ((443828.0686 4475156.8998 0,443837.7539 4475152.9796 0))",2623835,Verde,Línea,2
"MULTILINESTRING Z ((443843.6342 4475150.5583 0,443855.9713 4475145.831 0))",2623837,Verde,Línea,3
"MULTILINESTRING Z ((443893.4439 4475127.9594 0,443883.9893 4475132.8021 0))",2623838,Verde,Línea,2
"MULTILINESTRING Z ((443882.0292 4475137.8753 0,443881.7986 4475140.5272 0))",2623839,Verde,Batería,1
"MULTILINESTRING Z ((443915.0307 4475168.7245 0,443919.7807 4475124.3495 0))",2623840,Verde,Línea,8
"MULTILINESTRING Z ((443912.7807 4475160.2245 0,443911.9057 4475168.5995 0))",2623841,Verde,Línea,1
"MULTILINESTRING Z ((443198.8223 4478184.4094 0,443191.6557 4478183.9927 0))",2623842,Verde,Línea,1
"MULTILINESTRING Z ((443392.4649 4475105.8752 0,443400.5867 4475105.424 0))",2623843,Verde,Línea,1
"MULTILINESTRING Z ((443425.8828 4474980.7201 0,443422.8371 4474959.1465 0))",2623844,Verde,Batería,7
"MULTILINESTRING Z ((443371.7098 4474782.5196 0,443372.0557 4474788.9764 0))",2623846,Verde,Línea,1
"MULTILINESTRING Z ((443375.63 4474788.7458 0,443375.3994 4474781.3666 0))",2623847,Verde,Línea,1
"MULTILINESTRING Z ((444395.0307 4477622.5761 0,444380.0307 4477614.7011 0))",2623848,Verde,Línea,3
"MULTILINESTRING Z ((444422.489 4477762.7427 0,444429.9057 4477764.4094 0))",2623851,Azul,Batería,3
"MULTILINESTRING Z ((442697.5723 4477799.7427 0,442697.239 4477836.9094 0))",2623852,Verde,Batería,14
"MULTILINESTRING Z ((444347.239 4477743.9094 0,444343.3223 4477743.0761 0))",2623853,Verde,Batería,1
"MULTILINESTRING Z ((442663.1557 4477660.9094 0,442665.4057 4477651.8261 0))",2623879,Verde,Línea,2
"MULTILINESTRING Z ((443903.1557 4477971.8261 0,443909.5723 4477972.9927 0))",2623881,Verde,Línea,1
"MULTILINESTRING Z ((442710.739 4477688.6594 0,442710.1557 4477691.1594 0,442710.4057 4477694.9927 0))",2623886,Verde,Batería,2
"MULTILINESTRING Z ((444074.0845 4478017.1587 0,444064.9179 4478028.0754 0))",2623888,Verde,Línea,2
"MULTILINESTRING Z ((444108.7807 4477919.2011 0,444105.1557 4477912.4511 0,444104.0307 4477908.5761 0,444103.4057 4477902.7011 0))",2623906,Verde,Línea,3
"MULTILINESTRING Z ((442824.9057 4477603.0761 0,442839.0723 4477607.0761 0))",2623909,Verde,Línea,3
"MULTILINESTRING Z ((442804.489 4477595.0761 0,442825.1557 4477600.9927 0))",2623910,Verde,Línea,4
"MULTILINESTRING Z ((442809.5723 4477476.2427 0,442807.6557 4477478.9927 0))",2623912,Verde,Batería,1
"MULTILINESTRING Z ((444195.3223 4477895.4094 0,444198.3223 4477888.4094 0))",2623914,Verde,Línea,1
"MULTILINESTRING Z ((442904.489 4477619.1594 0,442919.3223 4477559.4927 0))",2623915,Verde,Línea,13
"MULTILINESTRING Z ((442969.739 4477515.9927 0,442974.9057 4477513.4094 0))",2623916,Verde,Batería,2
"MULTILINESTRING Z ((443142.239 4477542.6594 0,443186.989 4477583.4927 0))",2623920,Verde,Línea,12
"MULTILINESTRING Z ((442563.0723 4477299.3261 0,442546.239 4477281.8261 0))",2623924,Verde,Línea,5
"MULTILINESTRING Z ((442829.5723 4477448.3261 0,442827.3223 4477451.3261 0))",2623935,Verde,Batería,1
"MULTILINESTRING Z ((442534.8223 4477183.5761 0,442527.9057 4477115.4094 0))",2623939,Verde,Línea,14
"MULTILINESTRING Z ((443901.6679 4477862.492 0,443896.3345 4477889.3254 0))",2623945,Verde,Línea,5
"MULTILINESTRING Z ((443904.0012 4477964.492 0,443922.5012 4477967.9087 0))",2623947,Verde,Línea,3
"MULTILINESTRING Z ((439415.1401 4480807.992 0,439420.8253 4480786.3439 0))",2624074,Verde,Línea,4
"MULTILINESTRING Z ((439681.6032 4480835.8024 0,439698.311 4480773.1193 0))",2624117,Verde,Línea,13
"MULTILINESTRING Z ((439352.5003 4480696.8559 0,439390.8871 4480541.9094 0))",2624118,Verde,Batería,66
"MULTILINESTRING Z ((439484.1711 4480687.1275 0,439484.6814 4480685.218 0))",2624124,Verde,Batería,1
"MULTILINESTRING Z ((441879.805 4480976.0281 0,441870.3623 4480932.5296 0))",2624223,Verde,Batería,17
"MULTILINESTRING Z ((441883.8223 4480143.5761 0,441877.239 4480134.6594 0))",2624242,Verde,Línea,3
"MULTILINESTRING Z ((441825.1557 4479881.2427 0,441839.4057 4479884.8261 0))",2624425,Verde,Línea,3
"MULTILINESTRING Z ((441506.489 4473930.1594 0,441445.739 4473929.6594 0))",2624489,Verde,Batería,27
"MULTILINESTRING Z ((439882.6557 4472393.2427 0,439875.989 4472384.4927 0))",2624494,Verde,Batería,5
"MULTILINESTRING Z ((442690.4811 4478634.0301 0,442694.6841 4478678.2661 0))",2624502,Verde,Línea,10
"MULTILINESTRING Z ((441152.7143 4479358.3292 0,441149.381 4479354.0329 0))",2624564,Verde,Batería,3
"MULTILINESTRING Z ((441723.489 4479763.1594 0,441741.739 4479768.1594 0))",2624581,Verde,Línea,4
"MULTILINESTRING Z ((441745.6557 4479769.3261 0,441749.739 4479770.4094 0))",2624582,Verde,Línea,1
"MULTILINESTRING Z ((440060.3192 4478898.6501 0,440065.8007 4478891.4156 0))",2624583,Azul,Línea,2
"MULTILINESTRING Z ((441780.4057 4480120.1594 0,441785.3223 4480141.9094 0))",2624694,Verde,Línea,5
"MULTILINESTRING Z ((439921.4797 4480448.4279 0,439928.8223 4480448.9094 0))",2624724,Verde,Batería,3
"MULTILINESTRING Z ((439884.5415 4480640.8477 0,439886.0476 4480640.181 0,439890.7637 4480638.6255 0,439894.3686 4480637.6378 0,439895.7267 4480637.3415 0,439899.6773 4480636.6995 0,439903.7267 4480636.502 0,439916.6402 4480636.2798 0,439953.5785 4480635.3909 0))",2624748,Azul,Línea,14
"MULTILINESTRING Z ((439852.9612 4480680.9094 0,439853.4612 4480677.6316 0,439855.6279 4480670.2427 0,439858.1834 4480665.4094 0,439859.5168 4480662.5205 0,439862.0168 4480658.7983 0,439866.0723 4480653.7983 0,439871.2946 4480648.6872 0,439874.5723 4480646.1872 0))",2624758,Azul,Línea,8
"MULTILINESTRING Z ((441950.489 4480635.0761 0,441952.5723 4480639.2427 0,441953.4057 4480641.4927 0,441956.4057 4480652.0761 0))",2624800,Verde,Línea,4
"MULTILINESTRING Z ((441876.4057 4480652.8261 0,441899.739 4480647.9094 0))",2624833,Verde,Línea,5
"MULTILINESTRING Z ((442357.7525 4475581.3985 0,442397.6482 4475578.905 0))",2624878,Verde,Batería,17
"MULTILINESTRING Z ((442462.9429 4475423.2338 0,442558.7418 4475416.4156 0))",2624891,Verde,Batería,34
"MULTILINESTRING Z ((442411.8065 4475426.8495 0,442396.0007 4475428.0892 0))",2624892,Verde,Batería,5
"MULTILINESTRING Z ((442346.2073 4475431.395 0,442384.947 4475428.9156 0))",2624893,Verde,Batería,13
"MULTILINESTRING Z ((442459.2238 4475563.1099 0,442450.1329 4475437.3867 0))",2624895,Verde,Batería,45
"MULTILINESTRING Z ((442459.0562 4475513.4189 0,442457.5637 4475491.1187 0))",2624897,Verde,Línea,4
"MULTILINESTRING Z ((442640.505 4475562.4121 0,442614.5229 4475563.804 0))",2624899,Verde,Batería,8
"MULTILINESTRING Z ((442653.9599 4475409.6129 0,442590.242 4475414.2525 0))",2624901,Verde,Batería,22
"MULTILINESTRING Z ((442844.0723 4475536.4094 0,442842.5723 4475516.9927 0))",2624902,Verde,Batería,7
"MULTILINESTRING Z ((442844.3404 4475487.8684 0,442842.6392 4475463.4329 0))",2624907,Verde,Línea,5
"MULTILINESTRING Z ((442839.2858 4475469.8247 0,442841.1453 4475495.1347 0))",2624910,Verde,Batería,6
"MULTILINESTRING Z ((442837.9429 4475446.6842 0,442838.8726 4475463.6264 0))",2624911,Verde,Batería,5
"MULTILINESTRING Z ((442834.947 4475412.6966 0,442837.0131 4475438.7297 0))",2624913,Verde,Batería,8
"MULTILINESTRING Z ((443076.2722 4475528.4262 0,443088.1356 4475527.5194 0))",2624916,Verde,Batería,5
"MULTILINESTRING Z ((443016.042 4475395.6512 0,443017.6949 4475420.238 0))",2624917,Verde,Línea,5
"MULTILINESTRING Z ((443112.5124 4475443.0184 0,443113.9043 4475460.0304 0))",2624922,Verde,Línea,3
"MULTILINESTRING Z ((443131.5723 4475524.4927 0,443151.489 4475523.1594 0))",2624924,Verde,Batería,8
"MULTILINESTRING Z ((442338.5627 4475275.0933 0,442406.7445 4475270.4446 0))",2624926,Verde,Batería,25
"MULTILINESTRING Z ((442503.4805 4475267.1755 0,442492.6547 4475268.1034 0))",2624929,Verde,Línea,2
"MULTILINESTRING Z ((442565.4222 4475322.0975 0,442566.042 4475331.1884 0))",2624932,Verde,Batería,3
"MULTILINESTRING Z ((442571.3106 4475257.0148 0,442601.4759 4475254.6388 0))",2624934,Verde,Línea,5
"MULTILINESTRING Z ((443325.9818 4477299.4403 0,443349.5703 4477294.4197 0))",2624941,Verde,Batería,9
"MULTILINESTRING Z ((442830.1121 4475291.9203 0,442829.3904 4475281.4038 0))",2624946,Verde,Línea,2
"MULTILINESTRING Z ((442825.8849 4475280.0634 0,442824.029 4475256.5559 0))",2624947,Verde,Batería,8
"MULTILINESTRING Z ((442704.4057 4475253.1316 0,442714.1279 4475252.1872 0))",2624950,Verde,Línea,1
"MULTILINESTRING Z ((443357.9242 4477292.6501 0,443388.8625 4477286.1069 0))",2624952,Verde,Batería,12
"MULTILINESTRING Z ((442790.2111 4475245.9362 0,442763.198 4475248.1014 0))",2624953,Verde,Línea,4
"MULTILINESTRING Z ((442957.1355 4475268.7221 0,442956.62 4475261.9172 0))",2624959,Verde,Línea,1
"MULTILINESTRING Z ((442926.239 4475390.3261 0,442944.0723 4475389.0761 0))",2624964,Verde,Batería,6
"MULTILINESTRING Z ((442975.1786 4475386.1569 0,442989.2007 4475385.4351 0))",2624968,Verde,Batería,5
"MULTILINESTRING Z ((442995.2838 4475230.6769 0,443027.4521 4475228.3571 0))",2624971,Verde,Línea,8
"MULTILINESTRING Z ((443092.6557 4475169.5761 0,443092.9057 4475175.3261 0))",2624976,Verde,Línea,1
"MULTILINESTRING Z ((443090.5513 4475209.0252 0,443088.2315 4475181.1873 0))",2624978,Verde,Batería,12
"MULTILINESTRING Z ((443088.2315 4475166.495 0,443088.6955 4475175.7743 0))",2624980,Verde,Batería,3
"MULTILINESTRING Z ((443107.4057 4475222.4094 0,443122.239 4475221.4094 0))",2624983,Verde,Línea,2
"MULTILINESTRING Z ((443105.6081 4475219.6181 0,443165.4222 4475214.8661 0))",2624984,Verde,Batería,21
"MULTILINESTRING Z ((443176.8891 4475213.9363 0,443211.4966 4475211.1471 0))",2624985,Verde,Batería,13
"MULTILINESTRING Z ((443249.9057 4475368.3495 0,443260.8223 4475367.5995 0))",2624996,Verde,Línea,1
"MULTILINESTRING Z ((443251.6832 4475125.2639 0,443154.9481 4475133.4263 0))",2624998,Verde,Batería,29
"MULTILINESTRING Z ((443102.7752 4475138.1693 0,443149.5433 4475134.0881 0))",2624999,Verde,Batería,14
"MULTILINESTRING Z ((443080.7467 4475065.1076 0,443074.5028 4474979.2274 0))",2625006,Azul,Línea,17
"MULTILINESTRING Z ((443060.1728 4474943.1034 0,442940.7978 4474951.7284 0))",2625016,Azul,Línea,24
"MULTILINESTRING Z ((443225.2106 4474826.8964 0,443149.3227 4474832.5218 0))",2625021,Verde,Batería,28
"MULTILINESTRING Z ((443066.6279 4474793.0205 0,443064.9612 4474768.1316 0))",2625022,Verde,Línea,4
"MULTILINESTRING Z ((442920.6662 4474762.4799 0,442924.968 4474823.0358 0))",2625028,Verde,Batería,22
"MULTILINESTRING Z ((442829.2807 4474858.8495 0,442917.9057 4474852.2245 0))",2625030,Verde,Batería,34
"MULTILINESTRING Z ((442797.8602 4474846.9942 0,442795.6908 4474812.5933 0))",2625032,Verde,Línea,6
"MULTILINESTRING Z ((442789.9057 4474776.4363 0,442790.2156 4474781.6016 0))",2625033,Verde,Batería,2
"MULTILINESTRING Z ((442603.7679 4474874.547 0,442590.4213 4474875.4294 0))",2625039,Verde,Batería,4
"MULTILINESTRING Z ((442530.6998 4474839.6057 0,442531.2153 4474845.4826 0))",2625043,Verde,Batería,2
"MULTILINESTRING Z ((442527.401 4474795.1001 0,442530.3643 4474835.5668 0))",2625044,Verde,Batería,14
"MULTILINESTRING Z ((442523.7908 4474793.705 0,442524.8963 4474808.8499 0))",2625045,Verde,Línea,2
"MULTILINESTRING Z ((442311.4057 4474830.9094 0,442307.3223 4474846.4927 0))",2625048,Azul,Línea,2
"MULTILINESTRING Z ((442416.1519 4474952.8132 0,442416.0488 4474948.4829 0))",2625052,Verde,Batería,1
"MULTILINESTRING Z ((442418.7295 4475013.5411 0,442418.5233 4475007.5611 0))",2625062,Verde,Línea,1
"MULTILINESTRING Z ((442422.1319 4475000.9625 0,442423.9878 4475029.9346 0))",2625067,Verde,Batería,10
"MULTILINESTRING Z ((442415.1124 4475063.2194 0,442349.6218 4475095.634 0))",2625072,Verde,Línea,14
"MULTILINESTRING Z ((442315.4432 4475109.0849 0,442333.194 4475100.4851 0))",2625075,Verde,Línea,3
"MULTILINESTRING Z ((442330.2184 4475142.1953 0,442349.7419 4475140.8717 0))",2625079,Azul,Línea,3
"MULTILINESTRING Z ((442537.5723 4475144.2427 0,442511.9057 4475146.1594 0))",2625080,Azul,Línea,4
"MULTILINESTRING Z ((442488.739 4475053.4094 0,442489.0723 4475058.0761 0))",2625084,Verde,Línea,1
"MULTILINESTRING Z ((442545.5478 4475091.2284 0,442543.9228 4475070.1034 0))",2625086,Verde,Línea,3
"MULTILINESTRING Z ((442544.1033 4475025.1918 0,442543.1753 4475011.8915 0))",2625088,Verde,Batería,6
"MULTILINESTRING Z ((442474.7147 4474979.6201 0,442488.6336 4474978.6922 0))",2625096,Verde,Línea,3
"MULTILINESTRING Z ((442817.239 4475143.9927 0,442818.489 4475160.8261 0))",2625104,Verde,Línea,2
"MULTILINESTRING Z ((442820.9875 4474960.3398 0,442864.9095 4474957.556 0))",2625115,Verde,Línea,10
"MULTILINESTRING Z ((442875.1168 4474956.7827 0,442869.5492 4474957.092 0))",2625116,Verde,Línea,1
"MULTILINESTRING Z ((442800.9057 4474947.0761 0,442797.6557 4474897.4511 0))",2625119,Verde,Batería,18
"MULTILINESTRING Z ((442685.668 4474969.8705 0,442696.8035 4474969.1832 0))",2625120,Verde,Línea,2
"MULTILINESTRING Z ((440151.0847 4480879.1604 0,440166.4098 4480883.3086 0))",2625331,Azul,Línea,3
"MULTILINESTRING Z ((443543.489 4476281.4094 0,443539.9057 4476303.3261 0))",2625521,Verde,Línea,5
"MULTILINESTRING Z ((442979.489 4476701.3261 0,443018.489 4476713.7427 0))",2625615,Verde,Línea,9
"MULTILINESTRING Z ((443499.739 4478080.5761 0,443498.739 4478072.3261 0))",2625891,Verde,Línea,2
"MULTILINESTRING Z ((443463.9057 4478140.6594 0,443463.3223 4478137.2427 0))",2625913,Verde,Línea,1
"MULTILINESTRING Z ((442937.9057 4477442.4927 0,442939.739 4477435.2427 0))",2626091,Verde,Batería,3
"MULTILINESTRING Z ((442652.239 4477160.9927 0,442644.8223 4477168.2427 0))",2626303,Verde,Línea,2
"MULTILINESTRING Z ((441385.739 4472662.4927 0,441381.0723 4472603.6594 0))",2626426,Verde,Batería,24
"MULTILINESTRING Z ((439991.4123 4476288.752 0,439965.0506 4476290.8165 0))",2626429,Verde,Línea,5
"MULTILINESTRING Z ((442783.6557 4477491.7427 0,442793.4057 4477478.4094 0))",2626431,Verde,Línea,3
"MULTILINESTRING Z ((442720.989 4477712.8261 0,442722.5723 4477731.3261 0))",2626445,Verde,Línea,4
"MULTILINESTRING Z ((442266.9188 4472918.6814 0,442275.4515 4472935.8866 0))",2626570,Verde,Línea,4
"MULTILINESTRING Z ((442675.5723 4477610.4927 0,442679.739 4477593.4094 0))",2626640,Verde,Línea,3
"MULTILINESTRING Z ((442568.239 4471794.6594 0,442604.989 4471750.6594 0))",2626702,Azul,Línea,11
"MULTILINESTRING Z ((442062.239 4476377.2427 0,442061.6557 4476370.2427 0))",2626704,Verde,Línea,1
"MULTILINESTRING Z ((442712.989 4477310.5761 0,442721.739 4477301.9927 0))",2626739,Verde,Línea,3
"MULTILINESTRING Z ((443180.989 4477604.7427 0,443189.239 4477596.5761 0))",2626753,Verde,Línea,2
"MULTILINESTRING Z ((442332.6495 4471768.0402 0,442314.747 4471789.0155 0))",2626855,Verde,Batería,8
"MULTILINESTRING Z ((442308.9493 4471805.2606 0,442316.0802 4471797.0112 0))",2626857,Verde,Línea,2
"MULTILINESTRING Z ((442352.4336 4471755.4843 0,442374.9448 4471728.0794 0))",2626859,Verde,Línea,7
"MULTILINESTRING Z ((442400.5321 4471697.5984 0,442378.72 4471724.4441 0))",2626860,Verde,Línea,7
"MULTILINESTRING Z ((442350.0567 4471746.1163 0,442392.8419 4471695.0817 0))",2626867,Verde,Batería,25
"MULTILINESTRING Z ((441425.239 4471577.5995 0,441375.8223 4471556.7662 0))",2626869,Verde,Línea,11
"MULTILINESTRING Z ((441313.5634 4471517.7886 0,441319.7155 4471503.387 0))",2626871,Verde,Línea,3
"MULTILINESTRING Z ((441346.5611 4471441.3065 0,441321.1137 4471499.6119 0))",2626872,Verde,Línea,14
"MULTILINESTRING Z ((441488.7591 4471471.6477 0,441492.9538 4471461.3009 0))",2626877,Verde,Línea,2
"MULTILINESTRING Z ((441564.6557 4471517.8495 0,441496.0307 4471488.8495 0))",2626883,Azul,Línea,16
"MULTILINESTRING Z ((441546.5052 4471591.0548 0,441541.0522 4471603.4989 0))",2626886,Verde,Línea,2
"MULTILINESTRING Z ((441632.0757 4471500.4508 0,441646.1976 4471506.1835 0))",2626892,Verde,Línea,3
"MULTILINESTRING Z ((441686.1864 4471522.962 0,441651.371 4471508.4206 0))",2626894,Verde,Línea,7
"MULTILINESTRING Z ((441696.7209 4471531.1406 0,441691.9799 4471565.1177 0))",2626897,Verde,Línea,6
"MULTILINESTRING Z ((442074.05 4471648.5213 0,442095.5824 4471604.0582 0))",2626903,Azul,Línea,10
"MULTILINESTRING Z ((442123.8262 4471604.7573 0,442129.8386 4471607.5537 0))",2626905,Azul,Batería,2
"MULTILINESTRING Z ((442131.2368 4471608.113 0,442136.4101 4471610.4899 0))",2626906,Azul,Batería,2
"MULTILINESTRING Z ((442138.088 4471611.4687 0,442143.541 4471613.9855 0))",2626907,Azul,Batería,2
"MULTILINESTRING Z ((442144.7994 4471614.6846 0,442150.2524 4471617.0615 0))",2626908,Azul,Batería,2
"MULTILINESTRING Z ((442152.909 4471576.094 0,442148.0153 4471573.5772 0))",2626909,Azul,Batería,2
"MULTILINESTRING Z ((442154.4471 4471576.7931 0,442159.7603 4471579.17 0))",2626910,Azul,Batería,2
"MULTILINESTRING Z ((442161.4381 4471580.009 0,442166.8911 4471582.6656 0))",2626911,Azul,Batería,2
"MULTILINESTRING Z ((442428.3564 4471492.9005 0,442400.1126 4471526.5973 0))",2626915,Verde,Línea,9
"MULTILINESTRING Z ((442459.2569 4471595.9486 0,442439.4023 4471579.0302 0))",2626918,Verde,Línea,6
"MULTILINESTRING Z ((442362.8432 4471583.0035 0,442372.596 4471571.3803 0))",2626920,Verde,Línea,3
"MULTILINESTRING Z ((442352.0216 4471633.7717 0,442360.0376 4471640.8525 0))",2626921,Verde,Línea,1
"MULTILINESTRING Z ((442357.5688 4471626.5277 0,442401.2213 4471664.0259 0))",2626922,Verde,Línea,12
"MULTILINESTRING Z ((442464.4303 4471621.9553 0,442432.6909 4471659.2875 0))",2626923,Verde,Línea,10
"MULTILINESTRING Z ((442506.1966 4471571.9147 0,442468.254 4471617.0716 0))",2626925,Verde,Línea,12
"MULTILINESTRING Z ((441153.489 4471309.7427 0,441168.4057 4471298.7427 0))",2626933,Azul,Línea,4
"MULTILINESTRING Z ((441128.3165 4471328.3117 0,441134.6219 4471323.7578 0))",2626934,Azul,Línea,1
"MULTILINESTRING Z ((441127.489 4471328.8261 0,441121.8223 4471333.2427 0))",2626935,Azul,Línea,1
"MULTILINESTRING Z ((441069.1557 4471393.9745 0,441147.9057 4471427.3495 0))",2626937,Verde,Línea,18
"MULTILINESTRING Z ((441187.9848 4471398.0221 0,441197.6766 4471376.0698 0))",2626938,Verde,Batería,10
"MULTILINESTRING Z ((441201.7634 4471367.0786 0,441199.3113 4471373.1506 0))",2626939,Verde,Batería,3
"MULTILINESTRING Z ((441211.739 4471343.1594 0,441205.6557 4471357.3261 0))",2626941,Azul,Batería,6
"MULTILINESTRING Z ((441416.6328 4471308.3798 0,441446.5271 4471321.3826 0))",2626948,Verde,Batería,9
"MULTILINESTRING Z ((441453.0479 4471324.2248 0,441450.479 4471322.9404 0))",2626949,Verde,Batería,1
"MULTILINESTRING Z ((441395.7864 4471312.4349 0,441368.6165 4471374.2511 0))",2626950,Verde,Línea,14
"MULTILINESTRING Z ((441341.2034 4471438.6809 0,441334.6388 4471453.3904 0))",2626953,Verde,Línea,3
"MULTILINESTRING Z ((441356.7144 4471417.4056 0,441363.3702 4471402.109 0))",2626954,Verde,Línea,3
"MULTILINESTRING Z ((441433.1557 4471412.2245 0,441411.1557 4471402.8495 0))",2626959,Verde,Línea,4
"MULTILINESTRING Z ((441364.2807 4471436.7245 0,441387.9057 4471446.4745 0))",2626960,Verde,Línea,5
"MULTILINESTRING Z ((441366.0307 4471432.8495 0,441414.0307 4471453.0995 0))",2626961,Verde,Línea,10
"MULTILINESTRING Z ((441509.7971 4471338.1202 0,441490.0633 4471329.8297 0))",2626965,Verde,Batería,8
"MULTILINESTRING Z ((441463.6557 4471210.7245 0,441481.9057 4471218.5995 0))",2626967,Verde,Línea,3
"MULTILINESTRING Z ((441499.1712 4471222.2865 0,441468.9283 4471209.6756 0))",2626968,Verde,Batería,12
"MULTILINESTRING Z ((441564.5612 4471250.3108 0,441545.528 4471242.2538 0))",2626972,Verde,Línea,4
"MULTILINESTRING Z ((441624.2085 4471268.3673 0,441621.7772 4471257.7911 0))",2626978,Verde,Batería,5
"MULTILINESTRING Z ((441625.8643 4471276.2332 0,441631.2357 4471301.4551 0))",2626979,Verde,Batería,10
"MULTILINESTRING Z ((441639.9932 4471339.8717 0,441632.8704 4471307.7606 0))",2626999,Verde,Batería,13
"MULTILINESTRING Z ((441637.216 4471384.0979 0,441641.9571 4471372.9138 0,441642.2002 4471371.4551 0,441642.2002 4471370.4825 0,441632.2318 4471328.6639 0))",2627000,Verde,Línea,12
"MULTILINESTRING Z ((442268.3105 4471391.9962 0,442276.3769 4471393.516 0))",2627010,Azul,Línea,1
"MULTILINESTRING Z ((442349.2083 4471412.9221 0,442368.0299 4471420.8716 0,442382.0585 4471427.769 0,442397.7236 4471436.7706 0,442429.2878 4471458.5148 0))",2627014,Azul,Línea,15
"MULTILINESTRING Z ((441000.0716 4471140.2271 0,441011.1068 4471230.6108 0))",2627019,Azul,Batería,32
"MULTILINESTRING Z ((443369.8223 4477912.9094 0,443373.989 4477903.3261 0))",2627032,Verde,Línea,2
"MULTILINESTRING Z ((441013.3405 4470999.7069 0,441045.9201 4471029.7337 0))",2627047,Verde,Batería,17
"MULTILINESTRING Z ((441052.2098 4471025.5446 0,441023.0972 4470997.952 0))",2627048,Verde,Línea,8
"MULTILINESTRING Z ((441060.3154 4471106.0892 0,441056.1524 4471070.8132 0))",2627054,Verde,Línea,5
"MULTILINESTRING Z ((441202.6437 4471168.9759 0,441244.331 4471207.2773 0))",2627055,Verde,Batería,23
"MULTILINESTRING Z ((441232.402 4471118.2336 0,441210.1555 4471142.3036 0))",2627060,Verde,Línea,6
"MULTILINESTRING Z ((441278.7186 4471070.9445 0,441241.0332 4471036.7845 0))",2627063,Verde,Línea,9
"MULTILINESTRING Z ((441233.8608 4471038.9727 0,441258.9034 4471061.9486 0))",2627065,Verde,Línea,6
"MULTILINESTRING Z ((441176.6432 4471079.9255 0,441189.9888 4471065.5669 0))",2627068,Verde,Línea,3
"MULTILINESTRING Z ((441205.0131 4471042.0192 0,441214.0221 4471032.587 0))",2627069,Verde,Línea,2
"MULTILINESTRING Z ((441160.3135 4470966.2763 0,441208.332 4471011.8635 0))",2627071,Verde,Batería,24
"MULTILINESTRING Z ((441211.4927 4471014.4164 0,441217.2063 4471019.5222 0))",2627073,Verde,Batería,4
"MULTILINESTRING Z ((441106.8439 4471001.6698 0,441101.2152 4471006.9609 0))",2627074,Verde,Línea,1
"MULTILINESTRING Z ((441134.489 4470959.7427 0,441124.9057 4470970.0761 0))",2627075,Verde,Línea,2
"MULTILINESTRING Z ((441281.3223 4470960.0761 0,441242.3223 4471002.1594 0))",2627076,Verde,Línea,11
"MULTILINESTRING Z ((441354.1557 4470977.9927 0,441330.6557 4470963.8261 0))",2627077,Verde,Línea,5
"MULTILINESTRING Z ((441462.489 4471084.1594 0,441457.4057 4471078.8261 0))",2627078,Verde,Línea,1
"MULTILINESTRING Z ((441500.0723 4471122.4094 0,441537.3223 4471160.8261 0))",2627080,Azul,Línea,10
"MULTILINESTRING Z ((441717.3283 4471081.7291 0,441724.0949 4471085.5957 0,441729.492 4471086.804 0,441735.2114 4471086.1596 0,441739.6418 4471083.1791 0))",2627081,Verde,Línea,4
"MULTILINESTRING Z ((441736.5723 4471032.5761 0,441742.3223 4471037.0761 0))",2627082,Verde,Batería,3
"MULTILINESTRING Z ((441757.1221 4470974.2698 0,441762.0359 4470968.3088 0))",2627083,Verde,Batería,4
"MULTILINESTRING Z ((441736.489 4471021.9094 0,441742.9057 4471014.4094 0))",2627085,Verde,Batería,4
"MULTILINESTRING Z ((441749.55 4471006.7331 0,441744.6362 4471012.533 0))",2627086,Verde,Batería,4
"MULTILINESTRING Z ((441743.489 4471027.5761 0,441749.9057 4471020.0761 0))",2627087,Verde,Batería,4
"MULTILINESTRING Z ((441572.6557 4470961.5761 0,441593.5723 4470987.8261 0))",2627088,Azul,Línea,5
"MULTILINESTRING Z ((441617.4411 4471004.6387 0,441592.4693 4470973.5448 0))",2627089,Verde,Batería,14
"MULTILINESTRING Z ((441641.0723 4471005.4927 0,441664.5723 4470978.2427 0))",2627091,Verde,Batería,12
"MULTILINESTRING Z ((441689.1557 4470949.9094 0,441667.1557 4470975.2427 0))",2627092,Verde,Batería,13
"MULTILINESTRING Z ((441158.6116 4470817.723 0,441169.1878 4470810.6722 0,441179.2778 4470805.2017 0,441188.1521 4470800.8253 0,441198.6067 4470796.0843 0))",2627095,Azul,Línea,9
"MULTILINESTRING Z ((441200.6734 4470803.6214 0,441170.525 4470817.1152 0))",2627096,Verde,Línea,6
"MULTILINESTRING Z ((441246.6252 4470849.3301 0,441247.4762 4470817.4798 0))",2627097,Verde,Línea,6
"MULTILINESTRING Z ((441247.7193 4470914.0031 0,441248.6918 4470875.8314 0))",2627098,Verde,Línea,7
"MULTILINESTRING Z ((441269.489 4470864.9094 0,441303.1557 4470866.2427 0))",2627099,Verde,Línea,6
"MULTILINESTRING Z ((441311.4057 4470914.5761 0,441316.6557 4470901.4511 0))",2627101,Verde,Línea,3
"MULTILINESTRING Z ((441402.2003 4470715.5699 0,441427.3332 4470746.6236 0))",2627102,Verde,Línea,7
"MULTILINESTRING Z ((441531.3287 4470748.2347 0,441522.3066 4470759.0289 0))",2627120,Verde,Línea,2
"MULTILINESTRING Z ((441510.3846 4470773.287 0,441519.2455 4470762.7344 0))",2627123,Verde,Línea,2
"MULTILINESTRING Z ((441613.6557 4470866.5761 0,441607.0307 4470874.4511 0))",2627124,Verde,Batería,4
"MULTILINESTRING Z ((441595.2807 4470871.2011 0,441605.7807 4470860.0761 0))",2627125,Verde,Batería,6
"MULTILINESTRING Z ((441611.9057 4470859.6594 0,441628.4057 4470840.1594 0))",2627126,Verde,Batería,7
"MULTILINESTRING Z ((441630.4057 4470826.1829 0,441615.989 4470842.1829 0))",2627128,Verde,Batería,10
"MULTILINESTRING Z ((441697.2703 4470756.2901 0,441650.8711 4470810.4225 0))",2627130,Verde,Línea,14
"MULTILINESTRING Z ((441702.7077 4470759.7942 0,441655.5835 4470814.1683 0))",2627131,Verde,Línea,14
"MULTILINESTRING Z ((441775.3274 4470808.3684 0,441725.3032 4470765.1108 0))",2627132,Verde,Línea,12
"MULTILINESTRING Z ((443318.739 4477808.5761 0,443324.1557 4477812.3261 0))",2627138,Verde,Línea,1
"MULTILINESTRING Z ((443343.6557 4477825.5761 0,443355.239 4477833.3261 0))",2627143,Verde,Línea,3
"MULTILINESTRING Z ((445258.8489 4476166.3843 0,445284.5285 4476182.2368 0))",2627155,Azul,Línea,6
"MULTILINESTRING Z ((445243.6279 4476028.1069 0,445252.3686 4476013.5143 0))",2627161,Verde,Línea,3
"MULTILINESTRING Z ((440855.6777 4475104.6945 0,440863.4147 4475115.7841 0))",2627168,Verde,Línea,2
"MULTILINESTRING Z ((442925.6557 4475968.9927 0,442913.5723 4475969.9094 0))",2627169,Verde,Línea,2
"MULTILINESTRING Z ((443106.9057 4477741.6594 0,443102.6557 4477739.6594 0))",2627178,Azul,Línea,1
"MULTILINESTRING Z ((443097.1557 4477736.9927 0,443100.9057 4477738.8261 0,443101.489 4477738.9927 0))",2627179,Azul,Línea,1
"MULTILINESTRING Z ((441793.8276 4470841.2437 0,441775.1581 4470862.8134 0))",2627191,Azul,Línea,4
"MULTILINESTRING Z ((441482.7545 4470696.5189 0,441475.6657 4470696.9216 0,441470.9935 4470697.8077 0,441466.3214 4470699.1771 0,441462.1326 4470700.8688 0,441457.2188 4470703.1243 0))",2627192,Verde,Línea,4
"MULTILINESTRING Z ((441494.907 4470697.9719 0,441500.669 4470699.4797 0,441507.4003 4470702.6568 0,441509.9312 4470704.2185 0,441511.7083 4470705.4571 0))",2627193,Verde,Línea,3
"MULTILINESTRING Z ((441743.3071 4470604.0426 0,441795.7881 4470649.3946 0))",2627196,Verde,Línea,13
"MULTILINESTRING Z ((441748.0195 4470598.8066 0,441800.2186 4470644.4003 0))",2627197,Verde,Línea,13
"MULTILINESTRING Z ((441800.7019 4470654.0668 0,441809.7643 4470661.8 0,441812.7851 4470665.0624 0,441815.9267 4470669.7749 0,441818.3433 4470675.0914 0,441819.7933 4470680.5288 0,441819.31 4470689.1079 0))",2627198,Verde,Línea,9
"MULTILINESTRING Z ((439194.1361 4476739.3266 0,439217.6462 4476739.8733 0))",2627199,Azul,Línea,5
"MULTILINESTRING Z ((439228.3989 4476739.8733 0,439217.0995 4476740.0556 0))",2627200,Azul,Línea,2
"MULTILINESTRING Z ((439239.6648 4476726.6599 0,439238.8448 4476712.5148 0))",2627201,Verde,Línea,2
"MULTILINESTRING Z ((439244.5723 4476721.7427 0,439243.6557 4476709.7427 0))",2627202,Verde,Línea,2
"MULTILINESTRING Z ((439431.989 4476709.9094 0,439431.239 4476696.7427 0))",2627205,Verde,Línea,3
"MULTILINESTRING Z ((439436.239 4476697.9094 0,439437.0723 4476709.5761 0))",2627206,Verde,Línea,2
"MULTILINESTRING Z ((439686.1557 4476698.8261 0,439684.489 4476680.1594 0))",2627207,Verde,Línea,3
"MULTILINESTRING Z ((439682.4942 4476647.5682 0,439683.5529 4476662.3187 0))",2627208,Verde,Línea,3
"MULTILINESTRING Z ((439130.8751 4476607.8076 0,439200.1721 4476603.1817 0))",2627209,Verde,Línea,14
"MULTILINESTRING Z ((439233.4202 4476624.751 0,439232.4482 4476609.0767 0))",2627210,Verde,Línea,3
"MULTILINESTRING Z ((439100.1274 4476454.8847 0,439097.0897 4476433.135 0))",2627212,Verde,Línea,4
"MULTILINESTRING Z ((439217.8321 4476366.3688 0,439220.3946 4476416.3893 0))",2627215,Verde,Línea,10
"MULTILINESTRING Z ((439310.6985 4476454.8847 0,439290.5284 4476455.9783 0))",2627216,Verde,Batería,7
"MULTILINESTRING Z ((439326.2051 4476537.9349 0,439327.681 4476562.8913 0))",2627217,Azul,Línea,5
"MULTILINESTRING Z ((439326.0723 4476534.6594 0,439325.6557 4476527.4927 0))",2627218,Azul,Línea,1
"MULTILINESTRING Z ((439322.7277 4476481.2516 0,439321.6341 4476466.0633 0))",2627219,Azul,Línea,3
"MULTILINESTRING Z ((439337.7112 4476449.2309 0,439363.3928 4476447.6505 0))",2627220,Verde,Línea,4
"MULTILINESTRING Z ((439410.091 4476448.2018 0,439338.0375 4476453.0621 0))",2627225,Verde,Batería,23
"MULTILINESTRING Z ((439420.419 4476413.2079 0,439419.3255 4476393.7668 0))",2627226,Verde,Línea,4
"MULTILINESTRING Z ((439537.43 4476608.9552 0,439537.0654 4476602.2723 0))",2627227,Azul,Línea,1
"MULTILINESTRING Z ((439527.5723 4476463.8261 0,439526.739 4476453.5761 0))",2627231,Azul,Línea,2
"MULTILINESTRING Z ((439448.9057 4476445.4094 0,439472.239 4476443.6594 0))",2627233,Verde,Batería,8
"MULTILINESTRING Z ((439509.4057 4476440.7662 0,439477.489 4476443.4329 0))",2627234,Verde,Batería,11
"MULTILINESTRING Z ((439430.3921 4476442.2768 0,439508.6889 4476436.718 0))",2627235,Verde,Línea,15
"MULTILINESTRING Z ((439523.0723 4476411.3261 0,439521.1557 4476383.6594 0))",2627236,Azul,Línea,6
"MULTILINESTRING Z ((439579.129 4476435.1999 0,439603.4374 4476433.6579 0))",2627238,Verde,Batería,8
"MULTILINESTRING Z ((439669.3223 4476471.5761 0,439666.6557 4476436.2427 0))",2627240,Verde,Línea,6
"MULTILINESTRING Z ((439328.4109 4476333.1247 0,439343.3916 4476332.2574 0))",2627245,Azul,Línea,2
"MULTILINESTRING Z ((439311.4057 4476206.7427 0,439310.4612 4476189.8538 0))",2627250,Verde,Línea,3
"MULTILINESTRING Z ((439215.0645 4476323.2159 0,439211.3745 4476261.2027 0))",2627254,Verde,Línea,12
"MULTILINESTRING Z ((439082.1557 4476243.8261 0,439085.9057 4476237.4511 0))",2627257,Azul,Línea,1
"MULTILINESTRING Z ((439412.8223 4476371.1594 0,439411.6557 4476351.6594 0))",2627259,Verde,Línea,4
"MULTILINESTRING Z ((439416.2807 4476338.2011 0,439419.0307 4476384.4511 0))",2627260,Verde,Línea,9
"MULTILINESTRING Z ((439465.9057 4476324.8261 0,439442.9057 4476326.2427 0))",2627261,Azul,Línea,5
"MULTILINESTRING Z ((439426.1557 4476327.3261 0,439441.8223 4476326.2427 0))",2627262,Azul,Línea,3
"MULTILINESTRING Z ((439501.9057 4476322.8261 0,439472.7807 4476324.4511 0))",2627263,Azul,Línea,5
"MULTILINESTRING Z ((439343.8223 4476213.7427 0,439358.1557 4476212.5761 0))",2627265,Azul,Línea,3
"MULTILINESTRING Z ((439407.0307 4476177.8495 0,439401.7807 4476083.4745 0))",2627266,Verde,Línea,18
"MULTILINESTRING Z ((439471.489 4476263.2427 0,439484.4057 4476262.2427 0))",2627267,Verde,Línea,2
"MULTILINESTRING Z ((439541.5723 4476320.3261 0,439577.4057 4476317.9927 0))",2627273,Azul,Línea,8
"MULTILINESTRING Z ((439651.989 4476233.7427 0,439651.6557 4476229.4927 0))",2627276,Verde,Línea,1
"MULTILINESTRING Z ((439648.6557 4476168.2427 0,439646.739 4476140.3261 0))",2627277,Azul,Línea,5
"MULTILINESTRING Z ((439152.3856 4476110.8946 0,439149.6457 4476116.1739 0))",2627278,Azul,Línea,1
"MULTILINESTRING Z ((439287.5328 4475856.3237 0,439291.1203 4475913.2118 0))",2627282,Verde,Batería,20
"MULTILINESTRING Z ((439291.5303 4475929.8169 0,439290.9153 4475920.6943 0))",2627283,Verde,Batería,2
"MULTILINESTRING Z ((439305.239 4475940.2662 0,439321.0723 4475939.1829 0))",2627284,Verde,Batería,4
"MULTILINESTRING Z ((439298.9057 4476064.4745 0,439292.4057 4475953.2245 0))",2627289,Verde,Batería,36
"MULTILINESTRING Z ((439272.4057 4476076.5761 0,439291.1557 4476075.9094 0))",2627292,Verde,Línea,3
"MULTILINESTRING Z ((439312.5919 4476075.275 0,439333.1715 4476074.3288 0))",2627293,Verde,Línea,3
"MULTILINESTRING Z ((439396.1557 4476080.3261 0,439397.7807 4476110.7011 0))",2627300,Verde,Línea,6
"MULTILINESTRING Z ((439399.0307 4476133.0761 0,439397.9057 4476113.5761 0))",2627301,Verde,Línea,4
"MULTILINESTRING Z ((439399.7807 4476145.7011 0,439400.2807 4476154.3261 0))",2627302,Verde,Línea,1
"MULTILINESTRING Z ((439468.9057 4476062.1594 0,439485.489 4476061.3261 0))",2627303,Verde,Línea,3
"MULTILINESTRING Z ((439400.0723 4476055.1316 0,439399.239 4476042.3538 0))",2627304,Verde,Línea,2
"MULTILINESTRING Z ((439389.739 4475962.7427 0,439388.6834 4475946.0205 0))",2627309,Verde,Línea,3
"MULTILINESTRING Z ((439392.739 4475923.5162 0,439391.6557 4475906.1829 0))",2627311,Verde,Línea,3
"MULTILINESTRING Z ((439389.9057 4475870.7662 0,439390.989 4475893.8495 0))",2627312,Verde,Línea,4
"MULTILINESTRING Z ((439386.0723 4475893.9329 0,439385.239 4475876.5995 0))",2627313,Verde,Línea,3
"MULTILINESTRING Z ((439403.2355 4475931.1693 0,439458.7429 4475928.0943 0))",2627314,Verde,Línea,11
"MULTILINESTRING Z ((439459.739 4475928.0761 0,439475.4057 4475927.2427 0))",2627315,Verde,Línea,3
"MULTILINESTRING Z ((439502.6169 4476101.003 0,439505.6438 4476147.9193 0))",2627316,Azul,Línea,10
"MULTILINESTRING Z ((439539.6557 4476059.8495 0,439521.0723 4476060.6829 0))",2627317,Verde,Batería,6
"MULTILINESTRING Z ((439638.4057 4476041.9094 0,439637.8223 4476035.0761 0))",2627319,Verde,Línea,1
"MULTILINESTRING Z ((439568.4173 4475972.9575 0,439588.0498 4476002.9189 0))",2627321,Verde,Línea,6
"MULTILINESTRING Z ((439548.3904 4475936.1366 0,439582.0576 4475989.042 0,439601.1382 4476018.5303 0))",2627322,Verde,Línea,15
"MULTILINESTRING Z ((439545.7885 4475937.3193 0,439564.3173 4475966.0191 0))",2627323,Verde,Línea,6
"MULTILINESTRING Z ((439559.35 4475971.1441 0,439541.6097 4475982.3401 0))",2627324,Verde,Línea,3
"MULTILINESTRING Z ((439528.679 4475994.4824 0,439561.4788 4475974.2979 0))",2627325,Verde,Línea,7
"MULTILINESTRING Z ((439504.158 4476006.2304 0,439533.7251 4475987.544 0))",2627326,Verde,Línea,6
"MULTILINESTRING Z ((439496.3224 4476001.8147 0,439495.1277 4475984.929 0))",2627327,Azul,Línea,3
"MULTILINESTRING Z ((439492.34 4475943.4316 0,439493.694 4475967.3264 0))",2627329,Verde,Línea,4
"MULTILINESTRING Z ((439497.3579 4476017.187 0,439499.5084 4476055.7772 0))",2627330,Azul,Línea,8
"MULTILINESTRING Z ((439501.0042 4475925.5712 0,439582.6095 4475921.077 0))",2627331,Verde,Línea,16
"MULTILINESTRING Z ((439561.0723 4475926.0162 0,439577.739 4475924.9329 0))",2627332,Verde,Batería,5
"MULTILINESTRING Z ((439622.8208 4475918.7117 0,439605.6324 4475919.8155 0))",2627334,Verde,Línea,2
"MULTILINESTRING Z ((439490.5877 4475919.935 0,439489.6319 4475904.8015 0))",2627337,Azul,Línea,3
"MULTILINESTRING Z ((439489.6557 4475904.4511 0,439489.1557 4475897.8261 0))",2627339,Azul,Línea,1
"MULTILINESTRING Z ((439288.6603 4475823.8309 0,439289.4803 4475839.001 0))",2627341,Verde,Línea,2
"MULTILINESTRING Z ((439291.989 4475878.1594 0,439289.5723 4475839.9927 0))",2627342,Verde,Línea,7
"MULTILINESTRING Z ((439385.989 4475801.5995 0,439386.1557 4475810.0162 0))",2627346,Verde,Línea,1
"MULTILINESTRING Z ((439382.5723 4475827.6829 0,439381.3223 4475802.0162 0))",2627347,Verde,Línea,4
"MULTILINESTRING Z ((439385.0307 4475871.8261 0,439384.2807 4475857.9511 0))",2627349,Verde,Línea,3
"MULTILINESTRING Z ((439527.654 4475858.7101 0,439542.8712 4475857.212 0))",2627352,Verde,Línea,2
"MULTILINESTRING Z ((439618.09 4475849.6428 0,439584.1075 4475853.112 0))",2627353,Verde,Línea,6
"MULTILINESTRING Z ((439623.682 4475844.4272 0,439622.8856 4475833.5949 0))",2627354,Verde,Línea,1
"MULTILINESTRING Z ((445124.9242 4476059.9094 0,445132.2575 4476047.3909 0))",2627357,Azul,Batería,5
"MULTILINESTRING Z ((443080.6384 4472963.4605 0,443116.7376 4472938.676 0))",2627360,Verde,Línea,8
"MULTILINESTRING Z ((443251.8891 4472946.6876 0,443240.9387 4472963.9397 0))",2627362,Verde,Línea,4
"MULTILINESTRING Z ((443239.5957 4472966.5224 0,443237.5296 4472969.9314 0))",2627363,Verde,Línea,1
"MULTILINESTRING Z ((443372.8265 4472958.3471 0,443357.8512 4472964.5971 0))",2627366,Verde,Línea,3
"MULTILINESTRING Z ((443178.542 4472889.2496 0,443188.9759 4472871.1711 0))",2627367,Azul,Línea,4
"MULTILINESTRING Z ((443181.5782 4472891.6529 0,443216.1293 4472834.823 0))",2627368,Azul,Línea,15
"MULTILINESTRING Z ((443110.6565 4472919.4394 0,443051.0187 4472835.3399 0))",2627369,Verde,Línea,21
"MULTILINESTRING Z ((443106.5379 4472905.6752 0,443109.8437 4472910.5306 0))",2627372,Verde,Línea,1
"MULTILINESTRING Z ((443082.7776 4472871.481 0,443092.7982 4472886.0471 0))",2627373,Verde,Línea,3
"MULTILINESTRING Z ((443097.9635 4472893.4852 0,443094.3478 4472888.3199 0))",2627374,Verde,Línea,1
"MULTILINESTRING Z ((442986.6575 4472818.765 0,442982.3305 4472821.5972 0))",2627378,Verde,Línea,1
"MULTILINESTRING Z ((442985.739 4472817.4094 0,443007.739 4472803.4094 0))",2627379,Verde,Batería,9
"MULTILINESTRING Z ((443075.5462 4472770.0347 0,443051.9924 4472785.324 0))",2627380,Verde,Línea,5
"MULTILINESTRING Z ((443038.5627 4472794.5182 0,443047.3437 4472788.8364 0))",2627381,Verde,Línea,2
"MULTILINESTRING Z ((445258.2205 4475834.4279 0,445261.0723 4475829.539 0))",2627384,Verde,Batería,3
"MULTILINESTRING Z ((445456.9983 4475921.502 0,445458.8871 4475918.3168 0))",2627386,Verde,Batería,1
"MULTILINESTRING Z ((443233.0723 4477908.5761 0,443260.6557 4477913.9927 0))",2627391,Verde,Línea,6
"MULTILINESTRING Z ((443212.0723 4478023.8261 0,443209.239 4478037.7427 0))",2627402,Verde,Línea,3
"MULTILINESTRING Z ((443280.0723 4478040.4927 0,443274.239 4478049.2427 0))",2627404,Azul,Línea,2
"MULTILINESTRING Z ((443337.8223 4477972.9927 0,443345.489 4477962.0761 0))",2627412,Verde,Línea,3
"MULTILINESTRING Z ((443296.9057 4478032.1594 0,443286.3223 4478047.2427 0))",2627433,Verde,Línea,4
"MULTILINESTRING Z ((440379.2328 4481867.0287 0,440384.4345 4481869.4979 0))",2627438,Azul,Línea,1
"MULTILINESTRING Z ((442549.9057 4476877.6594 0,442545.489 4476874.1594 0))",2627457,Verde,Línea,1
"MULTILINESTRING Z ((442540.2946 4476867.2921 0,442547.4304 4476872.7242 0))",2627458,Verde,Línea,2
"MULTILINESTRING Z ((443242.3223 4478100.5761 0,443251.239 4478098.4927 0))",2627462,Verde,Línea,2
"MULTILINESTRING Z ((441539.2328 4477107.8189 0,441579.1011 4477144.4938 0))",2627466,Verde,Línea,10
"MULTILINESTRING Z ((442822.0723 4477110.4526 0,442814.9057 4477103.2011 0))",2627480,Azul,Línea,2
"MULTILINESTRING Z ((440480.2946 4481918.1316 0,440473.6649 4481914.539 0))",2627494,Azul,Batería,3
"MULTILINESTRING Z ((442692.2116 4472463.7842 0,442678.695 4472444.181 0))",2627539,Verde,Batería,8
"MULTILINESTRING Z ((442670.1206 4472432.0999 0,442656.604 4472412.4968 0))",2627540,Verde,Batería,10
"MULTILINESTRING Z ((440106.5255 4473709.5592 0,440092.1383 4473704.4074 0))",2627552,Verde,Línea,3
"MULTILINESTRING Z ((440076.4319 4473698.6903 0,440090.0023 4473703.6535 0))",2627554,Verde,Línea,3
"MULTILINESTRING Z ((440074.4843 4473698.1249 0,440060.16 4473693.0988 0))",2627555,Verde,Línea,3
"MULTILINESTRING Z ((440050.1706 4473689.3292 0,440058.0867 4473692.1564 0))",2627556,Verde,Línea,2
"MULTILINESTRING Z ((443220.2917 4472793.4382 0,443213.5117 4472789.3905 0))",2627564,Verde,Línea,1
"MULTILINESTRING Z ((443139.2353 4472846.8687 0,443152.2893 4472865.9944 0))",2627567,Azul,Línea,5
"MULTILINESTRING Z ((443116.0618 4472815.2962 0,443106.8531 4472801.7362 0))",2627569,Azul,Línea,3
"MULTILINESTRING Z ((443171.5162 4472713.3937 0,443179.1057 4472741.8293 0))",2627571,Verde,Línea,6
"MULTILINESTRING Z ((443181.7368 4472752.2523 0,443180.1177 4472745.7758 0))",2627572,Verde,Línea,1
"MULTILINESTRING Z ((443172.7305 4472698.417 0,443180.1177 4472727.1561 0))",2627574,Verde,Línea,6
"MULTILINESTRING Z ((443165.3433 4472692.9525 0,443161.7003 4472678.2794 0))",2627577,Verde,Línea,2
"MULTILINESTRING Z ((443160.7587 4472708.1521 0,443140.1466 4472721.7624 0))",2627578,Verde,Batería,9
"MULTILINESTRING Z ((443120.4132 4472710.6615 0,443111.2045 4472696.6967 0))",2627581,Verde,Línea,3
"MULTILINESTRING Z ((442994.4265 4472662.4931 0,442985.5214 4472667.9576 0))",2627589,Verde,Línea,2
"MULTILINESTRING Z ((442943.1211 4472680.3033 0,442937.353 4472671.7018 0))",2627595,Verde,Línea,2
"MULTILINESTRING Z ((439438.6155 4480855.7859 0,439448.4674 4480858.3045 0))",2627610,Verde,Batería,4
"MULTILINESTRING Z ((443364.7444 4472913.2426 0,443353.7911 4472883.1674 0))",2627614,Verde,Línea,7
"MULTILINESTRING Z ((443240.6317 4472786.8606 0,443249.132 4472773.6042 0))",2627616,Verde,Línea,3
"MULTILINESTRING Z ((442834.3831 4472613.9856 0,442852.3996 4472601.197 0))",2627622,Verde,Línea,4
"MULTILINESTRING Z ((442870.4637 4472588.419 0,442861.3563 4472594.6931 0))",2627624,Verde,Línea,2
"MULTILINESTRING Z ((442993.111 4472647.314 0,442964.979 4472607.2411 0))",2627630,Verde,Línea,10
"MULTILINESTRING Z ((442973.1758 4472508.4757 0,442903.7566 4472557.7572 0))",2627632,Azul,Línea,18
"MULTILINESTRING Z ((442953.3417 4472459.093 0,442955.8716 4472463.0395 0))",2627633,Verde,Línea,1
"MULTILINESTRING Z ((442942.5139 4472441.89 0,442933.5077 4472428.33 0))",2627635,Verde,Línea,2
"MULTILINESTRING Z ((443062.0242 4472403.0314 0,443020.5346 4472432.8837 0))",2627636,Verde,Línea,10
"MULTILINESTRING Z ((443017.239 4472435.7427 0,442991.8501 4472454.2057 0))",2627638,Verde,Línea,6
"MULTILINESTRING Z ((442989.455 4472456.0082 0,442980.3439 4472461.9588 0))",2627640,Verde,Línea,2
"MULTILINESTRING Z ((443040.7052 4472586.6825 0,443048.8871 4472599.5061 0))",2627643,Verde,Línea,2
"MULTILINESTRING Z ((443115.657 4472604.4077 0,443121.3239 4472601.979 0))",2627648,Verde,Batería,2
"MULTILINESTRING Z ((443132.739 4472568.6829 0,443119.239 4472518.6829 0))",2627651,Verde,Línea,10
"MULTILINESTRING Z ((443115.7582 4472506.9578 0,443114.0379 4472500.6837 0))",2627652,Verde,Línea,1
"MULTILINESTRING Z ((443112.739 4472495.8495 0,443108.489 4472480.4329 0,443106.5723 4472473.1829 0,443104.989 4472469.0995 0,443101.739 4472462.8495 0))",2627653,Verde,Línea,8
"MULTILINESTRING Z ((443200.4577 4472464.5575 0,443212.8034 4472508.0709 0))",2627655,Verde,Línea,9
"MULTILINESTRING Z ((443270.3828 4472425.8001 0,443276.4544 4472443.5091 0,443279.3891 4472452.9201 0,443284.1452 4472469.9207 0,443288.0918 4472484.4927 0,443293.455 4472509.184 0,443294.5682 4472515.0533 0))",2627656,Verde,Batería,29
"MULTILINESTRING Z ((443297.8064 4472545.1079 0,443311.0628 4472615.6402 0))",2627658,Verde,Línea,15
"MULTILINESTRING Z ((443318.2392 4472634.6758 0,443318.3321 4472640.4309 0,443318.0536 4472646.8358 0,443317.2182 4472652.7766 0,443315.176 4472657.6035 0,443312.4841 4472661.3165 0,443310.442 4472662.8945 0,443307.75 4472664.1012 0,443286.3075 4472670.3205 0))",2627659,Verde,Línea,12
"MULTILINESTRING Z ((443272.2043 4472650.5522 0,443270.1804 4472639.0161 0))",2627660,Verde,Línea,2
"MULTILINESTRING Z ((442739.0126 4472409.4067 0,442735.0661 4472403.6386 0))",2627662,Azul,Batería,3
"MULTILINESTRING Z ((442733.3458 4472401.1088 0,442734.7625 4472403.5374 0))",2627663,Azul,Batería,1
"MULTILINESTRING Z ((442865.0672 4472297.9277 0,442887.8639 4472331.7702 0))",2627674,Verde,Línea,9
"MULTILINESTRING Z ((442856.0942 4472284.3308 0,442859.7372 4472289.9976 0))",2627675,Verde,Línea,1
"MULTILINESTRING Z ((442837.8052 4472250.8066 0,442857.7817 4472282.6515 0))",2627677,Verde,Batería,14
"MULTILINESTRING Z ((442881.5185 4472199.6903 0,442836.8651 4472229.8901 0))",2627678,Verde,Batería,19
"MULTILINESTRING Z ((443061.8204 4472378.5194 0,443090.844 4472432.034 0))",2627685,Verde,Línea,13
"MULTILINESTRING Z ((442974.7632 4472211.4067 0,442979.0217 4472208.5677 0))",2627686,Verde,Batería,1
"MULTILINESTRING Z ((443013.9639 4472176.4646 0,443009.4869 4472179.3037 0))",2627689,Verde,Batería,1
"MULTILINESTRING Z ((443124.8657 4472188.8036 0,443123.1454 4472186.5773 0))",2627691,Verde,Línea,1
"MULTILINESTRING Z ((443224.5792 4472339.0293 0,443204.9467 4472304.4985 0,443166.7494 4472236.0867 0))",2627694,Verde,Batería,48
"MULTILINESTRING Z ((443148.3427 4472298.1944 0,443153.706 4472294.5514 0))",2627696,Verde,Línea,1
"MULTILINESTRING Z ((443182.0404 4472404.1446 0,443176.8795 4472387.8523 0))",2627699,Verde,Línea,3
"MULTILINESTRING Z ((442857.3117 4472135.178 0,442824.0567 4472164.3202 0))",2627704,Verde,Batería,20
"MULTILINESTRING Z ((442903.6048 4472153.0314 0,442886.1488 4472128.5931 0))",2627708,Verde,Línea,6
"MULTILINESTRING Z ((443027.011 4472083.2075 0,443021.3947 4472086.8505 0))",2627711,Verde,Batería,3
"MULTILINESTRING Z ((443017.6 4472089.2792 0,443002.1173 4472099.7528 0))",2627712,Verde,Batería,8
"MULTILINESTRING Z ((443065.739 4472148.9927 0,443069.739 4472146.2427 0))",2627715,Verde,Batería,2
"MULTILINESTRING Z ((443033.4092 4472171.3604 0,443058.1221 4472154.1362 0))",2627716,Verde,Batería,9
"MULTILINESTRING Z ((443032.9636 4472163.3613 0,443017.4581 4472174.0624 0))",2627718,Verde,Batería,7
"MULTILINESTRING Z ((443099.4154 4472151.21 0,443120.3626 4472182.7825 0))",2627720,Verde,Batería,18
"MULTILINESTRING Z ((443040.6722 4472058.7692 0,443036.8774 4472053.4565 0))",2627721,Verde,Línea,1
"MULTILINESTRING Z ((442988.0007 4471985.7576 0,442997.4117 4471995.9276 0,443035.0559 4472050.4206 0))",2627722,Verde,Línea,17
"MULTILINESTRING Z ((442976.554 4472027.774 0,442988.1249 4472017.8694 0))",2627724,Verde,Batería,6
"MULTILINESTRING Z ((442913.2688 4472087.1035 0,442949.5975 4472055.7333 0))",2627725,Verde,Línea,10
"MULTILINESTRING Z ((442941.0972 4472058.2632 0,442889.7918 4472101.8778 0))",2627726,Verde,Batería,25
"MULTILINESTRING Z ((442901.489 4471960.8495 0,442905.4057 4471953.0995 0))",2627729,Verde,Batería,3
"MULTILINESTRING Z ((442912.739 4471938.0162 0,442906.6557 4471950.5162 0))",2627730,Verde,Batería,5
"MULTILINESTRING Z ((442898.5957 4471959.1942 0,442901.2268 4471953.4261 0))",2627731,Verde,Línea,1
"MULTILINESTRING Z ((442907.7032 4471939.5625 0,442902.9471 4471949.2771 0))",2627732,Verde,Línea,2
"MULTILINESTRING Z ((442971.679 4471968.8386 0,442924.9305 4471920.671 0))",2627734,Verde,Línea,16
"MULTILINESTRING Z ((442902.3911 4471911.4883 0,442886.1126 4471897.2133 0))",2627740,Verde,Línea,3
"MULTILINESTRING Z ((439429.8501 4475731.7427 0,439435.4612 4475742.4094 0))",2627743,Verde,Línea,2
"MULTILINESTRING Z ((439490.0478 4475702.5184 0,439512.2994 4475695.4309 0))",2627747,Verde,Línea,4
"MULTILINESTRING Z ((439711.1101 4475629.4856 0,439613.0272 4475662.2623 0))",2627749,Verde,Batería,36
"MULTILINESTRING Z ((439720.8868 4475636.4231 0,439725.9964 4475693.7002 0))",2627750,Verde,Línea,11
"MULTILINESTRING Z ((439727.0307 4475623.8495 0,439781.2807 4475606.2245 0))",2627752,Verde,Batería,19
"MULTILINESTRING Z ((439827.6937 4475619.1694 0,439847.591 4475660.1161 0))",2627753,Verde,Batería,14
"MULTILINESTRING Z ((439873.6557 4475592.5162 0,439847.5723 4475595.4329 0))",2627755,Verde,Línea,5
"MULTILINESTRING Z ((439942.5723 4475579.9094 0,439879.739 4475586.8261 0))",2627756,Verde,Línea,13
"MULTILINESTRING Z ((439960.1279 4475645.965 0,439963.6834 4475672.6316 0))",2627759,Verde,Línea,6
"MULTILINESTRING Z ((439985.9153 4475594.7879 0,439992.1716 4475597.6197 0,439998.5253 4475600.1979 0,440004.3903 4475602.2179 0,440007.1103 4475603.1679 0,440017.8736 4475606.3862 0,440022.0171 4475607.3439 0,440029.5534 4475608.8951 0))",2627761,Verde,Línea,13
"MULTILINESTRING Z ((440022.8223 4475602.8261 0,440036.0723 4475605.0761 0,440039.1557 4475605.4927 0,440043.3223 4475605.9094 0,440055.6557 4475606.6594 0,440072.5723 4475606.0761 0))",2627762,Verde,Batería,20
"MULTILINESTRING Z ((440094.8223 4475600.7427 0,440085.0723 4475602.8261 0,440080.1557 4475603.7427 0,440072.3223 4475604.5761 0))",2627763,Verde,Línea,4
"MULTILINESTRING Z ((440176.1365 4475592.5794 0,440182.3999 4475591.6728 0))",2627764,Verde,Línea,1
"MULTILINESTRING Z ((440201.7423 4475588.5156 0,440188.8537 4475590.6637 0))",2627765,Verde,Línea,2
"MULTILINESTRING Z ((440307.7502 4475606.0127 0,440308.6567 4475612.6057 0))",2627768,Verde,Línea,1
"MULTILINESTRING Z ((440346.6491 4475611.2047 0,440345.0009 4475600.9855 0))",2627770,Verde,Línea,2
"MULTILINESTRING Z ((440368.9057 4475566.6594 0,440387.1557 4475566.6594 0))",2627773,Verde,Línea,4
"MULTILINESTRING Z ((440202.6211 4475479.8257 0,440256.4079 4475465.8575 0))",2627778,Verde,Línea,11
"MULTILINESTRING Z ((440204.569 4475530.6872 0,440209.5962 4475560.8503 0))",2627779,Verde,Línea,6
"MULTILINESTRING Z ((440209.1192 4475579.984 0,440195.1136 4475494.0018 0))",2627781,Verde,Línea,14
"MULTILINESTRING Z ((440191.7126 4475474.399 0,440180.7516 4475408.4686 0))",2627782,Verde,Línea,11
"MULTILINESTRING Z ((440138.3913 4475499.7823 0,440115.4805 4475505.7984 0))",2627783,Verde,Línea,4
"MULTILINESTRING Z ((440100.8934 4475516.2649 0,440101.8823 4475522.6931 0))",2627785,Verde,Línea,1
"MULTILINESTRING Z ((440098.8331 4475570.6575 0,440101.7999 4475583.8436 0))",2627789,Verde,Línea,2
"MULTILINESTRING Z ((440073.2026 4475421.325 0,440074.5212 4475428.2477 0))",2627792,Verde,Línea,1
"MULTILINESTRING Z ((439747.1026 4475387.0465 0,439721.1632 4475309.8344 0))",2627804,Verde,Línea,16
"MULTILINESTRING Z ((439813.1632 4475416.7435 0,439803.5875 4475384.6223 0))",2627805,Verde,Línea,6
"MULTILINESTRING Z ((439476.7627 4475499.9219 0,439469.1795 4475485.7446 0))",2627808,Verde,Línea,3
"MULTILINESTRING Z ((439491.2698 4475546.493 0,439432.8293 4475514.6763 0))",2627809,Verde,Batería,25
"MULTILINESTRING Z ((439423.8448 4475509.401 0,439428.4607 4475511.9562 0))",2627810,Verde,Batería,2
"MULTILINESTRING Z ((439561.6896 4475327.3147 0,439577.8385 4475351.7305 0))",2627813,Verde,Línea,6
"MULTILINESTRING Z ((439598.5774 4475273.4303 0,439575.2238 4475297.4303 0))",2627817,Verde,Línea,6
"MULTILINESTRING Z ((445452.0353 4475849.3909 0,445429.5538 4475837.3538 0))",2627826,Verde,Batería,10
"MULTILINESTRING Z ((445385.7946 4475766.0761 0,445373.1834 4475787.6872 0))",2627827,Verde,Batería,9
"MULTILINESTRING Z ((445431.5538 4475737.6131 0,445422.9612 4475733.0576 0))",2627830,Verde,Batería,5
"MULTILINESTRING Z ((445440.739 4475742.5761 0,445438.3686 4475741.3168 0))",2627831,Verde,Batería,1
"MULTILINESTRING Z ((445570.7143 4475729.7366 0,445575.776 4475721.1687 0))",2627832,Verde,Línea,2
"MULTILINESTRING Z ((445353.739 4475696.6872 0,445382.0723 4475711.6316 0))",2627835,Verde,Batería,12
"MULTILINESTRING Z ((445389.4797 4475715.6378 0,445392.8871 4475717.4403 0))",2627837,Verde,Batería,2
"MULTILINESTRING Z ((445422.2946 4475719.2674 0,445416.3686 4475716.1069 0))",2627840,Verde,Batería,2
"MULTILINESTRING Z ((445430.1958 4475723.465 0,445444.1711 4475730.9218 0))",2627841,Verde,Batería,7
"MULTILINESTRING Z ((440663.2081 4478684.0329 0,440671.5538 4478712.6501 0))",2627842,Verde,Línea,6
"MULTILINESTRING Z ((440745.6526 4478698.2798 0,440769.2822 4478690.9958 0))",2627846,Azul,Línea,5
"MULTILINESTRING Z ((440775.4797 4478689.0699 0,440783.1588 4478686.6995 0))",2627847,Azul,Línea,1
"MULTILINESTRING Z ((440525.2575 4478549.0205 0,440492.1094 4478558.7983 0))",2627855,Verde,Línea,7
"MULTILINESTRING Z ((440656.0723 4478659.6872 0,440660.9983 4478676.5761 0))",2627862,Verde,Línea,3
"MULTILINESTRING Z ((445210.6557 4475627.5761 0,445211.989 4475618.4927 0))",2627869,Verde,Línea,1
"MULTILINESTRING Z ((445210.239 4475704.6872 0,445253.4612 4475710.5761 0,445260.239 4475711.6316 0))",2627870,Verde,Línea,10
"MULTILINESTRING Z ((445263.4612 4475717.6316 0,445260.3501 4475739.2983 0))",2627871,Verde,Batería,9
"MULTILINESTRING Z ((439484.5723 4475830.9927 0,439483.3223 4475811.4927 0))",2627873,Azul,Línea,4
"MULTILINESTRING Z ((439484.5723 4475831.9927 0,439486.3223 4475857.9094 0))",2627874,Azul,Línea,5
"MULTILINESTRING Z ((440747.7267 4478485.6131 0,440742.7884 4478469.3662 0))",2627885,Verde,Línea,3
"MULTILINESTRING Z ((441082.8625 4478495.2427 0,441083.1834 4478499.6378 0))",2627918,Verde,Línea,1
"MULTILINESTRING Z ((441417.1834 4478467.8106 0,441416.6649 4478462.6008 0))",2627926,Verde,Línea,1
"MULTILINESTRING Z ((440682.2122 4478293.1522 0,440687.989 4478292.5761 0))",2627952,Verde,Línea,1
"MULTILINESTRING Z ((440878.3439 4478319.2921 0,440883.4797 4478319.0205 0))",2627971,Verde,Línea,1
"MULTILINESTRING Z ((440978.8131 4478401.8353 0,440979.9983 4478416.7736 0))",2627987,Verde,Batería,6
"MULTILINESTRING Z ((440982.9118 4478417.4156 0,440983.5538 4478425.2674 0))",2627995,Verde,Batería,3
"MULTILINESTRING Z ((441094.333 4478352.0329 0,441099.9516 4478351.561 0))",2627999,Verde,Batería,2
"MULTILINESTRING Z ((441143.3563 4478344.9218 0,441120.9612 4478346.7242 0))",2628005,Verde,Batería,10
"MULTILINESTRING Z ((441112.0065 4478326.7983 0,441097.1258 4478328.4608 0))",2628011,Verde,Batería,6
"MULTILINESTRING Z ((441296.5332 4478417.8765 0,441296.8131 4478420.8888 0))",2628021,Azul,Batería,1
"MULTILINESTRING Z ((441406.7225 4478347.9012 0,441408.5003 4478369.0205 0))",2628022,Verde,Línea,4
"MULTILINESTRING Z ((441403.9983 4478314.7242 0,441402.9365 4478301.6378 0))",2628024,Verde,Línea,2
"MULTILINESTRING Z ((441406.2205 4478341.86 0,441404.5415 4478321.2674 0))",2628025,Verde,Línea,4
"MULTILINESTRING Z ((440470.4612 4477961.5761 0,440474.3501 4477978.1872 0))",2628027,Verde,Línea,4
"MULTILINESTRING Z ((439778.9296 4475163.7204 0,439769.8147 4475170.4854 0))",2628034,Verde,Línea,2
"MULTILINESTRING Z ((439626.8965 4475254.869 0,439620.3452 4475258.1447 0))",2628035,Verde,Línea,1
"MULTILINESTRING Z ((439751.239 4475183.7427 0,439768.739 4475171.1594 0))",2628036,Verde,Línea,4
"MULTILINESTRING Z ((439772.2358 4475173.0489 0,439759.1332 4475181.6653 0))",2628037,Verde,Línea,3
"MULTILINESTRING Z ((439779.989 4475173.9927 0,439798.489 4475201.2427 0))",2628038,Verde,Línea,6
"MULTILINESTRING Z ((439805.2772 4475211.3598 0,439809.1225 4475217.1278 0))",2628039,Verde,Línea,1
"MULTILINESTRING Z ((439799.3668 4475145.7755 0,439817.0268 4475129.1836 0))",2628040,Verde,Línea,5
"MULTILINESTRING Z ((439790.4057 4475261.3261 0,439795.739 4475260.0761 0))",2628042,Verde,Línea,1
"MULTILINESTRING Z ((440132.9137 4475281.2167 0,440136.4742 4475306.0689 0))",2628046,Verde,Línea,4
"MULTILINESTRING Z ((440136.403 4475306.425 0,440136.9727 4475310.5551 0))",2628047,Verde,Línea,1
"MULTILINESTRING Z ((440265.0002 4475296.9028 0,440264.0925 4475290.6245 0))",2628049,Verde,Línea,1
"MULTILINESTRING Z ((440263.489 4475286.8261 0,440261.8223 4475275.4927 0))",2628050,Verde,Línea,2
"MULTILINESTRING Z ((440261.6557 4475274.4094 0,440261.0723 4475269.4927 0))",2628051,Verde,Línea,1
"MULTILINESTRING Z ((440254.2857 4475101.358 0,440272.594 4475117.2455 0))",2628053,Verde,Línea,4
"MULTILINESTRING Z ((440476.4057 4475034.9094 0,440482.989 4475034.3261 0))",2628055,Verde,Línea,1
"MULTILINESTRING Z ((440460.489 4475035.8261 0,440475.6557 4475034.9927 0))",2628056,Verde,Línea,3
"MULTILINESTRING Z ((440483.2916 4474955.6476 0,440482.1568 4474948.9144 0))",2628057,Verde,Línea,1
"MULTILINESTRING Z ((440482.0055 4474948.4605 0,440480.0384 4474932.3461 0))",2628058,Verde,Línea,3
"MULTILINESTRING Z ((440479.2062 4474924.932 0,440480.0384 4474932.1191 0))",2628059,Verde,Línea,1
"MULTILINESTRING Z ((440434.603 4475029.6736 0,440425.1654 4474986.585 0,440421.1616 4474967.4239 0,440413.2493 4474928.5297 0))",2628060,Verde,Línea,15
"MULTILINESTRING Z ((440340.3227 4474855.2218 0,440350.2369 4474852.9339 0))",2628062,Verde,Línea,1
"MULTILINESTRING Z ((440308.5723 4474905.3261 0,440331.989 4474926.1594 0))",2628066,Verde,Línea,5
"MULTILINESTRING Z ((440392.5819 4474989.0112 0,440387.0592 4474979.6301 0))",2628070,Verde,Línea,2
"MULTILINESTRING Z ((439965.739 4474864.2427 0,439969.1557 4474880.1594 0))",2628080,Verde,Línea,2
"MULTILINESTRING Z ((440229.925 4474733.7154 0,440260.1111 4474729.1762 0))",2628081,Verde,Línea,5
"MULTILINESTRING Z ((440279.7434 4474725.6582 0,440261.0189 4474728.8357 0))",2628082,Verde,Línea,3
"MULTILINESTRING Z ((440314.5822 4474717.1471 0,440319.9159 4474715.5584 0))",2628083,Verde,Línea,1
"MULTILINESTRING Z ((440405.1557 4474839.0761 0,440441.739 4474830.1594 0))",2628085,Verde,Línea,7
"MULTILINESTRING Z ((439156.6557 4473203.9927 0,439152.9057 4473217.9094 0))",2628092,Azul,Línea,3
"MULTILINESTRING Z ((441432.739 4471201.5761 0,441347.5723 4471164.7427 0))",2628095,Verde,Línea,19
"MULTILINESTRING Z ((440638.5744 4478132.5267 0,440616.4345 4478137.3004 0))",2628143,Verde,Línea,5
"MULTILINESTRING Z ((440686.3686 4478063.3909 0,440731.8748 4478059.7859 0))",2628144,Verde,Batería,16
"MULTILINESTRING Z ((440770.8542 4478056.7242 0,440784.0229 4478055.7036 0))",2628146,Verde,Batería,5
"MULTILINESTRING Z ((440796.0065 4478174.5514 0,440797.0106 4478185.9094 0))",2628147,Verde,Batería,4
"MULTILINESTRING Z ((440797.9653 4478196.7571 0,440797.702 4478193.679 0))",2628148,Verde,Batería,1
"MULTILINESTRING Z ((440684.7143 4478049.1687 0,440721.1834 4478046.3045 0,440721.3316 4478046.3538 0,440722.9612 4478048.4773 0,440730.7109 4478048.0754 0))",2628171,Azul,Batería,17
"MULTILINESTRING Z ((440738.6155 4477970.0329 0,440744.9365 4477969.5637 0))",2628201,Verde,Línea,1
"MULTILINESTRING Z ((440728.0641 4477956.7025 0,440725.5473 4477926.2079 0))",2628205,Verde,Línea,6
"MULTILINESTRING Z ((440926.7884 4478020.1152 0,440920.5003 4477941.3333 0))",2628218,Verde,Línea,17
"MULTILINESTRING Z ((440918.1094 4477912.2057 0,440920.1464 4477936.7242 0))",2628220,Verde,Línea,5
"MULTILINESTRING Z ((439200.2019 4476065.4258 0,439198.7669 4476040.108 0))",2628237,Verde,Línea,5
"MULTILINESTRING Z ((439752.739 4476082.2427 0,439755.239 4476121.3261 0))",2628243,Verde,Línea,8
"MULTILINESTRING Z ((440857.5806 4476635.8598 0,440873.1901 4476634.5673 0))",2628244,Verde,Línea,3
"MULTILINESTRING Z ((441325.6557 4474218.7662 0,441315.239 4474217.9329 0))",2628248,Verde,Batería,4
"MULTILINESTRING Z ((442866.0723 4474743.4927 0,442810.989 4474747.6594 0))",2628249,Verde,Línea,11
"MULTILINESTRING Z ((440097.4057 4475490.0761 0,440091.0723 4475453.8261 0))",2628252,Verde,Línea,6
"MULTILINESTRING Z ((440360.7884 4477704.3045 0,440355.06 4477704.9711 0))",2628253,Verde,Línea,1
"MULTILINESTRING Z ((440090.989 4475453.0761 0,440088.739 4475441.5761 0))",2628254,Verde,Línea,2
"MULTILINESTRING Z ((440086.3223 4475432.6594 0,440088.5723 4475440.9094 0))",2628255,Verde,Línea,1
"MULTILINESTRING Z ((440213.5723 4473908.2427 0,440210.739 4473898.5761 0))",2628261,Verde,Línea,2
"MULTILINESTRING Z ((440784.4427 4477844.7983 0,440783.702 4477835.3909 0,440779.5538 4477795.1316 0))",2628263,Verde,Línea,10
"MULTILINESTRING Z ((440190.9057 4473844.7983 0,440186.6834 4473830.0761 0))",2628265,Verde,Línea,3
"MULTILINESTRING Z ((440191.2807 4473845.9511 0,440205.4057 4473893.3261 0))",2628266,Verde,Línea,8
"MULTILINESTRING Z ((440179.4057 4473805.0162 0,440185.0723 4473824.5162 0))",2628267,Verde,Línea,3
"MULTILINESTRING Z ((440278.7487 4473821.0492 0,440274.154 4473793.8343 0))",2628268,Verde,Línea,5
"MULTILINESTRING Z ((440397.3868 4473797.0153 0,440400.5678 4473814.9229 0))",2628270,Verde,Línea,3
"MULTILINESTRING Z ((440795.1094 4477856.4279 0,440818.9242 4477854.465 0))",2628271,Verde,Batería,8
"MULTILINESTRING Z ((439990.7807 4473680.5761 0,439990.4057 4473694.0761 0,439988.7807 4473706.4511 0,439987.0307 4473718.7011 0,439985.9057 4473724.2983 0,439983.1834 4473736.965 0,439980.6557 4473747.9094 0,439974.3223 4473772.9094 0))",2628273,Verde,Línea,20
"MULTILINESTRING Z ((439956.5168 4473664.0205 0,439979.1834 4473667.9094 0))",2628274,Verde,Línea,5
"MULTILINESTRING Z ((439997.1834 4473627.0718 0,439994.0168 4473660.7384 0))",2628277,Verde,Línea,7
"MULTILINESTRING Z ((440890.3686 4477848.6131 0,440872.5538 4477850.0946 0))",2628278,Verde,Batería,7
"MULTILINESTRING Z ((440029.2744 4473570.1326 0,440035.6343 4473560.5535 0))",2628279,Verde,Línea,2
"MULTILINESTRING Z ((440010.2731 4473591.6464 0,440026.5263 4473573.9014 0,440028.8033 4473570.6037 0))",2628280,Verde,Línea,6
"MULTILINESTRING Z ((440079.4057 4473632.4094 0,440085.5168 4473633.1316 0))",2628281,Verde,Línea,1
"MULTILINESTRING Z ((440787.776 4477891.539 0,440786.489 4477873.3261 0))",2628282,Verde,Línea,4
"MULTILINESTRING Z ((440388.2642 4473768.8168 0,440381.7868 4473769.4057 0))",2628284,Verde,Línea,1
"MULTILINESTRING Z ((440356.489 4473772.2427 0,440363.9057 4473771.7427 0,440377.1557 4473769.9927 0))",2628286,Verde,Línea,4
"MULTILINESTRING Z ((440370.3091 4473548.9016 0,440376.6501 4473535.0052 0))",2628287,Verde,Línea,2
"MULTILINESTRING Z ((440466.0997 4473559.4251 0,440459.3539 4473615.5503 0,440459.8935 4473621.4866 0,440463.1315 4473652.2475 0))",2628289,Verde,Línea,16
"MULTILINESTRING Z ((440466.1557 4473751.4329 0,440465.739 4473735.5162 0))",2628290,Verde,Línea,2
"MULTILINESTRING Z ((440529.8259 4473763.8704 0,440535.2434 4473764.1059 0))",2628292,Verde,Línea,1
"MULTILINESTRING Z ((440788.9365 4477907.3662 0,440788.3933 4477900.1563 0))",2628294,Verde,Línea,2
"MULTILINESTRING Z ((440563.8619 4473670.8307 0,440502.8561 4473669.7707 0))",2628298,Verde,Línea,9
"MULTILINESTRING Z ((440580.4677 4473643.6254 0,440582.3521 4473658.9357 0))",2628299,Verde,Línea,3
"MULTILINESTRING Z ((440582.3521 4473583.2085 0,440557.0312 4473584.6218 0))",2628304,Verde,Línea,5
"MULTILINESTRING Z ((440648.7753 4473581.0886 0,440592.3627 4473582.5019 0))",2628305,Verde,Línea,11
"MULTILINESTRING Z ((440654.6557 4473587.3261 0,440654.4057 4473614.1594 0))",2628306,Verde,Línea,6
"MULTILINESTRING Z ((440653.0151 4473693.7962 0,440653.4862 4473677.4259 0))",2628307,Verde,Línea,3
"MULTILINESTRING Z ((440666.0878 4473699.8025 0,440683.1647 4473679.0747 0))",2628308,Verde,Línea,6
"MULTILINESTRING Z ((440724.7381 4473649.2785 0,440750.6479 4473687.4365 0))",2628310,Verde,Línea,9
"MULTILINESTRING Z ((440753.2389 4473597.1056 0,440731.8044 4473624.0753 0))",2628315,Verde,Línea,6
"MULTILINESTRING Z ((440757.8391 4473591.2538 0,440771.5797 4473573.8229 0))",2628317,Verde,Línea,4
"MULTILINESTRING Z ((440782.4463 4473556.9454 0,440808.5916 4473532.4489 0))",2628320,Verde,Línea,7
"MULTILINESTRING Z ((440794.239 4473550.4094 0,440815.489 4473530.7427 0))",2628323,Verde,Línea,5
"MULTILINESTRING Z ((440977.8296 4473557.7698 0,441003.8572 4473542.8128 0))",2628327,Verde,Línea,6
"MULTILINESTRING Z ((439926.4606 4473451.1982 0,439934.4097 4473427.3508 0))",2628334,Verde,Línea,5
"MULTILINESTRING Z ((439980.9057 4473405.7427 0,439980.5723 4473391.2427 0))",2628335,Verde,Línea,3
"MULTILINESTRING Z ((440445.0078 4473420.3263 0,440461.6474 4473400.6285 0))",2628340,Verde,Línea,4
"MULTILINESTRING Z ((440416.765 4473535.982 0,440409.4631 4473534.6865 0))",2628342,Verde,Línea,1
"MULTILINESTRING Z ((440476.593 4473485.5757 0,440471.6466 4473523.4982 0))",2628343,Verde,Línea,6
"MULTILINESTRING Z ((440621.8381 4473389.8352 0,440644.7739 4473415.4693 0))",2628346,Verde,Línea,6
"MULTILINESTRING Z ((440678.7728 4473377.8726 0,440697.4812 4473364.2911 0))",2628347,Verde,Línea,5
"MULTILINESTRING Z ((440591.0672 4473313.0401 0,440584.9431 4473314.2178 0))",2628348,Verde,Línea,1
"MULTILINESTRING Z ((440591.8223 4473312.9094 0,440598.239 4473311.5761 0))",2628352,Verde,Línea,1
"MULTILINESTRING Z ((440884.489 4473474.0761 0,440861.9057 4473488.6594 0))",2628360,Verde,Línea,4
"MULTILINESTRING Z ((440873.989 4473485.0761 0,440848.0723 4473502.3261 0,440839.6557 4473508.6594 0,440835.9057 4473511.3261 0))",2628361,Verde,Batería,19
"MULTILINESTRING Z ((441028.9426 4473528.9157 0,441037.5399 4473523.616 0))",2628363,Verde,Línea,2
"MULTILINESTRING Z ((441049.5168 4473516.6872 0,441039.8501 4473522.1872 0))",2628364,Verde,Línea,2
"MULTILINESTRING Z ((440944.7379 4473438.9448 0,440933.6748 4473446.0504 0))",2628366,Verde,Batería,5
"MULTILINESTRING Z ((441028.4057 4473385.0162 0,440965.1557 4473425.5995 0))",2628367,Verde,Batería,28
"MULTILINESTRING Z ((440938.172 4473224.6976 0,440993.7575 4473308.8854 0,441004.6858 4473325.0754 0,441012.7807 4473337.6226 0))",2628368,Verde,Línea,28
"MULTILINESTRING Z ((440980.8917 4473375.5769 0,440954.1575 4473333.8857 0))",2628370,Verde,Línea,9
"MULTILINESTRING Z ((440908.6253 4473261.5298 0,440950.989 4473328.7181 0))",2628372,Verde,Línea,13
"MULTILINESTRING Z ((442882.8378 4475951.1934 0,442907.6032 4475949.6131 0))",2628373,Verde,Línea,5
"MULTILINESTRING Z ((441064.7452 4473508.0701 0,441073.8136 4473502.7704 0))",2628375,Verde,Línea,2
"MULTILINESTRING Z ((441075.698 4473501.4749 0,441085.9441 4473495.7041 0))",2628376,Verde,Línea,2
"MULTILINESTRING Z ((441088.1818 4473494.2908 0,441098.1924 4473488.6378 0))",2628378,Verde,Línea,2
"MULTILINESTRING Z ((441100.3123 4473487.2245 0,441105.7298 4473484.2802 0))",2628379,Verde,Línea,1
"MULTILINESTRING Z ((441160.9647 4473454.1307 0,441150.7186 4473459.6659 0))",2628398,Verde,Línea,2
"MULTILINESTRING Z ((439886.3641 4473150.4037 0,439901.6546 4473154.2713 0))",2628404,Verde,Batería,4
"MULTILINESTRING Z ((439986.3371 4473142.8034 0,439992.4084 4473066.8455 0))",2628412,Verde,Batería,30
"MULTILINESTRING Z ((443458.9057 4477270.6316 0,443499.239 4477262.5205 0))",2628413,Azul,Línea,8
"MULTILINESTRING Z ((444388.2946 4476750.1687 0,444384.3316 4476767.502 0))",2628419,Verde,Batería,5
"MULTILINESTRING Z ((444999.5723 4475961.3261 0,444992.989 4475991.7427 0))",2628426,Verde,Línea,6
"MULTILINESTRING Z ((441591.2205 4481385.0576 0,441591.2575 4481389.3538 0,441591.6279 4481402.0946 0,441591.8131 4481404.6501 0,441592.2946 4481407.7242 0,441592.6279 4481410.465 0,441594.9612 4481422.9094 0,441597.5168 4481434.9464 0,441602.3686 4481458.8353 0,441603.3316 4481463.0205 0,441606.6612 4481479.0316 0,441611.1094 4481499.7983 0,441615.8871 4481522.8353 0))",2628427,Rojo,Línea,29
"MULTILINESTRING Z ((439992.4057 4473152.4927 0,439993.489 4473138.0761 0))",2628429,Verde,Batería,5
"MULTILINESTRING Z ((443779.3223 4476717.2427 0,443779.9057 4476735.7427 0))",2628433,Azul,Línea,3
"MULTILINESTRING Z ((439982.8293 4473183.4132 0,439981.0754 4473214.444 0))",2628445,Verde,Línea,7
"MULTILINESTRING Z ((439984.0435 4473271.0189 0,439984.0435 4473259.1463 0))",2628446,Verde,Línea,2
"MULTILINESTRING Z ((440007.2492 4473177.0272 0,440037.2905 4473185.392 0))",2628447,Verde,Línea,7
"MULTILINESTRING Z ((440152.9588 4473284.1957 0,440125.1661 4473264.2281 0))",2628451,Verde,Línea,7
"MULTILINESTRING Z ((440271.3254 4473220.3803 0,440277.8914 4473204.3702 0))",2628453,Verde,Línea,3
"MULTILINESTRING Z ((440317.8842 4473102.0987 0,440333.2259 4473066.1583 0))",2628457,Verde,Línea,8
"MULTILINESTRING Z ((440321.6391 4473102.4205 0,440332.0457 4473078.8179 0))",2628458,Verde,Línea,5
"MULTILINESTRING Z ((440339.4484 4473061.9742 0,440333.5477 4473075.3848 0))",2628459,Verde,Línea,3
"MULTILINESTRING Z ((440471.5157 4473082.1437 0,440513.1422 4473015.0908 0))",2628461,Verde,Línea,12
"MULTILINESTRING Z ((440489.489 4473128.7427 0,440480.0723 4473112.7427 0))",2628462,Verde,Línea,3
"MULTILINESTRING Z ((443766.4057 4476870.8261 0,443766.6557 4476889.9927 0))",2628464,Verde,Batería,9
"MULTILINESTRING Z ((440527.946 4473176.0494 0,440589.5974 4473040.8319 0))",2628470,Verde,Línea,23
"MULTILINESTRING Z ((440576.739 4473216.4094 0,440570.4057 4473230.1594 0))",2628473,Verde,Línea,3
"MULTILINESTRING Z ((440605.1557 4473162.4927 0,440595.1557 4473184.7427 0))",2628475,Verde,Línea,4
"MULTILINESTRING Z ((440616.4057 4473155.7427 0,440622.1557 4473157.5761 0))",2628477,Verde,Línea,1
"MULTILINESTRING Z ((440679.5723 4473172.9329 0,440694.5723 4473177.7662 0))",2628481,Verde,Línea,3
"MULTILINESTRING Z ((440644.3937 4473068.4564 0,440612.1293 4473139.379 0))",2628483,Verde,Línea,16
"MULTILINESTRING Z ((440913.2946 4473145.465 0,440908.6279 4473144.0761 0))",2628485,Verde,Línea,1
"MULTILINESTRING Z ((440780.9057 4473126.3538 0,440779.4057 4473109.7427 0))",2628487,Verde,Línea,3
"MULTILINESTRING Z ((440775.7081 4473204.2672 0,440720.1526 4473186.1345 0))",2628492,Verde,Línea,10
"MULTILINESTRING Z ((440764.0307 4473204.7011 0,440623.0307 4473157.9511 0))",2628494,Verde,Línea,26
"MULTILINESTRING Z ((440909.0307 4473256.8261 0,440946.0307 4473314.5761 0))",2628495,Verde,Línea,11
"MULTILINESTRING Z ((440795.9612 4473269.3538 0,440810.6279 4473266.2427 0))",2628496,Verde,Línea,3
"MULTILINESTRING Z ((440781.0152 4473276.4377 0,440689.082 4473296.1809 0))",2628497,Verde,Batería,32
"MULTILINESTRING Z ((440741.4439 4473281.1567 0,440711.2969 4473287.5938 0))",2628498,Verde,Línea,6
"MULTILINESTRING Z ((440686.6214 4473293.0653 0,440706.6836 4473288.7739 0))",2628499,Verde,Línea,4
"MULTILINESTRING Z ((440347.868 4472987.3048 0,440356.9823 4472996.7789 0))",2628501,Verde,Batería,6
"MULTILINESTRING Z ((440343.847 4473052.2113 0,440362.4073 4473008.3319 0))",2628502,Verde,Línea,8
"MULTILINESTRING Z ((440540.0723 4473014.5761 0,440549.3223 4473018.0761 0))",2628503,Verde,Línea,1
"MULTILINESTRING Z ((443613.3223 4476639.5761 0,443608.0723 4476645.7427 0))",2628560,Verde,Línea,2
"MULTILINESTRING Z ((443594.3223 4476665.6594 0,443601.8223 4476658.4927 0))",2628561,Verde,Batería,4
"MULTILINESTRING Z ((443573.9057 4476674.2427 0,443567.989 4476685.6594 0))",2628567,Verde,Línea,3
"MULTILINESTRING Z ((442591.702 4475766.9711 0,442593.3069 4475789.6378 0))",2628568,Verde,Línea,5
"MULTILINESTRING Z ((443013.739 4476616.1594 0,443022.8223 4476626.0761 0))",2628583,Verde,Línea,3
"MULTILINESTRING Z ((442910.3223 4476495.5761 0,442917.739 4476503.6594 0))",2628605,Verde,Batería,4
"MULTILINESTRING Z ((443236.739 4476377.4094 0,443235.239 4476383.2427 0))",2628612,Verde,Línea,1
"MULTILINESTRING Z ((443446.3223 4476571.3261 0,443444.739 4476571.0761 0,443442.5723 4476571.0761 0,443440.9057 4476571.5761 0,443438.739 4476572.9094 0,443436.989 4476574.2427 0))",2628617,Verde,Línea,2
"MULTILINESTRING Z ((441375.0723 4479394.3538 0,441376.0723 4479406.8353 0))",2628620,Verde,Batería,5
"MULTILINESTRING Z ((441379.4427 4479408.0205 0,441380.5538 4479421.8353 0))",2628627,Verde,Batería,5
"MULTILINESTRING Z ((443606.3223 4476564.3261 0,443568.4057 4476541.7427 0))",2628640,Verde,Línea,9
"MULTILINESTRING Z ((443193.489 4476142.3261 0,443199.239 4476133.7427 0))",2628644,Verde,Batería,3
"MULTILINESTRING Z ((443282.989 4476283.3261 0,443317.989 4476305.5761 0))",2628647,Verde,Batería,14
"MULTILINESTRING Z ((443322.5723 4476308.4927 0,443332.8223 4476314.8261 0))",2628648,Verde,Batería,4
"MULTILINESTRING Z ((442855.8501 4476310.2983 0,442862.5723 4476303.7983 0))",2628650,Verde,Batería,3
"MULTILINESTRING Z ((443005.239 4475954.2427 0,443018.6557 4475962.5761 0))",2628657,Verde,Línea,3
"MULTILINESTRING Z ((441330.1557 4475780.9927 0,441346.0723 4475781.2427 0))",2628676,Verde,Línea,3
"MULTILINESTRING Z ((441351.239 4475781.3261 0,441396.489 4475782.0761 0))",2628677,Verde,Línea,8
"MULTILINESTRING Z ((441721.3223 4470912.9094 0,441711.6557 4470923.6594 0))",2628679,Verde,Batería,5
"MULTILINESTRING Z ((441758.489 4472516.7427 0,441765.489 4472508.1594 0))",2628696,Verde,Línea,2
"MULTILINESTRING Z ((442921.5723 4472552.4094 0,442896.3223 4472570.2427 0))",2628700,Verde,Línea,6
"MULTILINESTRING Z ((442896.239 4472570.1594 0,442885.489 4472577.8261 0))",2628701,Verde,Línea,2
"MULTILINESTRING Z ((442900.989 4472560.1594 0,442896.739 4472563.2427 0))",2628703,Azul,Línea,1
"MULTILINESTRING Z ((442882.739 4472573.5761 0,442896.239 4472563.7427 0))",2628704,Azul,Línea,3
"MULTILINESTRING Z ((442877.9767 4472576.5047 0,442873.2313 4472579.6415 0))",2628706,Verde,Línea,1
"MULTILINESTRING Z ((441332.9983 4478873.4279 0,441332.5538 4478868.2798 0))",2628708,Verde,Batería,2
"MULTILINESTRING Z ((440688.8501 4477292.6872 0,440713.9612 4477290.8538 0))",2628718,Verde,Línea,5
"MULTILINESTRING Z ((442765.702 4477596.8559 0,442777.06 4477600.0164 0))",2628719,Verde,Batería,5
"MULTILINESTRING Z ((443119.2657 4477691.1934 0,443134.2561 4477699.347 0))",2628720,Verde,Línea,3
"MULTILINESTRING Z ((440482.8501 4477428.2798 0,440504.3316 4477426.6501 0))",2628728,Verde,Línea,4
"MULTILINESTRING Z ((443154.3316 4476220.4279 0,443156.8501 4476230.9835 0))",2628739,Verde,Línea,2
"MULTILINESTRING Z ((441393.8995 4478962.2057 0,441396.9365 4478961.9341 0))",2628750,Verde,Batería,1
"MULTILINESTRING Z ((441071.9057 4471432.5995 0,441077.989 4471435.0995 0))",2628765,Verde,Línea,1
"MULTILINESTRING Z ((441244.7073 4472089.3495 0,441260.5803 4472087.9527 0))",2628767,Verde,Línea,3
"MULTILINESTRING Z ((441286.866 4472085.413 0,441271.5009 4472086.9368 0))",2628768,Verde,Línea,3
"MULTILINESTRING Z ((441273.6668 4472713.2199 0,441295.345 4472711.7585 0))",2628779,Verde,Batería,8
"MULTILINESTRING Z ((441149.3411 4472950.8549 0,441147.4057 4472929.7796 0))",2628781,Verde,Línea,4
"MULTILINESTRING Z ((441147.4057 4472929.1345 0,441146.1153 4472918.4893 0))",2628782,Verde,Línea,2
"MULTILINESTRING Z ((440456.4646 4472812.7938 0,440466.1865 4472796.0721 0))",2628787,Verde,Línea,4
"MULTILINESTRING Z ((440484.6582 4472764.9618 0,440466.381 4472795.6832 0))",2628788,Verde,Línea,6
"MULTILINESTRING Z ((440136.466 4472675.7093 0,440138.7394 4472671.5414 0))",2628794,Verde,Batería,1
"MULTILINESTRING Z ((440957.5785 4478958.1563 0,440953.3501 4478946.6316 0))",2628818,Verde,Batería,5
"MULTILINESTRING Z ((440961.6855 4478957.432 0,440974.1464 4478992.9547 0))",2628819,Verde,Batería,15
"MULTILINESTRING Z ((440978.9859 4479006.7983 0,440975.776 4478997.6378 0))",2628821,Verde,Batería,4
"MULTILINESTRING Z ((440285.2822 4477292.0082 0,440285.7513 4477306.8971 0))",2628867,Verde,Línea,3
"MULTILINESTRING Z ((443110.5168 4477686.4279 0,443115.6526 4477689.218 0))",2628879,Verde,Línea,1
"MULTILINESTRING Z ((442489.1557 4476828.6594 0,442481.3223 4476822.9927 0))",2629169,Verde,Línea,2
"MULTILINESTRING Z ((442459.5723 4476822.2427 0,442470.4057 4476821.4094 0))",2629174,Verde,Línea,2
"MULTILINESTRING Z ((441440.4612 4476165.3538 0,441435.1834 4476165.0761 0))",2629267,Verde,Batería,2
"MULTILINESTRING Z ((439281.989 4475941.8261 0,439258.6557 4475943.3261 0))",2629278,Verde,Batería,9
"MULTILINESTRING Z ((441093.1557 4473186.4094 0,441103.8223 4473189.8261 0))",2629296,Azul,Línea,2
"MULTILINESTRING Z ((442734.8223 4477004.2427 0,442732.9057 4477007.2427 0))",2629363,Verde,Línea,1
"MULTILINESTRING Z ((442567.5168 4476817.9094 0,442608.8501 4476849.2427 0))",2629538,Verde,Línea,11
"MULTILINESTRING Z ((443144.989 4477057.4927 0,443151.739 4477062.7427 0))",2629753,Verde,Batería,3
"MULTILINESTRING Z ((443676.2912 4477761.5933 0,443676.6964 4477765.8486 0))",2629754,Verde,Línea,1
"MULTILINESTRING Z ((440019.5723 4481796.4094 0,440011.8223 4481803.2427 0))",2629756,Verde,Línea,2
"MULTILINESTRING Z ((439399.239 4476041.5761 0,439398.239 4476025.2427 0))",2629814,Verde,Línea,3
"MULTILINESTRING Z ((440295.239 4472808.8261 0,440292.8223 4472812.6594 0))",2629815,Verde,Batería,1
"MULTILINESTRING Z ((443147.489 4475763.7427 0,443169.5723 4475766.8261 0))",2629819,Verde,Línea,4
"MULTILINESTRING Z ((443178.1557 4475767.9927 0,443189.1557 4475769.4927 0))",2629823,Verde,Línea,2
"MULTILINESTRING Z ((443194.739 4475770.4094 0,443200.3223 4475771.1594 0))",2629824,Verde,Línea,1
"MULTILINESTRING Z ((443214.739 4475773.2427 0,443230.3223 4475775.3261 0))",2629827,Verde,Línea,3
"MULTILINESTRING Z ((443246.1557 4475777.5761 0,443274.239 4475781.4094 0))",2629830,Verde,Línea,6
"MULTILINESTRING Z ((443314.1557 4475787.1594 0,443342.0723 4475791.1594 0))",2629836,Verde,Línea,6
"MULTILINESTRING Z ((443351.489 4475792.5761 0,443371.0723 4475795.1594 0))",2629837,Verde,Línea,4
"MULTILINESTRING Z ((443365.8223 4475785.8261 0,443283.3223 4475773.7427 0))",2629838,Verde,Línea,18
"MULTILINESTRING Z ((439965.3779 4474576.0577 0,439973.2689 4474560.1562 0))",2629911,Verde,Línea,3
"MULTILINESTRING Z ((439982.989 4474458.4094 0,439981.1557 4474443.6594 0,439979.3223 4474434.5761 0))",2629913,Verde,Línea,4
"MULTILINESTRING Z ((440264.4057 4474517.7427 0,440280.5723 4474497.9094 0))",2629915,Verde,Línea,4
"MULTILINESTRING Z ((439876.9924 4474205.7786 0,439878.6453 4474188.9397 0))",2629921,Verde,Batería,3
"MULTILINESTRING Z ((439964.0723 4474188.0761 0,439998.9057 4474193.4094 0))",2629922,Verde,Línea,7
"MULTILINESTRING Z ((440146.9099 4473946.7734 0,440141.0913 4473947.0923 0))",2629929,Verde,Línea,1
"MULTILINESTRING Z ((440160.6194 4474121.8491 0,440154.8806 4474111.0887 0))",2629931,Verde,Línea,2
"MULTILINESTRING Z ((439816.489 4476560.5761 0,439826.4057 4476559.7427 0))",2629977,Verde,Línea,3
"MULTILINESTRING Z ((442182.8223 4475118.9927 0,442183.989 4475134.8261 0))",2629983,Verde,Línea,3
"MULTILINESTRING Z ((442184.739 4475143.8261 0,442184.0723 4475135.4927 0))",2629984,Verde,Línea,2
"MULTILINESTRING Z ((440745.1779 4472331.6805 0,440738.4523 4472343.4734 0))",2630062,Azul,Línea,2
"MULTILINESTRING Z ((440802.9446 4472251.9404 0,440813.4477 4472250.6966 0))",2630063,Verde,Línea,2
"MULTILINESTRING Z ((440943.4919 4472476.9265 0,440961.1812 4472475.5446 0))",2630065,Verde,Línea,4
"MULTILINESTRING Z ((440962.0168 4472475.5205 0,440975.7946 4472474.6872 0))",2630066,Verde,Línea,3
"MULTILINESTRING Z ((441019.501 4472471.1717 0,441008.821 4472471.9709 0))",2630067,Verde,Línea,2
"MULTILINESTRING Z ((441080.3223 4472467.1594 0,441060.739 4472468.3261 0))",2630068,Verde,Línea,4
"MULTILINESTRING Z ((441100.5723 4472448.4927 0,441098.9057 4472429.2427 0))",2630069,Azul,Línea,3
"MULTILINESTRING Z ((441157.0077 4472466.5617 0,441141.5295 4472472.6424 0))",2630070,Verde,Línea,3
"MULTILINESTRING Z ((441166.8197 4472462.554 0,441182.2979 4472456.3351 0))",2630071,Verde,Línea,4
"MULTILINESTRING Z ((441236.3359 4472461.4603 0,441235.3808 4472449.2349 0,441235.1898 4472445.319 0,441234.7123 4472443.4087 0,441234.0437 4472442.2626 0,441233.2796 4472441.594 0))",2630072,Verde,Línea,3
"MULTILINESTRING Z ((441240.9205 4472460.9828 0,441239.3923 4472440.9255 0,441239.3923 4472438.9197 0))",2630073,Verde,Línea,3
"MULTILINESTRING Z ((441736.3268 4472294.6023 0,441752.1324 4472293.6587 0))",2630074,Verde,Línea,2
"MULTILINESTRING Z ((441768.3952 4472292.156 0,441761.0707 4472292.7087 0))",2630075,Verde,Línea,1
"MULTILINESTRING Z ((440807.165 4472248.4305 0,440823.2116 4472246.6982 0))",2630076,Verde,Batería,5
"MULTILINESTRING Z ((440947.6378 4472234.8038 0,440918.6163 4472238.1206 0))",2630078,Verde,Línea,7
"MULTILINESTRING Z ((441036.1949 4472219.8018 0,441031.0891 4472220.3488 0))",2630079,Verde,Batería,1
"MULTILINESTRING Z ((441136.9536 4472094.6496 0,441117.1562 4472096.3643 0))",2630082,Verde,Batería,7
"MULTILINESTRING Z ((441165.9711 4472092.1322 0,441158.1376 4472092.8337 0))",2630084,Verde,Batería,2
"MULTILINESTRING Z ((441200.5788 4472088.9754 0,441192.3946 4472089.6769 0))",2630087,Verde,Batería,2
"MULTILINESTRING Z ((441228.3178 4472085.5501 0,441234.9513 4472084.8591 0))",2630091,Azul,Línea,1
"MULTILINESTRING Z ((441216.5377 4472198.6493 0,441217.9965 4472219.4371 0))",2630092,Verde,Línea,3
"MULTILINESTRING Z ((440942.3069 4471976.1495 0,440973.6409 4471973.4604 0))",2630096,Verde,Batería,11
"MULTILINESTRING Z ((441021.239 4471969.2427 0,440982.989 4471972.4927 0))",2630098,Verde,Batería,14
"MULTILINESTRING Z ((441056.8223 4471980.4094 0,441057.989 4471995.1594 0))",2630101,Verde,Línea,3
"MULTILINESTRING Z ((441047.3501 4471894.3538 0,441046.8501 4471888.6316 0))",2630102,Azul,Línea,1
"MULTILINESTRING Z ((441056.9826 4471825.0169 0,441058.0767 4471837.8725 0))",2630104,Azul,Línea,1
"MULTILINESTRING Z ((441069.5284 4471845.9149 0,441090.2581 4471843.9802 0))",2630105,Verde,Batería,8
"MULTILINESTRING Z ((441104.3543 4471842.5982 0,441094.8186 4471843.7038 0))",2630106,Verde,Batería,4
"MULTILINESTRING Z ((441061.9972 4471877.351 0,441064.3677 4471902.7886 0))",2630107,Azul,Línea,4
"MULTILINESTRING Z ((441069.8382 4471953.208 0,441065.6442 4471913.0913 0))",2630109,Azul,Línea,8
"MULTILINESTRING Z ((441192.0438 4471958.3779 0,441176.1429 4471959.8979 0))",2630111,Verde,Línea,3
"MULTILINESTRING Z ((441202.0602 4471966.4235 0,441203.1658 4471989.088 0))",2630112,Verde,Batería,9
"MULTILINESTRING Z ((441205.3769 4471965.1797 0,441207.1735 4471991.0227 0))",2630113,Verde,Línea,5
"MULTILINESTRING Z ((441207.1735 4471998.4854 0,441208.4173 4472019.4915 0))",2630115,Verde,Línea,4
"MULTILINESTRING Z ((441203.7185 4471943.2063 0,441202.1984 4471920.1272 0))",2630116,Verde,Línea,4
"MULTILINESTRING Z ((441202.0602 4471913.3555 0,441198.467 4471856.9708 0))",2630117,Verde,Línea,12
"MULTILINESTRING Z ((441197.6378 4471849.7845 0,441198.3288 4471856.5562 0))",2630119,Verde,Línea,1
"MULTILINESTRING Z ((441195.2885 4471854.0686 0,441196.2559 4471868.1648 0))",2630121,Verde,Batería,5
"MULTILINESTRING Z ((441273.295 4471831.3214 0,441290.2442 4471829.7629 0))",2630123,Verde,Línea,3
"MULTILINESTRING Z ((441186.1674 4471753.7369 0,441190.8661 4471823.2505 0))",2630126,Verde,Línea,14
"MULTILINESTRING Z ((441195.9795 4471822.9741 0,441191.0043 4471752.4932 0))",2630128,Verde,Línea,14
"MULTILINESTRING Z ((439548.846 4480318.93 0,439556.5991 4480321.8765 0))",2630129,Verde,Batería,3
"MULTILINESTRING Z ((439569.7349 4480326.6392 0,439563.8748 4480324.598 0))",2630138,Verde,Batería,2
"MULTILINESTRING Z ((441382.5033 4471935.3451 0,441388.1154 4471934.8774 0))",2630142,Verde,Batería,1
"MULTILINESTRING Z ((439555.5895 4480347.9725 0,439570.3933 4480361.7009 0))",2630145,Verde,Batería,8
"MULTILINESTRING Z ((441418.0406 4471903.1908 0,441423.2469 4471895.5718 0))",2630147,Azul,Línea,1
"MULTILINESTRING Z ((441427.3104 4471898.8733 0,441437.7231 4471883.8892 0))",2630148,Azul,Batería,8
"MULTILINESTRING Z ((441492.6613 4471771.5541 0,441492.3227 4471756.8233 0))",2630149,Azul,Línea,2
"MULTILINESTRING Z ((441388.6135 4472045.0316 0,441422.7085 4471995.7027 0))",2630151,Verde,Línea,12
"MULTILINESTRING Z ((439572.5223 4480363.6762 0,439574.5744 4480365.5747 0))",2630152,Verde,Batería,1
"MULTILINESTRING Z ((441451.3629 4471954.8974 0,441425.6102 4471991.3501 0))",2630153,Verde,Línea,10
"MULTILINESTRING Z ((441492.1922 4471947.1033 0,441483.677 4471959.2855 0))",2630157,Verde,Línea,2
"MULTILINESTRING Z ((441818.1059 4472019.0815 0,441760.6661 4471966.5651 0))",2630163,Azul,Batería,29
"MULTILINESTRING Z ((441767.6409 4471960.1373 0,441824.5337 4472012.1066 0))",2630165,Verde,Batería,29
"MULTILINESTRING Z ((441781.8064 4471906.3038 0,441769.9583 4471933.2241 0))",2630166,Verde,Línea,6
"MULTILINESTRING Z ((441850.1797 4471944.4766 0,441842.2298 4471937.9764 0))",2630170,Verde,Línea,3
"MULTILINESTRING Z ((441823.0723 4471921.965 0,441839.1279 4471935.2983 0))",2630172,Verde,Línea,5
"MULTILINESTRING Z ((441818.2472 4471918.203 0,441813.7737 4471914.8176 0))",2630173,Verde,Línea,1
"MULTILINESTRING Z ((441846.917 4472020.13 0,441882.5661 4471997.5188 0))",2630174,Verde,Línea,9
"MULTILINESTRING Z ((441861.9786 4471929.2743 0,441910.6215 4471969.8101 0))",2630176,Verde,Línea,13
"MULTILINESTRING Z ((441804.0168 4471880.965 0,441815.6834 4471890.6872 0))",2630177,Verde,Línea,3
"MULTILINESTRING Z ((441917.026 4471850.2547 0,441924.0385 4471841.4287 0))",2630178,Verde,Línea,2
"MULTILINESTRING Z ((441847.464 4471786.8149 0,441833.6967 4471802.041 0,441825.8557 4471811.0673 0))",2630180,Verde,Línea,5
"MULTILINESTRING Z ((441863.506 4471768.6587 0,441871.1432 4471760.199 0))",2630181,Verde,Línea,2
"MULTILINESTRING Z ((441862.3311 4471785.6954 0,441919.3161 4471821.0614 0))",2630182,Verde,Línea,11
"MULTILINESTRING Z ((441970.8685 4471786.1767 0,441945.5676 4471816.2642 0))",2630183,Verde,Línea,6
"MULTILINESTRING Z ((442031.6557 4471848.3261 0,442032.6557 4471855.4927 0,442033.8223 4471865.5761 0,442033.5723 4471875.7427 0,442033.1557 4471886.8261 0,442032.6557 4471891.3261 0,442031.5723 4471895.7427 0))",2630186,Verde,Línea,7
"MULTILINESTRING Z ((442023.1557 4471907.8261 0,442027.489 4471904.1594 0,442030.739 4471899.1594 0))",2630190,Verde,Línea,2
"MULTILINESTRING Z ((442153.0723 4472006.6829 0,442138.6557 4472023.6829 0))",2630197,Verde,Línea,3
"MULTILINESTRING Z ((441291.7313 4471748.7603 0,441270.2289 4471734.9374 0,441266.2496 4471732.6335 0,441263.6665 4471731.6561 0,441261.0136 4471730.958 0,441258.5701 4471730.958 0,441245.7246 4471732.3543 0))",2630203,Verde,Línea,10
"MULTILINESTRING Z ((441204.3255 4471735.9147 0,441213.2616 4471735.0072 0))",2630204,Verde,Línea,1
"MULTILINESTRING Z ((441274.5307 4471634.2011 0,441289.1557 4471640.8261 0))",2630206,Verde,Línea,3
"MULTILINESTRING Z ((441377.6557 4471678.5761 0,441294.4057 4471643.2011 0))",2630207,Verde,Línea,19
"MULTILINESTRING Z ((441276.4273 4471629.4832 0,441295.9952 4471637.8141 0))",2630209,Verde,Línea,4
"MULTILINESTRING Z ((441334.8405 4471654.2822 0,441302.0981 4471640.4296 0))",2630210,Verde,Línea,6
"MULTILINESTRING Z ((441318.239 4471537.9329 0,441331.6557 4471543.6829 0))",2630212,Verde,Línea,3
"MULTILINESTRING Z ((441339.989 4471547.0761 0,441356.989 4471554.4927 0))",2630213,Verde,Línea,4
"MULTILINESTRING Z ((441140.5307 4471577.7011 0,441193.0307 4471600.2011 0))",2630215,Verde,Línea,12
"MULTILINESTRING Z ((441195.4431 4471594.8034 0,441169.6754 4471584.2444 0))",2630217,Verde,Línea,5
"MULTILINESTRING Z ((441143.2807 4471572.9511 0,441159.5307 4471579.5761 0))",2630218,Verde,Línea,3
"MULTILINESTRING Z ((441133.8392 4471563.3124 0,441140.1608 4471548.6937 0))",2630221,Verde,Batería,5
"MULTILINESTRING Z ((441125.7928 4471581.2414 0,441115.3307 4471605.9435 0))",2630223,Verde,Batería,7
"MULTILINESTRING Z ((441031.6557 4471554.8261 0,441037.9057 4471615.7011 0))",2630229,Azul,Línea,11
"MULTILINESTRING Z ((441218.0307 4471495.2011 0,441233.4057 4471501.8261 0))",2630234,Verde,Línea,3
"MULTILINESTRING Z ((441379.3211 4471708.1087 0,441385.1086 4471695.0868 0))",2630235,Verde,Línea,3
"MULTILINESTRING Z ((441367.4057 4471559.1594 0,441362.1557 4471556.8261 0))",2630240,Verde,Línea,1
"MULTILINESTRING Z ((441373.9057 4471561.9094 0,441382.3223 4471565.4094 0))",2630242,Verde,Línea,2
"MULTILINESTRING Z ((441492.5307 4471750.5761 0,441491.2807 4471733.3261 0))",2630248,Azul,Línea,3
"MULTILINESTRING Z ((441664.9736 4471615.8449 0,441635.9093 4471683.5367 0))",2630250,Verde,Línea,13
"MULTILINESTRING Z ((441674.5975 4471602.0045 0,441682.4385 4471582.6756 0))",2630251,Verde,Línea,3
"MULTILINESTRING Z ((441905.1557 4471728.2011 0,441920.5307 4471730.7011 0,441933.4057 4471733.8261 0,441947.1557 4471738.7011 0,441957.9057 4471743.5761 0,441962.6557 4471746.0761 0))",2630252,Verde,Línea,10
"MULTILINESTRING Z ((441985.9692 4471688.1064 0,441968.9802 4471679.681 0,441961.5217 4471676.0899 0,441957.5162 4471671.8081 0,441956.4112 4471665.0401 0,441959.1736 4471659.3772 0,441963.3173 4471657.5816 0))",2630254,Azul,Línea,9
"MULTILINESTRING Z ((440644.6649 4478620.5761 0,440653.6649 4478651.502 0))",2630261,Verde,Línea,6
"MULTILINESTRING Z ((440795.3316 4478526.3538 0,440813.1464 4478524.9464 0))",2630287,Verde,Batería,7
"MULTILINESTRING Z ((440796.1546 4478539.3909 0,440814.9695 4478537.9094 0))",2630290,Verde,Batería,7
"MULTILINESTRING Z ((440456.9057 4475502.1594 0,440464.1557 4475478.6594 0))",2630495,Verde,Línea,5
"MULTILINESTRING Z ((440511.0959 4475553.166 0,440521.2553 4475517.3346 0))",2630496,Verde,Línea,7
"MULTILINESTRING Z ((440504.9783 4475574.7959 0,440507.8186 4475565.2918 0))",2630497,Verde,Línea,2
"MULTILINESTRING Z ((440507.8186 4475565.5103 0,440511.0959 4475553.0567 0))",2630498,Verde,Línea,2
"MULTILINESTRING Z ((440711.0723 4475487.0995 0,440731.989 4475469.6829 0))",2630500,Verde,Línea,3
"MULTILINESTRING Z ((440784.0324 4475495.2103 0,440772.7936 4475455.5833 0))",2630501,Verde,Línea,6
"MULTILINESTRING Z ((440492.3148 4475418.4808 0,440541.4461 4475422.5212 0))",2630502,Verde,Línea,8
"MULTILINESTRING Z ((440492.7188 4475414.2788 0,440542.0925 4475418.3192 0))",2630503,Verde,Línea,8
"MULTILINESTRING Z ((440495.1465 4475375.8664 0,440489.5752 4475395.3115 0))",2630504,Verde,Línea,4
"MULTILINESTRING Z ((440726.6314 4475252.7861 0,440663.1949 4475215.5733 0))",2630507,Verde,Línea,12
"MULTILINESTRING Z ((440607.2287 4475427.4286 0,440559.7085 4475423.8236 0))",2630510,Verde,Línea,9
"MULTILINESTRING Z ((440625.1444 4475424.3698 0,440655.2951 4475426.8824 0))",2630511,Verde,Línea,4
"MULTILINESTRING Z ((440758.8908 4475383.0725 0,440776.2901 4475399.4727 0))",2630512,Verde,Línea,5
"MULTILINESTRING Z ((440749.4836 4475266.0229 0,440808.6744 4475301.3625 0))",2630515,Verde,Línea,11
"MULTILINESTRING Z ((440946.5723 4475185.4927 0,440935.3223 4475198.8261 0))",2630517,Verde,Línea,4
"MULTILINESTRING Z ((440960.8223 4475269.3261 0,440948.8223 4475280.4927 0))",2630518,Verde,Línea,4
"MULTILINESTRING Z ((440937.6189 4475286.9252 0,440929.3658 4475294.3186 0))",2630519,Verde,Línea,2
"MULTILINESTRING Z ((441013.8871 4475331.621 0,440968.6396 4475268.4567 0))",2630520,Verde,Línea,15
"MULTILINESTRING Z ((440992.8223 4475295.3261 0,441005.1557 4475313.1594 0))",2630521,Verde,Línea,4
"MULTILINESTRING Z ((441068.5571 4475304.8592 0,441096.523 4475287.2713 0))",2630522,Verde,Línea,7
"MULTILINESTRING Z ((440719.3426 4474992.5695 0,440713.8834 4474981.7605 0))",2630523,Verde,Línea,2
"MULTILINESTRING Z ((440916.8142 4475073.1184 0,440899.1904 4475080.5978 0))",2630524,Verde,Línea,3
"MULTILINESTRING Z ((441078.4429 4475046.6147 0,441069.7083 4475050.3269 0,441067.0879 4475051.9647 0))",2630525,Verde,Línea,2
"MULTILINESTRING Z ((441283.4057 4475189.8261 0,441278.9057 4475174.7427 0))",2630532,Verde,Batería,4
"MULTILINESTRING Z ((441097.489 4475369.9094 0,441118.9057 4475355.7427 0))",2630545,Verde,Línea,5
"MULTILINESTRING Z ((441108.8648 4475293.8281 0,441121.0347 4475314.7603 0))",2630546,Verde,Línea,5
"MULTILINESTRING Z ((441142.9928 4475257.6877 0,441111.1058 4475278.0703 0))",2630549,Verde,Línea,8
"MULTILINESTRING Z ((441158.3223 4475260.7427 0,441170.0723 4475302.3261 0))",2630551,Verde,Batería,15
"MULTILINESTRING Z ((441300.8382 4475224.7737 0,441324.0808 4475209.5742 0))",2630553,Verde,Línea,5
"MULTILINESTRING Z ((441290.8878 4475214.5487 0,441283.5748 4475190.1722 0))",2630554,Verde,Batería,12
"MULTILINESTRING Z ((440720.6271 4474887.4535 0,440704.0525 4474896.945 0))",2630558,Verde,Línea,4
"MULTILINESTRING Z ((440741.3099 4474880.7954 0,440758.1678 4474873.4289 0))",2630559,Verde,Línea,3
"MULTILINESTRING Z ((440815.9664 4474849.4878 0,440836.5075 4474843.8213 0))",2630569,Verde,Línea,4
"MULTILINESTRING Z ((440948.5723 4474822.5162 0,440959.4057 4474821.6829 0))",2630571,Verde,Línea,3
"MULTILINESTRING Z ((440983.5723 4474737.9094 0,440983.5723 4474750.0761 0))",2630572,Verde,Línea,2
"MULTILINESTRING Z ((440665.3223 4474638.9927 0,440663.0723 4474633.3261 0))",2630585,Verde,Línea,1
"MULTILINESTRING Z ((440858.9566 4474572.4307 0,440861.5357 4474552.7436 0))",2630589,Verde,Línea,3
"MULTILINESTRING Z ((440850.1557 4474613.4094 0,440844.0723 4474613.4094 0))",2630590,Verde,Línea,1
"MULTILINESTRING Z ((440880.5649 4474620.7486 0,440882.886 4474637.512 0))",2630591,Verde,Línea,2
"MULTILINESTRING Z ((440090.7694 4477939.6532 0,440088.3552 4477939.0631 0))",2630594,Verde,Batería,1
"MULTILINESTRING Z ((443676.0723 4477967.7427 0,443651.4057 4477962.4927 0))",2631039,Verde,Batería,10
"MULTILINESTRING Z ((443560.739 4477891.8261 0,443565.3223 4477896.6594 0))",2631078,Azul,Línea,1
"MULTILINESTRING Z ((443651.1557 4477889.8261 0,443656.3223 4477880.1594 0,443658.489 4477875.4094 0,443667.4057 4477852.9094 0,443669.489 4477846.6594 0))",2631085,Verde,Línea,9
"MULTILINESTRING Z ((443335.9057 4477394.5761 0,443338.239 4477406.0761 0))",2631115,Verde,Batería,4
"MULTILINESTRING Z ((443318.6557 4477402.9927 0,443316.8223 4477394.0761 0))",2631118,Verde,Línea,1
"MULTILINESTRING Z ((443524.739 4477614.6594 0,443539.8223 4477611.5761 0))",2631131,Verde,Línea,3
"MULTILINESTRING Z ((443544.239 4477610.7427 0,443550.9057 4477609.4927 0))",2631132,Verde,Línea,1
"MULTILINESTRING Z ((443571.739 4477498.4927 0,443575.0723 4477514.5761 0,443574.739 4477515.7427 0,443574.0723 4477516.4927 0,443572.739 4477516.9927 0,443549.6557 4477521.7427 0))",2631151,Verde,Línea,9
"MULTILINESTRING Z ((443350.4057 4477421.9094 0,443368.3223 4477418.1594 0))",2631159,Verde,Batería,7
"MULTILINESTRING Z ((443091.4057 4477244.9094 0,443080.3223 4477244.2427 0))",2631211,Verde,Batería,4
"MULTILINESTRING Z ((442031.989 4476233.1594 0,442030.5723 4476214.3261 0))",2631241,Verde,Línea,3
"MULTILINESTRING Z ((443199.989 4477240.3261 0,443204.6557 4477239.9927 0,443208.0723 4477239.3261 0))",2631274,Verde,Batería,3
"MULTILINESTRING Z ((443209.8223 4477238.9927 0,443218.989 4477236.9927 0))",2631275,Verde,Batería,3
"MULTILINESTRING Z ((443232.0723 4477234.2427 0,443225.8223 4477235.5761 0))",2631276,Verde,Batería,2
"MULTILINESTRING Z ((443251.489 4477251.9927 0,443260.8223 4477295.4094 0))",2631327,Verde,Línea,9
"MULTILINESTRING Z ((439663.8748 4479607.2674 0,439653.4057 4479611.3909 0))",2631336,Verde,Batería,5
"MULTILINESTRING Z ((443202.8223 4477376.7427 0,443200.739 4477379.8261 0))",2631337,Verde,Batería,1
"MULTILINESTRING Z ((443201.3223 4477255.5761 0,443189.5723 4477257.4927 0))",2631343,Verde,Batería,4
"MULTILINESTRING Z ((443309.3223 4477231.3261 0,443335.6557 4477226.1594 0))",2631349,Verde,Batería,10
"MULTILINESTRING Z ((443610.8223 4477240.4094 0,443618.739 4477243.0761 0))",2631350,Azul,Batería,2
"MULTILINESTRING Z ((443581.8223 4477286.4094 0,443582.6557 4477290.9927 0))",2631362,Verde,Línea,1
"MULTILINESTRING Z ((439779.907 4479352.9588 0,439783.1533 4479362.4243 0))",2631368,Verde,Línea,2
"MULTILINESTRING Z ((443482.9057 4477363.3261 0,443478.4057 4477364.2427 0))",2631378,Verde,Línea,1
"MULTILINESTRING Z ((443371.989 4477218.8261 0,443340.489 4477224.9927 0))",2631381,Verde,Batería,12
"MULTILINESTRING Z ((443733.489 4477293.6594 0,443725.5723 4477290.1594 0))",2631389,Azul,Línea,1
"MULTILINESTRING Z ((439545.5291 4478904.6995 0,439536.5662 4478908.7242 0))",2631393,Verde,Línea,2
"MULTILINESTRING Z ((439535.1341 4478909.3909 0,439526.0476 4478913.4403 0))",2631394,Verde,Línea,2
"MULTILINESTRING Z ((439524.5908 4478914.0946 0,439515.8501 4478917.9835 0))",2631396,Verde,Línea,2
"MULTILINESTRING Z ((439504.4427 4478923.1316 0,439513.702 4478918.9835 0))",2631397,Verde,Línea,2
"MULTILINESTRING Z ((439493.5538 4478928.2057 0,439502.6279 4478923.9464 0))",2631398,Verde,Línea,2
"MULTILINESTRING Z ((439482.6649 4478933.2057 0,439491.702 4478929.0576 0))",2631400,Verde,Línea,2
"MULTILINESTRING Z ((439472.0353 4478937.9464 0,439481.1094 4478933.9094 0))",2631402,Verde,Línea,2
"MULTILINESTRING Z ((439460.8501 4478942.8724 0,439470.1834 4478938.7613 0))",2631404,Verde,Línea,2
"MULTILINESTRING Z ((439449.0723 4478948.0205 0,439458.4427 4478943.9094 0))",2631405,Verde,Línea,2
"MULTILINESTRING Z ((439437.2205 4478953.539 0,439446.3316 4478949.2427 0))",2631406,Verde,Línea,2
"MULTILINESTRING Z ((439427.0723 4478960.7242 0,439435.1094 4478954.8353 0))",2631407,Verde,Línea,2
"MULTILINESTRING Z ((439417.776 4478968.6872 0,439425.5168 4478961.9464 0))",2631408,Verde,Línea,2
"MULTILINESTRING Z ((439408.9365 4478977.465 0,439416.1217 4478970.2798 0))",2631409,Verde,Línea,2
"MULTILINESTRING Z ((439401.1834 4478986.6872 0,439407.5168 4478979.0576 0))",2631410,Verde,Línea,2
"MULTILINESTRING Z ((439382.2946 4479018.2427 0,439386.5168 4479009.4279 0))",2631412,Verde,Línea,2
"MULTILINESTRING Z ((439379.4427 4479025.465 0,439381.4797 4479020.0576 0))",2631413,Verde,Línea,1
"MULTILINESTRING Z ((439387.4797 4479007.502 0,439388.2205 4479006.0946 0,439392.702 4478998.6501 0))",2631414,Verde,Línea,2
"MULTILINESTRING Z ((439393.8501 4478997.0205 0,439399.6649 4478988.6501 0))",2631415,Verde,Línea,2
"MULTILINESTRING Z ((443154.239 4477016.3261 0,443175.4057 4476988.9094 0))",2631416,Verde,Batería,15
"MULTILINESTRING Z ((443151.489 4477020.2427 0,443145.3223 4477027.9927 0))",2631421,Verde,Batería,5
"MULTILINESTRING Z ((439724.739 4479613.3415 0,439729.2081 4479611.8106 0))",2631441,Verde,Línea,1
"MULTILINESTRING Z ((443205.4057 4477167.4927 0,443221.0723 4477148.3261 0))",2631443,Verde,Línea,5
"MULTILINESTRING Z ((443092.239 4477140.5761 0,443138.739 4477140.9094 0))",2631444,Verde,Línea,10
"MULTILINESTRING Z ((443168.489 4477147.6594 0,443189.0723 4477164.4094 0))",2631445,Verde,Línea,6
"MULTILINESTRING Z ((444129.7678 4476373.9752 0,444142.7719 4476371.7036 0))",2631473,Verde,Batería,6
"MULTILINESTRING Z ((444145.3686 4476371.2427 0,444160.8871 4476368.5761 0))",2631474,Verde,Batería,6
"MULTILINESTRING Z ((444178.2205 4476365.539 0,444164.2946 4476367.9835 0))",2631475,Verde,Batería,5
"MULTILINESTRING Z ((440875.0682 4478468.4444 0,440874.3439 4478460.3785 0))",2631705,Verde,Batería,3
"MULTILINESTRING Z ((441083.0462 4478521.9062 0,441084.2387 4478536.9185 0))",2631742,Verde,Batería,5
"MULTILINESTRING Z ((441084.4655 4478539.8668 0,441084.9923 4478546.3853 0))",2631743,Verde,Batería,2
"MULTILINESTRING Z ((440561.4057 4475014.3261 0,440561.739 4475025.4927 0))",2631835,Verde,Línea,2
"MULTILINESTRING Z ((441109.548 4480554.6603 0,441089.2424 4480554.3675 0))",2631841,Azul,Línea,4
"MULTILINESTRING Z ((441001.7512 4480531.8624 0,440965.9364 4480515.6772 0))",2631845,Verde,Línea,9
"MULTILINESTRING Z ((441023.566 4480541.7883 0,441002.0475 4480532.0105 0))",2631859,Verde,Línea,5
"MULTILINESTRING Z ((441220.8871 4480552.502 0,441235.6649 4480550.6872 0))",2631927,Verde,Línea,3
"MULTILINESTRING Z ((441235.9057 4480550.6872 0,441271.3501 4480546.2427 0))",2631929,Verde,Línea,7
"MULTILINESTRING Z ((441291.9612 4480543.7613 0,441306.8131 4480541.9464 0))",2631932,Verde,Línea,3
"MULTILINESTRING Z ((441307.0723 4480541.9094 0,441363.702 4480534.9464 0))",2631934,Verde,Línea,11
"MULTILINESTRING Z ((441566.0147 4480541.5473 0,441579.1011 4480569.7613 0))",2631940,Verde,Batería,13
"MULTILINESTRING Z ((440754.8829 4480388.5126 0,440804.0681 4480341.204 0))",2631972,Verde,Línea,13
"MULTILINESTRING Z ((441139.9736 4480510.3292 0,441181.8501 4480490.8477 0))",2631993,Verde,Línea,9
"MULTILINESTRING Z ((441453.5209 4480506.1728 0,441470.8817 4480498.063 0))",2632019,Verde,Batería,8
"MULTILINESTRING Z ((441596.9612 4480377.86 0,441597.9983 4480382.5267 0))",2632023,Verde,Línea,1
"MULTILINESTRING Z ((441598.418 4480384.4526 0,441599.4304 4480389.1193 0))",2632026,Verde,Línea,1
"MULTILINESTRING Z ((441519.3757 4480346.536 0,441521.3803 4480350.9402 0))",2632058,Verde,Línea,1
"MULTILINESTRING Z ((441530.5744 4480371.1604 0,441523.7267 4480356.0987 0))",2632060,Verde,Línea,3
"MULTILINESTRING Z ((440815.9736 4480083.0205 0,440828.3192 4480071.1193 0,440832.0476 4480067.539 0))",2632095,Verde,Línea,4
"MULTILINESTRING Z ((440776.1711 4480130.6008 0,440779.4057 4480134.0822 0))",2632124,Verde,Línea,1
"MULTILINESTRING Z ((440783.2328 4480138.181 0,440822.0723 4480179.8106 0))",2632128,Verde,Línea,11
"MULTILINESTRING Z ((440802.4674 4480223.3415 0,440768.7637 4480255.6131 0))",2632133,Verde,Línea,9
"MULTILINESTRING Z ((440825.4304 4480259.0205 0,440856.6896 4480228.8971 0))",2632140,Azul,Línea,9
"MULTILINESTRING Z ((444845.1557 4476196.3261 0,444893.739 4476205.3261 0))",2632148,Verde,Línea,10
"MULTILINESTRING Z ((440827.381 4480267.465 0,440858.2452 4480237.8353 0,440867.1834 4480229.465 0))",2632149,Azul,Línea,11
"MULTILINESTRING Z ((440859.0353 4480298.7489 0,440885.6773 4480273.0452 0))",2632158,Verde,Línea,7
"MULTILINESTRING Z ((440929.9489 4480219.6625 0,440956.7637 4480193.8847 0))",2632161,Azul,Línea,7
"MULTILINESTRING Z ((440935.4797 4480224.823 0,440959.4057 4480202.0822 0))",2632163,Azul,Línea,6
"MULTILINESTRING Z ((441042.2946 4480133.6872 0,441060.739 4480152.9218 0))",2632170,Verde,Línea,5
"MULTILINESTRING Z ((441049.381 4480126.7983 0,441068.0723 4480145.9835 0))",2632172,Verde,Línea,5
"MULTILINESTRING Z ((441085.9612 4480149.3538 0,441101.6279 4480134.2798 0,441136.1094 4480100.5761 0))",2632226,Verde,Línea,13
"MULTILINESTRING Z ((441077.8131 4480146.0946 0,441128.1464 4480097.2798 0))",2632231,Verde,Línea,14
"MULTILINESTRING Z ((441053.2575 4480240.6995 0,441084.9612 4480196.3538 0))",2632237,Verde,Línea,11
"MULTILINESTRING Z ((441181.4797 4480112.7736 0,441207.3069 4480089.4156 0))",2632240,Verde,Línea,7
"MULTILINESTRING Z ((441276.7884 4480165.8847 0,441281.2328 4480163.7613 0))",2632248,Verde,Línea,1
"MULTILINESTRING Z ((441293.6032 4480157.7942 0,441304.6978 4480152.5761 0))",2632251,Verde,Línea,2
"MULTILINESTRING Z ((441315.5538 4480147.4897 0,441340.5908 4480135.7119 0))",2632256,Verde,Línea,6
"MULTILINESTRING Z ((441529.2191 4480167.122 0,441533.2904 4480166.2002 0))",2632266,Verde,Línea,1
"MULTILINESTRING Z ((440809.5703 4480012.3456 0,440833.4715 4480037.9588 0,440834.7225 4480039.1111 0,440837.477 4480040.7901 0,440838.8487 4480041.3168 0,440840.4839 4480041.679 0,440842.108 4480041.9204 0,440845.2026 4480041.8326 0))",2632298,Verde,Línea,9
"MULTILINESTRING Z ((440957.9983 4479958.7818 0,440961.3563 4479962.7489 0))",2632306,Verde,Línea,1
"MULTILINESTRING Z ((440948.4015 4479797.8929 0,440950.6238 4479800.8724 0))",2632317,Verde,Línea,1
"MULTILINESTRING Z ((441048.44 4479906.0082 0,441075.9516 4479943.956 0))",2632324,Verde,Línea,9
"MULTILINESTRING Z ((441194.0229 4479668.3045 0,441211.2081 4479630.6748 0))",2632358,Azul,Línea,8
"MULTILINESTRING Z ((441156.0229 4479611.8106 0,441131.4797 4479666.1563 0))",2632359,Azul,Línea,13
"MULTILINESTRING Z ((441149.6649 4479679.0576 0,441174.1834 4479689.9835 0))",2632360,Verde,Línea,5
"MULTILINESTRING Z ((441202.2205 4479709.6872 0,441238.2946 4479725.7983 0))",2632361,Verde,Línea,8
"MULTILINESTRING Z ((443307.9983 4478333.1687 0,443326.2205 4478325.6131 0))",2632386,Verde,Línea,4
"MULTILINESTRING Z ((444753.5723 4476186.2427 0,444751.9057 4476196.2427 0))",2632387,Verde,Línea,2
"MULTILINESTRING Z ((443322.2946 4479239.3415 0,443332.3439 4479238.7242 0))",2632392,Azul,Línea,2
"MULTILINESTRING Z ((444712.739 4476172.2427 0,444735.4057 4476176.5761 0))",2632403,Verde,Línea,5
"MULTILINESTRING Z ((441358.097 4478792.0082 0,441381.1341 4478789.9835 0))",2632505,Verde,Batería,9
"MULTILINESTRING Z ((439936.8871 4478704.9711 0,439955.4057 4478698.6008 0))",2632510,Azul,Línea,4
"MULTILINESTRING Z ((439956.9118 4478701.2427 0,439966.4427 4478698.2551 0))",2632514,Azul,Línea,2
"MULTILINESTRING Z ((440138.4057 4478685.0761 0,440148.0723 4478684.6594 0))",2632526,Azul,Línea,2
"MULTILINESTRING Z ((440148.2699 4478682.3045 0,440160.4427 4478681.5884 0))",2632528,Azul,Línea,2
"MULTILINESTRING Z ((440251.702 4478666.3538 0,440263.6526 4478670.8724 0))",2632536,Azul,Línea,2
"MULTILINESTRING Z ((441347.9242 4479050.1069 0,441347.0353 4479038.2551 0))",2632546,Verde,Batería,4
"MULTILINESTRING Z ((442107.8775 4474844.9232 0,442138.3945 4474842.6593 0))",2632586,Verde,Línea,6
"MULTILINESTRING Z ((442139.0284 4474842.6593 0,442144.2806 4474842.2971 0))",2632587,Verde,Línea,1
"MULTILINESTRING Z ((442809.4057 4475677.8261 0,442829.739 4475676.2427 0))",2632619,Verde,Línea,4
"MULTILINESTRING Z ((442834.8223 4475676.0761 0,442839.739 4475675.6594 0))",2632623,Verde,Línea,1
"MULTILINESTRING Z ((441515.739 4474778.9094 0,441520.1557 4474776.0761 0))",2632815,Verde,Línea,1
"MULTILINESTRING Z ((441549.989 4474759.3261 0,441539.739 4474765.0761 0))",2632817,Verde,Línea,2
"MULTILINESTRING Z ((440803.739 4472183.4927 0,440808.3223 4472174.0761 0))",2632874,Azul,Línea,2
"MULTILINESTRING Z ((440808.6557 4472173.7427 0,440824.1557 4472143.2427 0))",2632875,Azul,Línea,6
"MULTILINESTRING Z ((440825.8223 4472139.9927 0,440832.989 4472126.1594 0))",2632876,Azul,Línea,3
"MULTILINESTRING Z ((441152.8223 4475448.6594 0,441151.989 4475438.1594 0))",2633768,Verde,Línea,2
"MULTILINESTRING Z ((441146.8432 4475437.2213 0,441147.3439 4475442.6461 0))",2633770,Verde,Línea,1
"MULTILINESTRING Z ((441044.4057 4471683.0761 0,441045.0723 4471687.9094 0))",2633775,Azul,Línea,1
"MULTILINESTRING Z ((440660.489 4473029.0761 0,440665.4057 4473018.0761 0))",2634670,Verde,Línea,2
"MULTILINESTRING Z ((442748.5834 4475399.3702 0,442738.3561 4475400.1966 0))",2634876,Verde,Línea,1
"MULTILINESTRING Z ((440264.989 4472438.6594 0,440274.5723 4472420.7427 0))",2634880,Azul,Batería,10
"MULTILINESTRING Z ((442807.4057 4472932.8261 0,442793.6557 4472941.2011 0))",2635078,Verde,Línea,3
"MULTILINESTRING Z ((440126.9057 4472874.5761 0,440122.7807 4472913.0761 0))",2635087,Verde,Línea,7
"MULTILINESTRING Z ((439906.9612 4480813.8353 0,439922.4921 4480817.7613 0))",2635581,Verde,Línea,3
"MULTILINESTRING Z ((442437.239 4477105.4927 0,442435.3223 4477085.3261 0))",2635625,Verde,Línea,4
"MULTILINESTRING Z ((442545.9057 4478730.6594 0,442556.0723 4478730.2427 0))",2635648,Verde,Batería,5
"MULTILINESTRING Z ((440542.6931 4472953.5214 0,440545.1726 4472948.5624 0))",2635669,Verde,Línea,1
"MULTILINESTRING Z ((440581.1249 4472891.0698 0,440542.6931 4472964.679 0))",2635671,Verde,Línea,17
"MULTILINESTRING Z ((440665.009 4473031.605 0,440672.5503 4473014.7662 0))",2635677,Verde,Línea,4
"MULTILINESTRING Z ((440678.0255 4473003.2992 0,440673.9966 4473011.9769 0))",2635678,Verde,Línea,2
"MULTILINESTRING Z ((440701.5384 4472938.9065 0,440665.8223 4473017.4094 0))",2635682,Verde,Línea,15
"MULTILINESTRING Z ((440697.7569 4472959.1876 0,440700.3395 4472953.7124 0))",2635684,Verde,Línea,1
"MULTILINESTRING Z ((440621.8272 4472897.4108 0,440597.9635 4472888.3199 0))",2635686,Verde,Línea,5
"MULTILINESTRING Z ((440628.8519 4472899.6835 0,440635.4635 4472902.2662 0))",2635689,Verde,Línea,1
"MULTILINESTRING Z ((440648.9966 4472907.4314 0,440663.3561 4472912.9067 0))",2635691,Verde,Línea,3
"MULTILINESTRING Z ((440668.2727 4472915.1015 0,440687.4075 4472922.2193 0))",2635692,Verde,Línea,4
"MULTILINESTRING Z ((440728.4387 4472893.1752 0,440723.6867 4472903.919 0))",2635695,Verde,Línea,2
"MULTILINESTRING Z ((440717.4883 4472915.9025 0,440723.2734 4472904.4356 0))",2635696,Verde,Línea,2
"MULTILINESTRING Z ((440736.7032 4472861.2538 0,440719.9676 4472898.4438 0))",2635697,Verde,Línea,8
"MULTILINESTRING Z ((440720.071 4472898.3405 0,440715.009 4472909.2909 0))",2635698,Verde,Línea,2
"MULTILINESTRING Z ((440837.8677 4473099.8778 0,440918.5342 4473128.1869 0))",2635701,Azul,Línea,17
"MULTILINESTRING Z ((440793.728 4473075.2 0,440804.5751 4473051.7496 0))",2635702,Verde,Línea,5
"MULTILINESTRING Z ((440807.3643 4473045.5513 0,440837.323 4472982.6381 0))",2635707,Verde,Línea,15
"MULTILINESTRING Z ((440844.4511 4472968.3819 0,440839.5957 4472977.886 0))",2635709,Verde,Línea,2
"MULTILINESTRING Z ((440776.166 4472937.1835 0,440758.1908 4472933.3612 0))",2635712,Verde,Línea,3
"MULTILINESTRING Z ((440816.8685 4472945.9645 0,440785.1536 4472939.2496 0))",2635713,Verde,Línea,6
"MULTILINESTRING Z ((440942.385 4472905.0554 0,440936.29 4472896.3777 0))",2635716,Verde,Línea,2
"MULTILINESTRING Z ((440980.2982 4473003.8157 0,440976.166 4473015.6959 0))",2635718,Verde,Línea,2
"MULTILINESTRING Z ((441044.8643 4473029.9521 0,441071.3106 4473067.3488 0))",2635720,Azul,Línea,9
"MULTILINESTRING Z ((441030.739 4472984.5162 0,441055.489 4472982.1829 0))",2635725,Verde,Línea,5
"MULTILINESTRING Z ((441091.4553 4472978.919 0,441117.7982 4472976.4397 0))",2635728,Verde,Línea,5
"MULTILINESTRING Z ((440998.2734 4472921.8943 0,441011.0834 4472920.5513 0))",2635731,Verde,Línea,3
"MULTILINESTRING Z ((441074.0723 4472914.8334 0,441063.7498 4472915.8011 0))",2635733,Verde,Línea,1
"MULTILINESTRING Z ((441089.3891 4472909.4976 0,441076.0627 4472910.7372 0))",2635736,Verde,Batería,5
"MULTILINESTRING Z ((441180.7807 4473107.0761 0,441183.1557 4473130.3261 0))",2635741,Azul,Línea,3
"MULTILINESTRING Z ((441163.739 4473104.3261 0,441160.9057 4473074.2427 0))",2635742,Azul,Línea,6
"MULTILINESTRING Z ((441155.0916 4473014.4562 0,441153.4387 4472997.4108 0))",2635745,Azul,Línea,3
"MULTILINESTRING Z ((441165.5255 4472949.2703 0,441165.009 4472943.5885 0))",2635748,Azul,Línea,1
"MULTILINESTRING Z ((441143.3148 4472889.2496 0,441142.385 4472881.1918 0))",2635751,Azul,Línea,1
"MULTILINESTRING Z ((441176.2229 4472970.5323 0,441257.6207 4472962.4678 0))",2635753,Verde,Línea,18
"MULTILINESTRING Z ((441287.2197 4473049.9934 0,441285.2569 4473023.1339 0))",2635754,Verde,Línea,5
"MULTILINESTRING Z ((441280.5048 4472969.105 0,441282.6743 4472999.0637 0))",2635791,Verde,Línea,6
"MULTILINESTRING Z ((441283.9139 4473015.1794 0,441282.9842 4473003.919 0))",2635795,Verde,Línea,3
"MULTILINESTRING Z ((441377.9222 4472963.4232 0,441348.3767 4472999.9934 0))",2635801,Verde,Línea,9
"MULTILINESTRING Z ((441327.4057 4473024.9934 0,441338.8726 4473011.2538 0))",2635804,Verde,Línea,3
"MULTILINESTRING Z ((441371.104 4472951.3364 0,441359.2238 4472952.4728 0))",2635807,Verde,Línea,2
"MULTILINESTRING Z ((441291.6619 4472959.0843 0,441353.3354 4472953.2992 0))",2635810,Verde,Línea,13
"MULTILINESTRING Z ((441291.0168 4472954.0761 0,441310.0723 4472952.1316 0))",2635814,Verde,Línea,4
"MULTILINESTRING Z ((441273.0668 4472923.4438 0,441272.0338 4472910.8405 0))",2635818,Verde,Línea,2
"MULTILINESTRING Z ((441279.4718 4472944.8281 0,441277.1991 4472914.4562 0))",2635821,Verde,Línea,6
"MULTILINESTRING Z ((440480.3349 4472844.5163 0,440486.6001 4472846.7946 0))",2635825,Verde,Línea,1
"MULTILINESTRING Z ((440476.87 4472835.2334 0,440503.1757 4472845.4687 0))",2635826,Verde,Línea,6
"MULTILINESTRING Z ((440511.4979 4472848.2906 0,440558.1307 4472866.5611 0))",2635831,Verde,Línea,10
"MULTILINESTRING Z ((440574.7712 4472872.1639 0,440563.6136 4472868.1347 0))",2635834,Verde,Línea,2
"MULTILINESTRING Z ((440553.2309 4472791.1163 0,440528.7461 4472782.5931 0))",2635838,Verde,Línea,5
"MULTILINESTRING Z ((440608.554 4472805.5282 0,440519.6031 4472773.6051 0))",2635844,Verde,Línea,20
"MULTILINESTRING Z ((440692.346 4472835.1552 0,440656.9361 4472822.5945 0))",2635852,Verde,Línea,7
"MULTILINESTRING Z ((440553.6874 4472686.5201 0,440542.6095 4472706.1196 0))",2635892,Verde,Línea,5
"MULTILINESTRING Z ((440537.3545 4472714.7831 0,440540.3371 4472709.6702 0))",2635894,Verde,Línea,1
"MULTILINESTRING Z ((440566.6117 4472685.952 0,440639.6127 4472709.8123 0))",2635897,Verde,Línea,17
"MULTILINESTRING Z ((440639.8968 4472768.3267 0,440625.6943 4472795.5955 0))",2635905,Verde,Línea,6
"MULTILINESTRING Z ((440683.7826 4472719.0439 0,440728.5206 4472733.8145 0))",2635908,Verde,Línea,9
"MULTILINESTRING Z ((440676.2553 4472712.0847 0,440697.417 4472670.1872 0))",2635911,Verde,Línea,9
"MULTILINESTRING Z ((440685.0608 4472651.4399 0,440674.551 4472645.1908 0))",2635916,Verde,Línea,3
"MULTILINESTRING Z ((440776.3263 4472787.5317 0,440761.6511 4472819.6279 0))",2635924,Verde,Línea,6
"MULTILINESTRING Z ((440756.489 4472743.3495 0,440733.8223 4472735.6829 0))",2635939,Verde,Línea,4
"MULTILINESTRING Z ((440823.4796 4472736.6677 0,440799.1809 4472702.8866 0))",2635953,Verde,Línea,9
"MULTILINESTRING Z ((440874.0723 4472752.0205 0,440886.1279 4472750.7983 0))",2635973,Verde,Línea,2
"MULTILINESTRING Z ((440892.5598 4472833.9424 0,440884.7484 4472823.0064 0))",2635977,Verde,Línea,3
"MULTILINESTRING Z ((440889.5772 4472813.6327 0,440892.9858 4472818.8877 0))",2635979,Azul,Línea,1
"MULTILINESTRING Z ((440886.7536 4472865.6419 0,440869.6483 4472902.693 0))",2635984,Verde,Línea,8
"MULTILINESTRING Z ((441040.2661 4472855.3882 0,441029.4721 4472856.0983 0))",2635989,Verde,Línea,2
"MULTILINESTRING Z ((441058.7729 4472785.1521 0,441082.1552 4472782.8788 0))",2635996,Verde,Línea,4
"MULTILINESTRING Z ((440967.5491 4472743.0462 0,440999.2207 4472739.9216 0))",2635999,Verde,Línea,6
"MULTILINESTRING Z ((441117.6565 4472728.5652 0,441064.8006 4472733.5585 0))",2636006,Verde,Línea,10
"MULTILINESTRING Z ((441115.4057 4472717.3261 0,441093.5307 4472719.4511 0))",2636015,Azul,Línea,4
"MULTILINESTRING Z ((441387.2807 4472681.7011 0,441386.4057 4472669.0761 0))",2636028,Verde,Batería,4
"MULTILINESTRING Z ((440707.8757 4472576.335 0,440713.5589 4472584.4539 0))",2636032,Verde,Línea,1
"MULTILINESTRING Z ((440776.6506 4472627.1159 0,440802.1042 4472625.0455 0))",2636034,Verde,Línea,5
"MULTILINESTRING Z ((440890.2807 4472617.7011 0,440902.6557 4472616.7011 0))",2636038,Verde,Línea,2
"MULTILINESTRING Z ((440935.9612 4472569.7983 0,440938.5168 4472594.965 0))",2636040,Verde,Línea,5
"MULTILINESTRING Z ((440934.3223 4472554.5995 0,440932.8223 4472539.0162 0))",2636042,Verde,Línea,3
"MULTILINESTRING Z ((440767.8741 4472505.2138 0,440759.4305 4472505.9445 0))",2636049,Azul,Línea,1
"MULTILINESTRING Z ((441062.1557 4472552.3261 0,441036.7807 4472554.4511 0))",2636054,Verde,Línea,5
"MULTILINESTRING Z ((440989.5307 4472554.9511 0,440998.1557 4472554.3261 0))",2636055,Verde,Línea,1
"MULTILINESTRING Z ((440969.4654 4472556.6874 0,440979.614 4472555.8755 0))",2636057,Verde,Línea,1
"MULTILINESTRING Z ((440959.148 4472561.5457 0,440973.2325 4472560.1894 0))",2636058,Verde,Línea,2
"MULTILINESTRING Z ((440977.823 4472559.6677 0,440997.124 4472558.1028 0))",2636059,Verde,Línea,3
"MULTILINESTRING Z ((441155.8223 4472480.0761 0,441177.1557 4472478.6594 0))",2636062,Verde,Línea,4
"MULTILINESTRING Z ((441252.5728 4472612.8452 0,441251.4267 4472597.659 0))",2636063,Verde,Línea,2
"MULTILINESTRING Z ((441246.0723 4472579.4329 0,441244.3223 4472547.5162 0))",2636064,Verde,Batería,10
"MULTILINESTRING Z ((441243.7807 4472540.7011 0,441241.2807 4472508.0761 0))",2636074,Verde,Batería,13
"MULTILINESTRING Z ((441238.989 4472484.1829 0,441240.489 4472502.4329 0))",2636076,Verde,Batería,5
"MULTILINESTRING Z ((441784.1557 4472446.3261 0,441776.4057 4472455.7011 0))",2636093,Verde,Línea,2
"MULTILINESTRING Z ((441714.6968 4472528.476 0,441727.8209 4472512.7885 0))",2636095,Verde,Línea,5
"MULTILINESTRING Z ((443692.239 4474192.4094 0,443683.1557 4474185.5761 0))",2636236,Verde,Línea,2
"MULTILINESTRING Z ((443639.1557 4474162.2427 0,443655.3223 4474169.1594 0,443673.3223 4474179.3261 0,443678.3223 4474182.6594 0))",2636238,Verde,Línea,10
"MULTILINESTRING Z ((441108.8886 4478623.049 0,441109.0495 4478625.1608 0))",2636643,Azul,Batería,1
"MULTILINESTRING Z ((441105.0745 4478574.003 0,441105.7788 4478583.1811 0))",2636650,Azul,Batería,2
"MULTILINESTRING Z ((441091.4797 4478401.8875 0,441091.787 4478405.8929 0))",2636774,Azul,Línea,1
"MULTILINESTRING Z ((441067.5168 4478330.539 0,441066.4427 4478317.6501 0))",2636807,Verde,Línea,2
"MULTILINESTRING Z ((440863.0188 4478324.4608 0,440863.2493 4478327.0781 0))",2636846,Verde,Batería,1
"MULTILINESTRING Z ((440864.0723 4478336.7983 0,440863.8501 4478334.1069 0))",2636847,Verde,Batería,1
"MULTILINESTRING Z ((440863.4304 4478329.0699 0,440863.6773 4478331.9588 0))",2636848,Verde,Batería,1
"MULTILINESTRING Z ((440904.097 4478382.2304 0,440903.8501 4478379.2427 0))",2637064,Verde,Batería,1
"MULTILINESTRING Z ((440903.4304 4478374.1069 0,440903.6526 4478376.9218 0))",2637065,Verde,Batería,1
"MULTILINESTRING Z ((440903.0106 4478369.0946 0,440903.2575 4478372.0329 0))",2637067,Verde,Batería,1
"MULTILINESTRING Z ((440902.5908 4478363.86 0,440902.8378 4478366.7242 0))",2637068,Verde,Batería,1
"MULTILINESTRING Z ((440902.1711 4478358.6501 0,440902.3933 4478361.539 0))",2637069,Verde,Batería,1
"MULTILINESTRING Z ((440901.3069 4478348.181 0,440901.5538 4478351.0699 0))",2637070,Verde,Batería,1
"MULTILINESTRING Z ((440901.7267 4478353.3415 0,440901.9736 4478356.2551 0))",2637071,Verde,Batería,1
"MULTILINESTRING Z ((440981.8065 4478263.1041 0,440978.489 4478263.4094 0))",2637136,Verde,Batería,1
"MULTILINESTRING Z ((443020.8223 4472680.2427 0,443013.6557 4472670.0761 0))",2637139,Verde,Línea,2
"MULTILINESTRING Z ((441370.739 4475776.5761 0,441397.0723 4475776.9927 0))",2637145,Verde,Línea,5
"MULTILINESTRING Z ((440924.9612 4478151.7859 0,440924.8131 4478149.5143 0))",2637316,Verde,Batería,1
"MULTILINESTRING Z ((440924.418 4478144.7242 0,440924.6402 4478147.3662 0))",2637318,Verde,Batería,2
"MULTILINESTRING Z ((440920.4204 4478097.8236 0,440920.6692 4478099.8502 0))",2637323,Verde,Batería,1
"MULTILINESTRING Z ((440920.1107 4478093.7942 0,440920.2753 4478095.7475 0))",2637327,Verde,Batería,1
"MULTILINESTRING Z ((440919.809 4478089.8929 0,440919.9571 4478091.7201 0))",2637332,Verde,Batería,1
"MULTILINESTRING Z ((440919.4139 4478085.8765 0,440919.6443 4478087.753 0))",2637334,Verde,Batería,1
"MULTILINESTRING Z ((440919.1176 4478081.8929 0,440919.2657 4478083.7859 0))",2637338,Verde,Batería,1
"MULTILINESTRING Z ((440918.8213 4478078.0082 0,440918.9695 4478079.967 0))",2637341,Verde,Batería,1
"MULTILINESTRING Z ((440917.3782 4478062.0795 0,440917.1368 4478059.5445 0))",2637352,Verde,Batería,1
"MULTILINESTRING Z ((440916.7143 4478054.8641 0,440916.9777 4478057.5637 0))",2637355,Verde,Batería,2
"MULTILINESTRING Z ((440879.1588 4478052.0822 0,440891.4797 4478051.1193 0))",2637359,Verde,Batería,5
"MULTILINESTRING Z ((440899.702 4478050.5267 0,440894.1711 4478050.9218 0))",2637360,Verde,Batería,2
"MULTILINESTRING Z ((440837.1341 4478055.465 0,440844.418 4478054.8477 0))",2637372,Verde,Batería,3
"MULTILINESTRING Z ((440849.2822 4478054.4279 0,440846.8131 4478054.6501 0))",2637374,Verde,Batería,1
"MULTILINESTRING Z ((440790.4057 4478105.8538 0,440792.739 4478133.9094 0))",2637397,Verde,Batería,10
"MULTILINESTRING Z ((440811.6279 4478177.0205 0,440813.2946 4478196.8538 0))",2637417,Verde,Línea,4
"MULTILINESTRING Z ((441010.3933 4478041.3333 0,441012.5497 4478041.1522 0))",2637433,Verde,Batería,1
"MULTILINESTRING Z ((441014.6649 4478040.9958 0,441021.6526 4478040.4032 0))",2637439,Verde,Batería,3
"MULTILINESTRING Z ((441027.5895 4478039.989 0,441029.7733 4478039.8134 0))",2637445,Verde,Batería,2
"MULTILINESTRING Z ((440957.1834 4478045.6625 0,440962.2205 4478045.2921 0))",2637470,Verde,Batería,2
"MULTILINESTRING Z ((440973.1588 4478044.4279 0,440965.6032 4478045.0205 0))",2637471,Verde,Batería,3
"MULTILINESTRING Z ((441374.8101 4478000.9951 0,441374.4798 4477996.5591 0,441372.3089 4477971.5945 0))",2637481,Azul,Línea,6
"MULTILINESTRING Z ((440794.8378 4477868.6995 0,440888.6649 4477860.9464 0))",2637612,Verde,Línea,20
"MULTILINESTRING Z ((440708.5826 4477651.4897 0,440715.1834 4477651.0781 0))",2637633,Verde,Línea,1
"MULTILINESTRING Z ((440717.5538 4477651.0946 0,440721.8995 4477650.8641 0,440723.5456 4477650.716 0))",2637636,Verde,Línea,1
"MULTILINESTRING Z ((443154.5723 4477615.9094 0,443125.8223 4477588.4094 0))",2637660,Verde,Batería,16
"MULTILINESTRING Z ((440449.06 4477643.325 0,440455.0682 4477642.3703 0))",2637690,Verde,Línea,1
"MULTILINESTRING Z ((440463.8748 4477641.2839 0,440457.5374 4477641.9752 0))",2637692,Verde,Línea,1
"MULTILINESTRING Z ((440511.8254 4477644.6584 0,440517.2246 4477647.0946 0))",2637702,Verde,Línea,1
"MULTILINESTRING Z ((440523.8419 4477650.074 0,440518.7884 4477647.7859 0))",2637707,Verde,Línea,1
"MULTILINESTRING Z ((440641.4797 4477656.6748 0,440646.1464 4477656.3045 0))",2637736,Verde,Línea,1
"MULTILINESTRING Z ((440647.8501 4477656.181 0,440652.6402 4477655.8106 0))",2637737,Verde,Línea,1
"MULTILINESTRING Z ((440659.6032 4477655.2427 0,440654.6402 4477655.6378 0))",2637738,Verde,Línea,1
"MULTILINESTRING Z ((440495.9077 4477738.2551 0,440495.5456 4477732.6584 0))",2637787,Verde,Línea,1
"MULTILINESTRING Z ((440494.5908 4477717.7859 0,440494.9118 4477722.8971 0))",2637788,Verde,Línea,1
"MULTILINESTRING Z ((440495.0682 4477725.1028 0,440495.4139 4477730.5843 0))",2637789,Verde,Línea,1
"MULTILINESTRING Z ((440380.3192 4477647.9835 0,440385.1094 4477649.218 0))",2637791,Verde,Línea,1
"MULTILINESTRING Z ((440386.6649 4477649.465 0,440391.3316 4477650.2427 0))",2637792,Verde,Línea,1
"MULTILINESTRING Z ((440392.739 4477650.4526 0,440397.3069 4477651.2427 0))",2637793,Verde,Línea,1
"MULTILINESTRING Z ((440403.7474 4477652.342 0,440398.7872 4477651.5006 0))",2637794,Verde,Línea,1
"MULTILINESTRING Z ((440382.9859 4477930.3868 0,440392.9612 4477928.8724 0))",2637831,Verde,Línea,2
"MULTILINESTRING Z ((440406.311 4477926.8477 0,440395.5456 4477928.4773 0))",2637832,Verde,Línea,2
"MULTILINESTRING Z ((440390.418 4477996.4279 0,440425.5785 4477994.5761 0))",2637938,Verde,Línea,7
"MULTILINESTRING Z ((440478.2452 4477922.4773 0,440488.3439 4477921.0946 0))",2637968,Verde,Línea,2
"MULTILINESTRING Z ((440500.9859 4477919.3909 0,440491.1588 4477920.7242 0))",2637970,Verde,Línea,2
"MULTILINESTRING Z ((441769.9057 4475182.0761 0,441781.9057 4475181.3261 0))",2638203,Verde,Línea,2
"MULTILINESTRING Z ((442577.489 4475125.2427 0,442597.239 4475124.0761 0))",2638209,Verde,Línea,4
"MULTILINESTRING Z ((440327.8223 4475496.8261 0,440322.4057 4475460.9927 0))",2638229,Verde,Línea,7
"MULTILINESTRING Z ((440329.8223 4475509.4927 0,440327.989 4475497.7427 0))",2638230,Verde,Línea,2
"MULTILINESTRING Z ((441114.3439 4478687.5061 0,441112.4839 4478665.4979 0))",2638417,Verde,Batería,8
"MULTILINESTRING Z ((439702.989 4480332.6594 0,439717.989 4480334.3261 0))",2638427,Verde,Batería,6
"MULTILINESTRING Z ((440229.0353 4479476.7983 0,440235.6557 4479474.3261 0))",2638443,Azul,Línea,1
"MULTILINESTRING Z ((440479.2493 4479346.5514 0,440489.2246 4479339.539 0))",2638449,Azul,Línea,2
"MULTILINESTRING Z ((439094.9478 4476413.1867 0,439096.6519 4476424.6142 0))",2638634,Verde,Línea,3
"MULTILINESTRING Z ((439192.1898 4476073.5009 0,439179.298 4476072.3182 0,439174.8037 4476072.3182 0,439172.2016 4476072.9096 0,439169.9545 4476073.2644 0,439162.9763 4476077.0491 0))",2638637,Verde,Línea,6
"MULTILINESTRING Z ((440595.2776 4475836.5603 0,440588.1495 4475858.3578 0))",2638643,Verde,Línea,4
"MULTILINESTRING Z ((440600.4057 4475822.5761 0,440602.0723 4475817.4927 0))",2638644,Verde,Línea,1
"MULTILINESTRING Z ((440980.9612 4475537.0205 0,440976.9057 4475550.3538 0))",2638648,Verde,Línea,2
"MULTILINESTRING Z ((441449.6557 4474473.5761 0,441501.8223 4474469.9094 0))",2638655,Verde,Batería,22
"MULTILINESTRING Z ((440527.3223 4477061.4927 0,440522.0723 4477061.8261 0))",2639419,Verde,Línea,1
"MULTILINESTRING Z ((441937.4057 4475186.5761 0,441924.6557 4475187.7011 0))",2640035,Verde,Línea,2
"MULTILINESTRING Z ((440991.989 4474249.9094 0,440983.8223 4474229.4094 0))",2640117,Verde,Línea,3
"MULTILINESTRING Z ((442308.4116 4472523.7857 0,442335.1543 4472507.7848 0))",2640119,Verde,Batería,11
"MULTILINESTRING Z ((441517.4551 4476557.4851 0,441500.7678 4476548.6559 0,441499.0903 4476547.5081 0))",2640190,Verde,Línea,5
"MULTILINESTRING Z ((439633.6557 4475979.1594 0,439632.4057 4475963.3261 0))",2640215,Verde,Línea,3
"MULTILINESTRING Z ((441876.5723 4476487.9094 0,441877.989 4476507.3261 0))",2640216,Verde,Línea,4
"MULTILINESTRING Z ((441640.5642 4476306.1755 0,441640.4465 4476308.1768 0,441640.8585 4476310.4135 0,441641.2117 4476311.8262 0,441642.0946 4476313.9452 0,441643.2718 4476316.1231 0))",2640251,Azul,Línea,3
"MULTILINESTRING Z ((441871.4194 4476416.3055 0,441873.2736 4476442.9699 0))",2640257,Verde,Línea,5
"MULTILINESTRING Z ((441873.5385 4476447.3845 0,441875.3926 4476470.2522 0))",2640258,Verde,Línea,5
"MULTILINESTRING Z ((442030.989 4476388.4927 0,442006.9057 4476390.4094 0))",2640261,Verde,Batería,9
"MULTILINESTRING Z ((442075.989 4476385.5761 0,442096.989 4476384.0761 0))",2640266,Verde,Batería,6
"MULTILINESTRING Z ((442105.9057 4476383.2427 0,442126.4057 4476381.6594 0))",2640272,Verde,Batería,7
"MULTILINESTRING Z ((442206.5723 4476388.4094 0,442235.239 4476386.4094 0))",2640284,Verde,Batería,10
"MULTILINESTRING Z ((442287.702 4476369.7983 0,442305.4057 4476368.465 0))",2640288,Verde,Batería,7
"MULTILINESTRING Z ((441845.5723 4476056.6594 0,441846.1557 4476068.6594 0))",2640291,Verde,Línea,2
"MULTILINESTRING Z ((441881.739 4476144.7427 0,441891.739 4476144.1594 0))",2640292,Verde,Línea,3
"MULTILINESTRING Z ((442090.1557 4476031.7427 0,442123.5723 4476029.4094 0))",2640303,Azul,Línea,6
"MULTILINESTRING Z ((442143.2718 4476115.6698 0,442142.5655 4476104.9865 0))",2640309,Verde,Batería,4
"MULTILINESTRING Z ((442256.2861 4476186.8335 0,442256.9925 4476197.6935 0))",2640319,Verde,Línea,2
"MULTILINESTRING Z ((441953.239 4475882.2427 0,441935.6557 4475883.6594 0))",2640335,Verde,Línea,3
"MULTILINESTRING Z ((441377.1094 4480533.2427 0,441423.6773 4480527.6625 0))",2640366,Verde,Línea,9
"MULTILINESTRING Z ((441134.8414 4480555.0167 0,441152.8368 4480555.277 0))",2640381,Verde,Línea,3
"MULTILINESTRING Z ((441153.3426 4480555.2733 0,441192.8204 4480555.8221 0,441199.289 4480555.1165 0))",2640384,Verde,Línea,9
"MULTILINESTRING Z ((441810.4094 4475646.1307 0,441816.0601 4475691.9545 0))",2640385,Verde,Línea,9
"MULTILINESTRING Z ((440989.1608 4480493.359 0,441029.6765 4480511.6654 0,441043.7664 4480518.1121 0,441048.7264 4480520.1797 0,441049.8299 4480520.5282 0,441053.0707 4480520.6095 0))",2640413,Verde,Línea,14
"MULTILINESTRING Z ((440970.2759 4480273.6797 0,440989.7382 4480293.4208 0))",2640425,Verde,Línea,5
"MULTILINESTRING Z ((443779.1066 4477451.8628 0,443782.0168 4477446.4094 0))",2640435,Verde,Batería,2
"MULTILINESTRING Z ((441073.739 4480539.8724 0,441073.8501 4480529.8724 0))",2640438,Verde,Línea,2
"MULTILINESTRING Z ((443617.8223 4477257.8261 0,443727.5723 4477306.4094 0))",2640464,Azul,Línea,25
"MULTILINESTRING Z ((441377.9434 4480483.7859 0,441378.8213 4480439.3964 0))",2640480,Verde,Línea,9
"MULTILINESTRING Z ((441225.9242 4480012.0946 0,441237.6649 4480006.1316 0,441244.1834 4480002.9094 0,441247.3686 4480001.2798 0))",2640497,Verde,Línea,5
"MULTILINESTRING Z ((441276.8131 4480130.8971 0,441284.4921 4480147.3909 0))",2640505,Verde,Línea,3
"MULTILINESTRING Z ((443676.989 4477771.0761 0,443677.3223 4477775.1594 0,443677.4057 4477784.2427 0,443677.1557 4477791.1594 0,443676.489 4477803.9927 0,443675.489 4477817.0761 0))",2640524,Azul,Línea,10
"MULTILINESTRING Z ((441418.3439 4480235.144 0,441436.8789 4480274.1399 0))",2640539,Verde,Línea,8
"MULTILINESTRING Z ((443700.5723 4477639.4927 0,443705.739 4477641.9927 0))",2640561,Verde,Línea,1
"MULTILINESTRING Z ((441435.2081 4479870.7242 0,441437.9983 4479874.9218 0))",2640569,Verde,Línea,1
"MULTILINESTRING Z ((441424.1053 4480000.6748 0,441444.739 4480049.7983 0))",2640592,Verde,Línea,10
"MULTILINESTRING Z ((441447.1176 4480055.4403 0,441452.0559 4480067.1934 0))",2640594,Verde,Línea,2
"MULTILINESTRING Z ((443756.239 4477662.1594 0,443766.6557 4477642.0761 0))",2640595,Verde,Línea,5
"MULTILINESTRING Z ((441798.8452 4475538.5328 0,441797.8872 4475531.9637 0))",2640599,Verde,Línea,1
"MULTILINESTRING Z ((442410.3602 4475423.2338 0,442391.042 4475424.6801 0))",2640602,Verde,Línea,4
"MULTILINESTRING Z ((443836.4057 4477472.6594 0,443814.1557 4477461.3261 0))",2640607,Verde,Línea,5
"MULTILINESTRING Z ((443168.739 4477460.3261 0,443162.3223 4477471.5761 0,443161.4057 4477473.3261 0,443145.8223 4477494.4927 0))",2640727,Verde,Batería,14
"MULTILINESTRING Z ((441481.6855 4479905.3991 0,441485.6361 4479911.144 0))",2640728,Verde,Línea,1
"MULTILINESTRING Z ((443147.239 4477497.0761 0,443138.1557 4477509.2427 0))",2640731,Verde,Batería,6
"MULTILINESTRING Z ((441811.239 4477807.4094 0,441820.9057 4477801.8261 0))",2640749,Verde,Línea,2
"MULTILINESTRING Z ((441563.8748 4480229.4485 0,441561.3727 4480218.0905 0))",2640750,Verde,Línea,2
"MULTILINESTRING Z ((439070.0722 4475448.4904 0,439075.0722 4475451.407 0))",2640775,Verde,Línea,1
"MULTILINESTRING Z ((443296.3223 4477307.6594 0,443284.9057 4477310.1594 0))",2640777,Verde,Batería,4
"MULTILINESTRING Z ((441099.9626 4480302.4526 0,441108.7417 4480298.3154 0))",2640783,Verde,Línea,2
"MULTILINESTRING Z ((440631.1341 4480258.2715 0,440626.7719 4480252.9382 0))",2640797,Verde,Línea,1
"MULTILINESTRING Z ((440766.5168 4480325.9341 0,440784.5908 4480308.5514 0))",2640803,Azul,Línea,5
"MULTILINESTRING Z ((440881.1588 4480216.3785 0,440870.1464 4480226.6748 0))",2640808,Verde,Línea,3
"MULTILINESTRING Z ((440852.1408 4480221.5068 0,440845.8784 4480214.9956 0))",2640815,Verde,Línea,2
"MULTILINESTRING Z ((440852.6382 4480208.3495 0,440859.002 4480214.9023 0))",2640816,Verde,Línea,2
"MULTILINESTRING Z ((440689.2411 4480206.1124 0,440709.9598 4480227.8298 0))",2640829,Verde,Línea,7
"MULTILINESTRING Z ((440728.0229 4480218.6748 0,440754.7637 4480193.7119 0))",2640835,Verde,Línea,7
"MULTILINESTRING Z ((440782.8871 4480229.9423 0,440785.883 4480227.0781 0))",2640836,Verde,Línea,1
"MULTILINESTRING Z ((439423.9489 4480825.7859 0,439427.1588 4480813.2427 0))",2640847,Verde,Batería,6
"MULTILINESTRING Z ((439428.4674 4480808.0987 0,439434.739 4480783.4238 0))",2640848,Verde,Batería,12
"MULTILINESTRING Z ((442789.6557 4477603.4927 0,442786.9057 4477602.7427 0))",2640891,Verde,Batería,1
"MULTILINESTRING Z ((441266.4674 4479879.6378 0,441283.7267 4479869.3168 0))",2640903,Azul,Línea,4
"MULTILINESTRING Z ((441805.3223 4478069.4927 0,441799.6557 4478063.1594 0))",2640907,Verde,Línea,1
"MULTILINESTRING Z ((439450.1834 4480779.965 0,439487.6729 4480789.5662 0))",2640933,Verde,Batería,16
"MULTILINESTRING Z ((439449.0723 4480782.4927 0,439486.0875 4480792.2723 0))",2640935,Verde,Batería,15
"MULTILINESTRING Z ((443176.989 4476956.1594 0,443179.739 4476958.0761 0))",2640940,Verde,Batería,1
"MULTILINESTRING Z ((443184.8223 4476962.1594 0,443182.1557 4476960.2427 0))",2640941,Verde,Batería,1
"MULTILINESTRING Z ((439591.7513 4477795.5637 0,439602.9859 4477798.8971 0))",2640977,Azul,Línea,2
"MULTILINESTRING Z ((439599.2219 4477786.3484 0,439606.5305 4477788.5212 0))",2640978,Verde,Línea,1
"MULTILINESTRING Z ((443202.5723 4477183.7427 0,443216.3223 4477195.0761 0))",2640981,Verde,Línea,4
"MULTILINESTRING Z ((443177.239 4477203.2427 0,443191.4057 4477186.0761 0))",2640982,Verde,Línea,5
"MULTILINESTRING Z ((441640.5429 4472302.9504 0,441711.2929 4472297.9504 0))",2641019,Verde,Línea,14
"MULTILINESTRING Z ((443147.4612 4477299.0205 0,443151.8501 4477293.6316 0))",2641022,Verde,Línea,1
"MULTILINESTRING Z ((443111.9057 4477429.9094 0,443121.489 4477436.1594 0))",2641051,Verde,Línea,3
"MULTILINESTRING Z ((443050.6249 4473633.5517 0,443040.3376 4473634.3344 0))",2641053,Verde,Línea,2
"MULTILINESTRING Z ((442675.2807 4473017.0761 0,442665.1557 4473023.7011 0))",2641056,Verde,Línea,2
"MULTILINESTRING Z ((443554.6557 4474246.3261 0,443550.0723 4474230.1594 0,443550.8223 4474222.5761 0,443552.989 4474216.9927 0,443557.3223 4474211.9094 0,443564.0723 4474207.5761 0,443568.5723 4474205.6594 0,443577.6557 4474205.2427 0,443589.6557 4474205.9927 0,443605.239 4474208.6594 0,443622.5723 4474213.9094 0))",2641060,Verde,Línea,22
"MULTILINESTRING Z ((442979.739 4477167.2427 0,442975.739 4477163.3261 0))",2641120,Verde,Línea,1
"MULTILINESTRING Z ((442009.989 4475926.1594 0,442007.4057 4475891.6594 0))",2641127,Verde,Línea,7
"MULTILINESTRING Z ((443128.8223 4476470.6594 0,443123.239 4476475.3261 0))",2641136,Verde,Línea,1
"MULTILINESTRING Z ((441744.0379 4473083.981 0,441756.9511 4473081.1918 0,441766.7652 4473080.1587 0,441775.4429 4473079.7455 0,441783.2941 4473079.229 0,441791.9718 4473078.1959 0,441801.2693 4473077.3695 0,441809.1205 4473077.3695 0,441817.6949 4473077.9893 0))",2641172,Azul,Línea,14
"MULTILINESTRING Z ((441882.6557 4473090.9745 0,441982.9057 4473111.8495 0))",2641175,Azul,Línea,19
"MULTILINESTRING Z ((442023.5307 4473087.2011 0,442028.5307 4473062.9511 0))",2641176,Verde,Línea,4
"MULTILINESTRING Z ((442027.7156 4473045.5513 0,442013.8726 4473110.0141 0))",2641177,Verde,Batería,19
"MULTILINESTRING Z ((442041.6619 4472982.4314 0,442034.1205 4473017.9686 0))",2641178,Verde,Batería,14
"MULTILINESTRING Z ((442032.4676 4473025.51 0,442031.0214 4473032.8447 0))",2641179,Verde,Batería,2
"MULTILINESTRING Z ((442034.3272 4473034.3943 0,442042.9015 4472997.1009 0))",2641180,Verde,Línea,9
"MULTILINESTRING Z ((442047.1371 4472978.1959 0,442043.728 4472993.3819 0))",2641181,Verde,Línea,3
"MULTILINESTRING Z ((442037.2946 4473058.6872 0,442074.0168 4473066.2427 0))",2641184,Verde,Línea,7
"MULTILINESTRING Z ((442132.1577 4473074.3736 0,442039.9057 4473054.4356 0))",2641185,Verde,Batería,37
"MULTILINESTRING Z ((442150.6495 4472989.4562 0,442067.1784 4472972.4108 0))",2641186,Verde,Batería,27
"MULTILINESTRING Z ((442130.9467 4473132.3529 0,442136.8354 4473104.4589 0))",2641189,Verde,Línea,4
"MULTILINESTRING Z ((442136.9057 4473134.0761 0,442145.5307 4473089.9511 0))",2641191,Verde,Línea,7
"MULTILINESTRING Z ((442156.8261 4473084.0033 0,442167.2089 4473086.1728 0))",2641193,Verde,Línea,2
"MULTILINESTRING Z ((442204.5723 4473089.1316 0,442167.1834 4473081.1872 0))",2641195,Verde,Línea,9
"MULTILINESTRING Z ((442150.7824 4473066.802 0,442154.6566 4473048.9808 0))",2641196,Verde,Línea,3
"MULTILINESTRING Z ((442160.1557 4473001.8261 0,442148.0307 4473055.8261 0))",2641197,Verde,Batería,17
"MULTILINESTRING Z ((442171.083 4472993.5028 0,442194.7929 4472998.6167 0))",2641198,Verde,Batería,6
"MULTILINESTRING Z ((442172.0128 4472989.7836 0,442184.2552 4472992.263 0))",2641199,Verde,Batería,4
"MULTILINESTRING Z ((442188.5307 4472983.2011 0,442176.5307 4472958.8261 0))",2641201,Verde,Batería,9
"MULTILINESTRING Z ((442207.1557 4473003.9511 0,442232.2807 4473052.4511 0))",2641204,Verde,Línea,11
"MULTILINESTRING Z ((442258.3974 4472966.9356 0,442210.8767 4472991.3157 0))",2641206,Verde,Batería,18
"MULTILINESTRING Z ((442208.5723 4472988.0995 0,442256.6557 4472963.0995 0))",2641207,Verde,Línea,11
"MULTILINESTRING Z ((442361.5999 4473107.4314 0,442364.6991 4473113.8364 0))",2641209,Verde,Línea,1
"MULTILINESTRING Z ((442349.5131 4473084.1876 0,442357.1577 4473098.8571 0))",2641211,Verde,Línea,3
"MULTILINESTRING Z ((442279.7817 4472984.6009 0,442314.1825 4473051.4397 0))",2641212,Verde,Línea,15
"MULTILINESTRING Z ((443003.989 4477245.0761 0,443008.239 4477245.6594 0))",2641214,Azul,Línea,1
"MULTILINESTRING Z ((442309.989 4473006.4927 0,442299.3223 4472985.9927 0))",2641216,Azul,Línea,5
"MULTILINESTRING Z ((442349.3065 4473060.6339 0,442361.29 4473054.229 0))",2641218,Verde,Batería,4
"MULTILINESTRING Z ((442362.4057 4473053.3261 0,442389.3223 4473038.0761 0))",2641219,Verde,Batería,9
"MULTILINESTRING Z ((442395.071 4473035.324 0,442401.2693 4473031.9149 0))",2641220,Verde,Batería,2
"MULTILINESTRING Z ((442427.7156 4473016.3157 0,442409.1205 4473027.0595 0))",2641221,Verde,Batería,7
"MULTILINESTRING Z ((442521.6205 4473185.2207 0,442583.5007 4473177.4728 0))",2641225,Azul,Línea,13
"MULTILINESTRING Z ((442518.2807 4473110.8261 0,442564.6557 4473084.8261 0))",2641226,Azul,Línea,11
"MULTILINESTRING Z ((442482.571 4473082.8447 0,442479.5751 4473077.3695 0))",2641228,Verde,Línea,1
"MULTILINESTRING Z ((442476.8891 4473073.0306 0,442473.79 4473067.3488 0))",2641229,Verde,Línea,1
"MULTILINESTRING Z ((442519.6577 4472968.8984 0,442509.947 4472974.0637 0))",2641230,Verde,Línea,2
"MULTILINESTRING Z ((442451.2807 4473001.9511 0,442464.1557 4472994.8261 0))",2641231,Verde,Batería,4
"MULTILINESTRING Z ((442486.0834 4472982.948 0,442498.2734 4472976.0265 0))",2641233,Verde,Batería,4
"MULTILINESTRING Z ((442683.7807 4473150.7011 0,442670.7807 4473131.0761 0))",2641235,Verde,Batería,7
"MULTILINESTRING Z ((442657.4676 4473108.981 0,442667.0751 4473124.8901 0))",2641236,Verde,Batería,6
"MULTILINESTRING Z ((442635.4057 4473074.7011 0,442644.9057 4473090.0761 0))",2641237,Verde,Batería,6
"MULTILINESTRING Z ((442639.6557 4473071.3261 0,442656.5307 4473097.9511 0))",2641239,Verde,Línea,7
"MULTILINESTRING Z ((442617.1784 4473044.0017 0,442598.0668 4473013.9397 0))",2641241,Verde,Batería,12
"MULTILINESTRING Z ((442590.9387 4473004.3323 0,442588.7693 4473001.0265 0))",2641242,Verde,Batería,1
"MULTILINESTRING Z ((442575.4429 4472980.5719 0,442582.571 4472991.3157 0))",2641243,Verde,Batería,5
"MULTILINESTRING Z ((442564.4433 4472956.6761 0,442585.0266 4472988.2594 0))",2641245,Verde,Línea,7
"MULTILINESTRING Z ((442648.6557 4473034.8261 0,442656.1557 4473029.8261 0))",2641246,Verde,Línea,1
"MULTILINESTRING Z ((442709.5307 4472993.5761 0,442699.2807 4472999.4511 0))",2641247,Verde,Línea,1
"MULTILINESTRING Z ((442717.7982 4473007.3281 0,442697.9635 4473019.8281 0))",2641252,Verde,Línea,4
"MULTILINESTRING Z ((442751.9057 4473036.0761 0,442802.6557 4473113.8261 0))",2641257,Verde,Batería,28
"MULTILINESTRING Z ((442769.4057 4473072.2011 0,442751.6557 4473044.5761 0))",2641258,Verde,Línea,6
"MULTILINESTRING Z ((442735.3602 4473011.8736 0,442747.447 4473030.4686 0))",2641259,Verde,Batería,8
"MULTILINESTRING Z ((442751.9057 4472984.3495 0,442775.739 4472968.5162 0))",2641260,Verde,Línea,5
"MULTILINESTRING Z ((442858.9057 4472978.1594 0,442899.9057 4473042.6594 0))",2641262,Verde,Línea,14
"MULTILINESTRING Z ((442885.5307 4473028.2011 0,442870.7807 4473005.8261 0))",2641263,Verde,Batería,9
"MULTILINESTRING Z ((442908.5723 4473063.9927 0,442901.239 4473052.9094 0))",2641265,Verde,Batería,4
"MULTILINESTRING Z ((442909.239 4473064.9094 0,442916.3223 4473076.4094 0))",2641267,Verde,Batería,5
"MULTILINESTRING Z ((442931.989 4473101.3261 0,442916.8223 4473077.4094 0))",2641268,Verde,Batería,10
"MULTILINESTRING Z ((442165.4057 4472976.3261 0,442170.9057 4472951.8261 0))",2641271,Verde,Batería,8
"MULTILINESTRING Z ((442162.739 4472921.6594 0,442154.8223 4472907.2427 0))",2641278,Verde,Batería,4
"MULTILINESTRING Z ((442168.739 4472933.6594 0,442163.239 4472922.9094 0))",2641279,Verde,Batería,6
"MULTILINESTRING Z ((441964.8024 4472858.7744 0,441990.009 4472910.5306 0))",2641280,Verde,Línea,11
"MULTILINESTRING Z ((441951.7858 4472828.0926 0,441937.1164 4472798.2372 0))",2641281,Verde,Línea,7
"MULTILINESTRING Z ((441968.0307 4472841.5761 0,442006.7807 4472820.4511 0))",2641282,Verde,Línea,9
"MULTILINESTRING Z ((442036.3933 4472811.3571 0,442031.6412 4472813.8364 0))",2641284,Verde,Línea,1
"MULTILINESTRING Z ((442029.0421 4472808.473 0,442076.8813 4472782.6596 0))",2641285,Verde,Línea,11
"MULTILINESTRING Z ((442199.0723 4472789.6594 0,442189.239 4472770.8261 0))",2641289,Azul,Línea,4
"MULTILINESTRING Z ((442199.5131 4472790.2827 0,442206.4346 4472803.5058 0))",2641290,Azul,Línea,3
"MULTILINESTRING Z ((442291.3519 4472945.1381 0,442367.4883 4472903.8157 0))",2641294,Verde,Línea,17
"MULTILINESTRING Z ((442390.7295 4472913.7205 0,442417.255 4472959.0267 0))",2641297,Verde,Batería,21
"MULTILINESTRING Z ((442419.3431 4472962.6555 0,442438.4127 4472995.9208 0))",2641298,Verde,Batería,17
"MULTILINESTRING Z ((442503.1766 4472973.2021 0,442531.8455 4472957.2406 0))",2641299,Verde,Batería,11
"MULTILINESTRING Z ((442563.7686 4472962.8194 0,442566.713 4472968.2432 0))",2641303,Verde,Batería,2
"MULTILINESTRING Z ((442507.3607 4472868.9096 0,442498.0627 4472855.1175 0))",2641306,Verde,Línea,4
"MULTILINESTRING Z ((442471.9057 4472846.3495 0,442454.5307 4472856.0995 0))",2641308,Verde,Línea,3
"MULTILINESTRING Z ((442447.2807 4472784.9511 0,442469.6557 4472818.7011 0))",2641310,Azul,Batería,14
"MULTILINESTRING Z ((442427.7807 4472755.7011 0,442444.1557 4472780.9511 0))",2641311,Azul,Batería,10
"MULTILINESTRING Z ((442798.8933 4472952.8516 0,442804.9539 4472948.8571 0))",2641313,Verde,Línea,1
"MULTILINESTRING Z ((442837.886 4472927.9338 0,442847.405 4472921.3146 0))",2641314,Verde,Línea,2
"MULTILINESTRING Z ((442881.0558 4472899.2703 0,442871.1384 4472905.5375 0))",2641315,Verde,Línea,2
"MULTILINESTRING Z ((442922.9057 4472856.3261 0,442903.4057 4472869.3261 0))",2641316,Azul,Línea,6
"MULTILINESTRING Z ((442590.1557 4472787.5761 0,442611.9057 4472821.3261 0))",2641319,Verde,Batería,14
"MULTILINESTRING Z ((442590.8354 4472770.0347 0,442615.3189 4472753.6091 0))",2641321,Verde,Línea,6
"MULTILINESTRING Z ((439296.8625 4478882.4526 0,439300.1217 4478892.3538 0))",2641330,Verde,Línea,2
"MULTILINESTRING Z ((439285.4488 4478847.2311 0,439294.7327 4478875.8802 0))",2641333,Verde,Línea,6
"MULTILINESTRING Z ((441709.2807 4474786.9745 0,441706.0307 4474752.3495 0))",2641342,Verde,Línea,7
"MULTILINESTRING Z ((443676.7139 4475215.5276 0,443686.1682 4475211.915 0))",2641344,Verde,Línea,2
"MULTILINESTRING Z ((443676.1557 4475215.5761 0,443662.4057 4475221.2427 0))",2641345,Verde,Línea,3
"MULTILINESTRING Z ((441725.9057 4474923.9927 0,441724.489 4474912.5761 0))",2641347,Verde,Línea,2
"MULTILINESTRING Z ((441726.6557 4474930.7245 0,441727.7807 4474940.9745 0))",2641348,Verde,Línea,2
"MULTILINESTRING Z ((441623.0977 4471397.3335 0,441578.1348 4471378.0116 0))",2641350,Azul,Batería,18
"MULTILINESTRING Z ((439134.6649 4478479.0946 0,439145.4797 4478501.3538 0))",2641352,Verde,Línea,5
"MULTILINESTRING Z ((442307.1557 4472528.9927 0,442333.3223 4472512.9927 0))",2641354,Verde,Línea,6
"MULTILINESTRING Z ((442350.989 4472502.2427 0,442341.0723 4472508.2427 0))",2641355,Verde,Línea,2
"MULTILINESTRING Z ((442367.4057 4472651.9094 0,442398.489 4472699.4094 0))",2641357,Verde,Batería,19
"MULTILINESTRING Z ((442400.739 4472702.8261 0,442407.1557 4472713.2427 0))",2641358,Verde,Batería,4
"MULTILINESTRING Z ((439267.6114 4478466.1234 0,439264.5168 4478462.6008 0))",2641362,Verde,Línea,1
"MULTILINESTRING Z ((439377.4797 4478536.9094 0,439379.2205 4478531.9835 0))",2641364,Verde,Línea,1
"MULTILINESTRING Z ((439328.6279 4478451.6872 0,439321.6649 4478450.3909 0,439316.4427 4478449.2798 0,439313.739 4478448.502 0,439308.9612 4478446.8724 0,439307.1464 4478445.9835 0))",2641368,Verde,Línea,4
"MULTILINESTRING Z ((439919.2946 4478749.8538 0,439913.7946 4478768.7427 0))",2641382,Verde,Línea,4
"MULTILINESTRING Z ((439413.7946 4478469.0761 0,439414.1834 4478467.2427 0,439415.1834 4478464.1316 0,439416.739 4478459.5761 0,439418.4057 4478455.465 0,439422.9612 4478446.0205 0,439434.4612 4478422.6316 0,439446.9057 4478397.9094 0,439452.1279 4478387.3538 0,439456.239 4478379.2983 0,439458.6279 4478374.1872 0))",2641392,Azul,Línea,21
"MULTILINESTRING Z ((439525.5044 4478309.218 0,439535.6032 4478329.0699 0,439548.5662 4478354.0082 0))",2641397,Azul,Línea,9
"MULTILINESTRING Z ((439488.5908 4478002.9464 0,439478.4797 4478001.3909 0))",2641401,Verde,Línea,2
"MULTILINESTRING Z ((439334.9242 4477749.1687 0,439244.0353 4477798.0205 0))",2641405,Verde,Batería,36
"MULTILINESTRING Z ((439372.4057 4477729.2427 0,439345.2205 4477743.6131 0))",2641406,Verde,Batería,11
"MULTILINESTRING Z ((439533.1834 4477866.1316 0,439557.0723 4477791.539 0))",2641407,Verde,Línea,15
"MULTILINESTRING Z ((439441.1588 4477750.4526 0,439480.4839 4477762.2057 0))",2641409,Azul,Batería,14
"MULTILINESTRING Z ((439573.2328 4477790.0329 0,439585.6526 4477793.7366 0))",2641410,Azul,Línea,2
"MULTILINESTRING Z ((441448.9057 4474479.9094 0,441433.8223 4474481.0761 0))",2641411,Verde,Línea,3
"MULTILINESTRING Z ((441449.989 4474479.8261 0,441458.489 4474479.2427 0))",2641413,Verde,Línea,2
"MULTILINESTRING Z ((439801.5264 4477859.0397 0,439798.2452 4477866.0191 0))",2641418,Verde,Batería,3
"MULTILINESTRING Z ((439461.8172 4477553.4156 0,439460.5826 4477557.3168 0))",2641422,Azul,Línea,1
"MULTILINESTRING Z ((439470.6183 4477584.5706 0,439494.0257 4477592.0109 0))",2641424,Verde,Batería,9
"MULTILINESTRING Z ((439442.6896 4477600.2798 0,439428.9859 4477644.8477 0))",2641425,Azul,Batería,18
"MULTILINESTRING Z ((439428.0229 4477700.1069 0,439451.2081 4477623.8106 0))",2641427,Verde,Línea,16
"MULTILINESTRING Z ((439395.7925 4477716.1975 0,439408.0888 4477710.0905 0,439409.0764 4477709.1193 0,439409.5867 4477708.4279 0,439410.1958 4477707.0946 0,439417.0929 4477684.1481 0))",2641428,Verde,Batería,15
"MULTILINESTRING Z ((439586.1464 4477569.4279 0,439583.1094 4477578.9464 0))",2641430,Azul,Línea,2
"MULTILINESTRING Z ((439655.8748 4477661.0452 0,439649.5538 4477681.7119 0))",2641435,Verde,Línea,4
"MULTILINESTRING Z ((439639.809 4477711.3744 0,439649.3892 4477682.1892 0))",2641436,Verde,Línea,6
"MULTILINESTRING Z ((442720.9057 4476520.8261 0,442734.5723 4476529.6594 0))",2641438,Verde,Línea,3
"MULTILINESTRING Z ((439761.2822 4477898.0576 0,439744.2946 4477896.0082 0))",2641443,Azul,Batería,7
"MULTILINESTRING Z ((441431.6937 4480526.7325 0,441456.0888 4480523.8353 0))",2641454,Verde,Línea,5
"MULTILINESTRING Z ((441466.1629 4480522.6501 0,441477.916 4480521.251 0))",2641456,Verde,Línea,2
"MULTILINESTRING Z ((439495.2575 4478481.8106 0,439492.1958 4478479.7859 0,439490.4427 4478478.823 0,439471.0353 4478468.2551 0,439429.4797 4478445.8847 0,439408.0307 4478433.8261 0,439407.2081 4478433.5637 0,439386.9612 4478422.6255 0))",2641523,Verde,Línea,23
"MULTILINESTRING Z ((439099.1464 4478422.0946 0,439101.3316 4478426.6131 0))",2641545,Azul,Línea,1
"MULTILINESTRING Z ((439192.9557 4478439.3525 0,439196.6649 4478440.6913 0,439197.2795 4478441.1742 0,439197.5867 4478441.6899 0,439216.0339 4478481.4595 0))",2641549,Verde,Línea,10
"MULTILINESTRING Z ((441409.3223 4475765.7427 0,441405.239 4475745.9094 0))",2641562,Verde,Línea,4
"MULTILINESTRING Z ((439627.9242 4477897.5884 0,439645.4797 4477899.539 0))",2641569,Verde,Línea,3
"MULTILINESTRING Z ((439199.3316 4477618.716 0,439237.9324 4477598.1563 0))",2641588,Verde,Línea,8
"MULTILINESTRING Z ((439243.1588 4477595.3168 0,439279.3069 4477576.0082 0))",2641589,Verde,Línea,8
"MULTILINESTRING Z ((439407.6401 4477740.5044 0,439399.7636 4477738.1587 0))",2641593,Azul,Batería,3
"MULTILINESTRING Z ((441082.8131 4477035.6378 0,441083.2081 4477041.6131 0))",2641598,Verde,Línea,1
"MULTILINESTRING Z ((440530.9057 4477427.1594 0,440541.739 4477426.3261 0))",2641600,Verde,Línea,2
"MULTILINESTRING Z ((440541.739 4477423.6594 0,440557.239 4477422.5761 0))",2641601,Verde,Línea,3
"MULTILINESTRING Z ((440578.9057 4477420.9094 0,440586.8223 4477420.2427 0))",2641602,Verde,Línea,2
"MULTILINESTRING Z ((439474.1135 4477550.7983 0,439471.2493 4477559.6872 0))",2641675,Azul,Línea,2
"MULTILINESTRING Z ((440691.8748 4479621.3168 0,440694.8378 4479627.7613 0))",2641682,Verde,Línea,1
"MULTILINESTRING Z ((440697.5168 4479627.0576 0,440706.5307 4479645.9511 0))",2641684,Verde,Línea,4
"MULTILINESTRING Z ((442370.9612 4477231.7119 0,442377.8995 4477238.7489 0))",2641686,Azul,Línea,2
"MULTILINESTRING Z ((441556.239 4478462.3538 0,441555.3501 4478451.3538 0))",2641688,Verde,Batería,3
"MULTILINESTRING Z ((441558.6896 4478450.2798 0,441557.9489 4478441.6872 0))",2641689,Verde,Batería,5
"MULTILINESTRING Z ((443413.7945 4475314.4001 0,443426.3622 4475309.5575 0))",2641690,Verde,Batería,5
"MULTILINESTRING Z ((441892.8223 4475190.2427 0,441918.1557 4475188.2427 0))",2641692,Verde,Línea,5
"MULTILINESTRING Z ((441481.4057 4476403.9927 0,441496.8223 4476373.4927 0))",2641693,Azul,Línea,6
"MULTILINESTRING Z ((441956.8201 4471750.4474 0,441946.9514 4471745.9616 0,441936.7565 4471741.8021 0,441925.2566 4471738.0503 0,441921.2602 4471736.9085 0))",2641695,Verde,Línea,7
"MULTILINESTRING Z ((441957.6557 4471750.8261 0,441963.5723 4471753.7427 0))",2641696,Verde,Línea,1
"MULTILINESTRING Z ((439652.9612 4477692.6131 0,439658.5908 4477675.0576 0))",2641710,Verde,Línea,3
"MULTILINESTRING Z ((439837.1588 4477784.9958 0,439844.0476 4477770.6748 0))",2641723,Verde,Batería,6
"MULTILINESTRING Z ((439861.2575 4477718.1687 0,439839.4427 4477711.1687 0))",2641726,Verde,Línea,4
"MULTILINESTRING Z ((439676.5662 4477649.7859 0,439706.9365 4477659.4897 0))",2641732,Verde,Batería,12
"MULTILINESTRING Z ((439708.6649 4477656.9094 0,439722.3686 4477661.2427 0))",2641735,Verde,Batería,5
"MULTILINESTRING Z ((440634.9983 4479945.1687 0,440640.776 4479938.2057 0,440649.1464 4479928.7613 0))",2641793,Verde,Línea,4
"MULTILINESTRING Z ((439297.5538 4479523.8724 0,439298.9983 4479499.2798 0))",2641846,Verde,Línea,4
"MULTILINESTRING Z ((439624.6279 4479467.9094 0,439603.8501 4479465.4094 0))",2641865,Verde,Línea,4
"MULTILINESTRING Z ((439559.4139 4479519.9012 0,439554.9036 4479551.5555 0))",2641866,Verde,Línea,6
"MULTILINESTRING Z ((439553.3316 4479562.9464 0,439552.5168 4479568.8724 0))",2641867,Verde,Línea,1
"MULTILINESTRING Z ((439582.3316 4479441.0205 0,439591.8131 4479436.2427 0))",2641869,Verde,Línea,2
"MULTILINESTRING Z ((439598.9612 4479432.6872 0,439632.5723 4479416.0761 0))",2641870,Verde,Línea,8
"MULTILINESTRING Z ((438443.5723 4474994.5761 0,438449.5723 4474986.9927 0))",2641951,Verde,Línea,2
"MULTILINESTRING Z ((441015.3223 4475682.6594 0,440947.3223 4475687.1594 0))",2641957,Verde,Línea,13
"MULTILINESTRING Z ((442608.6557 4473059.7011 0,442590.6557 4473070.4511 0))",2641959,Verde,Línea,4
"MULTILINESTRING Z ((442570.1557 4473081.9511 0,442587.5307 4473071.7011 0))",2641960,Verde,Línea,4
"MULTILINESTRING Z ((439867.9057 4473451.8261 0,439879.1557 4473420.6594 0))",2641963,Verde,Línea,6
"MULTILINESTRING Z ((439886.4057 4473400.9927 0,439884.6557 4473407.2427 0,439882.1557 4473413.7427 0))",2641964,Verde,Línea,3
"MULTILINESTRING Z ((439879.3223 4473420.4094 0,439882.239 4473413.3261 0))",2641965,Verde,Línea,2
"MULTILINESTRING Z ((442940.489 4477211.4094 0,442944.9057 4477215.6594 0))",2642093,Verde,Batería,2
"MULTILINESTRING Z ((441893.6557 4479583.8261 0,441897.8223 4479553.9094 0))",2642171,Verde,Línea,6
"MULTILINESTRING Z ((441978.9057 4479588.0761 0,441964.489 4479590.4927 0))",2642177,Verde,Línea,3
"MULTILINESTRING Z ((441572.0723 4479428.9094 0,441568.0723 4479377.1594 0))",2642198,Azul,Batería,20
"MULTILINESTRING Z ((441560.7171 4479291.0535 0,441565.0299 4479342.6192 0))",2642201,Azul,Batería,17
"MULTILINESTRING Z ((441907.4057 4479486.6594 0,441910.0723 4479465.9927 0))",2642207,Azul,Línea,5
"MULTILINESTRING Z ((443155.776 4477711.0576 0,443162.702 4477714.8353 0))",2642293,Verde,Línea,1
"MULTILINESTRING Z ((441001.8223 4473906.4094 0,441021.5723 4473910.4094 0))",2642521,Verde,Línea,4
"MULTILINESTRING Z ((440935.4057 4473597.5761 0,440929.8223 4473601.4094 0))",2642522,Verde,Línea,1
"MULTILINESTRING Z ((440948.3501 4473588.965 0,440957.5168 4473582.7983 0))",2642524,Verde,Línea,2
"MULTILINESTRING Z ((440936.7946 4473596.7983 0,440947.0723 4473589.7983 0))",2642525,Verde,Línea,2
"MULTILINESTRING Z ((441567.1557 4479366.2011 0,441566.1557 4479352.4511 0))",2642565,Azul,Batería,6
"MULTILINESTRING Z ((441567.8223 4479343.7427 0,441568.489 4479350.6594 0))",2642567,Azul,Línea,1
"MULTILINESTRING Z ((441566.1557 4479160.4927 0,441568.1557 4479183.4094 0))",2642568,Verde,Línea,5
"MULTILINESTRING Z ((441761.9057 4479182.0761 0,441755.2807 4479197.2011 0))",2642580,Verde,Batería,4
"MULTILINESTRING Z ((441688.0307 4479098.8261 0,441713.0307 4479096.8261 0))",2642586,Verde,Batería,9
"MULTILINESTRING Z ((441745.0307 4479093.9511 0,441769.2807 4479091.9511 0))",2642590,Verde,Batería,7
"MULTILINESTRING Z ((442617.0723 4479028.4927 0,442616.6557 4479023.0761 0))",2642592,Verde,Batería,1
"MULTILINESTRING Z ((442333.0875 4473051.9562 0,442312.4263 4473011.1505 0))",2642691,Verde,Línea,10
"MULTILINESTRING Z ((441744.9402 4475088.7288 0,441745.6068 4475094.3399 0))",2642693,Verde,Línea,1
"MULTILINESTRING Z ((440418.7331 4472876.9733 0,440407.7142 4472895.1221 0))",2642696,Verde,Línea,4
"MULTILINESTRING Z ((440428.4767 4472860.1039 0,440423.8503 4472867.8238 0))",2642697,Verde,Línea,2
"MULTILINESTRING Z ((442640.7807 4478992.0761 0,442641.4057 4478998.7011 0))",2642699,Azul,Batería,2
"MULTILINESTRING Z ((442640.1557 4478984.0761 0,442640.6557 4478990.5761 0))",2642700,Azul,Batería,2
"MULTILINESTRING Z ((441060.1557 4472016.1594 0,441058.6557 4472001.4094 0))",2642702,Verde,Línea,3
"MULTILINESTRING Z ((441116.1557 4471451.3261 0,441142.9057 4471462.2011 0))",2642704,Verde,Línea,6
"MULTILINESTRING Z ((440732.5324 4471908.8294 0,440731.3729 4471893.7557 0))",2642705,Verde,Línea,3
"MULTILINESTRING Z ((439123.3878 4473331.165 0,439116.3938 4473357.9507 0))",2642706,Verde,Línea,6
"MULTILINESTRING Z ((439113.9384 4473367.6977 0,439115.3521 4473362.1918 0))",2642707,Verde,Línea,1
"MULTILINESTRING Z ((439111.3223 4473377.8495 0,439108.4057 4473388.8495 0))",2642708,Verde,Línea,3
"MULTILINESTRING Z ((439106.5723 4473395.8495 0,439107.9057 4473391.3495 0))",2642709,Verde,Línea,1
"MULTILINESTRING Z ((441336.9965 4472708.9574 0,441301.1908 4472711.5149 0))",2642714,Verde,Batería,13
"MULTILINESTRING Z ((440164.6937 4472622.4745 0,440166.2093 4472619.9169 0))",2642717,Verde,Batería,1
"MULTILINESTRING Z ((439311.6343 4475583.771 0,439302.1991 4475578.468 0))",2642723,Verde,Línea,2
"MULTILINESTRING Z ((439416.0723 4476582.8495 0,439359.6557 4476586.5162 0))",2642724,Verde,Línea,10
"MULTILINESTRING Z ((440117.8229 4476062.2309 0,440124.5048 4476065.0829 0))",2642725,Verde,Batería,3
"MULTILINESTRING Z ((442639.5307 4478975.5761 0,442639.6557 4478979.7011 0))",2642726,Azul,Batería,1
"MULTILINESTRING Z ((442640.7807 4479036.8261 0,442641.6557 4479039.5761 0,442646.0307 4479046.4511 0,442656.6557 4479058.8261 0))",2642728,Azul,Línea,5
"MULTILINESTRING Z ((441076.3223 4476419.9094 0,441076.8223 4476429.8261 0))",2642730,Verde,Línea,2
"MULTILINESTRING Z ((442929.9057 4478973.8261 0,442843.9057 4478979.2011 0))",2642734,Verde,Línea,19
"MULTILINESTRING Z ((442907.1557 4478968.3261 0,442846.5307 4478972.3261 0))",2642739,Verde,Línea,13
"MULTILINESTRING Z ((440925.1557 4473976.0761 0,440937.1557 4473975.9094 0))",2642751,Verde,Línea,2
"MULTILINESTRING Z ((442507.6557 4475129.4927 0,442517.989 4475128.5761 0))",2642760,Verde,Línea,2
"MULTILINESTRING Z ((442536.9057 4475126.9927 0,442530.6557 4475127.4927 0))",2642761,Verde,Línea,1
"MULTILINESTRING Z ((442674.5307 4479245.2011 0,442672.0307 4479229.7011 0))",2642779,Azul,Línea,3
"MULTILINESTRING Z ((442691.1275 4479082.0874 0,442735.4713 4479082.0874 0))",2642792,Azul,Línea,9
"MULTILINESTRING Z ((442901.989 4479343.9094 0,442893.6557 4479322.7427 0))",2642819,Verde,Línea,4
"MULTILINESTRING Z ((443084.989 4478956.9927 0,443058.739 4478958.4927 0))",2642872,Verde,Línea,5
"MULTILINESTRING Z ((443047.8223 4478913.2427 0,443047.239 4478900.0761 0))",2642880,Azul,Línea,2
"MULTILINESTRING Z ((442921.1557 4478967.6594 0,443010.5723 4478961.9927 0))",2642884,Verde,Línea,19
"MULTILINESTRING Z ((443321.0723 4479431.3261 0,443307.8223 4479433.5761 0))",2642895,Verde,Batería,4
"MULTILINESTRING Z ((443345.989 4479426.8261 0,443327.489 4479430.0761 0))",2642897,Verde,Batería,7
"MULTILINESTRING Z ((443287.8223 4479458.3261 0,443290.1557 4479464.7427 0,443290.6557 4479467.4094 0))",2642903,Verde,Línea,2
"MULTILINESTRING Z ((442940.6557 4479439.1594 0,442941.739 4479442.2427 0,442951.989 4479453.6594 0,442969.4057 4479472.6594 0))",2642907,Verde,Línea,9
"MULTILINESTRING Z ((443121.989 4479530.0761 0,443125.6557 4479477.5761 0))",2642920,Verde,Línea,11
"MULTILINESTRING Z ((443397.1912 4475320.8569 0,443408.26 4475316.4755 0))",2642922,Verde,Batería,5
"MULTILINESTRING Z ((440192.228 4472567.2176 0,440197.9133 4472556.5577 0,440201.162 4472551.4815 0))",2642933,Verde,Línea,4
"MULTILINESTRING Z ((441137.2197 4472905.1587 0,441097.1371 4472908.6711 0))",2642934,Verde,Batería,16
"MULTILINESTRING Z ((443112.1557 4479493.4094 0,443113.4057 4479476.5761 0))",2642935,Verde,Línea,3
"MULTILINESTRING Z ((443127.9057 4479448.4094 0,443129.0723 4479441.8261 0,443130.9057 4479433.4927 0,443132.8223 4479425.9094 0,443136.1557 4479415.9094 0))",2642941,Verde,Línea,7
"MULTILINESTRING Z ((441822.8223 4479038.6594 0,441862.8223 4479035.4094 0))",2642954,Verde,Línea,8
"MULTILINESTRING Z ((441894.6557 4479043.1594 0,441895.739 4479056.8261 0))",2642955,Verde,Línea,3
"MULTILINESTRING Z ((441679.8223 4479041.1594 0,441676.6557 4478999.7427 0,441673.239 4478960.9927 0,441671.8223 4478943.7427 0))",2642963,Azul,Batería,33
"MULTILINESTRING Z ((442365.0723 4479076.9094 0,442378.8223 4479077.2427 0))",2642966,Azul,Línea,2
"MULTILINESTRING Z ((442428.5168 4479153.7983 0,442429.9612 4479158.7983 0))",2642967,Verde,Línea,1
"MULTILINESTRING Z ((442945.4057 4479548.4927 0,442955.6557 4479564.9927 0))",2642973,Verde,Línea,3
"MULTILINESTRING Z ((442252.739 4479043.5761 0,442249.6557 4479046.2427 0,442246.5723 4479050.0761 0))",2642978,Azul,Batería,3
"MULTILINESTRING Z ((442192.5916 4475438.833 0,442187.1164 4475439.2462 0))",2642986,Verde,Línea,1
"MULTILINESTRING Z ((442177.5307 4475440.0995 0,442166.5307 4475440.9745 0))",2642987,Verde,Línea,2
"MULTILINESTRING Z ((442160.9057 4475441.4745 0,442155.1557 4475441.7245 0))",2642988,Verde,Línea,1
"MULTILINESTRING Z ((441777.989 4479142.7427 0,441780.4057 4479137.0761 0,441781.989 4479132.9927 0,441782.0723 4479129.9927 0,441781.8223 4479124.8261 0))",2642996,Verde,Batería,6
"MULTILINESTRING Z ((441779.6557 4479098.9094 0,441781.6557 4479123.2427 0))",2642998,Verde,Batería,7
"MULTILINESTRING Z ((441812.0723 4479266.0761 0,441824.6557 4479265.3261 0))",2643001,Verde,Batería,5
"MULTILINESTRING Z ((441759.739 4479259.8261 0,441790.0723 4479257.4094 0))",2643004,Verde,Línea,7
"MULTILINESTRING Z ((440714.2946 4482068.502 0,440711.5908 4482066.9835 0,440710.9242 4482066.502 0,440716.1834 4482057.2427 0))",2643122,Verde,Batería,5
"MULTILINESTRING Z ((438460.5723 4474973.9094 0,438457.739 4474977.4094 0))",2643127,Verde,Línea,1
"MULTILINESTRING Z ((443418.489 4477797.9094 0,443421.5723 4477792.9094 0))",2643139,Verde,Línea,1
"MULTILINESTRING Z ((442379.5723 4478379.2427 0,442397.989 4478377.9927 0))",2643149,Verde,Línea,4
"MULTILINESTRING Z ((439863.6557 4472254.9094 0,439884.239 4472284.9094 0))",2643278,Verde,Batería,14
"MULTILINESTRING Z ((440813.7513 4480270.2551 0,440818.0229 4480266.1563 0))",2643288,Azul,Línea,1
"MULTILINESTRING Z ((443036.9502 4476915.6225 0,443019.3832 4476937.9389 0))",2643327,Verde,Línea,6
"MULTILINESTRING Z ((442033.4412 4474764.3292 0,442046.4811 4474771.8452 0))",2643365,Verde,Línea,3
"MULTILINESTRING Z ((440831.5723 4474339.0162 0,440854.8223 4474341.8495 0,440889.489 4474343.5162 0))",2643369,Verde,Línea,12
"MULTILINESTRING Z ((439585.2297 4473010.982 0,439565.3524 4472954.5219 0))",2643393,Azul,Batería,20
"MULTILINESTRING Z ((439565.1007 4472916.6223 0,439582.7849 4472910.5034 0))",2643395,Verde,Línea,3
"MULTILINESTRING Z ((439535.9057 4472873.0205 0,439529.5723 4472855.7983 0))",2643396,Azul,Batería,6
"MULTILINESTRING Z ((439527.3598 4472849.5666 0,439522.7782 4472836.6675 0))",2643397,Azul,Batería,4
"MULTILINESTRING Z ((439589.7209 4473023.7194 0,439586.7393 4473015.1636 0))",2643398,Azul,Batería,5
"MULTILINESTRING Z ((439595.3799 4473038.4015 0,439609.6183 4473078.5086 0))",2643399,Azul,Batería,14
"MULTILINESTRING Z ((439654.2695 4473025.7362 0,439648.5937 4473064.4087 0))",2643400,Azul,Batería,17
"MULTILINESTRING Z ((439669.0844 4472926.1691 0,439665.1402 4472951.4698 0))",2643404,Azul,Batería,10
"MULTILINESTRING Z ((439663.7934 4472961.8594 0,439660.1377 4472986.7752 0))",2643405,Azul,Batería,10
"MULTILINESTRING Z ((439609.5538 4479095.0287 0,439614.4921 4479152.2798 0))",2643406,Azul,Línea,11
"MULTILINESTRING Z ((439750.3345 4479233.492 0,439737.9179 4479238.5754 0))",2643408,Verde,Línea,2
"MULTILINESTRING Z ((439687.6626 4472875.1525 0,439677.3494 4472947.3445 0))",2643409,Verde,Batería,27
"MULTILINESTRING Z ((439625.886 4472888.7175 0,439666.8355 4472873.2522 0))",2643410,Verde,Línea,8
"MULTILINESTRING Z ((439558.3436 4472913.3536 0,439604.8388 4472896.6113 0))",2643412,Verde,Línea,9
"MULTILINESTRING Z ((439680.8223 4472854.9927 0,439686.4057 4472815.6594 0))",2643413,Azul,Batería,14
"MULTILINESTRING Z ((439753.739 4472847.3261 0,439781.3223 4472837.1594 0))",2643416,Verde,Línea,6
"MULTILINESTRING Z ((439789.989 4472834.0761 0,439783.739 4472836.2427 0))",2643417,Verde,Línea,1
"MULTILINESTRING Z ((439767.0307 4472991.7011 0,439746.4057 4472999.2011 0))",2643419,Verde,Línea,5
"MULTILINESTRING Z ((439796.6353 4472981.3661 0,439847.509 4472962.3489 0,439874.249 4472952.6954 0,439893.4593 4472946.2276 0))",2643422,Verde,Línea,21
"MULTILINESTRING Z ((439676.6557 4473018.9511 0,439754.2807 4472991.0761 0))",2643424,Verde,Línea,17
"MULTILINESTRING Z ((439779.5307 4472981.7011 0,439759.9057 4472988.9511 0))",2643425,Verde,Línea,4
"MULTILINESTRING Z ((439898.5723 4473029.5761 0,439900.0723 4473019.3261 0))",2643428,Verde,Línea,2
"MULTILINESTRING Z ((439708.3955 4479173.233 0,439705.029 4479126.5476 0))",2643433,Verde,Batería,16
"MULTILINESTRING Z ((439748.6896 4479150.4773 0,439749.6032 4479148.6748 0))",2643447,Verde,Batería,1
"MULTILINESTRING Z ((439447.6557 4472631.9927 0,439468.9057 4472690.4094 0))",2643452,Azul,Batería,22
"MULTILINESTRING Z ((439599.9057 4472784.0761 0,439600.2807 4472795.3261 0))",2643458,Verde,Línea,2
"MULTILINESTRING Z ((439601.0307 4472802.9511 0,439600.9057 4472798.4511 0))",2643459,Verde,Línea,1
"MULTILINESTRING Z ((439606.2825 4472810.4609 0,439607.9701 4472845.7131 0))",2643461,Verde,Línea,7
"MULTILINESTRING Z ((439859.4057 4472661.9511 0,439840.5307 4472712.9511 0))",2643471,Azul,Línea,11
"MULTILINESTRING Z ((439807.0307 4472647.0761 0,439821.1557 4472642.3261 0))",2643474,Verde,Línea,3
"MULTILINESTRING Z ((439871.1557 4472633.0761 0,439904.6557 4472621.5761 0))",2643476,Verde,Línea,7
"MULTILINESTRING Z ((439976.6557 4472596.8261 0,439910.5307 4472619.4511 0))",2643477,Verde,Línea,15
"MULTILINESTRING Z ((439984.5144 4472668.1428 0,439991.5833 4472647.8322 0))",2643483,Verde,Línea,3
"MULTILINESTRING Z ((439967.5889 4472679.4929 0,439996.1631 4472601.5359 0))",2643484,Verde,Línea,16
"MULTILINESTRING Z ((440039.2931 4472700.1519 0,440072.8685 4472712.5968 0))",2643486,Verde,Línea,6
"MULTILINESTRING Z ((439987.9384 4472681.9888 0,440002.9634 4472687.3007 0))",2643487,Verde,Línea,2
"MULTILINESTRING Z ((440128.0356 4472691.6229 0,440134.0032 4472680.5402 0))",2643490,Verde,Batería,3
"MULTILINESTRING Z ((439842.4797 4479219.1687 0,439828.739 4479226.3168 0))",2643500,Verde,Línea,3
"MULTILINESTRING Z ((439860.5662 4479154.7983 0,439863.3645 4479160.1481 0))",2643502,Verde,Línea,1
"MULTILINESTRING Z ((439868.2452 4479169.5143 0,439865.4057 4479164.0576 0))",2643503,Verde,Línea,1
"MULTILINESTRING Z ((439886.4427 4479208.2798 0,439889.1834 4479213.7613 0))",2643511,Verde,Línea,1
"MULTILINESTRING Z ((439696.4179 4478961.0476 0,439697.4549 4478965.492 0))",2643519,Azul,Batería,1
"MULTILINESTRING Z ((439743.6032 4479087.1687 0,439746.8131 4479080.6995 0))",2643531,Verde,Línea,1
"MULTILINESTRING Z ((442309.489 4479529.2427 0,442282.989 4479533.2427 0))",2643550,Azul,Línea,5
"MULTILINESTRING Z ((439794.3933 4479223.7613 0,439797.0723 4479229.4927 0))",2643551,Verde,Línea,1
"MULTILINESTRING Z ((440188.7616 4472604.4817 0,440214.17 4472626.5196 0))",2643564,Verde,Línea,5
"MULTILINESTRING Z ((440241.7597 4472650.701 0,440277.3869 4472681.6404 0))",2643567,Verde,Línea,10
"MULTILINESTRING Z ((440324.5723 4472630.2427 0,440309.9057 4472657.1594 0))",2643569,Verde,Línea,6
"MULTILINESTRING Z ((440355.4057 4472570.9511 0,440327.2807 4472623.5761 0))",2643573,Verde,Línea,13
"MULTILINESTRING Z ((440406.4057 4472790.5761 0,440414.4057 4472796.8261 0))",2643581,Verde,Línea,2
"MULTILINESTRING Z ((439613.989 4472434.4094 0,439612.1557 4472428.6594 0))",2643582,Verde,Línea,1
"MULTILINESTRING Z ((440786.6279 4480296.3909 0,440801.6649 4480281.9464 0))",2643583,Verde,Línea,4
"MULTILINESTRING Z ((439608.3451 4472444.063 0,439621.4709 4472477.8151 0))",2643584,Verde,Batería,13
"MULTILINESTRING Z ((439634.7843 4472512.3173 0,439622.7835 4472483.0655 0))",2643585,Verde,Batería,11
"MULTILINESTRING Z ((439639.8471 4472500.5041 0,439663.0985 4472560.3203 0))",2643586,Verde,Batería,23
"MULTILINESTRING Z ((439673.9742 4472588.6346 0,439663.0985 4472560.3203 0))",2643588,Verde,Línea,7
"MULTILINESTRING Z ((439749.7627 4472516.9267 0,439757.9201 4472528.7022 0))",2643590,Verde,Línea,2
"MULTILINESTRING Z ((439857.739 4472470.1594 0,439845.6557 4472454.2427 0))",2643596,Verde,Línea,4
"MULTILINESTRING Z ((439879.489 4472401.9927 0,439915.8223 4472450.4927 0))",2643598,Verde,Línea,12
"MULTILINESTRING Z ((440048.3718 4472573.9993 0,440157.465 4472547.9307 0))",2643602,Verde,Línea,24
"MULTILINESTRING Z ((440154.8671 4472535.9292 0,440045.1795 4472562.501 0))",2643603,Verde,Línea,24
"MULTILINESTRING Z ((440300.6178 4472476.1556 0,440292.4607 4472469.3448 0))",2643605,Verde,Línea,2
"MULTILINESTRING Z ((440512.3223 4472435.9927 0,440534.489 4472398.3261 0))",2643607,Verde,Línea,9
"MULTILINESTRING Z ((439747.2797 4472304.3016 0,439781.0962 4472281.2558 0))",2643613,Verde,Línea,8
"MULTILINESTRING Z ((439837.8001 4472242.6084 0,439796.4601 4472270.7228 0))",2643618,Verde,Línea,9
"MULTILINESTRING Z ((439848.9226 4472246.2382 0,439885.2999 4472299.304 0))",2643620,Verde,Línea,13
"MULTILINESTRING Z ((439883.0307 4472211.4511 0,439949.1557 4472165.4511 0))",2643623,Verde,Línea,16
"MULTILINESTRING Z ((439952.9057 4472163.3261 0,439975.5307 4472147.5761 0))",2643627,Verde,Línea,6
"MULTILINESTRING Z ((440154.7542 4472246.4257 0,440116.3143 4472327.6183 0))",2643631,Verde,Línea,19
"MULTILINESTRING Z ((440166.755 4472251.301 0,440104.5011 4472387.247 0))",2643633,Verde,Línea,32
"MULTILINESTRING Z ((440221.6557 4472132.3261 0,440218.7807 4472139.0761 0))",2643636,Verde,Línea,1
"MULTILINESTRING Z ((440314.1557 4472305.4511 0,440312.6557 4472308.7011 0))",2643638,Verde,Batería,1
"MULTILINESTRING Z ((439694.0105 4479013.455 0,439689.4919 4478994.2328 0))",2643679,Verde,Batería,7
"MULTILINESTRING Z ((440388.6155 4482043.7613 0,440398.9365 4482045.3662 0))",2643726,Verde,Línea,2
"MULTILINESTRING Z ((440449.9489 4482057.7859 0,440467.1094 4482062.6255 0))",2643728,Verde,Línea,3
"MULTILINESTRING Z ((441701.5307 4474716.8495 0,441699.2807 4474696.7245 0))",2643738,Verde,Línea,4
"MULTILINESTRING Z ((440620.9612 4482094.7983 0,440636.1834 4482101.0946 0,440646.2205 4482105.3909 0))",2643753,Verde,Línea,5
"MULTILINESTRING Z ((440434.0353 4481895.7983 0,440450.2946 4481904.3538 0))",2643758,Azul,Batería,6
"MULTILINESTRING Z ((440242.2452 4481667.2674 0,440244.3686 4481667.9835 0))",2643793,Verde,Batería,1
"MULTILINESTRING Z ((440327.4304 4481697.6378 0,440325.4057 4481696.8477 0))",2643794,Verde,Batería,1
"MULTILINESTRING Z ((440622.8341 4472092.3465 0,440641.8583 4472090.1324 0))",2643795,Verde,Batería,8
"MULTILINESTRING Z ((440642.1863 4472089.8044 0,440654.3224 4472088.5744 0))",2643796,Verde,Batería,5
"MULTILINESTRING Z ((440682.5307 4472085.7044 0,440655.4704 4472088.3284 0))",2643797,Verde,Batería,9
"MULTILINESTRING Z ((440860.8825 4472955.2411 0,440969.6976 4472978.2013 0))",2643798,Verde,Línea,23
"MULTILINESTRING Z ((440363.0106 4481711.8847 0,440361.0353 4481711.144 0))",2643799,Verde,Batería,1
"MULTILINESTRING Z ((440849.1279 4481820.1872 0,440829.739 4481810.6316 0))",2643836,Verde,Batería,9
"MULTILINESTRING Z ((440772.5003 4481781.7942 0,440809.1423 4481800.3292 0))",2643838,Verde,Batería,16
"MULTILINESTRING Z ((441300.1546 4478456.7078 0,441300.6978 4478462.5843 0))",2643846,Verde,Batería,2
"MULTILINESTRING Z ((441045.3316 4481694.2057 0,441030.0723 4481699.3538 0))",2643858,Verde,Batería,6
"MULTILINESTRING Z ((441208.8789 4481746.1234 0,441208.7801 4481743.0617 0))",2643864,Verde,Batería,1
"MULTILINESTRING Z ((441089.5291 4481668.7242 0,441094.418 4481669.5143 0))",2643870,Verde,Línea,1
"MULTILINESTRING Z ((441205.6834 4481650.1872 0,441206.239 4481666.6872 0))",2643886,Verde,Batería,7
"MULTILINESTRING Z ((441388.9612 4481376.7407 0,441392.8625 4481375.0123 0))",2643907,Rojo,Línea,1
"MULTILINESTRING Z ((440452.6649 4481252.4279 0,440473.9489 4481257.9835 0))",2643924,Verde,Línea,4
"MULTILINESTRING Z ((440554.4057 4481134.1687 0,440555.8501 4481128.9094 0))",2643948,Verde,Línea,1
"MULTILINESTRING Z ((440941.4057 4481096.3168 0,440952.739 4481198.3168 0))",2643965,Verde,Línea,21
"MULTILINESTRING Z ((441281.2328 4480968.7242 0,441295.1094 4480966.6501 0,441309.8748 4480964.2304 0,441423.5291 4480946.5761 0))",2643980,Rojo,Línea,31
"MULTILINESTRING Z ((441507.9983 4480780.1316 0,441478.739 4480860.6131 0))",2643983,Rojo,Línea,17
"MULTILINESTRING Z ((441041.8007 4480995.7119 0,440996.2575 4481002.7613 0))",2643996,Azul,Línea,9
"MULTILINESTRING Z ((440948.4427 4481010.1316 0,440979.3686 4481005.3168 0))",2643997,Verde,Línea,6
"MULTILINESTRING Z ((440791.9489 4480918.9464 0,440840.2452 4480900.6501 0))",2644006,Verde,Línea,11
"MULTILINESTRING Z ((440683.5785 4480803.2098 0,440719.4797 4480838.9794 0))",2644034,Verde,Línea,10
"MULTILINESTRING Z ((440693.6773 4480910.6008 0,440740.6896 4480921.8106 0))",2644035,Verde,Línea,10
"MULTILINESTRING Z ((442925.739 4475948.4094 0,442919.8223 4475948.8261 0))",2644036,Verde,Línea,1
"MULTILINESTRING Z ((440753.455 4480997.465 0,440757.2575 4480954.5514 0))",2644037,Verde,Línea,8
"MULTILINESTRING Z ((440550.1834 4480888.8353 0,440562.3686 4480866.9835 0))",2644038,Verde,Línea,5
"MULTILINESTRING Z ((440419.4797 4480832.1069 0,440418.1958 4480836.7983 0))",2644041,Verde,Línea,1
"MULTILINESTRING Z ((440420.9983 4480826.502 0,440425.1834 4480810.9094 0))",2644042,Verde,Línea,3
"MULTILINESTRING Z ((439361.0106 4477298.6995 0,439365.3563 4477308.3538 0))",2644191,Verde,Línea,2
"MULTILINESTRING Z ((442036.9118 4479130.7242 0,442036.9859 4479119.7366 0))",2644193,Verde,Línea,2
"MULTILINESTRING Z ((442037.2411 4479098.6995 0,442037.0764 4479113.8436 0))",2644196,Verde,Línea,3
"MULTILINESTRING Z ((441925.3223 4478117.1594 0,441930.3223 4478116.7427 0))",2644211,Verde,Batería,1
"MULTILINESTRING Z ((441935.8223 4478116.4927 0,441954.739 4478115.4927 0))",2644212,Verde,Batería,5
"MULTILINESTRING Z ((441961.8223 4478115.0761 0,441969.1557 4478114.6594 0))",2644213,Verde,Batería,2
"MULTILINESTRING Z ((441980.239 4478114.0761 0,442008.239 4478112.4927 0))",2644214,Verde,Batería,9
"MULTILINESTRING Z ((442015.0723 4478112.1594 0,442027.489 4478111.4927 0))",2644215,Verde,Batería,4
"MULTILINESTRING Z ((442034.9057 4478111.0761 0,442047.1557 4478110.3261 0))",2644216,Verde,Batería,3
"MULTILINESTRING Z ((442018.0723 4478030.0761 0,442029.0723 4478025.3261 0,442037.0723 4478021.6594 0,442037.8223 4478021.4094 0))",2644231,Verde,Línea,4
"MULTILINESTRING Z ((442041.9057 4478019.4094 0,442050.739 4478015.2427 0))",2644235,Verde,Línea,2
"MULTILINESTRING Z ((442455.0774 4477983.9692 0,442454.5049 4477976.6219 0))",2644245,Verde,Batería,2
"MULTILINESTRING Z ((440774.4179 4474866.242 0,440769.8345 4474868.492 0))",2644249,Verde,Línea,1
"MULTILINESTRING Z ((440423.4948 4476399.4701 0,440428.3542 4476385.5461 0))",2644258,Verde,Línea,3
"MULTILINESTRING Z ((440414.0201 4476390.6063 0,440412.1293 4476396.0562 0))",2644259,Verde,Línea,1
"MULTILINESTRING Z ((440598.1557 4475864.3261 0,440605.3223 4475841.4094 0))",2644260,Verde,Línea,4
"MULTILINESTRING Z ((439856.8223 4476299.1594 0,439885.489 4476296.6594 0))",2644261,Verde,Línea,5
"MULTILINESTRING Z ((441191.0029 4476160.222 0,441131.0929 4476158.7657 0))",2644262,Verde,Línea,11
"MULTILINESTRING Z ((441649.8223 4477872.9927 0,441653.739 4477868.9927 0,441656.4057 4477866.0761 0,441657.489 4477864.4927 0,441658.3223 4477861.6594 0))",2644270,Verde,Línea,3
"MULTILINESTRING Z ((441634.0851 4477835.2097 0,441652.5011 4477853.0532 0))",2644275,Verde,Batería,9
"MULTILINESTRING Z ((441641.9095 4477828.8165 0,441633.2263 4477820.1333 0,441632.5583 4477819.5608 0))",2644276,Verde,Línea,3
"MULTILINESTRING Z ((441775.5927 4477828.6257 0,441806.795 4477810.2097 0))",2644283,Verde,Línea,7
"MULTILINESTRING Z ((443325.4057 4474664.5761 0,443356.2807 4474654.5761 0))",2644315,Azul,Línea,6
"MULTILINESTRING Z ((443362.1557 4474652.2011 0,443402.7807 4474638.9511 0))",2644316,Azul,Línea,9
"MULTILINESTRING Z ((442450.6557 4477923.5761 0,442445.9057 4477855.7011 0,442444.0307 4477831.2011 0))",2644343,Verde,Batería,35
"MULTILINESTRING Z ((442329.4057 4477603.3261 0,442319.6557 4477590.9511 0))",2644344,Verde,Línea,3
"MULTILINESTRING Z ((442315.9057 4477586.3261 0,442292.4057 4477556.0761 0,442286.9057 4477549.4511 0,442282.2807 4477542.8261 0))",2644345,Verde,Línea,12
"MULTILINESTRING Z ((442347.8223 4477610.1594 0,442354.5723 4477618.8261 0))",2644346,Verde,Línea,2
"MULTILINESTRING Z ((442242.8223 4477468.7427 0,442250.6557 4477479.4927 0))",2644348,Verde,Línea,4
"MULTILINESTRING Z ((442204.0723 4477638.9094 0,442173.4057 4477656.1594 0))",2644349,Verde,Línea,7
"MULTILINESTRING Z ((442058.6557 4477630.4094 0,442041.5723 4477599.2427 0))",2644350,Verde,Línea,7
"MULTILINESTRING Z ((441885.989 4477519.4094 0,441902.0723 4477507.9094 0))",2644354,Verde,Línea,4
"MULTILINESTRING Z ((441922.0723 4477699.7427 0,441932.3223 4477695.1594 0))",2644357,Verde,Línea,2
"MULTILINESTRING Z ((441586.8223 4477596.8261 0,441585.6557 4477626.0761 0))",2644362,Verde,Línea,6
"MULTILINESTRING Z ((441503.739 4477315.7427 0,441502.3223 4477299.9094 0))",2644363,Verde,Línea,3
"MULTILINESTRING Z ((441585.6557 4477301.8261 0,441585.9057 4477298.1594 0,441585.989 4477294.6594 0,441585.739 4477292.4927 0))",2644364,Azul,Línea,2
"MULTILINESTRING Z ((442935.9057 4472847.4511 0,442927.7807 4472852.8261 0))",2644378,Verde,Línea,1
"MULTILINESTRING Z ((442592.739 4475410.4094 0,442612.1557 4475408.9094 0))",2644381,Verde,Línea,4
"MULTILINESTRING Z ((442130.1557 4477336.4511 0,442137.1557 4477440.4511 0))",2644388,Azul,Línea,22
"MULTILINESTRING Z ((442211.989 4477442.0761 0,442223.5723 4477460.1594 0))",2644390,Verde,Línea,4
"MULTILINESTRING Z ((441393.7158 4477125.0075 0,441394.7201 4477139.8714 0))",2644397,Azul,Línea,3
"MULTILINESTRING Z ((441812.1535 4476922.7575 0,441813.2965 4476936.3309 0,441813.1536 4476936.9024 0))",2644402,Azul,Línea,3
"MULTILINESTRING Z ((441814.1538 4476949.1899 0,441815.4397 4476969.1927 0))",2644403,Azul,Línea,5
"MULTILINESTRING Z ((441827.2985 4476923.9005 0,441828.2986 4476935.1879 0,441828.2986 4476936.0451 0))",2644404,Verde,Línea,2
"MULTILINESTRING Z ((442371.5569 4476666.293 0,442381.1778 4476664.4831 0))",2644413,Verde,Línea,2
"MULTILINESTRING Z ((442322.6905 4476687.0588 0,442360.9835 4476680.2956 0,442367.6514 4476678.4858 0,442370.6996 4476677.5332 0))",2644414,Verde,Batería,17
"MULTILINESTRING Z ((442308.4973 4476689.8213 0,442317.8324 4476688.2019 0))",2644415,Verde,Batería,3
"MULTILINESTRING Z ((441168.2807 4472979.9511 0,441172.0307 4473020.2011 0))",2644418,Azul,Línea,8
"MULTILINESTRING Z ((441175.9057 4473061.8261 0,441172.7807 4473027.7011 0))",2644419,Azul,Línea,6
"MULTILINESTRING Z ((442296.9713 4476692.0122 0,442290.3986 4476693.1552 0))",2644420,Verde,Batería,2
"MULTILINESTRING Z ((441796.437 4476708.0126 0,441797.1513 4476714.1563 0))",2644421,Azul,Línea,1
"MULTILINESTRING Z ((441797.3206 4476717.0963 0,441798.5907 4476736.4016 0))",2644423,Azul,Línea,5
"MULTILINESTRING Z ((443510.4057 4475515.9927 0,443496.989 4475507.8261 0))",2644540,Verde,Línea,3
"MULTILINESTRING Z ((442391.7587 4474533.7066 0,442393.8368 4474523.8701 0))",2644663,Verde,Línea,2
"MULTILINESTRING Z ((442521.9057 4479205.3261 0,442520.489 4479198.0761 0))",2644777,Verde,Línea,1
"MULTILINESTRING Z ((440341.6032 4481144.7242 0,440343.3563 4481138.181 0))",2644778,Verde,Batería,3
"MULTILINESTRING Z ((440341.2328 4481152.823 0,440343.2575 4481145.3662 0))",2644781,Verde,Batería,3
"MULTILINESTRING Z ((443606.739 4475478.6594 0,443625.4057 4475490.4927 0))",2644878,Verde,Línea,4
"MULTILINESTRING Z ((443626.1557 4475490.8261 0,443633.1557 4475495.3261 0))",2644879,Verde,Línea,1
"MULTILINESTRING Z ((438849.239 4472974.9927 0,438851.4057 4472945.9094 0))",2644880,Verde,Línea,6
"MULTILINESTRING Z ((438853.5723 4472926.5761 0,438851.1557 4472945.7427 0))",2644881,Verde,Línea,4
"MULTILINESTRING Z ((441036.739 4475529.6594 0,441024.8223 4475515.7427 0))",2644884,Verde,Línea,3
"MULTILINESTRING Z ((441017.0723 4475506.0761 0,441024.8223 4475515.6594 0))",2644886,Verde,Línea,2
"MULTILINESTRING Z ((438896.5723 4475464.2662 0,438891.4057 4475471.4329 0))",2644887,Verde,Línea,2
"MULTILINESTRING Z ((441900.489 4477609.2427 0,441876.9057 4477616.6594 0))",2644939,Verde,Línea,6
"MULTILINESTRING Z ((441928.489 4477600.0761 0,441905.489 4477607.7427 0))",2644940,Verde,Línea,5
"MULTILINESTRING Z ((440274.6649 4481102.465 0,440307.0723 4481111.0205 0))",2644968,Verde,Batería,14
"MULTILINESTRING Z ((441906.5307 4477045.7011 0,441981.2807 4477040.3261 0))",2644996,Verde,Línea,16
"MULTILINESTRING Z ((444586.5168 4477020.8538 0,444605.6279 4477037.2983 0))",2645000,Verde,Línea,5
"MULTILINESTRING Z ((442612.8223 4475408.8261 0,442618.3223 4475408.4094 0))",2645007,Verde,Línea,1
"MULTILINESTRING Z ((441753.2255 4475162.256 0,441746.9039 4475101.6739 0))",2645009,Verde,Línea,13
"MULTILINESTRING Z ((444652.8189 4476822.8929 0,444687.874 4476844.7937 0))",2645011,Verde,Línea,8
"MULTILINESTRING Z ((444697.5168 4476850.9464 0,444711.0723 4476859.465 0))",2645012,Verde,Línea,3
"MULTILINESTRING Z ((439886.9242 4478347.465 0,439873.4427 4478341.0205 0))",2645015,Verde,Línea,3
"MULTILINESTRING Z ((441808.239 4479255.8261 0,441826.1557 4479254.5761 0))",2645021,Verde,Batería,7
"MULTILINESTRING Z ((443549.7267 4476259.3415 0,443551.1094 4476251.3168 0))",2645027,Verde,Línea,1
"MULTILINESTRING Z ((440547.0723 4472077.6594 0,440520.3223 4472080.8261 0))",2645101,Verde,Batería,11
"MULTILINESTRING Z ((439569.989 4476192.9094 0,439559.9057 4476193.7427 0))",2645143,Azul,Línea,3
"MULTILINESTRING Z ((442777.1557 4477060.9927 0,442783.989 4477067.6594 0))",2645184,Verde,Línea,2
"MULTILINESTRING Z ((441059.9057 4476195.7011 0,441057.7807 4476165.0761 0))",2645189,Verde,Línea,6
"MULTILINESTRING Z ((441935.239 4479416.8261 0,441965.739 4479414.4927 0))",2645190,Verde,Línea,6
"MULTILINESTRING Z ((441870.9057 4478754.5761 0,441870.0307 4478749.8261 0,441868.4057 4478744.3261 0,441866.9057 4478741.2011 0))",2645191,Verde,Línea,3
"MULTILINESTRING Z ((441871.739 4478766.1594 0,441872.239 4478771.7427 0))",2645192,Verde,Línea,1
"MULTILINESTRING Z ((441873.5723 4478787.2427 0,441874.5723 4478799.7427 0))",2645193,Verde,Línea,2
"MULTILINESTRING Z ((442587.7278 4475585.3043 0,442588.8846 4475605.2367 0))",2645209,Verde,Batería,7
"MULTILINESTRING Z ((442845.4249 4475597.94 0,442845.5435 4475602.6265 0))",2645211,Verde,Batería,1
"MULTILINESTRING Z ((442863.7555 4475857.8617 0,442865.0013 4475874.2347 0))",2645214,Verde,Batería,5
"MULTILINESTRING Z ((442991.7143 4475730.7039 0,442993.138 4475748.9455 0))",2645216,Verde,Batería,7
"MULTILINESTRING Z ((442757.6869 4475957.5236 0,442782.3354 4475955.9219 0))",2645218,Azul,Línea,5
"MULTILINESTRING Z ((442565.6557 4475373.9511 0,442559.5307 4475291.5761 0))",2645230,Verde,Línea,18
"MULTILINESTRING Z ((442559.5168 4475290.7427 0,442558.2946 4475273.2983 0))",2645231,Verde,Línea,3
"MULTILINESTRING Z ((442509.8373 4476151.36 0,442509.0068 4476138.7243 0))",2645237,Verde,Línea,2
"MULTILINESTRING Z ((442445.7986 4476357.7727 0,442503.5491 4476353.5015 0,442505.0618 4476353.3235 0))",2645238,Verde,Batería,21
"MULTILINESTRING Z ((442563.8801 4476357.7727 0,442579.5413 4476356.6159 0))",2645240,Verde,Línea,3
"MULTILINESTRING Z ((439198.6557 4475957.3495 0,439202.1557 4476018.4745 0))",2645264,Verde,Línea,13
"MULTILINESTRING Z ((441423.5723 4475833.3261 0,441425.489 4475842.3261 0))",2645271,Verde,Línea,2
"MULTILINESTRING Z ((441414.989 4475793.1594 0,441422.4057 4475828.5761 0))",2645272,Verde,Línea,7
"MULTILINESTRING Z ((440695.7941 4475773.0272 0,440699.6164 4475763.1099 0))",2645273,Verde,Línea,2
"MULTILINESTRING Z ((440700.989 4475758.9927 0,440704.4057 4475749.8261 0))",2645274,Verde,Línea,2
"MULTILINESTRING Z ((443242.989 4475935.4927 0,443264.5723 4475938.7427 0))",2645293,Verde,Línea,4
"MULTILINESTRING Z ((439505.3223 4473100.3495 0,439515.739 4473108.0995 0))",2645333,Azul,Línea,2
"MULTILINESTRING Z ((440841.2946 4482056.3538 0,440847.0168 4482059.2983 0,440864.2946 4482069.6316 0,440881.4612 4482079.6872 0,440882.7946 4482080.2427 0))",2645351,Verde,Línea,9
"MULTILINESTRING Z ((440803.0106 4482181.4897 0,440808.2699 4482183.3662 0,440823.8501 4482189.539 0,440827.6773 4482190.6008 0,440831.8501 4482190.7983 0,440835.1588 4482190.7983 0,440838.7143 4482190.2057 0,440842.3439 4482189.1687 0,440845.6279 4482187.7366 0,440846.3686 4482187.2921 0,440849.06 4482185.5637 0,440852.8625 4482182.5267 0,440855.9983 4482179.0946 0,440858.6402 4482174.6995 0,440860.6402 4482170.0082 0,440863.8748 4482163.1193 0,440866.7884 4482156.0822 0,440886.9365 4482110.8971 0,440890.5662 4482103.86 0,440892.7143 4482099.9341 0,440897.3316 4482090.7242 0,440903.4797 4482079.7119 0,440904.1958 4482078.5761 0))",2645361,Verde,Línea,35
"MULTILINESTRING Z ((440908.5908 4482054.8353 0,440925.8871 4482029.1687 0,440942.5908 4482004.7613 0))",2645363,Verde,Línea,13
"MULTILINESTRING Z ((451533.4057 4477443.2427 0,451534.739 4477502.4094 0))",2645374,,Línea,12
"MULTILINESTRING Z ((440199.3686 4481958.1687 0,440270.5908 4481985.4279 0))",2645376,Verde,Línea,17
"MULTILINESTRING Z ((440403.7596 4481798.6666 0,440428.0394 4481745.6296 0))",2645378,Verde,Línea,12
"MULTILINESTRING Z ((441082.8131 4481749.1193 0,441088.5168 4481763.3662 0,441095.1094 4481782.1563 0,441098.8378 4481792.5514 0,441099.381 4481793.8353 0,441099.702 4481795.8353 0,441099.3069 4481797.7119 0,441098.2205 4481800.0576 0))",2645385,Verde,Línea,11
"MULTILINESTRING Z ((441204.7143 4481616.823 0,441204.6155 4481613.1687 0))",2645391,Verde,Batería,1
"MULTILINESTRING Z ((440733.3892 4481266.9794 0,440838.097 4481252.8065 0))",2645393,Verde,Línea,22
"MULTILINESTRING Z ((441151.5127 4481449.9259 0,441160.9283 4481449.432 0))",2645395,Verde,Línea,1
"MULTILINESTRING Z ((441151.4139 4481435.4238 0,441160.0065 4481435.3744 0))",2645397,Verde,Línea,1
"MULTILINESTRING Z ((440414.8213 4481242.2715 0,440368.1958 4481230.2551 0))",2645399,Azul,Línea,9
"MULTILINESTRING Z ((440375.5044 4481042.4773 0,440368.7884 4481040.9464 0))",2645400,Verde,Línea,1
"MULTILINESTRING Z ((443206.0307 4474935.0761 0,443218.5307 4474934.0761 0))",2645403,Verde,Batería,6
"MULTILINESTRING Z ((440865.3563 4481249.1357 0,440904.4015 4481243.8024 0))",2645405,Verde,Línea,8
"MULTILINESTRING Z ((442818.5205 4472224.9787 0,442801.645 4472200.0916 0))",2645418,Verde,Línea,6
"MULTILINESTRING Z ((440472.0723 4480644.2798 0,440467.9612 4480661.0946 0,440467.776 4480664.2798 0))",2645438,Verde,Línea,4
"MULTILINESTRING Z ((441631.381 4480646.5514 0,441666.3686 4480639.0699 0))",2645440,Azul,Línea,7
"MULTILINESTRING Z ((442090.1557 4477796.3261 0,442082.0723 4477800.7427 0))",2645498,Verde,Línea,2
"MULTILINESTRING Z ((439647.736 4476313.7286 0,439638.3534 4476314.3594 0))",2645521,Azul,Línea,2
"MULTILINESTRING Z ((439328.239 4475593.4094 0,439315.5723 4475586.0761 0))",2645660,Verde,Línea,3
"MULTILINESTRING Z ((441633.5538 4479421.5884 0,441675.8748 4479418.181 0))",2645699,Verde,Línea,9
"MULTILINESTRING Z ((441272.5991 4476940.0493 0,441280.9612 4476936.1316 0))",2645700,Verde,Batería,3
"MULTILINESTRING Z ((441290.0723 4476928.2798 0,441280.6279 4476933.2427 0))",2645708,Verde,Batería,6
"MULTILINESTRING Z ((442928.5606 4476886.5591 0,442921.6557 4476879.6594 0))",2645718,Verde,Línea,2
"MULTILINESTRING Z ((443715.3223 4475415.7427 0,443716.8223 4475437.0761 0))",2645843,Verde,Línea,4
"MULTILINESTRING Z ((440758.6557 4474493.4511 0,440773.0307 4474492.9511 0))",2645846,Verde,Línea,3
"MULTILINESTRING Z ((442475.0723 4473329.4094 0,442491.9057 4473360.4927 0))",2645847,Verde,Línea,7
"MULTILINESTRING Z ((441418.989 4474547.2427 0,441419.1557 4474531.1594 0))",2645897,Azul,Batería,6
"MULTILINESTRING Z ((441419.239 4474513.8261 0,441419.0723 4474530.5761 0))",2645898,Verde,Batería,6
"MULTILINESTRING Z ((445372.1834 4476039.2983 0,445351.0723 4476026.5205 0))",2645970,Verde,Batería,10
"MULTILINESTRING Z ((442491.989 4473360.5761 0,442497.1557 4473370.3261 0))",2645979,Verde,Línea,2
"MULTILINESTRING Z ((441551.489 4474441.0761 0,441550.4057 4474422.0761 0))",2645986,Verde,Línea,4
"MULTILINESTRING Z ((441543.8223 4473917.4927 0,441544.1557 4473888.3261 0))",2645991,Verde,Línea,4
"MULTILINESTRING Z ((441544.2807 4474333.2245 0,441545.0307 4474342.8495 0))",2645993,Verde,Línea,2
"MULTILINESTRING Z ((445276.3223 4475616.0761 0,445217.8223 4475606.9927 0))",2646084,Verde,Línea,12
"MULTILINESTRING Z ((441812.6557 4474695.2427 0,441814.1557 4474715.6594 0))",2646307,Verde,Línea,4
"MULTILINESTRING Z ((442569.6577 4475427.4694 0,442571.4139 4475451.9528 0))",2646609,Verde,Línea,5
"MULTILINESTRING Z ((442571.3997 4475452.7399 0,442572.4917 4475468.7104 0))",2646610,Verde,Línea,3
"MULTILINESTRING Z ((439741.9612 4477544.7983 0,439742.9612 4477568.2983 0))",2646713,Verde,Línea,5
"MULTILINESTRING Z ((439370.7884 4477543.0946 0,439381.4057 4477510.823 0))",2646715,Verde,Línea,7
"MULTILINESTRING Z ((439069.4427 4477161.8724 0,439032.3316 4477163.8353 0))",2646717,Azul,Línea,7
"MULTILINESTRING Z ((439077.5538 4477161.4279 0,439095.1094 4477160.502 0))",2646718,Azul,Línea,4
"MULTILINESTRING Z ((439264.846 4477151.4567 0,439259.8913 4477151.7201 0))",2646720,Azul,Línea,1
"MULTILINESTRING Z ((439304.2575 4477232.4279 0,439309.1464 4477234.6131 0,439313.8871 4477236.9094 0,439323.9612 4477242.5761 0))",2646724,Verde,Línea,5
"MULTILINESTRING Z ((439143.7513 4477228.4279 0,439196.5662 4477221.7613 0))",2646725,Verde,Línea,10
"MULTILINESTRING Z ((440349.9057 4475566.4927 0,440365.739 4475566.6594 0))",2646743,Verde,Línea,2
"MULTILINESTRING Z ((443389.9458 4475323.8793 0,443372.6835 4475330.5132 0))",2646766,Verde,Batería,7
"MULTILINESTRING Z ((442000.739 4471784.6594 0,442008.0723 4471793.3261 0,442009.989 4471796.0761 0,442021.5723 4471818.5761 0))",2646769,Verde,Línea,10
"MULTILINESTRING Z ((440871.0723 4471704.5761 0,440903.0723 4471711.1594 0))",2646772,Verde,Batería,11
"MULTILINESTRING Z ((439304.4509 4477242.8477 0,439307.3151 4477244.0329 0,439310.7555 4477245.8271 0,439319.0518 4477250.93 0))",2646776,Verde,Línea,4
"MULTILINESTRING Z ((439329.5723 4477258.7427 0,439339.4057 4477267.4094 0,439346.1557 4477275.2427 0))",2646777,Verde,Línea,4
"MULTILINESTRING Z ((439367.5538 4477289.3909 0,439368.6649 4477291.539 0,439370.6649 4477295.8353 0,439373.2205 4477301.6872 0,439375.9983 4477309.0946 0,439378.2205 4477316.8724 0,439379.739 4477324.0576 0,439380.739 4477329.9464 0))",2646780,Azul,Línea,8
"MULTILINESTRING Z ((439403.3316 4477047.2592 0,439407.4797 4477042.4855 0))",2646794,Verde,Batería,3
"MULTILINESTRING Z ((439496.2205 4476977.539 0,439501.8995 4476977.218 0))",2646826,Verde,Batería,2
"MULTILINESTRING Z ((439230.0168 4476850.7427 0,439238.2946 4476857.8538 0))",2646841,Azul,Línea,2
"MULTILINESTRING Z ((439258.3604 4476947.7859 0,439248.6485 4476958.8641 0))",2646842,Verde,Línea,3
"MULTILINESTRING Z ((439371.9242 4476978.7242 0,439385.776 4476990.2057 0))",2646845,Azul,Línea,3
"MULTILINESTRING Z ((439226.7061 4476980.3785 0,439229.0435 4476979.1604 0,439230.9859 4476977.7283 0,439232.9777 4476976.0987 0,439238.0641 4476970.8806 0))",2646846,Verde,Línea,3
"MULTILINESTRING Z ((439955.6279 4476895.3744 0,439978.9695 4476893.5802 0))",2646876,Verde,Línea,5
"MULTILINESTRING Z ((439383.5044 4477365.3168 0,439382.7143 4477350.5761 0,439381.455 4477336.0329 0))",2646917,Azul,Línea,6
"MULTILINESTRING Z ((440012.5908 4476707.9341 0,440027.4304 4476707.1934 0))",2646933,Azul,Línea,3
"MULTILINESTRING Z ((440038.6279 4477484.2427 0,440055.7946 4477455.3538 0))",2646951,Verde,Batería,12
"MULTILINESTRING Z ((439585.5044 4476833.1522 0,439590.4921 4476832.823 0))",2646952,Verde,Batería,2
"MULTILINESTRING Z ((439770.8625 4477219.6625 0,439790.5908 4477196.8477 0))",2646965,Verde,Línea,6
"MULTILINESTRING Z ((439721.3563 4476866.8477 0,439717.8748 4476873.9094 0))",2646996,Verde,Línea,1
"MULTILINESTRING Z ((440197.6279 4477483.7983 0,440197.776 4477486.0576 0,440200.6649 4477520.0946 0))",2647011,Verde,Línea,7
"MULTILINESTRING Z ((440076.3192 4477414.502 0,440078.6649 4477409.4403 0))",2647013,Verde,Batería,2
"MULTILINESTRING Z ((440168.097 4477180.502 0,440193.9736 4477126.9711 0))",2647027,Verde,Batería,24
"MULTILINESTRING Z ((440416.239 4475566.0761 0,440410.9057 4475566.0761 0))",2647159,Verde,Línea,1
"MULTILINESTRING Z ((442027.5723 4473122.0761 0,442100.8223 4473137.8261 0))",2647162,Azul,Línea,15
"MULTILINESTRING Z ((442100.9057 4473137.7427 0,442112.4057 4473140.0761 0))",2647163,Azul,Línea,2
"MULTILINESTRING Z ((442013.739 4474752.9927 0,442032.6557 4474763.9927 0))",2647196,Azul,Línea,5
"MULTILINESTRING Z ((443773.9057 4475357.5761 0,443778.9057 4475402.3261 0))",2647198,Verde,Línea,9
"MULTILINESTRING Z ((443779.9057 4475409.9511 0,443783.1557 4475441.2011 0))",2647199,Verde,Línea,5
"MULTILINESTRING Z ((442959.1098 4472248.0021 0,442965.7886 4472257.8179 0))",2647201,Verde,Línea,2
"MULTILINESTRING Z ((442628.6279 4472856.0761 0,442633.5168 4472863.6316 0))",2647223,Verde,Línea,2
"MULTILINESTRING Z ((442481.9511 4473131.1918 0,442490.8354 4473126.1298 0))",2647227,Azul,Línea,2
"MULTILINESTRING Z ((441100.489 4472274.8261 0,441101.4057 4472284.9927 0))",2647234,Azul,Línea,2
"MULTILINESTRING Z ((442807.9057 4474232.3261 0,442779.989 4474234.4927 0))",2647256,Verde,Línea,6
"MULTILINESTRING Z ((442780.0723 4474234.4927 0,442768.989 4474235.1594 0))",2647257,Verde,Línea,2
"MULTILINESTRING Z ((442645.4057 4473037.0761 0,442641.0723 4473039.8261 0))",2647289,Verde,Línea,1
"MULTILINESTRING Z ((442640.8223 4473039.9927 0,442631.4057 4473045.9927 0))",2647290,Verde,Línea,2
"MULTILINESTRING Z ((441052.2807 4476086.3261 0,441050.7807 4476065.7011 0))",2647301,Verde,Línea,4
"MULTILINESTRING Z ((442837.3223 4472604.9094 0,442868.6557 4472582.8261 0))",2647341,Verde,Línea,8
"MULTILINESTRING Z ((443438.8223 4475310.8261 0,443426.3223 4475315.4094 0))",2647342,Verde,Línea,3
"MULTILINESTRING Z ((443406.8223 4475323.4094 0,443426.1557 4475315.6594 0))",2647343,Azul,Línea,4
"MULTILINESTRING Z ((443236.1557 4477741.2427 0,443242.4057 4477744.9094 0))",2647366,Verde,Batería,3
"MULTILINESTRING Z ((440341.9057 4477476.3538 0,440340.6834 4477480.0205 0))",2647375,Verde,Línea,1
"MULTILINESTRING Z ((440344.7946 4477466.965 0,440342.0168 4477476.0205 0))",2647376,Verde,Línea,2
"MULTILINESTRING Z ((440349.6279 4477451.6872 0,440344.9612 4477466.2427 0))",2647377,Verde,Línea,3
"MULTILINESTRING Z ((441154.5723 4471956.5761 0,441160.8223 4471955.9094 0))",2647420,Verde,Batería,2
"MULTILINESTRING Z ((442890.989 4474358.9094 0,442890.239 4474344.1594 0))",2647494,Verde,Línea,3
"MULTILINESTRING Z ((440286.4057 4473175.6594 0,440301.989 4473138.3261 0))",2647499,Verde,Línea,8
"MULTILINESTRING Z ((439388.4057 4475072.3261 0,439383.8223 4475062.4094 0))",2647635,Verde,Línea,2
"MULTILINESTRING Z ((441843.3223 4475466.6829 0,441870.0723 4475464.7662 0))",2647639,Verde,Batería,10
"MULTILINESTRING Z ((441874.6557 4475358.3261 0,441876.1557 4475376.1594 0))",2647640,Verde,Batería,9
"MULTILINESTRING Z ((441880.3223 4475407.9094 0,441877.9057 4475384.4927 0))",2647641,Verde,Batería,11
"MULTILINESTRING Z ((442385.8395 4474990.3429 0,442371.0957 4474991.3739 0))",2647686,Verde,Línea,3
"MULTILINESTRING Z ((442401.9148 4474989.4819 0,442386.1416 4474990.3643 0))",2647687,Verde,Línea,3
"MULTILINESTRING Z ((443125.1557 4474941.4927 0,443103.9057 4474943.0761 0))",2647725,Verde,Batería,9
"MULTILINESTRING Z ((443089.6557 4474943.9094 0,443103.0723 4474943.0761 0))",2647726,Verde,Batería,4
"MULTILINESTRING Z ((440380.4427 4477427.2057 0,440399.6649 4477425.6501 0,440404.776 4477425.1687 0,440406.6649 4477425.2057 0))",2647752,Verde,Batería,10
"MULTILINESTRING Z ((442765.739 4477049.2427 0,442761.5723 4477044.9927 0))",2647754,Verde,Línea,1
"MULTILINESTRING Z ((442756.9057 4477040.1594 0,442760.739 4477044.1594 0))",2647756,Verde,Línea,1
"MULTILINESTRING Z ((440996.1217 4477402.4032 0,440996.9118 4477415.4403 0))",2647761,Verde,Línea,2
"MULTILINESTRING Z ((440997.2575 4477421.2235 0,440998.8378 4477447.4512 0))",2647764,Verde,Línea,5
"MULTILINESTRING Z ((439970.4057 4474886.9927 0,439969.1557 4474880.7427 0))",2647776,Verde,Línea,1
"MULTILINESTRING Z ((441067.5291 4477450.0246 0,441067.1999 4477445.251 0))",2647777,Azul,Línea,1
"MULTILINESTRING Z ((441010.8131 4477354.502 0,441030.0353 4477353.3538 0))",2647785,Verde,Línea,4
"MULTILINESTRING Z ((440312.3192 4477319.8353 0,440350.8213 4477318.3703 0))",2647786,Verde,Batería,14
"MULTILINESTRING Z ((440575.2575 4477291.7613 0,440560.739 4477292.7736 0))",2647799,Verde,Batería,5
"MULTILINESTRING Z ((440587.739 4477190.8724 0,440594.5538 4477283.539 0))",2647801,Verde,Batería,33
"MULTILINESTRING Z ((440631.4427 4477296.7983 0,440680.3316 4477293.3168 0))",2647803,Verde,Línea,10
"MULTILINESTRING Z ((440595.1094 4477170.0329 0,440600.1711 4477169.6625 0))",2647804,Verde,Línea,1
"MULTILINESTRING Z ((440575.4057 4477150.5761 0,440573.6279 4477125.7613 0))",2647805,Verde,Línea,2
"MULTILINESTRING Z ((441056.6024 4477340.4069 0,441052.2584 4477270.032 0))",2647835,Azul,Línea,15
"MULTILINESTRING Z ((441051.4292 4477256.4916 0,441050.644 4477243.8496 0,441050.6879 4477240.1185 0,441050.883 4477237.8311 0,441051.3658 4477234.5974 0,441053.4582 4477225.8622 0,441056.3943 4477217.6391 0,441058.8671 4477212.4692 0,441067.934 4477197.6471 0,441072.1525 4477189.2825 0,441077.1764 4477175.9334 0,441077.4544 4477174.48 0,441078.4006 4477171.7048 0))",2647836,Azul,Línea,18
"MULTILINESTRING Z ((441033.252 4477238.6611 0,441033.4496 4477243.8518 0))",2647837,Verde,Línea,1
"MULTILINESTRING Z ((440997.6526 4477185.5143 0,441048.1464 4477181.3909 0))",2647838,Verde,Línea,11
"MULTILINESTRING Z ((441059.9057 4477174.4094 0,441063.239 4477164.1594 0))",2647839,Verde,Línea,2
"MULTILINESTRING Z ((440996.4057 4477141.5761 0,441052.5908 4477137.539 0))",2647848,Verde,Línea,12
"MULTILINESTRING Z ((440986.5538 4477257.7242 0,440985.1464 4477239.2427 0))",2647849,Verde,Línea,4
"MULTILINESTRING Z ((440293.9057 4476993.1316 0,440292.8501 4476960.6872 0,440292.0168 4476931.4094 0,440289.7946 4476867.465 0,440288.739 4476832.965 0,440287.5723 4476798.7427 0,440286.5168 4476771.6316 0,440284.4057 4476721.6872 0,440283.739 4476703.2983 0))",2647855,Azul,Línea,60
"MULTILINESTRING Z ((442602.9057 4480050.3261 0,442599.0723 4480055.3261 0,442596.1557 4480057.7427 0,442593.239 4480059.9094 0))",2647859,Verde,Línea,3
"MULTILINESTRING Z ((442597.989 4480070.0761 0,442611.4057 4480057.4094 0,442619.8223 4480065.4094 0))",2647860,Verde,Batería,8
"MULTILINESTRING Z ((440515.7102 4477044.5925 0,440537.2575 4477043.1111 0))",2647864,Verde,Línea,4
"MULTILINESTRING Z ((442620.989 4480073.0761 0,442609.5723 4480077.4094 0))",2647865,Verde,Batería,4
"MULTILINESTRING Z ((440721.239 4471882.1594 0,440668.0723 4471851.3261 0,440666.4057 4471850.9927 0,440643.9057 4471852.9927 0))",2647870,Verde,Línea,17
"MULTILINESTRING Z ((442056.239 4474832.9094 0,442054.4057 4474802.5761 0))",2647871,Verde,Batería,11
"MULTILINESTRING Z ((440493.8786 4474569.049 0,440529.0561 4474560.061 0))",2647877,Verde,Línea,6
"MULTILINESTRING Z ((440563.4587 4474551.0729 0,440583.9143 4474545.959 0))",2647878,Verde,Línea,4
"MULTILINESTRING Z ((440591.5076 4474544.2544 0,440626.84 4474535.5762 0))",2647880,Verde,Línea,7
"MULTILINESTRING Z ((440978.1279 4476884.1316 0,441010.8501 4476881.7427 0))",2647883,Verde,Batería,12
"MULTILINESTRING Z ((441080.8871 4477042.465 0,441081.5538 4477052.539 0))",2647894,Verde,Línea,2
"MULTILINESTRING Z ((441084.7874 4477102.5205 0,441081.8903 4477062.9632 0))",2647895,Verde,Línea,8
"MULTILINESTRING Z ((440546.3223 4476842.4927 0,440559.0723 4476802.7427 0,440561.989 4476794.6594 0,440565.4057 4476783.9927 0))",2647897,Verde,Línea,12
"MULTILINESTRING Z ((440815.6526 4476664.2304 0,440822.7143 4476762.9711 0))",2647900,Verde,Línea,20
"MULTILINESTRING Z ((441178.776 4476630.0576 0,441222.4427 4476626.9958 0))",2647905,Verde,Línea,8
"MULTILINESTRING Z ((443932.0307 4476951.9511 0,443932.1557 4476989.4511 0))",2647908,Verde,Batería,15
"MULTILINESTRING Z ((443932.5307 4477004.0761 0,443932.9057 4477052.0761 0))",2647910,Verde,Batería,20
"MULTILINESTRING Z ((440941.3686 4476677.6501 0,440944.4427 4476719.4279 0))",2647915,Verde,Línea,8
"MULTILINESTRING Z ((440952.1834 4476654.0761 0,440953.9612 4476679.3538 0))",2647916,Verde,Línea,5
"MULTILINESTRING Z ((440478.4921 4477299.0699 0,440549.5785 4477293.6131 0))",2647937,Verde,Batería,27
"MULTILINESTRING Z ((442347.4851 4474993.2297 0,442360.2699 4474992.1987 0))",2647945,Verde,Línea,2
"MULTILINESTRING Z ((439449.7678 4480379.3086 0,439461.455 4480379.8024 0))",2647994,Verde,Batería,5
"MULTILINESTRING Z ((442486.0723 4478545.4927 0,442482.3223 4478544.4094 0))",2647996,Verde,Batería,2
"MULTILINESTRING Z ((439482.1711 4480380.8724 0,439475.8254 4480380.6008 0))",2647997,Verde,Batería,3
"MULTILINESTRING Z ((442897.1557 4475686.6594 0,442913.239 4475685.5761 0))",2648014,Verde,Línea,3
"MULTILINESTRING Z ((439682.5168 4480415.0205 0,439715.5168 4480418.5761 0))",2648015,Verde,Línea,6
"MULTILINESTRING Z ((441228.8131 4476866.3292 0,441242.6155 4476865.3415 0))",2648054,Verde,Batería,6
"MULTILINESTRING Z ((440990.9057 4476140.9094 0,440995.989 4476141.7427 0))",2648055,Verde,Línea,1
"MULTILINESTRING Z ((441003.4057 4476142.9927 0,441046.6557 4476150.1594 0))",2648056,Verde,Línea,9
"MULTILINESTRING Z ((442550.6557 4472935.5761 0,442541.3223 4472921.1594 0))",2648057,Verde,Línea,3
"MULTILINESTRING Z ((440898.239 4476122.6594 0,440977.6557 4476135.5761 0))",2648058,Verde,Batería,25
"MULTILINESTRING Z ((440998.239 4476138.8261 0,441013.0723 4476141.1594 0))",2648059,Verde,Batería,5
"MULTILINESTRING Z ((443801.0307 4477189.9511 0,443796.6557 4477196.4511 0,443790.9057 4477200.8261 0,443785.6557 4477202.8261 0,443783.6557 4477203.4511 0,443782.2807 4477203.5761 0))",2648060,Verde,Línea,5
"MULTILINESTRING Z ((443832.6557 4477192.0761 0,443827.9057 4477189.8261 0))",2648061,Verde,Batería,4
"MULTILINESTRING Z ((443800.489 4477165.7427 0,443811.1557 4477145.9094 0))",2648065,Verde,Batería,8
"MULTILINESTRING Z ((443813.9057 4477141.3261 0,443827.8223 4477116.5761 0))",2648069,Verde,Batería,10
"MULTILINESTRING Z ((443927.8223 4477131.9094 0,443890.739 4477132.1594 0,443888.989 4477132.1594 0,443888.239 4477131.9927 0))",2648080,Verde,Línea,8
"MULTILINESTRING Z ((443615.239 4477101.7427 0,443591.739 4477088.8261 0))",2648106,Verde,Batería,11
"MULTILINESTRING Z ((443544.1557 4477062.2427 0,443557.5723 4477072.1594 0,443559.0723 4477073.1594 0,443560.9057 4477074.0761 0,443563.489 4477074.4927 0))",2648107,Verde,Batería,9
"MULTILINESTRING Z ((443846.0723 4477026.6594 0,443902.739 4477026.6594 0))",2648115,Verde,Batería,21
"MULTILINESTRING Z ((441174.0476 4476699.9999 0,441190.2452 4476698.7654 0))",2648117,Verde,Línea,3
"MULTILINESTRING Z ((443825.5723 4477020.8261 0,443822.739 4477015.8261 0,443818.239 4477009.4927 0,443814.1557 4477004.1594 0,443809.8223 4477000.5761 0,443807.489 4476998.8261 0,443801.0723 4476995.8261 0,443783.6557 4476986.6594 0))",2648118,Verde,Batería,20
"MULTILINESTRING Z ((443821.5723 4476993.9094 0,443816.4057 4476989.9927 0,443798.3223 4476979.7427 0,443793.0723 4476976.9094 0))",2648119,Verde,Batería,13
"MULTILINESTRING Z ((443768.989 4476989.1594 0,443753.8223 4477016.6594 0))",2648120,Verde,Línea,7
"MULTILINESTRING Z ((443587.989 4477066.3261 0,443613.8223 4477020.8261 0,443622.989 4477004.2427 0))",2648122,Verde,Batería,25
"MULTILINESTRING Z ((440950.1834 4476757.0205 0,440948.1464 4476726.7613 0))",2648123,Verde,Línea,6
"MULTILINESTRING Z ((443551.239 4477026.4094 0,443540.8223 4477046.3261 0))",2648125,Verde,Línea,5
"MULTILINESTRING Z ((443907.0723 4477026.8261 0,443913.4057 4477026.7427 0))",2648132,Verde,Batería,3
"MULTILINESTRING Z ((443912.989 4477008.4094 0,443896.9057 4477008.4094 0))",2648133,Verde,Batería,6
"MULTILINESTRING Z ((442901.739 4476584.3261 0,442908.989 4476591.5761 0))",2648138,Verde,Línea,2
"MULTILINESTRING Z ((443469.0723 4476733.6594 0,443475.9057 4476735.8261 0))",2648146,Verde,Batería,3
"MULTILINESTRING Z ((443456.239 4476712.8261 0,443468.3223 4476716.6594 0))",2648150,Verde,Batería,5
"MULTILINESTRING Z ((443459.739 4476627.7427 0,443451.989 4476625.4094 0))",2648154,Verde,Batería,3
"MULTILINESTRING Z ((443443.1557 4476611.1594 0,443441.489 4476616.8261 0))",2648155,Verde,Línea,1
"MULTILINESTRING Z ((440621.7513 4478611.8106 0,440611.0847 4478613.539 0))",2648156,Verde,Línea,2
"MULTILINESTRING Z ((443413.989 4476581.4094 0,443408.1557 4476583.5761 0))",2648157,Verde,Línea,1
"MULTILINESTRING Z ((441296.8223 4474216.0995 0,441310.5723 4474217.3495 0))",2648158,Verde,Batería,5
"MULTILINESTRING Z ((441346.9057 4474220.0995 0,441402.4057 4474224.2662 0))",2648159,Verde,Batería,24
"MULTILINESTRING Z ((442982.8625 4478849.8353 0,442988.7143 4478849.5637 0))",2648164,Verde,Línea,1
"MULTILINESTRING Z ((443587.0873 4476672.5241 0,443586.4375 4476673.2388 0,443586.2426 4476674.4734 0,443586.1776 4476675.2531 0,443586.4375 4476677.0075 0))",2648168,Verde,Batería,2
"MULTILINESTRING Z ((443767.8223 4476719.5761 0,443768.1557 4476738.1594 0))",2648182,Verde,Línea,4
"MULTILINESTRING Z ((441202.2946 4480362.539 0,441208.8871 4480376.6501 0))",2648203,Verde,Línea,3
"MULTILINESTRING Z ((443838.489 4476658.9927 0,443849.739 4476652.9927 0))",2648225,Verde,Línea,3
"MULTILINESTRING Z ((443744.5723 4476611.9927 0,443739.8223 4476602.9094 0))",2648230,Azul,Línea,3
"MULTILINESTRING Z ((439467.5456 4480965.2345 0,439474.8378 4480967.1769 0))",2648232,Verde,Línea,1
"MULTILINESTRING Z ((442745.489 4476526.4927 0,442694.9057 4476493.4094 0))",2648235,Verde,Batería,22
"MULTILINESTRING Z ((442846.4057 4476425.3261 0,442838.0723 4476416.2427 0))",2648237,Verde,Batería,4
"MULTILINESTRING Z ((440213.9242 4477569.86 0,440214.3933 4477576.0576 0))",2648238,Verde,Línea,1
"MULTILINESTRING Z ((442845.0723 4476528.1594 0,442841.5723 4476524.7427 0))",2648239,Verde,Línea,1
"MULTILINESTRING Z ((443100.989 4476416.0761 0,443096.8223 4476420.0761 0))",2648251,Verde,Línea,1
"MULTILINESTRING Z ((439231.9057 4476519.8261 0,439231.1557 4476509.1594 0))",2648254,Verde,Línea,2
"MULTILINESTRING Z ((443338.489 4476384.8261 0,443331.989 4476382.6594 0))",2648272,Verde,Línea,2
"MULTILINESTRING Z ((443321.6557 4476371.5761 0,443323.739 4476364.7427 0))",2648273,Verde,Línea,1
"MULTILINESTRING Z ((442400.7692 4475983.2976 0,442405.4112 4475982.9684 0))",2648274,Azul,Línea,1
"MULTILINESTRING Z ((443245.0723 4476344.9927 0,443246.989 4476336.8261 0))",2648276,Verde,Línea,2
"MULTILINESTRING Z ((443292.5723 4476546.4094 0,443291.1557 4476566.3261 0))",2648287,Verde,Línea,4
"MULTILINESTRING Z ((443290.739 4476570.6594 0,443290.239 4476576.9927 0))",2648292,Verde,Línea,1
"MULTILINESTRING Z ((443726.6557 4476478.8261 0,443753.1557 4476465.4511 0))",2648306,Verde,Batería,12
"MULTILINESTRING Z ((443720.1557 4476465.2011 0,443750.2807 4476449.9511 0))",2648307,Verde,Batería,13
"MULTILINESTRING Z ((443917.4057 4476327.0761 0,443917.7807 4476378.8261 0))",2648309,Verde,Línea,10
"MULTILINESTRING Z ((443203.239 4472487.4094 0,443196.989 4472467.4927 0))",2648332,Verde,Línea,4
"MULTILINESTRING Z ((443203.0723 4472487.3261 0,443204.6557 4472492.8261 0))",2648333,Verde,Línea,1
"MULTILINESTRING Z ((442982.0723 4476316.5761 0,442988.239 4476310.3261 0))",2648335,Verde,Línea,2
"MULTILINESTRING Z ((443005.6557 4476169.7427 0,443011.1557 4476160.4927 0))",2648336,Verde,Línea,2
"MULTILINESTRING Z ((443047.989 4476084.1594 0,443028.489 4476116.4094 0))",2648337,Verde,Batería,15
"MULTILINESTRING Z ((443243.3223 4476261.6594 0,443191.989 4476229.0761 0))",2648342,Verde,Línea,13
"MULTILINESTRING Z ((443243.5723 4476179.9094 0,443250.0723 4476183.9094 0,443250.6557 4476184.1594 0))",2648344,Verde,Línea,2
"MULTILINESTRING Z ((443253.5723 4476188.6594 0,443272.4057 4476200.6594 0))",2648345,Verde,Línea,4
"MULTILINESTRING Z ((443381.489 4476138.7427 0,443384.5723 4476154.0761 0))",2648349,Verde,Batería,6
"MULTILINESTRING Z ((443380.9057 4476130.2427 0,443380.4057 4476123.2427 0,443380.239 4476115.9094 0,443380.489 4476106.9094 0,443381.489 4476090.6594 0))",2648350,Verde,Batería,13
"MULTILINESTRING Z ((443531.239 4476136.4094 0,443511.739 4476155.4094 0))",2648352,Verde,Línea,6
"MULTILINESTRING Z ((443017.489 4475972.4927 0,443006.739 4475965.8261 0))",2648378,Verde,Línea,3
"MULTILINESTRING Z ((443024.8223 4475966.6594 0,443042.3223 4475977.5761 0))",2648382,Verde,Línea,4
"MULTILINESTRING Z ((442999.989 4476041.5761 0,443013.8223 4476050.2427 0))",2648383,Verde,Línea,3
"MULTILINESTRING Z ((443151.739 4475922.9094 0,443148.5723 4475922.4094 0))",2648384,Azul,Línea,1
"MULTILINESTRING Z ((443145.9057 4475906.6594 0,443174.989 4475910.8261 0))",2648389,Verde,Línea,6
"MULTILINESTRING Z ((443178.1557 4475911.2427 0,443193.0723 4475913.4094 0))",2648391,Verde,Línea,3
"MULTILINESTRING Z ((443348.6557 4475935.4927 0,443362.0723 4475937.4927 0))",2648392,Verde,Línea,2
"MULTILINESTRING Z ((443274.6557 4475858.4927 0,443287.8223 4475860.3261 0))",2648393,Verde,Línea,3
"MULTILINESTRING Z ((443453.989 4475842.1594 0,443461.8223 4475843.1594 0))",2648397,Verde,Batería,2
"MULTILINESTRING Z ((443532.989 4475953.4094 0,443561.1557 4475957.5761 0))",2648404,Verde,Batería,11
"MULTILINESTRING Z ((443623.9057 4475866.1594 0,443635.5723 4475867.7427 0))",2648409,Verde,Batería,5
"MULTILINESTRING Z ((443669.989 4476012.0761 0,443720.0723 4476040.1594 0))",2648410,Azul,Línea,14
"MULTILINESTRING Z ((443870.9057 4475963.8261 0,443875.8223 4475992.1594 0,443876.3223 4476000.2427 0))",2648416,Azul,Batería,14
"MULTILINESTRING Z ((443888.2512 4475934.8254 0,443890.5012 4475947.742 0))",2648424,Azul,Línea,2
"MULTILINESTRING Z ((443896.0723 4475979.6594 0,443893.9057 4475967.4927 0))",2648425,Azul,Línea,2
"MULTILINESTRING Z ((443352.3223 4475827.4094 0,443365.489 4475829.2427 0))",2648446,Verde,Batería,5
"MULTILINESTRING Z ((443247.6557 4475812.3261 0,443239.6557 4475811.2427 0))",2648450,Verde,Batería,2
"MULTILINESTRING Z ((443194.3223 4475804.8261 0,443182.1557 4475803.0761 0))",2648454,Verde,Batería,4
"MULTILINESTRING Z ((443167.3223 4475800.8261 0,443181.1557 4475802.7427 0))",2648456,Verde,Batería,5
"MULTILINESTRING Z ((443383.7249 4475727.9885 0,443387.129 4475736.6295 0))",2648458,Azul,Línea,2
"MULTILINESTRING Z ((443354.489 4475649.8261 0,443362.1557 4475668.1594 0))",2648459,Azul,Batería,7
"MULTILINESTRING Z ((443577.989 4475723.6594 0,443580.9057 4475713.4927 0))",2648460,Verde,Línea,2
"MULTILINESTRING Z ((443571.8223 4475747.5761 0,443565.4057 4475771.9094 0))",2648461,Verde,Línea,5
"MULTILINESTRING Z ((442946.4057 4476551.8261 0,442952.3223 4476558.5761 0))",2648492,Verde,Línea,2
"MULTILINESTRING Z ((442890.1557 4476612.7427 0,442882.1557 4476608.4927 0))",2648493,Verde,Línea,2
"MULTILINESTRING Z ((442857.489 4476451.9927 0,442866.3223 4476461.8261 0))",2648521,Verde,Línea,3
"MULTILINESTRING Z ((442869.8223 4476449.6594 0,442863.6557 4476443.4094 0))",2648524,Verde,Línea,2
"MULTILINESTRING Z ((443050.6557 4476521.4927 0,443061.3223 4476512.7427 0))",2648525,Verde,Línea,3
"MULTILINESTRING Z ((443034.739 4476064.5761 0,443046.1557 4476071.6594 0))",2648561,Verde,Línea,3
"MULTILINESTRING Z ((443308.8223 4475863.5761 0,443303.239 4475862.7427 0))",2648592,Verde,Línea,1
"MULTILINESTRING Z ((440191.739 4479383.502 0,440193.9983 4479398.8353 0))",2648697,Verde,Batería,6
"MULTILINESTRING Z ((440221.2328 4479383.0699 0,440236.1958 4479373.5884 0))",2648703,Verde,Línea,3
"MULTILINESTRING Z ((440247.9983 4479398.4773 0,440247.455 4479393.7366 0))",2648704,Verde,Línea,1
"MULTILINESTRING Z ((440421.0106 4479293.1193 0,440412.6896 4479298.6748 0))",2648709,Verde,Línea,2
"MULTILINESTRING Z ((440544.4057 4479273.4279 0,440559.9612 4479262.2057 0))",2648713,Azul,Línea,4
"MULTILINESTRING Z ((439868.9502 4479129.218 0,439851.8701 4479097.0847 0))",2648723,Verde,Línea,7
"MULTILINESTRING Z ((440017.6581 4479162.3374 0,440024.2863 4479140.0493 0))",2648724,Verde,Línea,4
"MULTILINESTRING Z ((440074.7719 4479249.6131 0,440046.1464 4479231.4567 0,440013.1588 4479210.5843 0))",2648727,Verde,Batería,28
"MULTILINESTRING Z ((439997.2575 4479225.5143 0,439994.1958 4479235.5143 0))",2648728,Verde,Batería,4
"MULTILINESTRING Z ((439947.702 4479080.0082 0,439948.2699 4479075.3168 0))",2648730,Verde,Línea,1
"MULTILINESTRING Z ((439894.2452 4479027.8353 0,439895.1588 4479028.9464 0,439897.8748 4479031.3909 0))",2648731,Verde,Línea,1
"MULTILINESTRING Z ((440196.6649 4479094.2057 0,440195.5291 4479098.4773 0))",2648737,Verde,Línea,1
"MULTILINESTRING Z ((440122.4427 4479226.2057 0,440127.0353 4479214.8724 0))",2648748,Verde,Línea,2
"MULTILINESTRING Z ((440159.6279 4479156.7242 0,440166.4057 4479138.3538 0))",2648749,Verde,Línea,4
"MULTILINESTRING Z ((440168.9365 4479131.465 0,440172.3439 4479122.2057 0))",2648751,Verde,Línea,2
"MULTILINESTRING Z ((440174.9859 4479115.0123 0,440176.3192 4479111.3909 0))",2648752,Verde,Línea,1
"MULTILINESTRING Z ((440699.2328 4479141.4814 0,440702.6567 4479146.6172 0))",2648758,Verde,Línea,1
"MULTILINESTRING Z ((440495.6773 4479034.9218 0,440511.7267 4479063.8353 0,440512.6649 4479064.6748 0,440513.455 4479065.0452 0,440523.8748 4479066.9464 0))",2648772,Verde,Batería,20
"MULTILINESTRING Z ((440479.5785 4479028.8971 0,440468.3192 4479009.6625 0,440466.1711 4479002.3538 0))",2648777,Verde,Línea,6
"MULTILINESTRING Z ((439776.2946 4478950.1069 0,439781.1834 4478959.4403 0))",2648783,Verde,Línea,2
"MULTILINESTRING Z ((439890.2287 4478823.2921 0,439893.8501 4478810.8806 0))",2648796,Verde,Línea,2
"MULTILINESTRING Z ((440055.2328 4478920.2304 0,440041.5867 4478945.0205 0))",2648801,Azul,Línea,6
"MULTILINESTRING Z ((440246.4674 4478917.5143 0,440259.1834 4478918.5514 0))",2648807,Verde,Línea,2
"MULTILINESTRING Z ((440172.2699 4478785.8106 0,440196.4921 4478804.7489 0,440197.8501 4478805.7119 0,440212.9365 4478817.5637 0))",2648809,Verde,Línea,12
"MULTILINESTRING Z ((440228.1711 4478829.4485 0,440245.0764 4478842.6337 0))",2648810,Verde,Línea,4
"MULTILINESTRING Z ((440460.3933 4478986.823 0,440464.1958 4478996.8477 0))",2648815,Verde,Línea,2
"MULTILINESTRING Z ((440461.381 4478966.1563 0,440465.0353 4478975.0452 0))",2648817,Verde,Línea,2
"MULTILINESTRING Z ((440468.4509 4478983.5555 0,440470.1135 4478987.7036 0))",2648818,Verde,Línea,1
"MULTILINESTRING Z ((440583.9983 4478959.6378 0,440601.8007 4478945.4897 0))",2648826,Azul,Línea,5
"MULTILINESTRING Z ((440189.5044 4478722.6008 0,440193.274 4478716.0329 0))",2648835,Azul,Batería,3
"MULTILINESTRING Z ((440354.5538 4478529.7613 0,440345.4427 4478524.2057 0))",2648836,Verde,Línea,2
"MULTILINESTRING Z ((440357.0353 4478535.3168 0,440340.1217 4478584.7242 0))",2648837,Verde,Línea,11
"MULTILINESTRING Z ((440324.6649 4478628.8724 0,440326.0723 4478624.8353 0))",2648840,Verde,Línea,1
"MULTILINESTRING Z ((440328.2205 4478618.6255 0,440329.9242 4478613.7859 0))",2648841,Verde,Línea,1
"MULTILINESTRING Z ((440294.4057 4478733.7242 0,440300.702 4478714.6501 0))",2648844,Verde,Línea,4
"MULTILINESTRING Z ((440316.9118 4478708.0822 0,440332.7884 4478713.8353 0))",2648845,Azul,Línea,3
"MULTILINESTRING Z ((440113.9489 4481141.6625 0,440149.702 4481151.1193 0))",2648882,Verde,Batería,19
"MULTILINESTRING Z ((439871.2438 4481077.8381 0,439919.2987 4481090.4362 0))",2648885,Verde,Batería,18
"MULTILINESTRING Z ((440700.0229 4481888.0493 0,440720.1053 4481899.6707 0))",2648892,Azul,Batería,9
"MULTILINESTRING Z ((443305.0106 4479238.4197 0,443314.7719 4479237.8106 0))",2648897,Azul,Línea,2
"MULTILINESTRING Z ((442452.6219 4475858.3716 0,442462.836 4475857.7139 0))",2648899,Verde,Línea,2
"MULTILINESTRING Z ((443294.0723 4476525.4156 0,443293.6773 4476530.8477 0))",2648908,Verde,Línea,1
"MULTILINESTRING Z ((443550.2807 4476612.3261 0,443560.4057 4476615.2011 0))",2648910,Verde,Línea,2
"MULTILINESTRING Z ((442529.5374 4478786.716 0,442525.8007 4478754.2715 0))",2648911,Verde,Línea,7
"MULTILINESTRING Z ((443043.4688 4477220.4773 0,443041.2081 4477183.5637 0))",2648912,Verde,Batería,14
"MULTILINESTRING Z ((443046.1834 4477220.7242 0,443046.739 4477228.8261 0))",2648914,Verde,Batería,3
"MULTILINESTRING Z ((443345.5867 4475835.2757 0,443369.9653 4475838.7654 0))",2648920,Verde,Línea,5
"MULTILINESTRING Z ((443369.916 4475841.5143 0,443379.7267 4475842.8312 0))",2648921,Verde,Línea,2
"MULTILINESTRING Z ((442640.8625 4476471.5884 0,442648.8625 4476476.7736 0))",2648923,Azul,Línea,2
"MULTILINESTRING Z ((440548.0723 4476657.9094 0,440566.4057 4476656.4094 0))",2648933,Azul,Línea,3
"MULTILINESTRING Z ((443346.2781 4479068.1152 0,443347.1999 4479084.0658 0))",2648939,Verde,Línea,3
"MULTILINESTRING Z ((443346.0307 4479094.5761 0,443345.4057 4479084.5761 0))",2648942,Verde,Línea,2
"MULTILINESTRING Z ((442486.8048 4475835.6543 0,442486.0806 4475825.5802 0))",2648972,Verde,Línea,2
"MULTILINESTRING Z ((443374.4931 4473169.2709 0,443443.0425 4473168.1445 0))",2649049,Verde,Línea,14
"MULTILINESTRING Z ((443449.64 4473168.1445 0,443485.2824 4473167.6618 0))",2649050,Verde,Línea,7
"MULTILINESTRING Z ((443443.2839 4473168.3054 0,443449.479 4473168.064 0))",2649051,Verde,Línea,1
"MULTILINESTRING Z ((440284.239 4479211.4094 0,440286.8223 4479220.1594 0))",2649052,Verde,Línea,2
"MULTILINESTRING Z ((439847.0024 4478900.7078 0,439846.6732 4478905.6954 0))",2649080,Verde,Línea,1
"MULTILINESTRING Z ((439896.9612 4478826.6131 0,439903.9242 4478802.6501 0))",2649168,Verde,Línea,5
"MULTILINESTRING Z ((443428.4057 4475880.7427 0,443415.739 4475878.9927 0))",2649203,Verde,Línea,3
"MULTILINESTRING Z ((443429.989 4475847.7427 0,443479.1557 4475854.7427 0))",2649211,Verde,Línea,11
"MULTILINESTRING Z ((443586.239 4475822.2427 0,443620.239 4475827.1594 0))",2649243,Verde,Línea,7
"MULTILINESTRING Z ((443589.739 4475861.3261 0,443580.3223 4475860.0761 0))",2649252,Verde,Batería,4
"MULTILINESTRING Z ((438944.4057 4475583.8261 0,438937.5723 4475592.9927 0))",2649269,Verde,Línea,2
"MULTILINESTRING Z ((440093.6557 4474698.4927 0,440116.1557 4474716.0761 0))",2649277,Verde,Línea,5
"MULTILINESTRING Z ((443534.6557 4476133.1594 0,443562.4057 4476105.9094 0))",2649297,Verde,Línea,8
"MULTILINESTRING Z ((443752.489 4476946.9927 0,443755.489 4476946.4094 0))",2649371,Verde,Línea,1
"MULTILINESTRING Z ((443661.239 4476755.8261 0,443655.989 4476758.4927 0,443650.239 4476762.3261 0,443647.989 4476764.1594 0))",2649382,Verde,Batería,8
"MULTILINESTRING Z ((441931.9057 4474802.4745 0,441932.9057 4474813.3495 0))",2649388,Verde,Línea,2
"MULTILINESTRING Z ((440467.0731 4476229.0003 0,440461.0671 4476247.7969 0))",2649391,Verde,Línea,4
"MULTILINESTRING Z ((440470.2807 4476220.5995 0,440475.2807 4476205.2245 0))",2649392,Verde,Línea,3
"MULTILINESTRING Z ((443114.239 4478685.4927 0,443123.739 4478687.1594 0))",2649429,Verde,Línea,2
"MULTILINESTRING Z ((443112.4057 4478687.1594 0,443106.8223 4478686.3261 0))",2649430,Verde,Línea,1
"MULTILINESTRING Z ((443240.739 4477998.7427 0,443235.239 4477997.7427 0))",2649431,Verde,Batería,2
"MULTILINESTRING Z ((440719.9493 4478510.9982 0,440702.4861 4478514.2099 0))",2649432,Verde,Línea,3
"MULTILINESTRING Z ((440627.5044 4477822.2551 0,440633.3316 4477821.7613 0))",2649433,Verde,Línea,1
"MULTILINESTRING Z ((442651.3223 4476476.0761 0,442655.1557 4476478.2427 0))",2649451,Verde,Línea,1
"MULTILINESTRING Z ((442666.3223 4476485.8261 0,442675.1557 4476491.3261 0))",2649455,Verde,Línea,2
"MULTILINESTRING Z ((439683.7267 4478148.5267 0,439687.9242 4478139.7613 0,439688.1217 4478139.1934 0,439689.2328 4478136.9711 0,439689.7513 4478135.7119 0,439690.3933 4478134.5514 0,439690.9118 4478133.2921 0,439691.2575 4478132.7489 0,439692.0723 4478130.8724 0,439692.418 4478130.2798 0,439693.2328 4478128.4526 0,439693.5785 4478127.86 0,439726.9118 4478057.9341 0))",2649456,Verde,Línea,20
"MULTILINESTRING Z ((439790.1834 4478161.0946 0,439799.5168 4478165.7242 0))",2649465,Azul,Batería,4
"MULTILINESTRING Z ((439824.1711 4478177.3662 0,439807.3069 4478169.5143 0))",2649469,Azul,Batería,7
"MULTILINESTRING Z ((442975.0723 4473590.9094 0,442963.489 4473591.8261 0))",2649474,Verde,Línea,2
"MULTILINESTRING Z ((443608.8223 4476294.2427 0,443607.4057 4476302.6594 0))",2649475,Verde,Línea,2
"MULTILINESTRING Z ((442940.1554 4472219.5493 0,442943.4456 4472224.4847 0))",2649476,Azul,Línea,1
"MULTILINESTRING Z ((439738.3165 4478586.3264 0,439740.8295 4478582.2112 0))",2649477,Verde,Línea,1
"MULTILINESTRING Z ((442803.5723 4473124.7427 0,442781.6557 4473091.2427 0))",2649482,Verde,Línea,9
"MULTILINESTRING Z ((442775.1557 4473081.8261 0,442781.3223 4473090.8261 0))",2649484,Verde,Línea,2
"MULTILINESTRING Z ((442551.739 4475106.6594 0,442549.6557 4475076.8261 0))",2649486,Verde,Línea,6
"MULTILINESTRING Z ((442552.4057 4475118.4927 0,442551.8223 4475107.4094 0))",2649487,Verde,Línea,2
"MULTILINESTRING Z ((442575.239 4475507.3261 0,442573.5723 4475486.6594 0))",2649535,Verde,Línea,4
"MULTILINESTRING Z ((442573.5723 4475486.5761 0,442572.9057 4475475.5761 0))",2649536,Verde,Línea,2
"MULTILINESTRING Z ((443442.989 4476578.6594 0,443425.8223 4476584.4094 0))",2649537,Verde,Línea,4
"MULTILINESTRING Z ((443404.489 4475006.1594 0,443361.739 4475009.5761 0))",2649538,Verde,Línea,10
"MULTILINESTRING Z ((443404.739 4475006.2427 0,443416.489 4475005.4094 0))",2649539,Verde,Línea,2
"MULTILINESTRING Z ((442951.1557 4475385.0761 0,442942.5723 4475385.6594 0))",2649540,Verde,Línea,1
"MULTILINESTRING Z ((442942.4057 4475385.6594 0,442931.739 4475386.3261 0))",2649541,Verde,Línea,2
"MULTILINESTRING Z ((443652.4057 4475695.3261 0,443657.9057 4475686.7011 0))",2649543,Verde,Línea,2
"MULTILINESTRING Z ((442950.4612 4475265.9094 0,442950.9612 4475264.6872 0,442951.1279 4475263.465 0,442951.239 4475261.0761 0,442950.6279 4475252.5205 0))",2649544,Verde,Línea,3
"MULTILINESTRING Z ((443165.4057 4475374.5761 0,443179.4057 4475373.4927 0))",2649545,Verde,Línea,3
"MULTILINESTRING Z ((443155.239 4475375.5761 0,443165.489 4475374.7427 0))",2649546,Verde,Línea,2
"MULTILINESTRING Z ((443484.3223 4476673.3261 0,443484.6557 4476682.8261 0))",2649557,Verde,Línea,2
"MULTILINESTRING Z ((442689.8223 4472619.3261 0,442683.489 4472610.1594 0))",2649581,Verde,Línea,3
"MULTILINESTRING Z ((441475.8223 4474729.1594 0,441479.9057 4474738.8261 0))",2649586,Verde,Línea,2
"MULTILINESTRING Z ((441479.989 4474738.7427 0,441485.1557 4474750.0761 0))",2649587,Verde,Línea,2
"MULTILINESTRING Z ((441493.239 4474767.8261 0,441495.239 4474772.2427 0))",2649591,Verde,Línea,1
"MULTILINESTRING Z ((442968.8223 4472262.1594 0,442971.3223 4472266.0761 0))",2649595,Verde,Línea,1
"MULTILINESTRING Z ((442971.5723 4472266.7427 0,442975.0723 4472271.5761 0))",2649597,Verde,Línea,1
"MULTILINESTRING Z ((439801.8254 4478140.502 0,439802.097 4478147.5884 0))",2649624,Verde,Línea,1
"MULTILINESTRING Z ((442057.4057 4478015.4511 0,442066.6557 4478010.0761 0))",2649627,Verde,Línea,2
"MULTILINESTRING Z ((439902.1793 4478208.4718 0,439918.4921 4478209.7859 0))",2649628,Verde,Línea,3
"MULTILINESTRING Z ((439894.2946 4478147.8724 0,439894.1834 4478155.5761 0))",2649630,Verde,Línea,2
"MULTILINESTRING Z ((439893.6834 4478199.465 0,439894.1279 4478163.6316 0))",2649631,Verde,Línea,8
"MULTILINESTRING Z ((439864.0804 4478184.1663 0,439870.1557 4478189.2427 0))",2649632,Azul,Línea,1
"MULTILINESTRING Z ((439874.1834 4478196.2983 0,439884.8501 4478205.965 0))",2649633,Azul,Línea,3
"MULTILINESTRING Z ((443205.1557 4476521.8261 0,443204.489 4476526.0761 0))",2649635,Verde,Línea,1
"MULTILINESTRING Z ((439973.3099 4478234.745 0,439975.5211 4478228.2443 0,439975.5311 4478227.9341 0,439978.4057 4478220.0946 0))",2649636,Verde,Línea,3
"MULTILINESTRING Z ((440901.1957 4478650.8624 0,440927.8253 4478649.3439 0))",2649643,Azul,Batería,11
"MULTILINESTRING Z ((439989.1588 4478208.7983 0,439999.1834 4478208.7242 0))",2649646,Verde,Línea,2
"MULTILINESTRING Z ((442556.4057 4475174.0761 0,442555.0723 4475152.6594 0))",2649652,Verde,Línea,4
"MULTILINESTRING Z ((440110.0353 4478289.3168 0,440117.3686 4478288.2057 0))",2649707,Azul,Línea,2
"MULTILINESTRING Z ((440127.6279 4478267.8683 0,440128.204 4478271.8353 0))",2649717,Verde,Línea,1
"MULTILINESTRING Z ((440068.8378 4478244.4032 0,440118.6155 4478239.8353 0))",2649724,Verde,Línea,10
"MULTILINESTRING Z ((443347.4057 4476444.9094 0,443351.5723 4476446.2427 0))",2649730,Verde,Línea,1
"MULTILINESTRING Z ((440181.1588 4478278.6666 0,440190.4427 4478277.2839 0))",2649731,Verde,Línea,2
"MULTILINESTRING Z ((440123.6937 4478144.2962 0,440168.7308 4478147.2427 0))",2649735,Verde,Línea,9
"MULTILINESTRING Z ((440146.2205 4478281.3909 0,440145.3686 4478280.0205 0,440143.8871 4478278.3168 0,440142.5908 4478277.2057 0,440141.0723 4478276.1687 0))",2649753,Verde,Batería,3
"MULTILINESTRING Z ((443601.6557 4475959.2011 0,443598.1557 4475966.7011 0,443596.1557 4475973.9511 0,443594.1557 4475984.7011 0,443593.7807 4475991.5761 0,443594.1557 4475996.7011 0,443595.2807 4476004.7011 0,443597.0307 4476011.7011 0,443600.5307 4476021.2011 0,443606.0307 4476030.4511 0,443611.4057 4476037.3261 0,443617.7807 4476043.8261 0,443627.2807 4476051.4511 0,443635.4057 4476056.7011 0,443639.1557 4476058.7011 0))",2649764,Verde,Batería,47
"MULTILINESTRING Z ((443643.1557 4476060.8261 0,443647.6557 4476062.5761 0,443653.9057 4476064.7011 0,443657.9057 4476065.9511 0,443665.0307 4476067.2011 0))",2649770,Verde,Batería,9
"MULTILINESTRING Z ((443736.989 4476079.6594 0,443741.4057 4476080.4927 0,443748.739 4476081.5761 0))",2649788,Verde,Batería,4
"MULTILINESTRING Z ((443749.6557 4476081.7427 0,443761.4057 4476083.1594 0,443768.6557 4476083.4927 0,443781.9057 4476083.5761 0,443789.3223 4476083.3261 0,443796.0723 4476082.6594 0,443804.3223 4476081.5761 0,443812.489 4476079.7427 0,443818.1557 4476078.3261 0,443824.489 4476076.4094 0,443828.3223 4476074.9094 0,443832.989 4476072.6594 0,443839.0723 4476069.2427 0,443844.489 4476065.6594 0,443846.5723 4476063.9927 0))",2649792,Verde,Batería,40
"MULTILINESTRING Z ((443854.9057 4476056.0761 0,443859.4057 4476050.9094 0,443862.8223 4476046.0761 0,443865.9057 4476041.1594 0,443869.4057 4476033.9094 0,443871.489 4476028.5761 0,443873.489 4476021.9094 0,443874.5723 4476017.4927 0))",2649795,Verde,Batería,18
"MULTILINESTRING Z ((443909.8223 4476057.9094 0,443910.6557 4476062.8261 0))",2649797,Verde,Línea,1
"MULTILINESTRING Z ((443910.739 4476063.4927 0,443925.0723 4476146.9927 0,443931.0723 4476180.2427 0))",2649800,Verde,Línea,25
"MULTILINESTRING Z ((440232.824 4478345.4375 0,440237.8282 4478344.8998 0))",2649803,Azul,Línea,1
"MULTILINESTRING Z ((440008.3315 4478392.9735 0,440004.7924 4478388.8747 0))",2649814,Verde,Línea,1
"MULTILINESTRING Z ((440125.489 4478304.1594 0,440101.9057 4478323.4927 0))",2649817,Verde,Línea,6
"MULTILINESTRING Z ((440127.4413 4478510.7489 0,440166.8597 4478465.0754 0))",2649855,Verde,Línea,12
"MULTILINESTRING Z ((441911.1279 4475459.4094 0,441922.0723 4475458.6872 0))",2649858,Verde,Línea,2
"MULTILINESTRING Z ((440128.6485 4478511.6707 0,440140.8131 4478497.7613 0,440158.8542 4478476.7736 0,440168.1876 4478465.9752 0))",2649859,Verde,Línea,12
"MULTILINESTRING Z ((441899.8501 4475460.0761 0,441911.1279 4475459.4094 0))",2649860,Verde,Línea,2
"MULTILINESTRING Z ((440279.5785 4478409.3662 0,440324.8625 4478400.6501 0))",2649904,Verde,Línea,9
"MULTILINESTRING Z ((439774.9612 4478142.8971 0,439787.0106 4478149.4156 0))",2649909,Azul,Línea,3
"MULTILINESTRING Z ((439791.5168 4478145.3909 0,439793.5538 4478140.8724 0))",2649912,Verde,Línea,1
"MULTILINESTRING Z ((439797.5374 4478088.3292 0,439797.3727 4478083.3744 0))",2649914,Verde,Línea,1
"MULTILINESTRING Z ((439983.9057 4478105.0761 0,439987.0168 4478116.7983 0))",2649917,Verde,Línea,2
"MULTILINESTRING Z ((439968.8421 4478049.9287 0,439982.123 4478098.8332 0))",2649920,Verde,Línea,10
"MULTILINESTRING Z ((439959.022 4478123.1498 0,439949.779 4478094.5797 0))",2649923,Verde,Línea,6
"MULTILINESTRING Z ((439959.7815 4478018.6008 0,439963.6279 4478031.6872 0))",2649928,Verde,Línea,3
"MULTILINESTRING Z ((439950.7157 4477989.5259 0,439952.53 4477996.0956 0,439955.771 4478005.8624 0))",2649929,Verde,Línea,3
"MULTILINESTRING Z ((439923.239 4478011.0761 0,439935.3223 4478049.8261 0))",2649930,Verde,Línea,9
"MULTILINESTRING Z ((443074.1557 4477699.3261 0,443081.8223 4477691.7427 0))",2649940,Verde,Línea,2
"MULTILINESTRING Z ((440772.8789 4477718.1728 0,440770.4756 4477690.7489 0))",2649941,Verde,Línea,5
"MULTILINESTRING Z ((441661.4469 4478813.9838 0,441668.6273 4478899.7444 0))",2649968,Verde,Batería,32
"MULTILINESTRING Z ((442091.489 4478860.4927 0,442085.5723 4478826.6594 0,442076.6557 4478774.0761 0))",2649984,Verde,Línea,18
"MULTILINESTRING Z ((440155.6279 4477680.6255 0,440215.8995 4477681.2427 0))",2649996,Verde,Línea,12
"MULTILINESTRING Z ((439875.4612 4477787.3538 0,439880.1834 4477777.1316 0))",2650021,Verde,Batería,5
"MULTILINESTRING Z ((439881.489 4478020.5761 0,439847.5723 4478042.3261 0))",2650026,Verde,Línea,9
"MULTILINESTRING Z ((439889.1464 4478008.6872 0,439886.0723 4477989.0946 0))",2650033,Verde,Línea,4
"MULTILINESTRING Z ((439900.9612 4477974.6872 0,439887.0353 4477980.3909 0))",2650038,Verde,Línea,3
"MULTILINESTRING Z ((439940.8501 4477981.5205 0,439923.239 4477993.3538 0))",2650039,Verde,Línea,4
"MULTILINESTRING Z ((439912.1545 4477977.6093 0,439915.2954 4477988.1198 0,439916.2509 4477991.314 0))",2650040,Verde,Línea,3
"MULTILINESTRING Z ((439945.776 4477972.4279 0,439932.0476 4477926.5514 0))",2650047,Verde,Línea,9
"MULTILINESTRING Z ((442080.5415 4478063.6872 0,442090.989 4478058.4927 0))",2650066,Verde,Línea,2
"MULTILINESTRING Z ((442237.6429 4475165.941 0,442243.3479 4475165.3977 0))",2650080,Verde,Línea,1
"MULTILINESTRING Z ((442166.7383 4475170.6499 0,442175.9749 4475170.016 0))",2650081,Verde,Línea,1
"MULTILINESTRING Z ((442666.5586 4475405.1553 0,442682.261 4475404.1223 0))",2650084,Verde,Línea,3
"MULTILINESTRING Z ((439344.2095 4481102.5294 0,439385.252 4481113.2839 0))",2650099,Verde,Línea,8
"MULTILINESTRING Z ((439320.0394 4481109.7283 0,439314.1793 4481131.8847 0))",2650100,Verde,Línea,5
"MULTILINESTRING Z ((441971.239 4472846.6594 0,441976.6557 4472843.9094 0))",2650115,Verde,Línea,1
"MULTILINESTRING Z ((441982.239 4472840.5761 0,441992.739 4472834.9927 0))",2650116,Verde,Línea,2
"MULTILINESTRING Z ((442731.9077 4476814.6172 0,442738.0641 4476819.2921 0))",2650148,Verde,Batería,3
"MULTILINESTRING Z ((443019.739 4478836.8261 0,443018.0723 4478791.9094 0))",2650172,Azul,Línea,9
"MULTILINESTRING Z ((443549.0723 4475906.7427 0,443563.989 4475908.9094 0))",2650180,Verde,Batería,6
"MULTILINESTRING Z ((443533.239 4478598.1594 0,443511.489 4478620.4927 0))",2650229,Verde,Línea,6
"MULTILINESTRING Z ((443377.739 4478606.5761 0,443375.489 4478631.4927 0,443374.989 4478640.8261 0,443374.489 4478654.4094 0,443374.489 4478660.5761 0,443375.3223 4478677.5761 0))",2650257,Verde,Línea,14
"MULTILINESTRING Z ((440664.977 4476040.7184 0,440672.1795 4476016.4759 0))",2650266,Verde,Línea,5
"MULTILINESTRING Z ((439063.4057 4474782.5761 0,439056.8223 4474791.9094 0))",2650291,Verde,Línea,2
"MULTILINESTRING Z ((443383.5723 4478573.6594 0,443384.6557 4478569.1594 0))",2650292,Verde,Línea,1
"MULTILINESTRING Z ((441641.7267 4476130.3785 0,441642.9118 4476120.5761 0))",2650302,Azul,Línea,2
"MULTILINESTRING Z ((443702.7807 4478464.8261 0,443703.5307 4478459.4511 0,443705.6557 4478438.5761 0,443713.1557 4478370.4511 0,443719.5307 4478309.3261 0))",2650316,Verde,Línea,32
"MULTILINESTRING Z ((443705.989 4478365.6594 0,443711.0723 4478313.6594 0))",2650322,Verde,Línea,11
"MULTILINESTRING Z ((443622.4057 4478306.0761 0,443638.239 4478349.3261 0,443642.9057 4478361.5761 0))",2650325,Verde,Línea,12
"MULTILINESTRING Z ((443658.2807 4478404.4511 0,443645.0307 4478367.2011 0))",2650334,Verde,Línea,9
"MULTILINESTRING Z ((443608.489 4478307.4927 0,443626.6557 4478358.7427 0,443628.3223 4478363.1594 0))",2650337,Azul,Línea,12
"MULTILINESTRING Z ((442741.1557 4477026.7427 0,442751.1557 4477036.9927 0))",2650339,Azul,Línea,3
"MULTILINESTRING Z ((443560.4057 4478408.0761 0,443610.6557 4478406.7011 0))",2650341,Verde,Línea,10
"MULTILINESTRING Z ((440552.776 4481664.0576 0,440606.5908 4481688.9464 0))",2650419,Verde,Línea,12
"MULTILINESTRING Z ((441631.1557 4477609.2011 0,441606.0307 4477616.7011 0,441598.5307 4477621.0761 0))",2650425,Verde,Línea,7
"MULTILINESTRING Z ((440897.8223 4472173.4927 0,440896.8223 4472158.8261 0))",2650430,Verde,Línea,3
"MULTILINESTRING Z ((440896.0723 4472151.7427 0,440894.4057 4472134.9927 0))",2650431,Verde,Línea,3
"MULTILINESTRING Z ((440894.3223 4472133.9927 0,440893.8223 4472127.6594 0))",2650432,Verde,Línea,1
"MULTILINESTRING Z ((440892.247 4472112.6437 0,440890.491 4472092.9377 0))",2650433,Verde,Línea,4
"MULTILINESTRING Z ((441065.5723 4472083.4094 0,441065.1557 4472077.4094 0))",2650475,Verde,Línea,1
"MULTILINESTRING Z ((441062.739 4472045.6594 0,441060.1557 4472020.4927 0))",2650477,Verde,Línea,4
"MULTILINESTRING Z ((443865.9105 4475345.5388 0,443879.6012 4475346.9579 0))",2650479,Verde,Línea,3
"MULTILINESTRING Z ((443775.8223 4475405.3261 0,443776.5723 4475412.2427 0))",2650480,Verde,Línea,1
"MULTILINESTRING Z ((443776.8223 4475412.5761 0,443778.1557 4475425.7427 0))",2650481,Verde,Línea,2
"MULTILINESTRING Z ((439165.9983 4477649.2427 0,439178.0723 4477642.502 0))",2650485,Verde,Línea,3
"MULTILINESTRING Z ((439186.4427 4477640.465 0,439193.9242 4477636.3909 0))",2650487,Verde,Línea,1
"MULTILINESTRING Z ((441471.3223 4476762.5761 0,441468.4057 4476765.3261 0,441465.239 4476767.7427 0,441463.4057 4476769.4094 0))",2650491,Verde,Línea,2
"MULTILINESTRING Z ((441849.8223 4477535.9094 0,441856.739 4477531.8261 0,441869.0723 4477522.9094 0,441881.4057 4477514.1594 0,441898.1557 4477502.4927 0))",2650519,Verde,Línea,13
"MULTILINESTRING Z ((441673.5307 4477193.9511 0,441709.4057 4477177.9511 0))",2650528,Verde,Línea,8
"MULTILINESTRING Z ((441716.0307 4477174.9511 0,441788.2807 4477143.0761 0))",2650532,Verde,Línea,17
"MULTILINESTRING Z ((441793.6557 4477140.9511 0,441816.4057 4477130.9511 0))",2650535,Verde,Línea,4
"MULTILINESTRING Z ((439213.0847 4477623.6625 0,439220.9612 4477619.6131 0))",2650537,Verde,Línea,2
"MULTILINESTRING Z ((439226.4057 4477616.6131 0,439247.2946 4477605.7613 0))",2650538,Verde,Línea,5
"MULTILINESTRING Z ((439221.1834 4478245.2674 0,439221.9736 4478246.5267 0,439228.5908 4478256.0082 0,439236.0723 4478266.0822 0,439259.1588 4478296.4279 0,439274.8871 4478317.6625 0,439275.381 4478318.7489 0,439275.5785 4478319.0205 0,439279.2328 4478323.4897 0,439289.3069 4478336.8477 0,439292.6649 4478341.144 0,439294.9365 4478343.5637 0,439294.2884 4478342.7859 0,439293.7513 4478342.3538 0,439292.739 4478341.218 0,439290.5662 4478338.4279 0,439293.455 4478342.0329 0,439299.8748 4478348.4773 0,439305.2575 4478353.1687 0,439308.1711 4478355.5884 0,439312.9365 4478359.218 0,439314.8871 4478360.6008 0,439316.0229 4478361.539 0,439326.8625 4478368.3045 0))",2650540,Verde,Línea,32
"MULTILINESTRING Z ((439327.1094 4478368.4526 0,439344.1217 4478377.9588 0))",2650541,Verde,Línea,3
"MULTILINESTRING Z ((439366.7225 4478390.1728 0,439403.99 4478410.3209 0,439419.2328 4478418.6501 0,439445.5168 4478433.1872 0,439489.4057 4478456.965 0))",2650542,Verde,Línea,29
"MULTILINESTRING Z ((439495.8995 4478460.4279 0,439510.2452 4478468.2304 0))",2650543,Verde,Línea,3
"MULTILINESTRING Z ((439928.5003 4476797.3004 0,439929.3069 4476807.3168 0))",2650544,Verde,Línea,2
"MULTILINESTRING Z ((439010.3714 4477472.7462 0,439031.0133 4477498.3154 0))",2650598,Verde,Línea,6
"MULTILINESTRING Z ((439157.3398 4477400.8888 0,439170.0476 4477398.1892 0))",2650599,Verde,Línea,2
"MULTILINESTRING Z ((441069.0307 4471672.0761 0,441072.9057 4471663.2011 0))",2650602,Verde,Batería,3
"MULTILINESTRING Z ((441076.9057 4471654.4511 0,441075.0307 4471659.3261 0))",2650603,Verde,Batería,1
"MULTILINESTRING Z ((441113.1557 4471569.5761 0,441119.489 4471554.9927 0))",2650605,Verde,Batería,6
"MULTILINESTRING Z ((441120.1557 4471553.4927 0,441124.739 4471542.8261 0))",2650606,Verde,Batería,6
"MULTILINESTRING Z ((441126.485 4471538.8733 0,441129.6596 4471531.3813 0))",2650607,Verde,Batería,3
"MULTILINESTRING Z ((441132.9612 4471522.7464 0,441141.4692 4471502.3019 0))",2650608,Verde,Batería,8
"MULTILINESTRING Z ((443481.489 4475190.4927 0,443493.489 4475189.7427 0))",2650611,Verde,Línea,2
"MULTILINESTRING Z ((439237.1588 4477219.9835 0,439229.776 4477219.465 0,439224.5662 4477219.3662 0,439218.3686 4477219.4403 0,439217.1588 4477219.4897 0,439204.5662 4477220.7489 0))",2650652,Verde,Línea,6
"MULTILINESTRING Z ((441976.9365 4480017.6131 0,441976.1464 4480006.2798 0))",2650655,Verde,Línea,2
"MULTILINESTRING Z ((441975.702 4479999.7859 0,441974.5415 4479983.1934 0))",2650656,Verde,Línea,3
"MULTILINESTRING Z ((440204.6279 4477576.6872 0,440204.2205 4477571.2798 0))",2650658,Verde,Línea,1
"MULTILINESTRING Z ((439353.8748 4477286.0329 0,439357.8007 4477292.502 0))",2650663,Verde,Línea,1
"MULTILINESTRING Z ((440287.99 4477376.9108 0,440286.5305 4477331.0397 0))",2650673,Verde,Línea,11
"MULTILINESTRING Z ((443709.739 4478293.9094 0,443629.239 4478287.6594 0))",2650678,Verde,Línea,16
"MULTILINESTRING Z ((443612.489 4478278.2427 0,443608.239 4478266.5761 0))",2650679,Verde,Línea,2
"MULTILINESTRING Z ((442664.9057 4472956.2011 0,442673.4057 4472970.4511 0))",2650683,Verde,Línea,3
"MULTILINESTRING Z ((443303.7807 4478245.0761 0,443302.6557 4478253.4511 0,443300.1557 4478268.2011 0,443297.4057 4478282.5761 0))",2650691,Verde,Línea,8
"MULTILINESTRING Z ((443516.489 4478450.9094 0,443513.4057 4478432.7427 0,443505.739 4478386.4927 0))",2650707,Verde,Línea,13
"MULTILINESTRING Z ((443442.1557 4478460.5761 0,443440.9057 4478451.7011 0))",2650708,Azul,Línea,1
"MULTILINESTRING Z ((443391.8223 4478534.6594 0,443386.489 4478560.5761 0))",2650716,Verde,Línea,5
"MULTILINESTRING Z ((440827.6557 4472569.9927 0,440863.6557 4472566.4927 0))",2650726,Verde,Línea,7
"MULTILINESTRING Z ((439706.2836 4478261.2455 0,439701.7294 4478259.0836 0))",2650752,Verde,Línea,1
"MULTILINESTRING Z ((441478.6557 4477098.5761 0,441474.4057 4477102.6594 0))",2650770,Verde,Línea,1
"MULTILINESTRING Z ((441470.989 4477106.3261 0,441465.239 4477113.2427 0,441460.8223 4477120.1594 0,441457.4057 4477128.1594 0,441454.739 4477137.4927 0,441453.8223 4477144.4094 0,441453.5723 4477148.7427 0,441454.489 4477156.4927 0,441455.9057 4477163.3261 0))",2650771,Verde,Línea,12
"MULTILINESTRING Z ((441455.239 4477169.2427 0,441459.5723 4477178.0761 0))",2650772,Verde,Línea,2
"MULTILINESTRING Z ((441502.989 4477207.1594 0,441503.1557 4477209.9927 0,441502.489 4477211.0761 0))",2650774,Verde,Línea,2
"MULTILINESTRING Z ((441536.6557 4477221.7427 0,441539.739 4477222.8261 0,441541.1557 4477223.5761 0))",2650776,Verde,Línea,1
"MULTILINESTRING Z ((441546.9057 4477226.5761 0,441553.9057 4477231.3261 0,441560.989 4477237.1594 0,441567.5723 4477244.0761 0,441571.3223 4477249.0761 0,441576.8223 4477258.2427 0,441581.989 4477269.5761 0,441584.3223 4477278.8261 0,441584.6557 4477281.8261 0))",2650783,Verde,Línea,14
"MULTILINESTRING Z ((442582.0723 4475636.8261 0,442585.0723 4475683.4094 0))",2650803,Verde,Línea,10
"MULTILINESTRING Z ((443204.4057 4478376.4094 0,443165.239 4478392.7427 0))",2650882,Verde,Línea,8
"MULTILINESTRING Z ((443110.8223 4478185.0761 0,443122.1557 4478188.1594 0))",2650890,Verde,Línea,2
"MULTILINESTRING Z ((442993.489 4478149.2427 0,443008.3223 4478153.8261 0))",2650892,Verde,Línea,3
"MULTILINESTRING Z ((443044.4057 4478456.7427 0,443037.3223 4478464.5761 0,443030.9057 4478469.4927 0,443023.989 4478473.9094 0,443017.8223 4478476.8261 0,443010.0723 4478479.4094 0,443001.989 4478480.9927 0,442993.8223 4478481.7427 0,442971.1557 4478481.9927 0))",2650899,Verde,Línea,16
"MULTILINESTRING Z ((442900.6557 4478495.3261 0,442860.9057 4478496.3261 0))",2650900,Verde,Línea,9
"MULTILINESTRING Z ((442468.6557 4478122.2427 0,442488.0723 4478121.9094 0))",2650902,Verde,Línea,4
"MULTILINESTRING Z ((442491.6557 4478121.8261 0,442518.489 4478121.3261 0))",2650903,Verde,Línea,6
"MULTILINESTRING Z ((442877.739 4479111.4927 0,442896.489 4479146.0761 0))",2650905,Verde,Línea,8
"MULTILINESTRING Z ((442901.7807 4479155.0761 0,442921.2807 4479191.0761 0))",2650906,Verde,Línea,9
"MULTILINESTRING Z ((442045.1975 4480973.5325 0,442034.227 4480904.0529 0,442028.8825 4480872.5479 0))",2650911,Verde,Línea,21
"MULTILINESTRING Z ((442712.5307 4480795.7011 0,442718.7807 4480831.9511 0))",2650950,Verde,Línea,8
"MULTILINESTRING Z ((442719.7807 4480838.3261 0,442721.7807 4480851.3261 0))",2650954,Verde,Línea,3
"MULTILINESTRING Z ((442939.4057 4480136.4511 0,442939.2807 4480160.7011 0,442937.5307 4480181.3261 0,442933.6557 4480199.9511 0,442928.1557 4480218.0761 0,442925.9057 4480223.5761 0))",2650960,Verde,Línea,20
"MULTILINESTRING Z ((442249.5307 4479451.9511 0,442254.0307 4479482.2011 0,442254.5307 4479484.3261 0,442275.2807 4479527.5761 0))",2650962,Verde,Línea,17
"MULTILINESTRING Z ((442284.5723 4479557.8261 0,442295.4057 4479598.0761 0,442305.5723 4479631.2427 0))",2650964,Verde,Línea,17
"MULTILINESTRING Z ((442154.7807 4480056.5761 0,442173.7807 4480134.5761 0,442180.1557 4480160.2011 0))",2650969,Verde,Línea,23
"MULTILINESTRING Z ((442148.5307 4480030.0761 0,442153.5307 4480051.4511 0))",2650977,Verde,Línea,4
"MULTILINESTRING Z ((442400.1557 4478532.7427 0,442414.3223 4478537.4094 0))",2651008,Verde,Batería,6
"MULTILINESTRING Z ((442252.6557 4478261.9927 0,442249.3223 4478265.0761 0))",2651024,Verde,Línea,1
"MULTILINESTRING Z ((441757.239 4478543.4094 0,441758.6557 4478559.2427 0))",2651036,Verde,Línea,3
"MULTILINESTRING Z ((441632.9057 4478531.3261 0,441633.3223 4478535.9094 0))",2651055,Verde,Línea,1
"MULTILINESTRING Z ((441644.489 4478519.1594 0,441673.489 4478516.6594 0))",2651057,Verde,Línea,6
"MULTILINESTRING Z ((441522.7807 4478631.9511 0,441524.1557 4478653.2011 0))",2651072,Verde,Línea,4
"MULTILINESTRING Z ((441658.1557 4478777.9511 0,441660.9057 4478807.0761 0))",2651087,Verde,Batería,11
"MULTILINESTRING Z ((441644.0307 4478662.8261 0,441642.0307 4478636.0761 0))",2651093,Verde,Línea,5
"MULTILINESTRING Z ((441726.989 4478656.0761 0,441688.4057 4478658.9927 0))",2651123,Verde,Batería,15
"MULTILINESTRING Z ((442689.1557 4478621.7011 0,442690.0307 4478630.2011 0))",2651205,Verde,Línea,1
"MULTILINESTRING Z ((442720.239 4478583.4927 0,442727.0723 4478582.7427 0))",2651214,Verde,Batería,3
"MULTILINESTRING Z ((442824.9057 4478687.1594 0,442828.489 4478649.7427 0))",2651254,Verde,Línea,8
"MULTILINESTRING Z ((442822.989 4478620.9927 0,442823.739 4478614.3261 0))",2651257,Verde,Línea,2
"MULTILINESTRING Z ((442772.0723 4477378.4094 0,442748.9057 4477360.9094 0))",2651267,Verde,Línea,6
"MULTILINESTRING Z ((442364.8223 4478380.4094 0,442375.1557 4478379.5761 0))",2651303,Verde,Línea,2
"MULTILINESTRING Z ((441896.5307 4478240.3261 0,441900.6557 4478246.9511 0))",2651317,Verde,Línea,1
"MULTILINESTRING Z ((442062.1557 4478658.3261 0,442050.1557 4478597.5761 0))",2651370,Verde,Línea,13
"MULTILINESTRING Z ((438901.4057 4473742.3261 0,438905.4057 4473742.4094 0))",2651477,Verde,Batería,1
"MULTILINESTRING Z ((442726.489 4472832.0761 0,442720.5723 4472835.7427 0))",2651480,Azul,Batería,2
"MULTILINESTRING Z ((442740.489 4472823.5761 0,442726.989 4472831.9094 0))",2651481,Azul,Batería,5
"MULTILINESTRING Z ((438985.1279 4473931.6872 0,439014.2946 4473930.6316 0))",2651527,Azul,Línea,6
"MULTILINESTRING Z ((438984.9612 4473931.5761 0,438974.1279 4473932.0205 0))",2651528,Azul,Línea,2
"MULTILINESTRING Z ((441816.739 4478788.8261 0,441796.9057 4478790.3261 0))",2651549,Verde,Línea,4
"MULTILINESTRING Z ((441851.5723 4478750.4094 0,441852.8223 4478757.9094 0,441852.989 4478760.0761 0))",2651556,Verde,Línea,2
"MULTILINESTRING Z ((442467.9057 4479078.8538 0,442441.4057 4479078.5205 0))",2651840,Azul,Línea,5
"MULTILINESTRING Z ((439827.2328 4476846.4526 0,439828.9859 4476844.2057 0,439830.9859 4476844.0576 0))",2652013,Verde,Batería,2
"MULTILINESTRING Z ((440472.6279 4477464.4094 0,440474.2946 4477481.3538 0))",2652014,Verde,Batería,6
"MULTILINESTRING Z ((442611.739 4476055.9927 0,442610.0723 4476028.7427 0,442609.489 4476016.3261 0,442608.6557 4476005.8261 0))",2652157,Verde,Línea,11
"MULTILINESTRING Z ((442585.4057 4475715.1594 0,442586.8223 4475730.6594 0))",2652170,Verde,Línea,3
"MULTILINESTRING Z ((442589.1557 4475731.4094 0,442589.989 4475741.3261 0))",2652174,Verde,Línea,2
"MULTILINESTRING Z ((442590.989 4475756.4927 0,442591.489 4475761.8261 0))",2652177,Verde,Línea,1
"MULTILINESTRING Z ((442403.1557 4475703.6594 0,442417.989 4475702.7427 0))",2652182,Verde,Línea,3
"MULTILINESTRING Z ((442419.1557 4475705.0761 0,442454.4057 4475702.9094 0))",2652183,Verde,Línea,7
"MULTILINESTRING Z ((442551.1557 4475711.6594 0,442572.739 4475710.1594 0))",2652244,Verde,Línea,5
"MULTILINESTRING Z ((441585.6557 4478598.8261 0,441547.9057 4478602.0761 0))",2652363,Verde,Batería,15
"MULTILINESTRING Z ((441544.3223 4478602.4094 0,441532.1557 4478603.4927 0))",2652364,Verde,Batería,5
"MULTILINESTRING Z ((441576.8223 4478537.1594 0,441577.989 4478546.2427 0))",2652372,Verde,Batería,3
"MULTILINESTRING Z ((441534.5723 4478657.5761 0,441548.489 4478656.5761 0))",2652392,Verde,Batería,6
"MULTILINESTRING Z ((442254.8223 4478205.9927 0,442245.739 4478187.2427 0))",2652416,Azul,Línea,4
"MULTILINESTRING Z ((442503.4057 4478410.1594 0,442496.489 4478404.4094 0))",2652435,Verde,Línea,2
"MULTILINESTRING Z ((442276.0723 4478378.0761 0,442271.3223 4478378.4927 0))",2652458,Verde,Línea,1
"MULTILINESTRING Z ((442336.239 4478661.6594 0,442315.739 4478655.9094 0))",2652469,Verde,Línea,4
"MULTILINESTRING Z ((442290.9057 4478648.9094 0,442309.3223 4478653.9927 0))",2652470,Verde,Línea,4
"MULTILINESTRING Z ((442310.739 4478575.2427 0,442307.989 4478585.0761 0))",2652477,Verde,Línea,2
"MULTILINESTRING Z ((441478.739 4471121.4094 0,441474.989 4471130.3261 0))",2652480,Verde,Línea,2
"MULTILINESTRING Z ((438880.0396 4473154.0686 0,438892.8578 4473191.5576 0))",2652494,Verde,Línea,8
"MULTILINESTRING Z ((438874.245 4473138.3531 0,438879.7762 4473153.6296 0))",2652495,Verde,Línea,3
"MULTILINESTRING Z ((442657.9057 4473097.7427 0,442688.9057 4473146.4094 0))",2652496,Verde,Batería,20
"MULTILINESTRING Z ((442624.0723 4475408.4094 0,442660.5723 4475405.8261 0))",2652497,Verde,Línea,7
"MULTILINESTRING Z ((442878.739 4476056.0761 0,442877.489 4476039.5761 0))",2652528,Verde,Batería,6
"MULTILINESTRING Z ((442876.5168 4476028.3538 0,442875.7946 4476018.1316 0))",2652529,Verde,Batería,3
"MULTILINESTRING Z ((440724.8378 4480935.539 0,440738.5415 4480938.823 0))",2652532,Azul,Batería,6
"MULTILINESTRING Z ((440828.7946 4476727.465 0,440830.4612 4476750.3538 0))",2652534,Verde,Línea,4
"MULTILINESTRING Z ((440839.0723 4476863.3261 0,440839.989 4476876.9927 0))",2652542,Verde,Línea,3
"MULTILINESTRING Z ((440499.0518 4477718.1892 0,440504.0229 4477717.7942 0))",2652546,Verde,Línea,1
"MULTILINESTRING Z ((440829.6557 4476859.7427 0,440827.4057 4476828.6594 0))",2652553,Verde,Línea,6
"MULTILINESTRING Z ((440853.239 4477190.2427 0,440853.5723 4477195.7427 0))",2652566,Verde,Línea,1
"MULTILINESTRING Z ((440854.6557 4477209.9094 0,440855.5723 4477224.0761 0))",2652568,Verde,Línea,3
"MULTILINESTRING Z ((440862.489 4477322.3261 0,440862.489 4477317.4927 0))",2652569,Verde,Línea,1
"MULTILINESTRING Z ((440872.989 4477342.9927 0,440875.0723 4477370.4927 0))",2652573,Verde,Línea,6
"MULTILINESTRING Z ((440868.1557 4477402.9094 0,440869.3223 4477418.1594 0))",2652576,Verde,Línea,3
"MULTILINESTRING Z ((440871.4057 4477448.1316 0,440870.3501 4477433.465 0))",2652577,Verde,Línea,3
"MULTILINESTRING Z ((440286.418 4478769.465 0,440285.9057 4478774.9094 0))",2652579,Verde,Batería,3
"MULTILINESTRING Z ((440270.8378 4476837.7119 0,440268.6896 4476766.3538 0))",2652585,Verde,Línea,15
"MULTILINESTRING Z ((440266.8213 4476703.6213 0,440268.4015 4476755.3415 0))",2652586,Verde,Línea,11
"MULTILINESTRING Z ((439433.1341 4476763.3415 0,439434.5168 4476787.8353 0))",2652598,Verde,Batería,8
"MULTILINESTRING Z ((439436.9057 4476828.9094 0,439435.0723 4476797.3538 0))",2652599,Verde,Batería,11
"MULTILINESTRING Z ((442926.702 4478690.7983 0,442966.776 4478688.2427 0))",2652607,Verde,Línea,8
"MULTILINESTRING Z ((443304.2699 4478237.218 0,443304.3933 4478233.3168 0,443304.3933 4478227.4156 0,443304.0723 4478220.5514 0,443303.455 4478213.7859 0))",2652610,Verde,Línea,5
"MULTILINESTRING Z ((440839.1557 4480317.9927 0,440827.989 4480328.9094 0))",2652611,Verde,Línea,3
"MULTILINESTRING Z ((441904.5662 4477953.0864 0,441905.0929 4477960.6913 0,441905.3563 4477963.5061 0))",2652612,Verde,Línea,2
"MULTILINESTRING Z ((442371.4797 4477095.144 0,442365.0353 4477088.8971 0))",2652614,Verde,Línea,2
"MULTILINESTRING Z ((440769.239 4477675.2427 0,440768.8501 4477670.0761 0))",2652615,Azul,Línea,1
"MULTILINESTRING Z ((440768.239 4477662.6872 0,440765.8501 4477632.5205 0))",2652616,Azul,Línea,6
"MULTILINESTRING Z ((443238.0723 4479049.6594 0,443240.9057 4479058.7427 0,443241.5723 4479065.1594 0,443240.739 4479072.5761 0,443239.489 4479077.7427 0,443236.739 4479084.1594 0,443226.3223 4479106.9927 0))",2652620,Verde,Línea,12
"MULTILINESTRING Z ((443363.6834 4476259.1872 0,443373.6279 4476265.465 0))",2652621,Verde,Línea,2
"MULTILINESTRING Z ((443341.739 4476245.1872 0,443353.5723 4476252.6316 0))",2652622,Verde,Línea,3
"MULTILINESTRING Z ((443226.5307 4479054.4511 0,443228.6557 4479062.3261 0,443228.4057 4479069.8261 0,443226.7807 4479076.5761 0,443209.6557 4479114.3261 0))",2652623,Verde,Línea,14
"MULTILINESTRING Z ((442533.9057 4478838.6594 0,442534.739 4478848.4927 0))",2652624,Verde,Línea,1
"MULTILINESTRING Z ((440307.1834 4477408.1316 0,440307.6834 4477417.7427 0))",2652625,Verde,Línea,2
"MULTILINESTRING Z ((440294.0147 4477551.1934 0,440293.702 4477541.5143 0))",2652627,Azul,Línea,2
"MULTILINESTRING Z ((443199.4057 4479131.3261 0,443184.6557 4479154.8261 0,443179.0307 4479164.2011 0,443175.7807 4479169.9511 0,443173.5307 4479175.3261 0,443170.5307 4479187.0761 0))",2652629,Verde,Línea,13
"MULTILINESTRING Z ((440600.5043 4476797.3192 0,440595.4179 4476797.6896 0))",2652633,Verde,Línea,1
"MULTILINESTRING Z ((443170.1557 4477237.2427 0,443169.489 4477224.3261 0))",2652634,Verde,Línea,3
"MULTILINESTRING Z ((440655.5044 4476793.2427 0,440665.3069 4476792.502 0))",2652635,Verde,Línea,2
"MULTILINESTRING Z ((443171.1557 4477214.6594 0,443171.239 4477222.7427 0))",2652636,Verde,Línea,2
"MULTILINESTRING Z ((443171.9057 4477209.5761 0,443169.3223 4477212.9927 0))",2652637,Verde,Línea,1
"MULTILINESTRING Z ((440684.239 4476791.2427 0,440674.5723 4476791.7983 0))",2652638,Verde,Línea,2
"MULTILINESTRING Z ((440611.3069 4476787.3415 0,440620.9118 4476786.6501 0))",2652639,Verde,Línea,2
"MULTILINESTRING Z ((440741.7513 4476777.9835 0,440764.0229 4476776.3785 0))",2652640,Verde,Línea,5
"MULTILINESTRING Z ((442225.489 4477463.4094 0,442241.0723 4477485.7427 0))",2652643,Verde,Línea,6
"MULTILINESTRING Z ((440841.8501 4476779.7983 0,440847.1464 4476779.465 0))",2652644,Verde,Línea,1
"MULTILINESTRING Z ((440863.702 4476778.3168 0,440870.3686 4476777.8724 0))",2652645,Verde,Línea,1
"MULTILINESTRING Z ((441131.2205 4476759.1316 0,441200.5908 4476754.1316 0))",2652646,Verde,Línea,15
"MULTILINESTRING Z ((441116.1464 4476751.2057 0,441159.6649 4476748.0576 0))",2652649,Verde,Línea,8
"MULTILINESTRING Z ((441179.5538 4476746.6131 0,441185.5908 4476746.1687 0))",2652651,Verde,Línea,1
"MULTILINESTRING Z ((441808.739 4477630.0761 0,441820.0723 4477626.3261 0))",2652658,Verde,Línea,2
"MULTILINESTRING Z ((441824.739 4477624.7427 0,441836.0723 4477620.9927 0))",2652660,Verde,Línea,2
"MULTILINESTRING Z ((440774.0723 4479327.9927 0,440778.239 4479342.9927 0))",2652675,Azul,Línea,3
"MULTILINESTRING Z ((442689.9057 4478726.9094 0,442690.6557 4478732.6594 0))",2652677,Verde,Línea,1
"MULTILINESTRING Z ((442047.4057 4477772.7427 0,442044.8223 4477766.9927 0))",2652678,Azul,Línea,1
"MULTILINESTRING Z ((442694.6557 4478778.7427 0,442691.9057 4478748.0761 0))",2652679,Verde,Línea,7
"MULTILINESTRING Z ((442042.9057 4477763.2427 0,442032.989 4477742.4094 0))",2652682,Azul,Línea,5
"MULTILINESTRING Z ((441968.6557 4477608.2427 0,441965.3223 4477601.0761 0))",2652687,Azul,Línea,1
"MULTILINESTRING Z ((441938.3223 4477548.2427 0,441934.6557 4477541.9094 0,441930.989 4477535.9927 0,441927.8223 4477530.4927 0))",2652692,Azul,Línea,4
"MULTILINESTRING Z ((441330.0147 4479717.3333 0,441330.6732 4479714.716 0))",2652707,Azul,Batería,1
"MULTILINESTRING Z ((442703.1094 4476509.4279 0,442708.8871 4476513.1687 0))",2652710,Verde,Línea,1
"MULTILINESTRING Z ((442846.239 4476599.6872 0,442878.3501 4476616.7983 0))",2652711,Verde,Batería,14
"MULTILINESTRING Z ((438595.6557 4475120.7427 0,438617.9057 4475096.9094 0))",2652712,Verde,Línea,6
"MULTILINESTRING Z ((443601.1834 4476671.2983 0,443619.4612 4476706.2427 0,443624.4612 4476715.5761 0))",2652713,Verde,Línea,10
"MULTILINESTRING Z ((441092.8501 4479943.8538 0,441126.2946 4479926.965 0))",2652714,Verde,Línea,7
"MULTILINESTRING Z ((441153.8501 4479913.2983 0,441134.3501 4479923.0761 0))",2652715,Verde,Línea,4
"MULTILINESTRING Z ((443627.8501 4476722.2057 0,443639.8131 4476745.539 0))",2652716,Verde,Línea,6
"MULTILINESTRING Z ((440877.2946 4477159.0761 0,440917.8501 4477156.1872 0))",2652717,Verde,Línea,8
"MULTILINESTRING Z ((441002.1101 4478042.025 0,441004.0269 4478041.8714 0))",2652718,Verde,Batería,1
"MULTILINESTRING Z ((440958.0168 4477144.2983 0,440969.239 4477143.5205 0))",2652720,Verde,Línea,2
"MULTILINESTRING Z ((441681.239 4479274.6316 0,441682.5168 4479288.965 0))",2652723,Verde,Batería,6
"MULTILINESTRING Z ((443696.0168 4477716.2983 0,443706.0723 4477721.465 0))",2652726,Verde,Línea,2
"MULTILINESTRING Z ((443647.1557 4475338.9094 0,443674.739 4475338.4927 0))",2652727,Verde,Línea,4
"MULTILINESTRING Z ((440816.6557 4476895.5761 0,440809.5307 4476896.2011 0))",2652734,Verde,Batería,3
"MULTILINESTRING Z ((440779.6557 4476898.2011 0,440802.0307 4476896.5761 0))",2652735,Verde,Batería,8
"MULTILINESTRING Z ((440849.2575 4476893.2798 0,440857.0723 4476892.6872 0))",2652737,Verde,Batería,3
"MULTILINESTRING Z ((440893.9242 4476890.0576 0,440866.2946 4476892.0205 0))",2652738,Verde,Batería,11
"MULTILINESTRING Z ((441025.239 4476880.7427 0,441030.239 4476880.4094 0))",2652743,Verde,Batería,2
"MULTILINESTRING Z ((441035.9057 4476879.9094 0,441049.4057 4476878.9927 0))",2652745,Verde,Batería,5
"MULTILINESTRING Z ((441068.739 4476877.6316 0,441072.2946 4476877.4094 0))",2652746,Verde,Batería,1
"MULTILINESTRING Z ((441087.2946 4476876.4094 0,441099.739 4476875.4094 0))",2652748,Verde,Batería,5
"MULTILINESTRING Z ((439577.5723 4477595.6872 0,439581.2946 4477585.2427 0))",2652751,Azul,Línea,2
"MULTILINESTRING Z ((442873.6834 4477368.7983 0,442881.5723 4477357.965 0))",2652752,Verde,Línea,2
"MULTILINESTRING Z ((442729.3501 4477651.2427 0,442732.4612 4477639.1872 0))",2652753,Verde,Línea,2
"MULTILINESTRING Z ((441678.3501 4479404.6316 0,441670.2946 4479405.1872 0))",2652755,Azul,Batería,3
"MULTILINESTRING Z ((441618.9612 4479409.3538 0,441651.4057 4479406.7427 0))",2652756,Azul,Batería,12
"MULTILINESTRING Z ((439558.1094 4481507.3538 0,439565.8131 4481509.8353 0))",2652758,Azul,Batería,3
"MULTILINESTRING Z ((443018.0723 4477584.3261 0,443006.5723 4477616.3261 0,442997.4057 4477642.2427 0))",2652768,Verde,Línea,12
"MULTILINESTRING Z ((442769.8223 4477769.1594 0,442757.739 4477769.4094 0))",2652771,Verde,Línea,3
"MULTILINESTRING Z ((443068.1557 4477075.1594 0,443059.8223 4477068.4094 0))",2652776,Verde,Línea,2
"MULTILINESTRING Z ((442309.989 4477184.0761 0,442327.8223 4477202.0761 0))",2652777,Verde,Línea,5
"MULTILINESTRING Z ((443039.5723 4477051.9927 0,443049.239 4477059.9094 0))",2652778,Verde,Línea,3
"MULTILINESTRING Z ((442621.989 4477466.6594 0,442637.4057 4477470.3261 0))",2652781,Verde,Línea,3
"MULTILINESTRING Z ((441998.5723 4476400.5761 0,442031.0723 4476398.1594 0))",2652788,Verde,Línea,6
"MULTILINESTRING Z ((441976.239 4476392.9094 0,441983.9057 4476392.2427 0))",2652789,Verde,Batería,3
"MULTILINESTRING Z ((442476.7807 4475863.7011 0,442480.0307 4475904.9511 0))",2652793,Verde,Batería,14
"MULTILINESTRING Z ((442471.6557 4475658.5761 0,442472.4057 4475672.8261 0))",2652794,Verde,Línea,3
"MULTILINESTRING Z ((443365.5168 4477522.9094 0,443376.1464 4477520.6501 0))",2652797,Verde,Batería,4
"MULTILINESTRING Z ((440666.3686 4478736.1687 0,440646.8501 4478742.1687 0))",2652803,Verde,Línea,4
"MULTILINESTRING Z ((440636.5908 4478745.3415 0,440571.8007 4478765.2427 0))",2652804,Verde,Línea,13
"MULTILINESTRING Z ((442598.1443 4477556.3189 0,442605.0021 4477557.2278 0))",2652809,Verde,Línea,1
"MULTILINESTRING Z ((441954.6279 4476383.1872 0,441954.5168 4476379.9094 0))",2652821,Verde,Batería,1
"MULTILINESTRING Z ((441953.1834 4476362.5761 0,441952.7946 4476355.9094 0))",2652823,Verde,Batería,2
"MULTILINESTRING Z ((441948.4057 4476301.1872 0,441950.4612 4476328.1872 0))",2652826,Verde,Batería,10
"MULTILINESTRING Z ((441942.4057 4476212.5761 0,441941.3223 4476194.7427 0))",2652830,Verde,Batería,7
"MULTILINESTRING Z ((443415.489 4475886.0761 0,443424.5723 4475887.2427 0))",2652831,Verde,Línea,2
"MULTILINESTRING Z ((441353.7946 4480099.7983 0,441358.5723 4480109.7427 0))",2652839,Verde,Línea,2
"MULTILINESTRING Z ((441931.1834 4476152.6316 0,441908.739 4476154.1316 0))",2652842,Verde,Batería,8
"MULTILINESTRING Z ((440354.1279 4477309.1872 0,440364.3501 4477308.8538 0))",2652879,Verde,Línea,2
"MULTILINESTRING Z ((440383.8501 4477308.0761 0,440374.739 4477308.4094 0))",2652880,Verde,Línea,2
"MULTILINESTRING Z ((443375.5538 4477834.9464 0,443371.3686 4477832.1316 0))",2652881,Azul,Batería,2
"MULTILINESTRING Z ((440744.5538 4477288.5761 0,440759.2946 4477287.502 0))",2652882,Verde,Línea,3
"MULTILINESTRING Z ((440628.6279 4477417.0205 0,440656.2946 4477415.0761 0))",2652889,Verde,Línea,5
"MULTILINESTRING Z ((440676.0168 4477413.465 0,440684.5723 4477412.7427 0))",2652890,Verde,Línea,1
"MULTILINESTRING Z ((440840.3501 4477400.7983 0,440830.7946 4477401.5205 0))",2652895,Verde,Línea,2
"MULTILINESTRING Z ((443235.739 4477328.6316 0,443232.9057 4477332.5205 0))",2652901,Verde,Batería,2
"MULTILINESTRING Z ((439367.1557 4477257.1594 0,439416.989 4477253.8261 0))",2652902,Verde,Línea,10
"MULTILINESTRING Z ((443222.3501 4477348.0761 0,443224.7946 4477344.465 0))",2652903,Verde,Batería,1
"MULTILINESTRING Z ((440342.0168 4478210.6872 0,440311.0168 4478211.6872 0))",2652904,Verde,Línea,6
"MULTILINESTRING Z ((440037.1834 4478207.6501 0,440015.1094 4478207.9835 0))",2652906,Verde,Línea,4
"MULTILINESTRING Z ((439567.9057 4480971.2983 0,439586.8501 4480976.2983 0))",2652910,Verde,Batería,6
"MULTILINESTRING Z ((443279.0723 4477717.7427 0,443269.9057 4477727.2983 0))",2652912,Verde,Línea,2
"MULTILINESTRING Z ((442991.489 4475725.4094 0,442990.5723 4475710.9094 0))",2652918,Verde,Batería,6
"MULTILINESTRING Z ((442988.989 4475691.2427 0,442989.4057 4475697.5761 0))",2652919,Verde,Batería,3
"MULTILINESTRING Z ((441255.8223 4479661.3261 0,441245.9057 4479702.4927 0))",2652923,Azul,Línea,9
"MULTILINESTRING Z ((441262.4057 4479663.4927 0,441257.239 4479684.0761 0))",2652928,Azul,Línea,4
"MULTILINESTRING Z ((441889.3223 4479949.6594 0,441889.989 4479958.9927 0))",2652929,Verde,Línea,2
"MULTILINESTRING Z ((441028.0723 4477601.4094 0,441028.989 4477609.8261 0))",2652933,Azul,Línea,2
"MULTILINESTRING Z ((441093.1279 4478406.965 0,441096.0168 4478442.5205 0))",2652934,Azul,Batería,15
"MULTILINESTRING Z ((440154.6557 4477237.7427 0,440164.3223 4477219.0761 0))",2652936,Verde,Batería,7
"MULTILINESTRING Z ((442557.8501 4475839.465 0,442555.2946 4475839.5761 0))",2652939,Verde,Batería,1
"MULTILINESTRING Z ((443567.1279 4476159.2983 0,443564.6279 4476173.465 0))",2652943,Verde,Línea,3
"MULTILINESTRING Z ((441242.3223 4476782.6594 0,441242.9057 4476791.3261 0))",2652947,Verde,Batería,3
"MULTILINESTRING Z ((441245.0723 4476817.0761 0,441244.3223 4476807.7427 0))",2652948,Verde,Batería,4
"MULTILINESTRING Z ((443124.4057 4477658.9094 0,443150.989 4477631.7427 0))",2652950,Verde,Línea,8
"MULTILINESTRING Z ((439516.9057 4480696.2983 0,439518.8501 4480689.465 0))",2652954,Verde,Batería,3
"MULTILINESTRING Z ((439526.2946 4480661.1872 0,439521.239 4480680.0761 0))",2652955,Verde,Batería,8
"MULTILINESTRING Z ((439466.4612 4480700.1316 0,439483.4057 4480704.465 0))",2652956,Verde,Batería,7
"MULTILINESTRING Z ((439492.7946 4480706.9094 0,439509.0168 4480711.1872 0))",2652957,Verde,Batería,7
"MULTILINESTRING Z ((438992.5908 4477257.5884 0,439013.8995 4477254.8724 0))",2652962,Verde,Línea,4
"MULTILINESTRING Z ((439019.3645 4477254.1563 0,439060.7801 4477248.8724 0))",2652963,Verde,Línea,8
"MULTILINESTRING Z ((440721.5538 4477068.8353 0,440724.5168 4477110.2057 0))",2652973,Verde,Línea,8
"MULTILINESTRING Z ((440737.5723 4477424.4927 0,440739.239 4477447.3261 0))",2652977,Verde,Línea,5
"MULTILINESTRING Z ((440741.489 4477476.7427 0,440743.489 4477505.7427 0))",2652978,Verde,Línea,6
"MULTILINESTRING Z ((440753.4057 4477518.465 0,440751.9612 4477498.965 0))",2652979,Verde,Línea,4
"MULTILINESTRING Z ((440197.0723 4478254.4927 0,440191.9057 4478221.8261 0))",2652991,Verde,Línea,7
"MULTILINESTRING Z ((441934.4057 4474836.5995 0,441933.2807 4474820.2245 0))",2653028,Verde,Línea,3
"MULTILINESTRING Z ((443198.0723 4475133.0761 0,443226.1557 4475130.6594 0))",2653099,Verde,Línea,5
"MULTILINESTRING Z ((439223.0723 4476377.5761 0,439225.989 4476428.0761 0))",2653156,Verde,Línea,11
"MULTILINESTRING Z ((441153.239 4475454.3261 0,441152.739 4475449.6594 0))",2653305,Verde,Línea,1
"MULTILINESTRING Z ((441648.3767 4472436.2538 0,441698.3767 4472432.2248 0))",2653432,Verde,Línea,12
"MULTILINESTRING Z ((441206.8478 4472043.1752 0,441205.9181 4472030.6752 0))",2653448,Verde,Batería,4
"MULTILINESTRING Z ((439898.5723 4476228.0761 0,439896.739 4476203.4927 0))",2653560,Verde,Línea,5
"MULTILINESTRING Z ((442686.4057 4478691.5761 0,442677.7807 4478596.7011 0))",2653630,Verde,Línea,19
"MULTILINESTRING Z ((442674.6279 4478559.965 0,442676.8501 4478585.7427 0))",2653631,Verde,Línea,5
"MULTILINESTRING Z ((442441.489 4478602.6594 0,442464.8223 4478609.1594 0))",2653760,Verde,Línea,5
"MULTILINESTRING Z ((441966.1557 4479423.4094 0,441945.6557 4479425.1594 0))",2653772,Verde,Línea,4
"MULTILINESTRING Z ((442868.239 4478854.9927 0,442845.8223 4478855.7427 0))",2653777,Verde,Línea,5
"MULTILINESTRING Z ((442875.3223 4478854.4927 0,442920.1557 4478852.9094 0))",2653778,Verde,Línea,9
"MULTILINESTRING Z ((442621.5723 4478808.9094 0,442619.989 4478791.8261 0))",2653883,Verde,Línea,3
"MULTILINESTRING Z ((440141.8223 4476684.9927 0,440137.0723 4476685.1594 0))",2653911,Azul,Línea,1
"MULTILINESTRING Z ((443059.489 4478545.2427 0,443062.489 4478533.3261 0,443064.239 4478527.3261 0,443066.0723 4478519.3261 0,443066.739 4478513.2427 0,443068.0723 4478496.6594 0,443068.0723 4478488.7427 0,443067.8223 4478478.8261 0))",2653953,Verde,Línea,14
"MULTILINESTRING Z ((442908.4057 4478640.3261 0,442908.8223 4478648.0761 0))",2653958,Verde,Batería,3
"MULTILINESTRING Z ((443561.0723 4478462.2427 0,443516.489 4478463.4094 0))",2654106,Verde,Línea,9
"MULTILINESTRING Z ((443557.489 4478314.9094 0,443548.239 4478318.7427 0))",2654128,Verde,Línea,2
"MULTILINESTRING Z ((443547.3223 4478265.4094 0,443561.8223 4478260.5761 0))",2654134,Verde,Línea,3
"MULTILINESTRING Z ((443228.4057 4478482.6594 0,443228.0723 4478493.3261 0))",2654166,Verde,Línea,2
"MULTILINESTRING Z ((443434.8223 4478412.9094 0,443436.489 4478423.0761 0))",2654172,Azul,Línea,2
"MULTILINESTRING Z ((443398.989 4478497.4094 0,443404.0723 4478497.4094 0))",2654179,Verde,Línea,1
"MULTILINESTRING Z ((439216.8223 4476263.1594 0,439220.0723 4476322.4094 0))",2654233,Verde,Línea,12
"MULTILINESTRING Z ((439365.5987 4477483.3171 0,439365.5987 4477479.3696 0,439365.8933 4477477.4548 0,439366.5348 4477474.9083 0,439367.2287 4477473.1211 0,439368.2041 4477470.9936 0,439369.3039 4477469.2981 0,439370.4822 4477467.8251 0,439372.4723 4477465.8285 0,439373.8405 4477464.7156 0,439377.5981 4477461.9007 0))",2654254,Verde,Línea,5
"MULTILINESTRING Z ((442518.9057 4472816.7427 0,442561.989 4472788.2427 0))",2654272,Verde,Línea,12
"MULTILINESTRING Z ((442569.0723 4472783.4094 0,442562.4057 4472787.8261 0))",2654273,Verde,Línea,1
"MULTILINESTRING Z ((443225.9057 4478706.9094 0,443283.0723 4478698.5761 0))",2654283,Verde,Línea,12
"MULTILINESTRING Z ((443325.739 4478644.4094 0,443343.739 4478642.3261 0))",2654284,Verde,Línea,4
"MULTILINESTRING Z ((441099.239 4479365.0761 0,441069.6557 4479384.1594 0))",2654291,Verde,Línea,7
"MULTILINESTRING Z ((439538.8378 4478309.3991 0,439552.1217 4478334.5185 0))",2654298,Verde,Línea,5
"MULTILINESTRING Z ((443427.3223 4478615.4927 0,443428.8223 4478606.4927 0))",2654300,Azul,Línea,2
"MULTILINESTRING Z ((440115.8007 4478325.0699 0,440143.4797 4478366.3785 0))",2654301,Verde,Línea,10
"MULTILINESTRING Z ((440265.8301 4476621.5094 0,440265.7078 4476609.5304 0))",2654303,Alta Rotación,Línea,2
"MULTILINESTRING Z ((440265.5856 4476604.2744 0,440265.3411 4476592.2954 0))",2654304,Alta Rotación,Línea,2
"MULTILINESTRING Z ((440264.73 4476579.8275 0,440265.0967 4476585.2058 0))",2654305,Alta Rotación,Línea,1
"MULTILINESTRING Z ((440263.9965 4476564.4259 0,440263.7521 4476549.5133 0))",2654306,Alta Rotación,Línea,3
"MULTILINESTRING Z ((440263.8743 4476549.0244 0,440263.3854 4476534.3563 0))",2654307,Alta Rotación,Línea,3
"MULTILINESTRING Z ((440769.8223 4476181.3261 0,440774.239 4476168.4094 0))",2654311,Azul,Línea,3
"MULTILINESTRING Z ((439310.4057 4476451.3261 0,439238.739 4476456.6594 0))",2654313,Verde,Línea,15
"MULTILINESTRING Z ((439225.6557 4476224.7427 0,439300.239 4476217.9094 0))",2654314,Verde,Línea,16
"MULTILINESTRING Z ((439301.0723 4476085.8261 0,439302.1557 4476103.3261 0))",2654315,Verde,Batería,6
"MULTILINESTRING Z ((439319.489 4476343.5761 0,439323.489 4476410.4927 0))",2654316,Verde,Línea,13
"MULTILINESTRING Z ((439221.739 4476350.9927 0,439222.8223 4476369.5761 0))",2654317,Verde,Línea,4
"MULTILINESTRING Z ((443319.4057 4478893.2427 0,443323.4057 4478890.4094 0,443327.989 4478888.2427 0,443332.0723 4478886.6594 0,443337.9057 4478885.3261 0,443342.6557 4478884.9927 0,443347.8223 4478884.9927 0,443352.739 4478885.7427 0,443355.989 4478886.6594 0))",2654318,Azul,Batería,13
"MULTILINESTRING Z ((443369.1557 4478812.2427 0,443365.489 4478808.9094 0))",2654320,Verde,Batería,2
"MULTILINESTRING Z ((439978.739 4478183.2057 0,439985.8871 4478205.539 0))",2654321,Verde,Línea,5
"MULTILINESTRING Z ((439965.4752 4478143.099 0,439975.4411 4478173.9058 0))",2654322,Verde,Línea,7
"MULTILINESTRING Z ((440063.72 4477932.9876 0,440072.8763 4477935.2474 0))",2654328,Verde,Batería,5
"MULTILINESTRING Z ((441868.3223 4478935.7427 0,441868.8223 4478944.4927 0))",2654329,Verde,Línea,1
"MULTILINESTRING Z ((440009.9057 4477951.5761 0,440012.9057 4477979.9927 0))",2654333,Verde,Batería,12
"MULTILINESTRING Z ((439974.0723 4477959.6872 0,439999.2946 4477943.0761 0))",2654336,Verde,Línea,7
"MULTILINESTRING Z ((439941.9736 4478070.2304 0,439944.4427 4478077.7859 0,439944.6649 4478078.6748 0,439945.381 4478080.6501 0))",2654337,Verde,Línea,2
"MULTILINESTRING Z ((441799.4057 4479140.4094 0,441798.8223 4479135.4094 0))",2654353,Azul,Batería,2
"MULTILINESTRING Z ((442628.3223 4477388.5761 0,442616.739 4477400.2427 0,442616.4057 4477400.8261 0))",2654355,Verde,Línea,3
"MULTILINESTRING Z ((441796.739 4479112.5761 0,441798.739 4479134.4094 0))",2654356,Azul,Batería,10
"MULTILINESTRING Z ((442567.9612 4477673.7613 0,442584.1464 4477677.9094 0))",2654358,Verde,Línea,3
"MULTILINESTRING Z ((441796.739 4479110.4927 0,441794.5723 4479087.4927 0))",2654360,Azul,Batería,8
"MULTILINESTRING Z ((441794.1557 4479081.3261 0,441794.489 4479085.5761 0))",2654361,Azul,Batería,1
"MULTILINESTRING Z ((441851.739 4479144.4094 0,441846.739 4479144.7427 0))",2654362,Verde,Batería,2
"MULTILINESTRING Z ((441845.9057 4479144.8261 0,441841.1557 4479145.1594 0))",2654363,Verde,Batería,2
"MULTILINESTRING Z ((440734.9879 4477257.6705 0,440735.9973 4477272.8706 0))",2654383,Verde,Línea,3
"MULTILINESTRING Z ((441063.6557 4476244.4511 0,441061.7807 4476219.3261 0))",2654387,Verde,Línea,5
"MULTILINESTRING Z ((441158.2345 4475350.0804 0,441167.9657 4475343.6591 0))",2654389,Alta Rotación,Línea,2
"MULTILINESTRING Z ((441168.4291 4475343.1957 0,441173.063 4475340.0843 0))",2654390,Alta Rotación,Línea,1
"MULTILINESTRING Z ((441248.5959 4475290.8986 0,441212.9147 4475314.2668 0))",2654391,Alta Rotación,Línea,8
"MULTILINESTRING Z ((441044.3724 4475426.1429 0,441050.4627 4475422.3033 0))",2654392,Alta Rotación,Línea,1
"MULTILINESTRING Z ((441059.7968 4475416.4778 0,441071.1168 4475409.1298 0))",2654393,Alta Rotación,Línea,2
"MULTILINESTRING Z ((441683.489 4479107.6594 0,441686.239 4479138.7427 0))",2654397,Verde,Batería,10
"MULTILINESTRING Z ((441648.9057 4479089.6594 0,441661.6557 4479088.5761 0))",2654410,Verde,Línea,3
"MULTILINESTRING Z ((441849.239 4479159.4927 0,441845.9057 4479159.7427 0))",2654433,Verde,Batería,1
"MULTILINESTRING Z ((440032.6459 4475877.9231 0,440022.5059 4475769.2587 0))",2654448,Alta Rotación,Línea,21
"MULTILINESTRING Z ((439819.1505 4479273.1412 0,439799.2109 4479229.048 0))",2654449,Verde,Línea,10
"MULTILINESTRING Z ((442915.6032 4478494.8724 0,442927.2575 4478494.6008 0,442933.6526 4478494.6008 0))",2654453,Verde,Línea,4
"MULTILINESTRING Z ((443547.5538 4478374.9218 0,443548.3439 4478379.6872 0))",2654472,Verde,Línea,1
"MULTILINESTRING Z ((441593.3223 4479264.2427 0,441615.3223 4479262.4094 0))",2654475,Azul,Batería,7
"MULTILINESTRING Z ((442544.1094 4480414.3168 0,442551.5168 4480385.1316 0))",2654476,Verde,Línea,6
"MULTILINESTRING Z ((443729.8254 4476103.9094 0,443752.7143 4476107.1687 0))",2654479,Verde,Batería,8
"MULTILINESTRING Z ((442241.06 4475971.2921 0,442240.0723 4475958.3785 0))",2654483,Verde,Línea,3
"MULTILINESTRING Z ((441884.3223 4479513.9094 0,441889.4057 4479477.2427 0))",2654497,Azul,Línea,8
"MULTILINESTRING Z ((441220.9057 4473152.9927 0,441255.239 4473111.9094 0))",2654500,Verde,Línea,10
"MULTILINESTRING Z ((441853.239 4479712.0761 0,441860.4057 4479662.8261 0))",2654534,Azul,Línea,10
"MULTILINESTRING Z ((442094.8378 4478055.8106 0,442100.6402 4478052.9218 0))",2654536,Verde,Línea,1
"MULTILINESTRING Z ((442100.2699 4478051.1687 0,442116.3933 4478043.1193 0))",2654537,Verde,Línea,4
"MULTILINESTRING Z ((442070.1629 4478007.325 0,442075.9571 4478004.1152 0))",2654539,Verde,Línea,1
"MULTILINESTRING Z ((440903.4047 4475779.0033 0,440916.0118 4475738.2088 0))",2654563,Alta Rotación,Línea,8
"MULTILINESTRING Z ((439380.3223 4475936.1594 0,439325.989 4475938.8261 0))",2654586,Verde,Batería,18
"MULTILINESTRING Z ((442502.0723 4472827.9094 0,442514.239 4472819.7427 0))",2654588,Verde,Línea,3
"MULTILINESTRING Z ((442495.5723 4472832.4094 0,442501.989 4472828.1594 0))",2654589,Verde,Línea,1
"MULTILINESTRING Z ((441912.489 4479059.4094 0,441937.1557 4479057.6594 0,441940.489 4479057.5761 0))",2654590,Verde,Línea,6
"MULTILINESTRING Z ((439288.5307 4472708.2011 0,439306.7807 4472639.4511 0))",2654613,Alta Rotación,Línea,15
"MULTILINESTRING Z ((439429.239 4472581.9927 0,439435.9057 4472600.8261 0))",2654614,Alta Rotación,Batería,8
"MULTILINESTRING Z ((442635.2575 4475966.5267 0,442695.2081 4475962.1316 0))",2654627,Alta Rotación,Línea,14
"MULTILINESTRING Z ((442634.7269 4475966.5375 0,442628.711 4475966.9915 0))",2654628,Alta Rotación,Línea,1
"MULTILINESTRING Z ((442260.1711 4475993.5143 0,442339.6773 4475987.8847 0))",2654630,Alta Rotación,Línea,16
"MULTILINESTRING Z ((442082.0723 4479414.3261 0,442106.3223 4479412.3261 0,442108.989 4479412.4927 0,442115.3223 4479413.9927 0))",2654633,Verde,Línea,7
"MULTILINESTRING Z ((441610.6896 4475861.3662 0,441616.7637 4475890.9711 0))",2654634,Alta Rotación,Línea,6
"MULTILINESTRING Z ((439229.3223 4476339.3261 0,439304.6557 4476334.5761 0))",2654635,Verde,Línea,15
"MULTILINESTRING Z ((439174.1557 4476342.7427 0,439115.6557 4476346.5761 0))",2654636,Verde,Línea,12
"MULTILINESTRING Z ((441771.8501 4479438.2983 0,441770.6834 4479422.6872 0))",2654644,Verde,Batería,6
"MULTILINESTRING Z ((442792.9612 4476890.9794 0,442795.0847 4476886.8641 0))",2654647,Alta Rotación,Línea,1
"MULTILINESTRING Z ((442692.6279 4477325.465 0,442681.4057 4477336.6316 0))",2654649,Verde,Línea,3
"MULTILINESTRING Z ((442659.6279 4477358.0761 0,442671.1279 4477346.6316 0))",2654650,Verde,Línea,3
"MULTILINESTRING Z ((442799.9242 4476877.4869 0,442811.9187 4476854.2222 0))",2654652,Alta Rotación,Línea,5
"MULTILINESTRING Z ((443188.5168 4477833.8847 0,443204.8378 4477844.8724 0))",2654657,Alta Rotación,Línea,4
"MULTILINESTRING Z ((443220.1464 4477855.1934 0,443225.1341 4477858.5514 0))",2654658,Alta Rotación,Línea,1
"MULTILINESTRING Z ((443228.9242 4477861.0946 0,443237.2946 4477866.7242 0))",2654660,Alta Rotación,Línea,2
"MULTILINESTRING Z ((443242.3933 4477870.1563 0,443247.4797 4477873.5884 0))",2654661,Alta Rotación,Línea,1
"MULTILINESTRING Z ((443255.4139 4477878.9135 0,443264.0394 4477884.7242 0))",2654662,Alta Rotación,Línea,2
"MULTILINESTRING Z ((442444.1053 4478936.7571 0,442450.7061 4478936.8888 0))",2654663,Alta Rotación,Línea,1
"MULTILINESTRING Z ((442459.4304 4478937.0699 0,442465.2328 4478937.144 0))",2654665,Alta Rotación,Línea,1
"MULTILINESTRING Z ((442469.5908 4478937.1687 0,442480.9612 4478937.3909 0))",2654666,Alta Rotación,Línea,2
"MULTILINESTRING Z ((442492.0353 4478937.5761 0,442498.5538 4478937.7242 0))",2654667,Alta Rotación,Línea,1
"MULTILINESTRING Z ((442501.776 4478937.7859 0,442506.5168 4478937.8847 0))",2654668,Alta Rotación,Línea,1
"MULTILINESTRING Z ((442517.4797 4478938.1069 0,442527.8254 4478938.3045 0))",2654669,Alta Rotación,Línea,3
"MULTILINESTRING Z ((441053.9242 4477888.0576 0,441057.1588 4477929.5637 0))",2654670,Alta Rotación,Línea,8
"MULTILINESTRING Z ((441107.4797 4478821.7613 0,441107.99 4478828.2139 0))",2654679,Alta Rotación,Batería,2
"MULTILINESTRING Z ((441110.2946 4478857.3909 0,441111.5168 4478872.8724 0))",2654681,Alta Rotación,Batería,6
"MULTILINESTRING Z ((441952.5723 4481052.4094 0,441954.9057 4481061.5761 0))",2654690,Azul,Línea,2
"MULTILINESTRING Z ((441911.9057 4481203.1594 0,441918.6557 4481233.6594 0))",2654692,Azul,Batería,11
"MULTILINESTRING Z ((442023.239 4481272.4927 0,442032.6557 4481270.4094 0,442034.6557 4481267.7427 0,442034.739 4481266.3261 0,442025.5723 4481224.7427 0))",2654693,Verde,Línea,11
"MULTILINESTRING Z ((439451.0188 4477392.0493 0,439453.883 4477433.1522 0))",2654700,Alta Rotación,Línea,8
"MULTILINESTRING Z ((439457.06 4477478.5514 0,439454.4674 4477441.5884 0))",2654701,Alta Rotación,Línea,7
"MULTILINESTRING Z ((439305.2081 4477394.8971 0,439300.8871 4477401.2674 0))",2654703,Alta Rotación,Línea,1
"MULTILINESTRING Z ((442027.1557 4479572.4094 0,441964.239 4479581.9094 0))",2654708,Azul,Línea,13
"MULTILINESTRING Z ((441988.239 4481308.5761 0,441983.6557 4481309.5761 0))",2654736,Verde,Línea,1
"MULTILINESTRING Z ((442737.0723 4474960.9927 0,442708.739 4474963.0761 0))",2654758,Verde,Línea,6
"MULTILINESTRING Z ((442769.6557 4474958.9094 0,442743.8223 4474960.5761 0))",2654759,Verde,Línea,5
"MULTILINESTRING Z ((441309.6557 4475711.4511 0,441311.5307 4475730.4511 0))",2654764,Verde,Línea,4
"MULTILINESTRING Z ((440445.989 4475924.6594 0,440451.3223 4475895.6594 0))",2654775,Verde,Línea,5
"MULTILINESTRING Z ((442274.8223 4479549.1594 0,442276.0723 4479554.1594 0))",2654779,Verde,Línea,1
"MULTILINESTRING Z ((442319.489 4479677.6594 0,442328.489 4479693.9094 0,442332.489 4479700.8261 0))",2654794,Verde,Línea,6
"MULTILINESTRING Z ((442395.4057 4479788.4094 0,442400.3223 4479794.9094 0))",2654795,Verde,Línea,1
"MULTILINESTRING Z ((441444.0307 4477671.8261 0,441449.2807 4477735.4511 0))",2654798,Verde,Línea,14
"MULTILINESTRING Z ((441453.1557 4477781.4927 0,441450.489 4477751.9094 0))",2654799,Verde,Línea,6
"MULTILINESTRING Z ((443112.5168 4475587.2427 0,443113.0168 4475606.7427 0))",2654802,Verde,Batería,9
"MULTILINESTRING Z ((442658.739 4477024.2427 0,442694.9612 4477052.2427 0))",2654809,Verde,Línea,9
"MULTILINESTRING Z ((442195.3223 4479554.7427 0,442166.739 4479558.9927 0))",2654816,Verde,Línea,6
"MULTILINESTRING Z ((442162.0723 4479559.8261 0,442153.5723 4479561.0761 0))",2654818,Verde,Línea,2
"MULTILINESTRING Z ((441884.239 4480674.9094 0,441912.739 4480667.9927 0,441928.739 4480667.7427 0,441933.6557 4480667.2427 0,441942.1557 4480665.4927 0))",2654819,Verde,Línea,12
"MULTILINESTRING Z ((442504.4057 4480535.5761 0,442531.9057 4480518.5761 0))",2654820,Verde,Batería,15
"MULTILINESTRING Z ((442653.9057 4480700.2427 0,442677.239 4480699.4094 0))",2654821,Verde,Batería,8
"MULTILINESTRING Z ((442139.0723 4479617.0761 0,442139.3223 4479618.1594 0,442138.3223 4479626.6594 0))",2654826,Verde,Línea,2
"MULTILINESTRING Z ((441819.239 4480294.4927 0,441825.4057 4480322.9094 0))",2654828,Verde,Línea,5
"MULTILINESTRING Z ((442115.239 4479745.4927 0,442119.489 4479746.4094 0))",2654831,Verde,Línea,1
"MULTILINESTRING Z ((440604.8223 4471781.8261 0,440624.989 4471761.9094 0))",2654839,Azul,Línea,6
"MULTILINESTRING Z ((440625.489 4471761.8261 0,440659.8223 4471728.9094 0))",2654840,Alta Rotación,Línea,9
"MULTILINESTRING Z ((441634.2496 4474735.3001 0,441649.6941 4474734.3372 0))",2654841,Verde,Línea,3
"MULTILINESTRING Z ((443530.5723 4474386.2427 0,443543.9057 4474380.2427 0))",2654844,Azul,Línea,3
"MULTILINESTRING Z ((441836.989 4480326.3261 0,441852.8223 4480398.1594 0))",2654846,Azul,Batería,27
"MULTILINESTRING Z ((442558.0168 4480360.4094 0,442565.2946 4480334.1872 0))",2654849,Verde,Línea,6
"MULTILINESTRING Z ((441701.8223 4480186.7427 0,441697.989 4480169.2427 0))",2654859,Verde,Línea,3
"MULTILINESTRING Z ((441680.3223 4480032.0761 0,441705.5723 4480026.6594 0))",2654864,Verde,Línea,5
"MULTILINESTRING Z ((441826.3223 4480068.1594 0,441844.6557 4480093.3261 0))",2654866,Verde,Línea,6
"MULTILINESTRING Z ((441882.1279 4480145.0205 0,441892.3501 4480159.1316 0))",2654867,Verde,Línea,3
"MULTILINESTRING Z ((442052.239 4479684.4927 0,442048.9057 4479705.3261 0))",2654871,Verde,Línea,4
"MULTILINESTRING Z ((441891.8501 4480020.5205 0,441892.739 4480051.2427 0))",2654876,Verde,Línea,6
"MULTILINESTRING Z ((442397.0723 4474546.4094 0,442407.6279 4474545.7427 0))",2654884,Verde,Línea,2
"MULTILINESTRING Z ((441337.239 4473913.2427 0,441337.3223 4473901.5761 0))",2654885,Verde,Línea,2
"MULTILINESTRING Z ((441817.3223 4479804.6594 0,441812.8223 4479823.5761 0))",2654886,Verde,Línea,3
"MULTILINESTRING Z ((441934.489 4479804.8261 0,441953.6557 4479809.8261 0))",2654901,Verde,Línea,4
"MULTILINESTRING Z ((441957.739 4479810.9094 0,441962.989 4479812.1594 0))",2654904,Verde,Línea,1
"MULTILINESTRING Z ((442190.1557 4479937.7011 0,442192.0307 4479970.9511 0))",2654906,Verde,Línea,7
"MULTILINESTRING Z ((441971.739 4479941.7427 0,441974.1557 4479977.1594 0))",2654908,Verde,Línea,6
"MULTILINESTRING Z ((441894.9057 4479906.9927 0,441895.4057 4479919.9927 0))",2654909,Verde,Línea,2
"MULTILINESTRING Z ((441898.239 4480013.7427 0,441899.0723 4480046.8261 0))",2654911,Verde,Línea,7
"MULTILINESTRING Z ((441947.739 4479592.8261 0,441913.489 4479597.9927 0))",2654916,Verde,Línea,7
"MULTILINESTRING Z ((441909.239 4479598.7427 0,441900.1557 4479600.0761 0))",2654918,Verde,Línea,1
"MULTILINESTRING Z ((442874.1557 4479685.8261 0,442888.989 4479687.7427 0))",2654928,Verde,Línea,3
"MULTILINESTRING Z ((442722.9057 4479517.8261 0,442722.1557 4479512.6594 0))",2654940,Verde,Batería,2
"MULTILINESTRING Z ((442721.9057 4479511.7427 0,442720.8223 4479504.3261 0))",2654943,Verde,Batería,3
"MULTILINESTRING Z ((442799.8501 4476090.0576 0,442806.0353 4476089.6501 0))",2654953,Verde,Línea,1
"MULTILINESTRING Z ((442960.2452 4479572.1316 0,442960.8378 4479572.9464 0,442961.0847 4479573.86 0))",2654955,Verde,Línea,1
"MULTILINESTRING Z ((443066.739 4474728.9927 0,443032.9057 4474731.4094 0))",2654967,Alta Rotación,Línea,7
"MULTILINESTRING Z ((443116.5208 4474725.4494 0,443095.0929 4474727.0196 0))",2654968,Alta Rotación,Línea,4
"MULTILINESTRING Z ((443133.7774 4474724.4434 0,443156.1628 4474722.6945 0))",2654969,Alta Rotación,Línea,4
"MULTILINESTRING Z ((443162.5262 4474721.999 0,443172.9175 4474721.4463 0))",2654970,Alta Rotación,Línea,2
"MULTILINESTRING Z ((443201.4384 4474719.0143 0,443180.7663 4474720.783 0))",2654971,Alta Rotación,Línea,4
"MULTILINESTRING Z ((442698.8223 4479371.9927 0,442700.1557 4479379.5761 0))",2654990,Azul,Batería,3
"MULTILINESTRING Z ((443529.9057 4476200.6594 0,443551.1557 4476223.5761 0))",2654992,Verde,Línea,6
"MULTILINESTRING Z ((442700.3223 4479380.4094 0,442701.4057 4479386.9927 0))",2654993,Azul,Batería,3
"MULTILINESTRING Z ((442703.989 4479402.1594 0,442705.239 4479409.4094 0))",2654996,Azul,Batería,3
"MULTILINESTRING Z ((442497.0723 4475111.4927 0,442495.739 4475093.4927 0))",2655009,Verde,Línea,4
"MULTILINESTRING Z ((442654.239 4479123.6594 0,442655.989 4479133.1594 0))",2655010,Azul,Línea,2
"MULTILINESTRING Z ((441254.2807 4474155.7011 0,441260.7807 4474160.2011 0,441264.4057 4474164.2011 0))",2655012,Alta Rotación,Batería,4
"MULTILINESTRING Z ((441224.9428 4474266.8645 0,441230.5876 4474265.3861 0,441236.5012 4474263.6389 0,441241.4067 4474262.0261 0,441246.7827 4474259.1365 0,441256.7955 4474252.2821 0))",2655013,Alta Rotación,Batería,13
"MULTILINESTRING Z ((441971.4057 4475357.8261 0,441972.5723 4475371.1594 0))",2655022,Azul,Línea,2
"MULTILINESTRING Z ((439258.8223 4475581.9094 0,439253.9057 4475589.8261 0))",2655061,Verde,Línea,3
"MULTILINESTRING Z ((439253.8223 4475589.9094 0,439248.9057 4475598.1594 0))",2655062,Verde,Línea,2
"MULTILINESTRING Z ((443032.4057 4479672.7427 0,443038.239 4479681.9094 0))",2655064,Verde,Línea,2
"MULTILINESTRING Z ((443131.2467 4473297.4229 0,443128.563 4473252.1361 0))",2655066,Alta Rotación,Línea,9
"MULTILINESTRING Z ((443178.4057 4478894.0761 0,443170.9057 4478914.3261 0))",2655107,Verde,Línea,4
"MULTILINESTRING Z ((442163.9242 4476409.9835 0,442164.9859 4476423.3662 0))",2655114,Verde,Línea,2
"MULTILINESTRING Z ((441371.6557 4476086.3261 0,441371.989 4476096.6594 0))",2655137,Azul,Línea,2
"MULTILINESTRING Z ((443205.8223 4479244.6594 0,443226.3223 4479243.3261 0))",2655179,Azul,Línea,4
"MULTILINESTRING Z ((443230.3223 4479243.0761 0,443245.0723 4479242.2427 0))",2655180,Azul,Línea,3
"MULTILINESTRING Z ((443360.8223 4479109.9094 0,443360.3223 4479099.4927 0))",2655192,Azul,Batería,4
"MULTILINESTRING Z ((443353.5307 4478983.4511 0,443356.4057 4479032.8261 0,443357.9057 4479060.7011 0,443359.4057 4479083.2011 0))",2655196,Azul,Batería,39
"MULTILINESTRING Z ((440645.239 4472706.5761 0,440639.1557 4472704.5761 0))",2655197,Verde,Línea,1
"MULTILINESTRING Z ((440645.8223 4472706.7427 0,440656.4057 4472710.3261 0))",2655199,Verde,Línea,2
"MULTILINESTRING Z ((441598.4057 4472391.4927 0,441601.1557 4472429.4927 0))",2655210,Alta Rotación,Línea,7
"MULTILINESTRING Z ((443385.739 4479396.4927 0,443389.4057 4479403.3261 0,443392.1557 4479410.0761 0,443394.1557 4479416.0761 0,443395.4057 4479420.9094 0))",2655214,Verde,Batería,11
"MULTILINESTRING Z ((443359.739 4479360.4927 0,443369.0723 4479373.4927 0))",2655218,Verde,Batería,6
"MULTILINESTRING Z ((443370.8223 4479353.1594 0,443379.0723 4479363.8261 0,443387.3223 4479375.0761 0,443397.5723 4479389.4094 0,443400.239 4479393.9927 0))",2655222,Verde,Batería,19
"MULTILINESTRING Z ((443358.989 4479331.1594 0,443359.9057 4479335.1594 0,443361.1557 4479339.0761 0,443363.1557 4479343.0761 0,443365.0723 4479346.2427 0,443366.8223 4479348.5761 0))",2655225,Azul,Batería,6
"MULTILINESTRING Z ((443324.8223 4479345.4094 0,443239.489 4479360.2427 0))",2655226,Azul,Línea,18
"MULTILINESTRING Z ((442830.739 4479046.2427 0,442829.239 4479021.4927 0,442826.8223 4478987.6594 0))",2655233,Verde,Batería,21
"MULTILINESTRING Z ((443225.8223 4479505.9927 0,443219.5723 4479506.9094 0))",2655241,Verde,Batería,3
"MULTILINESTRING Z ((440838.5195 4477850.4252 0,440871.0307 4477847.8261 0))",2655257,Verde,Batería,12
"MULTILINESTRING Z ((442505.8223 4479061.9094 0,442524.3223 4479062.1594 0))",2655294,Verde,Línea,4
"MULTILINESTRING Z ((442440.739 4478929.4927 0,442473.239 4478930.1594 0))",2655303,Verde,Línea,7
"MULTILINESTRING Z ((442313.3223 4479231.9094 0,442301.5723 4479179.3261 0))",2655313,Verde,Línea,11
"MULTILINESTRING Z ((442315.5723 4479241.4094 0,442322.239 4479270.9094 0))",2655327,Verde,Línea,6
"MULTILINESTRING Z ((442328.4057 4479270.9927 0,442371.0723 4479261.1594 0))",2655329,Verde,Línea,9
"MULTILINESTRING Z ((442641.5723 4479169.4094 0,442644.239 4479184.4094 0))",2655335,Azul,Línea,3
"MULTILINESTRING Z ((442556.1557 4479152.2427 0,442564.4057 4479149.4927 0))",2655338,Verde,Línea,2
"MULTILINESTRING Z ((441726.9057 4474794.5761 0,441810.489 4474789.0761 0))",2655340,Verde,Línea,17
"MULTILINESTRING Z ((441054.0307 4472723.2011 0,441086.7807 4472719.9511 0))",2655342,Alta Rotación,Línea,6
"MULTILINESTRING Z ((441008.9 4472727.5909 0,441034.1101 4472725.1552 0))",2655343,Alta Rotación,Línea,5
"MULTILINESTRING Z ((440893.2699 4472819.0297 0,440910.739 4472844.3102 0))",2655347,Alta Rotación,Línea,6
"MULTILINESTRING Z ((440872.933 4472791.0599 0,440861.2117 4472774.7291 0))",2655348,Alta Rotación,Línea,3
"MULTILINESTRING Z ((442608.489 4479484.0761 0,442630.739 4479480.8261 0))",2655358,Verde,Batería,8
"MULTILINESTRING Z ((442599.739 4479485.5761 0,442592.239 4479486.5761 0))",2655363,Verde,Batería,2
"MULTILINESTRING Z ((442650.1557 4479220.1594 0,442651.239 4479225.9094 0))",2655367,Azul,Línea,2
"MULTILINESTRING Z ((442647.6557 4479478.3261 0,442682.8223 4479473.1594 0))",2655382,Verde,Batería,13
"MULTILINESTRING Z ((442409.6557 4479680.4927 0,442414.8223 4479709.4927 0))",2655384,Verde,Línea,7
"MULTILINESTRING Z ((442414.989 4479711.7427 0,442419.0723 4479734.4094 0))",2655385,Verde,Línea,6
"MULTILINESTRING Z ((442628.989 4479810.6594 0,442632.9057 4479767.5761 0))",2655389,Verde,Línea,9
"MULTILINESTRING Z ((442580.989 4479477.4927 0,442582.0723 4479482.4927 0))",2655399,Verde,Línea,1
"MULTILINESTRING Z ((442571.6557 4479489.7427 0,442549.3223 4479492.9927 0))",2655400,Verde,Batería,9
"MULTILINESTRING Z ((442540.739 4479494.3261 0,442535.9057 4479494.9927 0))",2655401,Verde,Batería,1
"MULTILINESTRING Z ((442430.0723 4479510.8261 0,442527.5723 4479496.3261 0))",2655402,Verde,Batería,36
"MULTILINESTRING Z ((442413.6557 4479513.3261 0,442384.0723 4479517.6594 0))",2655403,Verde,Batería,10
"MULTILINESTRING Z ((442478.0723 4479631.9927 0,442539.239 4479637.0761 0))",2655407,Verde,Línea,12
"MULTILINESTRING Z ((441372.6536 4472981.8116 0,441366.3519 4472989.7662 0))",2655417,Azul,Línea,2
"MULTILINESTRING Z ((441332.4051 4473030.7043 0,441347.8319 4473011.0494 0))",2655420,Alta Rotación,Línea,4
"MULTILINESTRING Z ((441423.0835 4472920.5303 0,441591.2815 4472717.0801 0))",2655423,Azul,Línea,51
"MULTILINESTRING Z ((441388.8223 4472962.5761 0,441418.4057 4472926.2427 0))",2655424,Azul,Línea,10
"MULTILINESTRING Z ((438766.1557 4474808.0761 0,438753.1557 4474822.7427 0))",2655428,Azul,Línea,4
"MULTILINESTRING Z ((438780.0723 4474793.0761 0,438772.9057 4474800.4927 0))",2655429,Azul,Línea,2
"MULTILINESTRING Z ((441529.1834 4477783.0205 0,441532.5168 4477788.4094 0))",2655587,Verde,Línea,1
"MULTILINESTRING Z ((440721.8223 4481828.4094 0,440730.1557 4481833.2427 0))",2655592,Verde,Batería,4
"MULTILINESTRING Z ((441517.1557 4478009.6594 0,441487.4057 4478038.5761 0,441486.489 4478039.1594 0,441482.739 4478039.4927 0))",2655742,Verde,Batería,18
"MULTILINESTRING Z ((441447.9057 4477660.5761 0,441459.239 4477677.3261 0))",2655745,Verde,Línea,4
"MULTILINESTRING Z ((441467.489 4477689.6594 0,441461.3223 4477680.9094 0))",2655746,Verde,Línea,2
"MULTILINESTRING Z ((441545.1557 4477627.9094 0,441536.989 4477611.4094 0))",2655750,Verde,Línea,3
"MULTILINESTRING Z ((441669.6557 4477793.4927 0,441694.1557 4477784.9927 0))",2655758,Verde,Línea,5
"MULTILINESTRING Z ((441798.239 4477642.9094 0,441808.989 4477639.3261 0))",2655759,Verde,Línea,2
"MULTILINESTRING Z ((443166.6557 4478198.6594 0,443170.989 4478199.2427 0))",2655763,Verde,Línea,1
"MULTILINESTRING Z ((442042.239 4477784.2427 0,442033.239 4477792.9927 0))",2655765,Verde,Línea,2
"MULTILINESTRING Z ((442410.5723 4477747.4927 0,442418.0723 4477754.7427 0))",2655770,Azul,Línea,2
"MULTILINESTRING Z ((443771.9983 4477076.2057 0,443776.7143 4477078.7736 0))",2655775,Verde,Batería,2
"MULTILINESTRING Z ((441991.6279 4477580.7983 0,441979.8501 4477583.2427 0))",2655777,Verde,Línea,2
"MULTILINESTRING Z ((442072.6279 4477692.7242 0,442076.1094 4477690.9094 0))",2655784,Verde,Línea,1
"MULTILINESTRING Z ((442209.6557 4477585.8261 0,442218.489 4477594.4094 0))",2655793,Azul,Línea,2
"MULTILINESTRING Z ((442378.3223 4477722.2427 0,442386.0723 4477729.7427 0))",2655795,Verde,Línea,2
"MULTILINESTRING Z ((443201.739 4472435.9927 0,443219.239 4472429.7427 0))",2655801,Verde,Línea,3
"MULTILINESTRING Z ((443223.6557 4472427.8261 0,443237.5723 4472422.5761 0))",2655802,Verde,Línea,3
"MULTILINESTRING Z ((442355.1557 4477724.9927 0,442351.489 4477721.5761 0))",2655804,Azul,Línea,1
"MULTILINESTRING Z ((442975.0723 4473167.1594 0,442978.989 4473173.0761 0))",2655808,Verde,Línea,2
"MULTILINESTRING Z ((442194.776 4477923.539 0,442200.3316 4477920.6501 0))",2655809,Verde,Línea,1
"MULTILINESTRING Z ((440893.989 4474288.1594 0,440893.8223 4474300.4094 0))",2655817,Verde,Línea,2
"MULTILINESTRING Z ((440893.6557 4474308.9927 0,440893.739 4474300.4927 0))",2655818,Verde,Línea,2
"MULTILINESTRING Z ((439882.5723 4474676.9927 0,439888.1557 4474676.1594 0))",2655820,Verde,Línea,1
"MULTILINESTRING Z ((440187.4057 4481576.6316 0,440188.9057 4481573.6872 0,440192.1834 4481566.6872 0))",2655826,Verde,Línea,2
"MULTILINESTRING Z ((442746.739 4475834.7427 0,442811.9057 4475829.7427 0,442848.1557 4475827.0761 0))",2655827,Verde,Batería,37
"MULTILINESTRING Z ((441555.0723 4477359.2427 0,441558.239 4477357.8261 0,441561.4057 4477354.2427 0))",2655830,Verde,Línea,2
"MULTILINESTRING Z ((441838.6557 4477293.9094 0,441839.6557 4477307.3261 0))",2655832,Azul,Línea,2
"MULTILINESTRING Z ((441771.3223 4477161.9927 0,441816.8223 4477141.6594 0))",2655833,Verde,Línea,10
"MULTILINESTRING Z ((442103.1557 4477210.4511 0,442101.5307 4477188.3261 0))",2655835,Verde,Línea,4
"MULTILINESTRING Z ((439474.0476 4480999.358 0,439483.7925 4481001.86 0))",2655839,Verde,Batería,4
"MULTILINESTRING Z ((439491.1011 4481003.753 0,439489.0435 4481003.2098 0))",2655840,Verde,Batería,1
"MULTILINESTRING Z ((439569.1752 4481024.2414 0,439576.5058 4481026.0301 0))",2655842,Verde,Batería,3
"MULTILINESTRING Z ((439583.2877 4481027.6982 0,439581.0271 4481027.1385 0))",2655843,Verde,Batería,1
"MULTILINESTRING Z ((442115.739 4477390.0761 0,442118.8223 4477435.3261 0,442119.4057 4477440.0761 0))",2655844,Azul,Línea,10
"MULTILINESTRING Z ((439439.6718 4480957.849 0,439462.0586 4480963.775 0))",2655847,Verde,Línea,5
"MULTILINESTRING Z ((442474.239 4477503.4927 0,442468.3223 4477437.4927 0))",2655849,Azul,Línea,13
"MULTILINESTRING Z ((439652.7612 4481002.4142 0,439655.2181 4480993.1068 0))",2655854,Verde,Línea,2
"MULTILINESTRING Z ((440318.3686 4481109.1316 0,440317.5168 4481112.2427 0,440317.3316 4481112.5761 0,440316.9612 4481112.9464 0,440316.2946 4481113.2057 0,440315.9242 4481113.2057 0,440315.2946 4481113.0576 0))",2655867,Verde,Batería,2
"MULTILINESTRING Z ((439313.8007 4480920.8724 0,439333.0929 4480925.9423 0))",2655884,Verde,Batería,9
"MULTILINESTRING Z ((439547.0106 4480716.7736 0,439551.4057 4480699.86 0))",2655891,Verde,Batería,8
"MULTILINESTRING Z ((439561.6526 4480699.465 0,439619.0847 4480714.7242 0))",2655892,Verde,Batería,21
"MULTILINESTRING Z ((442405.739 4477075.7427 0,442394.6557 4477086.4094 0))",2655893,Verde,Línea,3
"MULTILINESTRING Z ((439610.3275 4480762.0411 0,439606.5963 4480776.3182 0))",2655896,Verde,Batería,6
"MULTILINESTRING Z ((439585.5168 4480856.465 0,439589.4057 4480841.7242 0))",2655900,Verde,Batería,6
"MULTILINESTRING Z ((439595.9406 4480873.8216 0,439600.824 4480855.2098 0))",2655906,Verde,Batería,8
"MULTILINESTRING Z ((439607.739 4480828.8353 0,439602.1464 4480850.1687 0))",2655907,Verde,Batería,9
"MULTILINESTRING Z ((442039.739 4476882.1594 0,442047.739 4476880.6594 0,442056.1557 4476879.4094 0,442064.5723 4476878.7427 0))",2655909,Verde,Línea,5
"MULTILINESTRING Z ((442063.8223 4477024.4927 0,442078.5723 4477023.4927 0))",2655911,Verde,Línea,3
"MULTILINESTRING Z ((439842.0845 4480691.2328 0,439842.1586 4480693.5661 0,439842.4549 4480697.1217 0,439842.6771 4480698.7883 0,439843.529 4480703.1587 0,439844.6771 4480707.455 0,439845.1586 4480708.9365 0,439846.6031 4480712.8994 0,439847.529 4480714.8624 0))",2655912,Verde,Línea,5
"MULTILINESTRING Z ((442194.4057 4476802.6594 0,442198.9057 4476805.6594 0))",2655913,Verde,Batería,2
"MULTILINESTRING Z ((439852.1834 4480691.6872 0,439852.5908 4480697.6501 0,439854.1834 4480703.6872 0,439854.4797 4480705.1316 0,439857.702 4480713.2798 0,439860.1464 4480717.3538 0,439861.739 4480719.7983 0,439864.776 4480723.9464 0,439869.1464 4480728.3168 0,439873.776 4480732.1316 0,439880.4057 4480736.2057 0,439885.8871 4480738.465 0,439890.702 4480740.0576 0,439892.0723 4480740.4279 0,439897.0353 4480741.465 0,439904.0353 4480741.9094 0,439913.702 4480741.6501 0,439926.8131 4480741.0946 0,439947.0353 4480740.9094 0,439988.739 4480739.7242 0))",2655915,Azul,Línea,35
"MULTILINESTRING Z ((442212.239 4476706.9927 0,442235.6557 4476702.8261 0))",2655916,Verde,Línea,4
"MULTILINESTRING Z ((442289.4286 4476682.7287 0,442294.6448 4476681.9018 0))",2655917,Verde,Línea,1
"MULTILINESTRING Z ((442293.8223 4476594.2427 0,442293.0723 4476580.3261 0))",2655924,Verde,Línea,3
"MULTILINESTRING Z ((440040.1279 4480751.9094 0,440033.6834 4480750.3538 0,440028.0723 4480749.6316 0,440022.5168 4480749.4094 0,440011.7946 4480749.5205 0,440010.4612 4480749.465 0))",2655926,Verde,Línea,6
"MULTILINESTRING Z ((440006.2452 4480739.3909 0,440014.0476 4480739.2921 0,440021.8748 4480738.9958 0,440028.2205 4480739.3415 0,440029.2328 4480739.4403 0,440041.7267 4480741.9835 0))",2655931,Azul,Línea,7
"MULTILINESTRING Z ((440048.6402 4480754.4032 0,440056.4674 4480757.8106 0,440064.2946 4480762.4773 0,440069.5044 4480766.4773 0,440074.739 4480770.823 0,440079.2822 4480775.86 0,440084.4921 4480782.6501 0))",2655932,Verde,Línea,9
"MULTILINESTRING Z ((440053.5168 4480745.7427 0,440060.1834 4480748.8538 0,440062.3501 4480750.0205 0,440067.2946 4480753.2427 0,440074.0168 4480757.4094 0,440078.1834 4480760.9094 0,440084.2946 4480766.7427 0,440088.1279 4480771.0205 0))",2655934,Azul,Línea,8
"MULTILINESTRING Z ((440108.8871 4480835.3909 0,440108.9983 4480833.3538 0,440108.8131 4480826.2427 0,440108.739 4480823.7613 0,440108.4427 4480819.6872 0,440107.8501 4480814.6872 0,440107.3316 4480811.5761 0,440106.9242 4480809.6501 0,440105.5908 4480804.1687 0,440102.702 4480795.6872 0,440101.4797 4480792.8353 0,440096.5538 4480783.1316 0))",2655935,Azul,Línea,11
"MULTILINESTRING Z ((439464.9983 4480684.4279 0,439485.9612 4480689.9464 0))",2655945,Verde,Batería,9
"MULTILINESTRING Z ((439532.6485 4480675.8518 0,439556.8789 4480682.2386 0))",2655946,Verde,Batería,11
"MULTILINESTRING Z ((441806.489 4476845.7427 0,441808.3223 4476873.9927 0))",2655948,Azul,Línea,5
"MULTILINESTRING Z ((439911.1834 4480512.1316 0,439928.239 4480506.1872 0))",2655957,Verde,Batería,8
"MULTILINESTRING Z ((439891.739 4480518.9835 0,439909.2946 4480512.8353 0))",2655958,Verde,Batería,9
"MULTILINESTRING Z ((439712.3028 4480504.7736 0,439710.4921 4480506.2551 0))",2655959,Verde,Batería,1
"MULTILINESTRING Z ((439688.0998 4480507.7201 0,439691.9955 4480504.6474 0))",2655961,Verde,Línea,1
"MULTILINESTRING Z ((439714.2205 4480487.0946 0,439697.2575 4480500.502 0))",2655962,Verde,Línea,4
"MULTILINESTRING Z ((439673.8007 4480556.823 0,439671.2328 4480549.6625 0))",2655964,Verde,Batería,3
"MULTILINESTRING Z ((439768.9448 4480461.9917 0,439765.2575 4480464.7736 0))",2655966,Verde,Batería,2
"MULTILINESTRING Z ((439725.8501 4480478.2551 0,439763.2328 4480449.7366 0))",2655967,Verde,Línea,9
"MULTILINESTRING Z ((441469.6557 4476841.9511 0,441475.2807 4476821.5761 0,441475.7807 4476810.3261 0,441475.1557 4476799.4511 0,441472.4057 4476787.9511 0,441465.1557 4476772.8261 0))",2655968,Azul,Batería,27
"MULTILINESTRING Z ((441445.9057 4476924.9511 0,441450.5307 4476914.0761 0,441452.9057 4476905.2011 0,441455.6557 4476894.3261 0))",2655969,Azul,Batería,12
"MULTILINESTRING Z ((441396.1834 4477193.9094 0,441396.739 4477200.2983 0))",2655971,Azul,Línea,1
"MULTILINESTRING Z ((441398.239 4477215.2427 0,441397.5168 4477207.5761 0))",2655972,Azul,Línea,1
"MULTILINESTRING Z ((440239.4304 4480629.4403 0,440275.9242 4480634.9464 0))",2655973,Verde,Línea,8
"MULTILINESTRING Z ((440394.6896 4480676.6008 0,440408.5908 4480680.3045 0))",2655979,Verde,Batería,6
"MULTILINESTRING Z ((439462.4612 4480309.0761 0,439486.3501 4480310.965 0,439492.5723 4480310.965 0,439498.3501 4480310.7983 0))",2655980,Verde,Línea,7
"MULTILINESTRING Z ((439501.5044 4480311.0946 0,439502.1464 4480311.0205 0,439509.0353 4480311.5637 0,439523.8254 4480313.0452 0,439535.8254 4480315.1193 0))",2655981,Verde,Línea,7
"MULTILINESTRING Z ((439426.8501 4480378.2427 0,439443.3686 4480378.9835 0))",2655982,Verde,Batería,6
"MULTILINESTRING Z ((439491.9612 4480380.5761 0,439509.4057 4480381.465 0))",2655983,Verde,Batería,7
"MULTILINESTRING Z ((439437.6526 4480450.4032 0,439541.0353 4480455.2427 0))",2655984,Verde,Batería,47
"MULTILINESTRING Z ((439512.9242 4480395.2427 0,439522.9983 4480395.6872 0))",2655989,Verde,Batería,4
"MULTILINESTRING Z ((439486.5579 4480394.0082 0,439496.739 4480394.4927 0))",2655990,Verde,Batería,5
"MULTILINESTRING Z ((439473.4057 4480393.3909 0,439483.9612 4480393.8724 0))",2655991,Verde,Batería,4
"MULTILINESTRING Z ((439460.3192 4480392.823 0,439470.9859 4480393.2921 0))",2655992,Verde,Batería,4
"MULTILINESTRING Z ((439445.0353 4480392.0946 0,439436.2205 4480391.6872 0))",2655993,Verde,Batería,5
"MULTILINESTRING Z ((439433.2946 4480391.539 0,439422.5307 4480390.9511 0))",2655994,Verde,Batería,7
"MULTILINESTRING Z ((439803.9571 4480444.9876 0,439808.4674 4480457.8106 0))",2655995,Verde,Línea,2
"MULTILINESTRING Z ((439903.9983 4480440.8724 0,439890.4427 4480445.3662 0))",2655996,Verde,Línea,3
"MULTILINESTRING Z ((439960.0476 4480445.9588 0,439943.6526 4480444.181 0))",2655997,Verde,Línea,3
"MULTILINESTRING Z ((440934.1958 4478026.8641 0,440941.8172 4478026.1892 0))",2655998,Azul,Batería,3
"MULTILINESTRING Z ((440477.5044 4479663.6543 0,440482.7555 4479663.1604 0))",2655999,Verde,Línea,1
"MULTILINESTRING Z ((440788.4921 4479963.0946 0,440798.8223 4479952.5761 0))",2656223,Verde,Batería,6
"MULTILINESTRING Z ((440784.1382 4479972.1316 0,440790.739 4479965.4156 0))",2656224,Verde,Batería,4
"MULTILINESTRING Z ((442398.5744 4479609.9094 0,442400.4057 4479619.8261 0))",2656226,Verde,Línea,2
"MULTILINESTRING Z ((442661.3223 4476090.9927 0,442674.8223 4476089.9927 0))",2656242,Verde,Línea,3
"MULTILINESTRING Z ((442885.8223 4475972.1594 0,442890.9057 4475971.7427 0))",2656244,Azul,Línea,1
"MULTILINESTRING Z ((442891.4057 4475971.7427 0,442909.1557 4475970.2427 0))",2656245,Verde,Línea,4
"MULTILINESTRING Z ((439373.2246 4477362.502 0,439373.4112 4477365.5198 0))",2656250,Verde,Línea,1
"MULTILINESTRING Z ((439371.739 4477339.4927 0,439372.8223 4477357.0761 0))",2656251,Verde,Línea,3
"MULTILINESTRING Z ((439367.4057 4477315.6594 0,439369.8223 4477325.0761 0,439371.1557 4477332.8261 0,439371.239 4477334.4927 0))",2656254,Verde,Línea,4
"MULTILINESTRING Z ((439441.9983 4477393.218 0,439444.1876 4477424.7571 0))",2656257,Verde,Línea,6
"MULTILINESTRING Z ((439445.9057 4477450.4094 0,439446.3501 4477458.5205 0,439447.2946 4477460.1316 0))",2656261,Verde,Línea,2
"MULTILINESTRING Z ((440057.381 4481784.6501 0,440062.9612 4481790.3292 0))",2656264,Verde,Línea,1
"MULTILINESTRING Z ((442820.0723 4475953.1594 0,442799.8223 4475954.6594 0))",2656285,Verde,Línea,4
"MULTILINESTRING Z ((439415.1834 4478516.3785 0,439411.6773 4478502.1069 0))",2656553,Verde,Línea,3
"MULTILINESTRING Z ((442878.7142 4477806.9838 0,442891.4553 4477808.4301 0,442897.1715 4477808.4301 0,442922.6536 4477806.846 0))",2656797,Azul,Batería,17
"MULTILINESTRING Z ((442466.239 4475132.6594 0,442476.0723 4475131.9094 0))",2656808,Verde,Línea,2
"MULTILINESTRING Z ((441896.9118 4477812.6255 0,441897.1834 4477822.502 0))",2656866,Verde,Línea,2
"MULTILINESTRING Z ((444330.6557 4474697.8261 0,444311.1557 4474702.3261 0))",2656942,Verde,Batería,7
"MULTILINESTRING Z ((444271.4057 4474711.0761 0,444289.5307 4474707.0761 0))",2656944,Verde,Batería,7
"MULTILINESTRING Z ((444215.5307 4474723.9511 0,444233.0307 4474719.5761 0))",2656945,Verde,Batería,8
"MULTILINESTRING Z ((444234.7807 4474719.0761 0,444252.5307 4474715.2011 0))",2656946,Verde,Batería,7
"MULTILINESTRING Z ((444253.9057 4474714.7011 0,444269.4057 4474711.5761 0))",2656947,Verde,Batería,7
"MULTILINESTRING Z ((444535.9057 4474969.1594 0,444471.989 4474907.8261 0))",2656971,Verde,Línea,18
"MULTILINESTRING Z ((444548.239 4474980.2427 0,444549.1557 4474980.2427 0,444551.239 4474979.7427 0,444552.5723 4474978.8261 0,444553.6557 4474976.9927 0,444553.989 4474975.5761 0,444553.489 4474972.8261 0,444549.0723 4474951.1594 0))",2656973,Verde,Línea,6
"MULTILINESTRING Z ((440885.3727 4478497.1357 0,440886.4262 4478509.2674 0))",2657097,Verde,Batería,6
"MULTILINESTRING Z ((440883.8254 4478510.1316 0,440884.4921 4478517.86 0))",2657105,Verde,Batería,3
"MULTILINESTRING Z ((445051.8871 4475595.6872 0,445048.8871 4475614.0946 0))",2657323,Verde,Línea,3
"MULTILINESTRING Z ((445058.0723 4475496.0761 0,445033.0723 4475492.1594 0))",2657335,Verde,Línea,5
"MULTILINESTRING Z ((445040.6649 4475468.2057 0,445061.4427 4475456.0576 0))",2657365,Azul,Línea,4
"MULTILINESTRING Z ((444970.4427 4475374.6501 0,444986.6279 4475377.3168 0,444997.5538 4475378.9094 0))",2657389,Verde,Línea,5
"MULTILINESTRING Z ((445042.6557 4475675.0761 0,445041.0723 4475685.0761 0))",2657406,Verde,Línea,2
"MULTILINESTRING Z ((444962.6402 4475701.9752 0,444961.916 4475706.4855 0))",2657407,Verde,Línea,1
"MULTILINESTRING Z ((444910.8501 4475802.8353 0,444940.0723 4475807.6131 0))",2657414,Verde,Batería,12
"MULTILINESTRING Z ((444951.1011 4475773.1851 0,444950.4427 4475776.7901 0))",2657415,Verde,Línea,1
"MULTILINESTRING Z ((444901.489 4475222.9094 0,444912.9057 4475234.1594 0))",2657418,Verde,Batería,5
"MULTILINESTRING Z ((444747.8223 4475189.7427 0,444755.3223 4475196.8261 0))",2657424,Verde,Línea,1
"MULTILINESTRING Z ((444677.6834 4474947.1872 0,444713.1834 4474981.3538 0))",2657428,Verde,Línea,10
"MULTILINESTRING Z ((444557.9612 4474948.8538 0,444566.1279 4474986.7983 0))",2657432,Verde,Línea,8
"MULTILINESTRING Z ((444872.9057 4475997.6594 0,444899.5723 4476002.4094 0))",2657452,Azul,Línea,5
"MULTILINESTRING Z ((442388.5723 4472702.3261 0,442383.9057 4472695.5761 0))",2657527,Verde,Batería,3
"MULTILINESTRING Z ((442375.4057 4472682.2427 0,442383.1557 4472694.5761 0))",2657528,Verde,Batería,6
"MULTILINESTRING Z ((442374.739 4472681.3261 0,442359.739 4472658.2427 0))",2657529,Verde,Batería,11
"MULTILINESTRING Z ((442352.4401 4472647.0639 0,442356.5742 4472653.6096 0))",2657530,Verde,Batería,3
"MULTILINESTRING Z ((442834.3223 4475346.3261 0,442836.0723 4475368.4094 0))",2657585,Verde,Línea,5
"MULTILINESTRING Z ((440940.0723 4476485.5761 0,440940.5723 4476497.5761 0))",2657588,Azul,Línea,2
"MULTILINESTRING Z ((445234.3223 4475424.9927 0,445225.6557 4475480.2427 0))",2657613,Verde,Línea,11
"MULTILINESTRING Z ((445224.9057 4475484.9094 0,445224.239 4475489.9094 0))",2657614,Verde,Línea,1
"MULTILINESTRING Z ((445221.4057 4475507.5761 0,445223.4612 4475494.2983 0))",2657615,Verde,Línea,2
"MULTILINESTRING Z ((445215.0353 4475547.6872 0,445217.1094 4475534.3168 0))",2657617,Verde,Línea,2
"MULTILINESTRING Z ((445149.489 4475538.3261 0,445152.239 4475520.4927 0))",2657620,Verde,Línea,3
"MULTILINESTRING Z ((445054.3223 4475657.2427 0,445052.989 4475666.6594 0))",2657624,Verde,Línea,1
"MULTILINESTRING Z ((445061.0353 4475649.9094 0,445073.1834 4475651.7983 0))",2657626,Verde,Línea,2
"MULTILINESTRING Z ((444678.2807 4474509.4511 0,444693.7807 4474500.5761 0))",2657627,Verde,Línea,2
"MULTILINESTRING Z ((445083.9612 4475653.502 0,445108.1094 4475657.3538 0))",2657629,Verde,Línea,5
"MULTILINESTRING Z ((444711.1557 4474552.5761 0,444718.1557 4474587.9511 0))",2657631,Verde,Línea,6
"MULTILINESTRING Z ((445112.6649 4475658.0576 0,445117.702 4475658.9094 0))",2657632,Verde,Línea,1
"MULTILINESTRING Z ((445118.9612 4475667.2798 0,445117.0723 4475679.7983 0))",2657634,Verde,Línea,2
"MULTILINESTRING Z ((444761.9057 4474464.8261 0,444764.0307 4474462.2011 0,444766.1557 4474456.0761 0,444769.2807 4474443.0761 0,444771.1557 4474438.7011 0,444773.2807 4474434.8261 0))",2657635,Verde,Línea,5
"MULTILINESTRING Z ((444790.2807 4474419.4511 0,444796.7807 4474417.4511 0,444806.5307 4474415.2011 0))",2657637,Verde,Línea,3
"MULTILINESTRING Z ((445087.9612 4475769.8353 0,445092.2946 4475770.539 0,445094.8131 4475771.1687 0,445097.5908 4475772.0946 0,445099.739 4475772.9835 0,445108.5168 4475778.0205 0))",2657639,Verde,Línea,4
"MULTILINESTRING Z ((444818.739 4474428.7242 0,444834.9242 4474424.6501 0))",2657641,Verde,Línea,3
"MULTILINESTRING Z ((445162.1557 4475773.8261 0,445160.4057 4475776.7427 0))",2657642,Verde,Batería,2
"MULTILINESTRING Z ((445035.9983 4475774.5761 0,445035.1094 4475780.0576 0))",2657643,Verde,Línea,1
"MULTILINESTRING Z ((445094.1557 4475888.0761 0,445096.489 4475884.3261 0))",2657646,Verde,Batería,1
"MULTILINESTRING Z ((445102.2205 4475874.6748 0,445100.0723 4475878.2798 0))",2657648,Verde,Batería,2
"MULTILINESTRING Z ((445106.3223 4475867.8261 0,445110.5723 4475860.6594 0))",2657652,Verde,Batería,3
"MULTILINESTRING Z ((444937.0723 4475191.9094 0,444954.0723 4475213.9927 0))",2657654,Verde,Batería,11
"MULTILINESTRING Z ((445111.4057 4475858.9094 0,445112.5723 4475856.8261 0))",2657655,Verde,Batería,1
"MULTILINESTRING Z ((445002.239 4475205.9094 0,444990.5723 4475169.7427 0,444987.4057 4475158.1594 0,444980.9057 4475134.9927 0,444979.0723 4475126.0761 0))",2657658,Verde,Batería,31
"MULTILINESTRING Z ((444492.1464 4476002.9711 0,444499.6279 4475958.9464 0))",2657660,Verde,Línea,9
"MULTILINESTRING Z ((444813.1557 4474998.8261 0,444792.9057 4475007.5761 0))",2657661,Verde,Línea,4
"MULTILINESTRING Z ((444843.0723 4475124.6872 0,444849.0168 4475136.3538 0))",2657663,Verde,Batería,5
"MULTILINESTRING Z ((444715.9057 4474825.465 0,444718.4612 4474833.5761 0))",2657664,Verde,Línea,1
"MULTILINESTRING Z ((445021.989 4475860.9927 0,445021.489 4475864.7427 0))",2657665,Verde,Línea,1
"MULTILINESTRING Z ((444724.5307 4474853.7011 0,444741.2807 4474901.7011 0))",2657666,Verde,Línea,10
"MULTILINESTRING Z ((445020.6557 4475869.4927 0,445019.989 4475873.9094 0))",2657667,Verde,Línea,1
"MULTILINESTRING Z ((444423.562 4475938.8312 0,444435.3645 4475940.8724 0))",2657672,Azul,Línea,2
"MULTILINESTRING Z ((444813.6895 4474892.0299 0,444853.0701 4474875.0828 0))",2657674,Verde,Batería,16
"MULTILINESTRING Z ((444947.3686 4475929.7613 0,444962.8871 4475932.0946 0))",2657675,Verde,Línea,4
"MULTILINESTRING Z ((444967.9406 4475932.8394 0,444972.3522 4475933.4979 0))",2657676,Verde,Línea,1
"MULTILINESTRING Z ((444832.3223 4474863.1594 0,444825.6557 4474848.9094 0))",2657677,Verde,Batería,5
"MULTILINESTRING Z ((444923.4612 4475997.0205 0,444926.4612 4475979.1872 0))",2657682,Azul,Línea,4
"MULTILINESTRING Z ((444698.739 4474714.6594 0,444726.6557 4474709.1594 0))",2657686,Verde,Batería,11
"MULTILINESTRING Z ((445165.8223 4475441.8261 0,445219.6557 4475402.8261 0))",2657688,Verde,Línea,14
"MULTILINESTRING Z ((444731.1557 4474706.8261 0,444738.8223 4474744.4927 0))",2657689,Verde,Línea,8
"MULTILINESTRING Z ((444733.5723 4474749.2427 0,444733.4057 4474750.9927 0,444738.239 4474773.9094 0,444738.6557 4474775.1594 0,444739.489 4474775.9094 0))",2657691,Verde,Batería,11
"MULTILINESTRING Z ((444758.239 4474747.5761 0,444763.5723 4474772.3261 0))",2657692,Verde,Batería,9
"MULTILINESTRING Z ((445234.2699 4475386.5761 0,445234.9057 4475391.7011 0))",2657693,Verde,Línea,1
"MULTILINESTRING Z ((444032.5845 4476008.9087 0,444031.0845 4476012.9087 0,444031.0012 4476014.492 0,444037.4179 4476050.8254 0))",2657696,Verde,Línea,8
"MULTILINESTRING Z ((444641.5785 4476031.3909 0,444645.6526 4476032.0822 0))",2657699,Verde,Línea,1
"MULTILINESTRING Z ((440943.9057 4476556.4927 0,440946.0723 4476590.4927 0))",2657708,Azul,Línea,7
"MULTILINESTRING Z ((440943.8223 4476555.3261 0,440943.0723 4476546.5761 0))",2657709,Azul,Línea,2
"MULTILINESTRING Z ((444159.6557 4476026.7427 0,444139.1557 4476030.1594 0))",2657716,Verde,Línea,4
"MULTILINESTRING Z ((442615.0723 4474873.8261 0,442627.8223 4474873.0761 0))",2657721,Verde,Batería,5
"MULTILINESTRING Z ((444224.6557 4476314.6594 0,444230.4057 4476313.7427 0))",2657728,Verde,Batería,3
"MULTILINESTRING Z ((444231.9057 4476313.2427 0,444239.239 4476312.1594 0))",2657732,Verde,Batería,3
"MULTILINESTRING Z ((444240.989 4476311.8261 0,444248.3223 4476310.4927 0))",2657733,Verde,Batería,3
"MULTILINESTRING Z ((444249.8223 4476310.2427 0,444257.239 4476308.9094 0))",2657737,Verde,Batería,3
"MULTILINESTRING Z ((444258.9057 4476308.6594 0,444266.1557 4476307.4094 0))",2657739,Verde,Batería,3
"MULTILINESTRING Z ((444267.6557 4476307.1594 0,444275.1557 4476305.8261 0))",2657741,Verde,Batería,3
"MULTILINESTRING Z ((445168.989 4477343.4094 0,445173.239 4477350.3261 0))",2657742,Verde,Línea,1
"MULTILINESTRING Z ((444276.8223 4476305.6594 0,444284.3223 4476304.2427 0))",2657743,Verde,Batería,3
"MULTILINESTRING Z ((445150.989 4477314.9094 0,445139.3223 4477295.6594 0))",2657746,Verde,Línea,4
"MULTILINESTRING Z ((444292.989 4476302.6594 0,444285.739 4476303.9094 0))",2657748,Verde,Batería,3
"MULTILINESTRING Z ((445164.1557 4477335.5761 0,445166.1557 4477339.0761 0))",2657751,Verde,Línea,1
"MULTILINESTRING Z ((445082.4797 4477204.4279 0,445091.4797 4477218.8353 0))",2657752,Verde,Línea,3
"MULTILINESTRING Z ((444875.489 4477337.9927 0,444881.0723 4477343.7427 0))",2657754,Verde,Línea,1
"MULTILINESTRING Z ((444132.489 4475952.6594 0,444151.739 4475974.9927 0))",2657759,Verde,Línea,6
"MULTILINESTRING Z ((444953.8223 4477551.7427 0,444945.989 4477558.7427 0))",2657767,Verde,Línea,1
"MULTILINESTRING Z ((444893.7487 4477521.0137 0,444897.3895 4477523.6656 0))",2657771,Verde,Batería,1
"MULTILINESTRING Z ((444861.0723 4477496.5761 0,444867.8223 4477501.7427 0))",2657777,Verde,Batería,4
"MULTILINESTRING Z ((444796.1557 4477448.6594 0,444801.5723 4477452.6594 0))",2657783,Verde,Batería,3
"MULTILINESTRING Z ((444206.239 4475927.0761 0,444208.6279 4475912.965 0))",2657792,Verde,Batería,5
"MULTILINESTRING Z ((444717.1557 4477414.3261 0,444665.4057 4477380.7011 0))",2657810,Verde,Batería,26
"MULTILINESTRING Z ((444677.06 4476037.4897 0,444684.9365 4476038.8724 0))",2657812,Verde,Línea,2
"MULTILINESTRING Z ((444574.739 4477321.9927 0,444622.9057 4477352.9094 0))",2657813,Verde,Batería,24
"MULTILINESTRING Z ((444532.739 4477294.6594 0,444564.9057 4477315.6594 0))",2657814,Azul,Batería,16
"MULTILINESTRING Z ((444459.239 4477329.1594 0,444457.489 4477332.9094 0))",2657817,Azul,Línea,1
"MULTILINESTRING Z ((444804.0723 4476004.9927 0,444813.5723 4476006.5761 0))",2657819,Azul,Línea,1
"MULTILINESTRING Z ((444716.0353 4475987.2057 0,444689.2205 4475982.465 0))",2657823,Azul,Línea,5
"MULTILINESTRING Z ((444507.739 4477229.0761 0,444531.6557 4477186.2427 0))",2657824,Verde,Línea,9
"MULTILINESTRING Z ((444160.1557 4476296.8261 0,444123.4057 4476303.6594 0))",2657825,Verde,Batería,11
"MULTILINESTRING Z ((444576.4057 4477109.9094 0,444571.8223 4477117.9094 0))",2657827,Verde,Línea,2
"MULTILINESTRING Z ((444555.9057 4477144.7427 0,444561.9057 4477135.3261 0))",2657829,Verde,Línea,2
"MULTILINESTRING Z ((444775.3316 4476114.2057 0,444809.2081 4476120.2304 0))",2657831,Verde,Batería,12
"MULTILINESTRING Z ((444136.4797 4476171.8724 0,444144.8501 4476178.2427 0,444157.2575 4476186.9835 0))",2657847,Azul,Batería,11
"MULTILINESTRING Z ((444734.239 4477195.4094 0,444741.739 4477195.5761 0,444762.239 4477194.5761 0,444782.239 4477193.8261 0))",2657856,Verde,Línea,7
"MULTILINESTRING Z ((444867.4057 4477211.9927 0,444873.3223 4477213.6594 0))",2657857,Verde,Línea,1
"MULTILINESTRING Z ((444690.8131 4476108.6501 0,444667.2575 4476104.502 0))",2657866,Verde,Línea,5
"MULTILINESTRING Z ((444811.5012 4476135.6587 0,444804.8345 4476175.242 0))",2657867,Verde,Línea,7
"MULTILINESTRING Z ((444295.5723 4476039.5761 0,444315.7946 4476042.9094 0))",2657874,Verde,Línea,4
"MULTILINESTRING Z ((444295.3223 4475984.8261 0,444287.989 4476028.6594 0))",2657877,Verde,Línea,9
"MULTILINESTRING Z ((444778.4057 4477072.7427 0,444792.989 4477085.4094 0))",2657878,Verde,Línea,3
"MULTILINESTRING Z ((444981.989 4477220.6594 0,445002.989 4477206.5761 0))",2657879,Verde,Batería,12
"MULTILINESTRING Z ((445053.1539 4477173.8113 0,445011.3979 4477201.1988 0))",2657880,Verde,Batería,18
"MULTILINESTRING Z ((444870.9057 4476998.8538 0,444893.2946 4476981.1872 0))",2657881,Verde,Línea,5
"MULTILINESTRING Z ((444923.9057 4477076.3261 0,444954.6557 4477122.7011 0))",2657883,Verde,Batería,21
"MULTILINESTRING Z ((444906.4887 4477132.9811 0,444878.362 4477091.541 0))",2657885,Verde,Línea,10
"MULTILINESTRING Z ((444826.1279 4477092.0205 0,444838.0723 4477083.7427 0))",2657890,Verde,Línea,3
"MULTILINESTRING Z ((444947.8223 4476170.1594 0,444942.1557 4476201.6594 0))",2657893,Verde,Línea,6
"MULTILINESTRING Z ((445040.6279 4476157.9094 0,445029.4797 4476150.8353 0))",2657895,Verde,Línea,2
"MULTILINESTRING Z ((444281.3686 4475968.6501 0,444293.3316 4475970.6872 0,444367.739 4475983.7983 0))",2657897,Verde,Línea,18
"MULTILINESTRING Z ((444334.4057 4475920.5761 0,444339.4057 4475921.3261 0))",2657899,Azul,Línea,1
"MULTILINESTRING Z ((445088.239 4476228.4094 0,445103.6279 4476237.9094 0))",2657903,Verde,Línea,3
"MULTILINESTRING Z ((444729.489 4476970.4927 0,444724.239 4476971.9927 0))",2657915,Verde,Línea,1
"MULTILINESTRING Z ((445186.9057 4476190.4094 0,445196.0723 4476195.8261 0))",2657918,Verde,Batería,4
"MULTILINESTRING Z ((445100.1279 4476311.4094 0,445106.6834 4476315.4094 0))",2657921,Verde,Línea,1
"MULTILINESTRING Z ((445041.4221 4476207.967 0,445149.1588 4476274.3045 0))",2657922,Verde,Línea,26
"MULTILINESTRING Z ((444364.0723 4476358.2304 0,444390.1217 4476321.3909 0))",2657929,Verde,Línea,9
"MULTILINESTRING Z ((445027.5845 4476483.0754 0,445055.6679 4476500.5754 0))",2657931,Verde,Batería,11
"MULTILINESTRING Z ((445136.0723 4476484.9927 0,445130.489 4476494.7427 0))",2657932,Verde,Línea,2
"MULTILINESTRING Z ((445067.6773 4476398.7736 0,445084.5662 4476409.539 0))",2657935,Verde,Línea,4
"MULTILINESTRING Z ((445140.4427 4476454.8724 0,445133.5908 4476466.3168 0))",2657937,Verde,Línea,2
"MULTILINESTRING Z ((445159.9571 4476417.3168 0,445138.2946 4476403.4403 0))",2657938,Verde,Línea,5
"MULTILINESTRING Z ((445148.0012 4476298.8254 0,445138.5845 4476307.992 0))",2657956,Verde,Batería,5
"MULTILINESTRING Z ((445175.5538 4476335.5637 0,445186.4674 4476342.4526 0))",2657957,Verde,Línea,2
"MULTILINESTRING Z ((445195.9489 4476348.4279 0,445191.0106 4476345.3168 0))",2657958,Verde,Línea,1
"MULTILINESTRING Z ((445153.989 4476330.1594 0,445191.489 4476354.2427 0))",2657960,Verde,Línea,9
"MULTILINESTRING Z ((444650.2452 4476387.5143 0,444657.3069 4476391.9341 0))",2657963,Verde,Línea,1
"MULTILINESTRING Z ((444658.5723 4476397.7983 0,444645.5168 4476418.4094 0))",2657964,Verde,Línea,5
"MULTILINESTRING Z ((445257.2205 4476334.3538 0,445268.3316 4476341.2427 0))",2657975,Verde,Línea,2
"MULTILINESTRING Z ((445281.5908 4476349.465 0,445272.776 4476343.9835 0))",2657976,Verde,Línea,2
"MULTILINESTRING Z ((445267.2822 4476265.9341 0,445272.8871 4476256.4279 0))",2657981,Verde,Línea,2
"MULTILINESTRING Z ((444865.5723 4476869.1594 0,444863.4057 4476870.9094 0))",2657984,Verde,Línea,1
"MULTILINESTRING Z ((444690.0307 4477086.8261 0,444699.2807 4477094.4511 0))",2657991,Verde,Línea,2
"MULTILINESTRING Z ((444598.0714 4477078.8152 0,444611.2734 4477063.1973 0))",2657994,Verde,Línea,4
"MULTILINESTRING Z ((444612.9082 4477061.1368 0,444618.7139 4477054.2404 0))",2657995,Verde,Línea,1
"MULTILINESTRING Z ((444632.9057 4477037.4094 0,444628.6557 4477042.4094 0))",2657996,Verde,Línea,1
"MULTILINESTRING Z ((444671.239 4476773.965 0,444693.2946 4476739.4094 0))",2658003,Verde,Línea,8
"MULTILINESTRING Z ((444648.6279 4476831.965 0,444670.1279 4476845.465 0))",2658014,Verde,Batería,10
"MULTILINESTRING Z ((444673.2205 4476854.2057 0,444660.1464 4476871.8724 0))",2658017,Verde,Línea,4
"MULTILINESTRING Z ((444559.989 4476900.2427 0,444522.5723 4476926.2427 0))",2658023,Verde,Batería,19
"MULTILINESTRING Z ((444520.6679 4476927.6587 0,444513.0845 4476937.0754 0))",2658027,Verde,Línea,2
"MULTILINESTRING Z ((444507.1679 4476944.0754 0,444502.9179 4476949.0754 0))",2658030,Verde,Línea,2
"MULTILINESTRING Z ((444564.0723 4477002.3261 0,444570.5723 4477007.5761 0))",2658033,Verde,Línea,1
"MULTILINESTRING Z ((444513.8345 4477024.0754 0,444564.5845 4477066.6587 0))",2658035,Verde,Línea,14
"MULTILINESTRING Z ((444493.8223 4476959.9094 0,444483.8223 4476972.2427 0,444482.0723 4476976.3261 0,444481.0723 4476982.4927 0))",2658036,Verde,Línea,5
"MULTILINESTRING Z ((444612.0307 4477037.2011 0,444630.4057 4477015.0761 0))",2658037,Verde,Batería,12
"MULTILINESTRING Z ((444637.0723 4477007.0761 0,444646.5723 4476996.0761 0))",2658038,Verde,Batería,7
"MULTILINESTRING Z ((444777.989 4476580.9927 0,444772.6557 4476589.6594 0))",2658041,Azul,Línea,2
"MULTILINESTRING Z ((444339.2946 4477305.4094 0,444346.5723 4477300.7427 0))",2658050,Verde,Línea,2
"MULTILINESTRING Z ((444795.0723 4476612.7427 0,444852.6557 4476648.7427 0))",2658059,Verde,Línea,14
"MULTILINESTRING Z ((444294.0307 4477202.4511 0,444333.2807 4477220.3261 0))",2658060,Azul,Batería,12
"MULTILINESTRING Z ((444883.3501 4476638.0761 0,444872.4057 4476655.1316 0))",2658065,Verde,Línea,5
"MULTILINESTRING Z ((444903.1679 4476605.8254 0,444893.1679 4476621.992 0))",2658069,Verde,Línea,4
"MULTILINESTRING Z ((444446.8223 4476989.1594 0,444422.739 4476969.0761 0))",2658071,Verde,Línea,6
"MULTILINESTRING Z ((444291.9057 4476795.5761 0,444290.0307 4476842.3261 0,444289.9057 4476847.9511 0,444290.7807 4476855.2011 0))",2658079,Azul,Línea,13
"MULTILINESTRING Z ((444601.3223 4476347.9927 0,444648.9057 4476377.5761 0))",2658082,Verde,Línea,12
"MULTILINESTRING Z ((444447.239 4476843.0761 0,444445.8223 4476850.2427 0))",2658083,Verde,Línea,1
"MULTILINESTRING Z ((444958.8223 4476622.1594 0,444998.5723 4476646.8261 0))",2658087,Verde,Línea,9
"MULTILINESTRING Z ((445104.1834 4476661.0761 0,445133.239 4476614.2427 0))",2658089,Verde,Línea,12
"MULTILINESTRING Z ((444552.989 4476886.3261 0,444532.6557 4476876.9094 0))",2658096,Verde,Batería,9
"MULTILINESTRING Z ((444504.739 4476897.2427 0,444509.4057 4476899.4927 0))",2658104,Verde,Línea,1
"MULTILINESTRING Z ((444889.9612 4476671.9094 0,444943.4427 4476705.6131 0))",2658107,Verde,Línea,14
"MULTILINESTRING Z ((444429.239 4476954.5761 0,444441.489 4476964.8261 0))",2658108,Verde,Línea,3
"MULTILINESTRING Z ((444456.3223 4476976.4927 0,444444.989 4476967.4927 0))",2658109,Verde,Línea,3
"MULTILINESTRING Z ((444574.1481 4476763.4575 0,444591.0622 4476774.1071 0))",2658118,Verde,Batería,8
"MULTILINESTRING Z ((444545.029 4476694.992 0,444571.2512 4476711.1587 0))",2658124,Verde,Batería,11
"MULTILINESTRING Z ((444572.9179 4476718.2142 0,444563.029 4476733.3254 0))",2658125,Verde,Batería,8
"MULTILINESTRING Z ((444631.989 4476728.4094 0,444659.4057 4476745.2427 0))",2658133,Verde,Batería,13
"MULTILINESTRING Z ((444921.6834 4476747.2427 0,444915.5168 4476743.5761 0))",2658137,Verde,Línea,1
"MULTILINESTRING Z ((444680.1464 4476740.4526 0,444677.2822 4476744.9218 0))",2658138,Verde,Línea,1
"MULTILINESTRING Z ((444634.1464 4476699.9464 0,444676.4057 4476726.3168 0))",2658139,Verde,Línea,11
"MULTILINESTRING Z ((444628.0723 4476643.0761 0,444643.0723 4476652.6594 0))",2658142,Verde,Línea,4
"MULTILINESTRING Z ((444523.6557 4476645.3261 0,444539.5723 4476655.1594 0))",2658144,Verde,Línea,3
"MULTILINESTRING Z ((444459.3223 4476786.9927 0,444464.9057 4476764.6594 0))",2658151,Verde,Línea,3
"MULTILINESTRING Z ((445025.5845 4476735.742 0,445014.1679 4476745.8254 0))",2658152,Verde,Línea,3
"MULTILINESTRING Z ((440644.5723 4475891.2427 0,440606.989 4475878.8261 0))",2658155,Verde,Línea,8
"MULTILINESTRING Z ((444469.2807 4476625.3261 0,444491.1557 4476630.9511 0))",2658161,Verde,Batería,6
"MULTILINESTRING Z ((444466.0307 4476624.3261 0,444432.5307 4476615.7011 0))",2658162,Verde,Batería,14
"MULTILINESTRING Z ((444515.489 4476534.3261 0,444504.739 4476495.4094 0))",2658165,Verde,Línea,8
"MULTILINESTRING Z ((444431.0723 4476473.0761 0,444446.0723 4476500.3261 0,444447.3223 4476503.9927 0,444447.489 4476507.6594 0,444446.989 4476510.0761 0))",2658167,Verde,Línea,6
"MULTILINESTRING Z ((444353.6557 4476579.9927 0,444361.9057 4476549.0761 0))",2658169,Verde,Línea,6
"MULTILINESTRING Z ((444277.5012 4476574.5754 0,444290.5012 4476577.9087 0))",2658189,Verde,Batería,6
"MULTILINESTRING Z ((444232.6557 4477239.2427 0,444234.5723 4477253.3261 0,444236.4057 4477262.4094 0,444238.4057 4477269.7427 0,444241.6557 4477278.2427 0,444245.489 4477284.6594 0))",2658196,Azul,Línea,9
"MULTILINESTRING Z ((444266.739 4477019.0205 0,444270.239 4477006.4094 0,444274.7946 4476994.0205 0,444281.5723 4476977.965 0,444284.239 4476971.965 0,444285.739 4476965.8538 0))",2658201,Verde,Línea,15
"MULTILINESTRING Z ((444313.1557 4476599.5761 0,444341.0307 4476606.9511 0))",2658205,Verde,Línea,6
"MULTILINESTRING Z ((444397.8223 4476709.1594 0,444398.239 4476707.5761 0,444398.739 4476706.5761 0))",2658207,Verde,Batería,1
"MULTILINESTRING Z ((444707.7807 4477720.0761 0,444712.5307 4477711.5761 0))",2658274,Verde,Batería,4
"MULTILINESTRING Z ((444630.239 4477856.0205 0,444644.5168 4477863.5761 0))",2658280,Azul,Línea,4
"MULTILINESTRING Z ((444513.0723 4478048.4927 0,444544.489 4478066.0761 0))",2658284,Verde,Línea,6
"MULTILINESTRING Z ((444393.4567 4478103.9168 0,444396.4569 4478105.7919 0))",2658289,Verde,Línea,1
"MULTILINESTRING Z ((444477.0869 4478263.1142 0,444495.8381 4478275.49 0))",2658295,Verde,Batería,10
"MULTILINESTRING Z ((444347.8913 4478172.5461 0,444472.9616 4478259.9265 0))",2658297,Verde,Batería,55
"MULTILINESTRING Z ((444314.2946 4478286.0761 0,444353.0723 4478311.4094 0))",2658305,Verde,Línea,9
"MULTILINESTRING Z ((444477.6557 4477668.0761 0,444489.1557 4477674.4511 0))",2658325,Verde,Línea,2
"MULTILINESTRING Z ((444221.2807 4477661.0761 0,444217.1557 4477656.5761 0))",2658332,Azul,Línea,1
"MULTILINESTRING Z ((443097.8172 4477221.037 0,443110.6732 4477221.5966 0))",2658349,Verde,Línea,3
"MULTILINESTRING Z ((442715.6279 4476440.1316 0,442719.6279 4476435.6501 0))",2658353,Verde,Batería,2
"MULTILINESTRING Z ((440088.7801 4480065.8216 0,440087.573 4480060.6639 0))",2658462,Verde,Línea,1
"MULTILINESTRING Z ((440083.9973 4480045.3099 0,440085.1898 4480050.4091 0))",2658465,Verde,Línea,1
"MULTILINESTRING Z ((440074.0092 4480006.0576 0,440075.4249 4480010.5788 0))",2658471,Verde,Línea,1
"MULTILINESTRING Z ((440189.1584 4479900.9502 0,440190.4873 4479906.3074 0))",2658479,Verde,Línea,1
"MULTILINESTRING Z ((440240.5119 4480094.3998 0,440243.5114 4480082.7431 0))",2658500,Verde,Línea,2
"MULTILINESTRING Z ((440358.9118 4480062.5761 0,440362.6155 4480069.2921 0))",2658502,Verde,Batería,3
"MULTILINESTRING Z ((440259.6649 4479693.2057 0,440274.4797 4479727.7242 0))",2658515,Verde,Línea,7
"MULTILINESTRING Z ((440238.0723 4479771.3662 0,440241.2328 4479774.9958 0))",2658521,Verde,Línea,1
"MULTILINESTRING Z ((440278.1464 4479855.2057 0,440288.739 4479850.539 0))",2658529,Azul,Batería,5
"MULTILINESTRING Z ((440351.0723 4479751.2057 0,440358.6649 4479767.465 0))",2658532,Verde,Línea,3
"MULTILINESTRING Z ((440466.6402 4479664.7242 0,440461.3069 4479665.218 0))",2658533,Verde,Línea,1
"MULTILINESTRING Z ((440413.0051 4479549.1687 0,440423.0243 4479545.8765 0))",2658537,Verde,Línea,2
"MULTILINESTRING Z ((444116.9057 4478283.4511 0,444111.9057 4478290.9511 0))",2658559,Verde,Línea,1
"MULTILINESTRING Z ((440304.9283 4479467.539 0,440313.5374 4479489.6625 0))",2658565,Verde,Línea,4
"MULTILINESTRING Z ((444290.489 4478236.6594 0,444301.6557 4478220.6594 0))",2658567,Verde,Línea,3
"MULTILINESTRING Z ((440317.4797 4479499.6131 0,440322.6649 4479512.502 0))",2658568,Verde,Línea,2
"MULTILINESTRING Z ((444186.4057 4477959.2011 0,444194.6557 4477964.3261 0))",2658571,Verde,Línea,2
"MULTILINESTRING Z ((440291.7267 4479583.7613 0,440290.3686 4479570.6748 0))",2658572,Verde,Línea,2
"MULTILINESTRING Z ((440715.595 4479478.3209 0,440717.5044 4479482.3538 0))",2658579,Verde,Línea,1
"MULTILINESTRING Z ((440777.1464 4479608.1687 0,440783.0353 4479620.465 0))",2658584,Verde,Línea,2
"MULTILINESTRING Z ((440740.739 4479384.0082 0,440728.1217 4479388.7489 0))",2658597,Verde,Línea,2
"MULTILINESTRING Z ((444109.1557 4478208.8261 0,444119.2807 4478192.8261 0))",2658600,Verde,Batería,9
"MULTILINESTRING Z ((443998.3223 4477892.3261 0,444009.739 4477829.4094 0))",2658611,Verde,Batería,24
"MULTILINESTRING Z ((440410.5662 4479670.0082 0,440425.4057 4479668.6008 0))",2658634,Verde,Línea,3
"MULTILINESTRING Z ((440529.6557 4476659.2011 0,440481.5307 4476662.4511 0))",2658683,Azul,Línea,9
"MULTILINESTRING Z ((440421.1557 4476666.4511 0,440475.6557 4476662.9511 0))",2658684,Azul,Línea,11
"MULTILINESTRING Z ((439205.3316 4476833.2057 0,439212.9612 4476840.0946 0))",2658709,Azul,Línea,2
"MULTILINESTRING Z ((439215.4057 4476838.0205 0,439229.8501 4476850.5761 0))",2658710,Azul,Línea,4
"MULTILINESTRING Z ((442430.8148 4473019.3116 0,442425.1329 4473022.4108 0))",2658758,Verde,Línea,1
"MULTILINESTRING Z ((443800.9612 4477703.0946 0,443793.9057 4477716.4094 0))",2658934,Verde,Línea,3
"MULTILINESTRING Z ((439993.0723 4474699.8261 0,439999.6557 4474701.9094 0))",2658935,Verde,Línea,1
"MULTILINESTRING Z ((441309.9612 4479800.3168 0,441313.6279 4479784.2798 0))",2658947,Azul,Línea,3
"MULTILINESTRING Z ((440784.722 4477405.2246 0,440766.3433 4477406.4537 0))",2658959,Verde,Línea,4
"MULTILINESTRING Z ((440040.7361 4479024.1301 0,440031.4297 4479023.9545 0))",2658961,Verde,Línea,2
"MULTILINESTRING Z ((440012.9339 4479023.2521 0,440022.0647 4479023.4277 0))",2658962,Verde,Línea,2
"MULTILINESTRING Z ((441129.5044 4479554.3538 0,441147.1341 4479516.2798 0))",2658974,Verde,Línea,8
"MULTILINESTRING Z ((441208.5908 4479521.3168 0,441213.9736 4479528.6255 0))",2658975,Verde,Línea,2
"MULTILINESTRING Z ((443495.239 4475102.5761 0,443512.4057 4475101.7427 0))",2658998,Verde,Línea,3
"MULTILINESTRING Z ((443447.6279 4475104.0205 0,443471.1834 4475103.0761 0))",2658999,Verde,Línea,5
"MULTILINESTRING Z ((441058.1557 4475206.2427 0,441078.5723 4475241.8261 0))",2659005,Verde,Línea,10
"MULTILINESTRING Z ((441078.989 4475242.4094 0,441087.989 4475257.4094 0))",2659006,Verde,Línea,3
"MULTILINESTRING Z ((443266.6557 4472426.3261 0,443270.739 4472437.1594 0,443277.4057 4472458.7427 0))",2659012,Verde,Línea,7
"MULTILINESTRING Z ((443279.3223 4472465.8261 0,443283.989 4472482.6594 0))",2659013,Verde,Línea,4
"MULTILINESTRING Z ((441455.8748 4479424.3621 0,441428.1382 4479426.288 0))",2659020,Verde,Batería,10
"MULTILINESTRING Z ((441356.1834 4479410.1316 0,441355.0723 4479395.7613 0))",2659026,Verde,Batería,5
"MULTILINESTRING Z ((441022.6279 4479199.7427 0,441039.6834 4479221.0205 0))",2659061,Verde,Batería,11
"MULTILINESTRING Z ((441090.4756 4479209.1028 0,441132.9612 4479198.4362 0))",2659063,Verde,Línea,9
"MULTILINESTRING Z ((441176.9118 4479228.5761 0,441177.8501 4479236.8971 0))",2659068,Azul,Batería,3
"MULTILINESTRING Z ((441170.4057 4479215.7427 0,441164.5168 4479163.1872 0))",2659071,Azul,Batería,18
"MULTILINESTRING Z ((441160.1834 4479128.6131 0,441159.3316 4479121.465 0,441159.2946 4479120.465 0,441158.9983 4479118.4279 0,441158.9612 4479117.4279 0,441158.776 4479116.3909 0,441157.4797 4479103.8724 0,441156.0723 4479091.3538 0))",2659075,Verde,Batería,13
"MULTILINESTRING Z ((441132.8223 4479087.7427 0,441138.0723 4479131.5761 0))",2659087,Azul,Batería,15
"MULTILINESTRING Z ((440981.739 4479139.465 0,441003.4057 4479168.0761 0,441006.0723 4479170.1316 0,441007.739 4479170.965 0,441010.0168 4479171.6316 0))",2659093,Verde,Batería,17
"MULTILINESTRING Z ((440977.8336 4479050.7654 0,441021.3398 4479032.6584 0))",2659133,Azul,Batería,17
"MULTILINESTRING Z ((441128.3686 4479028.7983 0,441129.3686 4479037.502 0))",2659134,Azul,Línea,2
"MULTILINESTRING Z ((441110.1135 4478855.1111 0,441108.6814 4478837.0534 0))",2659136,Alta Rotación,Batería,7
"MULTILINESTRING Z ((440918.1464 4478942.1316 0,440947.4304 4478931.7613 0))",2659137,Verde,Batería,12
"MULTILINESTRING Z ((440849.7788 4478883.2702 0,440859.7321 4478875.1934 0))",2659138,Verde,Batería,5
"MULTILINESTRING Z ((440752.0229 4478710.4773 0,440759.9489 4478708.1563 0))",2659144,Verde,Línea,1
"MULTILINESTRING Z ((440824.0888 4478696.1207 0,440835.2383 4478730.7763 0))",2659146,Verde,Línea,8
"MULTILINESTRING Z ((441133.1917 4478652.2469 0,441153.5044 4478650.7325 0))",2659147,Verde,Batería,8
"MULTILINESTRING Z ((441116.3686 4478716.2427 0,441119.776 4478756.4279 0))",2659149,Verde,Batería,15
"MULTILINESTRING Z ((441100.6155 4478740.9711 0,441102.2781 4478761.2016 0))",2659153,Azul,Batería,8
"MULTILINESTRING Z ((440728.0723 4472326.4927 0,440742.739 4472297.8261 0))",2659154,Verde,Línea,6
"MULTILINESTRING Z ((445090.489 4475920.4094 0,445081.989 4475934.4927 0))",2659164,Verde,Batería,6
"MULTILINESTRING Z ((445079.8871 4475943.9094 0,445078.5538 4475946.1316 0))",2659167,Verde,Batería,1
"MULTILINESTRING Z ((445074.0723 4475953.6501 0,445077.2575 4475948.3168 0))",2659168,Verde,Batería,2
"MULTILINESTRING Z ((445120.3223 4476040.5761 0,445126.3223 4476030.2427 0))",2659171,Verde,Batería,5
"MULTILINESTRING Z ((445181.2946 4476109.6316 0,445194.739 4476086.6872 0))",2659172,Verde,Batería,11
"MULTILINESTRING Z ((445197.5908 4476081.8353 0,445202.776 4476073.1316 0))",2659173,Verde,Batería,5
"MULTILINESTRING Z ((445234.2452 4476020.4032 0,445248.5168 4475996.5514 0))",2659175,Verde,Batería,12
"MULTILINESTRING Z ((445192.632 4476117.4485 0,445199.4304 4476105.9588 0))",2659184,Verde,Línea,2
"MULTILINESTRING Z ((441651.8223 4479406.7427 0,441660.5723 4479405.9927 0))",2659310,Azul,Batería,4
"MULTILINESTRING Z ((445496.989 4475684.7427 0,445527.8223 4475697.9094 0))",2659411,Verde,Línea,6
"MULTILINESTRING Z ((445469.739 4475899.9835 0,445476.4057 4475888.7613 0))",2659420,Verde,Batería,5
"MULTILINESTRING Z ((445355.1464 4475957.1687 0,445366.1094 4475935.6501 0,445367.8131 4475932.2798 0))",2659422,Verde,Línea,5
"MULTILINESTRING Z ((445408.1834 4475906.3909 0,445427.1834 4475918.0576 0))",2659424,Verde,Línea,4
"MULTILINESTRING Z ((445429.739 4475780.9094 0,445411.239 4475770.4094 0))",2659430,Verde,Línea,4
"MULTILINESTRING Z ((445517.9242 4475818.7613 0,445526.4427 4475804.502 0))",2659431,Verde,Línea,4
"MULTILINESTRING Z ((445282.9612 4475792.2057 0,445286.418 4475786.2798 0))",2659445,Verde,Batería,3
"MULTILINESTRING Z ((445301.0723 4475776.5761 0,445338.3223 4475798.5761 0))",2659446,Verde,Línea,9
"MULTILINESTRING Z ((445160.3223 4475803.4094 0,445159.0723 4475805.4094 0))",2659451,Verde,Batería,1
"MULTILINESTRING Z ((445274.2699 4475781.2921 0,445271.2822 4475786.4773 0))",2659455,Verde,Batería,2
"MULTILINESTRING Z ((443487.1557 4473127.0761 0,443376.9057 4473128.9927 0))",2659745,Verde,Línea,24
"MULTILINESTRING Z ((443370.4057 4473129.0761 0,443376.8223 4473128.9927 0))",2659746,Verde,Línea,1
"MULTILINESTRING Z ((440985.9057 4471864.4511 0,441014.2807 4471810.5761 0))",2659749,Azul,Batería,23
"MULTILINESTRING Z ((440985.7807 4471864.4511 0,440979.9057 4471874.8261 0))",2659751,Azul,Batería,4
"MULTILINESTRING Z ((442210.4057 4477931.5761 0,442193.1557 4477940.7427 0))",2659783,Verde,Línea,4
"MULTILINESTRING Z ((442239.1557 4477914.1594 0,442244.5723 4477911.4094 0))",2659786,Verde,Batería,2
"MULTILINESTRING Z ((442250.3223 4477908.4927 0,442265.5723 4477900.5761 0))",2659787,Verde,Batería,6
"MULTILINESTRING Z ((442271.989 4477897.1594 0,442279.0723 4477893.7427 0))",2659788,Verde,Batería,2
"MULTILINESTRING Z ((442306.239 4477879.9927 0,442293.239 4477886.3261 0))",2659789,Verde,Batería,5
"MULTILINESTRING Z ((442331.489 4477867.0761 0,442318.4057 4477873.5761 0))",2659792,Verde,Batería,6
"MULTILINESTRING Z ((442336.8223 4477864.3261 0,442372.739 4477846.1594 0))",2659794,Verde,Batería,17
"MULTILINESTRING Z ((442384.989 4477839.7427 0,442382.3223 4477840.9927 0))",2659797,Verde,Batería,1
"MULTILINESTRING Z ((442396.1557 4477833.9094 0,442392.6557 4477835.8261 0))",2659799,Verde,Batería,1
"MULTILINESTRING Z ((442409.8223 4477826.7427 0,442403.5723 4477830.0761 0))",2659800,Verde,Batería,2
"MULTILINESTRING Z ((442404.239 4477815.3261 0,442386.8223 4477824.3261 0))",2659808,Azul,Línea,4
"MULTILINESTRING Z ((442383.1557 4477826.4094 0,442377.5723 4477829.0761 0))",2659818,Azul,Línea,1
"MULTILINESTRING Z ((442371.4057 4477832.4094 0,442362.239 4477837.0761 0))",2659826,Azul,Línea,2
"MULTILINESTRING Z ((442353.6557 4477841.5761 0,442344.0723 4477846.4094 0))",2659828,Azul,Línea,2
"MULTILINESTRING Z ((442334.9057 4477851.1594 0,442325.0723 4477856.2427 0))",2659835,Azul,Línea,2
"MULTILINESTRING Z ((442876.5723 4476029.1594 0,442877.4057 4476038.9094 0))",2659851,Verde,Batería,4
"MULTILINESTRING Z ((442269.0723 4477884.9927 0,442275.3223 4477881.8261 0))",2659852,Azul,Línea,1
"MULTILINESTRING Z ((442263.5723 4477887.9927 0,442254.9057 4477892.3261 0))",2659853,Azul,Línea,2
"MULTILINESTRING Z ((442248.5723 4477895.5761 0,442243.1557 4477898.3261 0))",2659854,Azul,Línea,1
"MULTILINESTRING Z ((442235.9057 4477902.1594 0,442230.239 4477904.9927 0))",2659855,Azul,Línea,1
"MULTILINESTRING Z ((443073.6557 4477079.7427 0,443077.6557 4477082.9094 0))",2659993,Verde,Línea,1
"MULTILINESTRING Z ((443049.6557 4477060.5761 0,443059.0723 4477068.1594 0))",2659994,Verde,Línea,3
"MULTILINESTRING Z ((443178.3223 4477164.6594 0,443170.6557 4477158.3261 0))",2660022,Verde,Línea,2
"MULTILINESTRING Z ((443079.4057 4477202.5761 0,443076.9057 4477218.4927 0))",2660026,Verde,Línea,3
"MULTILINESTRING Z ((443073.4057 4476906.3261 0,443079.4057 4476910.8261 0))",2660028,Verde,Batería,3
"MULTILINESTRING Z ((443194.4612 4476969.3538 0,443196.9612 4476971.0761 0))",2660033,Verde,Batería,1
"MULTILINESTRING Z ((443158.8223 4477139.8261 0,443164.989 4477144.6594 0))",2660038,Verde,Línea,1
"MULTILINESTRING Z ((443212.2946 4477146.1872 0,443198.9612 4477162.4094 0))",2660040,Verde,Línea,4
"MULTILINESTRING Z ((443166.8501 4477075.1872 0,443164.739 4477073.6872 0))",2660044,Verde,Batería,1
"MULTILINESTRING Z ((443162.5168 4477071.7983 0,443164.5168 4477073.4094 0))",2660045,Verde,Batería,1
"MULTILINESTRING Z ((442998.6512 4476456.823 0,443003.6005 4476452.0383 0))",2660177,Verde,Línea,1
"MULTILINESTRING Z ((439672.3933 4480933.3168 0,439675.2575 4480922.5267 0))",2660179,Verde,Línea,2
"MULTILINESTRING Z ((440446.4537 4477154.1618 0,440466.6786 4477090.9739 0))",2660180,Verde,Línea,14
"MULTILINESTRING Z ((442595.9242 4478794.0205 0,442597.1094 4478807.1316 0))",2660183,Verde,Línea,2
"MULTILINESTRING Z ((440882.8871 4477487.1934 0,440881.7513 4477471.1934 0))",2660184,Verde,Línea,4
"MULTILINESTRING Z ((440886.2946 4477487.4279 0,440886.9983 4477497.8724 0,440887.1094 4477499.3168 0))",2660185,Verde,Línea,2
"MULTILINESTRING Z ((440425.6279 4479668.6008 0,440442.739 4479666.9711 0))",2660194,Verde,Línea,3
"MULTILINESTRING Z ((442658.5723 4475841.1594 0,442688.1557 4475838.9927 0))",2660276,Verde,Línea,6
"MULTILINESTRING Z ((442691.5723 4475838.8261 0,442698.239 4475838.1594 0))",2660278,Verde,Línea,1
"MULTILINESTRING Z ((442484.5723 4475967.9094 0,442480.6557 4475914.8261 0))",2660279,Verde,Batería,19
"MULTILINESTRING Z ((438329.0723 4473559.1594 0,438333.1557 4473555.7427 0))",2660280,Verde,Batería,2
"MULTILINESTRING Z ((438438.1456 4473547.8662 0,438449.0647 4473549.3329 0))",2660281,Verde,Batería,5
"MULTILINESTRING Z ((438449.4722 4473548.5995 0,438446.2127 4473528.8799 0))",2660283,Verde,Batería,8
"MULTILINESTRING Z ((438447.8424 4473528.065 0,438446.7831 4473522.4424 0))",2660284,Verde,Línea,1
"MULTILINESTRING Z ((438440.0197 4473523.9092 0,438444.42 4473523.7462 0))",2660285,Verde,Batería,2
"MULTILINESTRING Z ((438440.5281 4473527.2227 0,438438.245 4473536.4639 0,438435.6357 4473545.1614 0))",2660288,Verde,Línea,3
"MULTILINESTRING Z ((438519.7038 4472913.844 0,438526.8031 4472914.0091 0))",2660289,Verde,Línea,1
"MULTILINESTRING Z ((438566.0791 4472913.7397 0,438572.598 4472913.7397 0))",2660292,Verde,Línea,1
"MULTILINESTRING Z ((438331.2061 4473636.1305 0,438306.8142 4473632.8138 0))",2660306,Verde,Línea,5
"MULTILINESTRING Z ((438329.7431 4473629.8537 0,438317.5666 4473629.0927 0))",2660307,Verde,Batería,5
"MULTILINESTRING Z ((438329.5257 4473626.9183 0,438324.5246 4473626.5922 0))",2660308,Verde,Batería,2
"MULTILINESTRING Z ((438296.5837 4473571.254 0,438308.7603 4473584.6265 0,438322.5677 4473599.5211 0,438328.7647 4473606.8053 0,438333.1134 4473613.6546 0,438336.9186 4473621.8085 0,438338.0058 4473625.2875 0))",2660318,Verde,Línea,14
"MULTILINESTRING Z ((438342.4001 4473642.6949 0,438339.9126 4473658.795 0))",2660320,Verde,Batería,6
"MULTILINESTRING Z ((443198.9057 4477129.9094 0,443210.5723 4477139.3261 0))",2660323,Azul,Batería,5
"MULTILINESTRING Z ((438316.8335 4473810.2599 0,438314.7606 4473824.0797 0))",2660331,Azul,Batería,6
"MULTILINESTRING Z ((438314.4842 4473896.4954 0,438315.5206 4473889.3091 0))",2660334,Azul,Línea,1
"MULTILINESTRING Z ((443279.989 4477175.3261 0,443283.9057 4477181.9094 0))",2660340,Azul,Batería,3
"MULTILINESTRING Z ((443049.3223 4477250.4094 0,443059.489 4477251.9927 0))",2660343,Verde,Línea,2
"MULTILINESTRING Z ((443051.5723 4475539.3261 0,443060.1557 4475538.6594 0))",2660351,Verde,Línea,2
"MULTILINESTRING Z ((442213.3223 4476022.9094 0,442176.3223 4476025.5761 0))",2660393,Azul,Línea,7
"MULTILINESTRING Z ((442170.3223 4476025.9927 0,442154.989 4476027.0761 0))",2660399,Azul,Línea,3
"MULTILINESTRING Z ((442328.0723 4476014.8261 0,442262.5723 4476019.4094 0))",2660405,Azul,Línea,14
"MULTILINESTRING Z ((442305.9057 4476126.6594 0,442350.0723 4476123.4094 0))",2660413,Verde,Línea,9
"MULTILINESTRING Z ((442049.5723 4476200.0761 0,442047.5723 4476171.1594 0,442045.989 4476149.8261 0))",2660416,Verde,Línea,10
"MULTILINESTRING Z ((442257.239 4476203.2427 0,442258.9057 4476224.7427 0))",2660418,Verde,Línea,5
"MULTILINESTRING Z ((442155.6557 4476304.0761 0,442157.989 4476335.4927 0))",2660425,Verde,Batería,11
"MULTILINESTRING Z ((441528.1557 4471378.3261 0,441524.489 4471387.2427 0))",2660472,Azul,Línea,2
"MULTILINESTRING Z ((441528.4057 4471378.0761 0,441530.489 4471373.1594 0))",2660473,Azul,Línea,1
"MULTILINESTRING Z ((441217.9057 4471007.5761 0,441209.0723 4470999.7427 0))",2660477,Verde,Línea,2
"MULTILINESTRING Z ((439985.4057 4473031.9927 0,439948.8223 4473041.2427 0))",2660482,Azul,Línea,7
"MULTILINESTRING Z ((439938.739 4473043.8261 0,439948.489 4473041.3261 0))",2660483,Azul,Línea,2
"MULTILINESTRING Z ((438878.3223 4473608.2427 0,438930.489 4473606.4927 0))",2660484,Verde,Línea,11
"MULTILINESTRING Z ((438930.4057 4473606.6594 0,438935.989 4473606.4094 0))",2660485,Verde,Línea,1
"MULTILINESTRING Z ((438962.989 4473898.2427 0,438963.3223 4473911.3261 0))",2660505,Verde,Línea,3
"MULTILINESTRING Z ((438963.4057 4473916.6594 0,438963.3223 4473911.4927 0))",2660507,Verde,Línea,1
"MULTILINESTRING Z ((438961.3223 4473841.4927 0,438961.3223 4473847.0761 0))",2660509,Verde,Línea,1
"MULTILINESTRING Z ((438961.489 4473854.2427 0,438961.4057 4473847.4927 0))",2660510,Verde,Línea,1
"MULTILINESTRING Z ((438978.0723 4473658.2427 0,438972.0723 4473658.4094 0))",2660511,Verde,Línea,1
"MULTILINESTRING Z ((438965.239 4473658.6594 0,438971.989 4473658.3261 0))",2660512,Verde,Línea,1
"MULTILINESTRING Z ((438968.8223 4473739.6594 0,438975.3223 4473739.8261 0))",2660514,Verde,Línea,1
"MULTILINESTRING Z ((441187.739 4476006.4094 0,441186.5723 4475988.1594 0))",2660518,Verde,Línea,4
"MULTILINESTRING Z ((442140.4057 4476073.6594 0,442139.0723 4476051.8261 0))",2660520,Verde,Batería,8
"MULTILINESTRING Z ((442138.0723 4476035.9927 0,442139.0723 4476050.2427 0))",2660523,Verde,Línea,3
"MULTILINESTRING Z ((439477.9057 4473190.9094 0,439495.3223 4473180.7427 0))",2660524,Verde,Línea,4
"MULTILINESTRING Z ((439495.6557 4473180.8261 0,439521.239 4473166.4094 0))",2660525,Verde,Línea,6
"MULTILINESTRING Z ((439546.4057 4473935.9927 0,439587.989 4473935.4927 0))",2660526,Verde,Línea,9
"MULTILINESTRING Z ((439507.8223 4473936.0761 0,439518.3223 4473935.9927 0))",2660528,Verde,Línea,2
"MULTILINESTRING Z ((441965.4057 4475050.3261 0,441964.239 4475035.4094 0))",2660529,Verde,Línea,2
"MULTILINESTRING Z ((441980.239 4475049.0761 0,441981.239 4475044.0761 0))",2660530,Verde,Línea,3
"MULTILINESTRING Z ((440909.239 4472295.1594 0,440909.8223 4472300.8261 0))",2660532,Verde,Línea,1
"MULTILINESTRING Z ((440908.3223 4472284.4094 0,440909.489 4472295.0761 0))",2660533,Verde,Línea,2
"MULTILINESTRING Z ((439700.4057 4476310.4094 0,439749.989 4476307.6594 0))",2660534,Verde,Línea,11
"MULTILINESTRING Z ((442088.1557 4476132.2427 0,442094.1557 4476132.4094 0,442103.4057 4476131.6594 0))",2660546,Verde,Línea,3
"MULTILINESTRING Z ((438297.3092 4474096.9976 0,438288.907 4474093.0719 0))",2660566,Verde,Línea,2
"MULTILINESTRING Z ((438127.5434 4473984.6009 0,438132.7776 4473980.1932 0))",2660568,Verde,Línea,1
"MULTILINESTRING Z ((438140.2156 4473973.6505 0,438144.2789 4473970.1381 0))",2660569,Verde,Línea,1
"MULTILINESTRING Z ((438148.6178 4473966.1436 0,438152.75 4473962.4934 0))",2660570,Verde,Línea,1
"MULTILINESTRING Z ((438153.0255 4473962.2179 0,438161.29 4473954.9865 0))",2660572,Verde,Línea,2
"MULTILINESTRING Z ((438285.8079 4473989.1463 0,438287.323 4473978.8846 0))",2660573,Azul,Línea,2
"MULTILINESTRING Z ((438288.2872 4473972.9617 0,438289.2514 4473966.8323 0))",2660576,Azul,Línea,1
"MULTILINESTRING Z ((438289.2514 4473965.7303 0,438290.4911 4473958.1546 0))",2660577,Azul,Línea,1
"MULTILINESTRING Z ((438309.8437 4474020.9645 0,438313.8726 4474096.0678 0))",2660578,Verde,Línea,15
"MULTILINESTRING Z ((438355.8018 4474114.7004 0,438370.7522 4474083.0808 0))",2660581,Verde,Línea,7
"MULTILINESTRING Z ((438374.0022 4474084.7008 0,438358.9018 4474116.1005 0))",2660582,Verde,Línea,7
"MULTILINESTRING Z ((438427.1557 4474159.4094 0,438438.6557 4474164.9094 0))",2660585,Verde,Línea,2
"MULTILINESTRING Z ((438378.5765 4474066.9011 0,438381.4002 4474060.9783 0))",2660586,Verde,Línea,1
"MULTILINESTRING Z ((438398.2276 4474033.354 0,438381.2924 4474068.121 0))",2660587,Verde,Línea,8
"MULTILINESTRING Z ((438394.9676 4474031.9149 0,438384.0172 4474054.7111 0))",2660588,Verde,Línea,5
"MULTILINESTRING Z ((438504.9539 4474176.4741 0,438504.2652 4474163.9397 0))",2660589,Verde,Línea,2
"MULTILINESTRING Z ((438503.6453 4474155.7786 0,438503.4387 4474150.6133 0))",2660590,Verde,Línea,1
"MULTILINESTRING Z ((438502.7247 4474113.2779 0,438503.4497 4474140.2501 0))",2660591,Verde,Línea,6
"MULTILINESTRING Z ((438502.509 4474106.3984 0,438501.3726 4474063.1133 0))",2660593,Verde,Línea,8
"MULTILINESTRING Z ((438501.0571 4474052.3731 0,438501.2746 4474057.0859 0))",2660594,Verde,Línea,1
"MULTILINESTRING Z ((438496.1384 4474068.3474 0,438495.6564 4474048.2372 0))",2660595,Verde,Batería,7
"MULTILINESTRING Z ((438480.1029 4474030.5488 0,438486.2659 4474031.4914 0))",2660596,Verde,Línea,1
"MULTILINESTRING Z ((438491.7763 4474015.1776 0,438491.9213 4474024.8209 0))",2660597,Verde,Línea,2
"MULTILINESTRING Z ((438499.8575 4474006.4328 0,438500.1329 4474016.7634 0))",2660598,Azul,Línea,2
"MULTILINESTRING Z ((438465.989 4474033.7427 0,438479.239 4474035.5761 0))",2660599,Verde,Batería,5
"MULTILINESTRING Z ((438480.274 4474029.1243 0,438465.9324 4474027.0872 0))",2660600,Verde,Batería,6
"MULTILINESTRING Z ((438425.1078 4474027.8205 0,438448.3313 4474031.243 0))",2660603,Verde,Batería,9
"MULTILINESTRING Z ((438417.6557 4474026.3261 0,438405.239 4474025.0761 0))",2660604,Verde,Batería,5
"MULTILINESTRING Z ((438399.8285 4474018.496 0,438402.7645 4474018.496 0,438405.8093 4474017.6261 0))",2660605,Verde,Línea,1
"MULTILINESTRING Z ((438415.5599 4473971.1711 0,438413.7004 4473983.7055 0))",2660607,Verde,Línea,2
"MULTILINESTRING Z ((438359.6742 4474017.7977 0,438387.787 4474021.872 0))",2660611,Verde,Batería,11
"MULTILINESTRING Z ((438399.6025 4474018.4496 0,438360.4076 4474013.0715 0))",2660612,Verde,Batería,15
"MULTILINESTRING Z ((438318.9311 4474012.6641 0,438352.1775 4474017.1458 0))",2660613,Verde,Batería,13
"MULTILINESTRING Z ((438315.5087 4474006.5526 0,438353.8072 4474012.0937 0))",2660614,Verde,Batería,14
"MULTILINESTRING Z ((438527.4745 4474206.6394 0,438536.9098 4474211.116 0))",2660615,Verde,Línea,2
"MULTILINESTRING Z ((438609.4305 4474246.1022 0,438604.0586 4474243.6918 0))",2660618,Verde,Línea,1
"MULTILINESTRING Z ((438611.4966 4474190.5926 0,438602.7156 4474172.6174 0))",2660619,Verde,Línea,4
"MULTILINESTRING Z ((438593.6247 4474153.919 0,438601.9924 4474171.2744 0))",2660620,Verde,Línea,4
"MULTILINESTRING Z ((438569.4511 4474100.2 0,438568.1081 4474094.2083 0,438564.6991 4474080.6752 0))",2660621,Azul,Línea,4
"MULTILINESTRING Z ((438558.8106 4474049.0637 0,438560.4635 4474059.6009 0,438564.5957 4474080.5719 0))",2660622,Azul,Línea,6
"MULTILINESTRING Z ((438212.3268 4473860.893 0,438216.441 4473831.1764 0))",2660626,Verde,Línea,6
"MULTILINESTRING Z ((438230.3671 4473870.1381 0,438218.8657 4473868.6918 0))",2660627,Verde,Línea,2
"MULTILINESTRING Z ((438257.3643 4473874.3392 0,438236.9787 4473871.4466 0))",2660628,Verde,Línea,4
"MULTILINESTRING Z ((438277.0613 4473876.8185 0,438264.1825 4473875.0279 0))",2660629,Verde,Línea,2
"MULTILINESTRING Z ((438296.7583 4473879.9177 0,438277.1991 4473876.8185 0))",2660630,Verde,Línea,4
"MULTILINESTRING Z ((438304.9539 4473837.4246 0,438261.8409 4473831.364 0))",2660631,Verde,Línea,9
"MULTILINESTRING Z ((438217.626 4473821.3777 0,438219.4856 4473810.4962 0))",2660634,Verde,Línea,2
"MULTILINESTRING Z ((438223.1357 4473789.9039 0,438220.3809 4473805.262 0))",2660635,Verde,Línea,3
"MULTILINESTRING Z ((438305.6275 4473796.4586 0,438235.0457 4473785.5831 0))",2660636,Verde,Línea,15
"MULTILINESTRING Z ((438262.0475 4473748.0306 0,438237.6674 4473744.9314 0))",2660640,Verde,Línea,5
"MULTILINESTRING Z ((438268.4334 4473749.3678 0,438278.3301 4473750.5641 0))",2660641,Verde,Línea,2
"MULTILINESTRING Z ((438315.9732 4473755.6752 0,438281.8822 4473750.9921 0))",2660642,Verde,Línea,7
"MULTILINESTRING Z ((438230.0227 4473740.5926 0,438232.7087 4473722.4108 0))",2660643,Verde,Línea,4
"MULTILINESTRING Z ((438260.8079 4473698.1684 0,438267.4883 4473699.1325 0))",2660645,Verde,Línea,1
"MULTILINESTRING Z ((438277.0143 4473700.1951 0,438301.3674 4473704.109 0))",2660646,Verde,Línea,5
"MULTILINESTRING Z ((438237.9429 4473687.7 0,438238.7004 4473683.2923 0))",2660649,Verde,Línea,1
"MULTILINESTRING Z ((438239.1825 4473678.8157 0,438240.3533 4473669.7937 0))",2660650,Verde,Línea,2
"MULTILINESTRING Z ((438301.3554 4473914.0465 0,438302.1845 4473908.3113 0))",2660651,Azul,Línea,1
"MULTILINESTRING Z ((438304.8103 4473886.6833 0,438304.1884 4473893.1095 0))",2660652,Azul,Línea,1
"MULTILINESTRING Z ((438310.1309 4473921.6474 0,438311.582 4473912.4572 0))",2660653,Azul,Línea,2
"MULTILINESTRING Z ((438421.0007 4473898.4438 0,438405.6426 4473896.1711 0))",2660655,Verde,Línea,3
"MULTILINESTRING Z ((438490.8651 4473932.9631 0,438491.0826 4473945.3571 0))",2660658,Verde,Línea,2
"MULTILINESTRING Z ((438498.3667 4473932.7457 0,438498.5842 4473941.5519 0))",2660659,Verde,Línea,2
"MULTILINESTRING Z ((438492.6949 4473891.7634 0,438491.3864 4473900.8543 0))",2660662,Verde,Línea,2
"MULTILINESTRING Z ((438323.9507 4473828.6402 0,438326.3001 4473811.6419 0))",2660665,Azul,Batería,7
"MULTILINESTRING Z ((438328.5803 4473797.2693 0,438330.3078 4473785.3152 0))",2660666,Azul,Batería,5
"MULTILINESTRING Z ((438323.1906 4473766.5202 0,438320.9104 4473781.9293 0))",2660667,Azul,Batería,5
"MULTILINESTRING Z ((438336.29 4473800.5788 0,438356.5379 4473803.6091 0))",2660668,Verde,Línea,4
"MULTILINESTRING Z ((438384.7748 4473807.7414 0,438360.3258 4473804.229 0))",2660669,Verde,Línea,5
"MULTILINESTRING Z ((438393.4057 4473808.9927 0,438398.489 4473809.6594 0))",2660670,Verde,Línea,1
"MULTILINESTRING Z ((438404.2652 4473807.5347 0,438404.9883 4473802.6794 0))",2660673,Verde,Línea,1
"MULTILINESTRING Z ((438409.1205 4473779.229 0,438406.228 4473797.7207 0))",2660674,Verde,Línea,4
"MULTILINESTRING Z ((438507.7776 4473783.9122 0,438478.5765 4473779.6422 0))",2660675,Verde,Línea,6
"MULTILINESTRING Z ((438450.7477 4473775.4289 0,438431.6131 4473772.9283 0))",2660676,Verde,Línea,4
"MULTILINESTRING Z ((438424.9812 4473772.1673 0,438419.7627 4473771.515 0))",2660677,Verde,Línea,1
"MULTILINESTRING Z ((438394.2101 4473767.9342 0,438404.0586 4473769.1739 0))",2660678,Verde,Línea,2
"MULTILINESTRING Z ((438341.8685 4473760.7717 0,438374.2376 4473765.386 0))",2660679,Verde,Línea,6
"MULTILINESTRING Z ((438326.3728 4473748.9014 0,438328.3298 4473734.5504 0))",2660680,Verde,Batería,6
"MULTILINESTRING Z ((438330.7216 4473717.9164 0,438329.1995 4473728.7883 0))",2660681,Verde,Batería,4
"MULTILINESTRING Z ((438324.6333 4473707.4793 0,438307.7818 4473704.9788 0))",2660683,Verde,Línea,3
"MULTILINESTRING Z ((438350.6839 4473711.5292 0,438384.7059 4473716.7634 0))",2660684,Verde,Línea,7
"MULTILINESTRING Z ((438351.2349 4473708.0857 0,438360.5324 4473709.3254 0))",2660685,Verde,Línea,2
"MULTILINESTRING Z ((438389.3891 4473717.3144 0,438408.3974 4473720.3447 0))",2660687,Verde,Línea,4
"MULTILINESTRING Z ((438390.0778 4473713.5265 0,438408.604 4473716.419 0))",2660688,Verde,Línea,4
"MULTILINESTRING Z ((438430.239 4473724.2427 0,438435.4057 4473724.9927 0))",2660690,Verde,Línea,1
"MULTILINESTRING Z ((438455.6557 4473728.1594 0,438466.0723 4473729.7427 0))",2660691,Verde,Línea,2
"MULTILINESTRING Z ((438430.0916 4473720.0003 0,438459.6371 4473724.5458 0))",2660692,Verde,Línea,6
"MULTILINESTRING Z ((438467.0556 4473725.418 0,438486.8425 4473728.3534 0,438490.2128 4473729.3319 0))",2660694,Verde,Línea,5
"MULTILINESTRING Z ((438421.2073 4473709.6697 0,438424.7197 4473684.2565 0))",2660695,Verde,Línea,5
"MULTILINESTRING Z ((438428.063 4473662.9046 0,438425.87 4473677.7434 0))",2660696,Verde,Línea,3
"MULTILINESTRING Z ((438395.863 4473667.7276 0,438396.7583 4473661.667 0))",2660697,Verde,Línea,1
"MULTILINESTRING Z ((438393.177 4473685.6339 0,438394.761 4473675.0279 0))",2660698,Verde,Línea,2
"MULTILINESTRING Z ((438385.0215 4473706.8708 0,438386.4767 4473696.9773 0))",2660699,Verde,Línea,2
"MULTILINESTRING Z ((438350.5538 4473649.5357 0,438343.713 4473693.9663 0))",2660701,Verde,Batería,16
"MULTILINESTRING Z ((438334.7442 4473692.4761 0,438339.093 4473664.5352 0))",2660702,Verde,Batería,12
"MULTILINESTRING Z ((438510.7792 4473944.0458 0,438524.2492 4473943.656 0))",2660703,Azul,Línea,2
"MULTILINESTRING Z ((438552.7896 4473921.9665 0,438552.413 4473901.97 0))",2660704,Verde,Línea,3
"MULTILINESTRING Z ((438552.2423 4473900.9729 0,438552.7169 4473886.2273 0))",2660705,Verde,Línea,3
"MULTILINESTRING Z ((438511.0145 4473811.0471 0,438514.8024 4473793.1408 0))",2660709,Verde,Línea,4
"MULTILINESTRING Z ((438519.2101 4473755.0554 0,438515.8354 4473740.5926 0))",2660712,Verde,Línea,3
"MULTILINESTRING Z ((438555.6081 4473701.6463 0,438549.9263 4473682.1215 0))",2660715,Verde,Línea,4
"MULTILINESTRING Z ((438549.3065 4473680.3653 0,438543.9346 4473661.0471 0))",2660717,Verde,Línea,4
"MULTILINESTRING Z ((438620.2411 4473704.3265 0,438626.5468 4473692.5123 0))",2660718,Verde,Línea,3
"MULTILINESTRING Z ((438264.8377 4473535.9203 0,438269.0778 4473540.5952 0))",2660728,Verde,Línea,1
"MULTILINESTRING Z ((438241.3543 4473508.9579 0,438248.6385 4473517.5467 0))",2660729,Verde,Línea,2
"MULTILINESTRING Z ((438255.1282 4473508.5739 0,438281.0403 4473537.8027 0))",2660730,Verde,Batería,15
"MULTILINESTRING Z ((438200.6933 4473532.9849 0,438204.0636 4473509.9364 0))",2660731,Verde,Línea,5
"MULTILINESTRING Z ((438228.7602 4473504.4832 0,438204.5017 4473507.883 0))",2660732,Verde,Línea,4
"MULTILINESTRING Z ((438216.9164 4473481.9708 0,438223.8954 4473489.9171 0))",2660733,Verde,Línea,2
"MULTILINESTRING Z ((438147.0947 4473403.5002 0,438152.3133 4473408.9362 0))",2660737,Verde,Línea,1
"MULTILINESTRING Z ((438185.0378 4473425.6789 0,438192.1045 4473433.6154 0))",2660738,Verde,Línea,2
"MULTILINESTRING Z ((438221.7738 4473435.109 0,438198.2479 4473408.8003 0))",2660740,Azul,Batería,10
"MULTILINESTRING Z ((438222.4591 4473430.2451 0,438212.9982 4473419.7239 0))",2660741,Azul,Línea,3
"MULTILINESTRING Z ((438231.2518 4473450.9897 0,438257.7409 4473480.7712 0))",2660742,Verde,Línea,8
"MULTILINESTRING Z ((438235.1429 4473449.4932 0,438260.285 4473477.9278 0))",2660743,Verde,Línea,8
"MULTILINESTRING Z ((438266.8613 4473490.9887 0,438296.6853 4473524.3981 0))",2660744,Verde,Línea,9
"MULTILINESTRING Z ((438265.802 4473483.8179 0,438299.6188 4473522.3609 0))",2660745,Verde,Línea,10
"MULTILINESTRING Z ((438254.6095 4473423.9259 0,438278.6453 4473431.5017 0,438280.7114 4473432.3281 0))",2660746,Verde,Batería,8
"MULTILINESTRING Z ((438281.8134 4473433.3612 0,438283.4663 4473435.2207 0))",2660747,Verde,Batería,1
"MULTILINESTRING Z ((438286.0145 4473437.9755 0,438292.3506 4473445.2758 0))",2660748,Verde,Batería,4
"MULTILINESTRING Z ((438293.728 4473446.4466 0,438296.896 4473450.0279 0))",2660749,Verde,Batería,2
"MULTILINESTRING Z ((438260.9456 4473422.5485 0,438281.3313 4473427.7138 0,438284.3616 4473430.1243 0))",2660750,Verde,Línea,4
"MULTILINESTRING Z ((438262.0475 4473418.2097 0,438289.0448 4473425.51 0))",2660751,Verde,Línea,5
"MULTILINESTRING Z ((438262.9429 4473413.1133 0,438295.071 4473421.0678 0))",2660752,Verde,Batería,13
"MULTILINESTRING Z ((438295.6053 4473421.1127 0,438297.2361 4473421.765 0,438321.9153 4473450.3582 0))",2660753,Verde,Batería,16
"MULTILINESTRING Z ((438310.8079 4473458.8433 0,438285.5324 4473431.0885 0))",2660754,Verde,Batería,16
"MULTILINESTRING Z ((438317.2404 4473452.75 0,438293.9745 4473426.8748 0,438291.8001 4473426.2225 0))",2660755,Verde,Batería,15
"MULTILINESTRING Z ((438298.1357 4473451.1298 0,438308.1219 4473462.5623 0))",2660756,Verde,Batería,6
"MULTILINESTRING Z ((438307.7776 4473464.8695 0,438319.1412 4473477.6794 0))",2660757,Verde,Línea,4
"MULTILINESTRING Z ((438315.7321 4473461.2538 0,438322.6536 4473454.8488 0))",2660758,Verde,Batería,4
"MULTILINESTRING Z ((438334.2238 4473457.0182 0,438345.6908 4473470.1381 0))",2660759,Verde,Batería,7
"MULTILINESTRING Z ((438350.6495 4473465.6959 0,438344.5544 4473458.3612 0))",2660760,Verde,Batería,5
"MULTILINESTRING Z ((438323.8723 4473482.974 0,438331.8088 4473491.2367 0,438336.5924 4473493.5198 0))",2660761,Verde,Línea,3
"MULTILINESTRING Z ((438351.9219 4473491.9977 0,438344.6377 4473494.0634 0,438341.3761 4473494.1721 0))",2660763,Verde,Línea,2
"MULTILINESTRING Z ((438390.8434 4473559.6211 0,438393.6701 4473541.0301 0,438393.3439 4473535.7028 0,438391.9306 4473527.6576 0,438388.9951 4473522.0042 0))",2660767,Verde,Línea,8
"MULTILINESTRING Z ((438378.0145 4473519.0688 0,438368.0123 4473527.2227 0))",2660768,Verde,Batería,5
"MULTILINESTRING Z ((438355.4009 4473537.9859 0,438366.3815 4473528.4186 0))",2660769,Verde,Batería,6
"MULTILINESTRING Z ((438358.739 4473543.6594 0,438371.6557 4473532.5761 0))",2660770,Verde,Línea,4
"MULTILINESTRING Z ((438372.3611 4473533.7459 0,438377.1447 4473539.3993 0,438383.7766 4473534.1808 0,438379.5366 4473529.1797 0))",2660771,Verde,Batería,6
"MULTILINESTRING Z ((438346.5946 4473602.3478 0,438356.7055 4473588.5404 0,438358.5537 4473585.1701 0))",2660772,Verde,Línea,4
"MULTILINESTRING Z ((438389.1039 4473568.8622 0,438384.8638 4473568.8622 0,438378.8842 4473569.732 0,438372.5785 4473572.2325 0,438366.599 4473575.0592 0,438361.4892 4473580.169 0))",2660774,Verde,Línea,6
"MULTILINESTRING Z ((438343.333 4473595.6072 0,438346.3772 4473593.3241 0,438349.8562 4473588.6491 0,438354.7486 4473580.7126 0,438360.6194 4473574.0807 0,438365.0769 4473570.2756 0,438373.8832 4473565.7094 0,438381.1674 4473563.3175 0))",2660775,Verde,Línea,10
"MULTILINESTRING Z ((438327.0797 4473555.8518 0,438307.1156 4473533.769 0))",2660776,Verde,Línea,6
"MULTILINESTRING Z ((438330.0132 4473553.1628 0,438306.3822 4473526.2723 0))",2660777,Verde,Línea,7
"MULTILINESTRING Z ((438317.6018 4473573.8048 0,438300.7199 4473555.3657 0))",2660778,Verde,Línea,5
"MULTILINESTRING Z ((438327.46 4473584.7352 0,438331.1565 4473589.3014 0))",2660780,Verde,Línea,1
"MULTILINESTRING Z ((438344.0941 4473611.4802 0,438351.0521 4473629.9625 0))",2660781,Verde,Batería,8
"MULTILINESTRING Z ((438363.6316 4473637.5623 0,438379.6784 4473639.9039 0))",2660782,Verde,Línea,3
"MULTILINESTRING Z ((438381.6068 4473640.2482 0,438395.9318 4473642.3144 0))",2660783,Verde,Línea,3
"MULTILINESTRING Z ((438423.9621 4473646.5843 0,438399.6508 4473643.0719 0))",2660784,Verde,Línea,6
"MULTILINESTRING Z ((438429.7473 4473653.2648 0,438430.7803 4473646.1711 0))",2660785,Verde,Línea,1
"MULTILINESTRING Z ((438435.4834 4473616.416 0,438431.7662 4473641.1448 0))",2660786,Verde,Línea,5
"MULTILINESTRING Z ((438437.0491 4473605.6093 0,438441.2891 4473577.451 0,438441.2891 4473575.6028 0,438443.5722 4473574.4069 0,438445.4205 4473572.1238 0))",2660787,Verde,Línea,6
"MULTILINESTRING Z ((438506.0214 4473526.8529 0,438476.166 4473421.3777 0))",2660790,Verde,Línea,19
"MULTILINESTRING Z ((438457.0544 4473374.8901 0,438464.8024 4473401.7496 0))",2660792,Verde,Línea,5
"MULTILINESTRING Z ((438513.1526 4473520.4821 0,438511.6849 4473515.7528 0,438508.2602 4473461.1214 0,438504.1832 4473388.062 0))",2660793,Verde,Batería,52
"MULTILINESTRING Z ((438508.9885 4473391.0336 0,438513.4992 4473461.201 0))",2660794,Verde,Línea,13
"MULTILINESTRING Z ((438524.8999 4473384.1963 0,438572.2001 4473383.9969 0))",2660795,Verde,Batería,17
"MULTILINESTRING Z ((438546.1038 4473473.057 0,438567.5591 4473468.4965 0))",2660800,Verde,Batería,8
"MULTILINESTRING Z ((438579.064 4473466.2162 0,438592.1237 4473463.2104 0))",2660801,Verde,Batería,5
"MULTILINESTRING Z ((438518.2985 4473506.9956 0,438516.9987 4473486.0957 0))",2660802,Verde,Batería,8
"MULTILINESTRING Z ((438549.791 4473525.0483 0,438523.8071 4473521.0257 0))",2660803,Verde,Línea,5
"MULTILINESTRING Z ((438519.6757 4473523.635 0,438523.6983 4473539.0731 0))",2660804,Verde,Batería,6
"MULTILINESTRING Z ((438527.1774 4473541.7911 0,438528.6994 4473529.071 0,438530.1128 4473526.8966 0,438532.5046 4473526.4617 0,438552.5089 4473529.9407 0))",2660806,Verde,Línea,8
"MULTILINESTRING Z ((438558.1624 4473530.7018 0,438574.579 4473532.9849 0))",2660807,Verde,Batería,6
"MULTILINESTRING Z ((438585.3091 4473533.4584 0,438603.3102 4473536.2711 0))",2660809,Verde,Batería,7
"MULTILINESTRING Z ((438543.6247 4473659.8075 0,438538.0462 4473640.0761 0))",2660813,Verde,Línea,4
"MULTILINESTRING Z ((438537.6329 4473638.7331 0,438531.8478 4473618.0719 0))",2660814,Verde,Línea,4
"MULTILINESTRING Z ((438515.0008 4473558.6426 0,438530.5477 4473612.4587 0))",2660817,Verde,Línea,11
"MULTILINESTRING Z ((438510.2569 4473542.1422 0,438514.9057 4473558.3612 0))",2660818,Verde,Línea,3
"MULTILINESTRING Z ((438635.2443 4473641.9216 0,438635.2443 4473636.5943 0))",2660819,Azul,Línea,1
"MULTILINESTRING Z ((438633.9397 4473628.4404 0,438631.113 4473613.7633 0))",2660821,Azul,Línea,3
"MULTILINESTRING Z ((438629.0473 4473603.5437 0,438630.1345 4473609.1971 0))",2660823,Azul,Línea,1
"MULTILINESTRING Z ((438631.2981 4473597.1464 0,438636.3187 4473621.6371 0,438638.3876 4473642.3663 0))",2660824,Azul,Línea,9
"MULTILINESTRING Z ((441939.8254 4476172.9464 0,441940.0476 4476176.3785 0))",2660837,Verde,Batería,1
"MULTILINESTRING Z ((438707.5964 4473381.8752 0,438707.5138 4473387.3239 0))",2660844,Verde,Línea,1
"MULTILINESTRING Z ((441968.239 4476150.1594 0,441957.8223 4476150.8261 0))",2660852,Verde,Batería,4
"MULTILINESTRING Z ((438604.9883 4473376.8529 0,438672.7569 4473361.9769 0))",2660854,Verde,Batería,26
"MULTILINESTRING Z ((438689.4924 4473358.1546 0,438698.3767 4473356.1918 0))",2660855,Verde,Línea,2
"MULTILINESTRING Z ((438610.6701 4473372.1009 0,438684.5338 4473355.6752 0))",2660856,Verde,Línea,15
"MULTILINESTRING Z ((438685.2569 4473355.3653 0,438694.4511 4473353.2992 0))",2660857,Verde,Línea,2
"MULTILINESTRING Z ((438584.2929 4473337.4504 0,438592.5429 4473369.0754 0))",2660858,Verde,Línea,6
"MULTILINESTRING Z ((438621.7238 4473319.2083 0,438609.947 4473322.7207 0))",2660861,Verde,Batería,5
"MULTILINESTRING Z ((438555.776 4473252.0147 0,438571.1314 4473299.8146 0))",2660866,Verde,Batería,20
"MULTILINESTRING Z ((438564.3891 4473241.419 0,438586.8065 4473233.981 0))",2660867,Verde,Línea,5
"MULTILINESTRING Z ((438593.0393 4473231.9838 0,438645.312 4473214.2152 0))",2660868,Verde,Línea,12
"MULTILINESTRING Z ((438656.5379 4473210.083 0,438651.0971 4473212.0113 0))",2660869,Verde,Línea,1
"MULTILINESTRING Z ((438637.1164 4473212.2179 0,438563.0462 4473238.01 0))",2660870,Verde,Línea,14
"MULTILINESTRING Z ((438658.2941 4473205.1587 0,438647.6536 4473208.7744 0))",2660872,Verde,Línea,2
"MULTILINESTRING Z ((438684.8935 4473253.4181 0,438675.6472 4473225.3491 0))",2660874,Verde,Línea,6
"MULTILINESTRING Z ((438686.7097 4473257.1332 0,438690.8375 4473269.5991 0))",2660877,Verde,Línea,3
"MULTILINESTRING Z ((441787.1557 4476052.7427 0,441838.1557 4476049.5761 0))",2660883,Azul,Línea,11
"MULTILINESTRING Z ((438660.2093 4473175.8156 0,438656.0815 4473161.8636 0,438652.6141 4473150.8837 0,438650.4677 4473143.3711 0))",2660886,Verde,Línea,7
"MULTILINESTRING Z ((438633.0934 4473071.6466 0,438644.9515 4473125.6866 0))",2660889,Verde,Línea,11
"MULTILINESTRING Z ((438540.4924 4473073.7788 0,438551.0041 4473072.1491 0))",2660891,Verde,Línea,2
"MULTILINESTRING Z ((438530.8441 4473130.0796 0,438528.7802 4473115.9625 0))",2660894,Verde,Batería,5
"MULTILINESTRING Z ((438541.0015 4473198.9687 0,438538.2774 4473183.3669 0,438534.2325 4473151.5029 0))",2660896,Verde,Batería,16
"MULTILINESTRING Z ((438550.9899 4473235.8681 0,438547.9356 4473226.8703 0,438546.7799 4473221.9999 0))",2660897,Verde,Batería,5
"MULTILINESTRING Z ((438534.9754 4473200.5371 0,438532.664 4473189.3104 0,438531.5084 4473179.5696 0))",2660900,Azul,Línea,4
"MULTILINESTRING Z ((438492.8992 4472938.1957 0,438492.3995 4472911.8958 0))",2660916,Verde,Línea,5
"MULTILINESTRING Z ((438536.3366 4472913.8212 0,438560.4565 4472913.9027 0))",2660917,Verde,Línea,5
"MULTILINESTRING Z ((438533.9029 4472907.967 0,438555.6543 4472907.967 0))",2660918,Verde,Batería,6
"MULTILINESTRING Z ((438629.3986 4473047.8767 0,438627.5611 4473032.9897 0))",2660928,Verde,Línea,3
"MULTILINESTRING Z ((438627.6781 4473033.1275 0,438627.1002 4473028.0095 0))",2660929,Verde,Línea,1
"MULTILINESTRING Z ((441930.5307 4476049.2011 0,441936.1557 4476130.8261 0))",2660931,Verde,Batería,30
"MULTILINESTRING Z ((438319.0998 4473860.8969 0,438320.8956 4473850.1217 0))",2660932,Azul,Línea,2
"MULTILINESTRING Z ((438334.7302 4473754.2897 0,438336.5958 4473741.2991 0))",2660933,Verde,Batería,5
"MULTILINESTRING Z ((441872.9057 4476147.5761 0,441880.3223 4476147.1594 0))",2660939,Verde,Línea,1
"MULTILINESTRING Z ((441865.1557 4476352.7427 0,441865.9057 4476362.8261 0))",2660944,Verde,Línea,2
"MULTILINESTRING Z ((441952.0723 4476346.4094 0,441951.8223 4476342.9094 0))",2660949,Verde,Batería,1
"MULTILINESTRING Z ((441991.0723 4476391.6594 0,441994.4057 4476391.4927 0))",2660957,Verde,Batería,1
"MULTILINESTRING Z ((441958.239 4476432.9094 0,441962.489 4476488.5761 0,441963.1557 4476495.0761 0))",2660965,Verde,Batería,22
"MULTILINESTRING Z ((441940.1279 4476404.465 0,441945.5168 4476404.0761 0))",2660991,Verde,Línea,1
"MULTILINESTRING Z ((442142.5723 4475972.4094 0,442143.239 4475982.9927 0))",2661031,Verde,Línea,2
"MULTILINESTRING Z ((439911.2575 4479364.5761 0,439917.0353 4479352.9464 0))",2661048,Verde,Línea,2
"MULTILINESTRING Z ((438583.3223 4474133.3261 0,438580.8223 4474128.4094 0))",2661062,Verde,Línea,1
"MULTILINESTRING Z ((442245.5723 4475911.3261 0,442248.0723 4475945.2427 0))",2661066,Verde,Batería,13
"MULTILINESTRING Z ((439968.8223 4472729.6594 0,439984.1557 4472735.4927 0))",2661067,Verde,Línea,3
"MULTILINESTRING Z ((439989.989 4472737.5761 0,439995.739 4472739.6594 0))",2661068,Verde,Línea,2
"MULTILINESTRING Z ((443652.4057 4477838.9094 0,443666.0723 4477838.6594 0))",2661072,Verde,Línea,2
"MULTILINESTRING Z ((443669.6557 4477845.3261 0,443671.5307 4477839.3261 0,443674.1557 4477828.2011 0,443675.4057 4477819.0761 0))",2661076,Azul,Línea,5
"MULTILINESTRING Z ((443550.5307 4477822.0761 0,443574.7807 4477843.8261 0))",2661077,Verde,Línea,6
"MULTILINESTRING Z ((443518.5307 4477845.4511 0,443539.4057 4477822.3261 0))",2661079,Verde,Línea,6
"MULTILINESTRING Z ((443479.2807 4477645.7011 0,443485.4057 4477675.3261 0))",2661083,Azul,Línea,5
"MULTILINESTRING Z ((443487.0307 4477682.7011 0,443496.1557 4477726.0761 0))",2661084,Azul,Línea,12
"MULTILINESTRING Z ((443515.6557 4477677.7011 0,443522.7807 4477711.7011 0))",2661085,Verde,Línea,7
"MULTILINESTRING Z ((443530.1557 4477740.3261 0,443528.7807 4477731.5761 0))",2661086,Verde,Línea,1
"MULTILINESTRING Z ((441915.9057 4475841.9094 0,441915.6279 4475837.7427 0))",2661087,Verde,Batería,1
"MULTILINESTRING Z ((443790.739 4477723.7427 0,443777.239 4477750.2427 0))",2661089,Verde,Batería,11
"MULTILINESTRING Z ((443780.3223 4477721.1594 0,443769.8223 4477741.5761 0))",2661090,Verde,Línea,4
"MULTILINESTRING Z ((443719.9057 4477657.2427 0,443734.8223 4477664.9094 0))",2661092,Verde,Línea,3
"MULTILINESTRING Z ((443288.1557 4477517.5761 0,443279.5307 4477476.7011 0))",2661094,Verde,Línea,10
"MULTILINESTRING Z ((443652.0723 4477447.6594 0,443704.489 4477436.7427 0))",2661097,Verde,Batería,20
"MULTILINESTRING Z ((443711.4057 4477435.1594 0,443758.739 4477425.3261 0))",2661098,Verde,Batería,18
"MULTILINESTRING Z ((443628.5723 4477441.0761 0,443620.989 4477405.7427 0))",2661100,Verde,Batería,13
"MULTILINESTRING Z ((443638.2807 4477487.7011 0,443655.9057 4477572.3261 0))",2661101,Verde,Batería,34
"MULTILINESTRING Z ((443627.2807 4477504.4511 0,443632.2807 4477528.8261 0))",2661102,Verde,Línea,5
"MULTILINESTRING Z ((442127.0723 4475756.5761 0,442126.989 4475753.0761 0))",2661103,Verde,Línea,1
"MULTILINESTRING Z ((443635.4057 4477542.9511 0,443633.4057 4477532.8261 0))",2661104,Verde,Línea,2
"MULTILINESTRING Z ((443680.7807 4477637.8261 0,443695.0307 4477644.8261 0))",2661107,Verde,Línea,3
"MULTILINESTRING Z ((443460.5723 4477552.6594 0,443465.6557 4477577.1594 0))",2661108,Verde,Línea,5
"MULTILINESTRING Z ((443356.5723 4477592.7983 0,443357.9612 4477598.465 0))",2661109,Verde,Batería,2
"MULTILINESTRING Z ((442226.5723 4475776.4927 0,442230.989 4475838.5761 0))",2661110,Verde,Línea,13
"MULTILINESTRING Z ((442234.739 4475769.9094 0,442236.6557 4475792.8261 0))",2661112,Verde,Batería,8
"MULTILINESTRING Z ((442238.489 4475819.0761 0,442237.1557 4475800.4927 0))",2661113,Verde,Batería,7
"MULTILINESTRING Z ((441694.8223 4475847.4094 0,441718.0723 4475845.9094 0))",2661114,Verde,Línea,5
"MULTILINESTRING Z ((443771.4057 4477615.7427 0,443763.3223 4477631.5761 0))",2661115,Verde,Línea,3
"MULTILINESTRING Z ((443775.239 4477625.6594 0,443771.739 4477632.4094 0))",2661118,Verde,Línea,1
"MULTILINESTRING Z ((443835.489 4477509.9094 0,443825.0723 4477529.3261 0))",2661119,Verde,Línea,5
"MULTILINESTRING Z ((443772.989 4477455.2427 0,443748.5723 4477501.8261 0))",2661121,Verde,Batería,21
"MULTILINESTRING Z ((441852.739 4475746.4927 0,441846.739 4475746.9927 0))",2661130,Azul,Línea,1
"MULTILINESTRING Z ((442120.5723 4475668.9094 0,442116.5723 4475616.5761 0))",2661132,Verde,Línea,11
"MULTILINESTRING Z ((442230.9057 4475707.9094 0,442229.489 4475688.3261 0))",2661135,Verde,Batería,7
"MULTILINESTRING Z ((442945.9057 4477216.9927 0,442949.989 4477220.8261 0))",2661136,Verde,Batería,2
"MULTILINESTRING Z ((443310.1557 4477281.5761 0,443303.4057 4477247.8261 0))",2661137,Verde,Línea,7
"MULTILINESTRING Z ((442045.5723 4475611.3261 0,442098.5723 4475607.7427 0))",2661146,Verde,Línea,11
"MULTILINESTRING Z ((443490.489 4477361.7427 0,443530.5723 4477353.3261 0))",2661151,Verde,Línea,9
"MULTILINESTRING Z ((443612.4057 4477365.7427 0,443619.489 4477399.2427 0))",2661152,Verde,Batería,13
"MULTILINESTRING Z ((443595.4057 4477281.5761 0,443605.989 4477332.4094 0,443611.6557 4477360.1594 0))",2661157,Verde,Batería,30
"MULTILINESTRING Z ((443571.9057 4477235.9511 0,443561.9057 4477237.2011 0))",2661164,Azul,Batería,3
"MULTILINESTRING Z ((443526.2807 4477244.2011 0,443550.9057 4477238.8261 0,443554.4057 4477238.5761 0))",2661165,Azul,Batería,12
"MULTILINESTRING Z ((443738.5307 4477295.9511 0,443760.5307 4477305.5761 0,443764.9057 4477307.8261 0,443767.6557 4477309.3261 0,443768.1557 4477309.7011 0))",2661175,Azul,Línea,6
"MULTILINESTRING Z ((443769.5307 4477310.4511 0,443775.5307 4477314.8261 0,443782.7807 4477321.3261 0,443786.6557 4477325.3261 0))",2661177,Azul,Batería,6
"MULTILINESTRING Z ((442590.6557 4477042.3261 0,442602.0307 4477027.4511 0))",2661180,Verde,Línea,3
"MULTILINESTRING Z ((442985.3223 4477098.1594 0,442990.4057 4477102.9094 0))",2661191,Verde,Línea,1
"MULTILINESTRING Z ((443134.5723 4477074.1594 0,443137.6557 4477076.3261 0))",2661205,Azul,Batería,1
"MULTILINESTRING Z ((443236.489 4477028.5761 0,443240.9057 4477031.7427 0))",2661206,Verde,Batería,2
"MULTILINESTRING Z ((443384.5168 4477518.9094 0,443388.1094 4477518.1316 0))",2661211,Verde,Batería,2
"MULTILINESTRING Z ((440812.489 4472623.9927 0,440866.4057 4472619.7427 0))",2661212,Verde,Línea,11
"MULTILINESTRING Z ((442464.739 4472994.7427 0,442480.4057 4472985.9094 0))",2661216,Verde,Batería,6
"MULTILINESTRING Z ((439495.1557 4475984.4927 0,439494.6557 4475977.4927 0))",2661221,Azul,Línea,1
"MULTILINESTRING Z ((442470.1464 4476812.502 0,442477.1094 4476812.1316 0))",2661223,Verde,Batería,2
"MULTILINESTRING Z ((442483.2205 4476813.4279 0,442480.702 4476812.6131 0,442477.6279 4476812.1316 0))",2661225,Verde,Batería,2
"MULTILINESTRING Z ((441473.489 4475645.5761 0,441463.1557 4475646.4094 0))",2661227,Verde,Línea,2
"MULTILINESTRING Z ((441441.3223 4475647.4927 0,441457.6557 4475646.4927 0))",2661228,Verde,Línea,3
"MULTILINESTRING Z ((442454.8501 4476901.8724 0,442466.702 4476900.8353 0))",2661235,Verde,Línea,2
"MULTILINESTRING Z ((442612.0723 4476860.5205 0,442670.4057 4476905.2427 0))",2661237,Verde,Línea,15
"MULTILINESTRING Z ((442730.239 4476798.2427 0,442726.1557 4476795.5761 0))",2661240,Verde,Línea,1
"MULTILINESTRING Z ((442825.6557 4476800.0761 0,442828.3223 4476801.7427 0))",2661243,Azul,Línea,1
"MULTILINESTRING Z ((443460.239 4477732.0761 0,443483.3223 4477747.6594 0))",2661275,Verde,Batería,11
"MULTILINESTRING Z ((443640.4057 4477462.7011 0,443757.7807 4477438.0761 0))",2661307,Verde,Línea,24
"MULTILINESTRING Z ((443802.9057 4477555.2427 0,443806.9057 4477547.5761 0))",2661308,Verde,Línea,2
"MULTILINESTRING Z ((442902.489 4477255.1594 0,442911.5723 4477264.5761 0,442914.239 4477266.9094 0))",2661310,Verde,Línea,3
"MULTILINESTRING Z ((441080.0723 4476422.4094 0,441080.4057 4476425.5761 0))",2661335,Verde,Batería,1
"MULTILINESTRING Z ((440931.1557 4471919.5761 0,440894.989 4471901.0761 0))",2661337,Verde,Línea,9
"MULTILINESTRING Z ((440886.4057 4471896.4094 0,440895.239 4471900.9094 0))",2661338,Verde,Línea,2
"MULTILINESTRING Z ((441263.989 4472740.4927 0,441263.4057 4472730.6594 0))",2661342,Verde,Línea,2
"MULTILINESTRING Z ((441258.239 4472678.7427 0,441258.8223 4472684.9927 0))",2661343,Verde,Línea,1
"MULTILINESTRING Z ((441258.739 4472685.3261 0,441259.5723 4472693.9094 0))",2661344,Verde,Línea,2
"MULTILINESTRING Z ((442291.2104 4471396.5138 0,442306.6425 4471399.9743 0))",2661349,Azul,Línea,3
"MULTILINESTRING Z ((441389.1557 4472578.5162 0,441399.8223 4472577.8495 0))",2661350,Verde,Línea,2
"MULTILINESTRING Z ((441261.8476 4481519.3091 0,441259.0895 4481510.5885 0))",2661367,Verde,Batería,4
"MULTILINESTRING Z ((442710.8223 4480585.9094 0,442709.989 4480593.5761 0))",2661632,Verde,Línea,2
"MULTILINESTRING Z ((442715.489 4480564.9927 0,442713.489 4480585.0761 0))",2661634,Verde,Línea,4
"MULTILINESTRING Z ((438390.1923 4473562.3709 0,438390.6433 4473560.2961 0))",2661645,Verde,Batería,1
"MULTILINESTRING Z ((442193.9057 4480157.1594 0,442191.489 4480167.1594 0))",2661646,Verde,Línea,2
"MULTILINESTRING Z ((442195.5723 4480150.7427 0,442194.4057 4480155.4094 0))",2661648,Verde,Línea,1
"MULTILINESTRING Z ((443582.4057 4477512.5761 0,443583.9057 4477519.6594 0))",2661655,Verde,Línea,1
"MULTILINESTRING Z ((442215.5723 4479871.4094 0,442192.8223 4479869.1594 0))",2661664,Verde,Línea,4
"MULTILINESTRING Z ((442009.239 4481125.6594 0,442029.9057 4481219.9094 0))",2661668,Verde,Batería,40
"MULTILINESTRING Z ((442019.489 4481251.9094 0,442017.8223 4481243.9094 0))",2661670,Verde,Batería,3
"MULTILINESTRING Z ((442016.0723 4481234.6594 0,442017.489 4481242.4927 0))",2661671,Verde,Batería,3
"MULTILINESTRING Z ((441999.6557 4481159.9094 0,441998.6557 4481154.8261 0))",2661672,Verde,Batería,2
"MULTILINESTRING Z ((442492.9057 4479173.6594 0,442528.239 4479162.0761 0))",2661677,Verde,Línea,8
"MULTILINESTRING Z ((441965.6557 4481111.5761 0,441967.0723 4481118.3261 0))",2661680,Azul,Línea,1
"MULTILINESTRING Z ((441966.989 4480713.9927 0,441968.489 4480722.0761 0))",2661683,Verde,Línea,1
"MULTILINESTRING Z ((440900.8501 4477148.3538 0,440939.6649 4477145.5761 0))",2661695,Verde,Línea,8
"MULTILINESTRING Z ((441792.989 4479991.5761 0,441790.0723 4480004.9094 0))",2661722,Azul,Línea,3
"MULTILINESTRING Z ((440703.6649 4476812.3168 0,440702.9983 4476802.7242 0))",2661727,Verde,Línea,2
"MULTILINESTRING Z ((441980.0723 4480166.7427 0,441938.239 4480196.9927 0))",2661747,Verde,Línea,10
"MULTILINESTRING Z ((442013.739 4480396.6594 0,442013.4057 4480406.2427 0))",2661773,Azul,Línea,2
"MULTILINESTRING Z ((441918.989 4476406.1594 0,441939.6557 4476404.4927 0))",2661776,Verde,Línea,4
"MULTILINESTRING Z ((441984.4057 4476392.0761 0,441990.239 4476391.7427 0))",2661779,Verde,Batería,2
"MULTILINESTRING Z ((441995.239 4476391.4094 0,442002.4057 4476390.9094 0))",2661781,Verde,Batería,3
"MULTILINESTRING Z ((441661.4057 4479405.7427 0,441669.739 4479405.1594 0))",2661787,Azul,Batería,4
"MULTILINESTRING Z ((441834.989 4480316.6594 0,441825.6557 4480274.7427 0))",2661796,Azul,Batería,16
"MULTILINESTRING Z ((442243.4057 4475882.4094 0,442244.8223 4475901.9094 0))",2661990,Verde,Batería,8
"MULTILINESTRING Z ((439416.4057 4476435.5761 0,439413.239 4476379.2427 0))",2662043,Verde,Línea,11
"MULTILINESTRING Z ((439424.5307 4476573.5761 0,439423.7807 4476557.9511 0))",2662045,Azul,Línea,3
"MULTILINESTRING Z ((439672.739 4476520.4094 0,439671.0723 4476494.4927 0))",2662047,Verde,Línea,5
"MULTILINESTRING Z ((439312.6557 4476230.1594 0,439317.739 4476318.1594 0))",2662050,Verde,Línea,17
"MULTILINESTRING Z ((439304.739 4476140.6594 0,439308.4057 4476205.8261 0))",2662052,Verde,Batería,22
"MULTILINESTRING Z ((439332.1557 4476548.5761 0,439330.9057 4476529.2427 0))",2662054,Azul,Línea,4
"MULTILINESTRING Z ((440760.4057 4472170.7427 0,440763.9057 4472201.4927 0))",2662078,Azul,Línea,6
"MULTILINESTRING Z ((443068.6247 4473334.3422 0,443068.8817 4473322.8628 0))",2662103,Verde,Línea,2
"MULTILINESTRING Z ((441108.489 4472911.4094 0,441078.489 4472914.2427 0))",2662152,Verde,Línea,6
"MULTILINESTRING Z ((443087.3577 4472762.3572 0,443097.7424 4472755.2767 0))",2662162,Verde,Línea,2
"MULTILINESTRING Z ((443095.239 4472751.4927 0,443119.9057 4472734.9094 0))",2662164,Verde,Batería,11
"MULTILINESTRING Z ((443084.8223 4472758.5761 0,443094.3223 4472752.2427 0))",2662165,Verde,Batería,3
"MULTILINESTRING Z ((439897.5044 4480797.4869 0,439920.2315 4480803.5555 0))",2662302,Verde,Batería,10
"MULTILINESTRING Z ((439159.8223 4474841.7427 0,439164.6557 4474838.3261 0,439170.1557 4474835.3261 0,439178.0723 4474832.1594 0,439184.989 4474830.2427 0,439194.8223 4474828.5761 0,439203.4057 4474828.3261 0,439214.0723 4474829.3261 0))",2662342,Verde,Línea,11
"MULTILINESTRING Z ((441451.0168 4476435.7427 0,441445.739 4476436.1872 0))",2662350,Azul,Línea,1
"MULTILINESTRING Z ((441074.3223 4471998.2427 0,441077.3223 4472029.5761 0))",2662352,Azul,Línea,6
"MULTILINESTRING Z ((441079.239 4472049.5761 0,441078.1557 4472037.0761 0))",2662353,Azul,Línea,3
"MULTILINESTRING Z ((438677.1557 4475934.9927 0,438623.5723 4475906.6594 0))",2662424,Verde,Línea,12
"MULTILINESTRING Z ((441276.1557 4472582.4927 0,441316.5723 4472579.0761 0))",2662477,Verde,Línea,8
"MULTILINESTRING Z ((442503.0401 4474113.0942 0,442492.5175 4474152.5319 0))",2662478,Verde,Línea,8
"MULTILINESTRING Z ((439230.0168 4474827.0205 0,439239.4612 4474805.7983 0))",2662495,Verde,Línea,4
"MULTILINESTRING Z ((438413.6889 4473983.7816 0,438409.7718 4474009.3148 0))",2662739,Verde,Línea,5
"MULTILINESTRING Z ((441047.6557 4472849.5761 0,441035.9057 4472850.5761 0))",2662756,Verde,Línea,3
"MULTILINESTRING Z ((442090.6567 4481254.7654 0,442085.7843 4481224.2469 0,442045.381 4480974.1316 0))",2662760,Verde,Línea,60
"MULTILINESTRING Z ((440963.3069 4476645.6378 0,440969.776 4476645.1687 0))",2662765,Verde,Línea,1
"MULTILINESTRING Z ((440981.9598 4479297.1742 0,440987.0353 4479310.7242 0))",2662771,Verde,Línea,3
"MULTILINESTRING Z ((443042.8131 4478163.9835 0,443057.0723 4478168.3538 0))",2662777,Verde,Línea,3
"MULTILINESTRING Z ((443074.6896 4478173.7366 0,443062.9612 4478170.1563 0))",2662778,Verde,Línea,2
"MULTILINESTRING Z ((442629.4057 4476306.0205 0,442630.4612 4476321.0761 0))",2662802,Verde,Línea,3
"MULTILINESTRING Z ((442877.1834 4476250.1316 0,442871.2946 4476244.1872 0))",2662804,Verde,Batería,3
"MULTILINESTRING Z ((440044.9961 4479915.9423 0,440046.6349 4479921.1073 0))",2662807,Verde,Línea,1
"MULTILINESTRING Z ((440039.2092 4479897.5354 0,440041.1186 4479903.5784 0))",2662808,Verde,Línea,1
"MULTILINESTRING Z ((440037.051 4479890.7243 0,440038.6093 4479895.6186 0))",2662809,Verde,Línea,1
"MULTILINESTRING Z ((440034.953 4479884.0713 0,440036.5307 4479888.8261 0))",2662810,Verde,Línea,1
"MULTILINESTRING Z ((440032.7807 4479877.3261 0,440034.2807 4479882.0761 0))",2662811,Verde,Línea,1
"MULTILINESTRING Z ((440020.4072 4479837.8374 0,440021.8084 4479842.3379 0))",2662812,Verde,Línea,1
"MULTILINESTRING Z ((440013.5723 4479816.2427 0,440015.2946 4479821.6316 0))",2662813,Verde,Línea,1
"MULTILINESTRING Z ((440017.4612 4479828.465 0,440015.9057 4479823.6316 0))",2662815,Verde,Línea,1
"MULTILINESTRING Z ((440018.1793 4479830.6831 0,440019.7946 4479835.6872 0))",2662817,Verde,Línea,1
"MULTILINESTRING Z ((439983.3316 4479720.2304 0,439985.3288 4479726.5953 0))",2662818,Verde,Línea,1
"MULTILINESTRING Z ((439985.8775 4479728.3621 0,439987.4249 4479733.2784 0))",2662819,Verde,Línea,1
"MULTILINESTRING Z ((439987.9584 4479734.9567 0,439989.6557 4479739.9511 0))",2662820,Verde,Línea,1
"MULTILINESTRING Z ((439990.0665 4479741.6549 0,439991.676 4479746.7402 0))",2662821,Verde,Línea,1
"MULTILINESTRING Z ((439992.239 4479748.5205 0,439993.7946 4479753.4094 0))",2662822,Verde,Línea,1
"MULTILINESTRING Z ((439994.4612 4479755.1872 0,439995.9612 4479760.0761 0))",2662823,Verde,Línea,1
"MULTILINESTRING Z ((439996.4612 4479761.9094 0,439997.9612 4479766.6872 0))",2662824,Verde,Línea,1
"MULTILINESTRING Z ((439998.5723 4479768.6316 0,440000.0723 4479773.4094 0))",2662825,Verde,Línea,1
"MULTILINESTRING Z ((440000.6279 4479775.2983 0,440002.1834 4479780.0761 0))",2662826,Verde,Línea,1
"MULTILINESTRING Z ((440002.6834 4479781.8538 0,440004.239 4479786.7983 0))",2662827,Verde,Línea,1
"MULTILINESTRING Z ((440713.6526 4478707.3086 0,440727.2987 4478703.1934 0))",2662830,Azul,Línea,3
"MULTILINESTRING Z ((440038.7939 4479921.1632 0,440037.2904 4479916.4005 0))",2662834,Verde,Línea,1
"MULTILINESTRING Z ((440036.6814 4479914.4032 0,440035.2164 4479909.86 0))",2662835,Verde,Línea,1
"MULTILINESTRING Z ((440550.0723 4478628.6008 0,440567.2822 4478625.8353 0))",2662836,Verde,Línea,3
"MULTILINESTRING Z ((440034.547 4479907.7091 0,440033.1094 4479903.133 0))",2662837,Verde,Línea,1
"MULTILINESTRING Z ((440030.9695 4479896.3731 0,440032.4619 4479901.0699 0))",2662839,Verde,Línea,1
"MULTILINESTRING Z ((440028.8625 4479889.679 0,440030.1557 4479894.2011 0))",2662840,Verde,Línea,1
"MULTILINESTRING Z ((440483.8995 4478569.4403 0,440506.0723 4478562.9711 0))",2662841,Verde,Línea,4
"MULTILINESTRING Z ((440026.5662 4479882.5267 0,440028.1557 4479887.7011 0))",2662842,Verde,Línea,1
"MULTILINESTRING Z ((440015.2946 4479846.7427 0,440013.9612 4479842.4094 0))",2662844,Verde,Línea,1
"MULTILINESTRING Z ((440013.3501 4479840.4094 0,440011.739 4479835.6872 0))",2662845,Verde,Línea,1
"MULTILINESTRING Z ((440011.1834 4479833.6316 0,440009.739 4479829.1316 0))",2662846,Verde,Línea,1
"MULTILINESTRING Z ((440610.6073 4478613.6131 0,440605.7349 4478614.4032 0))",2662850,Verde,Línea,1
"MULTILINESTRING Z ((440005.3501 4479815.465 0,440006.9057 4479820.4094 0))",2662852,Verde,Línea,1
"MULTILINESTRING Z ((439977.0353 4479725.4897 0,439975.489 4479720.6594 0))",2662854,Verde,Línea,1
"MULTILINESTRING Z ((439979.2081 4479732.2304 0,439977.6526 4479727.4403 0))",2662855,Verde,Línea,1
"MULTILINESTRING Z ((439981.2822 4479738.9464 0,439979.8007 4479734.2304 0))",2662856,Verde,Línea,1
"MULTILINESTRING Z ((440587.7267 4478441.3168 0,440591.1094 4478455.7613 0,440590.9612 4478456.5514 0,440589.4057 4478459.5143 0))",2662857,Verde,Batería,8
"MULTILINESTRING Z ((439983.3563 4479745.4403 0,439981.9983 4479741.1193 0))",2662858,Verde,Línea,1
"MULTILINESTRING Z ((439985.5374 4479752.2798 0,439983.99 4479747.4403 0))",2662860,Verde,Línea,1
"MULTILINESTRING Z ((439987.6443 4479759.0287 0,439986.0806 4479754.0905 0))",2662861,Verde,Línea,1
"MULTILINESTRING Z ((439989.7349 4479765.679 0,439988.1876 4479760.7901 0))",2662862,Verde,Línea,1
"MULTILINESTRING Z ((439990.3549 4479767.539 0,439991.8583 4479772.4005 0))",2662863,Verde,Línea,1
"MULTILINESTRING Z ((439993.9434 4479778.9849 0,439992.407 4479774.1234 0))",2662864,Verde,Línea,1
"MULTILINESTRING Z ((439994.4921 4479780.823 0,439996.0246 4479785.5456 0))",2662866,Verde,Línea,1
"MULTILINESTRING Z ((439996.6539 4479787.5774 0,439998.557 4479793.3974 0))",2662867,Verde,Línea,1
"MULTILINESTRING Z ((440841.669 4478616.7901 0,440839.8913 4478594.1728 0))",2662873,Verde,Batería,8
"MULTILINESTRING Z ((441080.1834 4478494.2427 0,441078.2946 4478470.6872 0))",2662877,Verde,Batería,9
"MULTILINESTRING Z ((441076.1473 4478443.7964 0,441077.9617 4478466.8576 0))",2662878,Verde,Batería,8
"MULTILINESTRING Z ((441099.9736 4478491.6131 0,441098.739 4478477.4156 0))",2662882,Azul,Batería,5
"MULTILINESTRING Z ((441136.9612 4478490.8971 0,441160.3439 4478488.9464 0))",2662883,Verde,Batería,9
"MULTILINESTRING Z ((441108.632 4478619.7969 0,441107.1019 4478600.0957 0))",2662892,Azul,Batería,8
"MULTILINESTRING Z ((441106.315 4478590.0427 0,441106.8515 4478596.8872 0))",2662893,Azul,Batería,3
"MULTILINESTRING Z ((441103.2822 4478550.9464 0,441104.8295 4478570.9135 0))",2662894,Azul,Batería,8
"MULTILINESTRING Z ((441088.429 4478589.4979 0,441089.9324 4478608.3511 0))",2662895,Verde,Batería,7
"MULTILINESTRING Z ((441086.5305 4478565.7283 0,441087.0243 4478572.1481 0))",2662898,Verde,Batería,2
"MULTILINESTRING Z ((440511.0572 4478425.9204 0,440515.5127 4478425.229 0))",2662900,Verde,Línea,1
"MULTILINESTRING Z ((440927.6718 4478267.5335 0,440924.9057 4478267.7427 0))",2662901,Verde,Batería,1
"MULTILINESTRING Z ((441083.4304 4478300.3045 0,441085.8254 4478329.144 0))",2662904,Azul,Batería,11
"MULTILINESTRING Z ((441067.739 4478333.0761 0,441068.3501 4478341.2983 0))",2662907,Verde,Batería,3
"MULTILINESTRING Z ((441070.4674 4478368.3292 0,441068.6896 4478345.6378 0))",2662910,Verde,Batería,9
"MULTILINESTRING Z ((441091.6773 4478389.2674 0,441090.9859 4478380.7489 0))",2662916,Azul,Batería,4
"MULTILINESTRING Z ((441088.9057 4478353.7983 0,441090.739 4478377.7427 0))",2662917,Azul,Batería,10
"MULTILINESTRING Z ((440734.2946 4478018.3168 0,440736.2575 4478042.0205 0))",2662926,Verde,Línea,5
"MULTILINESTRING Z ((440503.5291 4477746.8724 0,440528.1464 4477745.3662 0))",2662945,Verde,Batería,9
"MULTILINESTRING Z ((442118.739 4471887.3261 0,442128.5723 4471895.6594 0))",2662946,Verde,Batería,4
"MULTILINESTRING Z ((442154.989 4471917.6594 0,442130.739 4471897.5761 0))",2662948,Verde,Batería,13
"MULTILINESTRING Z ((440557.9489 4477743.0452 0,440563.3316 4477742.6831 0))",2662958,Verde,Batería,3
"MULTILINESTRING Z ((440752.6155 4477729.3909 0,440736.1711 4477730.3045 0))",2662965,Verde,Batería,6
"MULTILINESTRING Z ((442355.6557 4474591.0761 0,442346.6557 4474623.5761 0))",2663003,Azul,Línea,7
"MULTILINESTRING Z ((442346.9057 4474623.8261 0,442323.2807 4474711.4511 0))",2663004,Azul,Línea,18
"MULTILINESTRING Z ((439446.9057 4473502.2427 0,439475.8223 4473424.6594 0))",2663011,Verde,Línea,17
"MULTILINESTRING Z ((439446.739 4473502.5761 0,439437.3223 4473528.9094 0))",2663012,Verde,Línea,5
"MULTILINESTRING Z ((439548.239 4473280.9094 0,439558.489 4473263.8261 0))",2663013,Verde,Línea,4
"MULTILINESTRING Z ((440343.9983 4479622.7983 0,440352.1557 4479621.9511 0))",2663035,Verde,Batería,3
"MULTILINESTRING Z ((440764.3522 4481956.823 0,440760.1546 4481964.2633 0))",2663038,Verde,Batería,3
"MULTILINESTRING Z ((440770.0476 4481956.9218 0,440776.2205 4481960.4773 0))",2663039,Verde,Línea,1
"MULTILINESTRING Z ((440757.6279 4481978.6748 0,440764.6896 4481982.7983 0))",2663040,Verde,Línea,1
"MULTILINESTRING Z ((440770.2699 4481982.7242 0,440776.4674 4481971.7119 0))",2663041,Verde,Batería,5
"MULTILINESTRING Z ((440829.1094 4476655.2057 0,440864.9242 4476652.6872 0))",2663063,Verde,Línea,7
"MULTILINESTRING Z ((443582.1718 4474809.3827 0,443586.8188 4474809.3827 0))",2663126,Verde,Línea,1
"MULTILINESTRING Z ((444098.9057 4475828.1872 0,444084.5168 4475835.9094 0))",2663156,Azul,Línea,3
"MULTILINESTRING Z ((444794.239 4477407.6594 0,444798.989 4477402.3261 0))",2663171,Verde,Línea,1
"MULTILINESTRING Z ((444892.239 4477618.0761 0,444913.6557 4477590.9927 0,444923.239 4477580.7427 0,444932.5723 4477571.0761 0))",2663172,Verde,Línea,11
"MULTILINESTRING Z ((444477.6557 4477292.9927 0,444482.739 4477281.3261 0))",2663173,Azul,Línea,1
"MULTILINESTRING Z ((444742.989 4477382.8261 0,444738.8223 4477366.3261 0))",2663174,Verde,Línea,2
"MULTILINESTRING Z ((444845.3223 4477206.9094 0,444853.6557 4477208.4927 0,444858.5723 4477209.7427 0))",2663176,Verde,Línea,2
"MULTILINESTRING Z ((444768.9057 4476908.6594 0,444772.3223 4476921.4927 0))",2663182,Verde,Batería,7
"MULTILINESTRING Z ((444156.0723 4475790.6872 0,444168.1279 4475783.7983 0))",2663183,Azul,Línea,2
"MULTILINESTRING Z ((444759.6557 4476725.6594 0,444795.3223 4476748.3261 0))",2663184,Verde,Línea,8
"MULTILINESTRING Z ((444201.06 4475782.2304 0,444196.739 4475784.6748 0))",2663185,Verde,Línea,1
"MULTILINESTRING Z ((444804.489 4476762.4094 0,444788.9057 4476786.9094 0))",2663186,Verde,Línea,4
"MULTILINESTRING Z ((444234.739 4475782.2427 0,444226.739 4475829.0761 0))",2663187,Verde,Línea,9
"MULTILINESTRING Z ((444230.3192 4475866.4279 0,444228.3686 4475877.4403 0))",2663189,Azul,Línea,2
"MULTILINESTRING Z ((444234.6649 4475841.5884 0,444233.3316 4475849.1934 0))",2663194,Azul,Línea,1
"MULTILINESTRING Z ((444237.2205 4475826.9835 0,444238.8871 4475817.5761 0))",2663195,Azul,Línea,2
"MULTILINESTRING Z ((442493.6557 4474381.0995 0,442494.739 4474394.0162 0))",2663198,Azul,Batería,4
"MULTILINESTRING Z ((444270.6834 4475888.2427 0,444254.4612 4475885.465 0))",2663203,Azul,Línea,3
"MULTILINESTRING Z ((444292.9612 4475886.3538 0,444294.739 4475876.2427 0))",2663204,Verde,Línea,2
"MULTILINESTRING Z ((444296.1834 4475868.2057 0,444298.8871 4475852.7242 0))",2663205,Verde,Línea,3
"MULTILINESTRING Z ((444462.1279 4477027.4094 0,444463.1834 4477022.1316 0))",2663206,Verde,Línea,1
"MULTILINESTRING Z ((444299.9057 4475847.2011 0,444301.6557 4475836.7011 0))",2663207,Verde,Línea,2
"MULTILINESTRING Z ((444303.0353 4475829.0576 0,444303.9242 4475824.0576 0))",2663208,Verde,Línea,1
"MULTILINESTRING Z ((444405.0307 4477260.7011 0,444395.0307 4477282.7011 0))",2663210,Verde,Línea,5
"MULTILINESTRING Z ((444269.2807 4477355.8261 0,444286.6557 4477349.2011 0))",2663212,Verde,Línea,3
"MULTILINESTRING Z ((444295.739 4477053.0761 0,444286.489 4477048.9927 0,444283.0723 4477048.2427 0,444282.239 4477048.2427 0))",2663216,Verde,Batería,5
"MULTILINESTRING Z ((444289.0723 4477035.1594 0,444314.1557 4477046.0761 0))",2663217,Verde,Batería,11
"MULTILINESTRING Z ((444482.8223 4476954.1594 0,444472.9057 4476966.4927 0,444471.0723 4476971.4927 0))",2663219,Verde,Batería,10
"MULTILINESTRING Z ((444461.5307 4476858.7011 0,444450.0307 4476853.3261 0))",2663222,Verde,Batería,5
"MULTILINESTRING Z ((444558.529 4476682.5476 0,444604.1957 4476710.9365 0))",2663225,Verde,Batería,20
"MULTILINESTRING Z ((444511.239 4476834.0761 0,444547.489 4476776.9094 0))",2663226,Verde,Batería,26
"MULTILINESTRING Z ((444508.1834 4476839.2798 0,444507.5168 4476840.3538 0))",2663227,Verde,Batería,2
"MULTILINESTRING Z ((444413.8223 4476591.2427 0,444421.989 4476558.6594 0))",2663228,Verde,Línea,6
"MULTILINESTRING Z ((444319.6557 4476585.9094 0,444342.1557 4476591.7427 0))",2663229,Verde,Batería,9
"MULTILINESTRING Z ((444240.1755 4476383.1667 0,444276.9887 4476376.7013 0))",2663231,Verde,Línea,7
"MULTILINESTRING Z ((444238.739 4476533.9094 0,444233.0723 4476499.7427 0,444227.0723 4476467.3261 0))",2663232,Verde,Batería,30
"MULTILINESTRING Z ((444391.4057 4476736.5761 0,444395.4057 4476720.0761 0))",2663233,Verde,Batería,7
"MULTILINESTRING Z ((444399.2807 4476622.2011 0,444401.7807 4476624.7011 0,444402.2807 4476625.0761 0))",2663234,Verde,Línea,1
"MULTILINESTRING Z ((444248.9057 4476626.5761 0,444255.1557 4476644.5761 0,444257.5307 4476651.8261 0,444259.9057 4476661.2011 0))",2663235,Azul,Línea,7
"MULTILINESTRING Z ((444316.3501 4475804.7983 0,444319.6279 4475786.1316 0))",2663260,Verde,Batería,5
"MULTILINESTRING Z ((444313.8501 4475819.465 0,444312.2946 4475828.4094 0))",2663261,Verde,Batería,3
"MULTILINESTRING Z ((444310.6279 4475838.2427 0,444306.239 4475863.7427 0))",2663262,Verde,Batería,8
"MULTILINESTRING Z ((444302.239 4475886.8261 0,444305.239 4475869.2427 0))",2663263,Verde,Batería,7
"MULTILINESTRING Z ((444315.4139 4475900.3456 0,444332.0168 4475903.3538 0,444340.3501 4475904.7427 0))",2663264,Azul,Línea,5
"MULTILINESTRING Z ((444373.8501 4475864.9958 0,444376.4674 4475850.0329 0))",2663267,Verde,Línea,3
"MULTILINESTRING Z ((444377.4797 4475844.2427 0,444379.2946 4475833.7242 0))",2663271,Verde,Línea,2
"MULTILINESTRING Z ((444383.8501 4475807.465 0,444380.2946 4475828.0205 0))",2663279,Verde,Línea,4
"MULTILINESTRING Z ((439493.1557 4481019.6594 0,439485.6557 4481048.1594 0))",2663291,Verde,Línea,7
"MULTILINESTRING Z ((439483.4057 4481056.2427 0,439477.0723 4481080.4927 0))",2663292,Verde,Línea,6
"MULTILINESTRING Z ((439487.7513 4481090.3785 0,439479.702 4481120.8477 0))",2663296,Verde,Batería,14
"MULTILINESTRING Z ((439447.0723 4481190.4094 0,439453.989 4481162.9927 0))",2663297,Verde,Línea,6
"MULTILINESTRING Z ((439397.1557 4481119.4094 0,439428.9057 4481127.4094 0))",2663304,Verde,Batería,13
"MULTILINESTRING Z ((439339.6557 4481095.8261 0,439391.7807 4481109.2011 0))",2663305,Verde,Línea,10
"MULTILINESTRING Z ((439437.0307 4481120.7011 0,439399.7807 4481111.4511 0))",2663306,Verde,Línea,8
"MULTILINESTRING Z ((444374.9612 4475796.8538 0,444358.3501 4475792.3538 0))",2663316,Verde,Línea,3
"MULTILINESTRING Z ((444326.0723 4475779.7427 0,444352.1279 4475786.7983 0))",2663317,Verde,Línea,6
"MULTILINESTRING Z ((444386.2205 4475836.3909 0,444387.1464 4475831.1316 0))",2663323,Verde,Línea,1
"MULTILINESTRING Z ((444387.9057 4475827.2427 0,444388.8223 4475821.8261 0))",2663325,Verde,Línea,1
"MULTILINESTRING Z ((444389.5723 4475817.4927 0,444391.239 4475808.0761 0))",2663328,Verde,Línea,2
"MULTILINESTRING Z ((444445.4057 4475888.3909 0,444446.739 4475880.539 0))",2663333,Azul,Línea,1
"MULTILINESTRING Z ((444454.8131 4475833.0946 0,444453.8254 4475838.8724 0))",2663336,Azul,Línea,1
"MULTILINESTRING Z ((444456.5662 4475822.7325 0,444455.5785 4475828.5432 0))",2663337,Azul,Línea,1
"MULTILINESTRING Z ((444400.7696 4475799.9603 0,444450.0852 4475813.4611 0))",2663338,Verde,Línea,10
"MULTILINESTRING Z ((444448.739 4475915.0761 0,444452.239 4475893.9094 0))",2663340,Verde,Línea,4
"MULTILINESTRING Z ((444461.2807 4475922.5761 0,444473.0307 4475924.5761 0))",2663341,Azul,Línea,2
"MULTILINESTRING Z ((444473.0307 4475927.7011 0,444497.4057 4475932.2011 0))",2663342,Azul,Línea,5
"MULTILINESTRING Z ((444519.6279 4475900.1872 0,444522.1279 4475885.3538 0))",2663344,Verde,Línea,3
"MULTILINESTRING Z ((444522.9242 4475880.6872 0,444523.8501 4475875.3909 0))",2663345,Verde,Línea,1
"MULTILINESTRING Z ((444529.5908 4475842.539 0,444532.8871 4475823.502 0))",2663348,Verde,Línea,3
"MULTILINESTRING Z ((444534.0905 4475816.2738 0,444544.7786 4475752.8948 0))",2663351,Verde,Línea,13
"MULTILINESTRING Z ((444536.739 4475700.9094 0,444549.6279 4475699.9094 0))",2663358,Verde,Línea,2
"MULTILINESTRING Z ((444536.4612 4475692.5205 0,444549.0723 4475691.6872 0))",2663360,Verde,Línea,2
"MULTILINESTRING Z ((444556.1557 4475733.9511 0,444560.1557 4475707.7011 0))",2663361,Verde,Línea,5
"MULTILINESTRING Z ((444588.5723 4475742.9094 0,444563.3501 4475738.465 0))",2663363,Verde,Línea,5
"MULTILINESTRING Z ((444546.6279 4475787.6316 0,444553.5168 4475748.4094 0))",2663365,Verde,Línea,8
"MULTILINESTRING Z ((444581.7946 4475764.4094 0,444583.7946 4475753.3538 0))",2663367,Verde,Línea,2
"MULTILINESTRING Z ((444579.1279 4475780.5761 0,444581.6279 4475766.1316 0))",2663368,Verde,Línea,3
"MULTILINESTRING Z ((444577.0723 4475792.9094 0,444579.0723 4475781.7983 0))",2663369,Verde,Línea,2
"MULTILINESTRING Z ((444591.5168 4475745.4094 0,444586.739 4475773.2983 0))",2663370,Verde,Línea,5
"MULTILINESTRING Z ((444586.0723 4475776.3261 0,444581.0723 4475804.6594 0))",2663371,Verde,Línea,5
"MULTILINESTRING Z ((444553.5723 4475800.5205 0,444579.4612 4475804.7427 0))",2663374,Verde,Línea,5
"MULTILINESTRING Z ((444541.4427 4475818.2427 0,444544.1464 4475801.8353 0))",2663375,Verde,Línea,3
"MULTILINESTRING Z ((444525.4427 4475909.2427 0,444526.5908 4475902.8353 0))",2663382,Azul,Línea,1
"MULTILINESTRING Z ((444522.2575 4475927.3909 0,444524.6279 4475913.9094 0))",2663383,Azul,Línea,3
"MULTILINESTRING Z ((444567.2807 4475941.0761 0,444577.0307 4475942.7011 0))",2663385,Azul,Línea,1
"MULTILINESTRING Z ((444594.5908 4475905.3168 0,444595.4057 4475900.502 0))",2663394,Verde,Línea,1
"MULTILINESTRING Z ((444597.2946 4475890.2427 0,444598.1834 4475884.965 0))",2663397,Verde,Línea,1
"MULTILINESTRING Z ((444600.1094 4475874.0576 0,444599.2205 4475879.0205 0))",2663398,Verde,Línea,1
"MULTILINESTRING Z ((444603.7946 4475853.965 0,444601.0168 4475869.2983 0))",2663399,Verde,Línea,3
"MULTILINESTRING Z ((444549.1557 4475827.6594 0,444597.4057 4475835.9927 0))",2663402,Verde,Línea,10
"MULTILINESTRING Z ((444607.5307 4475831.9511 0,444617.0307 4475777.9511 0))",2663403,Verde,Línea,11
"MULTILINESTRING Z ((444618.0307 4475773.7011 0,444627.5307 4475719.0761 0))",2663405,Verde,Línea,11
"MULTILINESTRING Z ((444628.3316 4475713.502 0,444629.6649 4475705.7983 0))",2663407,Verde,Línea,1
"MULTILINESTRING Z ((444628.5003 4475700.3456 0,444627.8254 4475705.2345 0))",2663408,Verde,Línea,1
"MULTILINESTRING Z ((444582.7946 4475697.1872 0,444624.5168 4475693.7427 0))",2663411,Verde,Línea,8
"MULTILINESTRING Z ((444567.9242 4475698.502 0,444573.4427 4475698.0576 0))",2663412,Verde,Línea,1
"MULTILINESTRING Z ((444680.0168 4475844.8538 0,444687.5723 4475801.7983 0))",2663420,Verde,Batería,15
"MULTILINESTRING Z ((444674.2699 4475849.1687 0,444657.06 4475846.1069 0))",2663422,Verde,Línea,4
"MULTILINESTRING Z ((444665.1834 4475927.5143 0,444664.6155 4475930.7242 0))",2663431,Verde,Batería,1
"MULTILINESTRING Z ((444737.739 4475948.2427 0,444739.8131 4475936.6501 0))",2663436,Verde,Línea,2
"MULTILINESTRING Z ((444748.9283 4475885.7119 0,444747.99 4475891.0123 0))",2663438,Verde,Línea,1
"MULTILINESTRING Z ((444752.0723 4475924.3538 0,444752.6155 4475921.4403 0))",2663441,Verde,Batería,1
"MULTILINESTRING Z ((444744.1834 4475968.1872 0,444749.5723 4475938.4094 0,444749.9057 4475936.965 0))",2663442,Verde,Batería,11
"MULTILINESTRING Z ((444753.5168 4475973.8538 0,444767.9176 4475976.4088 0))",2663443,Azul,Línea,3
"MULTILINESTRING Z ((444768.1557 4475979.4927 0,444798.4057 4475984.5761 0))",2663444,Azul,Línea,6
"MULTILINESTRING Z ((444821.6279 4475894.9094 0,444822.739 4475888.4094 0))",2663447,Verde,Línea,1
"MULTILINESTRING Z ((444817.8501 4475881.5761 0,444800.4057 4475878.8538 0))",2663448,Verde,Línea,3
"MULTILINESTRING Z ((444814.7807 4475977.3261 0,444820.9057 4475939.9511 0,444829.5307 4475889.9511 0))",2663450,Verde,Línea,18
"MULTILINESTRING Z ((444840.1711 4475981.9588 0,444841.8995 4475971.6378 0))",2663451,Verde,Línea,2
"MULTILINESTRING Z ((444855.4057 4475891.6131 0,444852.739 4475907.2798 0))",2663454,Verde,Línea,3
"MULTILINESTRING Z ((444838.739 4475884.6316 0,444850.1279 4475886.465 0))",2663455,Verde,Línea,2
"MULTILINESTRING Z ((444866.3223 4475882.8261 0,444863.8223 4475895.6594 0))",2663456,Azul,Línea,2
"MULTILINESTRING Z ((444862.989 4475900.6594 0,444861.739 4475907.4094 0))",2663457,Azul,Línea,1
"MULTILINESTRING Z ((444859.739 4475919.539 0,444858.5168 4475926.9094 0))",2663458,Azul,Línea,1
"MULTILINESTRING Z ((444857.5538 4475932.823 0,444856.7472 4475937.6131 0))",2663459,Azul,Línea,1
"MULTILINESTRING Z ((444869.3316 4475863.9341 0,444868.3933 4475869.7119 0))",2663461,Verde,Línea,1
"MULTILINESTRING Z ((444871.5168 4475848.7983 0,444870.7946 4475852.9094 0))",2663462,Verde,Línea,1
"MULTILINESTRING Z ((444876.4797 4475818.539 0,444873.9983 4475833.539 0))",2663463,Verde,Línea,3
"MULTILINESTRING Z ((444860.739 4475859.1193 0,444867.6526 4475817.3909 0))",2663471,Verde,Línea,9
"MULTILINESTRING Z ((444858.1217 4475874.9711 0,444859.8254 4475864.6995 0))",2663472,Verde,Línea,2
"MULTILINESTRING Z ((444839.8501 4475877.8538 0,444851.3501 4475879.465 0))",2663473,Verde,Línea,2
"MULTILINESTRING Z ((444834.489 4475871.5761 0,444836.489 4475859.9927 0))",2663474,Verde,Línea,2
"MULTILINESTRING Z ((444834.4921 4475859.2427 0,444841.4797 4475817.1193 0))",2663475,Verde,Línea,8
"MULTILINESTRING Z ((444865.8131 4475811.6872 0,444850.4427 4475811.539 0))",2663476,Verde,Batería,6
"MULTILINESTRING Z ((444833.8871 4475822.502 0,444828.1464 4475855.7613 0,444826.9983 4475862.4279 0))",2663478,Verde,Línea,8
"MULTILINESTRING Z ((444767.5908 4475866.8353 0,444793.1094 4475870.7242 0))",2663480,Verde,Línea,5
"MULTILINESTRING Z ((444696.3316 4475853.2427 0,444716.3686 4475857.1687 0))",2663488,Verde,Línea,4
"MULTILINESTRING Z ((444701.5723 4475800.2427 0,444727.8501 4475805.4094 0))",2663490,Verde,Batería,9
"MULTILINESTRING Z ((444755.4612 4475810.7427 0,444734.2946 4475806.6316 0))",2663491,Verde,Batería,7
"MULTILINESTRING Z ((444886.418 4475757.2921 0,444885.6526 4475762.0329 0))",2663494,Verde,Línea,1
"MULTILINESTRING Z ((444875.776 4475766.5761 0,444874.9983 4475771.2057 0))",2663496,Verde,Línea,1
"MULTILINESTRING Z ((444874.1464 4475741.6872 0,444873.776 4475741.6872 0,444867.3686 4475740.6872 0))",2663498,Verde,Línea,1
"MULTILINESTRING Z ((444826.9612 4475734.4279 0,444856.8871 4475739.0576 0))",2663499,Verde,Línea,6
"MULTILINESTRING Z ((444863.5723 4475789.2427 0,444825.3223 4475735.9927 0))",2663500,Verde,Línea,13
"MULTILINESTRING Z ((444723.3316 4475684.2427 0,444727.0723 4475688.7613 0))",2663503,Verde,Línea,1
"MULTILINESTRING Z ((444749.7267 4475716.0329 0,444756.0723 4475723.6872 0))",2663505,Verde,Línea,2
"MULTILINESTRING Z ((444760.9242 4475729.539 0,444784.739 4475758.2427 0))",2663506,Verde,Línea,7
"MULTILINESTRING Z ((444814.4797 4475794.0576 0,444811.3316 4475790.2798 0))",2663508,Verde,Línea,1
"MULTILINESTRING Z ((444739.0723 4475714.1316 0,444729.4797 4475702.5761 0,444723.9242 4475696.1687 0))",2663509,Verde,Línea,4
"MULTILINESTRING Z ((444760.2205 4475739.5637 0,444743.2822 4475719.1934 0))",2663510,Verde,Línea,5
"MULTILINESTRING Z ((444806.0723 4475795.4927 0,444802.489 4475791.1594 0,444768.0723 4475749.0761 0))",2663511,Verde,Línea,12
"MULTILINESTRING Z ((444753.6773 4475797.6131 0,444758.1958 4475798.4279 0))",2663513,Verde,Batería,2
"MULTILINESTRING Z ((444707.562 4475734.6008 0,444706.9859 4475739.1275 0))",2663516,Verde,Línea,1
"MULTILINESTRING Z ((444890.1135 4475734.5185 0,444893.6526 4475713.0699 0))",2663518,Verde,Línea,4
"MULTILINESTRING Z ((444894.5908 4475707.1193 0,444895.7513 4475699.8847 0))",2663519,Verde,Línea,1
"MULTILINESTRING Z ((444874.4427 4475734.7613 0,444872.9612 4475734.3909 0,444858.2946 4475732.1316 0))",2663528,Verde,Línea,3
"MULTILINESTRING Z ((444904.8871 4475661.8724 0,444902.702 4475675.3909 0))",2663533,Verde,Línea,3
"MULTILINESTRING Z ((444897.5723 4475631.0761 0,444895.5723 4475644.4094 0))",2663535,Verde,Línea,2
"MULTILINESTRING Z ((444837.4304 4475613.5637 0,444842.2699 4475614.3045 0))",2663540,Verde,Línea,1
"MULTILINESTRING Z ((444834.9612 4475637.7983 0,444881.239 4475645.2427 0,444888.6279 4475646.6316 0))",2663541,Verde,Línea,11
"MULTILINESTRING Z ((444871.6773 4475674.2057 0,444884.0229 4475676.1563 0))",2663546,Verde,Línea,2
"MULTILINESTRING Z ((444824.9448 4475649.8271 0,444817.8336 4475648.5267 0))",2663548,Verde,Batería,3
"MULTILINESTRING Z ((444797.6649 4475644.8724 0,444793.5538 4475644.0946 0,444795.1834 4475630.7613 0,444795.702 4475624.9094 0,444822.8871 4475628.4279 0,444823.1094 4475628.465 0))",2663552,Verde,Batería,16
"MULTILINESTRING Z ((444794.1217 4475606.7736 0,444795.06 4475607.1934 0,444796.2452 4475607.5637 0,444799.4304 4475608.0576 0))",2663554,Verde,Línea,1
"MULTILINESTRING Z ((444776.9612 4475584.6872 0,444789.2946 4475601.965 0))",2663555,Verde,Línea,4
"MULTILINESTRING Z ((444785.0723 4475579.0205 0,444799.0723 4475597.1316 0,444800.0723 4475597.6316 0,444801.7946 4475597.9094 0))",2663556,Verde,Batería,10
"MULTILINESTRING Z ((444828.2575 4475601.9464 0,444807.9983 4475598.8724 0))",2663557,Verde,Batería,7
"MULTILINESTRING Z ((444861.3686 4475591.502 0,444861.4057 4475590.539 0,444862.1464 4475584.4279 0))",2663559,Verde,Línea,1
"MULTILINESTRING Z ((444893.3686 4475611.6501 0,444877.739 4475609.3538 0))",2663561,Verde,Línea,3
"MULTILINESTRING Z ((444901.5538 4475604.8724 0,444905.0723 4475581.9464 0))",2663562,Verde,Línea,4
"MULTILINESTRING Z ((444907.3223 4475567.2427 0,444906.0723 4475575.9094 0))",2663563,Verde,Línea,2
"MULTILINESTRING Z ((444910.5908 4475606.6872 0,444912.2205 4475596.2427 0))",2663564,Verde,Línea,2
"MULTILINESTRING Z ((444937.2328 4475538.9464 0,444923.9736 4475546.3538 0,444923.2328 4475546.9464 0,444922.3686 4475547.8353 0,444921.3316 4475549.1687 0,444920.6402 4475550.2798 0,444920.2205 4475551.1193 0,444918.2946 4475557.539 0))",2663566,Verde,Línea,6
"MULTILINESTRING Z ((444944.5723 4475534.965 0,444940.239 4475537.2983 0))",2663567,Verde,Línea,1
"MULTILINESTRING Z ((444908.6896 4475558.4279 0,444908.9859 4475556.4032 0,444909.9489 4475552.0822 0,444911.3563 4475548.4773 0,444912.3686 4475546.4526 0,444913.776 4475544.3045 0,444914.9118 4475542.8971 0,444917.3316 4475540.3785 0,444919.3316 4475538.8477 0,444922.5662 4475536.7983 0,444941.2081 4475526.0822 0))",2663568,Verde,Línea,10
"MULTILINESTRING Z ((444958.9612 4475496.5761 0,444965.5168 4475507.3538 0))",2663569,Verde,Línea,2
"MULTILINESTRING Z ((444916.239 4475425.6872 0,444931.6834 4475450.5761 0))",2663571,Verde,Línea,5
"MULTILINESTRING Z ((444901.6526 4475402.0576 0,444904.0723 4475405.9588 0))",2663573,Verde,Línea,1
"MULTILINESTRING Z ((444872.0723 4475410.2427 0,444868.4797 4475413.7983 0))",2663574,Verde,Línea,1
"MULTILINESTRING Z ((444851.6279 4475540.0576 0,444859.3316 4475553.3168 0))",2663579,Verde,Línea,3
"MULTILINESTRING Z ((444777.3223 4475503.9094 0,444792.6557 4475488.5761 0))",2663582,Verde,Línea,5
"MULTILINESTRING Z ((444754.2946 4475544.2427 0,444753.239 4475542.5205 0))",2663584,Verde,Batería,1
"MULTILINESTRING Z ((444755.6834 4475546.6872 0,444754.5723 4475544.9094 0))",2663585,Verde,Batería,1
"MULTILINESTRING Z ((444757.4612 4475549.4094 0,444756.0723 4475547.3538 0))",2663586,Verde,Batería,1
"MULTILINESTRING Z ((444759.2946 4475552.3538 0,444758.0168 4475550.2983 0))",2663587,Verde,Batería,1
"MULTILINESTRING Z ((444761.0168 4475555.1316 0,444759.7946 4475553.3538 0))",2663588,Verde,Batería,1
"MULTILINESTRING Z ((444762.6834 4475557.7983 0,444761.5168 4475556.0761 0))",2663589,Verde,Batería,1
"MULTILINESTRING Z ((444764.2946 4475560.5761 0,444763.239 4475558.8538 0))",2663590,Verde,Batería,1
"MULTILINESTRING Z ((444755.2946 4475564.965 0,444746.1279 4475550.2427 0))",2663591,Verde,Línea,3
"MULTILINESTRING Z ((444701.702 4475524.8353 0,444689.4427 4475533.1316 0))",2663594,Verde,Línea,3
"MULTILINESTRING Z ((444680.0476 4475539.5143 0,444684.0723 4475536.7983 0))",2663595,Verde,Línea,1
"MULTILINESTRING Z ((444758.5908 4475648.7613 0,444754.1094 4475642.9094 0))",2663596,Verde,Línea,1
"MULTILINESTRING Z ((444743.4797 4475628.9835 0,444750.9242 4475638.7242 0))",2663597,Verde,Línea,2
"MULTILINESTRING Z ((444741.5908 4475628.7242 0,444741.2205 4475628.3168 0,444740.1094 4475626.6131 0,444739.739 4475626.2798 0,444735.4797 4475620.465 0))",2663598,Verde,Línea,2
"MULTILINESTRING Z ((444660.3686 4475514.1316 0,444662.9242 4475517.7242 0))",2663601,Verde,Línea,1
"MULTILINESTRING Z ((444699.0353 4475517.9835 0,444686.4797 4475526.4279 0))",2663604,Verde,Línea,3
"MULTILINESTRING Z ((444702.4427 4475515.6872 0,444717.1464 4475505.7983 0))",2663605,Verde,Línea,3
"MULTILINESTRING Z ((444452.3353 4475805.9607 0,444402.8323 4475792.6473 0))",2663624,Verde,Línea,10
"MULTILINESTRING Z ((444508.776 4475740.8353 0,444479.9242 4475738.3538 0))",2663634,Azul,Línea,5
"MULTILINESTRING Z ((444451.1279 4475735.965 0,444475.3501 4475738.0205 0))",2663636,Azul,Línea,5
"MULTILINESTRING Z ((444504.1711 4475733.218 0,444480.9859 4475731.3168 0))",2663637,Verde,Línea,4
"MULTILINESTRING Z ((444413.0168 4475732.6872 0,444435.239 4475734.6316 0))",2663640,Verde,Línea,4
"MULTILINESTRING Z ((444410.1279 4475756.0761 0,444430.8501 4475761.465 0))",2663642,Verde,Línea,4
"MULTILINESTRING Z ((444409.5723 4475700.4094 0,444406.0168 4475721.0761 0))",2663646,Verde,Línea,4
"MULTILINESTRING Z ((444417.0106 4475691.6625 0,444421.7267 4475691.9835 0))",2663647,Verde,Línea,1
"MULTILINESTRING Z ((444427.5538 4475692.3785 0,444439.8748 4475693.218 0))",2663648,Verde,Línea,2
"MULTILINESTRING Z ((444493.1834 4475667.502 0,444494.5538 4475660.3168 0))",2663650,Verde,Línea,1
"MULTILINESTRING Z ((444489.702 4475686.539 0,444491.776 4475675.1316 0))",2663651,Verde,Línea,2
"MULTILINESTRING Z ((444504.2205 4475644.2427 0,444514.0353 4475642.465 0))",2663652,Verde,Línea,2
"MULTILINESTRING Z ((444519.0353 4475641.6501 0,444528.8501 4475640.0205 0))",2663653,Verde,Línea,2
"MULTILINESTRING Z ((444563.9489 4475640.3292 0,444561.06 4475657.4897 0))",2663656,Verde,Línea,3
"MULTILINESTRING Z ((444557.6649 4475677.4279 0,444559.1834 4475668.2798 0))",2663657,Verde,Línea,2
"MULTILINESTRING Z ((444555.9612 4475687.6501 0,444555.9983 4475687.0576 0,444556.739 4475682.9835 0))",2663659,Verde,Línea,1
"MULTILINESTRING Z ((444567.9612 4475690.7983 0,444616.739 4475686.7983 0))",2663667,Verde,Línea,10
"MULTILINESTRING Z ((444572.1279 4475641.1872 0,444570.8501 4475648.5761 0))",2663669,Verde,Línea,1
"MULTILINESTRING Z ((444578.5723 4475631.3538 0,444591.9612 4475629.2983 0))",2663671,Verde,Línea,2
"MULTILINESTRING Z ((444643.2223 4475631.1997 0,444635.7218 4475672.6398 0))",2663673,Verde,Línea,8
"MULTILINESTRING Z ((444633.0723 4475673.1594 0,444631.3223 4475683.1594 0))",2663674,Verde,Línea,2
"MULTILINESTRING Z ((444649.0723 4475686.4094 0,444668.3223 4475685.2427 0,444671.1557 4475684.7427 0))",2663680,Verde,Línea,4
"MULTILINESTRING Z ((444727.1279 4475669.9094 0,444734.0168 4475668.0761 0))",2663684,Verde,Línea,1
"MULTILINESTRING Z ((444738.776 4475666.9094 0,444752.776 4475663.2798 0))",2663685,Verde,Línea,2
"MULTILINESTRING Z ((444704.5723 4475589.2983 0,444693.0723 4475572.8538 0))",2663688,Verde,Línea,4
"MULTILINESTRING Z ((444668.739 4475538.8538 0,444685.1279 4475561.5205 0))",2663689,Verde,Línea,5
"MULTILINESTRING Z ((444577.5168 4475584.1872 0,444569.4057 4475540.0205 0))",2663704,Verde,Línea,9
"MULTILINESTRING Z ((444568.1217 4475571.6625 0,444567.1341 4475566.4032 0))",2663705,Verde,Línea,1
"MULTILINESTRING Z ((444576.8223 4475618.8261 0,444571.489 4475589.9094 0,444569.6557 4475579.5761 0))",2663707,Verde,Línea,8
"MULTILINESTRING Z ((444468.3316 4475577.2798 0,444468.1834 4475582.3538 0))",2663711,Verde,Línea,1
"MULTILINESTRING Z ((444472.3501 4475435.6316 0,444472.4612 4475430.5761 0))",2663721,Verde,Línea,1
"MULTILINESTRING Z ((444460.5168 4475455.965 0,444443.0723 4475437.6316 0))",2663727,Verde,Línea,5
"MULTILINESTRING Z ((444433.0847 4475427.2674 0,444440.0476 4475434.5761 0))",2663728,Verde,Línea,2
"MULTILINESTRING Z ((444462.1834 4475466.7983 0,444448.0168 4475452.2983 0))",2663730,Verde,Línea,4
"MULTILINESTRING Z ((444428.4921 4475431.8847 0,444432.7143 4475436.3045 0))",2663731,Verde,Línea,1
"MULTILINESTRING Z ((444457.239 4475493.1594 0,444436.6557 4475483.7427 0,444430.1557 4475480.2427 0,444424.239 4475477.2427 0,444411.6557 4475469.8261 0,444402.6557 4475459.9927 0))",2663735,Verde,Línea,13
"MULTILINESTRING Z ((444391.6279 4475456.2427 0,444379.9612 4475467.5205 0))",2663757,Verde,Línea,3
"MULTILINESTRING Z ((444394.1557 4475602.7011 0,444456.7807 4475585.4511 0))",2663763,Verde,Línea,13
"MULTILINESTRING Z ((444308.739 4475720.6316 0,444357.739 4475693.0205 0,444367.1834 4475687.8538 0))",2663774,Verde,Línea,13
"MULTILINESTRING Z ((444400.8501 4475706.2983 0,444397.5723 4475726.0205 0))",2663776,Verde,Línea,4
"MULTILINESTRING Z ((444388.1834 4475781.0205 0,444396.6834 4475731.0205 0))",2663777,Verde,Línea,10
"MULTILINESTRING Z ((444312.1557 4475768.0761 0,444378.7807 4475786.0761 0))",2663779,Verde,Línea,13
"MULTILINESTRING Z ((444281.0353 4475759.5761 0,444305.8131 4475766.3538 0))",2663781,Verde,Línea,5
"MULTILINESTRING Z ((442594.6557 4475565.4927 0,442605.9057 4475564.7427 0))",2663783,Verde,Batería,4
"MULTILINESTRING Z ((444265.7807 4475745.0761 0,444302.2807 4475724.5761 0))",2663784,Verde,Línea,8
"MULTILINESTRING Z ((444067.4797 4475778.0205 0,444072.0723 4475778.0205 0,444084.9242 4475777.7613 0,444091.0723 4475777.6131 0,444092.9612 4475777.465 0,444093.9242 4475777.1687 0,444110.2575 4475771.0946 0))",2663789,Verde,Línea,9
"MULTILINESTRING Z ((444046.8501 4475750.1872 0,444046.8501 4475763.2983 0))",2663791,Verde,Línea,2
"MULTILINESTRING Z ((444046.7807 4475743.2011 0,444046.0307 4475707.0761 0))",2663792,Verde,Línea,7
"MULTILINESTRING Z ((444057.1341 4475708.3785 0,444057.2328 4475717.6872 0))",2663793,Verde,Batería,3
"MULTILINESTRING Z ((444057.3501 4475728.1316 0,444057.6834 4475755.2427 0))",2663794,Verde,Batería,9
"MULTILINESTRING Z ((444061.4612 4475771.1316 0,444086.3501 4475770.6872 0,444089.1279 4475770.4094 0))",2663796,Verde,Línea,5
"MULTILINESTRING Z ((444095.1094 4475769.1687 0,444113.8007 4475762.2304 0))",2663797,Verde,Línea,4
"MULTILINESTRING Z ((444122.5908 4475758.9464 0,444155.1341 4475746.8724 0))",2663798,Verde,Línea,6
"MULTILINESTRING Z ((444178.2946 4475738.2427 0,444161.6279 4475744.465 0))",2663799,Verde,Línea,4
"MULTILINESTRING Z ((444068.739 4475705.3909 0,444073.5044 4475705.3168 0))",2663813,Verde,Línea,1
"MULTILINESTRING Z ((444107.8501 4475704.8724 0,444131.739 4475704.539 0))",2663815,Verde,Batería,8
"MULTILINESTRING Z ((444074.3223 4475695.2427 0,444087.4057 4475695.0761 0))",2663820,Verde,Línea,3
"MULTILINESTRING Z ((444080.8223 4475535.1594 0,444062.3223 4475535.4094 0))",2663831,Verde,Línea,3
"MULTILINESTRING Z ((444062.3501 4475527.5205 0,444080.5168 4475527.4094 0))",2663832,Verde,Línea,3
"MULTILINESTRING Z ((444100.1557 4475526.2427 0,444100.3223 4475534.5761 0))",2663844,Verde,Línea,1
"MULTILINESTRING Z ((444105.4057 4475367.5761 0,444131.9612 4475367.2983 0))",2663858,Verde,Línea,5
"MULTILINESTRING Z ((444145.0723 4475367.2427 0,444163.8223 4475366.9927 0))",2663923,Verde,Línea,3
"MULTILINESTRING Z ((444145.0723 4475367.2427 0,444163.8223 4475366.9927 0))",2663929,Verde,Línea,3
"MULTILINESTRING Z ((444176.1557 4475464.9927 0,444176.1557 4475468.9094 0))",2663938,Azul,Línea,1
"MULTILINESTRING Z ((444173.9612 4475469.3909 0,444174.0723 4475483.3909 0))",2663940,Azul,Línea,3
"MULTILINESTRING Z ((444176.4057 4475499.9835 0,444176.3686 4475493.7242 0))",2663944,Azul,Línea,1
"MULTILINESTRING Z ((444176.6649 4475535.7613 0,444176.9242 4475570.6501 0))",2663951,Azul,Línea,7
"MULTILINESTRING Z ((444174.4057 4475570.9835 0,444174.5168 4475588.2427 0))",2663952,Azul,Línea,3
"MULTILINESTRING Z ((444177.5291 4475644.9464 0,444177.4797 4475639.7366 0))",2663960,Verde,Línea,1
"MULTILINESTRING Z ((444302.4057 4475706.8261 0,444280.1557 4475667.8261 0))",2663980,Verde,Batería,16
"MULTILINESTRING Z ((444293.739 4475665.2983 0,444309.8501 4475693.5205 0,444314.239 4475701.3538 0))",2663981,Verde,Batería,14
"MULTILINESTRING Z ((444403.739 4475651.8261 0,444383.1557 4475613.9927 0))",2663984,Verde,Línea,8
"MULTILINESTRING Z ((444297.8257 4475644.5131 0,444367.205 4475604.5731 0))",2663985,Verde,Línea,16
"MULTILINESTRING Z ((444271.6649 4475559.9464 0,444271.776 4475558.0576 0,444271.9612 4475556.7983 0,444272.9612 4475552.8724 0,444273.6649 4475551.1687 0,444275.5538 4475547.6131 0,444276.0723 4475546.8724 0,444278.2946 4475544.1316 0,444280.1464 4475542.465 0,444281.6649 4475541.2427 0,444283.8131 4475539.8353 0,444286.8871 4475538.3168 0,444288.1464 4475537.8724 0,444290.9612 4475537.0946 0,444293.5168 4475536.6872 0,444296.2205 4475536.502 0,444298.9242 4475536.2057 0))",2663989,Verde,Línea,8
"MULTILINESTRING Z ((444275.8223 4475594.0761 0,444272.4057 4475568.3261 0))",2663990,Verde,Línea,5
"MULTILINESTRING Z ((444266.6279 4475660.6872 0,444232.1279 4475680.4094 0))",2663992,Verde,Línea,8
"MULTILINESTRING Z ((444213.702 4475690.9464 0,444227.2575 4475683.2057 0))",2663993,Verde,Línea,3
"MULTILINESTRING Z ((444187.8913 4475656.8724 0,444190.0641 4475660.8724 0))",2663995,Verde,Línea,1
"MULTILINESTRING Z ((444187.5908 4475635.4279 0,444187.4427 4475620.4279 0))",2663997,Verde,Línea,3
"MULTILINESTRING Z ((444186.7946 4475499.8538 0,444186.5168 4475483.5205 0))",2663999,Verde,Línea,3
"MULTILINESTRING Z ((444186.3686 4475478.4526 0,444186.2946 4475471.9094 0))",2664000,Verde,Línea,1
"MULTILINESTRING Z ((444325.7946 4475403.5205 0,444336.1834 4475411.4094 0))",2664007,Verde,Línea,2
"MULTILINESTRING Z ((444349.9489 4475502.5761 0,444350.4921 4475508.7489 0,444350.3192 4475511.3415 0,444349.7513 4475513.7119 0))",2664011,Verde,Línea,2
"MULTILINESTRING Z ((444347.0723 4475519.0205 0,444345.1279 4475521.0761 0,444342.9612 4475522.4094 0,444340.9612 4475523.2983 0,444337.9057 4475523.7983 0,444328.3501 4475525.0205 0,444314.6279 4475526.3538 0))",2664012,Verde,Línea,6
"MULTILINESTRING Z ((444268.5723 4475599.9094 0,444272.0723 4475626.965 0,444272.2946 4475629.6316 0,444273.1279 4475635.1872 0))",2664016,Verde,Línea,8
"MULTILINESTRING Z ((444273.689 4475639.9334 0,444275.2693 4475650.9957 0))",2664017,Verde,Línea,2
"MULTILINESTRING Z ((443022.9057 4472787.4927 0,443019.989 4472783.1594 0))",2664018,Verde,Línea,1
"MULTILINESTRING Z ((438955.2517 4473370.3209 0,439001.3305 4473494.4626 0))",2664019,Verde,Línea,28
"MULTILINESTRING Z ((441217.6557 4471329.3261 0,441228.9057 4471301.7427 0))",2664020,Azul,Batería,10
"MULTILINESTRING Z ((441229.239 4471300.9094 0,441233.739 4471290.3261 0))",2664021,Azul,Línea,2
"MULTILINESTRING Z ((443854.8183 4475469.0179 0,443867.732 4475470.2862 0))",2664022,Verde,Línea,3
"MULTILINESTRING Z ((444101.06 4475328.6748 0,444103.5291 4475325.4403 0))",2664028,Verde,Batería,2
"MULTILINESTRING Z ((444192.4427 4475338.6131 0,444192.4057 4475329.1316 0))",2664038,Verde,Batería,3
"MULTILINESTRING Z ((444427.9242 4475411.7242 0,444452.5908 4475388.3538 0))",2664045,Verde,Línea,7
"MULTILINESTRING Z ((444417.4797 4475421.5761 0,444421.8501 4475417.465 0))",2664046,Verde,Línea,1
"MULTILINESTRING Z ((444398.8871 4475439.1316 0,444410.0723 4475428.5761 0))",2664047,Verde,Línea,3
"MULTILINESTRING Z ((444372.8223 4475425.7427 0,444388.239 4475437.4927 0))",2664048,Verde,Línea,3
"MULTILINESTRING Z ((444341.702 4475401.8353 0,444363.1834 4475418.3168 0))",2664049,Verde,Línea,5
"MULTILINESTRING Z ((444329.3686 4475392.465 0,444335.5908 4475397.1316 0))",2664050,Verde,Línea,1
"MULTILINESTRING Z ((444196.0259 4475145.7866 0,444191.5386 4475170.9154 0))",2664058,Verde,Línea,5
"MULTILINESTRING Z ((444211.1464 4475066.3909 0,444213.4427 4475056.3909 0))",2664064,Verde,Línea,2
"MULTILINESTRING Z ((444242.2452 4474968.4773 0,444230.8131 4474957.6872 0))",2664069,Verde,Línea,3
"MULTILINESTRING Z ((444223.3316 4474950.5761 0,444215.6279 4474943.2674 0))",2664070,Verde,Línea,2
"MULTILINESTRING Z ((444197.7946 4474915.2983 0,444213.2946 4474929.9094 0))",2664073,Verde,Línea,4
"MULTILINESTRING Z ((444394.9242 4474914.6872 0,444404.4057 4474923.6131 0))",2664079,Verde,Batería,5
"MULTILINESTRING Z ((444407.4057 4474926.4279 0,444415.8131 4474933.7983 0))",2664080,Verde,Batería,5
"MULTILINESTRING Z ((444424.3686 4474940.6872 0,444420.1094 4474937.2427 0))",2664081,Verde,Batería,2
"MULTILINESTRING Z ((444484.5723 4474994.8261 0,444519.489 4475026.7427 0))",2664083,Verde,Batería,17
"MULTILINESTRING Z ((444531.5538 4475038.0946 0,444526.8871 4475033.7983 0))",2664084,Verde,Batería,2
"MULTILINESTRING Z ((444320.0168 4474903.0761 0,444334.4057 4474916.6872 0))",2664089,Verde,Línea,4
"MULTILINESTRING Z ((444456.3316 4475029.3168 0,444487.739 4475058.8353 0,444488.2946 4475059.2057 0))",2664091,Verde,Línea,8
"MULTILINESTRING Z ((444302.702 4474908.3538 0,444292.9612 4474919.539 0))",2664093,Verde,Línea,3
"MULTILINESTRING Z ((444245.5785 4474994.5267 0,444247.9983 4474989.3415 0))",2664096,Verde,Línea,1
"MULTILINESTRING Z ((444327.5791 4474954.4367 0,444341.8333 4474939.0472 0))",2664099,Verde,Línea,4
"MULTILINESTRING Z ((444311.2822 4474988.2304 0,444316.0723 4474981.6872 0,444324.7884 4474970.0822 0,444346.3192 4474945.9094 0))",2664102,Verde,Línea,11
"MULTILINESTRING Z ((444316.4057 4474997.6131 0,444320.8501 4475001.7613 0))",2664103,Verde,Batería,3
"MULTILINESTRING Z ((444332.0723 4475012.2798 0,444323.8131 4475004.539 0))",2664104,Verde,Batería,5
"MULTILINESTRING Z ((444333.4529 4475013.9112 0,444343.2035 4475022.7242 0))",2664105,Verde,Batería,5
"MULTILINESTRING Z ((444355.0723 4475033.965 0,444344.7946 4475024.2983 0))",2664106,Verde,Batería,6
"MULTILINESTRING Z ((444356.776 4475035.3538 0,444365.6649 4475043.7613 0))",2664107,Verde,Batería,5
"MULTILINESTRING Z ((444373.6649 4475051.2057 0,444367.8131 4475045.7242 0))",2664108,Verde,Batería,4
"MULTILINESTRING Z ((444378.5723 4475055.6594 0,444385.6557 4475062.3261 0))",2664109,Verde,Batería,4
"MULTILINESTRING Z ((444389.776 4475066.7613 0,444399.5538 4475056.539 0))",2664110,Verde,Línea,2
"MULTILINESTRING Z ((444426.3439 4475027.7366 0,444430.4427 4475023.4156 0))",2664113,Verde,Línea,1
"MULTILINESTRING Z ((444313.8871 4475014.6872 0,444375.5908 4475072.2798 0))",2664116,Verde,Batería,34
"MULTILINESTRING Z ((444305.4427 4475006.3538 0,444312.4057 4475012.9835 0))",2664117,Verde,Batería,4
"MULTILINESTRING Z ((444306.9983 4475066.4279 0,444324.3316 4475073.3168 0,444325.2575 4475073.7613 0,444331.1094 4475079.1687 0))",2664124,Verde,Batería,11
"MULTILINESTRING Z ((444334.0353 4475081.8353 0,444342.0723 4475089.2427 0))",2664125,Verde,Batería,7
"MULTILINESTRING Z ((444392.097 4475082.6995 0,444404.3686 4475069.6625 0))",2664126,Verde,Batería,7
"MULTILINESTRING Z ((444455.8871 4475043.5761 0,444455.3686 4475043.1687 0,444446.5538 4475034.465 0))",2664128,Verde,Línea,2
"MULTILINESTRING Z ((444406.1279 4475103.1872 0,444452.2946 4475053.965 0))",2664129,Verde,Línea,15
"MULTILINESTRING Z ((444229.2946 4475039.4094 0,444224.7946 4475057.6872 0))",2664131,Verde,Línea,3
"MULTILINESTRING Z ((444486.6231 4475070.3152 0,444469.1013 4475053.9239 0))",2664132,Verde,Línea,5
"MULTILINESTRING Z ((444486.7946 4475079.2427 0,444477.0168 4475089.7427 0))",2664133,Verde,Línea,3
"MULTILINESTRING Z ((444450.2946 4475119.0205 0,444440.2946 4475130.1316 0))",2664135,Verde,Línea,3
"MULTILINESTRING Z ((444437.5538 4475133.1687 0,444432.702 4475138.5761 0))",2664136,Verde,Línea,1
"MULTILINESTRING Z ((444414.2205 4475158.6748 0,444423.776 4475148.3045 0))",2664137,Verde,Línea,2
"MULTILINESTRING Z ((444389.8131 4475185.3909 0,444401.0353 4475173.1687 0))",2664139,Verde,Línea,4
"MULTILINESTRING Z ((444333.4057 4475168.8538 0,444347.239 4475174.2983 0))",2664141,Verde,Batería,6
"MULTILINESTRING Z ((444331.3686 4475171.9464 0,444312.2205 4475164.502 0))",2664142,Verde,Batería,7
"MULTILINESTRING Z ((444231.1094 4475133.4279 0,444279.8131 4475151.9094 0))",2664144,Verde,Batería,19
"MULTILINESTRING Z ((444216.8131 4475127.7983 0,444223.6649 4475130.502 0))",2664145,Verde,Batería,3
"MULTILINESTRING Z ((444199.5168 4475208.0205 0,444196.739 4475223.7242 0))",2664146,Verde,Línea,3
"MULTILINESTRING Z ((444206.702 4475148.4279 0,444203.1094 4475168.539 0))",2664148,Verde,Línea,4
"MULTILINESTRING Z ((444262.8542 4475262.93 0,444284.3028 4475263.2427 0))",2664151,Verde,Línea,4
"MULTILINESTRING Z ((444372.9057 4475277.9094 0,444407.5723 4475239.6594 0))",2664154,Verde,Batería,19
"MULTILINESTRING Z ((444338.3686 4475186.2798 0,444373.2575 4475199.6872 0))",2664156,Verde,Línea,8
"MULTILINESTRING Z ((444292.6834 4475168.5761 0,444332.0168 4475183.7983 0))",2664157,Verde,Línea,8
"MULTILINESTRING Z ((444403.9057 4475270.8261 0,444427.1557 4475291.9927 0))",2664165,Verde,Línea,6
"MULTILINESTRING Z ((444435.5307 4475299.5761 0,444463.0307 4475324.9511 0))",2664166,Verde,Línea,9
"MULTILINESTRING Z ((444492.0723 4475353.3538 0,444505.5168 4475342.2427 0))",2664172,Verde,Línea,3
"MULTILINESTRING Z ((444496.776 4475358.6872 0,444505.3686 4475351.5761 0))",2664173,Verde,Línea,2
"MULTILINESTRING Z ((444558.9057 4475358.7011 0,444569.0307 4475367.0761 0,444576.0307 4475370.8261 0,444584.1557 4475373.8261 0,444591.9057 4475375.3261 0,444601.7807 4475374.8261 0))",2664177,Verde,Línea,9
"MULTILINESTRING Z ((444764.9057 4475336.2427 0,444720.3223 4475294.4094 0))",2664184,Verde,Línea,12
"MULTILINESTRING Z ((444726.4797 4475394.502 0,444744.4427 4475375.3538 0))",2664196,Verde,Línea,5
"MULTILINESTRING Z ((444747.6279 4475372.0205 0,444771.4612 4475346.8538 0))",2664197,Verde,Línea,7
"MULTILINESTRING Z ((444782.6155 4475317.0452 0,444770.1557 4475305.3261 0))",2664210,Azul,Línea,3
"MULTILINESTRING Z ((444771.9057 4475302.7427 0,444763.0723 4475294.5205 0))",2664211,Azul,Línea,2
"MULTILINESTRING Z ((444684.3686 4475220.0082 0,444689.2328 4475224.6008 0))",2664218,Verde,Línea,1
"MULTILINESTRING Z ((444652.7946 4475190.2983 0,444682.9612 4475218.6872 0))",2664219,Verde,Batería,15
"MULTILINESTRING Z ((444635.4612 4475174.0205 0,444645.5168 4475183.3538 0))",2664221,Verde,Batería,5
"MULTILINESTRING Z ((444574.0147 4475077.8929 0,444590.6073 4475093.4979 0,444605.0929 4475107.7036 0))",2664226,Verde,Batería,17
"MULTILINESTRING Z ((444562.0147 4475066.6008 0,444567.6443 4475071.9012 0))",2664227,Verde,Batería,3
"MULTILINESTRING Z ((444688.0723 4475283.7427 0,444694.1834 4475277.465 0))",2664232,Verde,Línea,2
"MULTILINESTRING Z ((444612.5662 4475190.2551 0,444623.5307 4475200.7011 0))",2664239,Verde,Línea,3
"MULTILINESTRING Z ((444629.1834 4475205.9464 0,444681.702 4475255.539 0))",2664240,Verde,Línea,14
"MULTILINESTRING Z ((444586.4674 4475164.1316 0,444575.5538 4475153.8353 0))",2664241,Verde,Línea,3
"MULTILINESTRING Z ((444598.239 4475175.2427 0,444592.2946 4475169.6872 0))",2664242,Verde,Línea,1
"MULTILINESTRING Z ((444582.2946 4475200.502 0,444576.6649 4475206.8353 0))",2664244,Verde,Línea,1
"MULTILINESTRING Z ((444538.6649 4475249.7119 0,444545.3563 4475242.1563 0))",2664246,Verde,Línea,2
"MULTILINESTRING Z ((444543.776 4475123.9464 0,444547.1834 4475127.1687 0))",2664248,Verde,Línea,1
"MULTILINESTRING Z ((444562.8131 4475149.7613 0,444558.4057 4475154.539 0))",2664249,Verde,Línea,1
"MULTILINESTRING Z ((444549.1834 4475164.5761 0,444539.0353 4475175.6131 0))",2664251,Verde,Línea,3
"MULTILINESTRING Z ((444514.1834 4475202.6872 0,444534.0723 4475181.2427 0))",2664252,Verde,Línea,6
"MULTILINESTRING Z ((444493.9057 4475149.2983 0,444488.6834 4475155.0761 0))",2664263,Verde,Línea,1
"MULTILINESTRING Z ((444496.9941 4475145.9917 0,444501.1094 4475141.5143 0))",2664264,Verde,Línea,1
"MULTILINESTRING Z ((444526.59 4475107.1045 0,444518.7145 4475100.3541 0))",2664266,Verde,Línea,2
"MULTILINESTRING Z ((444504.0353 4475086.5761 0,444511.9983 4475093.9835 0))",2664267,Verde,Línea,2
"MULTILINESTRING Z ((444485.3686 4475095.0205 0,444494.0723 4475085.5761 0))",2664268,Verde,Línea,2
"MULTILINESTRING Z ((444465.06 4475114.4526 0,444461.2328 4475118.6501 0))",2664270,Verde,Línea,1
"MULTILINESTRING Z ((444458.2368 4475121.9937 0,444448.111 4475133.1146 0))",2664271,Verde,Línea,3
"MULTILINESTRING Z ((444441.2628 4475140.4894 0,444444.9503 4475136.3923 0))",2664272,Verde,Línea,1
"MULTILINESTRING Z ((444427.9983 4475154.9835 0,444437.9983 4475144.0576 0))",2664273,Verde,Línea,3
"MULTILINESTRING Z ((444450.8131 4475187.2427 0,444450.2205 4475186.6872 0,444439.2946 4475176.9464 0))",2664278,Verde,Línea,3
"MULTILINESTRING Z ((444426.8501 4475165.7613 0,444430.6649 4475169.1316 0))",2664279,Verde,Línea,1
"MULTILINESTRING Z ((444397.5044 4475188.3127 0,444400.7308 4475184.7901 0))",2664282,Verde,Línea,1
"MULTILINESTRING Z ((444394.9859 4475196.0329 0,444399.3069 4475199.9588 0))",2664283,Verde,Línea,1
"MULTILINESTRING Z ((444405.455 4475205.5143 0,444410.097 4475209.7366 0))",2664284,Verde,Línea,1
"MULTILINESTRING Z ((444415.2946 4475214.3538 0,444439.8501 4475236.7983 0,444444.8501 4475241.465 0))",2664285,Verde,Línea,8
"MULTILINESTRING Z ((444455.7077 4475251.2825 0,444451.9572 4475247.9125 0))",2664286,Verde,Línea,1
"MULTILINESTRING Z ((444461.702 4475250.0946 0,444460.3686 4475237.2057 0))",2664287,Verde,Línea,2
"MULTILINESTRING Z ((444459.6279 4475230.6501 0,444458.9242 4475224.3538 0))",2664288,Verde,Línea,1
"MULTILINESTRING Z ((444457.6032 4475212.2798 0,444458.2946 4475218.5761 0))",2664289,Verde,Línea,1
"MULTILINESTRING Z ((444513.9736 4475277.5884 0,444518.5415 4475272.4032 0))",2664294,Verde,Línea,1
"MULTILINESTRING Z ((444555.5168 4475342.6131 0,444540.1834 4475328.6131 0))",2664297,Verde,Línea,4
"MULTILINESTRING Z ((444376.8625 4475890.502 0,444375.9242 4475895.9835 0))",2664305,Verde,Línea,1
"MULTILINESTRING Z ((444808.2946 4475360.6872 0,444845.5168 4475395.4094 0))",2664311,Verde,Batería,18
"MULTILINESTRING Z ((443835.1957 4479053.9365 0,443839.2512 4479058.5476 0))",2664318,Verde,Línea,1
"MULTILINESTRING Z ((443809.9202 4478861.2766 0,443818.7332 4478871.9648 0))",2664319,Verde,Línea,3
"MULTILINESTRING Z ((443844.9057 4478901.8261 0,443822.739 4478876.1594 0))",2664320,Verde,Línea,7
"MULTILINESTRING Z ((443849.1101 4478906.4669 0,443856.9856 4478916.03 0))",2664321,Verde,Línea,2
"MULTILINESTRING Z ((443860.5307 4478919.9511 0,443868.7807 4478929.7011 0))",2664322,Verde,Línea,3
"MULTILINESTRING Z ((443879.487 4478942.0942 0,443894.6755 4478959.9078 0))",2664323,Verde,Línea,5
"MULTILINESTRING Z ((443897.8501 4478963.0761 0,443905.0168 4478971.1316 0))",2664324,Verde,Línea,2
"MULTILINESTRING Z ((443907.739 4478974.2427 0,443914.739 4478982.0761 0))",2664325,Verde,Línea,2
"MULTILINESTRING Z ((443928.1279 4478996.965 0,443919.739 4478987.6316 0))",2664326,Verde,Línea,2
"MULTILINESTRING Z ((443816.8223 4478855.4094 0,443835.739 4478877.6594 0))",2664334,Verde,Línea,6
"MULTILINESTRING Z ((443875.2807 4478793.0761 0,443866.4057 4478800.7011 0))",2664339,Verde,Línea,2
"MULTILINESTRING Z ((443863.6557 4478803.0761 0,443855.6557 4478810.5761 0))",2664340,Verde,Línea,2
"MULTILINESTRING Z ((443830.1557 4478833.4511 0,443819.1557 4478842.8261 0))",2664342,Verde,Línea,3
"MULTILINESTRING Z ((443865.9862 4478791.8973 0,443841.0471 4478814.0237 0))",2664347,Azul,Línea,7
"MULTILINESTRING Z ((443878.9245 4478779.334 0,443899.7383 4478760.2078 0))",2664348,Verde,Línea,5
"MULTILINESTRING Z ((443928.7946 4478734.5761 0,443913.8501 4478747.9094 0))",2664349,Verde,Línea,4
"MULTILINESTRING Z ((443938.5723 4478725.8538 0,443934.9057 4478729.1872 0))",2664350,Verde,Línea,1
"MULTILINESTRING Z ((443959.6557 4478716.9927 0,443946.5723 4478728.3261 0))",2664352,Verde,Línea,3
"MULTILINESTRING Z ((443943.489 4478731.2427 0,443934.0723 4478739.4927 0))",2664353,Verde,Línea,2
"MULTILINESTRING Z ((443931.1279 4478742.2983 0,443927.5723 4478745.4094 0))",2664354,Verde,Línea,1
"MULTILINESTRING Z ((443926.1775 4478746.5194 0,443920.3646 4478751.5823 0))",2664355,Verde,Línea,1
"MULTILINESTRING Z ((443909.1139 4478761.7079 0,443915.8643 4478755.895 0))",2664356,Verde,Línea,1
"MULTILINESTRING Z ((443903.6834 4478766.6872 0,443907.4057 4478763.465 0))",2664357,Verde,Línea,1
"MULTILINESTRING Z ((443890.5502 4478778.2089 0,443900.6759 4478769.5834 0))",2664358,Verde,Línea,2
"MULTILINESTRING Z ((443888.3001 4478784.7718 0,443901.4259 4478799.5853 0))",2664359,Verde,Línea,3
"MULTILINESTRING Z ((443915.9418 4478816.3888 0,443904.2734 4478803.0534 0))",2664361,Verde,Línea,3
"MULTILINESTRING Z ((443918.9057 4478819.5761 0,443929.9057 4478832.4511 0))",2664362,Verde,Línea,3
"MULTILINESTRING Z ((443936.2512 4478836.6587 0,443941.4179 4478842.742 0))",2664366,Verde,Línea,1
"MULTILINESTRING Z ((444006.0307 4478915.3261 0,444013.6557 4478923.8261 0))",2664372,Azul,Línea,2
"MULTILINESTRING Z ((443992.0307 4478792.7011 0,443997.2807 4478809.5761 0))",2664373,Azul,Batería,6
"MULTILINESTRING Z ((443984.7807 4478760.2011 0,443994.9057 4478790.5761 0))",2664374,Azul,Batería,14
"MULTILINESTRING Z ((443956.0168 4478682.5205 0,443961.4057 4478699.5761 0))",2664376,Azul,Línea,4
"MULTILINESTRING Z ((443814.989 4478544.6594 0,443843.1557 4478518.2427 0))",2664379,Verde,Línea,8
"MULTILINESTRING Z ((443824.9057 4478402.0761 0,443822.8223 4478403.2427 0,443819.5723 4478404.7427 0,443817.8223 4478406.4927 0,443815.3223 4478409.6594 0,443813.989 4478411.6594 0,443811.739 4478417.0761 0,443811.239 4478421.2427 0,443812.4057 4478425.4927 0,443813.3223 4478427.9927 0,443815.6557 4478432.2427 0,443817.739 4478434.5761 0,443820.6557 4478437.0761 0))",2664392,Verde,Línea,8
"MULTILINESTRING Z ((443825.2575 4478381.9464 0,443826.0723 4478383.3168 0,443826.9242 4478385.3538 0,443827.776 4478389.0946 0,443827.702 4478391.7983 0,443827.5168 4478394.539 0,443827.1464 4478397.8353 0,443826.4797 4478401.539 0))",2664393,Verde,Batería,7
"MULTILINESTRING Z ((443830.5168 4478371.6501 0,443842.9612 4478375.9464 0))",2664394,Verde,Batería,4
"MULTILINESTRING Z ((443893.0723 4478499.0946 0,443894.8501 4478496.6501 0,443925.4057 4478471.465 0))",2664399,Verde,Línea,9
"MULTILINESTRING Z ((443973.2512 4478486.242 0,443971.4179 4478495.242 0,443968.2512 4478505.6587 0))",2664404,Verde,Línea,4
"MULTILINESTRING Z ((443966.3345 4478511.742 0,443955.6679 4478545.4087 0))",2664405,Verde,Línea,7
"MULTILINESTRING Z ((443953.3316 4478551.8724 0,443949.0723 4478563.3909 0,443946.1464 4478568.2427 0))",2664406,Verde,Línea,4
"MULTILINESTRING Z ((443975.5845 4478381.3254 0,443976.5012 4478384.992 0,443977.5012 4478390.6587 0,443977.8345 4478396.9087 0,443977.7512 4478406.6587 0))",2664409,Verde,Línea,5
"MULTILINESTRING Z ((439892.239 4476193.4927 0,439894.4057 4476224.8261 0))",2664410,Verde,Batería,12
"MULTILINESTRING Z ((443943.0845 4478337.5754 0,443946.8345 4478339.5754 0,443951.0012 4478342.4087 0,443953.9179 4478344.5754 0,443958.0012 4478348.4087 0,443964.0845 4478355.492 0,443967.5845 4478361.0754 0,443970.4179 4478366.3254 0,443973.5012 4478374.242 0))",2664411,Verde,Línea,9
"MULTILINESTRING Z ((439897.3223 4476264.0761 0,439895.239 4476235.9927 0))",2664412,Verde,Batería,9
"MULTILINESTRING Z ((443895.9881 4478320.1178 0,443909.4889 4478324.9931 0))",2664413,Verde,Línea,2
"MULTILINESTRING Z ((444118.2807 4478423.9511 0,444140.7807 4478438.9511 0))",2664420,Verde,Línea,4
"MULTILINESTRING Z ((443995.3686 4478443.9094 0,443995.5538 4478439.3909 0))",2664423,Verde,Línea,1
"MULTILINESTRING Z ((443996.5908 4478453.8353 0,443996.9612 4478444.0946 0))",2664424,Verde,Línea,2
"MULTILINESTRING Z ((443995.6679 4478470.9087 0,443994.5012 4478480.4087 0))",2664425,Verde,Línea,2
"MULTILINESTRING Z ((444002.5723 4478506.7427 0,443997.739 4478498.8261 0))",2664426,Verde,Línea,1
"MULTILINESTRING Z ((444012.0307 4478523.4511 0,444004.6557 4478510.5761 0))",2664427,Verde,Línea,3
"MULTILINESTRING Z ((444031.5845 4478510.9087 0,444026.1679 4478518.6587 0,444018.6679 4478523.992 0))",2664428,Verde,Línea,4
"MULTILINESTRING Z ((444033.9653 4478507.144 0,444045.0929 4478490.288 0))",2664429,Verde,Línea,3
"MULTILINESTRING Z ((444047.2493 4478486.8641 0,444049.916 4478482.6172 0))",2664430,Verde,Línea,1
"MULTILINESTRING Z ((444254.0723 4478512.4094 0,444273.989 4478525.4094 0))",2664433,Verde,Línea,5
"MULTILINESTRING Z ((444172.3686 4478459.6378 0,444181.0435 4478465.251 0))",2664436,Verde,Línea,2
"MULTILINESTRING Z ((444104.4619 4478517.3552 0,444125.071 4478530.6776 0))",2664440,Verde,Línea,5
"MULTILINESTRING Z ((444160.2369 4478553.2839 0,444171.5456 4478560.4938 0))",2664442,Verde,Línea,2
"MULTILINESTRING Z ((444180.5771 4478566.288 0,444201.8117 4478579.8957 0))",2664443,Verde,Línea,5
"MULTILINESTRING Z ((444205.1258 4478582.0246 0,444220.4893 4478591.8683 0))",2664444,Verde,Línea,3
"MULTILINESTRING Z ((444224.7143 4478594.5761 0,444240.0229 4478604.3538 0))",2664445,Verde,Línea,3
"MULTILINESTRING Z ((444239.3645 4478614.9958 0,444263.4633 4478630.2222 0))",2664447,Verde,Línea,6
"MULTILINESTRING Z ((444234.7555 4478612.0603 0,444222.4208 4478604.1261 0))",2664448,Verde,Línea,3
"MULTILINESTRING Z ((444180.621 4478577.218 0,444155.1615 4478560.6584 0))",2664451,Verde,Línea,6
"MULTILINESTRING Z ((444151.8748 4478558.5349 0,444125.2081 4478541.5637 0))",2664452,Verde,Línea,6
"MULTILINESTRING Z ((444095.9242 4478526.3785 0,444073.0847 4478561.6872 0))",2664454,Verde,Línea,7
"MULTILINESTRING Z ((444070.7939 4478565.037 0,444067.9736 4478569.1742 0))",2664455,Verde,Línea,1
"MULTILINESTRING Z ((444065.6032 4478572.6584 0,444059.5291 4478581.5473 0))",2664456,Verde,Línea,2
"MULTILINESTRING Z ((444057.669 4478584.2798 0,444050.9859 4478594.2551 0))",2664457,Verde,Línea,3
"MULTILINESTRING Z ((443986.6679 4478506.0754 0,443974.1679 4478546.0754 0))",2664463,Verde,Línea,7
"MULTILINESTRING Z ((443970.3501 4478558.6316 0,443970.0723 4478559.8538 0,443969.8501 4478562.0761 0,443969.8501 4478563.3538 0,443970.239 4478565.5761 0,443970.739 4478568.0205 0,443971.3501 4478569.8538 0,443972.6834 4478572.3538 0,443973.239 4478573.0761 0))",2664464,Verde,Línea,4
"MULTILINESTRING Z ((443977.0168 4478577.1316 0,443978.9057 4478579.0761 0,443980.3501 4478579.965 0,443981.7946 4478580.6872 0,443983.4612 4478581.3538 0,443984.0723 4478581.465 0,443988.1834 4478581.7427 0,444005.9057 4478582.465 0,444013.4612 4478582.9094 0))",2664465,Verde,Línea,7
"MULTILINESTRING Z ((444018.739 4478583.4094 0,444023.9057 4478583.9094 0))",2664466,Verde,Línea,1
"MULTILINESTRING Z ((444028.989 4478584.0761 0,444034.0723 4478584.4927 0))",2664467,Verde,Línea,1
"MULTILINESTRING Z ((444082.0806 4478619.3086 0,444100.4015 4478630.9794 0))",2664469,Verde,Línea,4
"MULTILINESTRING Z ((444106.739 4478635.1594 0,444119.0723 4478643.3261 0))",2664470,Verde,Línea,2
"MULTILINESTRING Z ((444152.9057 4478665.0761 0,444165.0307 4478672.7011 0))",2664473,Verde,Línea,2
"MULTILINESTRING Z ((444138.5307 4478666.3261 0,444175.9057 4478690.3261 0))",2664478,Verde,Línea,10
"MULTILINESTRING Z ((444105.1279 4478645.0761 0,444132.739 4478662.6316 0))",2664479,Verde,Línea,6
"MULTILINESTRING Z ((444080.0307 4478628.8261 0,444101.9057 4478642.8261 0))",2664480,Verde,Línea,4
"MULTILINESTRING Z ((444068.0168 4478638.0205 0,444071.6834 4478634.0205 0))",2664482,Verde,Línea,2
"MULTILINESTRING Z ((444065.239 4478640.9094 0,444046.9057 4478660.3538 0))",2664483,Verde,Línea,4
"MULTILINESTRING Z ((444048.8501 4478608.6872 0,444036.8501 4478601.1872 0))",2664487,Verde,Línea,3
"MULTILINESTRING Z ((444003.8501 4478594.4094 0,444011.5168 4478594.7983 0))",2664490,Verde,Línea,1
"MULTILINESTRING Z ((443971.1834 4478592.965 0,443983.0723 4478593.0761 0,443999.3501 4478593.9094 0))",2664491,Verde,Línea,6
"MULTILINESTRING Z ((443970.4612 4478671.6316 0,443975.4612 4478686.465 0))",2664497,Verde,Línea,3
"MULTILINESTRING Z ((443983.739 4478712.1316 0,443979.5168 4478699.5761 0))",2664498,Verde,Línea,2
"MULTILINESTRING Z ((444045.2946 4478746.3538 0,444058.6834 4478741.5205 0))",2664501,Verde,Línea,3
"MULTILINESTRING Z ((444075.2946 4478756.7983 0,444084.0168 4478781.1316 0))",2664505,Verde,Línea,6
"MULTILINESTRING Z ((444095.0723 4478802.9094 0,444091.4057 4478792.2983 0))",2664506,Verde,Línea,2
"MULTILINESTRING Z ((444091.7807 4478804.5761 0,444098.7807 4478824.7011 0))",2664509,Verde,Línea,3
"MULTILINESTRING Z ((444101.8501 4478834.0761 0,444100.2946 4478829.6316 0))",2664511,Verde,Línea,1
"MULTILINESTRING Z ((444103.5168 4478834.6316 0,444107.5723 4478846.1316 0))",2664512,Verde,Línea,3
"MULTILINESTRING Z ((444008.6834 4478767.1316 0,444061.739 4478748.0761 0))",2664519,Verde,Línea,12
"MULTILINESTRING Z ((444005.0723 4478773.965 0,444015.3501 4478805.2427 0))",2664520,Verde,Línea,7
"MULTILINESTRING Z ((444020.4612 4478820.5761 0,444018.5168 4478814.8538 0))",2664521,Verde,Línea,1
"MULTILINESTRING Z ((444027.739 4478842.465 0,444024.0723 4478831.3538 0))",2664522,Azul,Línea,2
"MULTILINESTRING Z ((442042.9057 4478852.9511 0,442044.9057 4478865.4511 0))",2664553,Verde,Línea,2
"MULTILINESTRING Z ((442033.2807 4478785.2011 0,442041.7807 4478843.7011 0))",2664555,Verde,Línea,13
"MULTILINESTRING Z ((445034.489 4475784.1594 0,445028.489 4475820.9094 0))",2664558,Verde,Línea,7
"MULTILINESTRING Z ((445118.4651 4475847.2498 0,445121.9769 4475841.2211 0))",2664559,Verde,Batería,3
"MULTILINESTRING Z ((445052.5662 4475958.2798 0,445054.6402 4475954.7983 0))",2664560,Verde,Batería,2
"MULTILINESTRING Z ((445146.9057 4475596.1872 0,445200.4057 4475604.3538 0))",2664565,Verde,Línea,10
"MULTILINESTRING Z ((445005.9057 4475544.2427 0,445054.989 4475551.7427 0))",2664567,Verde,Línea,10
"MULTILINESTRING Z ((444984.5723 4475562.3261 0,444983.8223 4475568.2427 0))",2664568,Verde,Línea,1
"MULTILINESTRING Z ((444988.2807 4475509.4511 0,445015.5307 4475493.0761 0,445018.5307 4475492.0761 0,445022.0307 4475491.2011 0,445024.4057 4475490.8261 0,445025.9057 4475490.9511 0))",2664570,Verde,Línea,9
"MULTILINESTRING Z ((444976.2946 4475505.7613 0,445001.6279 4475490.9835 0))",2664572,Azul,Línea,6
"MULTILINESTRING Z ((445169.2946 4475447.7983 0,445185.6279 4475436.0576 0))",2664573,Verde,Línea,4
"MULTILINESTRING Z ((444927.5723 4475683.1594 0,444959.489 4475688.5761 0))",2664574,Verde,Línea,6
"MULTILINESTRING Z ((445055.5538 4475284.2057 0,445053.0353 4475280.2798 0))",2664575,Verde,Línea,1
"MULTILINESTRING Z ((445017.1279 4475205.9094 0,445021.5168 4475218.9094 0,445027.6834 4475233.1872 0))",2664576,Verde,Línea,5
"MULTILINESTRING Z ((444855.0307 4475176.4511 0,444861.4057 4475182.9511 0))",2664580,Verde,Batería,4
"MULTILINESTRING Z ((439008.5814 4474996.6398 0,439012.3889 4474994.4475 0,439021.3886 4474991.7938 0,439048.3875 4474983.1403 0,439068.3483 4474976.679 0,439082.1939 4474972.0638 0))",2664581,Naranja,Línea,15
"MULTILINESTRING Z ((439099.0394 4474963.2949 0,439111.7313 4474952.4492 0,439122.577 4474943.5649 0,439147.8453 4474924.8733 0,439183.3824 4474900.2973 0))",2664582,Naranja,Línea,24
"MULTILINESTRING Z ((444817.989 4475248.2427 0,444839.6557 4475269.0761 0))",2664583,Verde,Batería,12
"MULTILINESTRING Z ((444653.739 4474860.4094 0,444661.489 4474868.2427 0))",2664601,Verde,Batería,4
"MULTILINESTRING Z ((444745.4057 4474934.4094 0,444761.9057 4474972.2427 0))",2664605,Verde,Línea,9
"MULTILINESTRING Z ((444706.1279 4474962.9094 0,444716.7946 4474973.465 0))",2664606,Verde,Línea,3
"MULTILINESTRING Z ((444781.8995 4474858.1316 0,444781.0106 4474858.5514 0,444777.2575 4474860.7983 0,444773.3563 4474863.7859 0,444771.5785 4474865.3168 0,444770.3686 4474866.6501 0,444766.3686 4474872.2551 0,444764.097 4474876.6008 0,444760.6649 4474883.8847 0,444758.1711 4474890.4526 0,444757.2575 4474893.2921 0,444755.8995 4474899.6625 0,444755.455 4474902.6995 0,444755.3316 4474904.2798 0))",2664614,Verde,Línea,11
"MULTILINESTRING Z ((444780.8223 4474910.7427 0,444812.5723 4474896.3261 0))",2664615,Verde,Batería,14
"MULTILINESTRING Z ((444815.9057 4474828.8261 0,444825.2807 4474830.4511 0,444840.2807 4474834.0761 0,444855.5307 4474839.7011 0))",2664620,Verde,Línea,8
"MULTILINESTRING Z ((444853.2807 4474907.0761 0,444891.7807 4474890.4511 0))",2664622,Verde,Batería,17
"MULTILINESTRING Z ((444390.3501 4474841.4094 0,444420.739 4474870.5205 0))",2664636,Verde,Batería,14
"MULTILINESTRING Z ((444468.9057 4474916.9511 0,444525.1557 4474971.2011 0))",2664638,Verde,Batería,28
"MULTILINESTRING Z ((444164.4057 4474684.9511 0,444167.2807 4474693.9511 0,444170.2807 4474699.2011 0,444174.6557 4474704.9511 0,444180.1557 4474710.3261 0,444187.2807 4474714.8261 0,444191.9057 4474717.0761 0,444197.0307 4474718.5761 0))",2664639,Verde,Batería,17
"MULTILINESTRING Z ((444170.6557 4474667.0761 0,444179.0307 4474691.7011 0,444184.4057 4474697.9511 0,444191.2807 4474703.0761 0,444198.4057 4474706.3261 0,444204.7807 4474707.7011 0,444210.0307 4474707.5761 0,444332.6557 4474680.4511 0))",2664640,Verde,Línea,37
"MULTILINESTRING Z ((444332.6557 4474697.3261 0,444350.9057 4474693.2011 0))",2664641,Verde,Batería,7
"MULTILINESTRING Z ((444290.6557 4474706.4511 0,444309.6557 4474702.3261 0))",2664642,Verde,Batería,7
"MULTILINESTRING Z ((444470.6649 4474668.9464 0,444468.0353 4474671.465 0,444461.739 4474678.4279 0))",2664644,Verde,Línea,2
"MULTILINESTRING Z ((444475.3316 4474664.9094 0,444478.9612 4474661.8353 0,444482.5168 4474659.3168 0,444486.9983 4474656.7242 0,444491.9983 4474654.3168 0))",2664646,Verde,Línea,4
"MULTILINESTRING Z ((444492.1557 4474638.2011 0,444512.9057 4474632.7011 0,444520.9057 4474630.9511 0,444532.6557 4474630.4511 0,444574.6557 4474631.3261 0))",2664647,Verde,Línea,16
"MULTILINESTRING Z ((444598.8871 4474646.1316 0,444601.6526 4474646.4032 0,444604.7637 4474647.0452 0))",2664648,Verde,Línea,1
"MULTILINESTRING Z ((444625.7946 4474653.3538 0,444612.0723 4474648.965 0))",2664649,Verde,Línea,3
"MULTILINESTRING Z ((444643.5168 4474572.2427 0,444650.6279 4474557.965 0,444656.5168 4474546.8538 0,444658.4057 4474543.5205 0,444661.1834 4474539.2983 0))",2664651,Verde,Línea,8
"MULTILINESTRING Z ((444622.0168 4474618.3538 0,444626.9612 4474607.465 0))",2664652,Verde,Línea,2
"MULTILINESTRING Z ((444615.239 4474606.4927 0,444625.6557 4474583.9094 0))",2664653,Verde,Línea,5
"MULTILINESTRING Z ((444858.6834 4474418.5761 0,444878.9612 4474413.6872 0,444882.5723 4474412.965 0,444884.7946 4474412.6872 0))",2664654,Azul,Línea,5
"MULTILINESTRING Z ((444696.239 4474696.4094 0,444722.6557 4474691.2427 0))",2664655,Verde,Batería,7
"MULTILINESTRING Z ((444492.9057 4476134.7427 0,444506.8223 4476137.0761 0))",2664665,Verde,Línea,2
"MULTILINESTRING Z ((444535.489 4476080.9927 0,444531.0723 4476080.1594 0))",2664671,Verde,Línea,1
"MULTILINESTRING Z ((445218.8501 4476352.2798 0,445223.6649 4476344.2798 0))",2664766,Verde,Línea,2
"MULTILINESTRING Z ((445064.4612 4476391.0761 0,445076.6279 4476371.1872 0))",2664786,Verde,Batería,9
"MULTILINESTRING Z ((445162.9612 4476423.8538 0,445148.4612 4476447.465 0))",2664793,Verde,Línea,6
"MULTILINESTRING Z ((445110.0723 4476335.8724 0,445126.8501 4476319.465 0))",2664811,Verde,Batería,9
"MULTILINESTRING Z ((439986.9612 4474270.465 0,439990.2946 4474280.6316 0,439992.9057 4474289.5205 0,439995.2946 4474296.965 0))",2664860,Verde,Línea,4
"MULTILINESTRING Z ((439995.6834 4474297.0761 0,439998.1834 4474304.8538 0))",2664861,Verde,Línea,1
"MULTILINESTRING Z ((444197.9057 4475080.7011 0,444190.2807 4475082.4511 0,444187.2807 4475084.2011 0))",2664862,Verde,Batería,4
"MULTILINESTRING Z ((444790.739 4475328.5761 0,444783.5723 4475336.3261 0))",2664863,Verde,Línea,2
"MULTILINESTRING Z ((442695.0723 4477582.9094 0,442725.1557 4477587.8261 0))",2664957,Azul,Batería,11
"MULTILINESTRING Z ((442637.5723 4477574.5761 0,442668.239 4477579.2427 0))",2664969,Azul,Batería,13
"MULTILINESTRING Z ((442520.3223 4477694.9094 0,442518.9057 4477679.6594 0))",2664970,Azul,Línea,3
"MULTILINESTRING Z ((442561.489 4477672.1594 0,442548.1557 4477668.6594 0))",2664973,Verde,Línea,3
"MULTILINESTRING Z ((442609.5723 4477426.6594 0,442613.989 4477409.9094 0))",2664974,Verde,Línea,4
"MULTILINESTRING Z ((442724.5723 4477577.2427 0,442728.8223 4477577.9094 0))",2664981,Verde,Línea,1
"MULTILINESTRING Z ((443566.6557 4473608.5162 0,443555.0723 4473609.6829 0))",2665004,Verde,Batería,3
"MULTILINESTRING Z ((443599.4057 4473605.3495 0,443623.489 4473603.3495 0))",2665005,Verde,Batería,8
"MULTILINESTRING Z ((443627.4549 4473603.2088 0,443639.7683 4473602.3374 0))",2665006,Verde,Batería,4
"MULTILINESTRING Z ((440625.6557 4475428.5761 0,440655.9057 4475430.9094 0))",2665025,Verde,Línea,6
"MULTILINESTRING Z ((443128.0723 4477644.9927 0,443114.8223 4477658.4094 0))",2665043,Verde,Línea,4
"MULTILINESTRING Z ((443142.739 4477630.1594 0,443130.489 4477642.4094 0))",2665044,Verde,Línea,4
"MULTILINESTRING Z ((443114.239 4477676.4094 0,443153.6557 4477698.1594 0))",2665047,Verde,Batería,16
"MULTILINESTRING Z ((443214.6557 4477731.8261 0,443234.239 4477742.4927 0))",2665053,Verde,Batería,8
"MULTILINESTRING Z ((443130.6557 4477753.1594 0,443122.9057 4477749.3261 0))",2665062,Azul,Línea,2
"MULTILINESTRING Z ((443193.5723 4477731.5761 0,443186.489 4477727.6594 0))",2665064,Verde,Línea,1
"MULTILINESTRING Z ((443292.239 4477778.9927 0,443334.6557 4477807.4927 0))",2665074,Azul,Batería,17
"MULTILINESTRING Z ((443345.0723 4477814.4927 0,443362.5723 4477826.2427 0))",2665075,Azul,Batería,8
"MULTILINESTRING Z ((443507.239 4477939.1594 0,443503.5723 4477947.1594 0))",2665082,Verde,Línea,2
"MULTILINESTRING Z ((443395.1557 4477987.4927 0,443374.489 4477973.5761 0))",2665083,Verde,Línea,5
"MULTILINESTRING Z ((443370.8223 4477971.0761 0,443354.1557 4477959.9927 0))",2665085,Verde,Línea,4
"MULTILINESTRING Z ((443224.9057 4478184.9927 0,443231.1557 4478184.9927 0))",2665094,Verde,Línea,2
"MULTILINESTRING Z ((443269.239 4478181.9094 0,443240.1557 4478185.3261 0,443235.5723 4478185.0761 0))",2665095,Verde,Línea,6
"MULTILINESTRING Z ((443203.239 4478067.9927 0,443207.239 4478047.9094 0))",2665099,Verde,Línea,4
"MULTILINESTRING Z ((442985.6557 4477949.4094 0,442995.1557 4477951.2427 0))",2665111,Verde,Batería,4
"MULTILINESTRING Z ((443115.5168 4477896.2983 0,443126.3501 4477899.5205 0))",2665112,Verde,Línea,2
"MULTILINESTRING Z ((443167.239 4477908.2427 0,443158.6279 4477908.5761 0,443156.5723 4477908.2427 0))",2665114,Verde,Línea,2
"MULTILINESTRING Z ((443210.8223 4477899.1594 0,443205.239 4477898.3261 0))",2665120,Verde,Línea,1
"MULTILINESTRING Z ((443200.9057 4477897.9927 0,443188.0723 4477899.0761 0,443169.989 4477900.8261 0,443163.0723 4477901.2427 0,443157.989 4477900.9094 0,443145.3223 4477897.4927 0))",2665122,Verde,Línea,12
"MULTILINESTRING Z ((442536.1279 4476109.5205 0,442544.739 4476108.9094 0))",2665124,Verde,Línea,1
"MULTILINESTRING Z ((441950.5168 4476328.8538 0,441951.739 4476342.2983 0))",2665126,Verde,Batería,6
"MULTILINESTRING Z ((441952.1834 4476346.9094 0,441952.8501 4476355.5761 0))",2665127,Verde,Batería,4
"MULTILINESTRING Z ((443228.989 4477907.7427 0,443220.239 4477906.0761 0))",2665128,Verde,Línea,2
"MULTILINESTRING Z ((441953.3223 4476362.9094 0,441954.3223 4476379.2427 0))",2665129,Verde,Batería,6
"MULTILINESTRING Z ((440839.1094 4480062.6501 0,440849.9242 4480062.502 0))",2665132,Verde,Línea,2
"MULTILINESTRING Z ((442550.739 4478025.0761 0,442550.3223 4478021.6594 0))",2665135,Verde,Batería,1
"MULTILINESTRING Z ((442550.239 4478020.6594 0,442549.989 4478016.8261 0))",2665136,Verde,Batería,1
"MULTILINESTRING Z ((442948.6557 4477399.5761 0,442946.3223 4477409.4927 0))",2665153,Verde,Batería,4
"MULTILINESTRING Z ((442931.4057 4477471.0761 0,442929.3223 4477479.6594 0))",2665157,Verde,Batería,4
"MULTILINESTRING Z ((440739.239 4477447.7983 0,440739.7946 4477454.3538 0))",2665160,Verde,Línea,1
"MULTILINESTRING Z ((440740.5908 4477464.7613 0,440741.3686 4477476.1687 0))",2665161,Verde,Línea,2
"MULTILINESTRING Z ((442920.739 4477512.4927 0,442917.5723 4477524.7427 0))",2665162,Verde,Batería,5
"MULTILINESTRING Z ((440746.097 4477415.8353 0,440746.4427 4477420.7242 0))",2665163,Verde,Línea,1
"MULTILINESTRING Z ((440748.9057 4477455.0205 0,440747.1834 4477431.465 0))",2665164,Verde,Línea,5
"MULTILINESTRING Z ((442895.489 4477613.3261 0,442907.0723 4477566.3261 0))",2665168,Verde,Batería,18
"MULTILINESTRING Z ((440751.9612 4477498.7983 0,440751.2946 4477488.9094 0))",2665172,Verde,Línea,2
"MULTILINESTRING Z ((440876.6834 4477527.7427 0,440874.739 4477493.1872 0,440873.5723 4477477.465 0))",2665173,Verde,Línea,10
"MULTILINESTRING Z ((442356.6402 4478372.0576 0,442376.8625 4478370.5514 0))",2665175,Verde,Línea,4
"MULTILINESTRING Z ((442795.239 4477605.3261 0,442803.239 4477607.5761 0))",2665179,Verde,Batería,2
"MULTILINESTRING Z ((442807.739 4477608.8261 0,442831.3223 4477615.4094 0))",2665182,Azul,Batería,10
"MULTILINESTRING Z ((442838.9057 4477617.7427 0,442870.739 4477626.9927 0))",2665183,Azul,Batería,13
"MULTILINESTRING Z ((442988.739 4477511.1594 0,443023.1557 4477531.1594 0))",2665186,Verde,Línea,8
"MULTILINESTRING Z ((442924.239 4477767.9927 0,442936.3223 4477754.2427 0))",2665193,Verde,Batería,8
"MULTILINESTRING Z ((438249.5723 4473696.5761 0,438255.1834 4473697.4094 0))",2665198,Verde,Línea,1
"MULTILINESTRING Z ((438295.0858 4474006.4818 0,438286.5835 4474003.0657 0,438284.0784 4474001.3956 0))",2665199,Verde,Línea,2
"MULTILINESTRING Z ((440658.989 4478013.4927 0,440659.489 4478019.3261 0))",2665203,Verde,Línea,1
"MULTILINESTRING Z ((442936.8223 4477645.9094 0,442943.8223 4477647.5761 0))",2665205,Azul,Batería,3
"MULTILINESTRING Z ((442923.989 4477642.6594 0,442907.739 4477638.4927 0))",2665206,Azul,Batería,6
"MULTILINESTRING Z ((442898.1557 4477643.5761 0,442879.5723 4477718.6594 0))",2665207,Verde,Batería,29
"MULTILINESTRING Z ((438552.1735 4475729.9755 0,438529.8824 4475758.5358 0))",2665208,Naranja,Batería,14
"MULTILINESTRING Z ((438516.9567 4475745.9197 0,438541.9567 4475716.5854 0))",2665209,Naranja,Línea,8
"MULTILINESTRING Z ((442883.0307 4477720.4511 0,442879.6557 4477733.8261 0))",2665231,Verde,Batería,5
"MULTILINESTRING Z ((442875.5723 4477734.3261 0,442867.9057 4477764.5761 0))",2665235,Verde,Batería,12
"MULTILINESTRING Z ((442514.4057 4477060.6594 0,442515.3223 4477068.9094 0))",2665239,Verde,Línea,2
"MULTILINESTRING Z ((442519.4057 4477028.8261 0,442524.989 4477086.5761 0,442526.9057 4477105.0761 0))",2665241,Verde,Línea,16
"MULTILINESTRING Z ((438577.989 4475884.1594 0,438620.739 4475825.7427 0))",2665270,Verde,Batería,24
"MULTILINESTRING Z ((441101.739 4475388.8538 0,441104.8501 4475386.9094 0))",2665275,Azul,Línea,1
"MULTILINESTRING Z ((439471.8194 4475363.8801 0,439491.3757 4475327.837 0))",2665277,Azul,Línea,7
"MULTILINESTRING Z ((439559.9828 4475308.7384 0,439584.0123 4475282.8965 0))",2665280,Verde,Línea,7
"MULTILINESTRING Z ((439489.2976 4475295.0574 0,439486.9005 4475289.9124 0))",2665282,Verde,Línea,1
"MULTILINESTRING Z ((439461.8771 4475235.4222 0,439457.0829 4475225.0153 0))",2665284,Verde,Línea,2
"MULTILINESTRING Z ((439456.4983 4475223.4952 0,439447.6115 4475203.8506 0))",2665285,Verde,Línea,4
"MULTILINESTRING Z ((439427.85 4475160.2351 0,439425.219 4475154.5639 0))",2665286,Verde,Línea,1
"MULTILINESTRING Z ((439424.7513 4475153.6285 0,439414.8706 4475131.8792 0))",2665287,Verde,Línea,4
"MULTILINESTRING Z ((439408.9655 4475118.6659 0,439406.2176 4475112.8193 0))",2665288,Verde,Línea,1
"MULTILINESTRING Z ((439392.6536 4475083.0602 0,439388.7363 4475073.1794 0))",2665291,Verde,Línea,2
"MULTILINESTRING Z ((439400.4057 4475216.6594 0,439414.8223 4475194.7427 0))",2665298,Verde,Línea,5
"MULTILINESTRING Z ((439651.5988 4475124.6879 0,439645.8692 4475121.1214 0))",2665299,Verde,Línea,1
"MULTILINESTRING Z ((439707.3715 4475099.2129 0,439718.5089 4475082.8137 0))",2665301,Verde,Línea,4
"MULTILINESTRING Z ((439721.1557 4475078.8261 0,439730.6557 4475064.9927 0))",2665302,Verde,Línea,3
"MULTILINESTRING Z ((439731.1557 4475064.2427 0,439740.239 4475051.1594 0))",2665303,Verde,Línea,3
"MULTILINESTRING Z ((439300.9872 4475110.2626 0,439290.1128 4475123.8556 0))",2665304,Verde,Línea,3
"MULTILINESTRING Z ((439236.1797 4475197.6081 0,439242.9323 4475188.2246 0))",2665305,Verde,Línea,2
"MULTILINESTRING Z ((441865.8995 4480891.144 0,441875.8254 4480889.0699 0))",2665351,Verde,Línea,2
"MULTILINESTRING Z ((441876.0229 4480887.3415 0,441881.1588 4480886.2304 0))",2665352,Verde,Línea,1
"MULTILINESTRING Z ((439320.489 4476409.2427 0,439322.489 4476440.1594 0))",2665458,Verde,Batería,10
"MULTILINESTRING Z ((439387.3223 4476071.4094 0,439339.0723 4476073.7427 0))",2665459,Verde,Línea,9
"MULTILINESTRING Z ((443113.9057 4475103.1594 0,443150.239 4475100.6594 0))",2665462,Azul,Línea,8
"MULTILINESTRING Z ((443157.739 4475099.9927 0,443218.0723 4475095.4927 0))",2665463,Azul,Línea,12
"MULTILINESTRING Z ((443081.9854 4472772.0534 0,443168.8658 4472895.033 0))",2665464,Azul,Línea,30
"MULTILINESTRING Z ((443140.4445 4472921.7032 0,443154.5878 4472912.005 0))",2665465,Verde,Línea,2
"MULTILINESTRING Z ((443168.0576 4472903.1149 0,443155.1266 4472911.6009 0))",2665466,Verde,Línea,3
"MULTILINESTRING Z ((444190.5908 4475094.2798 0,444186.1464 4475096.2551 0))",2665539,Verde,Línea,1
"MULTILINESTRING Z ((443821.5438 4474745.078 0,443807.501 4474741.5995 0))",2665612,Azul,Línea,3
"MULTILINESTRING Z ((443835.7154 4474747.7835 0,443846.5373 4474749.4583 0))",2665614,Azul,Línea,2
"MULTILINESTRING Z ((443846.989 4474749.5761 0,443859.5723 4474751.1594 0,443864.239 4474751.4927 0))",2665615,Azul,Línea,4
"MULTILINESTRING Z ((443870.239 4474752.4094 0,443889.4057 4474753.9094 0,443905.1557 4474754.4094 0,443935.4057 4474754.8261 0))",2665616,Azul,Línea,13
"MULTILINESTRING Z ((443944.739 4474754.9927 0,444087.8223 4474756.3261 0))",2665617,Azul,Línea,28
"MULTILINESTRING Z ((440181.5723 4478156.0761 0,440184.4057 4478174.0761 0))",2665650,Verde,Línea,4
"MULTILINESTRING Z ((443825.2807 4479057.9511 0,443844.1557 4479079.4511 0))",2665658,Verde,Batería,12
"MULTILINESTRING Z ((443822.1557 4478819.8261 0,443795.9057 4478751.9511 0))",2665661,Verde,Batería,25
"MULTILINESTRING Z ((444040.239 4478879.3261 0,444035.5723 4478865.4094 0))",2665684,Azul,Línea,2
"MULTILINESTRING Z ((444052.5723 4478683.4927 0,444057.0723 4478681.8261 0))",2665686,Verde,Línea,1
"MULTILINESTRING Z ((444069.8223 4478740.9094 0,444071.5723 4478746.6594 0))",2665689,Verde,Línea,1
"MULTILINESTRING Z ((443858.1557 4478399.1594 0,443863.0723 4478384.1594 0))",2665696,Verde,Batería,6
"MULTILINESTRING Z ((443861.239 4478379.9927 0,443851.3223 4478376.6594 0))",2665697,Verde,Batería,4
"MULTILINESTRING Z ((443822.239 4478436.9927 0,443861.489 4478485.1594 0))",2665698,Verde,Batería,20
"MULTILINESTRING Z ((443907.9612 4478525.465 0,443934.8501 4478534.465 0))",2665699,Verde,Batería,9
"MULTILINESTRING Z ((443919.0723 4478542.9094 0,443927.1834 4478545.4094 0,443929.1279 4478545.2427 0,443930.3501 4478544.7427 0,443931.1279 4478544.2427 0,443931.7946 4478543.6316 0))",2665700,Verde,Batería,5
"MULTILINESTRING Z ((443832.6834 4478409.2983 0,443853.0168 4478416.1872 0))",2665702,Verde,Línea,4
"MULTILINESTRING Z ((443948.3501 4478475.8538 0,443943.4612 4478490.2427 0))",2665703,Verde,Batería,5
"MULTILINESTRING Z ((443941.4057 4478495.8538 0,443939.0723 4478503.2427 0))",2665704,Verde,Batería,3
"MULTILINESTRING Z ((443919.239 4478495.4094 0,443921.5723 4478487.965 0,443932.4057 4478478.4094 0))",2665707,Verde,Batería,8
"MULTILINESTRING Z ((443905.5723 4478583.9094 0,443913.1557 4478592.4927 0,443915.739 4478595.1594 0,443919.489 4478597.5761 0))",2665714,Verde,Línea,4
"MULTILINESTRING Z ((443955.9057 4478710.4927 0,443948.5723 4478716.8261 0))",2665716,Verde,Línea,2
"MULTILINESTRING Z ((444060.989 4478390.5761 0,444051.239 4478384.4927 0,444038.5723 4478377.1594 0,444031.8223 4478373.7427 0,444026.0723 4478371.6594 0,444023.6557 4478370.9927 0))",2665718,Verde,Batería,14
"MULTILINESTRING Z ((442615.239 4477224.0761 0,442639.4057 4477248.9094 0))",2665726,Verde,Línea,7
"MULTILINESTRING Z ((442687.3223 4477319.1594 0,442648.9057 4477356.2427 0))",2665757,Verde,Línea,11
"MULTILINESTRING Z ((440799.8419 4478615.8847 0,440815.9406 4478667.967 0))",2665766,Verde,Línea,11
"MULTILINESTRING Z ((440797.1834 4478607.2427 0,440790.6834 4478586.3538 0))",2665767,Verde,Línea,4
"MULTILINESTRING Z ((440748.739 4478452.3261 0,440740.989 4478425.9927 0))",2665770,Verde,Línea,6
"MULTILINESTRING Z ((443192.8501 4477096.1316 0,443200.6834 4477102.5761 0))",2665772,Azul,Batería,4
"MULTILINESTRING Z ((442490.4057 4477346.0761 0,442492.9057 4477372.1594 0))",2665780,Azul,Línea,8
"MULTILINESTRING Z ((442516.239 4477650.965 0,442516.8501 4477657.6316 0))",2665781,Azul,Línea,2
"MULTILINESTRING Z ((442514.989 4477638.4927 0,442511.8223 4477605.2427 0,442509.989 4477583.6594 0))",2665782,Azul,Línea,11
"MULTILINESTRING Z ((442601.0723 4477415.4094 0,442593.5723 4477442.0761 0))",2665787,Verde,Batería,11
"MULTILINESTRING Z ((442592.239 4477445.9094 0,442590.6557 4477451.5761 0))",2665789,Verde,Batería,2
"MULTILINESTRING Z ((444849.1341 4475983.6872 0,444855.4304 4475945.5143 0))",2665792,Azul,Línea,7
"MULTILINESTRING Z ((444807.739 4475976.1594 0,444815.0723 4475933.3261 0))",2665798,Verde,Línea,8
"MULTILINESTRING Z ((444816.3357 4475925.5143 0,444820.4674 4475901.3991 0))",2665803,Verde,Línea,5
"MULTILINESTRING Z ((444754.2287 4475912.5102 0,444760.5332 4475877.5308 0))",2665822,Verde,Batería,14
"MULTILINESTRING Z ((443098.739 4475251.0761 0,443099.1557 4475255.6594 0))",2665832,Verde,Línea,1
"MULTILINESTRING Z ((444676.3316 4475921.9835 0,444679.739 4475903.0946 0))",2665837,Verde,Línea,3
"MULTILINESTRING Z ((444459.9242 4475808.1316 0,444495.6279 4475817.8724 0))",2665846,Verde,Línea,7
"MULTILINESTRING Z ((444454.0353 4475883.9835 0,444464.0723 4475824.1316 0))",2665848,Verde,Línea,12
"MULTILINESTRING Z ((444525.4797 4475866.0822 0,444526.2205 4475861.9835 0))",2665849,Verde,Línea,1
"MULTILINESTRING Z ((444527.6279 4475896.8724 0,444528.9983 4475889.0576 0))",2665850,Azul,Línea,1
"MULTILINESTRING Z ((444676.4797 4475865.5761 0,444666.9983 4475917.4279 0))",2665889,Verde,Batería,18
"MULTILINESTRING Z ((444531.5127 4475938.1289 0,444566.4352 4475944.1373 0))",2665892,Azul,Línea,7
"MULTILINESTRING Z ((444452.739 4475845.965 0,444448.5723 4475869.965 0,444447.8501 4475874.5205 0))",2665893,Azul,Línea,5
"MULTILINESTRING Z ((444341.1094 4475900.4279 0,444356.5538 4475903.0946 0))",2665895,Azul,Línea,3
"MULTILINESTRING Z ((444304.9118 4475818.5761 0,444306.097 4475811.8106 0))",2665897,Verde,Línea,1
"MULTILINESTRING Z ((444310.9118 4475784.1069 0,444309.4304 4475792.8724 0))",2665898,Verde,Línea,1
"MULTILINESTRING Z ((444308.097 4475800.502 0,444307.381 4475804.4773 0))",2665899,Verde,Línea,1
"MULTILINESTRING Z ((444303.7267 4475773.646 0,444295.809 4475771.4897 0))",2665900,Verde,Línea,1
"MULTILINESTRING Z ((444131.8748 4475821.1028 0,444185.776 4475790.8724 0))",2665906,Verde,Línea,12
"MULTILINESTRING Z ((444181.739 4475744.4094 0,444115.3223 4475769.1594 0))",2665910,Verde,Línea,14
"MULTILINESTRING Z ((444135.4057 4475485.3261 0,444135.9057 4475440.4094 0,444135.8223 4475376.9927 0))",2665951,Verde,Línea,20
"MULTILINESTRING Z ((444176.4674 4475514.0329 0,444176.5662 4475525.6625 0))",2665961,Azul,Línea,2
"MULTILINESTRING Z ((444177.1464 4475595.1316 0,444177.4057 4475630.1687 0))",2665963,Azul,Línea,7
"MULTILINESTRING Z ((444175.2946 4475677.0946 0,444175.4057 4475691.0205 0,444175.3686 4475691.2057 0,444175.2575 4475691.2057 0))",2665975,Verde,Línea,2
"MULTILINESTRING Z ((444256.1958 4475741.9588 0,444240.739 4475750.6748 0))",2665992,Verde,Línea,3
"MULTILINESTRING Z ((444262.2946 4475738.539 0,444297.6279 4475718.539 0))",2665999,Verde,Línea,8
"MULTILINESTRING Z ((444187.2946 4475605.3538 0,444186.9983 4475574.5761 0,444186.5908 4475504.8724 0))",2666011,Verde,Línea,20
"MULTILINESTRING Z ((444185.8995 4475436.3538 0,444186.0723 4475450.6748 0))",2666014,Verde,Línea,3
"MULTILINESTRING Z ((444221.8254 4475365.5884 0,444232.4674 4475365.539 0,444259.2081 4475365.0205 0,444263.8501 4475365.0452 0,444267.7513 4475365.2674 0,444271.2575 4475365.6872 0,444274.8378 4475366.2551 0,444277.455 4475366.823 0))",2666019,Verde,Línea,13
"MULTILINESTRING Z ((444343.1464 4475411.7242 0,444358.0353 4475423.1687 0))",2666023,Verde,Línea,3
"MULTILINESTRING Z ((444394.4921 4475676.2304 0,444402.3439 4475671.9341 0))",2666087,Verde,Línea,1
"MULTILINESTRING Z ((444266.2575 4475755.539 0,444275.2946 4475757.9835 0))",2666091,Verde,Línea,1
"MULTILINESTRING Z ((444546.3686 4475743.7983 0,444552.4797 4475706.8724 0))",2666100,Verde,Línea,7
"MULTILINESTRING Z ((444534.2205 4475639.1193 0,444544.4427 4475637.3909 0))",2666131,Verde,Línea,2
"MULTILINESTRING Z ((444558.8625 4475634.9958 0,444549.9736 4475636.4773 0))",2666134,Verde,Línea,1
"MULTILINESTRING Z ((444432.5168 4475755.2798 0,444434.9612 4475741.2057 0))",2666147,Verde,Línea,2
"MULTILINESTRING Z ((444691.4797 4475782.1316 0,444695.1834 4475756.2304 0,444704.1464 4475690.181 0))",2666155,Verde,Batería,34
"MULTILINESTRING Z ((444562.7143 4475746.0329 0,444577.7267 4475748.3785 0))",2666156,Verde,Línea,3
"MULTILINESTRING Z ((444631.2987 4475696.3127 0,444630.6567 4475700.1975 0))",2666162,Verde,Línea,1
"MULTILINESTRING Z ((444689.7184 4475848.2798 0,444697.5867 4475804.5596 0))",2666168,Verde,Línea,8
"MULTILINESTRING Z ((444823.6279 4475870.3868 0,444824.9941 4475862.4526 0))",2666182,Verde,Línea,1
"MULTILINESTRING Z ((444753.3398 4475858.6337 0,444760.9448 4475816.2139 0))",2666189,Verde,Línea,8
"MULTILINESTRING Z ((444788.8871 4475763.218 0,444808.418 4475786.7489 0))",2666208,Verde,Línea,6
"MULTILINESTRING Z ((444711.4797 4475700.7242 0,444710.8131 4475709.9094 0,444708.1464 4475730.1316 0))",2666224,Verde,Línea,6
"MULTILINESTRING Z ((444816.3686 4475723.5761 0,444806.2205 4475709.465 0,444805.776 4475708.7983 0,444805.6279 4475708.4279 0,444805.5168 4475707.7242 0,444805.5538 4475706.8353 0,444807.1834 4475696.9464 0))",2666254,Verde,Línea,6
"MULTILINESTRING Z ((444778.5168 4475670.5761 0,444798.0353 4475697.9094 0))",2666255,Verde,Línea,6
"MULTILINESTRING Z ((444804.3522 4475646.0905 0,444811.3481 4475647.358 0))",2666258,Verde,Batería,3
"MULTILINESTRING Z ((444800.5538 4475636.5761 0,444822.9753 4475640.1991 0))",2666259,Verde,Batería,9
"MULTILINESTRING Z ((444878.8871 4475747.4279 0,444876.776 4475760.3168 0))",2666270,Verde,Línea,2
"MULTILINESTRING Z ((444906.6279 4475632.2427 0,444902.1094 4475661.0946 0))",2666272,Verde,Línea,5
"MULTILINESTRING Z ((439444.4057 4472624.4094 0,439442.239 4472618.1594 0))",2666273,Azul,Batería,3
"MULTILINESTRING Z ((444882.0723 4475783.539 0,444884.4427 4475769.2921 0))",2666274,Verde,Línea,2
"MULTILINESTRING Z ((444857.0353 4475606.539 0,444837.2575 4475603.2798 0))",2666285,Verde,Batería,7
"MULTILINESTRING Z ((444842.8048 4475548.4773 0,444860.1382 4475578.8312 0))",2666302,Verde,Batería,15
"MULTILINESTRING Z ((444869.4304 4475603.9588 0,444872.3933 4475583.0452 0,444872.4921 4475579.7613 0,444872.2946 4475577.144 0,444871.2575 4475573.8353 0,444864.418 4475562.0576 0))",2666304,Verde,Línea,8
"MULTILINESTRING Z ((444916.0723 4475571.1687 0,444913.3316 4475588.8724 0))",2666313,Verde,Línea,3
"MULTILINESTRING Z ((444945.489 4475517.3261 0,444934.1557 4475498.4927 0,444903.4254 4475446.6689 0,444883.9057 4475415.4511 0))",2666316,Verde,Línea,23
"MULTILINESTRING Z ((444954.2807 4475488.8261 0,444934.7807 4475455.5761 0))",2666317,Verde,Línea,7
"MULTILINESTRING Z ((444860.204 4475408.1645 0,444864.8954 4475403.5555 0))",2666324,Verde,Línea,1
"MULTILINESTRING Z ((444837.989 4475403.4094 0,444829.5723 4475395.6594 0))",2666327,Verde,Línea,2
"MULTILINESTRING Z ((444780.7143 4475349.5143 0,444816.6402 4475383.3168 0))",2666330,Verde,Línea,10
"MULTILINESTRING Z ((444728.8131 4475400.9835 0,444752.0723 4475423.1687 0,444792.6279 4475461.7242 0))",2666342,Verde,Batería,36
"MULTILINESTRING Z ((444731.9242 4475423.4732 0,444772.6155 4475461.6296 0))",2666343,Verde,Batería,24
"MULTILINESTRING Z ((444583.3755 4475616.0987 0,444578.964 4475592.2304 0))",2666346,Verde,Línea,4
"MULTILINESTRING Z ((444619.1588 4475481.7613 0,444624.4921 4475478.7736 0))",2666349,Verde,Batería,3
"MULTILINESTRING Z ((444390.6073 4475595.1604 0,444455.1999 4475577.3333 0))",2666374,Verde,Línea,13
"MULTILINESTRING Z ((444406.8871 4475451.7613 0,444420.739 4475463.7613 0))",2666376,Verde,Línea,3
"MULTILINESTRING Z ((444460.4057 4475485.6316 0,444430.239 4475471.1872 0))",2666377,Verde,Línea,6
"MULTILINESTRING Z ((444461.455 4475569.4897 0,444461.7513 4475561.1934 0))",2666380,Verde,Línea,1
"MULTILINESTRING Z ((442503.739 4477496.2427 0,442504.3223 4477502.5761 0))",2666381,Azul,Línea,1
"MULTILINESTRING Z ((442503.239 4477511.9927 0,442505.9057 4477542.2427 0,442506.6557 4477547.3261 0))",2666385,Azul,Línea,7
"MULTILINESTRING Z ((444719.6608 4475277.646 0,444771.3316 4475326.2551 0))",2666388,Verde,Batería,26
"MULTILINESTRING Z ((441630.7807 4475958.4511 0,441633.0307 4475969.9511 0))",2666389,Azul,Línea,2
"MULTILINESTRING Z ((444714.2575 4475271.1316 0,444720.8131 4475264.0576 0))",2666390,Verde,Línea,2
"MULTILINESTRING Z ((444753.1258 4475247.1769 0,444755.0847 4475248.823 0))",2666392,Azul,Batería,1
"MULTILINESTRING Z ((441624.5307 4475912.4511 0,441632.4057 4475950.3261 0))",2666393,Azul,Línea,8
"MULTILINESTRING Z ((444766.1217 4475255.1193 0,444771.702 4475260.2304 0))",2666394,Azul,Batería,3
"MULTILINESTRING Z ((444151.6526 4475354.5514 0,444164.418 4475354.4032 0))",2666412,Verde,Línea,3
"MULTILINESTRING Z ((444108.8405 4475318.4965 0,444110.4756 4475316.3676 0))",2666415,Verde,Batería,1
"MULTILINESTRING Z ((444532.4566 4475080.8873 0,444538.4057 4475086.4511 0))",2666437,Azul,Batería,3
"MULTILINESTRING Z ((444175.7807 4475396.9511 0,444175.9057 4475413.7011 0))",2666441,Azul,Línea,3
"MULTILINESTRING Z ((444173.1557 4475375.7011 0,444173.2807 4475387.7011 0))",2666447,Azul,Línea,2
"MULTILINESTRING Z ((444708.2575 4475262.8724 0,444712.5908 4475257.9464 0))",2666449,Verde,Línea,1
"MULTILINESTRING Z ((444174.6557 4475331.4511 0,444174.7807 4475336.2011 0))",2666450,Azul,Línea,1
"MULTILINESTRING Z ((443981.0723 4478748.3261 0,443976.489 4478734.0761 0))",2666508,Azul,Batería,5
"MULTILINESTRING Z ((444500.6396 4475047.4169 0,444498.913 4475045.7854 0))",2666509,Azul,Batería,1
"MULTILINESTRING Z ((444044.5723 4478408.9094 0,444026.239 4478402.8261 0))",2666514,Verde,Línea,4
"MULTILINESTRING Z ((444127.989 4478649.0761 0,444146.3223 4478660.9094 0))",2666517,Verde,Línea,5
"MULTILINESTRING Z ((444442.5662 4474955.9588 0,444477.1341 4474987.6625 0))",2666555,Verde,Batería,17
"MULTILINESTRING Z ((444089.3069 4475353.6872 0,444089.381 4475347.4403 0))",2666559,Verde,Línea,1
"MULTILINESTRING Z ((444187.6279 4475192.6501 0,444188.8378 4475185.9341 0))",2666565,Verde,Línea,1
"MULTILINESTRING Z ((444219.2946 4475033.7983 0,444220.4612 4475029.6316 0,444222.5723 4475022.8538 0,444227.239 4475009.9094 0))",2666577,Verde,Línea,5
"MULTILINESTRING Z ((444227.9983 4475357.8724 0,444248.9612 4475357.0205 0,444254.3316 4475356.7242 0,444255.0723 4475357.8724 0,444255.3316 4475357.9094 0,444259.4427 4475357.7242 0,444263.1834 4475357.7242 0,444266.5168 4475357.9094 0,444269.9612 4475358.2057 0,444272.5538 4475358.5761 0,444276.5168 4475359.4279 0,444279.6649 4475360.3168 0))",2666585,Verde,Línea,12
"MULTILINESTRING Z ((444294.4057 4475366.6131 0,444296.6649 4475367.9094 0,444300.4057 4475370.2427 0,444304.5168 4475373.0946 0,444306.8871 4475374.8724 0,444318.3686 4475384.0946 0))",2666586,Verde,Línea,5
"MULTILINESTRING Z ((444335.4427 4475267.7613 0,444344.6649 4475271.2798 0,444348.0723 4475272.6872 0,444360.1834 4475279.3168 0))",2666592,Verde,Batería,9
"MULTILINESTRING Z ((444512.2205 4475336.7242 0,444518.4262 4475331.5884 0))",2666593,Verde,Línea,1
"MULTILINESTRING Z ((444387.5785 4475205.1934 0,444391.3069 4475206.6501 0,444393.8748 4475208.181 0,444395.8748 4475209.8353 0,444409.702 4475222.4773 0,444414.7884 4475226.9958 0))",2666596,Verde,Batería,14
"MULTILINESTRING Z ((443163.9057 4476305.9094 0,443166.239 4476315.3261 0))",2666621,Verde,Línea,2
"MULTILINESTRING Z ((443167.9057 4476321.9094 0,443171.989 4476338.5761 0))",2666625,Verde,Línea,4
"MULTILINESTRING Z ((442692.489 4476502.4094 0,442689.0723 4476500.3261 0))",2666628,Azul,Línea,1
"MULTILINESTRING Z ((442779.3223 4476396.9927 0,442767.4057 4476408.4094 0))",2666643,Verde,Línea,3
"MULTILINESTRING Z ((444880.5826 4475410.074 0,444879.4962 4475408.9053 0,444878.3275 4475408.2304 0))",2666644,Verde,Línea,1
"MULTILINESTRING Z ((444201.3686 4475178.3909 0,444197.5538 4475199.9464 0))",2666645,Verde,Línea,4
"MULTILINESTRING Z ((444188.1711 4475253.3662 0,444189.6032 4475244.6008 0))",2666646,Verde,Línea,1
"MULTILINESTRING Z ((442763.739 4476348.3261 0,442753.489 4476337.1594 0))",2666647,Verde,Línea,3
"MULTILINESTRING Z ((444302.7225 4475263.3415 0,444315.809 4475265.1357 0))",2666652,Verde,Línea,2
"MULTILINESTRING Z ((443986.4057 4478720.0761 0,443999.9057 4478759.5761 0))",2666674,Verde,Línea,9
"MULTILINESTRING Z ((443960.9057 4478867.9094 0,443976.0723 4478884.7427 0))",2666677,Azul,Línea,5
"MULTILINESTRING Z ((443952.6557 4478858.4094 0,443943.0723 4478847.6594 0))",2666678,Verde,Línea,4
"MULTILINESTRING Z ((444478.2575 4475386.8724 0,444477.2946 4475396.2427 0))",2666700,Verde,Línea,1
"MULTILINESTRING Z ((444466.2205 4475412.465 0,444465.8871 4475421.7242 0))",2666702,Verde,Línea,1
"MULTILINESTRING Z ((444435.2575 4475414.539 0,444457.2946 4475393.3168 0))",2666703,Verde,Línea,6
"MULTILINESTRING Z ((444580.8223 4475231.1594 0,444594.989 4475214.9927 0))",2666711,Verde,Batería,9
"MULTILINESTRING Z ((444603.9057 4475225.0761 0,444593.1557 4475237.4094 0))",2666713,Verde,Batería,8
"MULTILINESTRING Z ((444617.5723 4475243.1594 0,444649.9057 4475273.4094 0))",2666716,Verde,Batería,18
"MULTILINESTRING Z ((444658.239 4475264.9094 0,444627.9057 4475236.7427 0))",2666717,Verde,Línea,9
"MULTILINESTRING Z ((444652.6834 4475365.6872 0,444661.5723 4475374.0761 0))",2666730,Verde,Batería,6
"MULTILINESTRING Z ((444655.2575 4475384.0576 0,444662.1464 4475376.465 0))",2666731,Verde,Batería,5
"MULTILINESTRING Z ((444664.9983 4475392.7242 0,444679.4427 4475377.3168 0))",2666732,Verde,Batería,8
"MULTILINESTRING Z ((442972.5723 4476578.4927 0,442966.3223 4476571.7427 0))",2666733,Verde,Línea,2
"MULTILINESTRING Z ((444682.3686 4475333.502 0,444692.702 4475343.2427 0))",2666734,Verde,Batería,6
"MULTILINESTRING Z ((444685.0723 4475352.2057 0,444692.6649 4475344.3538 0))",2666739,Verde,Batería,5
"MULTILINESTRING Z ((444694.5168 4475360.9835 0,444704.1834 4475350.2057 0))",2666742,Verde,Batería,6
"MULTILINESTRING Z ((442965.989 4476571.2427 0,442963.739 4476569.3261 0))",2666743,Verde,Línea,1
"MULTILINESTRING Z ((444715.455 4475321.3168 0,444724.0398 4475329.3059 0))",2666744,Verde,Batería,4
"MULTILINESTRING Z ((444741.4057 4475329.9464 0,444745.2575 4475325.9464 0))",2666745,Verde,Batería,2
"MULTILINESTRING Z ((444716.3316 4475317.9094 0,444721.9612 4475312.1687 0))",2666746,Verde,Línea,1
"MULTILINESTRING Z ((444718.1217 4475297.0452 0,444726.8131 4475305.218 0))",2666748,Verde,Batería,4
"MULTILINESTRING Z ((444729.2575 4475307.502 0,444744.5538 4475321.8724 0))",2666749,Verde,Batería,8
"MULTILINESTRING Z ((444421.7267 4475011.1687 0,444391.5291 4474982.9464 0))",2666752,Verde,Línea,8
"MULTILINESTRING Z ((444385.1834 4474976.9464 0,444361.3686 4474954.3168 0))",2666754,Verde,Línea,6
"MULTILINESTRING Z ((444287.1834 4474926.6501 0,444273.2205 4474945.9094 0))",2666760,Verde,Línea,4
"MULTILINESTRING Z ((444271.9242 4474947.9835 0,444264.776 4474959.2427 0,444254.4427 4474976.5761 0))",2666761,Verde,Línea,6
"MULTILINESTRING Z ((444235.9242 4475038.2057 0,444254.6402 4475045.6131 0))",2666763,Verde,Batería,8
"MULTILINESTRING Z ((444259.1834 4475047.4279 0,444300.9612 4475064.0205 0))",2666764,Verde,Batería,17
"MULTILINESTRING Z ((444291.1834 4475028.2057 0,444294.4057 4475031.4279 0,444314.739 4475050.3168 0))",2666765,Verde,Línea,6
"MULTILINESTRING Z ((444408.2946 4475065.502 0,444439.1464 4475032.6131 0))",2666769,Verde,Batería,19
"MULTILINESTRING Z ((444312.2575 4474973.4279 0,444320.2946 4474963.0946 0))",2666780,Verde,Línea,2
"MULTILINESTRING Z ((444285.455 4475046.7736 0,444305.1094 4475054.6501 0))",2666782,Verde,Línea,5
"MULTILINESTRING Z ((444495.0723 4475219.465 0,444482.2946 4475207.6131 0))",2666788,Verde,Línea,3
"MULTILINESTRING Z ((444474.0353 4475197.465 0,444483.1834 4475205.7242 0))",2666789,Verde,Línea,2
"MULTILINESTRING Z ((444512.2946 4475234.6501 0,444526.4057 4475247.3909 0))",2666794,Verde,Línea,4
"MULTILINESTRING Z ((444382.739 4475190.7242 0,444381.2328 4475190.7242 0,444380.2946 4475190.5761 0,444379.1588 4475190.2798 0,444365.5291 4475185.1934 0,444346.9365 4475177.9835 0))",2666815,Verde,Batería,11
"MULTILINESTRING Z ((444454.5415 4475114.3045 0,444472.6402 4475094.5514 0))",2666830,Verde,Línea,5
"MULTILINESTRING Z ((444478.3686 4475099.9464 0,444471.9612 4475106.9464 0))",2666833,Verde,Línea,1
"MULTILINESTRING Z ((444617.739 4475420.6872 0,444624.6279 4475427.3538 0))",2666834,Verde,Batería,3
"MULTILINESTRING Z ((444617.4057 4475415.3538 0,444629.3501 4475402.5205 0))",2666835,Verde,Batería,7
"MULTILINESTRING Z ((444630.8131 4475427.7613 0,444646.3686 4475411.1687 0))",2666836,Verde,Batería,9
"MULTILINESTRING Z ((440743.3501 4479717.9094 0,440737.739 4479707.0205 0,440734.1834 4479699.8538 0,440733.0723 4479698.0205 0,440727.239 4479683.5205 0,440721.2946 4479669.0205 0))",2666840,Verde,Línea,11
"MULTILINESTRING Z ((439294.5168 4477149.8724 0,439272.0353 4477151.0946 0))",2666841,Azul,Línea,4
"MULTILINESTRING Z ((440396.097 4479309.8106 0,440408.0229 4479301.8106 0))",2666842,Verde,Línea,3
"MULTILINESTRING Z ((440810.1094 4478124.7983 0,440808.9983 4478110.3909 0))",2666843,Verde,Línea,3
"MULTILINESTRING Z ((440804.5538 4478125.9094 0,440805.8871 4478142.3168 0))",2666844,Verde,Línea,3
"MULTILINESTRING Z ((443068.5723 4476506.8261 0,443074.739 4476501.7427 0))",2666855,Verde,Línea,2
"MULTILINESTRING Z ((443078.4057 4476498.6594 0,443075.489 4476501.0761 0))",2666856,Verde,Línea,1
"MULTILINESTRING Z ((443175.489 4476404.7427 0,443176.3223 4476402.5761 0,443177.239 4476399.5761 0,443178.239 4476395.6594 0))",2666857,Verde,Línea,2
"MULTILINESTRING Z ((443178.5723 4476392.6594 0,443179.4057 4476389.2427 0))",2666864,Verde,Línea,1
"MULTILINESTRING Z ((439250.8131 4476998.1069 0,439261.776 4477007.6378 0))",2666870,Verde,Línea,3
"MULTILINESTRING Z ((442236.0723 4477111.8261 0,442251.239 4477126.9927 0))",2666891,Verde,Línea,4
"MULTILINESTRING Z ((442251.9983 4477153.3538 0,442259.8248 4477141.465 0))",2666892,Verde,Línea,3
"MULTILINESTRING Z ((442956.489 4476613.4927 0,442952.9057 4476617.4094 0))",2666895,Verde,Línea,1
"MULTILINESTRING Z ((442951.739 4476618.8261 0,442946.8223 4476624.6594 0,442939.3223 4476634.4927 0))",2666898,Verde,Línea,4
"MULTILINESTRING Z ((443134.0367 4478673.7228 0,443134.3988 4478677.882 0))",2666913,Verde,Línea,1
"MULTILINESTRING Z ((442857.5785 4477756.6501 0,442855.1834 4477765.6872 0))",2666919,Verde,Línea,2
"MULTILINESTRING Z ((442905.3727 4477015.6707 0,442908.0888 4477018.4691 0))",2666920,Verde,Línea,1
"MULTILINESTRING Z ((440524.3686 4477989.218 0,440541.7267 4477988.181 0))",2666924,Verde,Línea,3
"MULTILINESTRING Z ((440984.7884 4477391.3168 0,440978.8871 4477391.7859 0))",2666925,Verde,Línea,1
"MULTILINESTRING Z ((444887.5168 4475868.3538 0,444885.5168 4475879.8353 0))",2666927,Verde,Batería,5
"MULTILINESTRING Z ((444875.2822 4475867.9999 0,444874.3604 4475874.1728 0))",2666928,Verde,Batería,3
"MULTILINESTRING Z ((444871.8913 4475866.8477 0,444872.5168 4475863.2427 0))",2666930,Verde,Batería,2
"MULTILINESTRING Z ((444870.8048 4475875.0617 0,444873.9818 4475875.539 0))",2666931,Verde,Línea,1
"MULTILINESTRING Z ((439464.8871 4481171.539 0,439467.8131 4481172.3168 0))",2666932,Verde,Batería,1
"MULTILINESTRING Z ((439469.8871 4481154.6131 0,439472.702 4481155.3909 0))",2666933,Verde,Batería,1
"MULTILINESTRING Z ((440193.669 4480461.9588 0,440211.7102 4480463.967 0))",2666954,Azul,Línea,3
"MULTILINESTRING Z ((440733.3223 4471997.3261 0,440674.989 4472002.8261 0))",2666979,Verde,Batería,23
"MULTILINESTRING Z ((443148.2863 4476610.4032 0,443157.9324 4476614.1892 0))",2666986,Verde,Línea,2
"MULTILINESTRING Z ((444729.6526 4475612.502 0,444732.1464 4475615.9094 0))",2667024,Verde,Línea,1
"MULTILINESTRING Z ((439158.1 4473198.0908 0,439163.7314 4473176.2941 0))",2667032,Azul,Línea,6
"MULTILINESTRING Z ((439244.6244 4476599.7074 0,439253.0384 4476599.0449 0))",2667034,Verde,Línea,1
"MULTILINESTRING Z ((439253.7671 4476599.0449 0,439263.0423 4476598.3824 0))",2667035,Verde,Línea,2
"MULTILINESTRING Z ((442912.8501 4472715.4094 0,442916.9057 4472712.9094 0))",2667037,Verde,Línea,1
"MULTILINESTRING Z ((442573.9057 4474394.8538 0,442583.6279 4474394.0761 0))",2667038,Verde,Línea,2
"MULTILINESTRING Z ((439394.239 4474980.9927 0,439405.9057 4474964.8261 0))",2667089,Verde,Línea,4
"MULTILINESTRING Z ((440743.989 4472015.6594 0,440743.4057 4472008.9094 0))",2667090,Azul,Línea,1
"MULTILINESTRING Z ((441450.489 4471186.9094 0,441456.0723 4471174.5761 0))",2667093,Verde,Línea,3
"MULTILINESTRING Z ((440975.5723 4475554.9927 0,440971.4057 4475567.7427 0))",2667094,Alta Rotación,Línea,2
"MULTILINESTRING Z ((440962.4057 4475595.4094 0,440971.4057 4475567.9927 0))",2667095,Verde,Línea,5
"MULTILINESTRING Z ((440949.489 4475634.9094 0,440960.9057 4475599.7427 0))",2667099,Alta Rotación,Línea,8
"MULTILINESTRING Z ((440942.6557 4475656.1594 0,440947.4057 4475641.0761 0))",2667101,Alta Rotación,Línea,3
"MULTILINESTRING Z ((442590.6649 4480612.2427 0,442595.3686 4480627.502 0))",2667102,Verde,Línea,3
"MULTILINESTRING Z ((442598.2287 4480636.9053 0,442596.846 4480632.3785 0))",2667103,Verde,Línea,1
"MULTILINESTRING Z ((444387.1834 4475676.7901 0,444371.595 4475685.3662 0))",2667116,Azul,Línea,3
"MULTILINESTRING Z ((441177.5908 4479757.502 0,441214.6649 4479774.2798 0))",2667133,Verde,Línea,8
"MULTILINESTRING Z ((440086.632 4480016.7917 0,440091.7046 4480015.1726 0))",2667143,Verde,Línea,1
"MULTILINESTRING Z ((439748.4179 4479226.9087 0,439713.9179 4479188.1587 0))",2667155,Verde,Batería,18
"MULTILINESTRING Z ((439718.5845 4479086.992 0,439719.4179 4479103.3254 0))",2667156,Verde,Batería,6
"MULTILINESTRING Z ((439619.2822 4479081.0452 0,439655.3069 4479078.2551 0))",2667159,Verde,Línea,7
"MULTILINESTRING Z ((439662.2452 4479077.7613 0,439670.5662 4479077.144 0))",2667160,Verde,Línea,1
"MULTILINESTRING Z ((440943.6517 4480144.932 0,440939.8464 4480148.3368 0))",2667182,Azul,Línea,1
"MULTILINESTRING Z ((440944.7867 4480154.2785 0,440948.9258 4480150.3396 0))",2667183,Azul,Línea,1
"MULTILINESTRING Z ((440998.7143 4480091.4156 0,440994.5662 4480095.5143 0))",2667189,Azul,Línea,1
"MULTILINESTRING Z ((440978.8131 4480110.9218 0,440986.5908 4480103.4156 0))",2667190,Azul,Línea,2
"MULTILINESTRING Z ((439735.9612 4481068.3168 0,439802.8625 4481085.9341 0))",2667193,Azul,Línea,15
"MULTILINESTRING Z ((441066.6834 4477993.4094 0,441068.0168 4478012.0205 0))",2667201,Azul,Línea,3
"MULTILINESTRING Z ((441063.7513 4478014.3292 0,441064.7637 4478027.1193 0))",2667202,Azul,Línea,2
"MULTILINESTRING Z ((441109.9983 4478894.7489 0,441110.7637 4478904.6501 0))",2667209,Azul,Línea,2
"MULTILINESTRING Z ((441116.226 4478911.4073 0,441115.6882 4478904.6913 0))",2667213,Azul,Línea,2
"MULTILINESTRING Z ((441116.1958 4478932.0082 0,441114.6896 4478912.7489 0))",2667217,Azul,Batería,7
"MULTILINESTRING Z ((439185.5703 4477563.1111 0,439184.2369 4477559.8683 0,439182.525 4477555.0123 0,439179.5785 4477543.9999 0))",2667230,Alta Rotación,Línea,4
"MULTILINESTRING Z ((443645.7019 4474845.852 0,443577.0808 4474847.3138 0))",2667243,Verde,Línea,14
"MULTILINESTRING Z ((440586.8223 4476309.4927 0,440594.5723 4476281.9927 0))",2667246,Verde,Batería,9
"MULTILINESTRING Z ((441187.0106 4477001.3168 0,441235.6649 4476998.0946 0))",2667251,Alta Rotación,Línea,10
"MULTILINESTRING Z ((441236.2863 4476998.074 0,441253.2904 4476996.9218 0))",2667252,Azul,Línea,4
"MULTILINESTRING Z ((440765.3223 4472575.9927 0,440824.0723 4472570.4094 0))",2667260,Verde,Línea,10
"MULTILINESTRING Z ((440759.1557 4472576.3261 0,440748.4057 4472577.4094 0))",2667262,Verde,Línea,2
"MULTILINESTRING Z ((442898.2039 4474220.5147 0,442908.7039 4474219.6814 0))",2667264,Verde,Línea,2
"MULTILINESTRING Z ((439312.1501 4472658.8887 0,439318.3389 4472635.2472 0))",2667268,Verde,Línea,4
"MULTILINESTRING Z ((439309.1557 4472669.2427 0,439311.5723 4472659.7427 0))",2667269,Verde,Línea,2
"MULTILINESTRING Z ((441088.4057 4472316.5761 0,441086.8223 4472300.2427 0))",2667296,Azul,Línea,3
"MULTILINESTRING Z ((441089.5723 4472328.9094 0,441088.4057 4472317.3261 0))",2667297,Azul,Línea,2
"MULTILINESTRING Z ((441090.489 4472339.5761 0,441089.5723 4472329.9927 0))",2667298,Azul,Línea,2
"MULTILINESTRING Z ((441091.8223 4472353.4094 0,441090.6557 4472340.4927 0))",2667299,Azul,Línea,2
"MULTILINESTRING Z ((440978.1279 4472730.6872 0,440997.8501 4472728.6316 0))",2667306,Azul,Línea,3
"MULTILINESTRING Z ((444560.1711 4475794.2386 0,444571.8913 4475796.181 0))",2667323,Verde,Línea,2
"MULTILINESTRING Z ((438053.6557 4475663.0761 0,438074.9057 4475635.1594 0))",2667406,Verde,Línea,7
"MULTILINESTRING Z ((442912.239 4475542.1594 0,442959.739 4475538.8261 0))",2667408,Verde,Batería,17
"MULTILINESTRING Z ((443438.8223 4477508.0761 0,443434.9057 4477508.8261 0))",2667460,Verde,Batería,1
"MULTILINESTRING Z ((443655.489 4476662.4094 0,443679.4057 4476649.8261 0))",2667472,Verde,Línea,6
"MULTILINESTRING Z ((443648.489 4476621.1594 0,443641.8223 4476607.9927 0))",2667477,Verde,Batería,6
"MULTILINESTRING Z ((443662.489 4476626.0761 0,443658.0723 4476616.9927 0))",2667482,Verde,Línea,2
"MULTILINESTRING Z ((443649.4057 4476600.9927 0,443655.4057 4476612.8261 0))",2667483,Verde,Línea,3
"MULTILINESTRING Z ((443651.2807 4476575.2011 0,443637.7807 4476549.4511 0,443632.1557 4476538.3261 0,443627.4057 4476529.5761 0,443624.6557 4476524.9511 0,443622.4057 4476522.7011 0,443619.7807 4476522.0761 0,443616.5307 4476522.5761 0,443609.7807 4476524.9511 0,443601.2807 4476527.3261 0,443598.9057 4476527.5761 0,443593.5307 4476527.4511 0))",2667489,Verde,Línea,19
"MULTILINESTRING Z ((443656.5307 4476584.9511 0,443678.2807 4476626.7011 0))",2667490,Verde,Línea,10
"MULTILINESTRING Z ((440507.6401 4479622.8994 0,440510.0845 4479622.3439 0))",2667495,Verde,Batería,1
"MULTILINESTRING Z ((439547.0372 4480468.8072 0,439549.3783 4480468.9023 0))",2667497,Verde,Batería,1
"MULTILINESTRING Z ((439641.0591 4480750.5461 0,439644.9268 4480751.5753 0))",2667498,Verde,Batería,2
"MULTILINESTRING Z ((444155.8422 4475704.2168 0,444157.9199 4475704.1875 0))",2667499,Verde,Batería,1
"MULTILINESTRING Z ((444765.5209 4475861.5966 0,444766.8707 4475853.7777 0))",2667504,Verde,Batería,3
"MULTILINESTRING Z ((444764.9777 4475852.6255 0,444770.5908 4475819.4897 0))",2667507,Verde,Batería,13
"MULTILINESTRING Z ((442832.9057 4476327.9094 0,442825.8223 4476334.5761 0))",2667518,Verde,Batería,4
"MULTILINESTRING Z ((444647.3367 4476114.9986 0,444641.3466 4476150.3124 0))",2667543,Verde,Línea,7
"MULTILINESTRING Z ((444565.739 4475558.6872 0,444561.4612 4475535.965 0))",2667550,Verde,Línea,4
"MULTILINESTRING Z ((444559.1834 4475506.3374 0,444558.5579 4475507.3086 0,444557.9818 4475508.5102 0,444557.5867 4475509.6954 0,444557.3563 4475510.8971 0,444557.2575 4475512.5432 0,444557.9489 4475516.9382 0))",2667551,Verde,Línea,2
"MULTILINESTRING Z ((444738.489 4476226.0761 0,444745.6557 4476184.8261 0))",2667556,Verde,Línea,8
"MULTILINESTRING Z ((444824.9057 4476057.0761 0,444831.7807 4476017.3261 0))",2667561,Verde,Línea,8
"MULTILINESTRING Z ((444814.0845 4476190.742 0,444836.7512 4476194.8254 0))",2667564,Verde,Línea,4
"MULTILINESTRING Z ((444934.6557 4476200.7011 0,444941.7807 4476156.2011 0))",2667566,Verde,Línea,8
"MULTILINESTRING Z ((444969.989 4476037.9094 0,444968.9057 4476045.3261 0))",2667571,Verde,Línea,1
"MULTILINESTRING Z ((442852.989 4476239.8261 0,442848.739 4476235.6594 0))",2667572,Verde,Línea,1
"MULTILINESTRING Z ((445171.8871 4476261.7242 0,445191.2575 4476242.502 0))",2667586,Verde,Línea,5
"MULTILINESTRING Z ((445150.4921 4476282.8971 0,445137.455 4476295.8106 0))",2667588,Verde,Línea,3
"MULTILINESTRING Z ((445136.6279 4476449.6872 0,445098.6279 4476425.6316 0))",2667596,Verde,Línea,9
"MULTILINESTRING Z ((445171.2575 4476426.6872 0,445167.4797 4476433.0946 0))",2667600,Verde,Línea,1
"MULTILINESTRING Z ((445177.4057 4476428.4511 0,445220.7807 4476455.7011 0))",2667601,Verde,Línea,10
"MULTILINESTRING Z ((445203.8871 4476371.6131 0,445197.3316 4476382.6872 0))",2667604,Verde,Línea,2
"MULTILINESTRING Z ((439442.6557 4475151.9094 0,439453.1557 4475135.4927 0))",2667609,Verde,Línea,4
"MULTILINESTRING Z ((443621.0723 4477026.4094 0,443631.9057 4477007.2427 0))",2667610,Verde,Línea,5
"MULTILINESTRING Z ((439243.0723 4475607.8261 0,439248.4057 4475598.9094 0))",2667612,Verde,Línea,2
"MULTILINESTRING Z ((445171.6557 4476280.4094 0,445222.6557 4476312.1594 0))",2667615,Verde,Línea,12
"MULTILINESTRING Z ((441334.0723 4474279.7427 0,441334.6557 4474236.4927 0))",2667616,Verde,Línea,8
"MULTILINESTRING Z ((445244.4612 4476271.3538 0,445231.2946 4476263.1316 0))",2667618,Verde,Línea,3
"MULTILINESTRING Z ((445237.2946 4476259.0946 0,445247.3316 4476265.2057 0))",2667619,Verde,Línea,2
"MULTILINESTRING Z ((445210.9242 4476243.0205 0,445230.6279 4476255.0205 0))",2667620,Verde,Línea,4
"MULTILINESTRING Z ((443830.6557 4477047.8261 0,443829.4057 4477045.4094 0,443828.1557 4477042.4927 0,443827.5723 4477040.6594 0,443827.0723 4477037.4094 0,443826.5723 4477032.1594 0,443826.4057 4477029.2427 0,443826.489 4477024.2427 0,443826.0723 4477021.9927 0))",2667621,Verde,Línea,6
"MULTILINESTRING Z ((443744.6557 4477038.6594 0,443752.4057 4477024.9927 0))",2667626,Verde,Línea,3
"MULTILINESTRING Z ((444280.097 4475035.0452 0,444286.0723 4475019.7859 0,444288.2205 4475014.5267 0,444293.3316 4475004.1563 0,444300.5908 4474990.181 0,444304.9612 4474983.0699 0,444307.455 4474979.7613 0))",2667685,Verde,Línea,12
"MULTILINESTRING Z ((440262.1464 4479866.181 0,440265.7807 4479871.2011 0))",2667716,Azul,Línea,1
"MULTILINESTRING Z ((444172.2205 4475305.1687 0,444172.2946 4475323.6501 0))",2667727,Verde,Línea,3
"MULTILINESTRING Z ((444406.4208 4475665.7558 0,444420.9941 4475660.0054 0,444438.6073 4475655.3854 0,444449.3398 4475653.5308 0))",2667744,Verde,Línea,9
"MULTILINESTRING Z ((441995.489 4476400.7427 0,441998.5723 4476400.5761 0))",2667765,Verde,Línea,1
"MULTILINESTRING Z ((441449.239 4477736.0761 0,441450.3223 4477751.5761 0))",2667768,Verde,Línea,3
"MULTILINESTRING Z ((441406.489 4471400.3261 0,441386.0723 4471391.4927 0))",2667863,Verde,Línea,5
"MULTILINESTRING Z ((441378.3223 4471388.4094 0,441384.989 4471391.3261 0))",2667864,Verde,Línea,1
"MULTILINESTRING Z ((441566.6557 4474749.7427 0,441558.3223 4474754.3261 0))",2667865,Verde,Línea,2
"MULTILINESTRING Z ((443167.4057 4477075.6594 0,443170.8223 4477078.1594 0))",2667918,Verde,Batería,2
"MULTILINESTRING Z ((442584.0723 4477554.2427 0,442597.989 4477555.9927 0))",2667919,Verde,Línea,3
"MULTILINESTRING Z ((442637.5723 4477470.3261 0,442646.239 4477472.5761 0))",2667920,Verde,Línea,2
"MULTILINESTRING Z ((442676.739 4478585.9927 0,442677.739 4478595.9927 0))",2667931,Verde,Línea,3
"MULTILINESTRING Z ((441121.4057 4478492.2427 0,441136.3223 4478490.9094 0))",2667933,Verde,Batería,6
"MULTILINESTRING Z ((441116.776 4476760.2057 0,441131.0353 4476759.1687 0))",2667934,Verde,Línea,3
"MULTILINESTRING Z ((441217.489 4476743.8261 0,441229.1557 4476743.0761 0))",2667939,Verde,Línea,2
"MULTILINESTRING Z ((442699.9057 4477071.9094 0,442691.739 4477087.4094 0))",2667954,Verde,Línea,3
"MULTILINESTRING Z ((439439.5908 4476876.8724 0,439439.0353 4476866.9094 0))",2667957,Verde,Batería,3
"MULTILINESTRING Z ((443078.3223 4476378.2427 0,443076.0723 4476380.6594 0))",2668027,Verde,Línea,1
"MULTILINESTRING Z ((443076.6557 4476382.5761 0,443069.6557 4476389.4094 0))",2668028,Verde,Línea,2
"MULTILINESTRING Z ((443743.6557 4476538.3261 0,443776.4057 4476601.9511 0))",2668039,Verde,Batería,26
"MULTILINESTRING Z ((443860.0307 4476618.0761 0,443850.7807 4476600.4511 0))",2668044,Verde,Línea,4
"MULTILINESTRING Z ((443857.8223 4476469.2427 0,443878.8223 4476469.0761 0))",2668077,Verde,Batería,9
"MULTILINESTRING Z ((443477.489 4476969.3261 0,443478.989 4476957.4927 0))",2668081,Azul,Línea,3
"MULTILINESTRING Z ((443479.6557 4476951.5761 0,443479.1557 4476955.2427 0))",2668082,Azul,Línea,1
"MULTILINESTRING Z ((443840.9057 4477126.3261 0,443828.5723 4477149.3261 0))",2668093,Verde,Batería,10
"MULTILINESTRING Z ((443332.989 4476686.0761 0,443341.0723 4476689.4094 0))",2668102,Verde,Línea,2
"MULTILINESTRING Z ((443326.489 4476683.3261 0,443332.739 4476685.8261 0))",2668106,Verde,Línea,1
"MULTILINESTRING Z ((440932.2527 4478267.207 0,440929.6312 4478267.3996 0))",2668133,Verde,Batería,1
"MULTILINESTRING Z ((443255.3223 4476413.7427 0,443237.5723 4476407.7427 0))",2668151,Verde,Línea,4
"MULTILINESTRING Z ((442163.489 4479852.1594 0,442132.8223 4479849.3261 0,442113.4057 4479847.1594 0))",2668205,Verde,Línea,10
"MULTILINESTRING Z ((442628.3223 4479815.3261 0,442628.489 4479823.2427 0,442629.239 4479831.2427 0,442630.239 4479839.8261 0,442634.0723 4479866.8261 0))",2668206,Verde,Línea,11
"MULTILINESTRING Z ((442635.4057 4479873.8261 0,442636.239 4479880.4927 0))",2668208,Verde,Línea,1
"MULTILINESTRING Z ((442089.9057 4479724.5761 0,442057.8223 4479715.9927 0))",2668209,Verde,Línea,6
"MULTILINESTRING Z ((442046.6557 4479569.4927 0,442069.239 4479565.9927 0))",2668211,Azul,Línea,4
"MULTILINESTRING Z ((442204.5723 4479630.1316 0,442205.0168 4479638.5761 0))",2668212,Verde,Línea,2
"MULTILINESTRING Z ((442299.489 4479634.5761 0,442312.989 4479664.9094 0,442317.6557 4479674.6594 0))",2668215,Verde,Línea,8
"MULTILINESTRING Z ((442348.989 4479713.2427 0,442367.6557 4479738.4927 0,442379.9057 4479755.2427 0,442404.1557 4479788.9094 0))",2668216,Azul,Línea,20
"MULTILINESTRING Z ((442717.4057 4479619.9094 0,442721.0723 4479639.6594 0))",2668220,Verde,Línea,4
"MULTILINESTRING Z ((442402.3223 4479637.0761 0,442409.3223 4479677.9927 0))",2668222,Verde,Línea,6
"MULTILINESTRING Z ((443428.5723 4476566.2427 0,443426.6557 4476527.8261 0))",2668223,Verde,Línea,8
"MULTILINESTRING Z ((443437.6557 4476540.3261 0,443438.239 4476555.7427 0))",2668227,Verde,Batería,5
"MULTILINESTRING Z ((442926.9057 4479692.9511 0,442958.9057 4479696.9511 0))",2668228,Verde,Línea,6
"MULTILINESTRING Z ((443031.6557 4479686.5761 0,443020.739 4479668.9094 0))",2668229,Verde,Línea,4
"MULTILINESTRING Z ((443009.5723 4479651.2427 0,443018.0723 4479665.3261 0))",2668230,Verde,Línea,3
"MULTILINESTRING Z ((443073.989 4479543.1594 0,443085.3223 4479564.0761 0,443095.6557 4479583.4094 0))",2668237,Verde,Línea,9
"MULTILINESTRING Z ((442643.9057 4479504.2427 0,442647.489 4479517.0761 0))",2668244,Azul,Línea,2
"MULTILINESTRING Z ((442707.4057 4479560.1316 0,442703.5168 4479535.0205 0))",2668248,Verde,Línea,5
"MULTILINESTRING Z ((443094.5307 4479451.4511 0,443104.2807 4479452.3261 0,443107.6557 4479452.3261 0))",2668263,Verde,Línea,2
"MULTILINESTRING Z ((443094.2807 4479376.2011 0,443101.6557 4479378.0761 0,443124.1557 4479386.8261 0))",2668265,Verde,Batería,12
"MULTILINESTRING Z ((443693.1557 4476834.2427 0,443698.4057 4476844.8261 0,443698.4057 4476857.8261 0,443698.5723 4476868.9927 0))",2668267,Verde,Batería,14
"MULTILINESTRING Z ((443227.9057 4479374.4511 0,443251.1557 4479370.3261 0))",2668268,Verde,Batería,10
"MULTILINESTRING Z ((443206.5723 4479440.7427 0,443212.1557 4479472.0761 0))",2668270,Verde,Línea,6
"MULTILINESTRING Z ((441572.739 4479191.9094 0,441573.4057 4479200.8261 0))",2668271,Verde,Línea,1
"MULTILINESTRING Z ((441562.0723 4479113.3261 0,441563.1557 4479123.4094 0))",2668272,Verde,Línea,2
"MULTILINESTRING Z ((442123.239 4479187.0761 0,442145.4057 4479171.4927 0))",2668273,Verde,Línea,5
"MULTILINESTRING Z ((442435.4057 4479078.3538 0,442440.8131 4479078.465 0))",2668274,Azul,Línea,1
"MULTILINESTRING Z ((442603.6557 4479269.9094 0,442611.239 4479305.9094 0))",2668300,Verde,Línea,7
"MULTILINESTRING Z ((442595.239 4479228.2427 0,442601.5723 4479259.6594 0))",2668306,Verde,Línea,6
"MULTILINESTRING Z ((442645.4057 4479227.5761 0,442650.1557 4479255.1594 0))",2668307,Azul,Línea,5
"MULTILINESTRING Z ((442556.489 4479104.1594 0,442567.239 4479144.7427 0))",2668310,Azul,Línea,8
"MULTILINESTRING Z ((442520.8223 4479079.6594 0,442528.5723 4479079.8261 0))",2668311,Azul,Línea,1
"MULTILINESTRING Z ((442585.489 4479082.7427 0,442595.239 4479082.7427 0))",2668314,Azul,Línea,1
"MULTILINESTRING Z ((442732.0723 4479066.9927 0,442774.5723 4479064.3261 0))",2668317,Verde,Línea,8
"MULTILINESTRING Z ((442945.5723 4479235.9927 0,442958.9057 4479259.9094 0))",2668323,Azul,Línea,4
"MULTILINESTRING Z ((443209.739 4479137.7427 0,443202.739 4479149.0205 0))",2668329,Azul,Línea,2
"MULTILINESTRING Z ((443349.2946 4479120.5761 0,443349.5723 4479134.8538 0,443349.5723 4479140.2983 0,443349.3501 4479149.5205 0))",2668336,Verde,Línea,5
"MULTILINESTRING Z ((443359.0723 4479174.5761 0,443361.1557 4479153.3261 0,443361.8223 4479136.9927 0,443361.4057 4479122.1594 0))",2668338,Verde,Batería,20
"MULTILINESTRING Z ((441653.1557 4478946.9094 0,441654.0723 4478957.4927 0))",2668345,Verde,Batería,4
"MULTILINESTRING Z ((441657.489 4479000.5761 0,441654.3223 4478960.4094 0))",2668346,Verde,Batería,16
"MULTILINESTRING Z ((442371.702 4479062.0946 0,442395.9983 4479062.539 0))",2668349,Verde,Línea,5
"MULTILINESTRING Z ((442409.8131 4479062.6872 0,442403.5168 4479062.6872 0))",2668350,Verde,Línea,1
"MULTILINESTRING Z ((442166.9242 4478896.7983 0,442175.9242 4478896.5761 0))",2668353,Verde,Línea,1
"MULTILINESTRING Z ((443020.239 4478968.3261 0,443028.239 4478967.9094 0))",2668355,Verde,Línea,1
"MULTILINESTRING Z ((440986.3174 4478262.8564 0,440989.4057 4478262.6594 0))",2668421,Verde,Batería,1
"MULTILINESTRING Z ((440919.8742 4478268.2458 0,440922.7994 4478267.9835 0))",2668424,Verde,Batería,1
"MULTILINESTRING Z ((441764.1557 4479753.5761 0,441811.5307 4479766.4511 0))",2668557,Verde,Línea,10
"MULTILINESTRING Z ((443086.989 4479361.2427 0,443080.4057 4479361.4094 0))",2668558,Verde,Línea,1
"MULTILINESTRING Z ((444481.776 4475675.218 0,444484.4427 4475659.7119 0))",2668748,Verde,Línea,3
"MULTILINESTRING Z ((442692.9118 4477564.6995 0,442696.6155 4477554.4279 0))",2668750,Verde,Línea,2
"MULTILINESTRING Z ((443620.8131 4477026.7489 0,443617.7267 4477032.3045 0))",2668751,Verde,Línea,1
"MULTILINESTRING Z ((444200.739 4476378.4094 0,444098.3621 4476395.7547 0))",2668957,Verde,Batería,36
"MULTILINESTRING Z ((444239.6557 4476539.9094 0,444242.4057 4476553.3261 0,444242.739 4476555.3261 0,444242.739 4476557.7427 0))",2668958,Verde,Línea,4
"MULTILINESTRING Z ((444435.0307 4476840.3261 0,444414.2807 4476925.5761 0,444413.6557 4476926.9511 0))",2668960,Verde,Línea,18
"MULTILINESTRING Z ((444272.5116 4476620.1365 0,444275.3243 4476652.9511 0,444277.5744 4476674.5149 0,444281.8872 4476698.5164 0,444289.3877 4476744.0818 0))",2668961,Verde,Línea,25
"MULTILINESTRING Z ((444348.0788 4476608.8858 0,444364.9549 4476613.5736 0))",2668962,Verde,Línea,4
"MULTILINESTRING Z ((444399.2205 4476705.5761 0,444400.0353 4476704.0946 0,444400.702 4476703.2057 0,444401.8501 4476701.9835 0,444402.702 4476701.3168 0,444404.2946 4476700.4279 0,444405.6279 4476699.8724 0,444407.4057 4476699.502 0,444408.776 4476699.465 0))",2668963,Verde,Línea,3
"MULTILINESTRING Z ((444407.0723 4476672.2427 0,444405.6557 4476677.9094 0,444406.1557 4476682.5761 0,444407.8223 4476685.6594 0,444409.3223 4476687.2427 0,444411.5723 4476688.6594 0))",2668964,Verde,Línea,4
"MULTILINESTRING Z ((444299.1557 4476564.0761 0,444302.6557 4476549.9511 0))",2668965,Verde,Línea,2
"MULTILINESTRING Z ((444343.0307 4476393.0761 0,444331.9057 4476436.2011 0,444330.9057 4476439.4511 0,444330.7807 4476447.4511 0))",2668966,Verde,Línea,11
"MULTILINESTRING Z ((444412.3501 4476597.6872 0,444411.3501 4476601.5761 0))",2668970,Verde,Línea,2
"MULTILINESTRING Z ((444329.3354 4476526.1659 0,444357.1824 4476533.5878 0))",2668972,Verde,Línea,6
"MULTILINESTRING Z ((444331.7104 4476515.3794 0,444332.9771 4476515.7752 0,444357.8355 4476522.3065 0))",2668973,Verde,Línea,5
"MULTILINESTRING Z ((444373.1557 4476393.8261 0,444424.4057 4476431.8261 0))",2668976,Verde,Línea,12
"MULTILINESTRING Z ((444430.1557 4476436.2011 0,444433.2807 4476440.3261 0,444434.2807 4476444.3261 0,444432.9057 4476448.5761 0,444431.5307 4476450.9511 0,444428.6557 4476453.0761 0))",2668977,Verde,Línea,6
"MULTILINESTRING Z ((444352.7807 4476395.9511 0,444349.9057 4476406.9511 0))",2668979,Verde,Línea,1
"MULTILINESTRING Z ((444462.2807 4476445.8261 0,444480.0307 4476435.3261 0))",2668981,Azul,Línea,3
"MULTILINESTRING Z ((444589.7807 4476619.3261 0,444618.1557 4476636.9511 0))",2668991,Verde,Línea,6
"MULTILINESTRING Z ((444640.8223 4476682.5761 0,444635.239 4476691.9094 0))",2668993,Verde,Línea,2
"MULTILINESTRING Z ((444574.3223 4476740.6594 0,444584.5723 4476724.9927 0))",2668996,Verde,Batería,8
"MULTILINESTRING Z ((444463.239 4476826.0761 0,444478.489 4476833.2427 0))",2668997,Verde,Batería,9
"MULTILINESTRING Z ((444541.0307 4476748.0761 0,444517.0307 4476787.8261 0))",2668998,Verde,Batería,16
"MULTILINESTRING Z ((444485.6557 4476708.6594 0,444502.239 4476718.9927 0))",2669001,Verde,Batería,7
"MULTILINESTRING Z ((444501.9057 4476754.9927 0,444493.3223 4476768.9927 0))",2669002,Verde,Batería,6
"MULTILINESTRING Z ((444466.6557 4476757.2427 0,444470.3223 4476741.3261 0))",2669006,Verde,Línea,3
"MULTILINESTRING Z ((444533.3223 4476830.3261 0,444575.5723 4476856.5761 0))",2669013,Verde,Línea,10
"MULTILINESTRING Z ((444561.1557 4476786.3261 0,444618.9057 4476823.2011 0))",2669014,Verde,Línea,14
"MULTILINESTRING Z ((444636.239 4476808.9927 0,444629.989 4476818.4927 0))",2669015,Verde,Línea,2
"MULTILINESTRING Z ((444437.4057 4476877.8261 0,444440.0307 4476868.3261 0))",2669016,Verde,Línea,2
"MULTILINESTRING Z ((444484.739 4476952.2427 0,444497.5723 4476936.4927 0))",2669023,Verde,Línea,5
"MULTILINESTRING Z ((444559.9057 4476984.4094 0,444605.1557 4476930.6594 0))",2669025,Verde,Línea,14
"MULTILINESTRING Z ((444593.489 4476914.1594 0,444604.0723 4476923.1594 0))",2669026,Verde,Línea,2
"MULTILINESTRING Z ((444576.9057 4476979.4927 0,444612.739 4476937.2427 0))",2669027,Verde,Línea,12
"MULTILINESTRING Z ((444581.4057 4477016.8261 0,444574.4057 4477010.8261 0))",2669028,Verde,Línea,1
"MULTILINESTRING Z ((444656.239 4476967.0761 0,444653.6557 4476972.2427 0,444652.989 4476975.9927 0,444653.239 4476979.3261 0,444653.5723 4476981.4927 0,444655.9057 4476986.2427 0))",2669029,Verde,Línea,4
"MULTILINESTRING Z ((444715.8223 4476862.2427 0,444726.239 4476868.9094 0))",2669030,Verde,Línea,2
"MULTILINESTRING Z ((444652.739 4476804.2427 0,444649.702 4476809.465 0))",2669031,Verde,Línea,1
"MULTILINESTRING Z ((444259.2807 4477082.2011 0,444257.2807 4477105.4511 0))",2669035,Azul,Línea,5
"MULTILINESTRING Z ((444406.239 4476955.1594 0,444420.3223 4476966.9094 0))",2669049,Verde,Línea,5
"MULTILINESTRING Z ((444267.8786 4477104.8032 0,444271.9341 4477069.8843 0))",2669053,Verde,Línea,7
"MULTILINESTRING Z ((444340.0307 4477308.0761 0,444329.1557 4477315.7011 0))",2669066,Verde,Línea,3
"MULTILINESTRING Z ((444252.5307 4477193.7011 0,444251.2807 4477198.0761 0,444242.7807 4477239.9511 0))",2669077,Verde,Línea,9
"MULTILINESTRING Z ((444341.9057 4477317.8261 0,444323.7807 4477329.9511 0,444317.2807 4477333.8261 0,444307.7807 4477340.0761 0))",2669092,Verde,Línea,7
"MULTILINESTRING Z ((444500.5723 4477210.6594 0,444494.5723 4477222.4094 0))",2669102,Verde,Línea,1
"MULTILINESTRING Z ((444497.1557 4477027.1594 0,444489.739 4477021.0761 0,444486.5723 4477019.9094 0,444483.8223 4477019.9094 0))",2669103,Verde,Línea,3
"MULTILINESTRING Z ((444703.6557 4476965.2427 0,444753.3223 4476952.5761 0))",2669114,Verde,Línea,10
"MULTILINESTRING Z ((444798.4057 4476935.5761 0,444790.989 4476941.7427 0,444786.1557 4476944.1594 0,444782.6557 4476944.9094 0,444777.239 4476945.5761 0))",2669115,Verde,Línea,5
"MULTILINESTRING Z ((444868.1557 4476872.6594 0,444880.489 4476861.5761 0))",2669117,Verde,Línea,3
"MULTILINESTRING Z ((444860.3223 4476873.4927 0,444856.6557 4476877.4927 0))",2669124,Verde,Batería,3
"MULTILINESTRING Z ((444781.3223 4476959.0761 0,444788.5723 4476956.4094 0,444792.6557 4476954.0761 0,444797.0723 4476951.2427 0,444798.6557 4476949.7427 0))",2669127,Verde,Línea,3
"MULTILINESTRING Z ((444826.739 4477015.4927 0,444808.989 4476946.3261 0))",2669128,Verde,Línea,14
"MULTILINESTRING Z ((444835.1557 4476921.5761 0,444829.8223 4476926.2427 0))",2669134,Verde,Batería,2
"MULTILINESTRING Z ((444896.8223 4476875.6594 0,444899.0723 4476882.4927 0))",2669135,Verde,Línea,1
"MULTILINESTRING Z ((445123.0307 4477269.7011 0,445134.1557 4477286.3261 0))",2669141,Verde,Línea,4
"MULTILINESTRING Z ((445093.7807 4477222.7011 0,445112.5307 4477251.9511 0))",2669142,Verde,Línea,6
"MULTILINESTRING Z ((445061.5307 4477364.5761 0,445095.5307 4477408.7011 0))",2669143,Verde,Línea,10
"MULTILINESTRING Z ((444883.6557 4477347.2011 0,444891.6557 4477355.3261 0))",2669146,Verde,Línea,1
"MULTILINESTRING Z ((444890.5307 4477368.3261 0,444901.2807 4477379.5761 0))",2669147,Verde,Línea,2
"MULTILINESTRING Z ((444921.4057 4477400.3261 0,444956.6557 4477437.5761 0))",2669148,Verde,Línea,9
"MULTILINESTRING Z ((444914.6557 4477536.5761 0,444923.1557 4477542.5761 0))",2669149,Verde,Batería,4
"MULTILINESTRING Z ((444810.3223 4477459.4094 0,444813.5723 4477461.7427 0))",2669152,Verde,Batería,1
"MULTILINESTRING Z ((444804.7946 4477395.7427 0,444814.4057 4477384.965 0))",2669153,Verde,Línea,2
"MULTILINESTRING Z ((444818.6279 4477380.465 0,444828.5723 4477369.8538 0))",2669154,Verde,Línea,2
"MULTILINESTRING Z ((444863.9854 4477320.0329 0,444941.2935 4477259.4508 0))",2669164,Verde,Línea,20
"MULTILINESTRING Z ((444725.4367 4477279.601 0,444718.3249 4477231.9255 0,444718.3249 4477227.9745 0,444718.72 4477224.1552 0))",2669165,Verde,Línea,11
"MULTILINESTRING Z ((444714.5056 4477257.8704 0,444717.7981 4477281.3131 0,444720.9589 4477300.5413 0,444728.9927 4477329.252 0,444735.7094 4477356.1188 0))",2669176,Verde,Línea,21
"MULTILINESTRING Z ((444723.3223 4477193.7427 0,444728.5723 4477195.0761 0))",2669184,Verde,Línea,1
"MULTILINESTRING Z ((444861.3514 4477196.8932 0,444905.2076 4477209.1413 0))",2669190,Verde,Línea,8
"MULTILINESTRING Z ((444600.8483 4477097.1961 0,444672.6249 4477157.2514 0))",2669196,Verde,Línea,18
"MULTILINESTRING Z ((444428.7161 4477400.3701 0,444413.7023 4477435.0073 0))",2669199,Azul,Línea,8
"MULTILINESTRING Z ((444775.3223 4477573.0761 0,444766.0723 4477568.3261 0))",2669249,Verde,Línea,1
"MULTILINESTRING Z ((443422.739 4476719.1594 0,443463.489 4476732.0761 0))",2669299,Verde,Batería,16
"MULTILINESTRING Z ((438369.989 4473890.4927 0,438383.989 4473892.6594 0))",2669385,Verde,Línea,3
"MULTILINESTRING Z ((441171.5642 4473448.3598 0,441162.9668 4473453.0707 0))",2669386,Verde,Línea,2
"MULTILINESTRING Z ((439660.0307 4476342.0761 0,439665.0307 4476414.9511 0))",2669387,Verde,Línea,15
"MULTILINESTRING Z ((439658.4057 4476320.5761 0,439659.9057 4476340.5761 0))",2669389,Verde,Línea,4
"MULTILINESTRING Z ((440797.1557 4472503.0761 0,440809.7807 4472502.3261 0))",2669390,Azul,Línea,2
"MULTILINESTRING Z ((440006.4673 4473994.8031 0,440011.3007 4474006.8865 0))",2669391,Verde,Línea,3
"MULTILINESTRING Z ((440683.0723 4475979.9927 0,440684.3223 4475975.6594 0))",2669393,Verde,Línea,1
"MULTILINESTRING Z ((440858.0723 4474855.8261 0,440864.9057 4474865.8261 0))",2669397,Verde,Línea,2
"MULTILINESTRING Z ((440565.3929 4473764.9303 0,440559.5044 4473764.6948 0))",2669400,Verde,Línea,1
"MULTILINESTRING Z ((440664.739 4475661.5761 0,440683.0723 4475663.4927 0))",2669405,Verde,Línea,3
"MULTILINESTRING Z ((439529.6834 4473776.1872 0,439545.0168 4473787.6872 0))",2669408,Verde,Línea,3
"MULTILINESTRING Z ((439551.5723 4473792.8538 0,439563.1279 4473801.5761 0))",2669409,Verde,Línea,3
"MULTILINESTRING Z ((439866.5723 4475778.5761 0,439865.739 4475767.7427 0))",2669414,Verde,Línea,2
"MULTILINESTRING Z ((443420.9057 4474816.4094 0,443444.4057 4474815.4927 0))",2669450,Verde,Línea,6
"MULTILINESTRING Z ((444177.6197 4475658.0411 0,444177.7678 4475676.5432 0))",2669862,Verde,Línea,4
"MULTILINESTRING Z ((444060.489 4478569.0761 0,444045.4057 4478579.1594 0))",2669867,Azul,Línea,3
"MULTILINESTRING Z ((442589.0723 4479231.9927 0,442590.8223 4479240.9927 0))",2669879,Verde,Línea,2
"MULTILINESTRING Z ((441330.8131 4479714.2551 0,441332.3933 4479707.7613 0))",2669884,Azul,Batería,3
"MULTILINESTRING Z ((442591.6557 4479245.3261 0,442595.1557 4479263.4094 0))",2669886,Verde,Línea,3
"MULTILINESTRING Z ((440830.6557 4476750.5761 0,440831.489 4476761.9927 0))",2669888,Verde,Línea,2
"MULTILINESTRING Z ((442596.3223 4479268.7427 0,442598.739 4479281.2427 0))",2669890,Verde,Línea,2
"MULTILINESTRING Z ((441908.4125 4478118.124 0,441917.1829 4478117.6356 0))",2669892,Verde,Batería,4
"MULTILINESTRING Z ((442599.8223 4479286.0761 0,442601.9057 4479296.8261 0))",2669893,Verde,Línea,2
"MULTILINESTRING Z ((440605.7389 4476796.9241 0,440600.8253 4476797.2945 0))",2669894,Verde,Línea,1
"MULTILINESTRING Z ((442603.239 4479303.0761 0,442604.9057 4479312.0761 0))",2669900,Verde,Línea,2
"MULTILINESTRING Z ((442605.989 4479317.5761 0,442608.6557 4479331.5761 0))",2669906,Verde,Línea,3
"MULTILINESTRING Z ((439829.6279 4478025.2674 0,439829.776 4478023.8353 0,439835.8748 4477985.3662 0))",2669909,Verde,Línea,9
"MULTILINESTRING Z ((439826.2946 4478035.4897 0,439826.8378 4478025.2427 0))",2669911,Verde,Línea,2
"MULTILINESTRING Z ((440720.6557 4477055.1594 0,440721.489 4477068.3261 0))",2669919,Verde,Línea,2
"MULTILINESTRING Z ((442614.5723 4479361.5761 0,442609.6557 4479336.1594 0))",2669923,Verde,Línea,5
"MULTILINESTRING Z ((442617.239 4479374.9094 0,442623.239 4479405.7427 0))",2669926,Verde,Línea,6
"MULTILINESTRING Z ((440714.9983 4476978.2057 0,440715.6279 4476986.7983 0))",2669933,Verde,Línea,1
"MULTILINESTRING Z ((440704.9983 4476831.8724 0,440703.6649 4476812.502 0))",2669981,Verde,Línea,4
"MULTILINESTRING Z ((440481.1423 4479013.0534 0,440477.1423 4479003.5555 0))",2670076,Verde,Batería,3
"MULTILINESTRING Z ((439635.9057 4481074.7011 0,439623.7807 4481121.3261 0))",2670106,Verde,Línea,10
"MULTILINESTRING Z ((439623.9612 4481130.0761 0,439625.8501 4481123.1316 0))",2670110,Verde,Línea,1
"MULTILINESTRING Z ((439621.4057 4481129.7427 0,439615.239 4481153.465 0,439601.1279 4481206.8538 0))",2670111,Verde,Línea,17
"MULTILINESTRING Z ((439517.4179 4480335.4179 0,439516.9734 4480344.4303 0))",2670127,Verde,Batería,5
"MULTILINESTRING Z ((439525.2697 4480895.2698 0,439507.5166 4480890.5291 0))",2670156,Verde,Batería,7
"MULTILINESTRING Z ((439530.5662 4480896.6748 0,439553.776 4480902.7983 0))",2670158,Verde,Batería,10
"MULTILINESTRING Z ((444865.8748 4474183.7119 0,444866.739 4474186.1563 0,444871.1588 4474200.6008 0,444887.8254 4474270.1316 0,444908.6649 4474356.3785 0))",2670224,Verde,Línea,38
"MULTILINESTRING Z ((443353.739 4476252.7427 0,443363.4057 4476258.9927 0))",2670358,Verde,Línea,2
"MULTILINESTRING Z ((439354.1299 4478625.3278 0,439357.3124 4478619.5774 0))",2670816,Verde,Línea,1
"MULTILINESTRING Z ((439364.6279 4478605.9094 0,439368.4612 4478598.3538 0,439369.5168 4478596.0205 0,439373.4612 4478584.7983 0))",2670817,Verde,Línea,4
"MULTILINESTRING Z ((445161.3501 4475507.2983 0,445211.1834 4475515.0205 0))",2670830,Verde,Línea,10
"MULTILINESTRING Z ((444964.9057 4475685.5761 0,444968.8223 4475661.1594 0))",2670909,Verde,Línea,5
"MULTILINESTRING Z ((439837.5538 4479289.9862 0,439830.2946 4479273.9464 0))",2670980,Verde,Batería,7
"MULTILINESTRING Z ((439564.1834 4478885.8724 0,439558.4427 4478867.9094 0))",2670998,Verde,Línea,3
"MULTILINESTRING Z ((439567.9242 4478898.3484 0,439586.7664 4478957.6844 0))",2671011,Verde,Línea,12
"MULTILINESTRING Z ((439597.0723 4479086.965 0,439596.5168 4479082.0205 0,439595.9612 4479075.3538 0))",2671034,Verde,Línea,2
"MULTILINESTRING Z ((443634.1557 4475910.8261 0,443618.9057 4475929.6594 0,443612.3223 4475939.9927 0,443606.489 4475949.7427 0,443604.1557 4475954.2427 0))",2671047,Verde,Batería,19
"MULTILINESTRING Z ((439705.3249 4478859.3364 0,439734.2977 4478914.6481 0))",2671081,Verde,Línea,12
"MULTILINESTRING Z ((439736.5285 4478918.8734 0,439739.9102 4478925.4027 0))",2671082,Verde,Línea,1
"MULTILINESTRING Z ((442993.989 4476102.8261 0,443021.489 4476120.2427 0))",2671109,Verde,Línea,7
"MULTILINESTRING Z ((443073.9057 4476151.0761 0,443085.3223 4476158.4927 0))",2671117,Verde,Línea,3
"MULTILINESTRING Z ((443332.418 4476236.1316 0,443338.5908 4476240.0576 0))",2671118,Verde,Línea,1
"MULTILINESTRING Z ((443163.9057 4476260.6594 0,443161.739 4476251.3261 0))",2671124,Verde,Línea,2
"MULTILINESTRING Z ((441129.5044 4478785.4156 0,441130.097 4478792.6008 0))",2671125,Verde,Batería,3
"MULTILINESTRING Z ((441127.0106 4478793.7119 0,441127.4797 4478799.465 0))",2671126,Verde,Batería,2
"MULTILINESTRING Z ((443161.4057 4476250.3261 0,443158.5723 4476237.9094 0))",2671127,Verde,Línea,3
"MULTILINESTRING Z ((443173.739 4476217.3261 0,443188.5723 4476226.6594 0))",2671166,Verde,Línea,4
"MULTILINESTRING Z ((439325.455 4478541.1193 0,439330.2699 4478520.6008 0))",2671183,Verde,Línea,4
"MULTILINESTRING Z ((443509.489 4476157.3261 0,443504.4057 4476162.4094 0))",2671221,Verde,Línea,2
"MULTILINESTRING Z ((443578.9057 4476035.4927 0,443585.3223 4476045.8261 0,443588.739 4476050.7427 0,443591.989 4476054.8261 0))",2671222,Verde,Batería,9
"MULTILINESTRING Z ((439354.5723 4478600.6872 0,439360.239 4478585.6316 0,439377.4057 4478537.2427 0))",2671223,Verde,Línea,13
"MULTILINESTRING Z ((443584.9057 4476070.2427 0,443575.5723 4476079.8261 0))",2671225,Verde,Línea,4
"MULTILINESTRING Z ((439419.8748 4478566.2551 0,439412.8625 4478546.9464 0))",2671230,Verde,Línea,3
"MULTILINESTRING Z ((439536.1107 4478640.7132 0,439531.7321 4478640.4389 0))",2671238,Verde,Línea,1
"MULTILINESTRING Z ((439551.8131 4478360.465 0,439559.2205 4478375.4279 0))",2671257,Azul,Línea,3
"MULTILINESTRING Z ((439168.9612 4477698.6872 0,439175.702 4477712.1687 0))",2671271,Verde,Línea,3
"MULTILINESTRING Z ((443136.1557 4476012.3261 0,443136.5723 4476016.1594 0))",2671302,Azul,Línea,1
"MULTILINESTRING Z ((443205.1557 4475930.3261 0,443233.6557 4475934.3261 0))",2671304,Azul,Línea,6
"MULTILINESTRING Z ((443210.3223 4475858.4927 0,443224.9057 4475860.6594 0))",2671322,Verde,Batería,5
"MULTILINESTRING Z ((443380.5723 4475831.4927 0,443394.239 4475833.4927 0))",2671328,Verde,Batería,6
"MULTILINESTRING Z ((443135.739 4475807.1594 0,443143.0723 4475808.1594 0))",2671331,Verde,Línea,1
"MULTILINESTRING Z ((442540.8223 4475025.3261 0,442539.5723 4475006.8261 0))",2671332,Verde,Línea,6
"MULTILINESTRING Z ((444185.4304 4475375.4403 0,444185.5785 4475390.4526 0))",2671341,Verde,Línea,2
"MULTILINESTRING Z ((443141.239 4475753.4094 0,443186.6557 4475760.1594 0,443209.1557 4475763.2427 0))",2671351,Verde,Línea,15
"MULTILINESTRING Z ((444122.6896 4475814.8477 0,444157.6526 4475795.1193 0))",2671355,Azul,Línea,9
"MULTILINESTRING Z ((440427.6526 4479189.3168 0,440440.7884 4479181.218 0))",2671369,Verde,Línea,3
"MULTILINESTRING Z ((442788.4057 4474401.4094 0,442823.489 4474398.8261 0))",2671370,Verde,Línea,7
"MULTILINESTRING Z ((442742.1557 4473734.6594 0,442730.4057 4473740.7427 0))",2671371,Verde,Batería,5
"MULTILINESTRING Z ((442769.9057 4473678.2427 0,442762.239 4473664.4927 0))",2671373,Verde,Batería,5
"MULTILINESTRING Z ((441365.4057 4472566.9511 0,441362.5307 4472529.7011 0))",2671377,Verde,Batería,15
"MULTILINESTRING Z ((441362.1557 4472522.8261 0,441359.4057 4472487.5761 0))",2671378,Verde,Batería,15
"MULTILINESTRING Z ((443566.3223 4475792.5761 0,443561.239 4475811.3261 0))",2671384,Verde,Línea,4
"MULTILINESTRING Z ((443671.5723 4476068.2427 0,443727.3223 4476078.1594 0,443728.989 4476078.3261 0))",2671393,Verde,Batería,20
"MULTILINESTRING Z ((443867.989 4475963.7427 0,443860.6557 4475923.3261 0,443858.6557 4475913.4927 0))",2671399,Azul,Batería,17
"MULTILINESTRING Z ((443740.4057 4476056.8261 0,443740.0723 4476059.4094 0))",2671406,Azul,Batería,1
"MULTILINESTRING Z ((443918.489 4476079.7427 0,443915.739 4476063.0761 0))",2671425,Azul,Batería,9
"MULTILINESTRING Z ((443857.6557 4476109.5761 0,443867.5307 4476114.2011 0,443877.4057 4476120.8261 0,443884.1557 4476126.9511 0,443892.0307 4476136.5761 0))",2671449,Verde,Batería,16
"MULTILINESTRING Z ((443899.1557 4476147.7011 0,443902.2807 4476154.9511 0,443905.2807 4476163.9511 0,443907.6557 4476174.9511 0,443912.1557 4476203.2011 0))",2671451,Verde,Batería,18
"MULTILINESTRING Z ((439392.0723 4474906.4927 0,439401.489 4474899.9927 0))",2671452,Verde,Batería,4
"MULTILINESTRING Z ((443913.4057 4476209.3261 0,443916.7807 4476228.9511 0))",2671453,Verde,Batería,9
"MULTILINESTRING Z ((443574.0723 4476172.6594 0,443573.6557 4476176.0761 0))",2671460,Verde,Batería,1
"MULTILINESTRING Z ((443636.739 4476144.8261 0,443628.6557 4476187.5761 0,443627.9057 4476191.1594 0))",2671461,Verde,Línea,10
"MULTILINESTRING Z ((443627.0723 4476195.4927 0,443618.9057 4476237.7427 0,443615.239 4476258.0761 0))",2671465,Verde,Línea,13
"MULTILINESTRING Z ((443647.0723 4476136.8261 0,443650.9057 4476117.4927 0))",2671477,Verde,Línea,4
"MULTILINESTRING Z ((443685.3501 4476096.1316 0,443699.6834 4476098.5205 0))",2671478,Verde,Línea,3
"MULTILINESTRING Z ((443551.4057 4476302.4927 0,443546.739 4476328.9927 0))",2671479,Verde,Batería,10
"MULTILINESTRING Z ((443545.4057 4476334.7427 0,443541.1557 4476359.3261 0))",2671480,Verde,Batería,9
"MULTILINESTRING Z ((443588.739 4476350.6594 0,443591.0723 4476350.5761 0,443594.489 4476350.8261 0,443596.989 4476352.2427 0,443597.9057 4476353.0761 0))",2671503,Verde,Batería,4
"MULTILINESTRING Z ((440551.9057 4472188.1594 0,440566.489 4472186.5761 0))",2671518,Verde,Batería,4
"MULTILINESTRING Z ((439202.4674 4478636.3538 0,439207.8748 4478649.9094 0,439214.8131 4478668.4279 0,439228.1711 4478703.6625 0,439238.2452 4478730.8724 0,439244.8625 4478749.2674 0))",2671600,Azul,Línea,25
"MULTILINESTRING Z ((439219.5785 4478489.1028 0,439234.5168 4478519.7366 0))",2671621,Verde,Línea,7
"MULTILINESTRING Z ((439443.06 4478637.1934 0,439421.776 4478630.0576 0,439421.1341 4478630.0082 0,439415.9736 4478631.0946 0,439415.3563 4478631.3662 0,439414.3439 4478631.4897 0,439413.8748 4478631.4897 0,439411.0847 4478630.6501 0))",2671653,Verde,Línea,6
"MULTILINESTRING Z ((439401.5908 4478467.2427 0,439405.5538 4478454.8724 0,439407.9612 4478449.539 0,439411.9612 4478441.0946 0,439421.6649 4478421.5761 0,439422.702 4478419.2057 0,439427.3686 4478409.8353 0,439427.739 4478408.9464 0,439437.0353 4478390.6872 0,439445.3686 4478373.8724 0,439453.5908 4478356.539 0,439458.4797 4478346.465 0,439461.6279 4478340.539 0,439464.3686 4478335.6872 0,439469.6649 4478326.9464 0,439474.4427 4478320.3909 0))",2671728,Verde,Línea,35
"MULTILINESTRING Z ((439337.4935 4477747.753 0,439335.2657 4477748.9602 0))",2671740,Verde,Batería,1
"MULTILINESTRING Z ((439371.0188 4477551.6872 0,439384.3028 4477555.9012 0))",2671747,Verde,Batería,5
"MULTILINESTRING Z ((439689.1557 4476565.0761 0,439742.1557 4476560.9927 0))",2671759,Verde,Batería,18
"MULTILINESTRING Z ((444138.2616 4475704.4444 0,444149.7843 4475704.2962 0))",2671800,Verde,Batería,5
"MULTILINESTRING Z ((443490.739 4473621.2427 0,443498.5723 4473621.2427 0))",2671808,Azul,Batería,3
"MULTILINESTRING Z ((438516.2807 4473821.4511 0,438523.1557 4473783.9511 0))",2671853,Verde,Batería,14
"MULTILINESTRING Z ((441360.4057 4472996.4927 0,441366.1557 4472989.7427 0))",2671859,Alta Rotación,Línea,2
"MULTILINESTRING Z ((441354.239 4473003.2427 0,441360.239 4472996.4927 0))",2671860,Azul,Línea,2
"MULTILINESTRING Z ((442045.9817 4477217.401 0,442052.485 4477225.0489 0))",2671890,Azul,Línea,2
"MULTILINESTRING Z ((442051.3984 4477226.4393 0,442056.413 4477232.2372 0))",2671892,Azul,Línea,1
"MULTILINESTRING Z ((442037.2988 4477223.6099 0,442047.5192 4477235.5992 0))",2671901,Azul,Batería,6
"MULTILINESTRING Z ((437710.5723 4475782.3261 0,437750.5307 4475741.7011 0,437774.9057 4475714.0761 0))",2672027,Verde,Batería,37
"MULTILINESTRING Z ((437702.3686 4475791.0576 0,437706.4057 4475786.5761 0))",2672029,Verde,Batería,2
"MULTILINESTRING Z ((442431.6557 4475169.7427 0,442431.0723 4475161.5761 0))",2672076,Verde,Batería,3
"MULTILINESTRING Z ((440385.8223 4472796.5761 0,440388.8223 4472791.4927 0))",2672176,Verde,Línea,1
"MULTILINESTRING Z ((441104.5936 4478348.0383 0,441117.8995 4478346.9711 0))",2672181,Verde,Batería,5
"MULTILINESTRING Z ((442882.5723 4475989.4094 0,442883.5723 4476001.8261 0))",2672199,Verde,Línea,4
"MULTILINESTRING Z ((442884.239 4476010.5761 0,442886.3223 4476042.6594 0))",2672201,Verde,Línea,7
"MULTILINESTRING Z ((442488.6557 4476028.4927 0,442490.0723 4476047.9927 0))",2672237,Verde,Batería,6
"MULTILINESTRING Z ((442497.489 4476140.6594 0,442495.989 4476121.4094 0,442495.989 4476120.4094 0))",2672244,Verde,Batería,8
"MULTILINESTRING Z ((442608.6557 4476342.8261 0,442626.0723 4476341.4927 0))",2672256,Verde,Batería,7
"MULTILINESTRING Z ((442521.9057 4476328.0761 0,442523.239 4476344.1594 0))",2672257,Verde,Línea,2
"MULTILINESTRING Z ((442522.989 4476376.9094 0,442525.739 4476411.1594 0))",2672259,Verde,Línea,7
"MULTILINESTRING Z ((442307.6723 4475749.786 0,442309.9679 4475752.4348 0,442314.1177 4475756.0548 0,442317.4728 4475758.2621 0,442322.2406 4475761.1758 0))",2672262,Azul,Batería,7
"MULTILINESTRING Z ((440116.0723 4479263.1934 0,440105.2081 4479285.5637 0))",2672263,Verde,Línea,5
"MULTILINESTRING Z ((443120.1557 4475543.6594 0,443121.739 4475596.5761 0))",2672283,Verde,Línea,11
"MULTILINESTRING Z ((441341.989 4474308.7427 0,441366.4057 4474309.0761 0))",2672304,Verde,Línea,5
"MULTILINESTRING Z ((441373.1557 4474308.7427 0,441378.489 4474308.7427 0))",2672305,Verde,Línea,1
"MULTILINESTRING Z ((439738.3223 4473664.9094 0,439751.239 4473662.0761 0,439772.9057 4473657.9927 0))",2672319,Verde,Línea,7
"MULTILINESTRING Z ((440385.8223 4475852.4927 0,440453.3223 4475845.8261 0))",2672334,Verde,Línea,14
"MULTILINESTRING Z ((441074.239 4476390.4094 0,441070.9057 4476343.1594 0))",2672338,Verde,Línea,10
"MULTILINESTRING Z ((440684.1557 4476447.9927 0,440687.3223 4476438.9927 0))",2672339,Verde,Línea,2
"MULTILINESTRING Z ((442334.989 4473094.4927 0,442360.9057 4473146.0761 0))",2672355,Verde,Línea,12
"MULTILINESTRING Z ((442190.686 4473091.2962 0,442212.0767 4473095.6949 0))",2672448,Verde,Línea,4
"MULTILINESTRING Z ((442184.7809 4473089.7899 0,442171.9465 4473086.9579 0))",2672450,Verde,Línea,3
"MULTILINESTRING Z ((440346.0723 4478624.965 0,440354.739 4478624.7983 0))",2672468,Verde,Línea,1
"MULTILINESTRING Z ((442457.6557 4475588.7427 0,442458.0723 4475594.7427 0))",2672469,Verde,Batería,2
"MULTILINESTRING Z ((439442.0723 4477207.6872 0,439440.6279 4477187.465 0))",2672479,Verde,Línea,4
"MULTILINESTRING Z ((440417.989 4472750.7427 0,440423.3223 4472741.7427 0))",2672485,Verde,Línea,2
"MULTILINESTRING Z ((443474.989 4476520.8261 0,443490.4057 4476521.9927 0))",2672488,Verde,Línea,3
"MULTILINESTRING Z ((443549.1557 4476594.3261 0,443555.739 4476570.3261 0))",2672492,Verde,Línea,5
"MULTILINESTRING Z ((440595.0228 4476797.7389 0,440585.3685 4476798.455 0))",2672497,Verde,Línea,2
"MULTILINESTRING Z ((442064.4057 4471803.2427 0,442066.9612 4471802.0761 0))",2672500,Verde,Batería,1
"MULTILINESTRING Z ((439971.1834 4473841.3538 0,439968.6149 4473826.0483 0,439968.5168 4473825.1316 0))",2672501,Verde,Línea,3
"MULTILINESTRING Z ((440554.6613 4473258.7342 0,440548.5461 4473272.3594 0))",2672517,Verde,Línea,3
"MULTILINESTRING Z ((444577.5291 4475506.5514 0,444592.9612 4475501.9094 0))",2672556,Verde,Línea,3
"MULTILINESTRING Z ((440327.4304 4479997.9094 0,440336.3357 4480008.4444 0))",2672600,Verde,Línea,2
"MULTILINESTRING Z ((442047.1279 4479070.465 0,442056.9057 4479070.6316 0))",2672613,Verde,Batería,4
"MULTILINESTRING Z ((442061.5168 4479070.6872 0,442099.4612 4479071.2983 0))",2672616,Verde,Batería,15
"MULTILINESTRING Z ((439439.2946 4477218.539 0,439440.8131 4477240.6872 0))",2672735,Verde,Batería,8
"MULTILINESTRING Z ((442816.2205 4477910.539 0,442810.9983 4477946.539 0,442807.5168 4477967.3168 0,442804.776 4477986.3538 0,442801.702 4478005.7613 0,442798.2946 4478028.9094 0,442795.1834 4478051.0205 0,442792.5908 4478068.6872 0))",2672736,Azul,Línea,33
"MULTILINESTRING Z ((442819.381 4477910.3209 0,442821.5867 4477896.5102 0,442823.7102 4477881.8436 0))",2672737,Azul,Línea,6
"MULTILINESTRING Z ((438864.7807 4473727.0761 0,438861.9057 4473650.3261 0))",2672951,Verde,Línea,17
"MULTILINESTRING Z ((438861.4057 4473641.6316 0,438860.6834 4473625.1872 0))",2672952,Verde,Línea,3
"MULTILINESTRING Z ((443095.3223 4475209.6594 0,443094.239 4475194.4094 0))",2672953,Verde,Línea,3
"MULTILINESTRING Z ((439395.3223 4475355.3261 0,439398.3223 4475350.6594 0))",2672955,Verde,Línea,1
"MULTILINESTRING Z ((441047.4057 4480279.3168 0,441054.9612 4480287.3168 0))",2672956,Verde,Línea,2
"MULTILINESTRING Z ((441515.5799 4478530.1381 0,441516.5238 4478539.3075 0))",2672959,Verde,Línea,2
"MULTILINESTRING Z ((441513.8269 4478523.4633 0,441514.2314 4478528.3177 0))",2672966,Verde,Línea,1
"MULTILINESTRING Z ((444429.9542 4476909.4531 0,444423.4817 4476936.3544 0))",2672970,Verde,Línea,6
"MULTILINESTRING Z ((444435.6679 4476894.7004 0,444431.9179 4476909.2004 0))",2672971,Verde,Línea,3
"MULTILINESTRING Z ((444515.5538 4476961.465 0,444540.9612 4476982.9094 0))",2672972,Verde,Línea,6
"MULTILINESTRING Z ((444508.8131 4476951.8353 0,444516.702 4476958.4279 0))",2672973,Verde,Línea,2
"MULTILINESTRING Z ((441647.3223 4478608.7427 0,441665.5723 4478607.6594 0))",2672994,Verde,Batería,6
"MULTILINESTRING Z ((441683.739 4478602.6594 0,441704.8223 4478601.0761 0))",2672999,Verde,Batería,7
"MULTILINESTRING Z ((444669.5723 4475988.3538 0,444663.7946 4476022.0761 0))",2673034,Verde,Línea,7
"MULTILINESTRING Z ((444960.9057 4475767.8261 0,444959.3223 4475777.5761 0))",2673035,Verde,Línea,2
"MULTILINESTRING Z ((441088.8603 4480554.3659 0,441068.8798 4480554.1381 0))",2673082,Azul,Línea,4
"MULTILINESTRING Z ((441029.5697 4480544.5383 0,441047.435 4480552.8364 0,441049.2898 4480553.5523 0,441051.5026 4480554.0079 0,441061.3627 4480554.073 0))",2673083,Azul,Línea,6
"MULTILINESTRING Z ((440640.2107 4480366.276 0,440678.089 4480330.0899 0))",2673085,Verde,Línea,10
"MULTILINESTRING Z ((440683.1221 4480335.904 0,440656.4815 4480361.4165 0))",2673086,Verde,Línea,7
"MULTILINESTRING Z ((440697.1279 4480313.465 0,440723.8995 4480287.7859 0))",2673087,Verde,Línea,7
"MULTILINESTRING Z ((440737.7678 4480353.5802 0,440761.9818 4480330.3045 0))",2673093,Azul,Línea,6
"MULTILINESTRING Z ((440796.1217 4480428.9711 0,440800.5168 4480424.7242 0))",2673095,Verde,Línea,1
"MULTILINESTRING Z ((440986.1299 4480320.6748 0,440966.6896 4480339.3168 0))",2673105,Verde,Línea,5
"MULTILINESTRING Z ((442829.9883 4475339.6594 0,442830.8148 4475350.4033 0))",2673113,Verde,Batería,3
"MULTILINESTRING Z ((442828.4057 4475315.1594 0,442826.4057 4475287.6594 0))",2673114,Verde,Batería,10
"MULTILINESTRING Z ((441135.2081 4480380.7242 0,441141.5291 4480384.7489 0,441142.2205 4480385.2674 0,441146.7143 4480388.9218 0,441149.5044 4480391.3909 0,441152.0723 4480393.86 0,441156.7143 4480398.8477 0,441158.1711 4480400.6255 0,441160.3933 4480403.6872 0,441163.1341 4480408.2551 0))",2673125,Verde,Línea,8
"MULTILINESTRING Z ((441135.5538 4480354.1959 0,441124.4057 4480359.2427 0))",2673127,Verde,Línea,2
"MULTILINESTRING Z ((441193.1258 4480498.4032 0,441196.4674 4480505.251 0,441196.846 4480506.1563 0,441197.0764 4480506.9958 0,441200.1217 4480530.0905 0))",2673128,Verde,Batería,13
"MULTILINESTRING Z ((441428.1241 4480404.3904 0,441424.0065 4480398.9958 0))",2673141,Verde,Línea,1
"MULTILINESTRING Z ((443380.8717 4472944.4249 0,443375.1972 4472930.1621 0))",2673161,Verde,Línea,3
"MULTILINESTRING Z ((441557.2081 4480334.8477 0,441548.0394 4480338.6666 0))",2673168,Verde,Línea,2
"MULTILINESTRING Z ((444328.4179 4476356.6587 0,444335.6679 4476355.3254 0))",2673185,Verde,Batería,3
"MULTILINESTRING Z ((443131.739 4472198.7427 0,443125.0723 4472188.8261 0))",2673223,Verde,Batería,7
"MULTILINESTRING Z ((439683.9736 4477810.1563 0,439691.8007 4477785.7613 0))",2673230,Verde,Línea,5
"MULTILINESTRING Z ((440615.8875 4480021.8453 0,440635.7795 4480053.7305 0))",2673262,Verde,Línea,7
"MULTILINESTRING Z ((444808.9777 4475686.074 0,444811.1999 4475672.6419 0))",2673404,Azul,Línea,3
"MULTILINESTRING Z ((441805.8223 4478688.7427 0,441799.1557 4478679.1594 0))",2673407,Verde,Batería,4
"MULTILINESTRING Z ((443314.1557 4474610.2427 0,443379.0723 4474585.1594 0))",2673432,Verde,Línea,14
"MULTILINESTRING Z ((443380.0723 4474584.8261 0,443385.4057 4474582.8261 0))",2673434,Verde,Línea,1
"MULTILINESTRING Z ((442399.9057 4478457.2427 0,442395.239 4478473.9927 0))",2673507,Azul,Batería,7
"MULTILINESTRING Z ((440554.9983 4480287.0205 0,440566.8871 4480278.4279 0))",2673573,Verde,Línea,3
"MULTILINESTRING Z ((440816.5497 4480089.3497 0,440826.3604 4480099.8518 0))",2673600,Verde,Batería,5
"MULTILINESTRING Z ((440818.8871 4480070.5267 0,440830.9612 4480058.8971 0))",2673602,Verde,Línea,3
"MULTILINESTRING Z ((440987.4057 4480113.3168 0,441007.8501 4480093.7242 0))",2673620,Azul,Línea,5
"MULTILINESTRING Z ((440732.3192 4480083.2674 0,440739.9489 4480091.3909 0))",2673628,Verde,Línea,2
"MULTILINESTRING Z ((440979.9693 4480181.5166 0,440975.6632 4480185.4221 0))",2673637,Azul,Línea,1
"MULTILINESTRING Z ((440974.5617 4480177.0103 0,440970.8565 4480180.6153 0))",2673638,Azul,Línea,1
"MULTILINESTRING Z ((441188.1339 4480149.8377 0,441184.6524 4480142.5784 0))",2673663,Verde,Línea,2
"MULTILINESTRING Z ((441164.3522 4480128.9382 0,441167.9242 4480125.465 0))",2673667,Verde,Línea,1
"MULTILINESTRING Z ((441371.9736 4480038.4279 0,441376.1958 4480047.2921 0))",2673672,Verde,Línea,2
"MULTILINESTRING Z ((441384.6279 4480064.9464 0,441378.1464 4480051.4279 0))",2673673,Verde,Línea,3
"MULTILINESTRING Z ((441642.418 4480210.3292 0,441641.381 4480205.5143 0))",2673681,Azul,Línea,1
"MULTILINESTRING Z ((440869.1094 4479930.4526 0,440875.0353 4479936.8724 0))",2673683,Verde,Línea,1
"MULTILINESTRING Z ((440997.3563 4479993.0041 0,441001.1917 4479997.3004 0))",2673686,Verde,Línea,1
"MULTILINESTRING Z ((441004.3851 4480000.8724 0,441007.595 4480004.4773 0))",2673688,Verde,Línea,1
"MULTILINESTRING Z ((440991.06 4479929.465 0,441015.6773 4479959.1193 0))",2673802,Verde,Línea,8
"MULTILINESTRING Z ((441294.2122 4479907.4073 0,441304.8625 4479900.5432 0))",2673806,Verde,Línea,2
"MULTILINESTRING Z ((442378.739 4478509.2427 0,442365.489 4478505.6594 0))",2673827,Verde,Batería,4
"MULTILINESTRING Z ((442355.0723 4478502.5761 0,442336.989 4478497.4094 0))",2673834,Verde,Batería,7
"MULTILINESTRING Z ((441321.7184 4478739.5061 0,441322.0312 4478743.539 0))",2673999,Verde,Batería,2
"MULTILINESTRING Z ((440730.239 4472888.9094 0,440743.4057 4472860.4094 0))",2674034,Verde,Línea,5
"MULTILINESTRING Z ((442241.1557 4473083.5761 0,442222.989 4473048.0761 0))",2674035,Verde,Línea,10
"MULTILINESTRING Z ((441751.739 4478730.4927 0,441753.239 4478751.0761 0))",2674045,Verde,Línea,4
"MULTILINESTRING Z ((439982.0723 4473580.5718 0,439982.8501 4473538.0162 0))",2674054,Verde,Línea,8
"MULTILINESTRING Z ((442532.739 4478823.6594 0,442533.9057 4478838.0761 0))",2674058,Verde,Línea,3
"MULTILINESTRING Z ((443292.9242 4477071.0946 0,443298.3686 4477075.6872 0))",2674059,Verde,Batería,4
"MULTILINESTRING Z ((442590.8223 4475756.1594 0,442590.0723 4475742.0761 0))",2674060,Verde,Línea,3
"MULTILINESTRING Z ((441044.3851 4477147.2427 0,441053.3234 4477146.6008 0))",2674062,Verde,Línea,2
"MULTILINESTRING Z ((440830.4612 4477401.5205 0,440806.9057 4477403.3538 0))",2674063,Verde,Línea,5
"MULTILINESTRING Z ((441257.239 4479684.4927 0,441254.0723 4479698.1594 0))",2674064,Azul,Línea,3
"MULTILINESTRING Z ((442391.1557 4478697.5761 0,442398.989 4478699.7427 0))",2674067,Azul,Batería,3
"MULTILINESTRING Z ((440125.0847 4477733.4897 0,440125.2575 4477743.5143 0))",2674068,Verde,Línea,2
"MULTILINESTRING Z ((442519.1557 4478790.6594 0,442519.989 4478799.9927 0))",2674073,Verde,Batería,3
"MULTILINESTRING Z ((442526.0723 4478861.4094 0,442524.8223 4478848.3261 0))",2674078,Verde,Batería,5
"MULTILINESTRING Z ((442520.739 4478807.4927 0,442524.4057 4478844.6594 0))",2674083,Verde,Batería,14
"MULTILINESTRING Z ((443730.239 4473825.0761 0,443734.8223 4473819.0761 0))",2674087,Verde,Batería,3
"MULTILINESTRING Z ((442553.9057 4478539.8261 0,442544.3223 4478554.1594 0,442541.3223 4478556.4927 0,442538.6557 4478557.8261 0,442535.8223 4478558.4927 0,442522.6557 4478559.5761 0))",2674090,Verde,Batería,12
"MULTILINESTRING Z ((442356.739 4478660.8261 0,442373.4057 4478600.0761 0))",2674111,Verde,Batería,23
"MULTILINESTRING Z ((442505.0723 4478635.4094 0,442508.4057 4478669.8261 0))",2674118,Verde,Batería,13
"MULTILINESTRING Z ((442415.5723 4478535.7427 0,442428.1557 4478539.5761 0))",2674130,Verde,Batería,4
"MULTILINESTRING Z ((442431.5723 4478540.7427 0,442451.4057 4478547.2427 0))",2674134,Verde,Batería,6
"MULTILINESTRING Z ((442456.5723 4478548.9094 0,442461.8223 4478550.5761 0))",2674135,Verde,Batería,2
"MULTILINESTRING Z ((441463.739 4477149.0576 0,441463.702 4477147.465 0,441463.8871 4477144.0576 0,441464.2946 4477140.6872 0,441464.8131 4477137.9464 0))",2674137,Verde,Línea,2
"MULTILINESTRING Z ((442492.0723 4478560.2427 0,442482.6557 4478557.3261 0))",2674143,Verde,Batería,3
"MULTILINESTRING Z ((441593.3686 4477157.539 0,441589.702 4477154.1687 0))",2674144,Verde,Línea,1
"MULTILINESTRING Z ((442429.9057 4478398.6594 0,442419.739 4478435.1594 0))",2674148,Verde,Batería,14
"MULTILINESTRING Z ((442402.0723 4478499.4927 0,442414.0723 4478456.4094 0,442418.239 4478441.1594 0))",2674150,Verde,Batería,21
"MULTILINESTRING Z ((442404.5723 4478519.6594 0,442438.989 4478530.4927 0))",2674151,Azul,Batería,13
"MULTILINESTRING Z ((442442.989 4478531.9094 0,442478.6557 4478543.2427 0))",2674154,Azul,Batería,13
"MULTILINESTRING Z ((442544.239 4478531.3261 0,442535.989 4478543.4927 0,442533.3223 4478545.5761 0,442531.8223 4478545.8261 0,442518.8223 4478547.4094 0))",2674158,Azul,Batería,12
"MULTILINESTRING Z ((442313.5723 4478524.2427 0,442304.989 4478554.4927 0))",2674165,Verde,Batería,11
"MULTILINESTRING Z ((442284.739 4478548.9094 0,442258.6557 4478538.0761 0))",2674167,Verde,Batería,10
"MULTILINESTRING Z ((442221.9057 4478522.4927 0,442212.989 4478518.7427 0))",2674172,Verde,Batería,3
"MULTILINESTRING Z ((442213.1279 4478493.7983 0,442209.0723 4478507.5761 0))",2674173,Verde,Batería,5
"MULTILINESTRING Z ((442324.989 4478516.0761 0,442313.3223 4478556.5761 0))",2674180,Verde,Línea,9
"MULTILINESTRING Z ((442330.739 4478512.5761 0,442371.6557 4478524.0761 0))",2674181,Verde,Batería,16
"MULTILINESTRING Z ((442318.1557 4478779.5761 0,442313.5723 4478802.3261 0))",2674195,Verde,Batería,8
"MULTILINESTRING Z ((442321.0723 4478764.3261 0,442319.0723 4478774.4927 0))",2674196,Verde,Batería,3
"MULTILINESTRING Z ((441518.6402 4480446.8477 0,441521.455 4480452.6501 0))",2674204,Verde,Línea,1
"MULTILINESTRING Z ((439708.5908 4477761.4279 0,439703.0723 4477778.9094 0))",2674209,Verde,Línea,4
"MULTILINESTRING Z ((444075.2946 4475705.3168 0,444099.3316 4475704.9835 0))",2674210,Verde,Batería,8
"MULTILINESTRING Z ((444215.9242 4475699.7983 0,444251.3686 4475680.1316 0))",2674211,Verde,Línea,8
"MULTILINESTRING Z ((444302.9859 4475650.8148 0,444298.9365 4475653.0699 0))",2674212,Verde,Línea,1
"MULTILINESTRING Z ((444327.06 4475637.144 0,444367.0106 4475614.4032 0))",2674213,Verde,Línea,9
"MULTILINESTRING Z ((442324.239 4478748.5761 0,442322.9057 4478755.5761 0))",2674215,Verde,Batería,2
"MULTILINESTRING Z ((444149.1094 4475687.1687 0,444148.0229 4475570.502 0))",2674216,Verde,Batería,37
"MULTILINESTRING Z ((442325.5723 4478742.9927 0,442328.9057 4478726.2427 0))",2674217,Verde,Batería,6
"MULTILINESTRING Z ((444133.4057 4475575.8538 0,444133.6834 4475603.465 0,444134.5168 4475658.1872 0,444134.4057 4475687.1872 0))",2674218,Verde,Línea,20
"MULTILINESTRING Z ((444162.1958 4475567.2098 0,444161.883 4475542.7654 0,444161.9653 4475531.325 0,444161.5908 4475494.3909 0))",2674221,Verde,Batería,18
"MULTILINESTRING Z ((444146.4043 4475377.1632 0,444147.2575 4475487.6872 0))",2674223,Verde,Batería,37
"MULTILINESTRING Z ((444151.0307 4475506.2011 0,444151.1557 4475557.0761 0))",2674226,Verde,Línea,9
"MULTILINESTRING Z ((444148.1557 4475554.7011 0,444148.1557 4475508.8261 0))",2674227,Verde,Batería,19
"MULTILINESTRING Z ((444133.2946 4475566.465 0,444132.9612 4475527.6872 0,444132.9057 4475496.465 0))",2674229,Verde,Línea,15
"MULTILINESTRING Z ((442337.239 4478686.4094 0,442332.489 4478708.7427 0))",2674230,Verde,Batería,8
"MULTILINESTRING Z ((444090.5908 4475611.465 0,444090.5168 4475601.6872 0))",2674233,Verde,Línea,2
"MULTILINESTRING Z ((444090.4057 4475591.9464 0,444089.9242 4475544.0205 0))",2674234,Verde,Línea,9
"MULTILINESTRING Z ((444098.239 4475611.5761 0,444098.0723 4475581.8261 0))",2674235,Verde,Línea,6
"MULTILINESTRING Z ((444098.9118 4475685.9094 0,444098.3192 4475616.1316 0))",2674237,Verde,Línea,13
"MULTILINESTRING Z ((444090.6279 4475616.502 0,444090.9983 4475658.9835 0))",2674240,Verde,Línea,8
"MULTILINESTRING Z ((444089.5044 4475342.2057 0,444089.8254 4475329.7613 0,444090.2205 4475327.5143 0,444090.6649 4475326.0576 0,444091.455 4475324.3292 0,444092.097 4475323.2921 0,444099.1094 4475314.3292 0))",2674242,Verde,Línea,6
"MULTILINESTRING Z ((444102.5579 4475309.8929 0,444136.5826 4475265.646 0))",2674243,Verde,Línea,11
"MULTILINESTRING Z ((444119.3316 4475304.823 0,444130.8048 4475289.86 0))",2674244,Verde,Batería,7
"MULTILINESTRING Z ((444139.4057 4475278.502 0,444141.9736 4475275.1193 0,444142.739 4475274.502 0,444143.9983 4475273.9588 0,444145.06 4475273.7613 0,444168.2452 4475271.3168 0))",2674245,Verde,Batería,13
"MULTILINESTRING Z ((442475.489 4475573.2427 0,442550.3223 4475567.4927 0))",2674246,Verde,Batería,27
"MULTILINESTRING Z ((442554.9057 4475567.0761 0,442565.4057 4475566.3261 0))",2674247,Verde,Batería,4
"MULTILINESTRING Z ((444196.0723 4475270.823 0,444219.06 4475270.6501 0))",2674248,Verde,Línea,4
"MULTILINESTRING Z ((444232.8131 4475270.5514 0,444282.3686 4475270.2304 0))",2674249,Verde,Línea,10
"MULTILINESTRING Z ((444196.8295 4475261.0205 0,444244.4674 4475260.9876 0))",2674250,Verde,Batería,17
"MULTILINESTRING Z ((444296.6155 4475270.4279 0,444300.3439 4475270.6255 0,444305.5044 4475271.0205 0,444311.8748 4475271.7366 0,444319.3316 4475273.1934 0,444333.1588 4475276.9711 0,444338.4262 4475279.2592 0))",2674251,Verde,Línea,8
"MULTILINESTRING Z ((444392.8501 4475320.6131 0,444440.776 4475369.8353 0))",2674253,Verde,Línea,13
"MULTILINESTRING Z ((444459.5538 4475373.3662 0,444423.06 4475335.9588 0))",2674254,Verde,Batería,19
"MULTILINESTRING Z ((444378.1557 4475290.0761 0,444418.989 4475331.7427 0))",2674255,Verde,Batería,22
"MULTILINESTRING Z ((444692.3439 4475247.0699 0,444701.6526 4475255.8353 0))",2674257,Verde,Línea,3
"MULTILINESTRING Z ((444689.8007 4475249.0699 0,444508.5168 4475078.4279 0))",2674258,Verde,Línea,49
"MULTILINESTRING Z ((444470.6279 4475608.9094 0,444473.8501 4475634.7427 0))",2674264,Verde,Línea,5
"MULTILINESTRING Z ((444463.4612 4475501.0761 0,444462.6834 4475533.1316 0))",2674271,Verde,Línea,6
"MULTILINESTRING Z ((444479.4468 4475492.1645 0,444484.418 4475489.5308 0))",2674272,Verde,Línea,1
"MULTILINESTRING Z ((444494.9983 4475483.9464 0,444505.6279 4475478.3168 0))",2674273,Verde,Línea,2
"MULTILINESTRING Z ((444510.9612 4475475.465 0,444537.5168 4475461.1687 0))",2674275,Verde,Línea,6
"MULTILINESTRING Z ((444471.2946 4475476.8538 0,444471.1834 4475481.465 0))",2674277,Verde,Línea,1
"MULTILINESTRING Z ((439092.6557 4476393.8261 0,439090.989 4476381.9094 0))",2674279,Azul,Línea,2
"MULTILINESTRING Z ((444464.9983 4475446.4279 0,444465.776 4475424.9094 0))",2674289,Verde,Línea,4
"MULTILINESTRING Z ((444465.6834 4475286.1872 0,444469.239 4475320.4094 0))",2674290,Verde,Línea,7
"MULTILINESTRING Z ((444471.6834 4475284.5205 0,444474.8501 4475314.6316 0))",2674291,Verde,Línea,6
"MULTILINESTRING Z ((444463.3501 4475206.2983 0,444466.0168 4475234.5761 0))",2674292,Verde,Línea,5
"MULTILINESTRING Z ((444504.8871 4475137.4279 0,444522.2946 4475118.4279 0))",2674293,Verde,Línea,6
"MULTILINESTRING Z ((444488.3316 4475164.6872 0,444502.1464 4475149.7983 0))",2674296,Verde,Línea,4
"MULTILINESTRING Z ((444812.702 4475479.8724 0,444827.5538 4475494.4279 0,444836.776 4475510.2798 0))",2674300,Verde,Batería,16
"MULTILINESTRING Z ((444191.0572 4475706.2496 0,444191.8693 4475710.6611 0,444192.4509 4475712.823 0,444194.6347 4475719.3854 0,444195.8199 4475722.5569 0,444197.8501 4475727.2647 0,444200.835 4475733.4101 0,444202.7884 4475736.9327 0,444205.0051 4475740.4005 0))",2674305,Verde,Línea,7
"MULTILINESTRING Z ((444219.1834 4475743.3168 0,444211.0723 4475728.9094 0,444207.4057 4475722.1316 0,444197.2205 4475703.7983 0))",2674306,Verde,Línea,7
"MULTILINESTRING Z ((444190.9983 4475662.4279 0,444204.4057 4475684.8353 0))",2674307,Verde,Batería,12
"MULTILINESTRING Z ((444188.0504 4475350.1563 0,444188.0504 4475354.8971 0))",2674309,Verde,Línea,1
"MULTILINESTRING Z ((444189.8995 4475342.9464 0,444189.883 4475340.3621 0))",2674310,Verde,Batería,1
"MULTILINESTRING Z ((444189.6279 4475298.3045 0,444189.702 4475273.8106 0))",2674314,Verde,Batería,10
"MULTILINESTRING Z ((444167.0168 4475193.5205 0,444176.5723 4475183.8538 0))",2674315,Verde,Batería,5
"MULTILINESTRING Z ((444182.7637 4475204.5761 0,444187.9736 4475175.5884 0))",2674316,Verde,Batería,10
"MULTILINESTRING Z ((444135.9571 4475192.2633 0,444182.6732 4475144.6419 0))",2674317,Verde,Línea,13
"MULTILINESTRING Z ((444617.9612 4475850.965 0,444668.4057 4475859.5205 0))",2674320,Verde,Batería,21
"MULTILINESTRING Z ((444694.2946 4475864.7613 0,444744.2946 4475874.465 0))",2674321,Verde,Batería,20
"MULTILINESTRING Z ((444627.702 4475787.9464 0,444660.6279 4475793.6872 0))",2674323,Verde,Línea,6
"MULTILINESTRING Z ((444763.5538 4475799.7983 0,444780.702 4475799.502 0,444805.3316 4475799.2057 0))",2674325,Verde,Batería,15
"MULTILINESTRING Z ((444531.2164 4475320.4279 0,444535.7267 4475324.5432 0))",2674327,Verde,Línea,1
"MULTILINESTRING Z ((444540.5662 4475342.2002 0,444551.3974 4475351.956 0))",2674331,Verde,Línea,3
"MULTILINESTRING Z ((438535.8464 4473206.1747 0,438540.8373 4473225.5419 0,438562.2111 4473296.8973 0))",2674335,Verde,Línea,19
"MULTILINESTRING Z ((444088.9057 4474758.7983 0,444130.5168 4474759.1872 0,444141.0168 4474759.5205 0,444148.3501 4474759.9094 0,444157.6834 4474760.965 0,444172.7946 4474764.1316 0,444186.739 4474767.965 0,444210.5168 4474777.5761 0,444224.9612 4474785.6316 0,444238.5168 4474795.3538 0,444254.6834 4474810.0761 0,444267.739 4474822.3538 0))",2674336,Azul,Línea,39
"MULTILINESTRING Z ((444371.7431 4474889.037 0,444378.3275 4474895.2263 0))",2674338,Verde,Batería,3
"MULTILINESTRING Z ((444387.7596 4474941.218 0,444411.7267 4474963.8683 0))",2674339,Azul,Batería,12
"MULTILINESTRING Z ((444416.4921 4474967.9588 0,444463.6773 4475012.4526 0))",2674340,Azul,Batería,25
"MULTILINESTRING Z ((444612.6814 4475114.9464 0,444646.0147 4475146.6337 0))",2674342,Verde,Batería,14
"MULTILINESTRING Z ((444555.2946 4475098.6501 0,444548.9983 4475092.7242 0))",2674343,Azul,Batería,3
"MULTILINESTRING Z ((444631.2822 4475170.1069 0,444627.2328 4475166.3045 0))",2674348,Azul,Batería,2
"MULTILINESTRING Z ((444621.239 4475157.4094 0,444627.489 4475163.4094 0))",2674349,Azul,Línea,1
"MULTILINESTRING Z ((444717.5538 4475214.7736 0,444696.1711 4475194.4032 0))",2674356,Azul,Batería,12
"MULTILINESTRING Z ((444388.4057 4476087.9094 0,444393.6557 4476059.2427 0))",2674374,Verde,Línea,6
"MULTILINESTRING Z ((444479.6557 4476076.6594 0,444472.0723 4476121.7427 0))",2674375,Verde,Línea,9
"MULTILINESTRING Z ((441219.6279 4479904.502 0,441230.3439 4479898.3045 0))",2674376,Azul,Línea,2
"MULTILINESTRING Z ((444445.2512 4476004.4087 0,444486.0845 4476011.4087 0))",2674377,Verde,Línea,9
"MULTILINESTRING Z ((440765.9242 4480388.3292 0,440804.6649 4480351.144 0))",2674378,Verde,Línea,12
"MULTILINESTRING Z ((443441.9242 4477465.3909 0,443444.702 4477478.9094 0))",2674381,Verde,Línea,3
"MULTILINESTRING Z ((444807.8345 4476348.4087 0,444873.3345 4476388.8254 0))",2674385,Azul,Línea,16
"MULTILINESTRING Z ((444640.6557 4476204.0761 0,444648.1557 4476163.4511 0))",2674387,Verde,Batería,17
"MULTILINESTRING Z ((444696.1557 4476173.9927 0,444688.4057 4476216.9927 0))",2674388,Verde,Línea,9
"MULTILINESTRING Z ((444748.5531 4476235.0748 0,444790.3735 4476242.8063 0))",2674389,Verde,Línea,9
"MULTILINESTRING Z ((444755.6557 4476162.9094 0,444762.3223 4476126.4094 0))",2674390,Verde,Línea,9
"MULTILINESTRING Z ((444755.6557 4476124.9094 0,444749.0723 4476161.6594 0))",2674391,Verde,Línea,9
"MULTILINESTRING Z ((444658.0012 4476107.4087 0,444650.2512 4476151.5754 0))",2674392,Verde,Batería,18
"MULTILINESTRING Z ((444732.1557 4476106.4927 0,444769.6557 4476113.4094 0))",2674393,Verde,Línea,7
"MULTILINESTRING Z ((444762.5723 4475995.4094 0,444803.9057 4476002.9094 0))",2674396,Azul,Línea,9
"MULTILINESTRING Z ((444749.489 4476050.2427 0,444802.1557 4476059.4094 0))",2674397,Verde,Línea,11
"MULTILINESTRING Z ((444703.3223 4476042.0761 0,444721.0723 4476044.9927 0))",2674398,Verde,Línea,4
"MULTILINESTRING Z ((444678.4057 4475989.9094 0,444671.3223 4476030.0761 0))",2674400,Verde,Batería,14
"MULTILINESTRING Z ((444675.8223 4476044.9094 0,444743.489 4476056.4927 0))",2674403,Verde,Línea,15
"MULTILINESTRING Z ((444666.739 4476057.5761 0,444662.1557 4476083.4094 0))",2674406,Verde,Batería,12
"MULTILINESTRING Z ((444931.8223 4476217.1594 0,444923.989 4476262.3261 0))",2674411,Verde,Línea,10
"MULTILINESTRING Z ((444984.6557 4476263.8261 0,444970.3223 4476287.2427 0))",2674414,Verde,Línea,6
"MULTILINESTRING Z ((438555.9057 4474010.6594 0,438556.4057 4474019.9927 0))",2674418,Azul,Línea,2
"MULTILINESTRING Z ((439722.4057 4473709.5761 0,439736.1834 4473717.3538 0))",2674494,Verde,Línea,3
"MULTILINESTRING Z ((439736.739 4473717.6872 0,439801.239 4473753.9094 0))",2674495,Verde,Línea,15
"MULTILINESTRING Z ((439739.489 4474925.8261 0,439726.0723 4474909.9927 0))",2674524,Verde,Línea,4
"MULTILINESTRING Z ((444852.4866 4477503.5065 0,444894.1532 4477534.352 0))",2674527,Verde,Línea,10
"MULTILINESTRING Z ((444820.7309 4477480.0437 0,444848.5424 4477500.877 0))",2674528,Verde,Línea,7
"MULTILINESTRING Z ((445105.2938 4475869.6124 0,445105.041 4475869.9014 0,445104.3185 4475871.1658 0))",2674532,Verde,Batería,1
"MULTILINESTRING Z ((439522.9057 4473766.7983 0,439530.9057 4473758.6316 0))",2674533,Verde,Línea,2
"MULTILINESTRING Z ((444973.6505 4475751.3325 0,444968.4485 4475750.4384 0))",2674537,Verde,Línea,1
"MULTILINESTRING Z ((442834.239 4472946.9094 0,442863.4057 4472993.6594 0))",2674560,Verde,Batería,15
"MULTILINESTRING Z ((444978.0397 4475603.8888 0,444977.4707 4475608.4405 0))",2674564,Verde,Línea,1
"MULTILINESTRING Z ((444856.2401 4475328.7526 0,444862.4581 4475331.191 0,444869.7734 4475333.7514 0))",2674573,Verde,Línea,3
"MULTILINESTRING Z ((444965.935 4477540.8357 0,444982.4308 4477524.3398 0,445007.2421 4477498.6296 0))",2674576,Verde,Línea,12
"MULTILINESTRING Z ((444976.3404 4477457.9294 0,445001.2865 4477483.5496 0))",2674579,Verde,Línea,7
"MULTILINESTRING Z ((444867.7239 4477344.4585 0,444887.4785 4477365.0221 0))",2674581,Verde,Línea,6
"MULTILINESTRING Z ((444855.2733 4477341.4919 0,444848.8008 4477348.2791 0))",2674582,Verde,Línea,2
"MULTILINESTRING Z ((439471.7267 4479497.8353 0,439470.3933 4479487.7119 0))",2674584,Verde,Línea,2
"MULTILINESTRING Z ((439469.4057 4479479.9094 0,439464.7946 4479442.965 0,439464.5168 4479442.1872 0))",2674585,Verde,Línea,7
"MULTILINESTRING Z ((444804.7969 4477455.1201 0,444809.5164 4477458.671 0))",2674591,Verde,Batería,3
"MULTILINESTRING Z ((444888.989 4477517.6594 0,444892.739 4477520.3261 0))",2674594,Verde,Batería,2
"MULTILINESTRING Z ((439561.5538 4479467.9835 0,439561.3686 4479468.465 0,439561.0353 4479470.8724 0))",2674596,Verde,Batería,2
"MULTILINESTRING Z ((439560.1834 4479476.8724 0,439560.6279 4479473.7613 0))",2674597,Verde,Batería,2
"MULTILINESTRING Z ((445028.2552 4477479.4369 0,445050.5044 4477460.0194 0,445060.2131 4477452.2322 0,445066.2811 4477446.8722 0,445078.7204 4477437.6691 0,445088.5303 4477430.5898 0,445095.6095 4477425.7355 0,445099.6549 4477422.8026 0))",2674599,Verde,Línea,19
"MULTILINESTRING Z ((445003.2754 4477287.4871 0,445045.8523 4477343.5146 0))",2674601,Verde,Línea,14
"MULTILINESTRING Z ((445061.4267 4477349.4814 0,445080.1362 4477373.551 0))",2674604,Verde,Línea,7
"MULTILINESTRING Z ((445024.311 4477300.4321 0,445039.3798 4477320.0518 0))",2674606,Verde,Línea,5
"MULTILINESTRING Z ((439678.0147 4479424.8065 0,439678.9036 4479427.2263 0))",2674611,Verde,Batería,1
"MULTILINESTRING Z ((445020.6702 4477213.3568 0,445060.5165 4477186.4555 0))",2674617,Verde,Línea,10
"MULTILINESTRING Z ((444528.2552 4477053.0615 0,444557.9882 4477077.9401 0))",2674630,Verde,Línea,7
"MULTILINESTRING Z ((444422.3355 4477221.4137 0,444435.4828 4477191.4784 0,444439.3933 4477182.9159 0,444441.6182 4477177.1176 0,444445.259 4477166.8695 0,444449.0346 4477155.6101 0,444451.7314 4477146.5081 0,444453.1473 4477140.6424 0,444454.5632 4477135.2487 0))",2674632,Verde,Línea,19
"MULTILINESTRING Z ((440030.8223 4473855.5761 0,440049.3223 4473847.4927 0))",2674646,Verde,Línea,4
"MULTILINESTRING Z ((442340.989 4474718.4094 0,442338.4057 4474728.0761 0))",2674671,Verde,Línea,2
"MULTILINESTRING Z ((442336.1557 4474736.0761 0,442338.1557 4474728.8261 0))",2674673,Verde,Línea,1
"MULTILINESTRING Z ((442829.5168 4475331.7427 0,442829.9057 4475336.6316 0))",2674676,Verde,Batería,2
"MULTILINESTRING Z ((442832.739 4475383.0205 0,442831.1834 4475361.6316 0))",2674677,Verde,Batería,7
"MULTILINESTRING Z ((442839.4612 4475424.0761 0,442838.6279 4475409.465 0))",2674678,Verde,Línea,3
"MULTILINESTRING Z ((442091.739 4475278.4329 0,442090.489 4475262.8495 0))",2674694,Verde,Línea,3
"MULTILINESTRING Z ((441562.2575 4480306.3168 0,441552.3686 4480310.2427 0))",2674762,Verde,Línea,2
"MULTILINESTRING Z ((441509.9242 4480327.3168 0,441512.4921 4480332.8724 0))",2674764,Verde,Línea,1
"MULTILINESTRING Z ((441513.8995 4480466.074 0,441516.5662 4480463.9506 0))",2674765,Verde,Línea,1
"MULTILINESTRING Z ((441503.4962 4480415.358 0,441513.2411 4480435.6707 0))",2674766,Verde,Línea,4
"MULTILINESTRING Z ((441501.8501 4479997.6501 0,441507.0723 4480020.9464 0))",2674773,Verde,Línea,4
"MULTILINESTRING Z ((441515.4057 4480057.6872 0,441507.7946 4480023.8538 0))",2674774,Verde,Línea,7
"MULTILINESTRING Z ((440259.1557 4472055.8261 0,440277.6557 4472049.5761 0,440290.7807 4472044.2011 0,440301.2807 4472038.2011 0,440311.1557 4472031.3261 0,440330.5307 4472016.9511 0))",2674782,Azul,Línea,16
"MULTILINESTRING Z ((444991.451 4475875.3673 0,445003.3993 4475877.2367 0))",2674785,Verde,Línea,2
"MULTILINESTRING Z ((444986.249 4475874.3919 0,444976.1702 4475872.8476 0))",2674786,Verde,Línea,2
"MULTILINESTRING Z ((441257.7349 4479927.4073 0,441220.4839 4479953.037 0))",2674801,Verde,Línea,9
"MULTILINESTRING Z ((441244.2534 4479898.1892 0,441227.2164 4479908.3456 0))",2674805,Azul,Línea,4
"MULTILINESTRING Z ((442815.739 4475178.3261 0,442812.989 4475132.5761 0))",2674808,Verde,Batería,16
"MULTILINESTRING Z ((441184.8295 4479820.5102 0,441200.3522 4479819.5884 0))",2674811,Verde,Línea,3
"MULTILINESTRING Z ((441224.4427 4479790.6501 0,441219.2946 4479812.465 0))",2674815,Verde,Línea,4
"MULTILINESTRING Z ((441141.4715 4479804.2633 0,441143.3481 4479800.0987 0))",2674817,Verde,Línea,1
"MULTILINESTRING Z ((440585.8604 4473696.0953 0,440581.723 4473680.7149 0))",2674818,Verde,Línea,3
"MULTILINESTRING Z ((441158.9118 4479765.7613 0,441154.739 4479774.9464 0))",2674819,Verde,Línea,2
"MULTILINESTRING Z ((441158.9242 4479746.7613 0,441150.702 4479764.9835 0))",2674824,Verde,Línea,4
"MULTILINESTRING Z ((441144.6649 4479778.2798 0,441148.8131 4479769.2057 0))",2674826,Verde,Línea,2
"MULTILINESTRING Z ((441163.8131 4479735.8724 0,441166.5538 4479729.6872 0))",2674827,Verde,Línea,2
"MULTILINESTRING Z ((441170.8378 4479739.1193 0,441185.06 4479707.6872 0))",2674828,Verde,Línea,7
"MULTILINESTRING Z ((441211.7431 4479780.7407 0,441193.4715 4479772.5432 0))",2674829,Verde,Línea,4
"MULTILINESTRING Z ((441187.9983 4479770.0822 0,441179.0106 4479766.0329 0))",2674831,Verde,Línea,2
"MULTILINESTRING Z ((441230.739 4479765.3909 0,441238.1094 4479734.6131 0))",2674847,Verde,Línea,7
"MULTILINESTRING Z ((440217.989 4473921.5761 0,440213.9057 4473909.2427 0))",2674848,Verde,Línea,3
"MULTILINESTRING Z ((441234.4612 4479779.7983 0,441226.0723 4479813.8538 0))",2674850,Verde,Línea,7
"MULTILINESTRING Z ((441237.5209 4479767.0287 0,441238.6896 4479762.1892 0))",2674851,Verde,Línea,1
"MULTILINESTRING Z ((441186.6834 4479684.1316 0,441188.9057 4479679.3538 0))",2674852,Azul,Línea,1
"MULTILINESTRING Z ((441200.6649 4479682.2427 0,441197.2575 4479689.8353 0))",2674853,Azul,Línea,1
"MULTILINESTRING Z ((441197.5291 4479680.2551 0,441206.2699 4479660.8971 0))",2674854,Alta Rotación,Línea,5
"MULTILINESTRING Z ((441315.9242 4479774.2798 0,441317.8501 4479765.9094 0))",2674856,Azul,Línea,1
"MULTILINESTRING Z ((441347.4304 4479772.8477 0,441363.4304 4479795.3415 0))",2674857,Azul,Batería,11
"MULTILINESTRING Z ((441355.2946 4479687.1316 0,441355.8871 4479684.6501 0))",2674858,Azul,Batería,1
"MULTILINESTRING Z ((441337.776 4479667.7983 0,441338.9983 4479662.502 0))",2674859,Azul,Batería,2
"MULTILINESTRING Z ((440331.1557 4472016.4511 0,440378.4057 4471983.0761 0))",2674861,Azul,Línea,10
"MULTILINESTRING Z ((441070.239 4475111.6594 0,441063.239 4475087.9927 0))",2674910,Verde,Batería,8
"MULTILINESTRING Z ((441071.8223 4475116.4094 0,441070.5723 4475112.5761 0))",2674911,Verde,Batería,1
"MULTILINESTRING Z ((440732.9057 4475162.5761 0,440746.239 4475156.0761 0))",2674917,Verde,Línea,3
"MULTILINESTRING Z ((440796.1869 4475176.862 0,440789.1939 4475185.6033 0))",2674925,Verde,Línea,2
"MULTILINESTRING Z ((445186.489 4476187.5761 0,445191.5723 4476178.5761 0))",2674927,Verde,Batería,4
"MULTILINESTRING Z ((444642.3492 4474968.8404 0,444633.4083 4474977.8626 0))",2674943,Verde,Batería,4
"MULTILINESTRING Z ((439963.7946 4475673.2983 0,439965.1834 4475683.2427 0))",2674944,Verde,Línea,2
"MULTILINESTRING Z ((444708.4813 4474988.3116 0,444708.5896 4474988.0949 0,444710.7571 4474985.8191 0))",2674959,Verde,Línea,1
"MULTILINESTRING Z ((444854.899 4474871.5471 0,444848.9248 4474857.4042 0))",2674980,Verde,Batería,6
"MULTILINESTRING Z ((437777.7404 4473737.1647 0,437793.5766 4473744.8897 0))",2675011,Azul,Línea,4
"MULTILINESTRING Z ((437821.9057 4473758.1594 0,437843.4057 4473768.4094 0))",2675013,Verde,Línea,4
"MULTILINESTRING Z ((437844.0723 4473768.7427 0,437853.2946 4473773.2983 0))",2675014,Azul,Línea,2
"MULTILINESTRING Z ((437868.9057 4473780.7427 0,437858.9057 4473775.8538 0))",2675015,Azul,Línea,2
"MULTILINESTRING Z ((437348.3223 4473531.1594 0,437353.3223 4473533.4927 0))",2675017,Azul,Línea,1
"MULTILINESTRING Z ((437329.3223 4473522.1594 0,437347.3223 4473530.7427 0))",2675018,Verde,Línea,4
"MULTILINESTRING Z ((437317.739 4473516.8261 0,437327.3223 4473521.2427 0))",2675019,Verde,Línea,2
"MULTILINESTRING Z ((437277.7945 4473320.4329 0,437321.0381 4473305.8332 0))",2675020,Verde,Línea,9
"MULTILINESTRING Z ((437339.0497 4473299.7236 0,437369.6773 4473289.2499 0))",2675021,Azul,Línea,7
"MULTILINESTRING Z ((437373.5653 4473287.8216 0,437378.088 4473286.3934 0))",2675022,Azul,Línea,1
"MULTILINESTRING Z ((437277.3977 4473314.0059 0,437327.7032 4473297.1052 0))",2675023,Verde,Línea,10
"MULTILINESTRING Z ((437336.6693 4473294.2487 0,437358.6482 4473286.5521 0))",2675024,Verde,Línea,5
"MULTILINESTRING Z ((437380.5478 4473285.9967 0,437408.3983 4473276.7132 0))",2675025,Verde,Batería,11
"MULTILINESTRING Z ((437421.9665 4473276.3165 0,437432.9163 4473278.6968 0))",2675026,Verde,Batería,4
"MULTILINESTRING Z ((437373.3273 4473281.3946 0,437401.0191 4473272.1904 0))",2675027,Verde,Línea,6
"MULTILINESTRING Z ((437573.5277 4473309.2416 0,437601.8007 4473249.5514 0))",2675028,Azul,Línea,15
"MULTILINESTRING Z ((437604.6557 4473245.2427 0,437609.489 4473234.7427 0))",2675029,Verde,Línea,2
"MULTILINESTRING Z ((437635.489 4473315.4094 0,437628.4057 4473293.2427 0))",2675030,Azul,Batería,8
"MULTILINESTRING Z ((437620.4057 4473268.1594 0,437626.5723 4473286.4927 0))",2675031,Azul,Batería,7
"MULTILINESTRING Z ((438067.5723 4473988.0761 0,438076.5723 4473992.3261 0))",2675034,Verde,Línea,2
"MULTILINESTRING Z ((437969.8501 4473927.0761 0,437974.1834 4473917.8538 0))",2675038,Verde,Línea,2
"MULTILINESTRING Z ((437975.4057 4473929.4094 0,437980.2946 4473918.5205 0))",2675039,Verde,Línea,2
"MULTILINESTRING Z ((437991.739 4473880.4094 0,437980.5723 4473904.9927 0))",2675040,Verde,Línea,5
"MULTILINESTRING Z ((437996.989 4473869.3261 0,437992.0723 4473879.7427 0))",2675042,Verde,Línea,2
"MULTILINESTRING Z ((438003.9612 4473854.5761 0,437997.5168 4473868.1872 0))",2675044,Verde,Línea,3
"MULTILINESTRING Z ((438075.1834 4473878.7983 0,438107.2946 4473893.8538 0))",2675046,Verde,Línea,7
"MULTILINESTRING Z ((438107.9242 4473894.1563 0,438121.381 4473900.502 0))",2675047,Verde,Línea,3
"MULTILINESTRING Z ((438038.739 4473805.3538 0,438052.7946 4473811.965 0))",2675048,Verde,Línea,3
"MULTILINESTRING Z ((438056.1834 4473813.4094 0,438092.9612 4473830.6872 0))",2675049,Verde,Línea,8
"MULTILINESTRING Z ((438096.489 4473832.2427 0,438104.8223 4473836.0761 0))",2675050,Verde,Línea,2
"MULTILINESTRING Z ((438118.239 4473841.7427 0,438148.5723 4473854.465 0))",2675051,Verde,Línea,7
"MULTILINESTRING Z ((438152.9057 4473850.9094 0,438154.7946 4473835.8538 0))",2675057,Verde,Línea,3
"MULTILINESTRING Z ((438154.9057 4473835.1872 0,438156.6279 4473820.5205 0))",2675058,Verde,Línea,3
"MULTILINESTRING Z ((438164.4057 4473819.9094 0,438203.3223 4473825.5761 0))",2675059,Verde,Línea,8
"MULTILINESTRING Z ((438207.0723 4473826.3261 0,438212.8223 4473827.2427 0))",2675060,Verde,Línea,1
"MULTILINESTRING Z ((438169.0723 4473776.0761 0,438189.1557 4473779.0761 0))",2675062,Verde,Línea,4
"MULTILINESTRING Z ((438193.6834 4473779.6316 0,438220.0168 4473783.6872 0))",2675063,Verde,Línea,5
"MULTILINESTRING Z ((438167.3223 4473769.6594 0,438170.739 4473747.2427 0))",2675064,Verde,Línea,4
"MULTILINESTRING Z ((438170.989 4473725.9094 0,438173.0723 4473710.1594 0))",2675066,Verde,Línea,3
"MULTILINESTRING Z ((438183.489 4473684.0761 0,438232.5723 4473691.2427 0))",2675069,Verde,Línea,10
"MULTILINESTRING Z ((438177.739 4473679.9927 0,438180.0723 4473664.6594 0))",2675071,Verde,Línea,3
"MULTILINESTRING Z ((438208.1279 4473659.7427 0,438238.2946 4473664.2983 0))",2675074,Verde,Línea,6
"MULTILINESTRING Z ((438187.0168 4473656.3538 0,438202.1279 4473658.7427 0))",2675075,Verde,Línea,3
"MULTILINESTRING Z ((438014.4006 4473754.342 0,438016.7951 4473764.9676 0))",2675093,Verde,Línea,2
"MULTILINESTRING Z ((438048.989 4473764.5761 0,438088.4057 4473782.8261 0))",2675095,Verde,Línea,9
"MULTILINESTRING Z ((438017.9057 4473712.0761 0,438016.4057 4473745.6594 0))",2675099,Verde,Línea,7
"MULTILINESTRING Z ((438023.4057 4473707.0205 0,438034.0723 4473711.9094 0))",2675100,Verde,Línea,2
"MULTILINESTRING Z ((438038.8501 4473714.1316 0,438058.2946 4473723.0205 0))",2675101,Verde,Línea,4
"MULTILINESTRING Z ((438073.1834 4473729.7427 0,438088.0723 4473736.6872 0))",2675102,Verde,Línea,3
"MULTILINESTRING Z ((438019.239 4473700.7983 0,438020.9612 4473695.1872 0))",2675105,Verde,Línea,1
"MULTILINESTRING Z ((438021.8501 4473691.9094 0,438026.0168 4473676.465 0))",2675106,Verde,Línea,3
"MULTILINESTRING Z ((438033.6148 4473672.7649 0,438092.8741 4473699.4897 0))",2675107,Verde,Línea,13
"MULTILINESTRING Z ((438098.9717 4473702.2029 0,438112.6166 4473708.4333 0))",2675108,Verde,Línea,3
"MULTILINESTRING Z ((438122.6557 4473712.9094 0,438145.489 4473723.4094 0))",2675109,Verde,Línea,5
"MULTILINESTRING Z ((438150.489 4473725.5761 0,438164.5723 4473732.1594 0))",2675110,Verde,Línea,3
"MULTILINESTRING Z ((438028.4057 4473666.5205 0,438030.7946 4473656.465 0))",2675113,Verde,Línea,2
"MULTILINESTRING Z ((438031.739 4473652.5205 0,438036.5168 4473632.6316 0))",2675114,Verde,Línea,4
"MULTILINESTRING Z ((438079.1279 4473637.1316 0,438074.6834 4473633.965 0))",2675115,Verde,Línea,1
"MULTILINESTRING Z ((438079.6557 4473637.6594 0,438087.8223 4473643.7427 0))",2675116,Verde,Línea,2
"MULTILINESTRING Z ((438088.5723 4473644.3261 0,438092.739 4473647.6594 0))",2675117,Verde,Línea,1
"MULTILINESTRING Z ((438118.4057 4473667.4927 0,438097.9057 4473651.7427 0))",2675118,Verde,Línea,5
"MULTILINESTRING Z ((438129.739 4473670.1594 0,438140.4057 4473676.3261 0,438167.739 4473681.1594 0))",2675121,Verde,Batería,15
"MULTILINESTRING Z ((438117.8223 4473661.2427 0,438120.989 4473663.6594 0))",2675122,Verde,Batería,1
"MULTILINESTRING Z ((438079.739 4473632.3261 0,438113.4057 4473657.3261 0))",2675123,Verde,Batería,17
"MULTILINESTRING Z ((438133.1557 4473657.7427 0,438139.8223 4473645.1594 0))",2675124,Verde,Línea,3
"MULTILINESTRING Z ((438145.0723 4473640.4927 0,438166.8223 4473651.9094 0,438178.3223 4473654.0761 0))",2675126,Verde,Línea,7
"MULTILINESTRING Z ((438108.489 4473620.6594 0,438135.6557 4473635.4927 0))",2675129,Verde,Línea,6
"MULTILINESTRING Z ((438100.239 4473616.2427 0,438104.989 4473618.9094 0))",2675131,Verde,Línea,1
"MULTILINESTRING Z ((438092.1557 4473611.8261 0,438096.239 4473613.9927 0))",2675132,Verde,Línea,1
"MULTILINESTRING Z ((438122.9944 4473467.8044 0,438137.9733 4473468.6001 0))",2675149,Verde,Línea,3
"MULTILINESTRING Z ((438130.4057 4473499.3261 0,438139.489 4473499.9927 0))",2675150,Verde,Línea,2
"MULTILINESTRING Z ((438109.489 4473498.0761 0,438124.739 4473498.9927 0))",2675151,Verde,Línea,3
"MULTILINESTRING Z ((438105.4057 4473559.3261 0,438134.4057 4473561.0761 0))",2675155,Verde,Línea,6
"MULTILINESTRING Z ((438099.4953 4473587.2062 0,438100.1598 4473576.2262 0))",2675156,Verde,Línea,2
"MULTILINESTRING Z ((438100.928 4473563.5322 0,438100.3239 4473573.514 0))",2675157,Verde,Línea,2
"MULTILINESTRING Z ((438101.4897 4473555.8616 0,438102.468 4473540.8935 0))",2675158,Verde,Línea,3
"MULTILINESTRING Z ((438102.739 4473538.4927 0,438103.239 4473532.3261 0))",2675159,Verde,Línea,1
"MULTILINESTRING Z ((438103.9249 4473511.4326 0,438103.4855 4473521.4229 0))",2675160,Verde,Línea,2
"MULTILINESTRING Z ((438105.9057 4473494.1594 0,438106.739 4473473.7427 0))",2675161,Verde,Línea,4
"MULTILINESTRING Z ((438109.5723 4473433.0761 0,438110.9057 4473407.9094 0))",2675163,Verde,Línea,5
"MULTILINESTRING Z ((438105.989 4473393.0761 0,438096.0723 4473358.4927 0))",2675171,Verde,Línea,7
"MULTILINESTRING Z ((438102.9027 4473394.0033 0,438100.0531 4473384.4179 0))",2675172,Verde,Línea,2
"MULTILINESTRING Z ((438091.3223 4473325.6594 0,438086.739 4473316.1594 0))",2675174,Verde,Línea,2
"MULTILINESTRING Z ((438086.3223 4473315.3261 0,438081.0723 4473303.9927 0))",2675175,Verde,Línea,2
"MULTILINESTRING Z ((438078.989 4473299.6594 0,438076.6557 4473294.7427 0))",2675176,Verde,Línea,1
"MULTILINESTRING Z ((438071.2807 4473276.8261 0,438042.5307 4473206.9511 0))",2675178,Verde,Batería,28
"MULTILINESTRING Z ((437971.4057 4473194.8261 0,437963.0723 4473173.9927 0))",2675184,Verde,Línea,4
"MULTILINESTRING Z ((437974.989 4473193.2427 0,437966.9057 4473172.2427 0))",2675185,Verde,Línea,4
"MULTILINESTRING Z ((437895.239 4473155.9927 0,437890.1557 4473141.1594 0))",2675191,Verde,Línea,3
"MULTILINESTRING Z ((437898.8223 4473166.4094 0,437896.9057 4473161.1594 0))",2675192,Verde,Línea,1
"MULTILINESTRING Z ((437900.1557 4473169.4094 0,437903.489 4473179.9094 0))",2675193,Verde,Línea,2
"MULTILINESTRING Z ((437945.1557 4473171.4927 0,437950.239 4473169.4927 0))",2675195,Verde,Línea,1
"MULTILINESTRING Z ((437874.3223 4473202.8261 0,437859.6557 4473208.7427 0))",2675196,Verde,Línea,3
"MULTILINESTRING Z ((437886.5723 4473197.9927 0,437901.1557 4473192.0761 0))",2675197,Verde,Línea,3
"MULTILINESTRING Z ((437919.6557 4473220.2427 0,437916.3223 4473211.8261 0))",2675199,Verde,Línea,2
"MULTILINESTRING Z ((437924.3223 4473232.2427 0,437921.9057 4473226.2427 0))",2675200,Verde,Línea,1
"MULTILINESTRING Z ((437929.489 4473245.3261 0,437927.489 4473240.4094 0))",2675201,Verde,Línea,1
"MULTILINESTRING Z ((437934.3223 4473256.5761 0,437932.4057 4473251.7427 0))",2675202,Verde,Línea,1
"MULTILINESTRING Z ((437938.1557 4473272.2427 0,437936.989 4473265.1594 0,437935.9057 4473261.8261 0))",2675203,Verde,Línea,2
"MULTILINESTRING Z ((437891.989 4473281.5761 0,437905.8223 4473280.4927 0))",2675204,Verde,Línea,3
"MULTILINESTRING Z ((437916.0723 4473279.7427 0,437931.1557 4473278.5761 0))",2675205,Verde,Línea,3
"MULTILINESTRING Z ((437951.8223 4473280.8261 0,437965.239 4473279.8261 0))",2675206,Verde,Línea,3
"MULTILINESTRING Z ((437982.5723 4473278.9094 0,437968.989 4473279.7427 0))",2675207,Verde,Línea,3
"MULTILINESTRING Z ((437999.8223 4473277.4094 0,438013.9057 4473275.9927 0))",2675208,Verde,Línea,3
"MULTILINESTRING Z ((438048.8223 4473281.2427 0,438063.8223 4473285.2427 0))",2675209,Verde,Línea,3
"MULTILINESTRING Z ((437891.8223 4473285.2427 0,437931.3223 4473282.5761 0))",2675210,Verde,Línea,8
"MULTILINESTRING Z ((437951.8223 4473277.6594 0,437962.3223 4473276.7427 0))",2675211,Verde,Línea,2
"MULTILINESTRING Z ((437984.0723 4473274.6594 0,437966.1557 4473276.4927 0))",2675212,Verde,Línea,4
"MULTILINESTRING Z ((439354.8501 4479489.0946 0,439354.4057 4479500.4279 0))",2675214,Verde,Línea,2
"MULTILINESTRING Z ((437993.1557 4473333.9094 0,437988.8223 4473295.7427 0))",2675217,Verde,Línea,7
"MULTILINESTRING Z ((437947.0723 4473339.4094 0,437942.0723 4473284.5761 0))",2675218,Verde,Línea,10
"MULTILINESTRING Z ((439590.5168 4479492.5205 0,439610.5723 4479494.6316 0))",2675219,Verde,Línea,4
"MULTILINESTRING Z ((437915.989 4473356.7427 0,437941.1557 4473354.4927 0))",2675220,Verde,Línea,5
"MULTILINESTRING Z ((438027.9057 4473345.3261 0,438003.9057 4473347.8261 0))",2675222,Verde,Línea,5
"MULTILINESTRING Z ((438055.4057 4473345.3261 0,438060.989 4473344.8261 0))",2675223,Verde,Línea,1
"MULTILINESTRING Z ((439642.4057 4479340.3261 0,439643.2807 4479333.3261 0))",2675224,Verde,Batería,3
"MULTILINESTRING Z ((438082.3223 4473342.6594 0,438065.5723 4473344.3261 0))",2675225,Verde,Línea,3
"MULTILINESTRING Z ((439662.0723 4479702.4094 0,439663.739 4479707.4094 0))",2675227,Verde,Línea,1
"MULTILINESTRING Z ((438049.489 4473405.8261 0,438049.0723 4473400.1594 0))",2675228,Verde,Línea,1
"MULTILINESTRING Z ((438048.739 4473395.6594 0,438047.489 4473380.3261 0))",2675229,Verde,Línea,3
"MULTILINESTRING Z ((438046.8223 4473375.6594 0,438044.8223 4473353.7427 0))",2675230,Verde,Línea,4
"MULTILINESTRING Z ((438001.4057 4473416.6594 0,437999.5723 4473398.7427 0))",2675231,Verde,Línea,4
"MULTILINESTRING Z ((437999.3223 4473394.4094 0,437997.989 4473380.9094 0))",2675232,Verde,Línea,3
"MULTILINESTRING Z ((437950.0723 4473398.5761 0,437946.239 4473364.2427 0))",2675234,Verde,Línea,7
"MULTILINESTRING Z ((437951.8223 4473419.4927 0,437950.8223 4473408.4094 0))",2675235,Verde,Línea,2
"MULTILINESTRING Z ((438061.8223 4473413.0761 0,438094.739 4473403.3261 0))",2675240,Verde,Batería,13
"MULTILINESTRING Z ((438062.739 4473416.9094 0,438095.6557 4473407.1594 0))",2675241,Verde,Línea,7
"MULTILINESTRING Z ((438004.5723 4473428.9094 0,438039.8223 4473421.8261 0))",2675242,Verde,Línea,7
"MULTILINESTRING Z ((437894.739 4473792.6872 0,437904.8501 4473797.4094 0))",2675244,Verde,Línea,2
"MULTILINESTRING Z ((437905.5168 4473797.7427 0,437916.1834 4473802.7983 0))",2675245,Verde,Línea,2
"MULTILINESTRING Z ((437916.7946 4473803.0761 0,437926.9057 4473807.965 0))",2675246,Verde,Línea,2
"MULTILINESTRING Z ((437906.1557 4473771.4094 0,437910.9057 4473760.9094 0))",2675249,Verde,Línea,2
"MULTILINESTRING Z ((437923.4612 4473753.7983 0,437933.2946 4473758.5761 0))",2675250,Verde,Línea,2
"MULTILINESTRING Z ((438018.3223 4473798.9094 0,438008.489 4473794.4094 0))",2675254,Verde,Línea,2
"MULTILINESTRING Z ((437920.2946 4473741.3538 0,437922.7946 4473735.965 0))",2675255,Verde,Línea,1
"MULTILINESTRING Z ((437940.8083 4473721.1994 0,437958.8308 4473729.8705 0))",2675256,Verde,Línea,4
"MULTILINESTRING Z ((437962.8547 4473731.9176 0,437967.356 4473734.0944 0))",2675257,Verde,Línea,1
"MULTILINESTRING Z ((438010.7571 4473750.4977 0,437978.2856 4473739.8444 0))",2675258,Verde,Línea,7
"MULTILINESTRING Z ((438010.489 4473746.2427 0,438004.489 4473744.3261 0))",2675259,Verde,Línea,1
"MULTILINESTRING Z ((437963.6557 4473728.3261 0,437980.239 4473736.4094 0,438000.9057 4473743.2427 0))",2675260,Verde,Línea,8
"MULTILINESTRING Z ((437941.8983 4473717.9995 0,437959.9308 4473726.6498 0))",2675261,Verde,Línea,4
"MULTILINESTRING Z ((437946.4057 4473687.9094 0,437941.6834 4473697.3538 0))",2675262,Verde,Línea,2
"MULTILINESTRING Z ((437962.739 4473687.2983 0,437972.5168 4473692.1872 0))",2675263,Verde,Línea,2
"MULTILINESTRING Z ((437991.2988 4473700.7168 0,437986.587 4473699.0439 0))",2675264,Verde,Línea,1
"MULTILINESTRING Z ((437995.2946 4473701.8538 0,438006.6279 4473704.6872 0))",2675265,Verde,Línea,2
"MULTILINESTRING Z ((437996.2946 4473697.4094 0,438007.7946 4473700.2983 0))",2675266,Verde,Línea,2
"MULTILINESTRING Z ((437988.6834 4473695.2427 0,437992.739 4473696.5761 0))",2675267,Verde,Línea,1
"MULTILINESTRING Z ((437966.3501 4473684.7983 0,437979.9612 4473691.1872 0))",2675268,Verde,Línea,3
"MULTILINESTRING Z ((437959.4057 4473681.7427 0,437963.3501 4473683.5205 0))",2675269,Verde,Línea,1
"MULTILINESTRING Z ((437964.239 4473651.1872 0,437955.4612 4473669.2427 0))",2675270,Verde,Línea,4
"MULTILINESTRING Z ((437885.239 4473735.6594 0,437907.8223 4473746.6594 0))",2675276,Verde,Línea,5
"MULTILINESTRING Z ((437877.4612 4473732.0761 0,437882.0723 4473734.1316 0))",2675277,Verde,Línea,1
"MULTILINESTRING Z ((437854.739 4473721.2427 0,437869.9057 4473728.6594 0))",2675278,Verde,Línea,3
"MULTILINESTRING Z ((437846.739 4473717.3261 0,437809.989 4473699.8261 0))",2675279,Verde,Línea,8
"MULTILINESTRING Z ((437787.739 4473688.9094 0,437793.8223 4473691.7427 0))",2675281,Verde,Línea,1
"MULTILINESTRING Z ((437730.2946 4473661.1316 0,437743.3501 4473667.5761 0))",2675283,Verde,Línea,3
"MULTILINESTRING Z ((437656.5723 4473625.2427 0,437698.6557 4473645.9094 0))",2675285,Verde,Línea,9
"MULTILINESTRING Z ((437720.0168 4473629.0205 0,437725.2946 4473631.3538 0))",2675287,Verde,Línea,1
"MULTILINESTRING Z ((437730.6834 4473633.7427 0,437740.4057 4473638.0205 0))",2675288,Verde,Línea,2
"MULTILINESTRING Z ((437685.9057 4473610.4927 0,437698.739 4473616.4094 0))",2675290,Verde,Línea,3
"MULTILINESTRING Z ((437710.239 4473621.4094 0,437738.1557 4473634.2427 0))",2675291,Verde,Línea,6
"MULTILINESTRING Z ((437746.4612 4473623.965 0,437754.9612 4473628.2983 0))",2675292,Verde,Línea,2
"MULTILINESTRING Z ((437748.489 4473611.5761 0,437761.8223 4473625.4927 0))",2675293,Verde,Línea,4
"MULTILINESTRING Z ((437740.9057 4473607.965 0,437711.4612 4473594.5205 0))",2675294,Verde,Línea,6
"MULTILINESTRING Z ((437696.3501 4473587.5761 0,437705.9057 4473592.0205 0))",2675295,Verde,Línea,2
"MULTILINESTRING Z ((437677.7946 4473579.1872 0,437692.6279 4473586.0205 0))",2675296,Azul,Línea,3
"MULTILINESTRING Z ((437752.9612 4473632.1872 0,437758.3501 4473634.5761 0))",2675300,Verde,Línea,1
"MULTILINESTRING Z ((437763.5168 4473636.7427 0,437777.0168 4473643.1316 0))",2675301,Verde,Línea,3
"MULTILINESTRING Z ((437780.5168 4473644.5761 0,437788.8501 4473648.5761 0))",2675302,Verde,Línea,2
"MULTILINESTRING Z ((437805.3501 4473656.6872 0,437826.5723 4473666.8538 0))",2675303,Verde,Línea,4
"MULTILINESTRING Z ((437836.0723 4473671.1872 0,437854.9612 4473680.2983 0))",2675304,Verde,Línea,4
"MULTILINESTRING Z ((437858.7946 4473682.1316 0,437863.8501 4473684.5761 0))",2675305,Verde,Línea,1
"MULTILINESTRING Z ((437872.739 4473688.8538 0,437900.0168 4473701.7427 0))",2675306,Verde,Línea,6
"MULTILINESTRING Z ((437904.7946 4473703.8538 0,437919.1834 4473710.465 0))",2675307,Verde,Línea,3
"MULTILINESTRING Z ((437927.5723 4473710.9927 0,437881.489 4473689.0761 0))",2675308,Verde,Línea,10
"MULTILINESTRING Z ((437877.239 4473687.2427 0,437872.3223 4473685.1594 0))",2675309,Verde,Línea,1
"MULTILINESTRING Z ((437854.489 4473676.6594 0,437845.9057 4473672.6594 0))",2675311,Verde,Línea,2
"MULTILINESTRING Z ((437823.8223 4473662.3261 0,437833.3223 4473666.7427 0))",2675312,Verde,Línea,2
"MULTILINESTRING Z ((437818.6557 4473659.8261 0,437776.5723 4473639.4927 0,437773.739 4473637.9094 0,437771.489 4473635.9094 0,437767.3223 4473631.8261 0))",2675313,Verde,Línea,10
"MULTILINESTRING Z ((437803.0168 4473611.1316 0,437812.9057 4473616.3538 0))",2675314,Verde,Línea,2
"MULTILINESTRING Z ((437857.739 4473637.5761 0,437894.9057 4473655.3538 0))",2675316,Verde,Línea,8
"MULTILINESTRING Z ((437907.3501 4473660.965 0,437917.0723 4473665.5205 0))",2675317,Verde,Línea,2
"MULTILINESTRING Z ((437920.739 4473667.5205 0,437925.1834 4473669.6872 0))",2675318,Verde,Línea,1
"MULTILINESTRING Z ((437929.6279 4473671.7427 0,437944.0723 4473678.6872 0))",2675319,Verde,Línea,3
"MULTILINESTRING Z ((437945.6557 4473675.4094 0,437931.8223 4473668.9094 0))",2675320,Verde,Línea,3
"MULTILINESTRING Z ((437928.3223 4473667.0761 0,437914.239 4473660.3261 0))",2675321,Verde,Línea,3
"MULTILINESTRING Z ((437905.4005 4473656.3245 0,437896.4118 4473651.9423 0))",2675322,Verde,Línea,2
"MULTILINESTRING Z ((437859.9057 4473634.2983 0,437873.7946 4473640.965 0))",2675324,Verde,Línea,3
"MULTILINESTRING Z ((437814.2946 4473612.9094 0,437837.8501 4473624.0761 0))",2675325,Verde,Línea,5
"MULTILINESTRING Z ((437845.8223 4473622.8261 0,437851.5723 4473610.9927 0))",2675326,Verde,Línea,2
"MULTILINESTRING Z ((437849.1557 4473624.2427 0,437858.3223 4473605.8261 0))",2675327,Verde,Línea,4
"MULTILINESTRING Z ((437898.6557 4473612.1594 0,437903.8223 4473614.5761 0))",2675330,Verde,Línea,1
"MULTILINESTRING Z ((437934.989 4473629.7427 0,437943.5723 4473633.7427 0))",2675332,Verde,Línea,2
"MULTILINESTRING Z ((437946.4612 4473634.9094 0,437958.8501 4473640.6316 0))",2675333,Verde,Línea,3
"MULTILINESTRING Z ((437867.6557 4473586.9094 0,437887.739 4473547.1594 0))",2675335,Verde,Línea,9
"MULTILINESTRING Z ((437884.4057 4473544.6594 0,437880.4057 4473552.9927 0))",2675336,Verde,Línea,2
"MULTILINESTRING Z ((437653.6557 4473620.8261 0,437659.9057 4473607.1594 0))",2675338,Verde,Línea,3
"MULTILINESTRING Z ((437658.2946 4473573.8538 0,437662.6834 4473575.965 0))",2675342,Verde,Línea,1
"MULTILINESTRING Z ((437632.9057 4473562.0205 0,437647.1834 4473568.7427 0))",2675343,Verde,Línea,3
"MULTILINESTRING Z ((437621.1279 4473556.6316 0,437626.0168 4473559.0761 0))",2675344,Verde,Línea,1
"MULTILINESTRING Z ((437622.6279 4473553.965 0,437627.239 4473556.0761 0))",2675345,Verde,Línea,1
"MULTILINESTRING Z ((437630.9612 4473557.6872 0,437645.3501 4473564.0205 0))",2675346,Verde,Línea,3
"MULTILINESTRING Z ((437591.5168 4473611.2983 0,437596.0723 4473601.9094 0))",2675347,Azul,Línea,2
"MULTILINESTRING Z ((437587.239 4473621.465 0,437591.239 4473612.0205 0))",2675348,Verde,Línea,2
"MULTILINESTRING Z ((437556.0723 4473572.9927 0,437586.239 4473586.6594 0))",2675349,Verde,Línea,7
"MULTILINESTRING Z ((437545.5576 4473567.9897 0,437550.1107 4473570.0559 0))",2675350,Verde,Línea,1
"MULTILINESTRING Z ((437544.0723 4473562.2427 0,437548.8223 4473564.4927 0))",2675351,Verde,Línea,1
"MULTILINESTRING Z ((437552.1557 4473565.9927 0,437588.1557 4473582.3261 0))",2675352,Verde,Línea,8
"MULTILINESTRING Z ((437609.8184 4473560.7164 0,437603.4063 4473574.2768 0))",2675353,Verde,Línea,3
"MULTILINESTRING Z ((437604.9057 4473583.1316 0,437614.1834 4473563.1872 0))",2675354,Verde,Línea,4
"MULTILINESTRING Z ((437598.4057 4473546.7427 0,437610.5723 4473552.2427 0))",2675355,Verde,Línea,3
"MULTILINESTRING Z ((437556.5168 4473527.7427 0,437593.0723 4473544.4094 0))",2675356,Verde,Línea,8
"MULTILINESTRING Z ((437561.5168 4473526.0761 0,437594.5723 4473541.2983 0))",2675357,Verde,Línea,7
"MULTILINESTRING Z ((437488.9057 4473574.8261 0,437506.9057 4473537.7427 0))",2675358,Verde,Línea,9
"MULTILINESTRING Z ((437508.5723 4473533.2983 0,437511.239 4473527.7427 0))",2675359,Verde,Línea,1
"MULTILINESTRING Z ((437513.5723 4473522.5205 0,437525.0168 4473498.1316 0))",2675360,Verde,Línea,6
"MULTILINESTRING Z ((437528.8223 4473494.2427 0,437550.6557 4473503.8261 0))",2675361,Verde,Línea,4
"MULTILINESTRING Z ((437747.8501 4473605.2427 0,437759.9612 4473579.7983 0))",2675365,Verde,Línea,6
"MULTILINESTRING Z ((437772.989 4473547.9094 0,437759.989 4473575.7427 0))",2675366,Verde,Línea,6
"MULTILINESTRING Z ((437780.3223 4473543.6594 0,437808.8223 4473541.4927 0))",2675367,Verde,Línea,6
"MULTILINESTRING Z ((437811.4612 4473590.0205 0,437810.4057 4473600.0761 0))",2675370,Verde,Línea,2
"MULTILINESTRING Z ((437811.6834 4473586.0761 0,437814.239 4473564.6316 0))",2675371,Verde,Línea,4
"MULTILINESTRING Z ((437814.6834 4473560.465 0,437815.239 4473554.965 0))",2675372,Verde,Línea,1
"MULTILINESTRING Z ((437815.6557 4473551.8261 0,437816.0723 4473548.7427 0,437810.989 4473516.5761 0))",2675373,Verde,Línea,7
"MULTILINESTRING Z ((437882.9057 4473536.6594 0,437862.489 4473528.9094 0))",2675377,Verde,Batería,8
"MULTILINESTRING Z ((437899.489 4473545.3261 0,437927.5723 4473556.3261 0))",2675378,Verde,Línea,6
"MULTILINESTRING Z ((437928.4057 4473556.5761 0,437941.6557 4473561.9094 0))",2675379,Verde,Línea,3
"MULTILINESTRING Z ((437898.739 4473539.1594 0,437925.6557 4473551.2427 0))",2675381,Verde,Línea,6
"MULTILINESTRING Z ((437962.1464 4473567.502 0,437967.776 4473568.3909 0))",2675382,Verde,Batería,2
"MULTILINESTRING Z ((444849.0723 4475009.5761 0,444843.1557 4475012.4094 0))",2675387,Verde,Batería,3
"MULTILINESTRING Z ((437901.4612 4473513.6872 0,437918.4612 4473535.965 0))",2675388,Verde,Línea,6
"MULTILINESTRING Z ((437891.3005 4473500.6001 0,437901.1038 4473513.2451 0))",2675390,Verde,Línea,3
"MULTILINESTRING Z ((437878.739 4473474.2427 0,437864.4057 4473455.9094 0))",2675392,Verde,Línea,5
"MULTILINESTRING Z ((437843.3223 4473439.2427 0,437852.739 4473451.5761 0))",2675393,Verde,Línea,3
"MULTILINESTRING Z ((438055.9057 4473595.3261 0,438057.8223 4473559.9927 0))",2675394,Verde,Línea,7
"MULTILINESTRING Z ((437929.5723 4473481.9094 0,437979.489 4473485.0761 0))",2675397,Verde,Línea,10
"MULTILINESTRING Z ((437894.989 4473479.9927 0,437924.4057 4473481.5761 0))",2675398,Verde,Línea,6
"MULTILINESTRING Z ((437889.9057 4473426.0761 0,437894.9057 4473427.1594 0))",2675400,Verde,Línea,1
"MULTILINESTRING Z ((437858.739 4473415.0761 0,437863.9057 4473416.2427 0))",2675402,Verde,Batería,2
"MULTILINESTRING Z ((437877.0723 4473418.8261 0,437884.6557 4473420.3261 0))",2675403,Verde,Batería,3
"MULTILINESTRING Z ((437897.4057 4473422.6594 0,437889.6557 4473421.3261 0))",2675404,Verde,Batería,3
"MULTILINESTRING Z ((437906.1014 4473424.3007 0,437900.9392 4473423.3447 0))",2675405,Verde,Batería,2
"MULTILINESTRING Z ((437921.239 4473426.1594 0,437934.3223 4473427.0761 0))",2675406,Verde,Batería,5
"MULTILINESTRING Z ((437839.489 4473434.2427 0,437836.489 4473430.2427 0))",2675408,Verde,Línea,1
"MULTILINESTRING Z ((437825.239 4473415.9927 0,437834.489 4473427.4927 0))",2675409,Verde,Línea,3
"MULTILINESTRING Z ((444662.8223 4474869.4927 0,444663.1557 4474872.2427 0))",2675410,Verde,Batería,1
"MULTILINESTRING Z ((437802.489 4473400.1594 0,437816.3223 4473402.9927 0))",2675411,Verde,Línea,3
"MULTILINESTRING Z ((437757.739 4473381.9927 0,437782.8223 4473393.2427 0))",2675412,Verde,Línea,5
"MULTILINESTRING Z ((437768.989 4473393.9927 0,437785.739 4473401.2427 0,437791.5723 4473403.3261 0,437807.9057 4473408.2427 0))",2675413,Verde,Línea,8
"MULTILINESTRING Z ((437741.0723 4473381.4094 0,437760.3223 4473389.9927 0))",2675414,Verde,Línea,4
"MULTILINESTRING Z ((437760.489 4473441.9094 0,437814.4057 4473485.0761 0))",2675415,Verde,Línea,14
"MULTILINESTRING Z ((437718.0721 4473412.5931 0,437746.874 4473436.1022 0))",2675417,Verde,Línea,7
"MULTILINESTRING Z ((437719.1557 4473405.9927 0,437735.0723 4473385.4094 0))",2675418,Verde,Línea,5
"MULTILINESTRING Z ((437697.9057 4473383.9094 0,437693.4057 4473398.3261 0,437693.3223 4473400.4094 0,437694.4057 4473403.2427 0,437695.3223 4473404.1594 0,437709.1557 4473408.8261 0))",2675419,Verde,Línea,7
"MULTILINESTRING Z ((437697.9057 4473369.5761 0,437694.9057 4473379.7427 0))",2675420,Verde,Línea,2
"MULTILINESTRING Z ((437701.9088 4473371.273 0,437698.8629 4473380.7978 0))",2675421,Verde,Línea,2
"MULTILINESTRING Z ((437715.6584 4473370.1333 0,437732.94 4473377.5549 0))",2675423,Verde,Línea,4
"MULTILINESTRING Z ((437607.8223 4473384.4094 0,437674.9057 4473406.0761 0))",2675424,Verde,Línea,13
"MULTILINESTRING Z ((437599.9057 4473382.5761 0,437602.5723 4473374.4927 0))",2675425,Verde,Batería,3
"MULTILINESTRING Z ((437605.4057 4473374.0761 0,437617.5723 4473377.9094 0))",2675426,Verde,Batería,5
"MULTILINESTRING Z ((437621.239 4473375.9094 0,437629.0723 4473351.1594 0))",2675427,Verde,Línea,5
"MULTILINESTRING Z ((437877.989 4473360.5761 0,437901.489 4473358.0761 0))",2675428,Verde,Línea,4
"MULTILINESTRING Z ((437843.989 4473363.5761 0,437858.8223 4473362.1594 0))",2675429,Verde,Línea,3
"MULTILINESTRING Z ((437760.5723 4473371.8261 0,437779.989 4473369.7427 0))",2675431,Verde,Línea,4
"MULTILINESTRING Z ((437748.9057 4473372.9927 0,437754.0723 4473372.4094 0))",2675432,Verde,Línea,1
"MULTILINESTRING Z ((437239.739 4473480.4927 0,437260.1557 4473490.2427 0))",2675433,Verde,Línea,4
"MULTILINESTRING Z ((437845.989 4473287.5761 0,437873.989 4473285.6594 0))",2675434,Verde,Línea,6
"MULTILINESTRING Z ((437912.5723 4473415.6594 0,437907.5723 4473368.1594 0))",2675435,Verde,Línea,10
"MULTILINESTRING Z ((437901.0723 4473330.2427 0,437906.6557 4473342.8261 0,437906.9057 4473346.4094 0))",2675436,Verde,Línea,3
"MULTILINESTRING Z ((437899.489 4473326.2427 0,437894.9057 4473316.5761 0))",2675437,Verde,Línea,2
"MULTILINESTRING Z ((437884.3223 4473292.9094 0,437889.1557 4473304.0761 0))",2675438,Verde,Línea,2
"MULTILINESTRING Z ((437878.4057 4473279.2427 0,437875.1557 4473270.6594 0))",2675439,Verde,Línea,2
"MULTILINESTRING Z ((437873.8223 4473268.3261 0,437870.4057 4473259.5761 0))",2675440,Verde,Línea,2
"MULTILINESTRING Z ((437869.1557 4473256.3261 0,437866.9057 4473250.7427 0))",2675441,Verde,Línea,1
"MULTILINESTRING Z ((437863.6557 4473241.9927 0,437852.6557 4473215.2427 0))",2675442,Verde,Línea,6
"MULTILINESTRING Z ((437846.989 4473213.9094 0,437832.3223 4473219.9094 0))",2675443,Verde,Línea,3
"MULTILINESTRING Z ((437819.8223 4473224.9927 0,437828.989 4473221.3261 0))",2675444,Verde,Línea,2
"MULTILINESTRING Z ((437810.489 4473228.7427 0,437815.9057 4473226.4094 0))",2675445,Verde,Línea,1
"MULTILINESTRING Z ((437872.0723 4473408.4927 0,437868.239 4473371.1594 0))",2675446,Verde,Línea,7
"MULTILINESTRING Z ((437867.0723 4473360.4927 0,437865.5723 4473346.3261 0))",2675447,Verde,Línea,3
"MULTILINESTRING Z ((437865.0723 4473341.4927 0,437863.9057 4473327.1594 0))",2675448,Verde,Línea,3
"MULTILINESTRING Z ((437861.489 4473315.8261 0,437838.6557 4473305.7427 0))",2675450,Verde,Línea,5
"MULTILINESTRING Z ((437829.0723 4473356.8261 0,437825.5723 4473323.2427 0))",2675452,Verde,Línea,7
"MULTILINESTRING Z ((437833.8223 4473296.6594 0,437831.739 4473291.4094 0))",2675454,Verde,Línea,1
"MULTILINESTRING Z ((437808.2836 4473233.6332 0,437829.7488 4473286.7524 0))",2675455,Verde,Línea,12
"MULTILINESTRING Z ((437766.9612 4473246.6316 0,437801.1834 4473232.7983 0))",2675456,Verde,Línea,7
"MULTILINESTRING Z ((437795.5723 4473389.9094 0,437793.9057 4473374.6594 0))",2675457,Verde,Línea,3
"MULTILINESTRING Z ((437792.6557 4473358.0761 0,437787.5723 4473308.4927 0))",2675458,Verde,Línea,10
"MULTILINESTRING Z ((437785.5723 4473300.4094 0,437788.0723 4473291.1594 0))",2675459,Verde,Línea,2
"MULTILINESTRING Z ((437777.6557 4473302.0761 0,437778.989 4473300.0761 0,437779.989 4473297.9094 0,437781.739 4473289.1594 0))",2675460,Verde,Línea,3
"MULTILINESTRING Z ((437742.5849 4473331.1421 0,437773.1942 4473305.392 0))",2675461,Verde,Línea,8
"MULTILINESTRING Z ((437740.3223 4473337.9094 0,437775.989 4473307.9094 0))",2675462,Verde,Línea,9
"MULTILINESTRING Z ((437723.8223 4473346.0761 0,437738.489 4473334.0761 0))",2675463,Verde,Línea,4
"MULTILINESTRING Z ((437726.7013 4473349.499 0,437735.047 4473342.3332 0))",2675464,Verde,Línea,2
"MULTILINESTRING Z ((437611.497 4473191.5956 0,437637.4867 4473192.328 0))",2675465,Verde,Línea,5
"MULTILINESTRING Z ((437698.989 4473221.8261 0,437698.9057 4473199.9927 0))",2675471,Verde,Línea,4
"MULTILINESTRING Z ((437699.0723 4473250.7427 0,437698.9057 4473228.0761 0))",2675472,Verde,Línea,4
"MULTILINESTRING Z ((437703.1557 4473246.2427 0,437703.1557 4473230.9094 0))",2675473,Verde,Línea,3
"MULTILINESTRING Z ((437703.239 4473226.6594 0,437703.489 4473211.4927 0))",2675474,Verde,Línea,3
"MULTILINESTRING Z ((437703.239 4473205.4927 0,437703.4057 4473199.9094 0))",2675475,Verde,Línea,1
"MULTILINESTRING Z ((437757.9057 4473225.9927 0,437763.989 4473238.9927 0))",2675477,Verde,Línea,3
"MULTILINESTRING Z ((437754.6457 4473269.6454 0,437760.3336 4473250.361 0))",2675478,Verde,Línea,5
"MULTILINESTRING Z ((437794.8223 4473286.8261 0,437815.739 4473293.0761 0))",2675479,Verde,Línea,4
"MULTILINESTRING Z ((437816.4057 4473289.0761 0,437775.4057 4473277.2427 0))",2675480,Verde,Línea,8
"MULTILINESTRING Z ((437769.5168 4473279.0205 0,437780.0723 4473282.1872 0))",2675481,Verde,Línea,2
"MULTILINESTRING Z ((437757.4612 4473275.7427 0,437763.0723 4473277.2427 0))",2675482,Verde,Línea,1
"MULTILINESTRING Z ((437748.6488 4473273.2057 0,437753.4395 4473274.637 0))",2675483,Verde,Línea,1
"MULTILINESTRING Z ((437737.989 4473270.2427 0,437742.9057 4473271.5761 0))",2675484,Verde,Línea,1
"MULTILINESTRING Z ((437718.5168 4473290.965 0,437723.3501 4473273.0205 0))",2675485,Verde,Línea,4
"MULTILINESTRING Z ((437711.5168 4473258.4094 0,437744.3501 4473268.1316 0))",2675486,Verde,Línea,6
"MULTILINESTRING Z ((437683.1279 4473254.2427 0,437716.8501 4473264.2983 0))",2675487,Verde,Línea,7
"MULTILINESTRING Z ((437668.0168 4473249.8538 0,437679.239 4473253.0761 0))",2675489,Verde,Línea,2
"MULTILINESTRING Z ((437658.1958 4473246.9958 0,437663.167 4473248.4279 0))",2675490,Verde,Línea,1
"MULTILINESTRING Z ((437700.9057 4473329.7983 0,437714.8501 4473345.5205 0))",2675492,Verde,Línea,4
"MULTILINESTRING Z ((437684.9612 4473312.0205 0,437697.4612 4473325.9094 0))",2675493,Verde,Línea,4
"MULTILINESTRING Z ((437643.2665 4473264.2296 0,437653.0294 4473275.6971 0))",2675496,Verde,Línea,3
"MULTILINESTRING Z ((437661.1557 4473343.9927 0,437663.6557 4473347.0761 0,437705.7807 4473360.0761 0))",2675498,Verde,Línea,10
"MULTILINESTRING Z ((437649.6557 4473331.0761 0,437656.6557 4473338.9927 0))",2675499,Verde,Línea,2
"MULTILINESTRING Z ((437684.5723 4473360.0761 0,437690.239 4473361.7427 0))",2675500,Verde,Línea,1
"MULTILINESTRING Z ((437641.739 4473346.0761 0,437662.489 4473352.7427 0))",2675502,Verde,Línea,4
"MULTILINESTRING Z ((437610.9057 4473328.5761 0,437592.0723 4473322.7427 0))",2675504,Verde,Batería,7
"MULTILINESTRING Z ((437575.0009 4473317.0473 0,437590.1984 4473322.051 0))",2675505,Verde,Batería,5
"MULTILINESTRING Z ((437626.739 4473341.1594 0,437620.0723 4473339.0761 0))",2675506,Verde,Línea,1
"MULTILINESTRING Z ((437570.1557 4473323.2427 0,437609.1557 4473335.8261 0))",2675507,Verde,Línea,8
"MULTILINESTRING Z ((437544.0723 4473315.0761 0,437558.0723 4473319.5761 0))",2675508,Verde,Línea,3
"MULTILINESTRING Z ((437564.5009 4473314.9972 0,437540.6889 4473307.3822 0))",2675509,Verde,Línea,5
"MULTILINESTRING Z ((437562.239 4473320.7427 0,437566.9057 4473322.2427 0))",2675511,Verde,Línea,1
"MULTILINESTRING Z ((437603.5723 4473206.9927 0,437601.8223 4473201.4927 0))",2675512,Verde,Línea,1
"MULTILINESTRING Z ((437609.989 4473226.4927 0,437605.0723 4473212.0761 0))",2675513,Verde,Línea,3
"MULTILINESTRING Z ((437616.0723 4473226.6594 0,437609.9057 4473208.9094 0))",2675514,Verde,Línea,4
"MULTILINESTRING Z ((437616.6557 4473245.2427 0,437623.239 4473241.4927 0))",2675515,Verde,Batería,3
"MULTILINESTRING Z ((444757.239 4475195.3261 0,444760.6557 4475198.6594 0))",2675516,Verde,Línea,1
"MULTILINESTRING Z ((437510.1557 4473297.4927 0,437525.1557 4473302.2427 0))",2675517,Verde,Línea,3
"MULTILINESTRING Z ((437548.1557 4473268.0761 0,437537.1557 4473289.4511 0))",2675518,Verde,Línea,5
"MULTILINESTRING Z ((437552.0307 4473260.9511 0,437578.1557 4473209.8261 0))",2675519,Verde,Línea,11
"MULTILINESTRING Z ((437579.9057 4473206.8261 0,437584.1557 4473198.8261 0))",2675520,Verde,Línea,2
"MULTILINESTRING Z ((437588.6557 4473190.4927 0,437586.3223 4473195.1594 0))",2675521,Verde,Línea,1
"MULTILINESTRING Z ((437572.489 4473230.9927 0,437577.489 4473220.7427 0))",2675523,Verde,Línea,2
"MULTILINESTRING Z ((437568.1557 4473240.0761 0,437570.4057 4473235.3261 0))",2675524,Verde,Línea,1
"MULTILINESTRING Z ((437538.739 4473296.3261 0,437541.1557 4473291.9927 0))",2675528,Verde,Línea,1
"MULTILINESTRING Z ((437493.239 4473286.8261 0,437498.6557 4473274.4094 0))",2675529,Verde,Línea,2
"MULTILINESTRING Z ((437500.739 4473270.0761 0,437503.1557 4473264.2427 0))",2675530,Verde,Línea,1
"MULTILINESTRING Z ((437505.1557 4473259.9927 0,437514.3223 4473239.9094 0))",2675531,Verde,Línea,4
"MULTILINESTRING Z ((437515.739 4473236.6594 0,437517.5723 4473232.4927 0))",2675532,Verde,Línea,1
"MULTILINESTRING Z ((437526.489 4473213.8261 0,437543.239 4473176.9927 0))",2675533,Verde,Línea,8
"MULTILINESTRING Z ((437545.3867 4473171.5579 0,437551.6464 4473157.5592 0))",2675534,Verde,Línea,3
"MULTILINESTRING Z ((437553.105 4473154.6906 0,437561.5089 4473136.0937 0))",2675535,Verde,Línea,4
"MULTILINESTRING Z ((437498.6557 4473284.5761 0,437505.5723 4473268.7427 0))",2675536,Verde,Línea,3
"MULTILINESTRING Z ((437512.4392 4473254.4754 0,437507.6609 4473264.604 0))",2675537,Verde,Línea,2
"MULTILINESTRING Z ((437514.4057 4473249.8261 0,437544.4057 4473184.5761 0))",2675538,Verde,Línea,13
"MULTILINESTRING Z ((437546.1557 4473181.0761 0,437548.0307 4473176.5761 0))",2675539,Verde,Línea,1
"MULTILINESTRING Z ((437551.7674 4473168.3517 0,437549.7745 4473173.0628 0))",2675540,Verde,Línea,1
"MULTILINESTRING Z ((437556.0261 4473159.4822 0,437553.9566 4473164.0401 0))",2675541,Verde,Línea,1
"MULTILINESTRING Z ((437557.989 4473155.1594 0,437569.9057 4473128.8261 0))",2675542,Verde,Línea,6
"MULTILINESTRING Z ((437564.989 4473129.3261 0,437571.6557 4473114.9927 0))",2675543,Verde,Línea,3
"MULTILINESTRING Z ((437571.8223 4473123.9927 0,437576.239 4473114.0761 0))",2675544,Verde,Línea,2
"MULTILINESTRING Z ((437577.1834 4473075.6316 0,437575.4057 4473063.965 0))",2675545,Verde,Línea,2
"MULTILINESTRING Z ((437584.9057 4473085.7427 0,437582.9612 4473073.465 0))",2675546,Verde,Línea,2
"MULTILINESTRING Z ((437585.9612 4473093.1872 0,437585.2946 4473088.7983 0))",2675547,Verde,Línea,1
"MULTILINESTRING Z ((437600.9057 4473181.8261 0,437596.5307 4473170.4511 0,437588.6557 4473110.5761 0))",2675548,Verde,Línea,14
"MULTILINESTRING Z ((437587.6279 4473141.9094 0,437584.4057 4473121.1872 0))",2675549,Verde,Línea,4
"MULTILINESTRING Z ((437591.6834 4473167.2427 0,437589.3501 4473152.7983 0))",2675550,Verde,Línea,3
"MULTILINESTRING Z ((437463.9057 4473262.3261 0,437461.6557 4473267.4927 0))",2675551,Verde,Línea,1
"MULTILINESTRING Z ((437475.489 4473237.9094 0,437465.8223 4473258.5761 0))",2675552,Verde,Línea,4
"MULTILINESTRING Z ((437478.989 4473230.6594 0,437488.1557 4473210.4927 0))",2675553,Verde,Línea,4
"MULTILINESTRING Z ((437493.489 4473199.6594 0,437498.1557 4473189.8261 0))",2675554,Verde,Línea,2
"MULTILINESTRING Z ((437500.8223 4473183.6594 0,437509.3223 4473165.4927 0))",2675555,Verde,Línea,4
"MULTILINESTRING Z ((437511.203 4473161.6817 0,437523.8234 4473134.4654 0))",2675556,Verde,Línea,6
"MULTILINESTRING Z ((437546.0723 4473087.2983 0,437550.0168 4473078.465 0))",2675558,Verde,Línea,2
"MULTILINESTRING Z ((437551.8501 4473074.5205 0,437553.6834 4473070.4094 0))",2675559,Verde,Línea,1
"MULTILINESTRING Z ((437559.0168 4473059.5205 0,437554.9612 4473068.1316 0))",2675560,Verde,Línea,2
"MULTILINESTRING Z ((437528.989 4473340.4094 0,437539.9057 4473357.7427 0))",2675561,Verde,Línea,4
"MULTILINESTRING Z ((437559.4057 4473379.0761 0,437531.489 4473334.6594 0))",2675562,Verde,Línea,10
"MULTILINESTRING Z ((437554.6834 4473381.6853 0,437544.0936 4473364.719 0))",2675563,Verde,Línea,4
"MULTILINESTRING Z ((437558.2522 4473386.7118 0,437561.5371 4473391.7328 0))",2675564,Verde,Línea,1
"MULTILINESTRING Z ((437562.6279 4473384.2983 0,437569.3501 4473390.1872 0,437583.1834 4473397.0761 0,437585.0168 4473399.0761 0,437586.0168 4473400.5761 0,437587.3501 4473403.6316 0,437590.1834 4473415.5205 0,437593.4057 4473427.7983 0,437598.6834 4473440.6316 0))",2675565,Verde,Línea,12
"MULTILINESTRING Z ((437594.4057 4473449.4094 0,437596.5723 4473453.3261 0))",2675566,Verde,Línea,1
"MULTILINESTRING Z ((437599.8223 4473458.8261 0,437607.4057 4473471.5761 0,437609.5723 4473477.2427 0,437613.3223 4473487.6594 0))",2675567,Verde,Línea,6
"MULTILINESTRING Z ((437622.5723 4473508.9927 0,437622.739 4473499.2427 0,437622.739 4473494.8261 0,437621.4057 4473487.8261 0,437620.739 4473485.3261 0,437620.489 4473483.1594 0,437619.6557 4473479.9927 0,437617.489 4473474.6594 0,437614.739 4473468.2427 0,437611.8223 4473462.7427 0,437606.4057 4473454.2427 0))",2675568,Verde,Línea,13
"MULTILINESTRING Z ((437615.6557 4473521.8261 0,437616.239 4473509.1594 0,437616.1557 4473502.3261 0,437615.3223 4473496.4927 0,437614.9057 4473494.4927 0))",2675569,Verde,Línea,5
"MULTILINESTRING Z ((437619.1557 4473548.4927 0,437625.0723 4473534.2427 0))",2675571,Verde,Batería,6
"MULTILINESTRING Z ((437556.3988 4473497.7961 0,437581.2996 4473435.6967 0))",2675572,Verde,Línea,12
"MULTILINESTRING Z ((437558.9057 4473418.465 0,437564.7946 4473405.4094 0))",2675573,Verde,Línea,3
"MULTILINESTRING Z ((437543.989 4473452.9927 0,437557.9057 4473421.3261 0))",2675574,Verde,Línea,7
"MULTILINESTRING Z ((437535.6557 4473462.0761 0,437550.3223 4473429.9927 0))",2675575,Verde,Línea,7
"MULTILINESTRING Z ((437528.739 4473486.7427 0,437541.1557 4473458.7427 0))",2675576,Verde,Línea,6
"MULTILINESTRING Z ((437430.6557 4473262.2011 0,437458.4057 4473201.9511 0))",2675577,Verde,Línea,13
"MULTILINESTRING Z ((437432.6008 4473265.7003 0,437481.6304 4473159.3214 0))",2675578,Verde,Línea,23
"MULTILINESTRING Z ((437457.5168 4473198.2427 0,437462.0723 4473188.4094 0))",2675579,Verde,Batería,4
"MULTILINESTRING Z ((437389.989 4473127.4094 0,437429.9057 4473114.0761 0))",2675583,Verde,Línea,8
"MULTILINESTRING Z ((437268.1772 4473214.5537 0,437269.3209 4473218.8645 0))",2675589,Verde,Batería,1
"MULTILINESTRING Z ((437267.1215 4473211.9145 0,437259.2918 4473188.4255 0))",2675590,Verde,Batería,10
"MULTILINESTRING Z ((437274.739 4473215.5761 0,437264.4057 4473184.7427 0))",2675591,Verde,Línea,6
"MULTILINESTRING Z ((437299.9057 4473185.0761 0,437344.489 4473170.6594 0))",2675594,Verde,Batería,16
"MULTILINESTRING Z ((437117.5945 4473374.7057 0,437235.1856 4473334.7152 0))",2675609,Verde,Línea,24
"MULTILINESTRING Z ((437242.4061 4473332.1762 0,437253.0385 4473328.6849 0))",2675610,Verde,Línea,2
"MULTILINESTRING Z ((437103.5502 4473371.2938 0,437113.7065 4473367.4852 0))",2675611,Verde,Batería,4
"MULTILINESTRING Z ((437115.9282 4473369.0721 0,437136.3996 4473362.2484 0))",2675612,Verde,Batería,8
"MULTILINESTRING Z ((437251.4515 4473323.4481 0,437230.9009 4473330.1132 0))",2675616,Verde,Batería,7
"MULTILINESTRING Z ((437266.8447 4473314.4026 0,437260.735 4473291.0748 0))",2675617,Verde,Línea,5
"MULTILINESTRING Z ((437098.234 4473336.9369 0,437236.8915 4473290.1624 0))",2675619,Verde,Línea,29
"MULTILINESTRING Z ((437096.8852 4473332.3349 0,437203.6058 4473296.391 0))",2675620,Verde,Línea,22
"MULTILINESTRING Z ((437248.5554 4473286.2347 0,437242.9615 4473288.139 0))",2675621,Verde,Línea,1
"MULTILINESTRING Z ((437231.2976 4473286.4728 0,437264.0328 4473275.513 0))",2675622,Verde,Línea,8
"MULTILINESTRING Z ((437218.4435 4473289.2102 0,437214.5159 4473276.9512 0))",2675623,Verde,Batería,5
"MULTILINESTRING Z ((437205.3514 4473293.6139 0,437201.0667 4473281.1169 0))",2675624,Verde,Batería,5
"MULTILINESTRING Z ((437143.0012 4473298.4087 0,437129.0012 4473303.242 0))",2675626,Verde,Línea,3
"MULTILINESTRING Z ((437187.6557 4473283.3261 0,437197.239 4473280.1594 0))",2675628,Verde,Línea,2
"MULTILINESTRING Z ((437216.989 4473273.7427 0,437259.6557 4473258.9927 0))",2675629,Verde,Línea,9
"MULTILINESTRING Z ((437269.3002 4473249.9027 0,437263.6696 4473251.9754 0))",2675630,Verde,Batería,2
"MULTILINESTRING Z ((437220.5723 4473267.1594 0,437235.1557 4473261.9094 0))",2675632,Verde,Batería,6
"MULTILINESTRING Z ((437195.239 4473275.9094 0,437216.739 4473268.4927 0))",2675633,Verde,Batería,8
"MULTILINESTRING Z ((437090.5723 4473310.9927 0,437191.0723 4473277.1594 0))",2675634,Verde,Batería,41
"MULTILINESTRING Z ((437177.5723 4473260.8261 0,437215.989 4473247.9927 0))",2675638,Verde,Línea,8
"MULTILINESTRING Z ((437261.0004 4473232.8027 0,437218.3632 4473247.1927 0))",2675639,Verde,Línea,9
"MULTILINESTRING Z ((437157.0723 4473263.3261 0,437214.989 4473243.3261 0))",2675641,Verde,Línea,12
"MULTILINESTRING Z ((437086.5723 4473287.3261 0,437151.3223 4473265.3261 0))",2675642,Verde,Línea,13
"MULTILINESTRING Z ((437081.0566 4473235.6675 0,437121.5246 4473221.7676 0))",2675643,Verde,Línea,8
"MULTILINESTRING Z ((437127.3309 4473219.7442 0,437137.6238 4473216.2252 0))",2675644,Verde,Línea,2
"MULTILINESTRING Z ((437195.9506 4473195.8153 0,437140.9669 4473215.0816 0))",2675645,Verde,Línea,12
"MULTILINESTRING Z ((437078.9452 4473231.7966 0,437130.322 4473213.9379 0))",2675647,Verde,Línea,11
"MULTILINESTRING Z ((437138.6795 4473211.1227 0,437206.6834 4473187.8096 0))",2675648,Verde,Línea,14
"MULTILINESTRING Z ((437214.5131 4473185.2584 0,437238.7059 4473176.9888 0))",2675649,Verde,Línea,5
"MULTILINESTRING Z ((437271.739 4473306.0761 0,437326.3223 4473287.8261 0))",2675650,Verde,Línea,12
"MULTILINESTRING Z ((437325.9057 4473269.4094 0,437330.8223 4473285.6594 0))",2675651,Verde,Línea,4
"MULTILINESTRING Z ((437281.1557 4473297.0761 0,437276.6557 4473283.9094 0))",2675652,Verde,Línea,3
"MULTILINESTRING Z ((437310.239 4473286.5761 0,437305.8223 4473273.6594 0))",2675653,Verde,Línea,3
"MULTILINESTRING Z ((437279.739 4473275.2427 0,437284.5723 4473273.6594 0))",2675654,Verde,Línea,1
"MULTILINESTRING Z ((437288.6557 4473272.4094 0,437298.6557 4473269.0761 0))",2675655,Verde,Línea,2
"MULTILINESTRING Z ((437271.239 4473267.9927 0,437269.6557 4473263.5761 0))",2675658,Verde,Línea,1
"MULTILINESTRING Z ((437275.3223 4473266.5761 0,437273.9057 4473261.9927 0))",2675659,Verde,Línea,1
"MULTILINESTRING Z ((437296.3223 4473260.5761 0,437292.989 4473250.4094 0))",2675660,Verde,Línea,2
"MULTILINESTRING Z ((437305.739 4473243.4927 0,437343.3223 4473230.7427 0))",2675662,Verde,Línea,8
"MULTILINESTRING Z ((437296.4057 4473238.9927 0,437329.3223 4473227.7427 0))",2675663,Verde,Batería,13
"MULTILINESTRING Z ((437274.9057 4473254.0761 0,437289.239 4473249.0761 0))",2675665,Verde,Línea,3
"MULTILINESTRING Z ((437345.489 4473228.7427 0,437338.6557 4473210.1594 0))",2675669,Verde,Línea,4
"MULTILINESTRING Z ((437060.7939 4473099.149 0,437055.8552 4473090.4689 0))",2675675,Verde,Batería,3
"MULTILINESTRING Z ((437051.6649 4473080.442 0,437050.7669 4473075.9523 0,437050.9166 4473070.7144 0))",2675676,Verde,Batería,4
"MULTILINESTRING Z ((437089.6051 4473108.8811 0,437107.9042 4473107.4734 0))",2675678,Verde,Línea,3
"MULTILINESTRING Z ((437111.1034 4473107.3857 0,437121.3017 4473106.6716 0))",2675679,Verde,Línea,2
"MULTILINESTRING Z ((437127.9042 4473106.1831 0,437142.215 4473105.0687 0))",2675680,Verde,Línea,3
"MULTILINESTRING Z ((437149.3705 4473104.3649 0,437160.6315 4473103.3679 0))",2675681,Verde,Línea,2
"MULTILINESTRING Z ((437164.737 4473103.016 0,437174.7664 4473102.1362 0))",2675682,Verde,Línea,2
"MULTILINESTRING Z ((437180.5728 4473101.7256 0,437186.3793 4473101.1391 0))",2675683,Verde,Línea,1
"MULTILINESTRING Z ((437136.2913 4473102.0189 0,437161.218 4473100.2007 0))",2675688,Verde,Línea,5
"MULTILINESTRING Z ((437132.9482 4473102.0775 0,437078.4027 4473106.1831 0))",2675689,Verde,Línea,11
"MULTILINESTRING Z ((437229.9018 4473086.6032 0,437228.4524 4473066.6558 0))",2675690,Verde,Línea,4
"MULTILINESTRING Z ((437236.3223 4473085.9927 0,437234.9057 4473065.9094 0))",2675691,Verde,Línea,4
"MULTILINESTRING Z ((437234.5723 4473062.8538 0,437233.6834 4473050.7427 0))",2675692,Verde,Línea,2
"MULTILINESTRING Z ((437072.5723 4473051.0761 0,437093.6557 4473049.9927 0))",2675694,Verde,Línea,4
"MULTILINESTRING Z ((437102.7429 4473049.9368 0,437107.6696 4473049.7022 0))",2675695,Verde,Línea,1
"MULTILINESTRING Z ((437111.4233 4473049.4676 0,437116.174 4473049.1743 0))",2675696,Verde,Línea,1
"MULTILINESTRING Z ((437307.9057 4473092.1316 0,437313.239 4473091.6872 0))",2675705,Verde,Línea,1
"MULTILINESTRING Z ((437322.239 4473091.1872 0,437327.6834 4473090.6872 0))",2675706,Verde,Línea,1
"MULTILINESTRING Z ((437342.1279 4473089.6316 0,437367.5723 4473087.7983 0))",2675708,Verde,Línea,5
"MULTILINESTRING Z ((437375.4057 4473087.1872 0,437412.2946 4473084.2427 0))",2675709,Verde,Línea,7
"MULTILINESTRING Z ((437317.3501 4473088.2983 0,437348.739 4473085.8538 0))",2675712,Verde,Línea,6
"MULTILINESTRING Z ((437297.4199 4473089.6564 0,437312.3805 4473088.571 0))",2675713,Verde,Línea,3
"MULTILINESTRING Z ((437282.1084 4473091.2039 0,437292.0577 4473090.1983 0))",2675714,Verde,Línea,2
"MULTILINESTRING Z ((437261.7563 4473092.7505 0,437276.717 4473091.6651 0))",2675715,Verde,Línea,3
"MULTILINESTRING Z ((437244.2018 4473093.9033 0,437259.1625 4473092.8179 0))",2675716,Verde,Línea,3
"MULTILINESTRING Z ((437243.5723 4473042.9927 0,437253.5723 4473042.4094 0))",2675717,Verde,Línea,2
"MULTILINESTRING Z ((437255.3223 4473042.3261 0,437260.5723 4473042.1594 0))",2675718,Verde,Línea,1
"MULTILINESTRING Z ((437263.989 4473041.7427 0,437273.0723 4473041.2427 0))",2675719,Verde,Línea,2
"MULTILINESTRING Z ((437275.3223 4473041.0761 0,437284.4057 4473040.5761 0))",2675720,Verde,Línea,2
"MULTILINESTRING Z ((437286.1557 4473040.8261 0,437291.1557 4473040.4927 0))",2675721,Verde,Línea,1
"MULTILINESTRING Z ((437293.8223 4473040.4094 0,437308.739 4473039.7427 0))",2675722,Verde,Línea,3
"MULTILINESTRING Z ((437311.239 4473039.8261 0,437316.9057 4473039.4927 0))",2675723,Verde,Línea,1
"MULTILINESTRING Z ((437321.739 4473039.4094 0,437328.4057 4473038.9927 0))",2675724,Verde,Línea,1
"MULTILINESTRING Z ((437060.9491 4473182.9623 0,437059.4507 4473171.1844 0))",2675735,Verde,Línea,2
"MULTILINESTRING Z ((437070.0598 4473186.9299 0,437083.6078 4473182.3553 0))",2675736,Verde,Línea,3
"MULTILINESTRING Z ((437090.0168 4473180.1316 0,437121.1834 4473169.5205 0))",2675737,Verde,Línea,6
"MULTILINESTRING Z ((437128.3426 4473167.0918 0,437183.8981 4473147.9574 0))",2675738,Verde,Línea,12
"MULTILINESTRING Z ((437188.2946 4473146.5205 0,437193.4057 4473144.7427 0))",2675739,Verde,Línea,1
"MULTILINESTRING Z ((437205.4612 4473140.6316 0,437230.4612 4473132.4094 0))",2675740,Verde,Línea,5
"MULTILINESTRING Z ((437251.1557 4473165.9927 0,437240.8223 4473135.5761 0))",2675741,Verde,Batería,13
"MULTILINESTRING Z ((437257.4057 4473163.5761 0,437248.239 4473136.1594 0))",2675742,Verde,Línea,5
"MULTILINESTRING Z ((437145.4057 4473157.4927 0,437232.989 4473126.9094 0))",2675743,Verde,Línea,18
"MULTILINESTRING Z ((437128.5566 4473163.3371 0,437142.7188 4473158.3941 0))",2675744,Verde,Línea,3
"MULTILINESTRING Z ((437069.6279 4473183.5205 0,437120.5168 4473166.1316 0))",2675745,Verde,Línea,10
"MULTILINESTRING Z ((437845.0723 4473196.6594 0,437846.9057 4473201.6594 0))",2675746,Verde,Línea,1
"MULTILINESTRING Z ((437836.239 4473174.8261 0,437842.1557 4473189.4094 0))",2675747,Verde,Línea,3
"MULTILINESTRING Z ((437834.8223 4473171.4927 0,437825.9057 4473150.3261 0))",2675748,Verde,Línea,4
"MULTILINESTRING Z ((437796.3223 4473136.4927 0,437812.0723 4473130.4927 0))",2675751,Verde,Línea,3
"MULTILINESTRING Z ((437806.3223 4473108.4927 0,437807.8223 4473105.4094 0,437807.5723 4473102.9094 0))",2675753,Verde,Línea,1
"MULTILINESTRING Z ((437805.3223 4473109.6594 0,437801.989 4473111.8261 0,437796.9057 4473113.8261 0))",2675754,Verde,Línea,2
"MULTILINESTRING Z ((437782.1557 4473118.9927 0,437793.5723 4473114.9094 0))",2675755,Verde,Línea,3
"MULTILINESTRING Z ((437797.0723 4473206.7427 0,437800.8223 4473215.5761 0))",2675758,Verde,Línea,2
"MULTILINESTRING Z ((437792.3223 4473194.9094 0,437796.0723 4473204.3261 0))",2675759,Verde,Línea,2
"MULTILINESTRING Z ((437783.989 4473174.4094 0,437790.8223 4473191.3261 0))",2675760,Verde,Línea,4
"MULTILINESTRING Z ((437780.0723 4473164.4927 0,437778.3223 4473159.2427 0,437784.6557 4473144.1594 0))",2675761,Verde,Línea,4
"MULTILINESTRING Z ((437777.489 4473152.8261 0,437784.6557 4473136.7427 0,437780.5723 4473125.4927 0))",2675762,Verde,Línea,6
"MULTILINESTRING Z ((437765.239 4473159.9094 0,437759.4057 4473159.4094 0))",2675763,Verde,Línea,1
"MULTILINESTRING Z ((437724.489 4473150.7427 0,437714.3223 4473150.1594 0))",2675766,Verde,Línea,2
"MULTILINESTRING Z ((437713.8223 4473095.9927 0,437718.8223 4473095.9094 0,437771.4057 4473114.8261 0))",2675772,Verde,Línea,11
"MULTILINESTRING Z ((437643.989 4473181.7427 0,437643.739 4473154.6594 0))",2675779,Verde,Línea,6
"MULTILINESTRING Z ((437643.739 4473151.2427 0,437643.2807 4473119.7011 0))",2675780,Verde,Línea,7
"MULTILINESTRING Z ((437643.3223 4473115.8261 0,437643.239 4473110.4927 0))",2675781,Verde,Línea,1
"MULTILINESTRING Z ((437594.739 4473100.6594 0,437635.989 4473099.6594 0))",2675782,Verde,Línea,8
"MULTILINESTRING Z ((437642.239 4473092.9927 0,437642.1557 4473083.4927 0))",2675784,Verde,Línea,2
"MULTILINESTRING Z ((437641.4057 4473056.2427 0,437641.239 4473044.9094 0))",2675785,Verde,Línea,2
"MULTILINESTRING Z ((437699.8223 4473188.0761 0,437700.5723 4473146.4927 0))",2675786,Verde,Línea,7
"MULTILINESTRING Z ((437703.4057 4473181.0761 0,437703.6557 4473155.4094 0))",2675787,Verde,Línea,5
"MULTILINESTRING Z ((437703.8223 4473150.0761 0,437704.3223 4473108.8261 0))",2675788,Verde,Línea,8
"MULTILINESTRING Z ((437700.989 4473133.5761 0,437700.989 4473128.4094 0))",2675789,Verde,Línea,1
"MULTILINESTRING Z ((437700.989 4473125.4927 0,437700.989 4473115.9094 0))",2675790,Verde,Línea,2
"MULTILINESTRING Z ((437700.8223 4473110.9927 0,437700.989 4473106.0761 0))",2675791,Verde,Línea,1
"MULTILINESTRING Z ((437705.8223 4473052.9927 0,437707.0723 4473047.6594 0))",2675793,Verde,Línea,1
"MULTILINESTRING Z ((437701.9057 4473090.2427 0,437703.239 4473046.8261 0))",2675794,Verde,Línea,9
"MULTILINESTRING Z ((437465.239 4473588.0761 0,437470.0723 4473590.4927 0))",2675803,Verde,Línea,1
"MULTILINESTRING Z ((437474.8223 4473592.8261 0,437484.1557 4473597.4094 0))",2675804,Verde,Línea,2
"MULTILINESTRING Z ((437539.4973 4473624.2952 0,437553.0475 4473630.7289 0))",2675805,Verde,Línea,3
"MULTILINESTRING Z ((437553.8501 4473631.0205 0,437630.2807 4473667.5761 0))",2675806,Verde,Línea,16
"MULTILINESTRING Z ((437658.1834 4473680.5205 0,437663.0168 4473682.7427 0))",2675807,Verde,Línea,1
"MULTILINESTRING Z ((437663.5195 4473683.0879 0,437677.0868 4473689.4855 0))",2675808,Verde,Línea,3
"MULTILINESTRING Z ((437678.0168 4473689.965 0,437717.6834 4473708.465 0))",2675809,Verde,Línea,9
"MULTILINESTRING Z ((437453.976 4473555.8373 0,437456.1675 4473551.3432 0))",2675816,Verde,Línea,1
"MULTILINESTRING Z ((437474.1327 4473514.5002 0,437458.7927 4473545.9594 0))",2675817,Verde,Línea,7
"MULTILINESTRING Z ((437476.9057 4473508.5761 0,437495.6557 4473469.9927 0))",2675818,Verde,Línea,8
"MULTILINESTRING Z ((437509.4057 4473462.9094 0,437518.9057 4473467.2427 0))",2675819,Verde,Línea,2
"MULTILINESTRING Z ((437519.989 4473463.9927 0,437524.3223 4473465.9927 0))",2675820,Verde,Línea,1
"MULTILINESTRING Z ((437420.5276 4473543.1842 0,437433.5965 4473516.1804 0))",2675821,Verde,Línea,6
"MULTILINESTRING Z ((437445.989 4473490.1594 0,437448.239 4473484.6594 0))",2675823,Verde,Línea,1
"MULTILINESTRING Z ((437458.0804 4473464.5623 0,437451.6867 4473478.1314 0))",2675824,Verde,Línea,3
"MULTILINESTRING Z ((437466.239 4473447.6316 0,437463.739 4473452.6872 0))",2675825,Verde,Línea,1
"MULTILINESTRING Z ((437438.1557 4473426.6594 0,437463.1557 4473433.4094 0))",2675827,Verde,Línea,5
"MULTILINESTRING Z ((437426.5168 4473437.8476 0,437428.899 4473433.6992 0))",2675828,Verde,Línea,1
"MULTILINESTRING Z ((437421.9129 4473438.7478 0,437424.4987 4473433.3336 0))",2675829,Verde,Línea,1
"MULTILINESTRING Z ((437419.4057 4473453.5761 0,437422.1557 4473447.5761 0))",2675830,Verde,Línea,1
"MULTILINESTRING Z ((437415.3223 4473453.4927 0,437417.739 4473447.9094 0))",2675831,Verde,Línea,1
"MULTILINESTRING Z ((437403.1557 4473479.6594 0,437413.3223 4473457.3261 0))",2675832,Verde,Línea,5
"MULTILINESTRING Z ((437406.5723 4473481.3261 0,437412.739 4473467.4927 0))",2675833,Verde,Línea,3
"MULTILINESTRING Z ((437398.282 4473499.4998 0,437404.559 4473485.7688 0))",2675834,Verde,Línea,3
"MULTILINESTRING Z ((437398.9057 4473488.9927 0,437400.739 4473484.2427 0))",2675835,Verde,Línea,1
"MULTILINESTRING Z ((437386.1557 4473525.4094 0,437395.989 4473503.4927 0))",2675836,Verde,Línea,4
"MULTILINESTRING Z ((437386.6557 4473515.3261 0,437395.3223 4473496.3261 0))",2675837,Verde,Línea,4
"MULTILINESTRING Z ((437382.0723 4473525.2427 0,437384.1557 4473520.2427 0))",2675838,Verde,Línea,1
"MULTILINESTRING Z ((437427.6557 4473426.5761 0,437447.0723 4473385.0761 0))",2675840,Verde,Línea,9
"MULTILINESTRING Z ((437435.1991 4473420.2994 0,437444.0534 4473400.7344 0))",2675841,Verde,Línea,4
"MULTILINESTRING Z ((437457.2946 4473363.8538 0,437471.239 4473333.8538 0))",2675843,Verde,Línea,6
"MULTILINESTRING Z ((437473.5639 4473329.0553 0,437476.1196 4473323.3947 0))",2675844,Verde,Línea,1
"MULTILINESTRING Z ((437454.4927 4473378.3153 0,437447.9195 4473392.9028 0))",2675846,Verde,Línea,3
"MULTILINESTRING Z ((437459.0683 4473369.0066 0,437456.9624 4473373.5415 0))",2675847,Verde,Línea,1
"MULTILINESTRING Z ((437462.0723 4473362.6316 0,437464.5168 4473357.0205 0))",2675848,Verde,Línea,1
"MULTILINESTRING Z ((437478.4057 4473327.6594 0,437467.489 4473350.9927 0))",2675849,Verde,Línea,5
"MULTILINESTRING Z ((437471.239 4473430.9094 0,437475.4057 4473421.7427 0))",2675853,Verde,Línea,2
"MULTILINESTRING Z ((437475.0723 4473433.0761 0,437486.239 4473408.7427 0))",2675854,Verde,Línea,5
"MULTILINESTRING Z ((437479.739 4473412.5761 0,437482.1557 4473407.4094 0))",2675855,Verde,Línea,1
"MULTILINESTRING Z ((437483.9057 4473403.6594 0,437494.6557 4473380.1594 0))",2675856,Verde,Línea,5
"MULTILINESTRING Z ((437487.989 4473405.8261 0,437502.239 4473374.2427 0))",2675857,Verde,Línea,7
"MULTILINESTRING Z ((437498.489 4473371.8261 0,437500.8223 4473366.7427 0))",2675862,Verde,Línea,1
"MULTILINESTRING Z ((437512.489 4473341.9094 0,437514.489 4473337.1594 0))",2675864,Verde,Línea,1
"MULTILINESTRING Z ((437503.4057 4473372.3261 0,437518.0723 4473340.5761 0))",2675865,Verde,Línea,7
"MULTILINESTRING Z ((437350.0723 4473508.5761 0,437355.1557 4473497.4927 0))",2675866,Verde,Línea,2
"MULTILINESTRING Z ((437357.5135 4473492.6718 0,437366.6106 4473472.9538 0))",2675867,Verde,Línea,4
"MULTILINESTRING Z ((437370.4057 4473464.8261 0,437372.8223 4473459.8261 0))",2675868,Verde,Línea,1
"MULTILINESTRING Z ((437376.989 4473450.9094 0,437379.489 4473445.5761 0))",2675869,Verde,Línea,1
"MULTILINESTRING Z ((437382.9057 4473438.6594 0,437387.5723 4473428.4094 0))",2675870,Verde,Línea,2
"MULTILINESTRING Z ((437389.9057 4473423.6594 0,437400.739 4473400.1594 0))",2675871,Verde,Línea,5
"MULTILINESTRING Z ((437406.1557 4473388.7427 0,437410.4057 4473379.4927 0))",2675872,Verde,Línea,2
"MULTILINESTRING Z ((437411.8223 4473376.1594 0,437416.4057 4473365.9094 0))",2675873,Verde,Línea,2
"MULTILINESTRING Z ((437418.3223 4473361.7427 0,437423.4057 4473350.6594 0))",2675874,Verde,Línea,2
"MULTILINESTRING Z ((437426.5723 4473343.9927 0,437431.5723 4473333.0761 0))",2675875,Verde,Línea,2
"MULTILINESTRING Z ((437303.9057 4473435.0205 0,437300.0168 4473424.4094 0))",2675879,Verde,Línea,2
"MULTILINESTRING Z ((437269.4612 4473450.465 0,437272.4612 4473449.2983 0))",2675881,Verde,Batería,1
"MULTILINESTRING Z ((437280.9057 4473446.6316 0,437286.4612 4473444.6872 0))",2675882,Verde,Batería,2
"MULTILINESTRING Z ((437293.989 4473406.4094 0,437291.989 4473401.2427 0))",2675884,Verde,Línea,1
"MULTILINESTRING Z ((437194.6397 4473424.6145 0,437278.4292 4473396.0498 0))",2675886,Verde,Línea,17
"MULTILINESTRING Z ((437379.1989 4473359.1539 0,437384.5151 4473357.5669 0))",2675888,Verde,Línea,1
"MULTILINESTRING Z ((437286.1144 4473383.495 0,437281.4273 4473369.2461 0))",2675889,Verde,Línea,3
"MULTILINESTRING Z ((437270.2566 4473335.0326 0,437277.1597 4473355.6626 0))",2675890,Verde,Línea,4
"MULTILINESTRING Z ((437223.601 4473387.7978 0,437238.8355 4473382.4817 0))",2675892,Verde,Línea,3
"MULTILINESTRING Z ((437174.0096 4473405.254 0,437214.0795 4473390.9717 0))",2675893,Verde,Línea,9
"MULTILINESTRING Z ((437419.9612 4473093.7427 0,437434.4057 4473088.8538 0))",2675906,Verde,Batería,6
"MULTILINESTRING Z ((437438.1557 4473083.7427 0,437513.989 4473085.4927 0))",2675907,Verde,Línea,15
"MULTILINESTRING Z ((437427.989 4473079.1594 0,437513.5723 4473080.9927 0))",2675908,Verde,Línea,17
"MULTILINESTRING Z ((437519.5107 4473080.0313 0,437524.8251 4473067.9925 0))",2675909,Verde,Batería,4
"MULTILINESTRING Z ((437483.3501 4473033.7427 0,437498.6279 4473034.1872 0))",2675915,Verde,Línea,3
"MULTILINESTRING Z ((437503.2946 4473034.2983 0,437513.9612 4473034.465 0))",2675916,Verde,Línea,2
"MULTILINESTRING Z ((437520.1834 4473034.6316 0,437532.9057 4473035.0205 0))",2675917,Verde,Línea,2
"MULTILINESTRING Z ((437424.8501 4473021.2427 0,437425.6834 4473011.0205 0))",2675918,Verde,Línea,2
"MULTILINESTRING Z ((437427.3501 4472997.8538 0,437429.5723 4472977.1872 0))",2675919,Verde,Línea,4
"MULTILINESTRING Z ((437433.5168 4472983.1316 0,437432.8501 4472988.2983 0))",2675920,Verde,Línea,1
"MULTILINESTRING Z ((437431.6215 4472956.1506 0,437431.5639 4472945.1508 0))",2675921,Verde,Línea,2
"MULTILINESTRING Z ((437431.7896 4472936.3407 0,437431.2746 4472921.4057 0))",2675922,Verde,Línea,3
"MULTILINESTRING Z ((437559.1557 4473003.0761 0,437559.5723 4472978.3261 0))",2675925,Verde,Línea,5
"MULTILINESTRING Z ((437449.7807 4472967.8261 0,437503.6557 4472969.2011 0))",2675926,Verde,Línea,11
"MULTILINESTRING Z ((437568.1557 4472970.4094 0,437579.0723 4472970.6594 0))",2675929,Verde,Línea,2
"MULTILINESTRING Z ((437583.4057 4472970.8261 0,437616.4057 4472971.4927 0))",2675931,Verde,Línea,6
"MULTILINESTRING Z ((437624.239 4472971.5761 0,437630.1557 4472971.7427 0))",2675932,Verde,Línea,1
"MULTILINESTRING Z ((437542.489 4472966.2427 0,437625.9057 4472968.2427 0))",2675933,Verde,Línea,16
"MULTILINESTRING Z ((437457.9057 4472943.5761 0,437518.1557 4472945.0761 0))",2675936,Verde,Línea,12
"MULTILINESTRING Z ((437446.6557 4472940.3261 0,437517.989 4472942.1594 0))",2675937,Verde,Línea,14
"MULTILINESTRING Z ((443624.8131 4478462.6008 0,443631.1094 4478462.4279 0))",2675944,Verde,Línea,1
"MULTILINESTRING Z ((437073.4788 4473240.1903 0,437077.7275 4473271.9915 0))",2675949,Verde,Línea,6
"MULTILINESTRING Z ((437705.989 4473030.8261 0,437700.489 4473029.3261 0))",2675950,Verde,Línea,1
"MULTILINESTRING Z ((439664.6557 4472579.5761 0,439669.489 4472591.7427 0))",2675962,Azul,Línea,3
"MULTILINESTRING Z ((439641.739 4472528.9927 0,439660.6557 4472578.4927 0))",2675963,Azul,Batería,19
"MULTILINESTRING Z ((443296.985 4473689.3813 0,443294.6065 4473654.0783 0))",2675984,Azul,Batería,14
"MULTILINESTRING Z ((441547.239 4473767.7427 0,441547.4057 4473741.7427 0))",2676026,Verde,Línea,5
"MULTILINESTRING Z ((438499.9057 4475127.0761 0,438496.489 4475130.8261 0))",2676049,Azul,Línea,1
"MULTILINESTRING Z ((441717.6557 4472215.9094 0,441715.489 4472187.1594 0,441733.239 4472175.1594 0))",2676050,Verde,Línea,10
"MULTILINESTRING Z ((441739.9057 4472170.8261 0,441753.1557 4472161.8261 0))",2676051,Verde,Línea,3
"MULTILINESTRING Z ((440805.9242 4481036.3045 0,440821.1094 4481036.3785 0))",2676085,Verde,Batería,6
"MULTILINESTRING Z ((442950.5723 4475199.2427 0,442947.239 4475149.6594 0))",2676320,Verde,Batería,22
"MULTILINESTRING Z ((442946.989 4475145.9094 0,442945.4057 4475122.6594 0))",2676321,Verde,Batería,10
"MULTILINESTRING Z ((441077.5307 4471652.5761 0,441109.6557 4471576.7011 0))",2676342,Verde,Batería,30
"MULTILINESTRING Z ((442488.9057 4474165.9094 0,442474.8223 4474220.4094 0))",2676353,Verde,Línea,14
"MULTILINESTRING Z ((441573.2822 4477207.8106 0,441600.739 4477205.6378 0))",2676431,Verde,Línea,6
"MULTILINESTRING Z ((441620.6402 4477204.1316 0,441606.097 4477205.2427 0))",2676432,Verde,Línea,3
"MULTILINESTRING Z ((444251.1557 4478493.1594 0,444272.489 4478507.4927 0))",2676437,Azul,Línea,5
"MULTILINESTRING Z ((444325.489 4478411.5761 0,444330.3223 4478414.5761 0))",2676440,Verde,Línea,1
"MULTILINESTRING Z ((440110.9057 4473813.1594 0,440094.489 4473820.2427 0))",2676449,Verde,Línea,3
"MULTILINESTRING Z ((444301.489 4478268.7427 0,444310.1557 4478274.4094 0))",2676461,Verde,Línea,1
"MULTILINESTRING Z ((444328.9057 4478180.7011 0,444316.9057 4478198.4511 0))",2676477,Verde,Línea,4
"MULTILINESTRING Z ((444378.9057 4478109.4927 0,444345.0723 4478157.5761 0))",2676484,Verde,Línea,12
"MULTILINESTRING Z ((444409.3223 4478055.6594 0,444437.1557 4478012.3261 0))",2676493,Verde,Línea,11
"MULTILINESTRING Z ((444688.7807 4477729.8261 0,444674.6557 4477755.8261 0))",2676532,Verde,Batería,10
"MULTILINESTRING Z ((444676.4057 4477672.5761 0,444709.2807 4477690.0761 0))",2676537,Verde,Línea,7
"MULTILINESTRING Z ((444458.0723 4477646.4094 0,444475.5723 4477656.1594 0))",2676551,Azul,Línea,4
"MULTILINESTRING Z ((444440.0307 4477767.2011 0,444445.9057 4477768.8261 0))",2676563,Azul,Batería,2
"MULTILINESTRING Z ((444497.3223 4477781.9094 0,444505.1557 4477785.2427 0))",2676564,Azul,Batería,3
"MULTILINESTRING Z ((444322.7807 4477754.5761 0,444334.1557 4477757.4511 0))",2676567,Verde,Línea,2
"MULTILINESTRING Z ((444258.6557 4477969.9927 0,444253.6557 4477960.1594 0))",2676575,Verde,Batería,5
"MULTILINESTRING Z ((444223.8223 4477925.0761 0,444233.4057 4477920.4094 0))",2676578,Verde,Batería,3
"MULTILINESTRING Z ((444222.739 4477859.9094 0,444227.5723 4477849.4094 0,444227.9057 4477848.9094 0))",2676579,Verde,Línea,2
"MULTILINESTRING Z ((441415.1283 4477388.1359 0,441416.0189 4477398.2504 0))",2676653,Azul,Línea,3
"MULTILINESTRING Z ((442180.989 4477814.0761 0,442169.4057 4477819.7427 0))",2676657,Verde,Línea,3
"MULTILINESTRING Z ((442224.4057 4477792.4094 0,442212.0723 4477798.4927 0))",2676659,Verde,Línea,3
"MULTILINESTRING Z ((442139.489 4477731.4094 0,442126.489 4477738.4927 0))",2676660,Verde,Línea,3
"MULTILINESTRING Z ((442091.5723 4477620.9094 0,442069.8223 4477632.6594 0))",2676665,Verde,Línea,5
"MULTILINESTRING Z ((444222.5307 4478216.9511 0,444236.4057 4478225.5761 0))",2676671,Verde,Línea,2
"MULTILINESTRING Z ((444130.1127 4478262.7019 0,444147.3793 4478236.4216 0))",2676673,Verde,Línea,7
"MULTILINESTRING Z ((440572.7637 4482155.3415 0,440570.9365 4482154.1234 0,440569.6855 4482152.0822 0))",2676675,Verde,Línea,1
"MULTILINESTRING Z ((444147.4057 4478295.4511 0,444184.9057 4478320.2011 0))",2676676,Verde,Línea,9
"MULTILINESTRING Z ((441973.239 4477883.9094 0,441936.1557 4477893.4094 0,441909.6557 4477894.4927 0))",2676680,Verde,Línea,12
"MULTILINESTRING Z ((444092.9057 4478248.9511 0,444100.4057 4478253.4511 0))",2676683,Verde,Línea,1
"MULTILINESTRING Z ((444103.5723 4478255.5761 0,444111.8223 4478260.4094 0))",2676684,Verde,Línea,2
"MULTILINESTRING Z ((440549.5044 4482072.9218 0,440554.2781 4482074.2057 0))",2676687,Verde,Línea,1
"MULTILINESTRING Z ((441615.0723 4477913.0761 0,441622.4057 4477906.1594 0))",2676691,Verde,Batería,4
"MULTILINESTRING Z ((440769.702 4482074.2057 0,440768.6485 4482074.1728 0,440763.2987 4482073.3333 0,440756.7966 4482072.1975 0,440751.0353 4482070.5185 0,440745.5867 4482068.3621 0))",2676692,Verde,Línea,6
"MULTILINESTRING Z ((441625.4057 4477898.7427 0,441625.239 4477895.4927 0,441624.239 4477891.4094 0,441622.4057 4477888.2427 0,441616.5723 4477882.1594 0,441584.4057 4477850.6594 0,441579.8223 4477847.2427 0,441576.6557 4477844.9927 0))",2676694,Verde,Línea,17
"MULTILINESTRING Z ((441573.989 4477843.2427 0,441569.4057 4477840.8261 0))",2676700,Verde,Línea,1
"MULTILINESTRING Z ((441577.739 4477950.1594 0,441604.6557 4477923.9094 0))",2676703,Verde,Batería,16
"MULTILINESTRING Z ((444017.5168 4477777.3538 0,444019.1279 4477766.9094 0,444019.1834 4477763.1872 0,444017.5168 4477759.465 0,444014.239 4477755.7983 0,444010.0168 4477753.5205 0,444007.0723 4477752.7983 0,443969.9612 4477745.965 0))",2676714,Verde,Línea,12
"MULTILINESTRING Z ((443944.4057 4477741.5761 0,443952.8223 4477742.9927 0))",2676715,Verde,Línea,1
"MULTILINESTRING Z ((443934.489 4477727.1594 0,443943.739 4477676.9094 0))",2676716,Verde,Batería,20
"MULTILINESTRING Z ((443943.2822 4477748.8594 0,443956.4516 4477751.2591 0))",2676727,Verde,Línea,2
"MULTILINESTRING Z ((444122.2631 4477911.1221 0,444114.3515 4477896.4931 0))",2676731,Verde,Batería,7
"MULTILINESTRING Z ((444177.5723 4477884.8261 0,444186.9057 4477899.5761 0))",2676735,Verde,Línea,4
"MULTILINESTRING Z ((440955.5044 4481985.86 0,440961.9489 4481976.3292 0,440969.2081 4481966.1563 0))",2676740,Verde,Línea,5
"MULTILINESTRING Z ((441569.2632 4477974.0773 0,441571.2564 4477971.9569 0,441589.2377 4477954.1028 0))",2676742,Verde,Línea,6
"MULTILINESTRING Z ((442062.6474 4477995.1969 0,442053.2962 4478000.5404 0))",2676756,Verde,Línea,2
"MULTILINESTRING Z ((440653.381 4481571.86 0,440639.8007 4481565.3415 0))",2676771,Verde,Batería,5
"MULTILINESTRING Z ((440595.6773 4481541.7613 0,440581.776 4481535.1687 0))",2676777,Verde,Línea,3
"MULTILINESTRING Z ((442376.5787 4477662.1181 0,442387.3929 4477687.4997 0))",2676778,Verde,Línea,6
"MULTILINESTRING Z ((440605.3563 4481546.3045 0,440601.5538 4481544.5267 0))",2676783,Verde,Línea,1
"MULTILINESTRING Z ((442397.1258 4477710.4641 0,442401.5151 4477720.8967 0))",2676787,Verde,Línea,2
"MULTILINESTRING Z ((441216.0476 4481518.4773 0,441218.0229 4481518.2304 0,441218.8625 4481518.0329 0,441249.455 4481508.4526 0))",2676801,Verde,Línea,7
"MULTILINESTRING Z ((441448.5253 4476755.884 0,441451.2818 4476757.9196 0,441454.1232 4476760.2945 0,441454.929 4476761.0578 0))",2676805,Verde,Batería,3
"MULTILINESTRING Z ((440466.7637 4481480.3538 0,440484.1958 4481488.502 0))",2676812,Verde,Línea,5
"MULTILINESTRING Z ((443036.5723 4475540.4094 0,443041.239 4475540.0761 0))",2676819,Verde,Línea,1
"MULTILINESTRING Z ((441076.2575 4481196.2057 0,441120.3316 4481190.3168 0))",2676821,Azul,Línea,9
"MULTILINESTRING Z ((440877.5044 4481114.9629 0,440916.8131 4481106.6995 0))",2676823,Verde,Línea,8
"MULTILINESTRING Z ((442313.856 4476678.5303 0,442298.2072 4476681.2656 0))",2676835,Verde,Línea,3
"MULTILINESTRING Z ((441012.5497 4481705.1687 0,441008.2205 4481706.6172 0))",2676837,Verde,Batería,2
"MULTILINESTRING Z ((441443.2454 4476671.3738 0,441438.2835 4476689.2173 0))",2676838,Azul,Línea,4
"MULTILINESTRING Z ((441437.6156 4476692.3661 0,441435.4209 4476700.1906 0))",2676840,Azul,Línea,2
"MULTILINESTRING Z ((442397.989 4477007.9094 0,442416.239 4477006.4094 0))",2676843,Verde,Batería,7
"MULTILINESTRING Z ((442398.8223 4477018.4927 0,442419.3223 4477016.8261 0))",2676844,Verde,Línea,4
"MULTILINESTRING Z ((439434.1299 4477373.4979 0,439428.1546 4477373.9094 0))",2676845,Verde,Línea,1
"MULTILINESTRING Z ((442331.3179 4477194.0837 0,442324.1614 4477186.7364 0))",2676847,Verde,Línea,3
"MULTILINESTRING Z ((441831.6041 4476985.4005 0,441830.9362 4476976.431 0,441830.6499 4476973.7593 0,441830.7454 4476972.0417 0))",2676848,Verde,Línea,3
"MULTILINESTRING Z ((444804.0229 4476951.1604 0,444819.0682 4477008.8724 0))",2676853,Verde,Línea,13
"MULTILINESTRING Z ((441911.3751 4477154.1028 0,441921.2034 4477156.9654 0,441921.7759 4477157.0608 0))",2676856,Verde,Línea,2
"MULTILINESTRING Z ((443056.3192 4476729.8353 0,443067.0106 4476734.1316 0,443091.1094 4476744.3538 0))",2676860,Verde,Línea,8
"MULTILINESTRING Z ((442364.3331 4476669.4654 0,442321.8713 4476677.1944 0))",2676862,Verde,Línea,10
"MULTILINESTRING Z ((442451.989 4477265.9094 0,442453.8223 4477280.7427 0))",2676863,Azul,Línea,4
"MULTILINESTRING Z ((442366.989 4477439.8261 0,442360.0723 4477445.2427 0))",2676871,Verde,Línea,2
"MULTILINESTRING Z ((442127.236 4477292.2707 0,442126.6423 4477283.9162 0))",2676881,Verde,Línea,1
"MULTILINESTRING Z ((441769.454 4477318.6702 0,441787.2021 4477334.8916 0))",2676883,Verde,Línea,5
"MULTILINESTRING Z ((441716.0189 4477361.8 0,441698.7797 4477362.7542 0))",2676884,Verde,Línea,4
"MULTILINESTRING Z ((441768.989 4477358.9927 0,441774.6557 4477358.5761 0))",2676891,Verde,Línea,1
"MULTILINESTRING Z ((441758.489 4477349.5761 0,441780.3223 4477348.4927 0))",2676895,Verde,Línea,4
"MULTILINESTRING Z ((442511.5307 4477891.7011 0,442511.7807 4477895.0761 0))",2676900,Verde,Batería,1
"MULTILINESTRING Z ((439453.7518 4480619.7861 0,439451.7399 4480619.252 0))",2676912,Verde,Batería,1
"MULTILINESTRING Z ((440714.8378 4482033.5884 0,440734.3192 4482044.6995 0))",2676924,Verde,Batería,9
"MULTILINESTRING Z ((440672.0229 4482026.6501 0,440678.4262 4482030.3209 0))",2676925,Verde,Batería,4
"MULTILINESTRING Z ((440663.0243 4482023.7146 0,440669.2136 4482027.2153 0))",2676926,Verde,Batería,2
"MULTILINESTRING Z ((440175.0106 4481792.5267 0,440157.8254 4481786.8971 0))",2676927,Verde,Batería,8
"MULTILINESTRING Z ((441603.6461 4477954.1028 0,441604.2186 4477962.1181 0))",2676930,Verde,Batería,2
"MULTILINESTRING Z ((440464.8871 4481909.8106 0,440467.2822 4481911.1193 0))",2676932,Azul,Batería,1
"MULTILINESTRING Z ((441609.9438 4477958.3013 0,441610.7072 4477969.0837 0))",2676933,Verde,Batería,4
"MULTILINESTRING Z ((440277.0723 4481823.7613 0,440283.2575 4481826.0205 0))",2676935,Verde,Línea,3
"MULTILINESTRING Z ((441920.6627 4476793.4158 0,441925.2428 4476807.6651 0,441927.851 4476814.4081 0,441929.6321 4476818.6702 0))",2676936,Verde,Línea,5
"MULTILINESTRING Z ((440289.5538 4481828.3909 0,440297.0353 4481831.465 0))",2676937,Verde,Línea,1
"MULTILINESTRING Z ((440775.7946 4481913.8538 0,440779.7946 4481917.4094 0,440782.9057 4481920.5205 0,440784.7946 4481923.0205 0,440786.6834 4481926.5205 0,440789.1279 4481931.5761 0,440789.9057 4481934.7983 0,440790.3501 4481938.0205 0,440790.5168 4481942.965 0))",2676938,Verde,Línea,7
"MULTILINESTRING Z ((440598.9242 4481985.3538 0,440606.2946 4481989.539 0))",2676939,Verde,Batería,3
"MULTILINESTRING Z ((440569.5538 4481157.8929 0,440595.8913 4481154.1069 0))",2676940,Verde,Línea,6
"MULTILINESTRING Z ((441864.3223 4476953.4094 0,441838.4057 4476964.7427 0))",2676941,Verde,Línea,5
"MULTILINESTRING Z ((440615.9612 4481126.2057 0,440610.2946 4481146.2057 0))",2676942,Verde,Batería,8
"MULTILINESTRING Z ((440606.8501 4481123.6872 0,440580.4612 4481116.7983 0))",2676943,Verde,Batería,11
"MULTILINESTRING Z ((441857.989 4476945.2427 0,441838.989 4476952.8261 0,441836.4057 4476953.3261 0))",2676944,Verde,Línea,5
"MULTILINESTRING Z ((440560.3192 4481142.4526 0,440588.1557 4481149.9927 0))",2676945,Verde,Batería,12
"MULTILINESTRING Z ((439644.1557 4480890.6594 0,439651.239 4480892.4094 0))",2676948,Verde,Línea,1
"MULTILINESTRING Z ((440562.3501 4481134.465 0,440598.5027 4481144.1373 0))",2676949,Verde,Batería,15
"MULTILINESTRING Z ((440579.6649 4481129.7983 0,440601.8782 4481136.1204 0))",2676956,Verde,Batería,10
"MULTILINESTRING Z ((441039.3316 4481721.3168 0,441015.9983 4481729.0576 0))",2676960,Verde,Batería,9
"MULTILINESTRING Z ((441056.1711 4481706.2057 0,441068.0723 4481720.3621 0))",2676962,Verde,Línea,4
"MULTILINESTRING Z ((441078.4427 4481724.8724 0,441091.3316 4481740.6748 0))",2676963,Verde,Batería,8
"MULTILINESTRING Z ((441569.4858 4477639.1219 0,441560.2301 4477644.5608 0))",2676964,Verde,Línea,2
"MULTILINESTRING Z ((441072.5168 4481744.9218 0,441075.2328 4481748.2057 0))",2676965,Verde,Batería,2
"MULTILINESTRING Z ((441054.0476 4481647.6625 0,441058.6155 4481662.6255 0))",2676969,Verde,Batería,7
"MULTILINESTRING Z ((441207.8501 4481713.965 0,441207.9057 4481718.0761 0,441208.5168 4481733.9094 0))",2676970,Verde,Batería,10
"MULTILINESTRING Z ((441206.6896 4481689.4814 0,441206.4592 4481673.3497 0))",2676971,Verde,Batería,6
"MULTILINESTRING Z ((441115.6443 4481566.2057 0,441121.8501 4481564.2304 0))",2676974,Verde,Batería,2
"MULTILINESTRING Z ((441121.9489 4481561.0205 0,441166.3933 4481546.823 0))",2676976,Verde,Batería,16
"MULTILINESTRING Z ((440473.6279 4481168.7736 0,440474.097 4481169.0205 0,440475.4304 4481169.2674 0,440478.6896 4481170.3045 0,440481.381 4481171.0205 0,440484.8131 4481171.6625 0,440493.0353 4481172.5761 0,440499.7267 4481172.8971 0,440504.0476 4481172.7983 0,440511.1341 4481172.2551 0,440513.455 4481171.9835 0,440527.9489 4481169.3168 0,440528.6649 4481169.1687 0,440528.9612 4481169.0205 0))",2676985,Verde,Batería,22
"MULTILINESTRING Z ((440478.0312 4481153.3662 0,440493.6855 4481156.2962 0,440500.7308 4481156.8888 0,440508.7966 4481156.1975 0,440526.6238 4481152.4608 0))",2676989,Verde,Batería,20
"MULTILINESTRING Z ((443157.5723 4474938.9927 0,443185.6557 4474936.7427 0))",2677052,Verde,Batería,7
"MULTILINESTRING Z ((443141.239 4474940.0761 0,443156.4057 4474939.0761 0))",2677053,Verde,Batería,6
"MULTILINESTRING Z ((442092.0307 4476795.3261 0,442093.2807 4476816.5761 0))",2677055,Azul,Línea,4
"MULTILINESTRING Z ((442069.2807 4476756.0761 0,442075.1557 4476839.9511 0,442076.4057 4476856.5761 0))",2677056,Azul,Línea,22
"MULTILINESTRING Z ((442264.0723 4476818.5761 0,442263.1557 4476812.8261 0))",2677057,Verde,Batería,2
"MULTILINESTRING Z ((442275.9057 4476785.2427 0,442277.5723 4476794.6594 0))",2677060,Verde,Batería,4
"MULTILINESTRING Z ((442266.3223 4476747.9927 0,442273.239 4476785.1594 0))",2677063,Verde,Batería,15
"MULTILINESTRING Z ((442283.0723 4476969.4094 0,442273.1557 4476982.0761 0))",2677064,Verde,Línea,4
"MULTILINESTRING Z ((441586.1557 4477577.7427 0,441587.0723 4477582.9094 0,441586.989 4477590.3261 0))",2677067,Verde,Línea,3
"MULTILINESTRING Z ((442201.489 4477080.9094 0,442173.3223 4477116.8261 0))",2677073,Verde,Línea,9
"MULTILINESTRING Z ((442140.1834 4477139.0205 0,442154.5168 4477137.8538 0,442156.0168 4477137.5205 0,442157.5723 4477136.7983 0,442159.239 4477135.1316 0,442162.5723 4477130.5205 0,442166.2946 4477125.8538 0))",2677074,Verde,Línea,7
"MULTILINESTRING Z ((442097.9057 4477135.4927 0,442101.6557 4477184.4094 0))",2677076,Verde,Línea,11
"MULTILINESTRING Z ((442045.8223 4477035.8261 0,442079.6557 4477033.4927 0))",2677077,Verde,Línea,7
"MULTILINESTRING Z ((441543.4057 4477983.7427 0,441520.989 4478005.6594 0))",2677081,Verde,Batería,14
"MULTILINESTRING Z ((439758.0723 4473587.4094 0,439734.0723 4473580.9094 0))",2677118,Verde,Línea,5
"MULTILINESTRING Z ((439546.3223 4473935.9094 0,439518.6557 4473935.9094 0))",2677121,Verde,Línea,6
"MULTILINESTRING Z ((438995.489 4473657.8261 0,439024.739 4473656.9094 0))",2677154,Verde,Línea,7
"MULTILINESTRING Z ((439774.8223 4476519.0761 0,439775.5723 4476533.6594 0))",2677185,Verde,Batería,4
"MULTILINESTRING Z ((439774.8223 4476517.6594 0,439773.489 4476494.0761 0))",2677186,Verde,Batería,5
"MULTILINESTRING Z ((443524.69 4479773.6455 0,443526.7078 4479763.9768 0))",2677212,Azul,Línea,1
"MULTILINESTRING Z ((444490.0229 4476014.3045 0,444487.702 4476028.823 0))",2677213,Verde,Línea,3
"MULTILINESTRING Z ((443455.5795 4479683.0957 0,443496.8609 4479691.5033 0))",2677215,Verde,Línea,7
"MULTILINESTRING Z ((443548.9039 4479614.5112 0,443520.0271 4479608.6983 0))",2677219,Verde,Línea,6
"MULTILINESTRING Z ((443613.7807 4479289.8261 0,443637.4057 4479304.3261 0))",2677222,Verde,Batería,11
"MULTILINESTRING Z ((440355.1557 4474564.6594 0,440343.489 4474546.3261 0))",2677229,Verde,Línea,4
"MULTILINESTRING Z ((439993.1557 4475155.2427 0,439993.9057 4475127.6594 0))",2677230,Verde,Línea,6
"MULTILINESTRING Z ((439992.9057 4475169.5761 0,439993.0723 4475156.4094 0))",2677231,Verde,Línea,2
"MULTILINESTRING Z ((442564.6834 4477298.6316 0,442574.0168 4477308.2983 0))",2677240,Verde,Línea,2
"MULTILINESTRING Z ((442593.0168 4477326.8538 0,442604.2946 4477338.5205 0))",2677241,Verde,Línea,3
"MULTILINESTRING Z ((440598.0723 4473362.2427 0,440608.8223 4473374.5761 0))",2677245,Verde,Línea,3
"MULTILINESTRING Z ((440590.739 4473354.1594 0,440571.239 4473331.7427 0))",2677246,Verde,Línea,6
"MULTILINESTRING Z ((442616.4057 4477353.3261 0,442626.8223 4477363.8261 0))",2677247,Verde,Línea,3
"MULTILINESTRING Z ((440562.8223 4473318.7427 0,440568.6557 4473317.5761 0))",2677250,Verde,Línea,1
"MULTILINESTRING Z ((439730.6557 4473230.0761 0,439741.5723 4473230.4927 0))",2677259,Verde,Línea,2
"MULTILINESTRING Z ((439717.739 4473225.3261 0,439729.239 4473225.6594 0))",2677260,Verde,Línea,2
"MULTILINESTRING Z ((439730.239 4473225.6594 0,439746.8223 4473226.1594 0))",2677261,Verde,Línea,3
"MULTILINESTRING Z ((439918.489 4473123.9927 0,439919.8223 4473115.9927 0))",2677262,Verde,Línea,1
"MULTILINESTRING Z ((440091.239 4473148.9094 0,440091.5723 4473129.9094 0))",2677266,Verde,Línea,4
"MULTILINESTRING Z ((440518.0425 4473178.5562 0,440490.9243 4473131.8752 0))",2677267,Verde,Línea,11
"MULTILINESTRING Z ((440514.8223 4473180.3261 0,440508.239 4473169.3261 0))",2677268,Verde,Línea,2
"MULTILINESTRING Z ((440504.8223 4473163.2427 0,440502.0723 4473158.4927 0))",2677269,Verde,Línea,1
"MULTILINESTRING Z ((440626.0723 4473117.0761 0,440635.4057 4473097.0761 0))",2677271,Verde,Línea,4
"MULTILINESTRING Z ((440678.3223 4473063.5761 0,440684.8223 4473065.9927 0))",2677272,Verde,Línea,1
"MULTILINESTRING Z ((440040.739 4473037.4927 0,440064.0723 4473031.7427 0))",2677273,Verde,Línea,5
"MULTILINESTRING Z ((440450.0723 4473069.6594 0,440439.6557 4473051.3261 0))",2677299,Verde,Línea,3
"MULTILINESTRING Z ((437479.5723 4473628.4927 0,437486.3223 4473614.3261 0))",2677319,Verde,Línea,3
"MULTILINESTRING Z ((437462.6557 4473664.0761 0,437477.9057 4473632.0761 0))",2677320,Verde,Línea,7
"MULTILINESTRING Z ((437414.739 4472964.6594 0,437423.8223 4472964.0761 0))",2677327,Verde,Línea,2
"MULTILINESTRING Z ((437399.0723 4472965.4094 0,437414.0723 4472964.7427 0))",2677328,Verde,Línea,3
"MULTILINESTRING Z ((437375.1557 4472967.3261 0,437386.239 4472966.7427 0))",2677329,Verde,Línea,2
"MULTILINESTRING Z ((437365.6557 4472967.9927 0,437370.8223 4472967.8261 0))",2677330,Verde,Línea,1
"MULTILINESTRING Z ((437355.048 4472968.3945 0,437349.5662 4472968.774 0))",2677331,Verde,Línea,1
"MULTILINESTRING Z ((437327.489 4472969.7427 0,437342.489 4472968.9927 0))",2677332,Verde,Línea,3
"MULTILINESTRING Z ((437317.6557 4472970.2427 0,437323.739 4472969.9094 0))",2677333,Verde,Línea,1
"MULTILINESTRING Z ((437301.4057 4472971.3261 0,437311.3223 4472970.5761 0))",2677334,Verde,Línea,2
"MULTILINESTRING Z ((437287.4057 4472971.9094 0,437297.239 4472971.3261 0))",2677335,Verde,Línea,2
"MULTILINESTRING Z ((437257.3223 4472973.4927 0,437277.6557 4472972.4927 0))",2677336,Verde,Línea,4
"MULTILINESTRING Z ((437423.8223 4472961.3261 0,437418.5723 4472961.5761 0))",2677339,Verde,Línea,1
"MULTILINESTRING Z ((437408.989 4472962.0761 0,437414.989 4472961.7427 0))",2677340,Verde,Línea,1
"MULTILINESTRING Z ((437399.5723 4472962.4927 0,437405.1557 4472962.2427 0))",2677341,Verde,Línea,1
"MULTILINESTRING Z ((437380.6557 4472963.2427 0,437385.6557 4472962.9094 0))",2677342,Verde,Línea,1
"MULTILINESTRING Z ((437323.739 4472966.4094 0,437338.9057 4472965.5761 0))",2677344,Verde,Línea,3
"MULTILINESTRING Z ((437262.6557 4472969.4927 0,437317.9057 4472966.5761 0))",2677345,Verde,Línea,11
"MULTILINESTRING Z ((437252.9057 4472970.0761 0,437247.8223 4472970.2427 0))",2677346,Verde,Línea,1
"MULTILINESTRING Z ((437821.4057 4473078.9927 0,437819.3223 4473063.9094 0))",2677348,Verde,Línea,3
"MULTILINESTRING Z ((437818.6557 4473058.4094 0,437817.739 4473052.0761 0,437816.4057 4473046.6594 0,437810.489 4473031.3261 0,437803.8223 4473017.4094 0))",2677349,Verde,Línea,9
"MULTILINESTRING Z ((437394.4057 4473662.9094 0,437389.489 4473660.1594 0))",2677352,Verde,Línea,1
"MULTILINESTRING Z ((443610.1481 4473925.9087 0,443608.3075 4473906.2438 0))",2677353,Azul,Batería,7
"MULTILINESTRING Z ((443617.489 4473925.2427 0,443615.6557 4473905.9094 0))",2677354,Azul,Batería,6
"MULTILINESTRING Z ((443548.3443 4473863.6206 0,443572.8527 4473882.5104 0))",2677356,Azul,Batería,11
"MULTILINESTRING Z ((443555.9003 4473863.7174 0,443574.2089 4473877.7638 0))",2677357,Azul,Batería,8
"MULTILINESTRING Z ((443554.641 4473853.2554 0,443548.0537 4473861.6832 0))",2677358,Azul,Línea,2
"MULTILINESTRING Z ((443555.1557 4473852.2427 0,443563.6557 4473858.7427 0))",2677359,Azul,Línea,2
"MULTILINESTRING Z ((443572.2715 4473865.6549 0,443581.1836 4473872.5327 0))",2677360,Azul,Línea,2
"MULTILINESTRING Z ((441304.6557 4472834.9927 0,441342.4057 4472832.2427 0))",2677361,Verde,Línea,8
"MULTILINESTRING Z ((444134.4057 4476398.4094 0,444091.0723 4476405.9094 0))",2677407,Verde,Batería,15
"MULTILINESTRING Z ((444139.8223 4476397.3261 0,444190.989 4476388.4927 0))",2677417,Verde,Batería,20
"MULTILINESTRING Z ((444192.739 4476388.3261 0,444201.1557 4476386.8261 0))",2677423,Verde,Línea,1
"MULTILINESTRING Z ((439232.1557 4477388.0761 0,439253.0723 4477386.7427 0))",2677429,Verde,Línea,4
"MULTILINESTRING Z ((439914.0723 4473147.2427 0,439917.6557 4473127.5761 0))",2677437,Verde,Línea,4
"MULTILINESTRING Z ((443304.4057 4473036.4927 0,443304.3223 4473034.9927 0,443306.989 4473028.7427 0,443330.9057 4472981.3261 0,443334.3223 4472977.5761 0,443347.4057 4472972.3261 0))",2677449,Verde,Línea,17
"MULTILINESTRING Z ((443300.0723 4473038.4094 0,443299.989 4473035.6594 0,443300.489 4473033.0761 0,443326.989 4472981.3261 0,443331.4057 4472976.0761 0,443334.1557 4472973.9094 0,443349.739 4472967.7427 0))",2677450,Verde,Línea,18
"MULTILINESTRING Z ((443352.3223 4472878.8261 0,443349.489 4472870.5761 0,443345.9057 4472863.4094 0,443342.489 4472860.0761 0,443331.5723 4472853.0761 0))",2677452,Verde,Línea,7
"MULTILINESTRING Z ((439980.1557 4473327.5761 0,439978.5723 4473275.6594 0))",2677469,Verde,Línea,10
"MULTILINESTRING Z ((441825.9057 4475468.2427 0,441810.989 4475469.6594 0))",2677497,Verde,Batería,5
"MULTILINESTRING Z ((441903.6557 4475463.0761 0,441960.8223 4475458.9927 0))",2677498,Verde,Batería,21
"MULTILINESTRING Z ((444505.9612 4476075.7983 0,444510.7946 4476076.6872 0))",2677522,Verde,Línea,1
"MULTILINESTRING Z ((443018.4857 4476715.8402 0,443040.2588 4476723.6442 0,443055.9187 4476729.6532 0))",2677525,Verde,Línea,8
"MULTILINESTRING Z ((441302.239 4480207.6594 0,441296.4057 4480210.4094 0))",2677531,Verde,Línea,1
"MULTILINESTRING Z ((444921.7843 4475682.1234 0,444912.1382 4475680.5102 0))",2677532,Verde,Línea,2
"MULTILINESTRING Z ((444905.9653 4475677.6954 0,444911.6773 4475678.6172 0))",2677533,Verde,Línea,1
"MULTILINESTRING Z ((444650.6279 4476697.2427 0,444678.8501 4476715.1872 0))",2677534,Azul,Línea,8
"MULTILINESTRING Z ((440519.489 4479291.1594 0,440525.739 4479286.9094 0))",2677536,Azul,Línea,2
"MULTILINESTRING Z ((442193.0723 4480006.3538 0,442194.3501 4480033.6872 0))",2677537,Verde,Línea,6
"MULTILINESTRING Z ((444956.2369 4475037.2784 0,444941.2946 4474978.2798 0))",2677542,Verde,Batería,24
"MULTILINESTRING Z ((439969.6032 4477885.7366 0,439978.0723 4477880.3538 0))",2677544,Verde,Línea,2
"MULTILINESTRING Z ((440442.8223 4472835.6594 0,440446.1557 4472830.5761 0))",2677545,Azul,Línea,1
"MULTILINESTRING Z ((440442.239 4472836.4094 0,440436.6557 4472845.9927 0))",2677548,Azul,Línea,2
"MULTILINESTRING Z ((443126.5305 4479932.2249 0,443127.8583 4479928.6255 0,443130.8871 4479917.3415 0))",2677561,Azul,Línea,3
"MULTILINESTRING Z ((442883.9057 4476001.8261 0,442884.4057 4476010.5761 0))",2677562,Verde,Línea,2
"MULTILINESTRING Z ((443120.8625 4479938.9464 0,443123.6557 4479931.5761 0))",2677564,Azul,Línea,1
"MULTILINESTRING Z ((440378.1557 4477194.3261 0,440384.4057 4477193.9094 0))",2677566,Verde,Línea,1
"MULTILINESTRING Z ((441938.8625 4479897.2427 0,441931.5785 4479897.4897 0))",2677567,Verde,Línea,1
"MULTILINESTRING Z ((441354.3769 4478792.3292 0,441357.3234 4478792.0822 0))",2677568,Verde,Batería,1
"MULTILINESTRING Z ((441956.3051 4476282.9094 0,441958.6073 4476313.7777 0))",2677570,Verde,Línea,6
"MULTILINESTRING Z ((440340.4057 4472259.3261 0,440350.3223 4472241.3261 0))",2677578,Verde,Línea,4
"MULTILINESTRING Z ((440630.6031 4476795.097 0,440625.4179 4476795.4673 0))",2677585,Verde,Línea,1
"MULTILINESTRING Z ((437930.3501 4473922.7427 0,437953.5723 4473933.6872 0))",2677702,Verde,Línea,5
"MULTILINESTRING Z ((437773.5723 4473848.0205 0,437781.739 4473851.965 0))",2677708,Verde,Línea,2
"MULTILINESTRING Z ((444500.489 4476895.1594 0,444455.3223 4476873.4927 0))",2677709,Azul,Línea,10
"MULTILINESTRING Z ((440506.4427 4478562.8477 0,440511.2109 4478561.4704 0))",2677732,Verde,Línea,1
"MULTILINESTRING Z ((440121.1279 4472941.8538 0,440122.239 4472933.1872 0))",2677736,Azul,Batería,3
"MULTILINESTRING Z ((440652.489 4479322.7427 0,440654.6557 4479326.9927 0))",2677738,Verde,Batería,2
"MULTILINESTRING Z ((439787.5723 4473662.3261 0,439797.989 4473660.7427 0))",2677744,Verde,Línea,2
"MULTILINESTRING Z ((440039.8223 4472879.1594 0,440046.6557 4472848.5761 0))",2677748,Verde,Línea,7
"MULTILINESTRING Z ((440036.3223 4472894.9927 0,440039.5723 4472880.0761 0))",2677778,Verde,Línea,4
"MULTILINESTRING Z ((444547.2119 4476808.2207 0,444605.9962 4476845.3616 0))",2677834,Verde,Línea,14
"MULTILINESTRING Z ((444380.4576 4476784.5675 0,444379.3888 4476788.7832 0))",2677837,Verde,Línea,1
"MULTILINESTRING Z ((442082.1557 4475143.8261 0,442081.5723 4475134.2427 0))",2677876,Verde,Línea,2
"MULTILINESTRING Z ((440628.1557 4476621.6594 0,440635.0723 4476599.6594 0))",2678161,Verde,Línea,5
"MULTILINESTRING Z ((440622.489 4476639.3261 0,440627.8223 4476622.5761 0))",2678162,Verde,Línea,4
"MULTILINESTRING Z ((440786.739 4476352.2427 0,440720.9057 4476357.4094 0))",2678164,Verde,Línea,13
"MULTILINESTRING Z ((444418.4878 4476294.8606 0,444487.6261 4476337.9468 0))",2678165,Verde,Línea,16
"MULTILINESTRING Z ((445393.5723 4475871.6594 0,445399.0723 4475874.9927 0))",2678203,Verde,Línea,1
"MULTILINESTRING Z ((445064.9983 4475962.9094 0,445071.1834 4475952.5761 0))",2678216,Verde,Batería,5
"MULTILINESTRING Z ((445374.5168 4475919.2427 0,445382.4612 4475903.465 0))",2678218,Verde,Línea,4
"MULTILINESTRING Z ((445320.2575 4476151.7613 0,445332.8501 4476130.3909 0))",2678222,Verde,Batería,10
"MULTILINESTRING Z ((445244.8625 4475831.1193 0,445241.8501 4475836.2057 0))",2678224,Verde,Batería,2
"MULTILINESTRING Z ((445584.6649 4475706.1234 0,445580.0888 4475713.9588 0,445578.1629 4475717.1193 0))",2678225,Verde,Línea,2
"MULTILINESTRING Z ((444518.7131 4477858.757 0,444535.9023 4477824.2896 0))",2678243,Verde,Línea,8
"MULTILINESTRING Z ((444089.455 4474736.6748 0,444102.5415 4474736.7489 0,444115.7513 4474736.9711 0,444126.9118 4474737.0205 0,444142.1958 4474737.3415 0,444150.2699 4474737.7613 0,444158.5415 4474738.6501 0,444163.1341 4474739.3415 0,444174.2946 4474741.4156 0,444177.1341 4474742.0082 0,444182.1711 4474743.2427 0,444186.5908 4474744.502 0,444196.9118 4474747.8106 0,444207.8007 4474751.9341 0,444210.3192 4474752.9958 0,444212.9365 4474754.2551 0,444228.2699 4474762.0822 0,444228.8131 4474762.5267 0,444231.3316 4474763.9588 0,444234.9612 4474766.2057 0,444241.1094 4474770.181 0,444243.9489 4474772.1069 0,444245.8254 4474773.465 0,444254.0229 4474779.9835 0))",2678266,Verde,Línea,34
"MULTILINESTRING Z ((437841.2347 4473006.2232 0,437956.3668 4473091.541 0,437991.8066 4473118.1677 0,437991.8066 4473117.7926 0,438002.1197 4473125.2931 0,438015.8081 4473131.481 0,438050.3102 4473140.4816 0))",2678272,Verde,Línea,50
"MULTILINESTRING Z ((437722.0723 4473807.7983 0,437729.0723 4473792.9094 0))",2678273,Verde,Línea,3
"MULTILINESTRING Z ((443381.239 4474910.2427 0,443409.9057 4474907.9927 0))",2678315,Azul,Línea,6
"MULTILINESTRING Z ((443520.5723 4475027.2427 0,443556.3223 4475020.1594 0))",2678316,Verde,Línea,8
"MULTILINESTRING Z ((443503.0723 4475029.8261 0,443519.3223 4475027.4094 0))",2678317,Verde,Línea,3
"MULTILINESTRING Z ((442858.9057 4474157.9094 0,442867.8223 4474159.5761 0))",2678341,Verde,Línea,1
"MULTILINESTRING Z ((437746.4436 4473756.7145 0,437742.0242 4473765.6849 0))",2678362,Verde,Línea,2
"MULTILINESTRING Z ((437752.5689 4473744.3783 0,437748.2034 4473753.3751 0))",2678363,Verde,Línea,2
"MULTILINESTRING Z ((444940.2369 4475947.2427 0,444978.6279 4475990.9464 0))",2678429,Verde,Línea,12
"MULTILINESTRING Z ((444946.2946 4475937.7242 0,444985.776 4475943.6131 0))",2678432,Verde,Línea,9
"MULTILINESTRING Z ((444943.4797 4475820.6501 0,444939.3501 4475844.6872 0))",2678444,Verde,Línea,5
"MULTILINESTRING Z ((445045.9057 4475711.1594 0,445042.9057 4475729.8261 0))",2678503,Verde,Línea,4
"MULTILINESTRING Z ((444991.9983 4475628.5514 0,445017.0847 4475632.8724 0))",2678506,Verde,Batería,10
"MULTILINESTRING Z ((444980.0723 4475361.2345 0,444992.1546 4475363.144 0))",2678510,Verde,Línea,3
"MULTILINESTRING Z ((445076.0559 4475467.0781 0,445073.8501 4475480.9711 0))",2678514,Verde,Línea,3
"MULTILINESTRING Z ((445073.6279 4475555.0946 0,445132.4057 4475563.6131 0))",2678522,Verde,Línea,12
"MULTILINESTRING Z ((445031.5908 4475993.2427 0,445036.1464 4475985.6131 0))",2678540,Verde,Batería,3
"MULTILINESTRING Z ((445087.6169 4475899.2811 0,445088.846 4475897.1961 0))",2678542,Verde,Batería,1
"MULTILINESTRING Z ((445097.5044 4475882.6172 0,445098.8048 4475880.4279 0))",2678543,Verde,Batería,1
"MULTILINESTRING Z ((444915.5538 4475616.1563 0,444934.9859 4475619.4156 0))",2678544,Verde,Batería,9
"MULTILINESTRING Z ((444921.8871 4475196.465 0,444943.1834 4475217.4279 0))",2678547,Verde,Batería,11
"MULTILINESTRING Z ((444810.1629 4475084.4773 0,444819.7102 4475106.288 0,444826.9201 4475123.1275 0,444829.5867 4475128.8559 0,444831.7596 4475133.432 0,444835.8254 4475141.646 0,444844.0394 4475155.8683 0))",2678553,Verde,Línea,16
"MULTILINESTRING Z ((445058.1217 4475288.3045 0,445088.5908 4475331.0205 0))",2678555,Verde,Línea,11
"MULTILINESTRING Z ((444518.0353 4474847.5761 0,444532.2153 4474860.7141 0))",2678560,Verde,Línea,4
"MULTILINESTRING Z ((444862.8625 4474842.9711 0,444865.5538 4474844.2304 0,444871.3563 4474847.144 0,444876.2699 4474849.8353 0,444879.5785 4474851.7613 0,444882.6896 4474853.7119 0,444884.8871 4474855.218 0,444887.0106 4474856.7983 0,444891.6279 4474860.4526 0,444896.1464 4474864.2304 0,444901.6773 4474869.3662 0,444908.739 4474876.5761 0,444911.3069 4474879.3662 0,444914.0476 4474882.5514 0,444917.9983 4474887.3662 0,444925.8254 4474898.7983 0,444927.9242 4474901.9835 0,444931.3316 4474907.7613 0,444935.381 4474914.8971 0,444941.3563 4474926.7983 0,444942.702 4474929.8724 0,444945.2205 4474937.2798 0,444946.1834 4474941.0205 0))",2678561,Verde,Línea,27
"MULTILINESTRING Z ((444644.1876 4474966.0246 0,444667.7596 4474941.5308 0))",2678562,Verde,Línea,7
"MULTILINESTRING Z ((444754.9695 4474914.4197 0,444755.1011 4474918.6337 0,444755.7267 4474923.8189 0))",2678563,Verde,Línea,2
"MULTILINESTRING Z ((444981.7572 4475079.7167 0,444951.6526 4474961.4897 0))",2678564,Verde,Línea,25
"MULTILINESTRING Z ((444821.7839 4474681.9646 0,444767.6417 4474692.788 0))",2678565,Verde,Batería,22
"MULTILINESTRING Z ((444751.6435 4474825.7953 0,444771.6747 4474832.8232 0))",2678567,Verde,Batería,10
"MULTILINESTRING Z ((444832.8871 4475728.181 0,444839.6526 4475729.2427 0))",2678574,Verde,Línea,1
"MULTILINESTRING Z ((439965.5538 4477890.9958 0,439970.4262 4477888.0164 0))",2678581,Verde,Línea,1
"MULTILINESTRING Z ((441046.2699 4479416.5267 0,441048.3933 4479420.2057 0))",2678583,Verde,Línea,1
"MULTILINESTRING Z ((442325.8223 4475080.4094 0,442330.489 4475078.2427 0))",2678614,Verde,Línea,1
"MULTILINESTRING Z ((442315.989 4475085.4927 0,442324.9057 4475080.8261 0))",2678615,Verde,Línea,2
"MULTILINESTRING Z ((445118.9057 4476042.7983 0,445110.0168 4476057.6316 0))",2678633,Verde,Batería,7
"MULTILINESTRING Z ((439724.989 4473571.1594 0,439726.8223 4473560.7427 0))",2678658,Verde,Línea,2
"MULTILINESTRING Z ((439722.989 4473582.8261 0,439724.739 4473572.4094 0))",2678659,Verde,Línea,2
"MULTILINESTRING Z ((443973.4313 4474737.3382 0,444088.6164 4474738.833 0))",2678664,Verde,Línea,23
"MULTILINESTRING Z ((441419.9057 4471617.6594 0,441422.4057 4471611.6594 0))",2678697,Verde,Línea,1
"MULTILINESTRING Z ((445256.2205 4476135.144 0,445306.0476 4476037.8106 0))",2678728,Verde,Línea,22
"MULTILINESTRING Z ((445377.6197 4476054.3209 0,445376.1382 4476056.8394 0))",2678729,Verde,Batería,1
"MULTILINESTRING Z ((445371.0847 4476065.4403 0,445374.0229 4476060.4279 0))",2678730,Verde,Batería,2
"MULTILINESTRING Z ((445325.1834 4475868.4526 0,445328.9612 4475862.1316 0))",2678743,Verde,Batería,3
"MULTILINESTRING Z ((444171.3686 4475694.0946 0,444154.5538 4475694.3538 0))",2678760,Verde,Línea,3
"MULTILINESTRING Z ((444153.9736 4475692.823 0,444148.1217 4475692.9464 0))",2678761,Verde,Línea,1
"MULTILINESTRING Z ((441375.2807 4472683.7011 0,441373.4057 4472665.2011 0))",2678864,Verde,Batería,6
"MULTILINESTRING Z ((445586.0476 4475700.3292 0,445583.6608 4475704.7407 0))",2678873,Verde,Línea,1
"MULTILINESTRING Z ((444083.2512 4475920.492 0,444078.6679 4475924.1587 0))",2678874,Verde,Línea,1
"MULTILINESTRING Z ((444258.8625 4476003.1193 0,444268.4427 4475949.0205 0,444273.1588 4475921.539 0))",2678877,Verde,Línea,18
"MULTILINESTRING Z ((442441.4954 4477965.1874 0,442443.3658 4477987.6313 0,442443.3658 4477993.6876 0,442442.8314 4478009.6299 0))",2678878,Azul,Línea,10
"MULTILINESTRING Z ((442442.297 4478016.933 0,442439.9814 4478062.8896 0,442439.3579 4478069.7474 0,442438.7345 4478083.5522 0))",2678883,Azul,Línea,15
"MULTILINESTRING Z ((444157.739 4476103.5205 0,444197.9612 4476096.5205 0))",2678899,Verde,Línea,8
"MULTILINESTRING Z ((444204.1834 4476095.4094 0,444225.4057 4476091.7427 0))",2678900,Verde,Línea,5
"MULTILINESTRING Z ((444100.4179 4476101.5754 0,444106.7512 4476100.3254 0))",2678914,Verde,Batería,2
"MULTILINESTRING Z ((440835.4549 4476814.1587 0,440836.4549 4476828.0476 0))",2678920,Verde,Línea,3
"MULTILINESTRING Z ((440838.1557 4476851.3261 0,440839.0723 4476862.8261 0))",2678921,Verde,Línea,2
"MULTILINESTRING Z ((440839.989 4476877.0761 0,440840.489 4476884.8261 0))",2678922,Verde,Línea,2
"MULTILINESTRING Z ((440825.8223 4476809.7427 0,440826.9057 4476821.2427 0))",2678923,Verde,Línea,2
"MULTILINESTRING Z ((440830.9612 4476877.1687 0,440829.6649 4476860.2427 0))",2678924,Verde,Línea,3
"MULTILINESTRING Z ((440837.9057 4476973.4927 0,440839.5723 4476999.3261 0))",2678925,Verde,Línea,5
"MULTILINESTRING Z ((440875.1557 4477370.5761 0,440875.8223 4477381.9094 0))",2678926,Verde,Línea,2
"MULTILINESTRING Z ((440861.1557 4477303.5761 0,440862.239 4477316.9094 0))",2678928,Verde,Línea,3
"MULTILINESTRING Z ((440870.4057 4477433.4094 0,440869.4057 4477418.6872 0))",2678930,Verde,Línea,3
"MULTILINESTRING Z ((442215.989 4477211.1594 0,442205.3223 4477226.9094 0))",2678933,Verde,Batería,7
"MULTILINESTRING Z ((440586.8623 4476789.1217 0,440610.8253 4476787.3809 0))",2678934,Verde,Línea,5
"MULTILINESTRING Z ((440625.0722 4476795.492 0,440606.0599 4476796.8994 0))",2678940,Verde,Línea,4
"MULTILINESTRING Z ((440637.4057 4476794.5761 0,440644.239 4476794.0761 0))",2678941,Verde,Línea,1
"MULTILINESTRING Z ((440650.5723 4476793.4094 0,440655.489 4476793.1594 0))",2678942,Verde,Línea,1
"MULTILINESTRING Z ((440674.4057 4476791.8538 0,440665.2946 4476792.465 0))",2678943,Verde,Línea,2
"MULTILINESTRING Z ((440708.6557 4476780.3261 0,440741.489 4476777.9094 0))",2678944,Verde,Línea,7
"MULTILINESTRING Z ((440780.5723 4476775.1594 0,440790.5723 4476774.5761 0))",2678948,Verde,Línea,2
"MULTILINESTRING Z ((440847.4057 4476779.4927 0,440863.3223 4476778.4927 0))",2678949,Verde,Línea,3
"MULTILINESTRING Z ((440870.489 4476777.6594 0,440885.9057 4476776.7427 0))",2678950,Verde,Línea,3
"MULTILINESTRING Z ((441160.0723 4476747.965 0,441179.0723 4476746.7983 0))",2678952,Verde,Línea,4
"MULTILINESTRING Z ((441186.0168 4476746.0761 0,441202.6279 4476745.0761 0))",2678953,Verde,Línea,3
"MULTILINESTRING Z ((444870.9612 4476791.8847 0,444864.1958 4476785.7119 0))",2678954,Verde,Línea,2
"MULTILINESTRING Z ((444859.1679 4476778.242 0,444865.4179 4476783.492 0))",2678955,Verde,Línea,2
"MULTILINESTRING Z ((440862.8871 4477160.0946 0,440877.2205 4477159.0576 0))",2678956,Verde,Línea,3
"MULTILINESTRING Z ((440939.7946 4477145.5761 0,440957.8501 4477144.2983 0))",2678957,Verde,Línea,4
"MULTILINESTRING Z ((440802.5723 4476896.5761 0,440808.8223 4476896.3261 0))",2678960,Verde,Batería,2
"MULTILINESTRING Z ((440951.3316 4476895.0205 0,440939.4427 4476895.8353 0))",2678961,Verde,Línea,2
"MULTILINESTRING Z ((440993.6557 4476892.1594 0,441013.1557 4476890.8261 0))",2678962,Verde,Línea,4
"MULTILINESTRING Z ((441049.739 4476878.9094 0,441067.739 4476877.6594 0))",2678963,Verde,Batería,7
"MULTILINESTRING Z ((441072.9057 4476877.4094 0,441086.5723 4476876.6594 0))",2678964,Verde,Batería,6
"MULTILINESTRING Z ((441103.739 4476824.7427 0,441104.6557 4476836.3261 0))",2678966,Verde,Línea,2
"MULTILINESTRING Z ((440364.6834 4477308.8538 0,440374.4612 4477308.5205 0))",2678972,Verde,Línea,2
"MULTILINESTRING Z ((440743.9489 4477279.6131 0,440759.776 4477278.4773 0))",2678975,Verde,Línea,3
"MULTILINESTRING Z ((440611.5723 4477418.3261 0,440627.9057 4477417.1594 0))",2678980,Verde,Línea,4
"MULTILINESTRING Z ((440656.3223 4477415.0761 0,440675.489 4477413.4094 0))",2678981,Verde,Línea,5
"MULTILINESTRING Z ((440754.4057 4477407.4094 0,440765.5723 4477406.6594 0))",2678982,Verde,Línea,2
"MULTILINESTRING Z ((440720.239 4477410.2427 0,440728.739 4477409.6594 0))",2678983,Verde,Línea,1
"MULTILINESTRING Z ((444634.4179 4476634.492 0,444642.7512 4476639.742 0))",2678984,Verde,Línea,2
"MULTILINESTRING Z ((440859.6279 4477399.2983 0,440840.7946 4477400.7427 0))",2678985,Verde,Línea,4
"MULTILINESTRING Z ((440960.989 4476904.2427 0,440962.4057 4476925.7427 0))",2678987,Verde,Línea,4
"MULTILINESTRING Z ((440966.239 4476980.1594 0,440967.8223 4477000.1594 0))",2678989,Verde,Línea,4
"MULTILINESTRING Z ((440747.1279 4477431.1872 0,440746.5168 4477421.2427 0))",2678993,Verde,Línea,2
"MULTILINESTRING Z ((440751.239 4477488.6872 0,440750.5723 4477479.0761 0))",2678994,Verde,Línea,2
"MULTILINESTRING Z ((441238.4057 4476734.465 0,441237.5908 4476723.9835 0))",2679001,Verde,Línea,2
"MULTILINESTRING Z ((442729.3223 4477651.5761 0,442727.5723 4477659.5761 0))",2679003,Verde,Línea,2
"MULTILINESTRING Z ((441754.4057 4478796.6594 0,441754.989 4478801.7427 0))",2679091,Verde,Batería,2
"MULTILINESTRING Z ((444881.8995 4476664.7242 0,444890.4674 4476670.0329 0))",2679092,Verde,Línea,2
"MULTILINESTRING Z ((440568.0723 4475695.8261 0,440572.5723 4475661.3261 0))",2679103,Verde,Línea,7
"MULTILINESTRING Z ((442236.2797 4479090.5532 0,442232.3039 4479093.2567 0))",2679182,Verde,Línea,1
"MULTILINESTRING Z ((439699.9057 4473786.0761 0,439698.3223 4473776.9094 0))",2679196,Verde,Línea,2
"MULTILINESTRING Z ((439443.2822 4476942.288 0,439442.5579 4476929.3168 0))",2679208,Verde,Batería,5
"MULTILINESTRING Z ((441153.3223 4475455.4094 0,441155.3223 4475482.8261 0))",2679209,Azul,Línea,5
"MULTILINESTRING Z ((439452.5415 4476945.3168 0,439452.2452 4476939.7859 0))",2679213,Verde,Línea,1
"MULTILINESTRING Z ((439451.7102 4476930.5898 0,439449.8446 4476898.1947 0))",2679214,Verde,Línea,6
"MULTILINESTRING Z ((440915.3686 4481597.3909 0,440910.0723 4481594.6501 0))",2679236,Verde,Batería,2
"MULTILINESTRING Z ((439755.5723 4480861.2983 0,439762.0723 4480836.7983 0))",2679252,Verde,Batería,11
"MULTILINESTRING Z ((440853.489 4477195.9927 0,440854.5723 4477209.3261 0))",2679261,Verde,Línea,3
"MULTILINESTRING Z ((440424.4427 4481873.7242 0,440433.3316 4481878.1316 0))",2679262,Verde,Línea,2
"MULTILINESTRING Z ((440383.5127 4481857.5473 0,440422.7555 4481876.3127 0))",2679264,Verde,Línea,9
"MULTILINESTRING Z ((440759.5307 4477287.4511 0,440773.7807 4477286.5761 0))",2679330,Verde,Línea,3
"MULTILINESTRING Z ((440585.702 4477411.3168 0,440574.9612 4477412.1316 0))",2679365,Verde,Batería,4
"MULTILINESTRING Z ((440594.2946 4477403.9835 0,440592.6649 4477382.2427 0))",2679367,Verde,Línea,4
"MULTILINESTRING Z ((445002.1557 4475490.5761 0,445027.4057 4475475.9927 0))",2679389,Azul,Línea,6
"MULTILINESTRING Z ((440749.5168 4477463.7613 0,440750.5538 4477478.4279 0))",2679399,Verde,Línea,3
"MULTILINESTRING Z ((440881.0435 4477461.218 0,440880.6814 4477456.2304 0))",2679401,Verde,Línea,1
"MULTILINESTRING Z ((440883.6279 4477388.465 0,440978.5168 4477381.2427 0))",2679403,Verde,Batería,35
"MULTILINESTRING Z ((440979.4746 4477379.2383 0,440985.7807 4477378.8261 0))",2679404,Verde,Batería,2
"MULTILINESTRING Z ((440445.776 4477197.4279 0,440422.2575 4477270.8353 0))",2679406,Verde,Línea,16
"MULTILINESTRING Z ((440986.0723 4476769.6594 0,441064.8131 4476763.9464 0))",2679411,Verde,Línea,16
"MULTILINESTRING Z ((441031.2575 4476757.3168 0,441092.8871 4476752.9094 0))",2679412,Verde,Línea,13
"MULTILINESTRING Z ((442011.3803 4480341.746 0,442008.174 4480338.0054 0))",2679414,Azul,Línea,1
"MULTILINESTRING Z ((440720.3192 4477179.2427 0,440723.1094 4477218.7736 0))",2679416,Verde,Línea,9
"MULTILINESTRING Z ((440865.9324 4477240.6913 0,440864.6155 4477222.0246 0))",2679420,Verde,Línea,3
"MULTILINESTRING Z ((444899.7267 4476976.1563 0,444910.6896 4476967.5143 0))",2679434,Verde,Línea,3
"MULTILINESTRING Z ((440879.702 4476900.0822 0,440902.2946 4476898.4773 0))",2679436,Verde,Línea,4
"MULTILINESTRING Z ((441062.9057 4477087.5761 0,441063.2946 4477093.6316 0))",2679449,Verde,Línea,1
"MULTILINESTRING Z ((440580.8994 4476735.5661 0,440591.2697 4476703.3068 0))",2679455,Verde,Línea,5
"MULTILINESTRING Z ((441092.6402 4476761.9094 0,441076.7143 4476763.0699 0))",2679527,Verde,Línea,3
"MULTILINESTRING Z ((441186.489 4475331.4927 0,441202.5723 4475321.0761 0))",2679530,Alta Rotación,Línea,3
"MULTILINESTRING Z ((441253.3686 4476985.9835 0,441200.2946 4476989.3168 0,441150.1094 4476992.6131 0))",2679542,Azul,Línea,22
"MULTILINESTRING Z ((440506.739 4472117.0761 0,440504.8223 4472100.8261 0))",2679617,Verde,Batería,6
"MULTILINESTRING Z ((440878.2205 4477621.2798 0,440879.9612 4477640.8724 0))",2679621,Verde,Línea,4
"MULTILINESTRING Z ((440885.06 4477655.0699 0,440883.8115 4477640.9291 0))",2679624,Verde,Línea,3
"MULTILINESTRING Z ((440480.1557 4475735.9094 0,440481.3223 4475730.2427 0))",2679626,Verde,Línea,1
"MULTILINESTRING Z ((440477.739 4475762.4094 0,440488.0723 4475711.9094 0))",2679627,Verde,Línea,9
"MULTILINESTRING Z ((440478.1557 4475745.8261 0,440479.0723 4475740.9094 0))",2679628,Verde,Línea,1
"MULTILINESTRING Z ((440459.4057 4475835.7427 0,440471.8223 4475774.5761 0))",2679631,Verde,Línea,11
"MULTILINESTRING Z ((440452.4057 4475890.2427 0,440459.739 4475852.4094 0))",2679632,Verde,Línea,7
"MULTILINESTRING Z ((440474.8223 4475775.4927 0,440471.239 4475792.6594 0))",2679639,Verde,Línea,3
"MULTILINESTRING Z ((443303.3361 4473692.4846 0,443300.9089 4473651.8293 0))",2679651,Azul,Batería,15
"MULTILINESTRING Z ((441315.1557 4475656.5761 0,441369.8223 4475652.5761 0))",2679670,Verde,Línea,11
"MULTILINESTRING Z ((439313.489 4476070.0761 0,439370.489 4476066.9927 0))",2679698,Verde,Línea,12
"MULTILINESTRING Z ((442277.5723 4475716.3261 0,442282.739 4475715.9094 0))",2679714,Azul,Línea,1
"MULTILINESTRING Z ((439693.6965 4478300.2469 0,439700.215 4478287.2647 0))",2679715,Verde,Línea,3
"MULTILINESTRING Z ((442212.989 4475720.9094 0,442199.739 4475721.7427 0))",2679721,Azul,Línea,3
"MULTILINESTRING Z ((440442.6557 4475924.4927 0,440456.739 4475851.5761 0))",2679732,Verde,Línea,13
"MULTILINESTRING Z ((439637.739 4476034.0761 0,439633.6557 4475979.9094 0))",2679739,Verde,Línea,13
"MULTILINESTRING Z ((439215.739 4476079.3261 0,439271.4057 4476076.5761 0))",2679740,Verde,Línea,12
"MULTILINESTRING Z ((442136.489 4475726.3261 0,442167.5723 4475724.2427 0))",2679741,Azul,Línea,4
"MULTILINESTRING Z ((442077.5723 4475727.1594 0,442103.489 4475724.9927 0))",2679753,Verde,Línea,5
"MULTILINESTRING Z ((442038.989 4475730.1594 0,442044.4057 4475729.7427 0))",2679761,Verde,Línea,1
"MULTILINESTRING Z ((442104.1557 4475746.3261 0,442083.6557 4475747.5761 0))",2679778,Verde,Línea,4
"MULTILINESTRING Z ((441944.9057 4475754.4094 0,441935.1557 4475755.0761 0))",2679787,Azul,Línea,2
"MULTILINESTRING Z ((441809.0723 4475763.5761 0,441814.4057 4475763.1594 0))",2679789,Azul,Línea,1
"MULTILINESTRING Z ((441780.739 4475751.4094 0,441789.989 4475750.5761 0))",2679792,Azul,Línea,2
"MULTILINESTRING Z ((442681.8501 4477292.1316 0,442686.9612 4477297.3909 0))",2679793,Verde,Línea,1
"MULTILINESTRING Z ((441796.4179 4475747.4087 0,441813.5845 4475746.4087 0))",2679794,Azul,Línea,3
"MULTILINESTRING Z ((442941.5168 4479071.6316 0,442978.739 4479069.3538 0,443018.9057 4479066.6872 0))",2679795,Azul,Línea,16
"MULTILINESTRING Z ((441265.3223 4475418.6594 0,441271.9057 4475418.2427 0))",2679834,Verde,Línea,1
"MULTILINESTRING Z ((441149.0723 4475465.6594 0,441147.989 4475447.1594 0))",2679837,Verde,Línea,4
"MULTILINESTRING Z ((441159.6557 4475610.9094 0,441157.9057 4475587.7427 0))",2679838,Verde,Línea,4
"MULTILINESTRING Z ((441166.489 4475636.4094 0,441164.239 4475598.4927 0))",2679839,Verde,Línea,7
"MULTILINESTRING Z ((441156.989 4475574.6594 0,441155.239 4475549.7427 0))",2679840,Verde,Línea,5
"MULTILINESTRING Z ((441162.489 4475583.2427 0,441158.739 4475527.9927 0))",2679841,Verde,Línea,12
"MULTILINESTRING Z ((440147.0723 4476171.4094 0,440144.989 4476190.7427 0))",2679846,Verde,Línea,4
"MULTILINESTRING Z ((440153.5723 4476139.1594 0,440157.3223 4476108.7427 0))",2679847,Verde,Batería,12
"MULTILINESTRING Z ((440147.239 4476201.0761 0,440150.3223 4476169.0761 0))",2679848,Verde,Batería,12
"MULTILINESTRING Z ((443505.9057 4473726.8261 0,443506.0723 4473713.3261 0))",2679850,Verde,Batería,5
"MULTILINESTRING Z ((443501.1557 4473810.8261 0,443504.2807 4473728.8261 0))",2679851,Verde,Batería,33
"MULTILINESTRING Z ((443498.0307 4473843.8261 0,443500.4057 4473818.4511 0))",2679852,Verde,Batería,8
"MULTILINESTRING Z ((443491.9057 4473872.8261 0,443492.989 4473860.2427 0))",2679854,Verde,Línea,2
"MULTILINESTRING Z ((443488.6557 4473930.8261 0,443490.1557 4473913.8261 0))",2679857,Verde,Batería,6
"MULTILINESTRING Z ((443477.5307 4473933.3261 0,443477.5307 4473921.7011 0))",2679858,Verde,Línea,2
"MULTILINESTRING Z ((443481.1557 4473910.3261 0,443482.7807 4473886.5761 0,443479.5307 4473881.7011 0,443481.2807 4473862.4511 0))",2679859,Verde,Batería,12
"MULTILINESTRING Z ((443482.3372 4473853.5886 0,443484.5874 4473824.7118 0,443490.5877 4473815.7113 0,443494.9005 4473742.0192 0))",2679860,Verde,Batería,43
"MULTILINESTRING Z ((443497.6557 4473711.8261 0,443497.9057 4473702.9511 0))",2679862,Verde,Batería,2
"MULTILINESTRING Z ((443498.6557 4473689.3261 0,443499.7807 4473653.5761 0))",2679865,Verde,Batería,14
"MULTILINESTRING Z ((439924.846 4478731.4897 0,439927.381 4478722.8806 0))",2679901,Azul,Línea,2
"MULTILINESTRING Z ((443537.0117 4474142.4458 0,443542.52 4474142.6962 0,443553.2027 4474141.3609 0,443566.2222 4474140.109 0,443578.4072 4474139.8586 0,443592.3447 4474141.1105 0,443598.4372 4474141.5278 0))",2679924,Azul,Línea,11
"MULTILINESTRING Z ((443502.5434 4474084.0249 0,443505.4644 4474114.1534 0,443506.1321 4474117.909 0,443508.0516 4474123.0 0,443512.2246 4474130.1774 0,443515.0621 4474133.5992 0,443519.9862 4474137.3549 0,443527.0802 4474141.027 0,443532.0877 4474142.6128 0))",2679925,Azul,Línea,11
"MULTILINESTRING Z ((443501.1246 4474070.755 0,443501.9592 4474079.9354 0))",2679926,Azul,Línea,2
"MULTILINESTRING Z ((440910.0723 4475813.9927 0,440926.489 4475812.4094 0))",2679948,Verde,Línea,3
"MULTILINESTRING Z ((441089.5307 4476548.8261 0,441083.7807 4476468.2011 0))",2679950,Verde,Batería,29
"MULTILINESTRING Z ((440715.3223 4476467.7427 0,440725.989 4476467.4927 0))",2679954,Verde,Línea,2
"MULTILINESTRING Z ((440936.4057 4476431.0761 0,440932.0307 4476356.4511 0))",2679956,Azul,Línea,15
"MULTILINESTRING Z ((440688.9057 4476433.9094 0,440694.3223 4476416.7427 0))",2679957,Verde,Línea,4
"MULTILINESTRING Z ((442284.5908 4477143.4156 0,442277.4304 4477136.1563 0))",2679972,Azul,Línea,2
"MULTILINESTRING Z ((442283.7596 4477145.037 0,442287.1834 4477148.5596 0))",2679975,Azul,Línea,1
"MULTILINESTRING Z ((440569.9057 4476365.4927 0,440581.489 4476321.5761 0))",2679985,Verde,Batería,14
"MULTILINESTRING Z ((440286.489 4476514.3261 0,440341.239 4476507.1594 0))",2679986,Verde,Línea,12
"MULTILINESTRING Z ((439519.489 4473858.6594 0,439542.0723 4473898.6594 0))",2679987,Verde,Línea,10
"MULTILINESTRING Z ((440203.1557 4475520.1594 0,440199.739 4475500.7427 0))",2679988,Verde,Línea,4
"MULTILINESTRING Z ((439669.6557 4476407.5761 0,439668.8223 4476395.8261 0))",2680011,Verde,Línea,2
"MULTILINESTRING Z ((440491.989 4475693.9927 0,440493.8223 4475684.8261 0))",2680013,Verde,Línea,2
"MULTILINESTRING Z ((440802.9057 4475776.1594 0,440807.239 4475759.5761 0))",2680014,Verde,Línea,3
"MULTILINESTRING Z ((440670.6557 4475583.6594 0,440668.6557 4475592.9927 0))",2680024,Verde,Línea,2
"MULTILINESTRING Z ((440652.989 4475619.9094 0,440658.3223 4475593.4094 0))",2680025,Verde,Línea,6
"MULTILINESTRING Z ((440335.5723 4475961.6594 0,440416.5723 4475988.3261 0))",2680026,Verde,Batería,34
"MULTILINESTRING Z ((440624.739 4476172.4094 0,440631.9057 4476148.8261 0))",2680027,Verde,Línea,5
"MULTILINESTRING Z ((440743.9057 4475664.1594 0,440747.989 4475664.6594 0))",2680028,Verde,Línea,1
"MULTILINESTRING Z ((440281.4057 4475727.2427 0,440257.5168 4475733.1316 0))",2680029,Verde,Línea,5
"MULTILINESTRING Z ((440240.989 4475732.0761 0,440297.3223 4475718.1594 0))",2680030,Verde,Línea,12
"MULTILINESTRING Z ((440201.8501 4475747.5205 0,440228.5168 4475740.9094 0))",2680031,Verde,Línea,6
"MULTILINESTRING Z ((440538.739 4476555.0761 0,440536.1557 4476496.4927 0))",2680032,Verde,Línea,11
"MULTILINESTRING Z ((440357.5723 4476386.8261 0,440404.4057 4476383.4927 0))",2680033,Verde,Batería,16
"MULTILINESTRING Z ((440643.5723 4476368.6594 0,440660.6557 4476367.2427 0))",2680034,Verde,Batería,6
"MULTILINESTRING Z ((440505.3223 4476377.1594 0,440440.4057 4476381.0761 0))",2680035,Verde,Batería,24
"MULTILINESTRING Z ((440740.0723 4475652.4094 0,440742.1557 4475646.2427 0))",2680041,Verde,Línea,1
"MULTILINESTRING Z ((440678.1824 4476490.6117 0,440677.4057 4476478.767 0))",2680042,Verde,Línea,2
"MULTILINESTRING Z ((440709.3223 4476462.9094 0,440704.1557 4476462.9927 0))",2680043,Verde,Línea,1
"MULTILINESTRING Z ((440703.239 4476462.9927 0,440690.9057 4476463.4927 0))",2680044,Verde,Línea,2
"MULTILINESTRING Z ((439856.3223 4475589.3261 0,439852.5723 4475589.7427 0))",2680045,Verde,Línea,1
"MULTILINESTRING Z ((439856.989 4475589.2427 0,439868.739 4475587.9927 0))",2680046,Verde,Línea,2
"MULTILINESTRING Z ((441062.5908 4477082.6872 0,441062.8871 4477087.3168 0))",2680104,Verde,Línea,1
"MULTILINESTRING Z ((441246.2575 4481544.9094 0,441240.8871 4481528.0205 0))",2680165,Verde,Línea,3
"MULTILINESTRING Z ((439983.5179 4480483.5634 0,439979.6114 4480484.9382 0))",2680166,Verde,Línea,1
"MULTILINESTRING Z ((440658.1557 4474617.9927 0,440651.6557 4474598.1594 0))",2680229,Verde,Línea,5
"MULTILINESTRING Z ((442908.9057 4474166.7427 0,442949.4057 4474174.0761 0))",2680233,Verde,Línea,8
"MULTILINESTRING Z ((442950.239 4474174.1594 0,442960.8223 4474176.1594 0))",2680234,Verde,Línea,2
"MULTILINESTRING Z ((442965.989 4474176.9094 0,442975.8223 4474178.6594 0))",2680236,Verde,Línea,2
"MULTILINESTRING Z ((442885.8223 4474212.1594 0,442884.8223 4474200.7427 0))",2680238,Verde,Línea,2
"MULTILINESTRING Z ((442884.739 4474199.9927 0,442883.5723 4474184.5761 0))",2680239,Verde,Línea,3
"MULTILINESTRING Z ((439438.0723 4476585.9927 0,439463.0723 4476584.4927 0))",2680245,Verde,Línea,4
"MULTILINESTRING Z ((438086.1557 4473603.7427 0,438097.9057 4473593.8261 0))",2680255,Verde,Línea,3
"MULTILINESTRING Z ((438150.3223 4474026.6594 0,438141.489 4474022.4927 0))",2680261,Verde,Línea,2
"MULTILINESTRING Z ((438166.6619 4473961.2538 0,438150.1329 4473976.3364 0))",2680262,Verde,Línea,5
"MULTILINESTRING Z ((439850.489 4474678.7427 0,439861.0723 4474672.7427 0,439883.489 4474670.2427 0))",2680270,Verde,Línea,5
"MULTILINESTRING Z ((442888.739 4476622.3261 0,442892.9057 4476624.5761 0))",2680271,Verde,Batería,2
"MULTILINESTRING Z ((438373.9057 4474134.2427 0,438414.4057 4474153.4927 0))",2680272,Verde,Línea,9
"MULTILINESTRING Z ((438324.989 4473883.8261 0,438368.989 4473890.3261 0))",2680276,Verde,Línea,8
"MULTILINESTRING Z ((438384.989 4473892.8261 0,438388.989 4473893.5761 0))",2680277,Verde,Línea,1
"MULTILINESTRING Z ((443187.739 4477847.8261 0,443181.9057 4477843.9094 0))",2680279,Azul,Línea,1
"MULTILINESTRING Z ((438497.5723 4474118.0761 0,438496.6557 4474087.5761 0))",2680281,Verde,Batería,12
"MULTILINESTRING Z ((438452.8223 4474031.7427 0,438461.6557 4474032.9927 0))",2680282,Verde,Batería,3
"MULTILINESTRING Z ((438491.3223 4473993.3261 0,438490.9057 4473982.9927 0))",2680283,Verde,Línea,2
"MULTILINESTRING Z ((438500.5723 4473886.9927 0,438503.6557 4473873.2427 0))",2680285,Verde,Línea,3
"MULTILINESTRING Z ((438557.0723 4474030.9094 0,438556.4057 4474020.6594 0))",2680286,Azul,Línea,2
"MULTILINESTRING Z ((440530.989 4472283.8261 0,440585.5723 4472277.5761 0))",2680287,Verde,Línea,11
"MULTILINESTRING Z ((437146.2807 4473391.8261 0,437159.1557 4473387.5761 0))",2680294,Verde,Línea,2
"MULTILINESTRING Z ((437165.2807 4473385.3261 0,437225.5307 4473365.3261 0))",2680295,Verde,Línea,14
"MULTILINESTRING Z ((437233.5307 4473362.3261 0,437261.5307 4473352.9511 0))",2680296,Verde,Línea,6
"MULTILINESTRING Z ((442787.989 4474694.4927 0,442787.4057 4474689.1594 0))",2680306,Verde,Línea,1
"MULTILINESTRING Z ((438498.6867 4473902.3695 0,438498.1357 4473908.6367 0))",2680307,Verde,Línea,1
"MULTILINESTRING Z ((437852.7807 4473885.4511 0,437870.1557 4473894.0761 0))",2680308,Verde,Línea,4
"MULTILINESTRING Z ((437732.8501 4473715.7427 0,437747.2946 4473722.6872 0))",2680310,Verde,Línea,3
"MULTILINESTRING Z ((437718.2946 4473708.8538 0,437732.0723 4473715.3538 0))",2680311,Verde,Línea,3
"MULTILINESTRING Z ((437801.3501 4473748.3538 0,437814.9057 4473754.7983 0))",2680312,Azul,Línea,3
"MULTILINESTRING Z ((437815.8223 4473755.1594 0,437820.9057 4473757.7427 0))",2680313,Verde,Línea,1
"MULTILINESTRING Z ((437757.989 4473674.4094 0,437783.1557 4473686.5761 0))",2680314,Verde,Línea,5
"MULTILINESTRING Z ((437746.6557 4473668.9927 0,437754.739 4473672.9927 0))",2680315,Verde,Línea,2
"MULTILINESTRING Z ((437610.239 4473592.4094 0,437648.3223 4473610.5761 0))",2680316,Verde,Línea,9
"MULTILINESTRING Z ((437682.239 4473609.0761 0,437666.3223 4473601.7427 0))",2680317,Verde,Línea,4
"MULTILINESTRING Z ((437713.739 4473626.0761 0,437664.9057 4473604.3261 0))",2680318,Verde,Línea,11
"MULTILINESTRING Z ((437857.489 4473677.9927 0,437870.0723 4473684.1594 0))",2680319,Verde,Línea,3
"MULTILINESTRING Z ((437855.6557 4473602.4094 0,437860.239 4473593.6594 0))",2680322,Verde,Línea,2
"MULTILINESTRING Z ((437985.5307 4473908.5761 0,438010.0307 4473857.2011 0))",2680325,Verde,Línea,11
"MULTILINESTRING Z ((437992.239 4473839.0761 0,437929.5723 4473809.2427 0))",2680326,Verde,Línea,15
"MULTILINESTRING Z ((438020.9057 4473853.2427 0,438069.1557 4473876.1594 0))",2680328,Verde,Línea,10
"MULTILINESTRING Z ((438021.739 4473785.3261 0,438022.8223 4473790.1594 0))",2680336,Verde,Línea,1
"MULTILINESTRING Z ((438019.5723 4473776.9094 0,438017.5723 4473768.4094 0))",2680338,Verde,Línea,2
"MULTILINESTRING Z ((437915.239 4473620.4094 0,437925.989 4473625.4094 0))",2680348,Verde,Línea,2
"MULTILINESTRING Z ((437885.489 4473605.5761 0,437866.989 4473596.4927 0))",2680349,Verde,Línea,4
"MULTILINESTRING Z ((440778.3314 4479343.4596 0,440783.2904 4479361.395 0))",2680353,Azul,Línea,4
"MULTILINESTRING Z ((440871.9755 4477457.6013 0,440873.6285 4477477.0244 0))",2680355,Verde,Línea,4
"MULTILINESTRING Z ((440307.6313 4477418.0939 0,440307.714 4477424.954 0))",2680356,Verde,Línea,2
"MULTILINESTRING Z ((437975.239 4473648.6594 0,437985.239 4473653.4094 0))",2680359,Verde,Línea,2
"MULTILINESTRING Z ((437976.5723 4473645.8261 0,438000.4057 4473657.0761 0))",2680360,Verde,Línea,6
"MULTILINESTRING Z ((438012.239 4473662.4927 0,438017.6557 4473664.9094 0))",2680361,Verde,Línea,1
"MULTILINESTRING Z ((437608.0307 4473596.5761 0,437640.9057 4473611.3261 0))",2680377,Verde,Línea,7
"MULTILINESTRING Z ((438158.9057 4473856.1594 0,438188.8223 4473860.6594 0))",2680388,Verde,Línea,6
"MULTILINESTRING Z ((438193.3223 4473861.4094 0,438208.1557 4473863.5761 0))",2680390,Verde,Línea,3
"MULTILINESTRING Z ((438112.8223 4473839.5761 0,438109.1557 4473837.9094 0))",2680396,Verde,Línea,1
"MULTILINESTRING Z ((438091.3223 4473784.0761 0,438152.0723 4473812.7427 0))",2680397,Verde,Línea,13
"MULTILINESTRING Z ((438027.489 4473754.7427 0,438043.4057 4473761.9094 0))",2680398,Verde,Línea,3
"MULTILINESTRING Z ((438161.8223 4473811.0761 0,438165.989 4473781.0761 0))",2680401,Verde,Línea,6
"MULTILINESTRING Z ((438103.0723 4473592.4094 0,438131.489 4473593.8261 0))",2680402,Verde,Línea,6
"MULTILINESTRING Z ((438307.5723 4473870.7427 0,438309.1557 4473859.9927 0))",2680411,Azul,Línea,2
"MULTILINESTRING Z ((438224.4057 4473825.6594 0,438254.8223 4473830.0761 0))",2680412,Verde,Línea,6
"MULTILINESTRING Z ((438223.897 4473781.8625 0,438228.9466 4473748.8672 0))",2680413,Verde,Línea,7
"MULTILINESTRING Z ((438175.9057 4473734.9094 0,438223.1557 4473742.3261 0))",2680414,Verde,Línea,10
"MULTILINESTRING Z ((438411.1557 4473759.7427 0,438415.9057 4473731.9094 0))",2680415,Verde,Línea,6
"MULTILINESTRING Z ((438144.8223 4473635.8261 0,438152.489 4473621.1594 0))",2680418,Verde,Línea,3
"MULTILINESTRING Z ((438185.1557 4473652.5761 0,438189.489 4473620.6594 0))",2680422,Verde,Línea,7
"MULTILINESTRING Z ((438323.8223 4473614.3261 0,438310.989 4473622.3261 0,438302.739 4473625.6594 0,438301.989 4473631.0761 0))",2680423,Verde,Batería,10
"MULTILINESTRING Z ((438387.5296 4473689.6284 0,438393.2459 4473652.6449 0))",2680424,Verde,Línea,8
"MULTILINESTRING Z ((438364.6557 4473709.8261 0,438380.8223 4473712.2427 0))",2680425,Verde,Línea,3
"MULTILINESTRING Z ((438505.2982 4473867.3488 0,438515.009 4473825.8199 0))",2680426,Verde,Línea,9
"MULTILINESTRING Z ((438488.3223 4473823.4094 0,438444.6557 4473816.8261 0))",2680428,Verde,Línea,9
"MULTILINESTRING Z ((438439.489 4473816.2427 0,438420.9057 4473813.3261 0))",2680429,Verde,Línea,4
"MULTILINESTRING Z ((438415.489 4473812.4094 0,438409.989 4473811.6594 0))",2680431,Verde,Línea,1
"MULTILINESTRING Z ((438552.5307 4473881.9511 0,438554.5307 4473866.7011 0,438559.5307 4473843.2011 0,438565.7807 4473821.0761 0,438575.9057 4473796.0761 0))",2680432,Verde,Línea,18
"MULTILINESTRING Z ((438472.739 4473730.7427 0,438509.3223 4473736.5761 0))",2680433,Verde,Línea,7
"MULTILINESTRING Z ((438538.1969 4473666.6949 0,438542.5967 4473683.1949 0))",2680435,Verde,Batería,6
"MULTILINESTRING Z ((438501.1557 4473538.9094 0,438495.4057 4473516.9927 0))",2680439,Verde,Batería,9
"MULTILINESTRING Z ((437087.489 4473291.4094 0,437170.739 4473263.0761 0))",2680440,Verde,Línea,17
"MULTILINESTRING Z ((437611.5723 4473539.0761 0,437614.1557 4473529.0761 0))",2680449,Verde,Línea,2
"MULTILINESTRING Z ((437623.0723 4473331.9094 0,437635.8223 4473335.9094 0))",2680456,Verde,Batería,5
"MULTILINESTRING Z ((437542.5723 4473289.4927 0,437555.989 4473263.6594 0))",2680457,Verde,Línea,6
"MULTILINESTRING Z ((437557.989 4473259.7427 0,437562.4057 4473250.6594 0))",2680458,Verde,Línea,2
"MULTILINESTRING Z ((437433.6557 4473328.4094 0,437444.1557 4473305.4094 0))",2680460,Verde,Línea,5
"MULTILINESTRING Z ((437447.0723 4473299.4927 0,437451.6557 4473289.1594 0))",2680461,Verde,Línea,2
"MULTILINESTRING Z ((437478.8223 4473317.7427 0,437482.989 4473308.9094 0))",2680463,Verde,Línea,2
"MULTILINESTRING Z ((437480.989 4473322.4094 0,437485.9057 4473312.0761 0))",2680464,Verde,Línea,2
"MULTILINESTRING Z ((437450.239 4473378.7427 0,437453.0723 4473372.5761 0))",2680465,Verde,Línea,1
"MULTILINESTRING Z ((437502.0723 4473363.9094 0,437508.4057 4473350.3261 0))",2680466,Verde,Línea,3
"MULTILINESTRING Z ((443703.0723 4474920.9094 0,443701.4057 4474899.4927 0))",2680500,Verde,Línea,4
"MULTILINESTRING Z ((442841.7807 4474053.5761 0,442859.5307 4474052.7011 0))",2680501,Verde,Línea,4
"MULTILINESTRING Z ((442777.7807 4474042.8261 0,442824.9057 4474041.3261 0))",2680502,Verde,Línea,10
"MULTILINESTRING Z ((439886.0312 4479006.3209 0,439887.3316 4478997.0946 0))",2680503,Verde,Línea,2
"MULTILINESTRING Z ((441060.239 4475518.9927 0,441070.239 4475518.3261 0))",2680504,Verde,Línea,2
"MULTILINESTRING Z ((437195.239 4473341.9927 0,437226.489 4473331.4927 0))",2680511,Verde,Batería,11
"MULTILINESTRING Z ((437175.3223 4473349.1594 0,437191.9057 4473343.2427 0))",2680512,Verde,Batería,6
"MULTILINESTRING Z ((437138.989 4473361.4094 0,437172.8223 4473350.0761 0))",2680513,Verde,Batería,14
"MULTILINESTRING Z ((437135.8223 4473404.2427 0,437140.1557 4473407.5761 0,437170.0723 4473422.9094 0))",2680518,Verde,Batería,14
"MULTILINESTRING Z ((437196.9057 4473435.4094 0,437186.5723 4473429.6594 0))",2680519,Verde,Batería,4
"MULTILINESTRING Z ((437344.5723 4473431.4927 0,437315.989 4473441.1594 0))",2680520,Verde,Línea,5
"MULTILINESTRING Z ((437345.5723 4473431.1594 0,437357.4057 4473427.3261 0))",2680521,Verde,Línea,2
"MULTILINESTRING Z ((437823.5723 4473512.9094 0,437848.9057 4473523.4927 0))",2680531,Verde,Batería,9
"MULTILINESTRING Z ((437823.6557 4473509.3261 0,437887.1557 4473534.7427 0))",2680532,Verde,Línea,14
"MULTILINESTRING Z ((437805.9057 4473502.1594 0,437807.489 4473512.9094 0))",2680538,Verde,Batería,3
"MULTILINESTRING Z ((437764.489 4473579.3261 0,437773.739 4473583.3261 0))",2680539,Verde,Línea,2
"MULTILINESTRING Z ((437778.3223 4473585.4927 0,437787.489 4473589.9927 0,437791.8223 4473591.5761 0,437805.9057 4473593.1594 0))",2680540,Verde,Línea,6
"MULTILINESTRING Z ((437649.3223 4473565.9927 0,437667.8223 4473574.4094 0))",2680543,Azul,Línea,4
"MULTILINESTRING Z ((437748.8223 4473436.3261 0,437755.489 4473441.3261 0))",2680548,Verde,Batería,3
"MULTILINESTRING Z ((437683.489 4473359.6594 0,437669.489 4473355.0761 0))",2680549,Verde,Línea,3
"MULTILINESTRING Z ((437638.8223 4473314.6594 0,437637.0723 4473309.8261 0))",2680551,Verde,Línea,1
"MULTILINESTRING Z ((437689.8223 4473252.4927 0,437664.739 4473244.6594 0))",2680552,Verde,Línea,5
"MULTILINESTRING Z ((437653.3223 4473241.3261 0,437659.6557 4473243.3261 0))",2680553,Verde,Línea,1
"MULTILINESTRING Z ((437834.989 4473407.4927 0,437831.739 4473374.9927 0))",2680554,Verde,Línea,6
"MULTILINESTRING Z ((442317.0847 4477179.4403 0,442323.9489 4477186.4032 0))",2680706,Verde,Línea,2
"MULTILINESTRING Z ((441007.0723 4471974.9927 0,441045.0723 4471971.4094 0))",2680709,Verde,Línea,8
"MULTILINESTRING Z ((440998.6557 4471976.0761 0,440983.489 4471977.4927 0))",2680711,Verde,Línea,3
"MULTILINESTRING Z ((437670.5723 4473583.6594 0,437668.4057 4473588.4927 0))",2680717,Verde,Línea,1
"MULTILINESTRING Z ((441063.989 4472911.9094 0,441041.1557 4472914.2427 0))",2680720,Verde,Batería,9
"MULTILINESTRING Z ((442485.4179 4476013.6587 0,442486.2512 4476028.5754 0))",2680728,Verde,Batería,5
"MULTILINESTRING Z ((444656.5908 4476876.6748 0,444653.0847 4476881.6872 0))",2680731,Verde,Línea,1
"MULTILINESTRING Z ((442487.4057 4475885.7427 0,442491.239 4475937.1594 0))",2680732,Verde,Línea,10
"MULTILINESTRING Z ((442480.4057 4475785.7983 0,442482.3501 4475813.5761 0))",2680735,Verde,Batería,10
"MULTILINESTRING Z ((442482.4612 4475772.465 0,442483.2946 4475784.9094 0))",2680736,Verde,Batería,4
"MULTILINESTRING Z ((442479.5307 4475772.2011 0,442479.0307 4475763.9511 0))",2680737,Verde,Batería,3
"MULTILINESTRING Z ((442476.3223 4475728.8261 0,442477.989 4475755.3261 0))",2680739,Verde,Batería,11
"MULTILINESTRING Z ((442461.3864 4475643.856 0,442464.4697 4475689.356 0))",2680740,Verde,Batería,17
"MULTILINESTRING Z ((442460.6364 4475634.6894 0,442458.9697 4475609.0227 0))",2680741,Verde,Batería,10
"MULTILINESTRING Z ((444641.6773 4476884.8477 0,444646.7884 4476879.5637 0))",2680742,Verde,Batería,3
"MULTILINESTRING Z ((443514.7636 4476651.5107 0,443488.0591 4476643.4852 0))",2680747,Verde,Línea,6
"MULTILINESTRING Z ((443470.1613 4476195.1897 0,443454.5363 4476219.3374 0))",2680749,Verde,Batería,10
"MULTILINESTRING Z ((443405.4657 4475893.8672 0,443403.3351 4475907.3966 0))",2680767,Verde,Línea,2
"MULTILINESTRING Z ((443409.721 4475864.3658 0,443408.3716 4475872.4624 0))",2680770,Verde,Línea,2
"MULTILINESTRING Z ((443300.489 4475871.4927 0,443306.489 4475872.3261 0))",2680773,Verde,Batería,2
"MULTILINESTRING Z ((443143.8223 4475806.4094 0,443185.5723 4475812.3261 0))",2680778,Verde,Línea,8
"MULTILINESTRING Z ((441514.3223 4471689.3261 0,441518.989 4471678.2427 0))",2680807,Verde,Línea,2
"MULTILINESTRING Z ((443066.5723 4476389.8261 0,443042.8223 4476413.4927 0))",2680810,Verde,Línea,6
"MULTILINESTRING Z ((439905.989 4476381.8261 0,439904.739 4476364.4927 0))",2680811,Verde,Batería,6
"MULTILINESTRING Z ((443131.0723 4475871.2427 0,443131.489 4475880.8261 0))",2680812,Azul,Línea,2
"MULTILINESTRING Z ((437984.1557 4473485.4094 0,438058.9057 4473489.9094 0))",2680818,Verde,Línea,17
"MULTILINESTRING Z ((442904.9057 4476282.0761 0,442934.9057 4476313.9511 0))",2680824,Verde,Línea,8
"MULTILINESTRING Z ((438059.0723 4473545.3261 0,438061.3223 4473502.5761 0))",2680825,Verde,Línea,9
"MULTILINESTRING Z ((442934.1557 4476234.5761 0,442903.1557 4476264.5761 0))",2680826,Verde,Batería,17
"MULTILINESTRING Z ((442961.7807 4476208.3261 0,442947.7807 4476221.5761 0))",2680827,Verde,Batería,6
"MULTILINESTRING Z ((437999.1557 4473425.7427 0,437984.1557 4473426.5761 0))",2680832,Verde,Batería,5
"MULTILINESTRING Z ((437960.489 4473427.9927 0,437978.1557 4473426.9927 0))",2680833,Verde,Batería,6
"MULTILINESTRING Z ((437952.489 4473431.4094 0,437969.4057 4473431.4094 0,437979.3223 4473431.1594 0,437998.1557 4473429.8261 0))",2680834,Verde,Línea,10
"MULTILINESTRING Z ((437946.1557 4473427.4927 0,437942.489 4473427.2427 0))",2680835,Verde,Batería,1
"MULTILINESTRING Z ((437858.8223 4473419.8261 0,437872.489 4473422.5761 0))",2680836,Verde,Línea,3
"MULTILINESTRING Z ((437880.239 4473424.0761 0,437885.1557 4473425.0761 0))",2680837,Verde,Línea,1
"MULTILINESTRING Z ((437995.739 4473359.9094 0,437997.4057 4473376.4094 0))",2680841,Verde,Línea,3
"MULTILINESTRING Z ((442719.7807 4476519.8261 0,442710.7807 4476514.3261 0))",2680843,Verde,Línea,2
"MULTILINESTRING Z ((437969.739 4473351.5761 0,437989.739 4473349.4094 0))",2680844,Verde,Línea,4
"MULTILINESTRING Z ((437957.5723 4473352.5761 0,437963.4057 4473352.0205 0))",2680846,Verde,Línea,1
"MULTILINESTRING Z ((442990.4612 4476584.4094 0,442999.1834 4476577.4094 0,442999.5723 4476577.0205 0))",2680847,Verde,Línea,2
"MULTILINESTRING Z ((438042.9057 4473335.3261 0,438040.6557 4473312.4094 0))",2680848,Verde,Línea,5
"MULTILINESTRING Z ((442978.239 4476696.7427 0,442979.1557 4476692.0761 0))",2680850,Verde,Línea,1
"MULTILINESTRING Z ((442980.1557 4476687.5761 0,442981.1557 4476683.7427 0,442982.489 4476679.9094 0,442991.3223 4476656.1594 0,442993.1557 4476654.4927 0,442995.4057 4476652.7427 0,443005.4057 4476646.8261 0,443015.239 4476641.3261 0))",2680852,Verde,Línea,13
"MULTILINESTRING Z ((437119.3223 4473048.9094 0,437129.0723 4473048.3261 0))",2680858,Verde,Línea,2
"MULTILINESTRING Z ((442667.6557 4476598.6594 0,442675.5723 4476604.7427 0))",2680861,Azul,Línea,3
"MULTILINESTRING Z ((443206.8223 4476471.9927 0,443207.739 4476468.4094 0))",2680862,Verde,Línea,1
"MULTILINESTRING Z ((443209.3223 4476492.8261 0,443208.5723 4476497.2427 0))",2680867,Verde,Línea,1
"MULTILINESTRING Z ((443233.989 4476568.2427 0,443228.989 4476566.6594 0))",2680868,Verde,Línea,1
"MULTILINESTRING Z ((443315.0723 4476390.6594 0,443307.8223 4476411.8261 0))",2680872,Verde,Línea,5
"MULTILINESTRING Z ((443398.6557 4476323.2427 0,443400.489 4476355.3261 0))",2680873,Verde,Línea,6
"MULTILINESTRING Z ((443344.9057 4476387.0761 0,443352.239 4476389.5761 0))",2680877,Verde,Línea,1
"MULTILINESTRING Z ((443357.8223 4476391.5761 0,443383.739 4476400.9094 0))",2680878,Verde,Línea,6
"MULTILINESTRING Z ((439320.4057 4475480.1594 0,439348.3223 4475433.9094 0))",2680881,Verde,Línea,11
"MULTILINESTRING Z ((443396.5108 4476418.6982 0,443394.3801 4476431.1272 0,443393.2437 4476436.9511 0,443392.0363 4476441.8516 0,443391.6102 4476443.9113 0))",2680882,Verde,Línea,6
"MULTILINESTRING Z ((443355.7161 4476447.6118 0,443375.4242 4476454.2166 0))",2680883,Verde,Línea,4
"MULTILINESTRING Z ((443379.5789 4476486.3888 0,443372.5479 4476517.6022 0))",2680886,Azul,Batería,11
"MULTILINESTRING Z ((443370.9499 4476523.7809 0,443365.5169 4476548.1764 0))",2680890,Azul,Batería,9
"MULTILINESTRING Z ((443402.1633 4476474.99 0,443393.9605 4476510.3581 0))",2680898,Verde,Batería,13
"MULTILINESTRING Z ((443412.2837 4476417.7833 0,443413.9882 4476404.0409 0,443414.6274 4476397.3295 0,443415.16 4476382.0956 0,443415.7992 4476371.4426 0,443416.0122 4476361.9614 0,443416.1188 4476347.7929 0,443416.1188 4476327.4456 0,443415.9057 4476316.0468 0))",2680900,Verde,Línea,19
"MULTILINESTRING Z ((443580.6017 4475821.4681 0,443569.096 4475819.9056 0))",2680903,Verde,Línea,2
"MULTILINESTRING Z ((443653.6131 4475842.5619 0,443653.0449 4475848.1727 0,443651.9085 4475853.2863 0,443650.275 4475859.1102 0,443648.0733 4475864.5079 0))",2680905,Verde,Línea,4
"MULTILINESTRING Z ((444722.1834 4474672.5761 0,444724.4057 4474683.2427 0))",2680922,Verde,Línea,2
"MULTILINESTRING Z ((437289.0723 4473222.0761 0,437330.239 4473208.0761 0))",2680924,Verde,Línea,8
"MULTILINESTRING Z ((443918.6699 4476081.2693 0,443921.4398 4476096.6812 0))",2680926,Azul,Batería,7
"MULTILINESTRING Z ((443926.0562 4476124.7352 0,443933.3006 4476164.0107 0,443934.8631 4476173.0306 0))",2680933,Azul,Batería,22
"MULTILINESTRING Z ((439924.989 4476293.7427 0,439958.8223 4476291.6594 0))",2680934,Azul,Línea,7
"MULTILINESTRING Z ((443556.0988 4476099.6641 0,443519.3091 4476135.2465 0))",2680935,Verde,Batería,18
"MULTILINESTRING Z ((443943.1242 4476730.7693 0,443943.0177 4476753.1407 0))",2680936,Verde,Línea,4
"MULTILINESTRING Z ((437201.5774 4473193.8828 0,437244.268 4473179.2053 0))",2680939,Verde,Línea,8
"MULTILINESTRING Z ((437256.6279 4473096.1316 0,437303.239 4473092.6316 0))",2680946,Verde,Línea,10
"MULTILINESTRING Z ((437386.5723 4473082.8261 0,437356.5723 4473085.1594 0))",2680947,Verde,Línea,6
"MULTILINESTRING Z ((443917.9596 4476842.0647 0,443917.7466 4476833.1158 0))",2680950,Verde,Batería,4
"MULTILINESTRING Z ((437334.6557 4473038.7427 0,437345.989 4473038.1594 0))",2680952,Verde,Línea,2
"MULTILINESTRING Z ((437355.239 4473037.6594 0,437362.8223 4473037.3261 0))",2680953,Verde,Línea,1
"MULTILINESTRING Z ((443917.8886 4476826.0136 0,443917.8176 4476831.3403 0))",2680954,Verde,Batería,2
"MULTILINESTRING Z ((437428.239 4473175.1594 0,437457.239 4473165.4094 0))",2680970,Verde,Línea,6
"MULTILINESTRING Z ((437485.5723 4473157.1594 0,437499.989 4473125.3261 0,437499.6557 4473121.9927 0,437497.5723 4473117.8261 0,437495.0723 4473115.1594 0))",2680972,Verde,Batería,15
"MULTILINESTRING Z ((443896.9369 4476885.5306 0,443904.8915 4476885.5306 0))",2680973,Verde,Línea,1
"MULTILINESTRING Z ((443524.4227 4476707.9738 0,443546.1557 4476715.9994 0))",2680991,Verde,Línea,5
"MULTILINESTRING Z ((443533.8687 4476703.9255 0,443544.7352 4476707.9028 0))",2680992,Verde,Línea,2
"MULTILINESTRING Z ((443516.8943 4476679.3516 0,443514.2665 4476688.5846 0))",2680993,Verde,Línea,2
"MULTILINESTRING Z ((443522.3631 4476661.0278 0,443518.4568 4476674.309 0))",2680995,Verde,Línea,3
"MULTILINESTRING Z ((443753.329 4476692.0647 0,443715.971 4476711.5249 0,443701.3403 4476719.3374 0,443684.9341 4476727.7891 0,443680.5307 4476730.2039 0))",2680996,Verde,Línea,17
"MULTILINESTRING Z ((440736.739 4471812.0761 0,440733.5723 4471783.4094 0))",2680999,Verde,Línea,6
"MULTILINESTRING Z ((441548.6557 4471585.9094 0,441568.8223 4471537.7427 0))",2681010,Verde,Línea,11
"MULTILINESTRING Z ((443704.8223 4476728.5761 0,443757.0723 4476701.7427 0))",2681012,Verde,Línea,12
"MULTILINESTRING Z ((441127.989 4471305.0761 0,441172.8223 4471272.0761 0))",2681013,Azul,Línea,11
"MULTILINESTRING Z ((441193.489 4471256.5761 0,441203.4057 4471249.5761 0))",2681014,Azul,Línea,2
"MULTILINESTRING Z ((441179.989 4471479.0761 0,441199.9057 4471487.7427 0))",2681016,Verde,Línea,4
"MULTILINESTRING Z ((441728.9057 4472429.9094 0,441705.1557 4472431.8261 0))",2681017,Verde,Línea,5
"MULTILINESTRING Z ((441192.3223 4471953.3261 0,441165.9057 4471955.9094 0))",2681018,Verde,Batería,9
"MULTILINESTRING Z ((443773.5723 4476666.4927 0,443777.5723 4476674.6594 0))",2681019,Azul,Línea,2
"MULTILINESTRING Z ((443800.1557 4476637.8261 0,443807.8223 4476653.6594 0))",2681025,Verde,Línea,4
"MULTILINESTRING Z ((443819.5723 4476656.7427 0,443845.0723 4476643.6594 0))",2681028,Verde,Línea,6
"MULTILINESTRING Z ((442491.5723 4474353.8261 0,442487.6557 4474306.9094 0))",2681029,Verde,Batería,15
"MULTILINESTRING Z ((443779.6557 4476776.2011 0,443779.7807 4476786.2011 0))",2681032,Azul,Línea,2
"MULTILINESTRING Z ((442362.239 4474639.7427 0,442376.5723 4474585.9927 0))",2681033,Verde,Línea,11
"MULTILINESTRING Z ((442400.3223 4474497.7427 0,442409.4057 4474463.4094 0))",2681034,Verde,Línea,8
"MULTILINESTRING Z ((443792.239 4476770.8261 0,443823.0723 4476770.4094 0))",2681035,Verde,Línea,6
"MULTILINESTRING Z ((442754.739 4473651.1594 0,442751.489 4473645.4927 0))",2681045,Verde,Batería,2
"MULTILINESTRING Z ((442050.4057 4475293.9927 0,442076.989 4475292.2427 0))",2681050,Verde,Línea,5
"MULTILINESTRING Z ((443766.9057 4476897.5761 0,443767.0723 4476915.2427 0))",2681051,Verde,Batería,7
"MULTILINESTRING Z ((442853.989 4475395.4094 0,442903.739 4475391.8261 0))",2681054,Verde,Batería,15
"MULTILINESTRING Z ((442758.0723 4475552.8261 0,442833.6557 4475547.2427 0))",2681055,Verde,Batería,27
"MULTILINESTRING Z ((443765.1557 4476838.4511 0,443764.7807 4476808.0761 0))",2681056,Verde,Batería,13
"MULTILINESTRING Z ((443086.989 4475081.9094 0,443082.5723 4475020.2427 0))",2681058,Verde,Línea,12
"MULTILINESTRING Z ((443764.7807 4476780.5761 0,443764.9057 4476805.5761 0))",2681059,Verde,Batería,14
"MULTILINESTRING Z ((442573.6557 4475426.5761 0,442580.7807 4475527.3261 0))",2681060,Verde,Batería,33
"MULTILINESTRING Z ((443779.9057 4476793.4511 0,443780.0307 4476812.5761 0))",2681072,Azul,Línea,4
"MULTILINESTRING Z ((443780.5723 4476859.9094 0,443780.239 4476816.1594 0))",2681074,Azul,Línea,9
"MULTILINESTRING Z ((443217.5723 4475210.6594 0,443238.9057 4475209.1594 0))",2681075,Verde,Batería,8
"MULTILINESTRING Z ((443780.6557 4476874.9927 0,443780.9057 4476889.0761 0))",2681078,Azul,Línea,3
"MULTILINESTRING Z ((443830.8223 4476867.4094 0,443830.989 4476887.4927 0))",2681080,Verde,Línea,4
"MULTILINESTRING Z ((443441.8223 4475193.4094 0,443480.1557 4475190.5761 0))",2681084,Verde,Línea,8
"MULTILINESTRING Z ((443316.989 4475205.2427 0,443354.989 4475202.8261 0))",2681087,Verde,Línea,7
"MULTILINESTRING Z ((443634.7807 4476952.0761 0,443621.2807 4476977.0761 0))",2681091,Verde,Línea,6
"MULTILINESTRING Z ((437448.5723 4472963.9927 0,437509.8223 4472965.6594 0))",2681092,Verde,Línea,12
"MULTILINESTRING Z ((437511.489 4472969.5761 0,437533.9057 4472970.2427 0))",2681093,Verde,Línea,4
"MULTILINESTRING Z ((443682.2807 4476354.4511 0,443682.2807 4476338.9511 0))",2681097,Verde,Línea,3
"MULTILINESTRING Z ((443802.2807 4476600.7011 0,443788.5307 4476572.7011 0))",2681119,Verde,Batería,12
"MULTILINESTRING Z ((443684.5723 4476498.0761 0,443690.5723 4476509.2427 0))",2681162,Azul,Línea,3
"MULTILINESTRING Z ((443693.6557 4476516.0761 0,443714.1557 4476554.0761 0))",2681163,Azul,Línea,9
"MULTILINESTRING Z ((443720.1557 4476566.0761 0,443725.4057 4476576.3261 0))",2681168,Azul,Línea,2
"MULTILINESTRING Z ((443648.239 4476476.9927 0,443643.5723 4476479.3261 0))",2681171,Verde,Batería,3
"MULTILINESTRING Z ((437430.4057 4473055.3261 0,437529.7807 4473057.5761 0))",2681173,Verde,Línea,19
"MULTILINESTRING Z ((437451.4057 4473111.0761 0,437456.6557 4473109.5761 0))",2681176,Verde,Línea,1
"MULTILINESTRING Z ((437464.6557 4473109.7011 0,437470.0307 4473110.5761 0,437474.6557 4473112.4511 0,437488.1557 4473120.2011 0))",2681180,Verde,Línea,5
"MULTILINESTRING Z ((437526.0307 4473129.8261 0,437544.1557 4473091.3261 0))",2681182,Verde,Línea,8
"MULTILINESTRING Z ((437581.5307 4473212.9511 0,437588.7807 4473198.7011 0))",2681183,Verde,Línea,3
"MULTILINESTRING Z ((437618.489 4473230.2427 0,437619.5723 4473231.2427 0,437633.9057 4473236.0761 0))",2681188,Verde,Línea,3
"MULTILINESTRING Z ((437709.5307 4473194.0761 0,437727.4057 4473195.2011 0,437744.5307 4473197.8261 0,437745.6557 4473199.3261 0,437755.2807 4473220.9511 0))",2681190,Verde,Línea,12
"MULTILINESTRING Z ((437647.7807 4473192.0761 0,437696.5307 4473193.2011 0))",2681191,Verde,Línea,10
"MULTILINESTRING Z ((437640.9057 4473197.3261 0,437640.9057 4473206.8261 0))",2681193,Verde,Línea,2
"MULTILINESTRING Z ((437713.8223 4473156.6594 0,437750.5723 4473159.0761 0))",2681195,Verde,Línea,7
"MULTILINESTRING Z ((437646.4057 4473099.4094 0,437668.239 4473098.7427 0))",2681196,Verde,Línea,4
"MULTILINESTRING Z ((437713.739 4473098.7427 0,437716.9057 4473098.8261 0,437733.239 4473104.6594 0))",2681197,Verde,Línea,4
"MULTILINESTRING Z ((437737.8223 4473106.2427 0,437751.9057 4473111.4927 0))",2681198,Verde,Línea,3
"MULTILINESTRING Z ((437705.3223 4473090.5761 0,437705.739 4473063.8261 0))",2681199,Verde,Línea,5
"MULTILINESTRING Z ((438119.489 4473467.6594 0,438114.5723 4473467.2427 0))",2681202,Verde,Línea,1
"MULTILINESTRING Z ((438107.739 4473463.3261 0,438108.989 4473440.8261 0))",2681204,Verde,Línea,4
"MULTILINESTRING Z ((438108.8498 4473348.8752 0,438128.9067 4473377.2138 0))",2681206,Verde,Batería,11
"MULTILINESTRING Z ((438097.1557 4473375.2011 0,438088.0307 4473345.2011 0))",2681207,Verde,Línea,6
"MULTILINESTRING Z ((438042.1557 4473204.9511 0,438035.4057 4473192.4511 0))",2681208,Verde,Línea,3
"MULTILINESTRING Z ((438037.6557 4473266.0761 0,438030.4057 4473248.5761 0))",2681209,Verde,Línea,4
"MULTILINESTRING Z ((438218.8223 4473467.5761 0,438235.5723 4473486.5761 0))",2681210,Verde,Batería,9
"MULTILINESTRING Z ((438238.739 4473489.9094 0,438241.989 4473493.5761 0))",2681211,Verde,Batería,2
"MULTILINESTRING Z ((438381.9057 4473513.3261 0,438374.8223 4473505.4094 0))",2681212,Verde,Línea,2
"MULTILINESTRING Z ((438365.3223 4473493.9927 0,438369.4057 4473498.7427 0))",2681213,Verde,Línea,1
"MULTILINESTRING Z ((438352.989 4473482.3261 0,438355.239 4473481.3261 0,438357.3223 4473481.4094 0,438359.0723 4473483.0761 0))",2681216,Verde,Batería,2
"MULTILINESTRING Z ((438348.3223 4473486.4927 0,438351.9057 4473483.0761 0))",2681217,Verde,Línea,1
"MULTILINESTRING Z ((440585.737 4473318.7621 0,440625.2307 4473310.5109 0))",2681256,Verde,Batería,15
"MULTILINESTRING Z ((438489.3259 4473494.5612 0,438471.782 4473432.3165 0))",2681260,Verde,Batería,26
"MULTILINESTRING Z ((444956.8223 4476117.3261 0,444953.5723 4476137.4094 0))",2681263,Verde,Línea,4
"MULTILINESTRING Z ((444959.239 4476117.0761 0,444960.9057 4476105.9927 0))",2681264,Verde,Línea,2
"MULTILINESTRING Z ((443767.3223 4477523.9927 0,443800.0723 4477540.8261 0))",2681273,Verde,Línea,7
"MULTILINESTRING Z ((443870.4179 4477442.242 0,443854.2512 4477473.492 0))",2681274,Verde,Línea,7
"MULTILINESTRING Z ((439384.6402 4479033.3415 0,439384.3933 4479031.9835 0,439384.2946 4479030.8971 0,439384.3933 4479028.6008 0,439385.0106 4479025.6625 0,439385.6773 4479023.465 0,439387.702 4479018.0329 0,439388.4921 4479016.181 0,439389.8995 4479013.465 0,439391.8007 4479010.3538 0))",2681277,Verde,Línea,5
"MULTILINESTRING Z ((439401.8748 4479043.5884 0,439445.0847 4479041.1193 0))",2681279,Verde,Línea,9
"MULTILINESTRING Z ((443831.1557 4477500.7427 0,443822.989 4477516.4927 0))",2681281,Verde,Línea,3
"MULTILINESTRING Z ((439599.8748 4479258.2715 0,439541.2081 4479262.7325 0))",2681284,Verde,Línea,12
"MULTILINESTRING Z ((443623.1557 4477887.7427 0,443610.8223 4477876.6594 0))",2681288,Verde,Línea,3
"MULTILINESTRING Z ((443597.0723 4477864.1594 0,443609.5723 4477875.5761 0))",2681289,Verde,Línea,3
"MULTILINESTRING Z ((439484.9612 4479410.9464 0,439487.809 4479409.3333 0,439498.2946 4479402.8312 0,439505.9324 4479397.6296 0))",2681290,Verde,Línea,5
"MULTILINESTRING Z ((439515.1834 4479390.7427 0,439520.2946 4479386.5761 0,439529.1279 4479379.0205 0,439539.9612 4479367.9094 0,439560.1279 4479345.965 0,439577.4057 4479326.0761 0,439586.739 4479314.9094 0,439591.1279 4479309.4094 0,439593.5168 4479305.8538 0,439599.7946 4479294.7983 0,439603.0723 4479287.7427 0,439604.6834 4479283.465 0))",2681291,Verde,Línea,30
"MULTILINESTRING Z ((439528.418 4479395.4403 0,439530.2699 4479393.9341 0,439536.5662 4479388.3292 0,439542.3439 4479382.8477 0,439546.6896 4479378.4032 0,439559.8501 4479364.4526 0,439573.1094 4479349.3662 0,439592.7884 4479326.502 0,439597.1094 4479321.218 0,439600.5415 4479316.7242 0,439603.1094 4479312.9711 0,439607.4304 4479306.1316 0,439610.5662 4479300.5514 0,439612.9365 4479295.1687 0,439613.8995 4479292.4773 0,439617.3563 4479282.7983 0))",2681293,Verde,Línea,29
"MULTILINESTRING Z ((443493.3686 4477524.9835 0,443565.1834 4477509.539 0))",2681296,Verde,Línea,15
"MULTILINESTRING Z ((443457.5291 4477359.9588 0,443492.6155 4477352.5514 0))",2681299,Verde,Línea,7
"MULTILINESTRING Z ((443205.5291 4479522.5761 0,443210.4057 4479521.5761 0))",2681305,Verde,Batería,3
"MULTILINESTRING Z ((439558.3686 4479489.8106 0,439559.381 4479482.4032 0))",2681317,Verde,Batería,3
"MULTILINESTRING Z ((439619.3686 4479488.8724 0,439618.0168 4479500.965 0))",2681322,Verde,Batería,4
"MULTILINESTRING Z ((439615.6834 4479503.3538 0,439588.3501 4479500.3538 0))",2681323,Verde,Batería,11
"MULTILINESTRING Z ((443517.4057 4477347.3261 0,443535.5307 4477344.0761 0,443538.9057 4477345.4511 0,443540.0307 4477349.9511 0,443542.0307 4477361.8261 0))",2681363,Verde,Línea,7
"MULTILINESTRING Z ((443543.5723 4477362.0205 0,443540.5723 4477347.0205 0,443539.5723 4477344.7983 0,443537.9057 4477343.2983 0,443536.1279 4477342.5761 0,443534.1834 4477342.4094 0,443531.5168 4477342.9094 0,443526.6279 4477344.0205 0,443521.239 4477345.0761 0,443517.0723 4477346.0205 0))",2681364,Verde,Línea,8
"MULTILINESTRING Z ((443283.7512 4476949.8254 0,443250.8345 4476993.5754 0))",2681440,Verde,Batería,21
"MULTILINESTRING Z ((443254.3686 4476971.9835 0,443270.6279 4476950.1316 0))",2681441,Verde,Batería,10
"MULTILINESTRING Z ((437658.739 4473793.0761 0,437630.8223 4473780.1594 0))",2681446,Verde,Línea,6
"MULTILINESTRING Z ((437303.3223 4473410.4927 0,437365.8223 4473389.4094 0))",2681452,Verde,Línea,13
"MULTILINESTRING Z ((443304.489 4477080.9927 0,443320.6557 4477096.1594 0))",2681456,Verde,Batería,7
"MULTILINESTRING Z ((443332.3439 4477510.9958 0,443303.8007 4477516.9218 0))",2681458,Verde,Batería,11
"MULTILINESTRING Z ((439691.8007 4479692.5514 0,439715.8995 4479684.2304 0))",2681471,Verde,Batería,10
"MULTILINESTRING Z ((439710.1834 4479662.5761 0,439716.739 4479681.6501 0))",2681478,Verde,Batería,8
"MULTILINESTRING Z ((439711.2822 4479648.0822 0,439774.9057 4479625.7427 0))",2681480,Verde,Línea,14
"MULTILINESTRING Z ((439681.0847 4479598.0082 0,439670.0229 4479602.2798 0))",2681492,Verde,Batería,4
"MULTILINESTRING Z ((439687.9242 4479592.6008 0,439729.702 4479577.8353 0))",2681500,Verde,Línea,9
"MULTILINESTRING Z ((439737.1341 4479575.2674 0,439750.6649 4479570.5514 0))",2681501,Verde,Línea,3
"MULTILINESTRING Z ((439516.3522 4479272.4773 0,439547.2822 4479269.9917 0))",2681504,Verde,Línea,6
"MULTILINESTRING Z ((439555.5456 4479269.3168 0,439594.311 4479266.1892 0))",2681505,Verde,Línea,8
"MULTILINESTRING Z ((439624.418 4479601.8545 0,439632.2534 4479598.7928 0))",2681506,Verde,Batería,3
"MULTILINESTRING Z ((439648.2644 4479518.7709 0,439686.6622 4479523.2373 0))",2681512,Verde,Línea,8
"MULTILINESTRING Z ((439788.4734 4479351.4365 0,439796.4179 4479374.2142 0,439806.029 4479402.3254 0,439821.4734 4479446.992 0,439827.6957 4479465.2698 0))",2681517,Verde,Línea,25
"MULTILINESTRING Z ((443743.989 4473808.0761 0,443737.489 4473815.9927 0))",2681520,Verde,Batería,4
"MULTILINESTRING Z ((437600.5723 4473753.9927 0,437614.5723 4473724.8261 0))",2681526,Verde,Línea,6
"MULTILINESTRING Z ((437628.239 4473694.9927 0,437634.9057 4473680.6594 0))",2681527,Verde,Línea,3
"MULTILINESTRING Z ((437617.1557 4473718.2427 0,437619.3223 4473713.4094 0))",2681529,Verde,Línea,1
"MULTILINESTRING Z ((437623.1557 4473705.5761 0,437620.739 4473710.6594 0))",2681530,Verde,Línea,1
"MULTILINESTRING Z ((437536.0723 4473734.5761 0,437507.1557 4473720.9927 0))",2681538,Verde,Línea,6
"MULTILINESTRING Z ((437501.0723 4473717.9927 0,437487.4057 4473711.5761 0))",2681541,Verde,Línea,3
"MULTILINESTRING Z ((437527.6557 4473629.8261 0,437520.9057 4473643.9094 0))",2681551,Verde,Línea,3
"MULTILINESTRING Z ((443357.4057 4476638.6594 0,443358.1557 4476646.0761 0,443358.4057 4476649.4094 0,443359.239 4476654.4094 0,443359.9057 4476659.0761 0))",2681552,Verde,Línea,4
"MULTILINESTRING Z ((437516.2946 4473654.0761 0,437518.739 4473648.5761 0))",2681553,Verde,Línea,1
"MULTILINESTRING Z ((437507.3223 4473673.8261 0,437512.0723 4473663.9094 0))",2681584,Verde,Línea,2
"MULTILINESTRING Z ((437370.239 4473573.5761 0,437377.0723 4473559.4094 0))",2681587,Verde,Línea,3
"MULTILINESTRING Z ((437359.9057 4473596.0761 0,437367.3223 4473579.7427 0))",2681588,Verde,Línea,3
"MULTILINESTRING Z ((437436.8224 4473625.5484 0,437453.5666 4473591.6748 0))",2681589,Verde,Línea,7
"MULTILINESTRING Z ((437503.3223 4473682.6594 0,437505.739 4473677.2427 0))",2681590,Verde,Línea,1
"MULTILINESTRING Z ((443346.5723 4477526.7427 0,443349.3223 4477540.6594 0))",2681618,Verde,Línea,3
"MULTILINESTRING Z ((443692.5168 4477978.6316 0,443684.86 4478011.7884 0))",2681622,Verde,Batería,12
"MULTILINESTRING Z ((443696.8501 4477979.5205 0,443689.489 4478012.6594 0))",2681623,Verde,Batería,12
"MULTILINESTRING Z ((443701.239 4477980.6316 0,443694.038 4478013.5361 0))",2681624,Verde,Batería,12
"MULTILINESTRING Z ((443711.6279 4477975.1687 0,443682.8131 4477969.1687 0))",2681625,Verde,Batería,12
"MULTILINESTRING Z ((443649.3223 4477962.3261 0,443639.4057 4477960.1594 0))",2681626,Verde,Batería,5
"MULTILINESTRING Z ((443634.2407 4477949.1606 0,443659.8518 4477902.2161 0,443661.074 4477900.1606 0))",2681628,Verde,Batería,20
"MULTILINESTRING Z ((443682.4715 4477849.5366 0,443679.9386 4477858.7564 0,443677.1017 4477867.0644 0,443672.5424 4477877.5001 0,443667.0713 4477889.4555 0,443665.7542 4477891.9884 0))",2681629,Verde,Batería,17
"MULTILINESTRING Z ((443690.3743 4477777.1961 0,443689.969 4477804.4504 0,443689.5637 4477812.2519 0,443686.7268 4477832.11 0,443685.511 4477838.6956 0))",2681630,Verde,Batería,21
"MULTILINESTRING Z ((443680.2946 4477708.7983 0,443674.4057 4477675.2427 0,443671.239 4477659.0761 0,443669.7946 4477642.7983 0,443669.9612 4477641.0761 0))",2681632,Verde,Batería,28
"MULTILINESTRING Z ((443179.7946 4477398.0761 0,443156.7946 4477383.5761 0))",2681643,Verde,Línea,5
"MULTILINESTRING Z ((437191.0714 4472977.3268 0,437211.5406 4472976.1538 0))",2681645,Verde,Línea,4
"MULTILINESTRING Z ((437172.3617 4472975.5673 0,437184.6197 4472974.6875 0))",2681648,Verde,Línea,2
"MULTILINESTRING Z ((437160.6901 4472976.2124 0,437165.4995 4472975.8605 0))",2681649,Verde,Línea,1
"MULTILINESTRING Z ((443236.3501 4477157.0761 0,443240.239 4477160.2983 0))",2681653,Verde,Batería,2
"MULTILINESTRING Z ((443244.6279 4477164.2983 0,443240.739 4477160.9094 0))",2681654,Verde,Batería,2
"MULTILINESTRING Z ((443248.7946 4477168.5761 0,443245.1279 4477164.7983 0))",2681655,Verde,Batería,2
"MULTILINESTRING Z ((443257.1834 4477177.965 0,443259.9057 4477181.2427 0))",2681658,Verde,Batería,2
"MULTILINESTRING Z ((443260.0723 4477181.465 0,443261.2946 4477183.0761 0,443264.7946 4477188.5205 0))",2681660,Verde,Batería,4
"MULTILINESTRING Z ((443267.4057 4477192.7427 0,443265.1834 4477188.7983 0))",2681662,Verde,Batería,2
"MULTILINESTRING Z ((443273.2946 4477203.7983 0,443274.5168 4477206.9094 0))",2681664,Verde,Batería,1
"MULTILINESTRING Z ((443274.7946 4477207.5205 0,443277.0723 4477213.7983 0))",2681665,Verde,Batería,2
"MULTILINESTRING Z ((443279.5723 4477221.5761 0,443278.6834 4477218.5205 0))",2681666,Verde,Batería,1
"MULTILINESTRING Z ((443278.239 4477217.465 0,443277.3501 4477214.8538 0))",2681667,Verde,Batería,1
"MULTILINESTRING Z ((443266.1834 4477301.3538 0,443268.8501 4477302.0205 0,443275.6279 4477300.465 0))",2681668,Verde,Línea,2
"MULTILINESTRING Z ((443293.5168 4477296.5761 0,443278.6279 4477299.5761 0))",2681669,Verde,Línea,3
"MULTILINESTRING Z ((437148.6667 4472977.0336 0,437121.3353 4472978.7344 0))",2681670,Verde,Línea,5
"MULTILINESTRING Z ((443108.9057 4476842.5205 0,443119.6279 4476827.965 0))",2681677,Azul,Batería,7
"MULTILINESTRING Z ((443130.8223 4476835.1594 0,443092.1557 4476885.9927 0))",2681678,Azul,Batería,22
"MULTILINESTRING Z ((443124.7637 4476867.1193 0,443142.2205 4476843.9835 0))",2681681,Verde,Batería,9
"MULTILINESTRING Z ((437717.4057 4473805.7011 0,437747.0307 4473742.8261 0))",2681683,Verde,Batería,27
"MULTILINESTRING Z ((437346.9057 4473623.4094 0,437357.8223 4473599.9927 0))",2681685,Verde,Línea,5
"MULTILINESTRING Z ((437441.5723 4473609.6316 0,437446.9057 4473598.9094 0))",2681686,Verde,Línea,2
"MULTILINESTRING Z ((443037.0723 4476850.6316 0,443034.7946 4476849.2427 0))",2681687,Azul,Batería,1
"MULTILINESTRING Z ((437425.5723 4473642.6594 0,437432.739 4473627.5761 0))",2681688,Verde,Línea,3
"MULTILINESTRING Z ((437431.8705 4473636.0847 0,437425.2381 4473649.5387 0))",2681689,Verde,Línea,3
"MULTILINESTRING Z ((437436.739 4473658.4927 0,437427.739 4473654.3261 0))",2681690,Verde,Línea,2
"MULTILINESTRING Z ((444434.2205 4474740.9218 0,444433.7267 4474744.0576 0,444432.9859 4474752.7983 0,444432.7884 4474761.7366 0,444432.8378 4474763.86 0,444432.9612 4474764.2057 0,444433.3563 4474766.3785 0,444433.9983 4474768.3785 0,444434.7143 4474770.1316 0,444436.0229 4474772.4526 0,444437.4057 4474774.2798 0,444438.6896 4474775.7366 0))",2681697,Verde,Línea,7
"MULTILINESTRING Z ((440732.6557 4473618.8261 0,440720.5723 4473633.0761 0))",2681700,Verde,Línea,4
"MULTILINESTRING Z ((439355.8007 4479505.7366 0,439368.7884 4479506.9958 0))",2681702,Verde,Batería,4
"MULTILINESTRING Z ((442870.5723 4477141.2427 0,442860.489 4477131.0761 0))",2681703,Verde,Batería,5
"MULTILINESTRING Z ((439371.0723 4479505.4279 0,439372.702 4479491.1687 0))",2681704,Verde,Batería,5
"MULTILINESTRING Z ((439375.3316 4479239.9341 0,439376.5168 4479238.8477 0,439412.6155 4479222.9464 0))",2681707,Verde,Línea,8
"MULTILINESTRING Z ((437407.2062 4473157.0286 0,437427.9011 4473150.2557 0))",2681711,Verde,Línea,5
"MULTILINESTRING Z ((437434.1723 4473147.9981 0,437443.9553 4473144.988 0))",2681712,Verde,Línea,2
"MULTILINESTRING Z ((437749.6557 4473737.5761 0,437747.4057 4473742.1594 0))",2681713,Verde,Línea,1
"MULTILINESTRING Z ((440081.1557 4475471.5761 0,440082.9057 4475484.1594 0))",2681716,Verde,Línea,2
"MULTILINESTRING Z ((439715.1944 4479489.5582 0,439733.7733 4479541.2674 0))",2681718,Verde,Línea,11
"MULTILINESTRING Z ((442835.1834 4476831.8538 0,442819.8501 4476861.8538 0))",2681720,Verde,Línea,6
"MULTILINESTRING Z ((442810.1279 4476880.465 0,442815.6279 4476869.2427 0))",2681721,Verde,Línea,2
"MULTILINESTRING Z ((442784.0723 4476770.3261 0,442805.489 4476786.0761 0))",2681726,Verde,Línea,6
"MULTILINESTRING Z ((442450.9057 4476943.0761 0,442452.5723 4476958.1594 0))",2681728,Azul,Línea,3
"MULTILINESTRING Z ((442497.5723 4476902.3261 0,442491.239 4476897.4094 0,442489.4057 4476896.8261 0,442471.5723 4476898.4927 0))",2681729,Verde,Línea,5
"MULTILINESTRING Z ((439658.2726 4479351.1111 0,439670.9365 4479385.9643 0))",2681734,Verde,Línea,7
"MULTILINESTRING Z ((442670.9612 4476896.6872 0,442659.0168 4476887.3538 0))",2681737,Verde,Línea,3
"MULTILINESTRING Z ((442728.4427 4476808.4773 0,442679.3316 4476770.6501 0))",2681739,Verde,Batería,23
"MULTILINESTRING Z ((442630.1834 4476733.0946 0,442674.739 4476767.3168 0))",2681740,Verde,Batería,22
"MULTILINESTRING Z ((442522.3501 4476781.0205 0,442545.9057 4476798.6316 0))",2681742,Verde,Batería,12
"MULTILINESTRING Z ((442484.1464 4476751.4279 0,442515.1094 4476774.9094 0))",2681743,Verde,Batería,14
"MULTILINESTRING Z ((442539.6557 4476671.3261 0,442484.9057 4476743.5761 0))",2681744,Verde,Línea,18
"MULTILINESTRING Z ((442684.739 4476763.7427 0,442696.5723 4476772.6316 0))",2681747,Verde,Línea,3
"MULTILINESTRING Z ((442702.5168 4476777.3538 0,442698.4057 4476774.2427 0))",2681748,Verde,Línea,1
"MULTILINESTRING Z ((442437.5723 4476803.2427 0,442438.5723 4476812.6872 0))",2681754,Azul,Línea,2
"MULTILINESTRING Z ((442436.739 4476770.6594 0,442436.4057 4476765.1594 0))",2681758,Azul,Línea,1
"MULTILINESTRING Z ((442448.6557 4476823.1594 0,442457.739 4476822.4927 0))",2681759,Verde,Línea,1
"MULTILINESTRING Z ((437798.6557 4473694.2427 0,437803.239 4473696.4094 0))",2681761,Verde,Línea,1
"MULTILINESTRING Z ((441651.853 4475477.0833 0,441656.853 4475476.6759 0))",2681786,Azul,Línea,1
"MULTILINESTRING Z ((439682.2287 4479430.9464 0,439689.7349 4479451.539 0))",2681788,Azul,Batería,9
"MULTILINESTRING Z ((439687.9612 4479414.6131 0,439710.1464 4479475.7983 0))",2681789,Verde,Línea,12
"MULTILINESTRING Z ((439628.7884 4479476.181 0,439627.5538 4479486.9464 0))",2681790,Verde,Batería,4
"MULTILINESTRING Z ((439636.9859 4479490.502 0,439630.097 4479489.7859 0))",2681791,Verde,Batería,2
"MULTILINESTRING Z ((439647.1176 4479477.7448 0,439649.4612 4479458.3538 0))",2681792,Verde,Línea,4
"MULTILINESTRING Z ((439689.5908 4479625.465 0,439694.5168 4479623.7613 0))",2681849,Verde,Línea,1
"MULTILINESTRING Z ((439611.739 4479446.2427 0,439619.3501 4479447.0205 0))",2681871,Verde,Batería,3
"MULTILINESTRING Z ((440706.239 4476560.4094 0,440740.489 4476548.7427 0))",2681909,Verde,Línea,8
"MULTILINESTRING Z ((440690.8223 4476565.5761 0,440705.5723 4476560.6594 0))",2681910,Verde,Línea,3
"MULTILINESTRING Z ((442984.5415 4477788.8477 0,443004.1217 4477769.2921 0))",2681944,Verde,Línea,6
"MULTILINESTRING Z ((443006.8048 4477766.6008 0,443023.3974 4477750.0246 0))",2681946,Verde,Línea,5
"MULTILINESTRING Z ((443060.1094 4477713.3909 0,443071.5538 4477701.9464 0))",2681951,Verde,Línea,3
"MULTILINESTRING Z ((440940.989 4471949.9094 0,440966.3223 4471901.3261 0))",2681978,Azul,Batería,20
"MULTILINESTRING Z ((443264.8789 4478351.3086 0,443269.916 4478349.2016 0))",2682023,Verde,Línea,1
"MULTILINESTRING Z ((443303.2657 4478335.1275 0,443307.8419 4478333.2345 0))",2682024,Verde,Línea,1
"MULTILINESTRING Z ((441062.5538 4478268.502 0,441063.4057 4478279.0576 0))",2682026,Verde,Batería,3
"MULTILINESTRING Z ((441064.6649 4478295.0699 0,441063.8254 4478285.1687 0))",2682027,Verde,Batería,2
"MULTILINESTRING Z ((440730.8871 4476787.7983 0,440773.9983 4476784.7242 0))",2682028,Verde,Línea,9
"MULTILINESTRING Z ((440710.4098 4476790.8971 0,440730.1557 4476789.4094 0))",2682029,Verde,Línea,4
"MULTILINESTRING Z ((440735.1094 4476910.4773 0,440816.8378 4476904.6008 0))",2682030,Verde,Línea,17
"MULTILINESTRING Z ((440734.9118 4476913.5637 0,440719.8254 4476914.6501 0))",2682031,Verde,Línea,3
"MULTILINESTRING Z ((439669.5291 4479697.8847 0,439663.4797 4479700.0082 0))",2682045,Verde,Línea,1
"MULTILINESTRING Z ((443561.9588 4477060.0545 0,443567.0722 4477062.7178 0))",2682109,Verde,Batería,2
"MULTILINESTRING Z ((442779.5723 4475397.0761 0,442806.3223 4475395.3261 0))",2682138,Azul,Línea,6
"MULTILINESTRING Z ((442773.239 4475397.5761 0,442778.739 4475397.1594 0))",2682139,Azul,Línea,1
"MULTILINESTRING Z ((442767.6557 4475397.9927 0,442772.4057 4475397.6594 0))",2682140,Azul,Línea,1
"MULTILINESTRING Z ((437257.739 4473253.9927 0,437238.9057 4473260.5761 0))",2682215,Verde,Batería,7
"MULTILINESTRING Z ((444313.8223 4476511.4094 0,444310.8223 4476519.9094 0))",2682218,Verde,Línea,2
"MULTILINESTRING Z ((444308.5723 4476519.9094 0,444306.9057 4476524.3261 0))",2682220,Verde,Línea,1
"MULTILINESTRING Z ((444270.0723 4475764.4094 0,444264.9057 4475763.1594 0))",2682258,Azul,Línea,1
"MULTILINESTRING Z ((437132.5376 4472980.9632 0,437186.9071 4472977.6201 0))",2682278,Verde,Línea,11
"MULTILINESTRING Z ((437123.6227 4472981.5497 0,437129.0186 4472981.1978 0))",2682279,Verde,Línea,1
"MULTILINESTRING Z ((437106.7312 4472982.6054 0,437118.0508 4472981.9602 0))",2682280,Verde,Línea,2
"MULTILINESTRING Z ((437103.4749 4472983.1656 0,437097.9875 4472983.538 0))",2682281,Verde,Línea,1
"MULTILINESTRING Z ((437064.4511 4472985.6732 0,437089.4017 4472984.1015 0))",2682282,Verde,Línea,5
"MULTILINESTRING Z ((437043.7331 4472986.6078 0,437051.0662 4472986.3085 0))",2682283,Verde,Línea,1
"MULTILINESTRING Z ((437025.7928 4472987.8253 0,437039.9277 4472986.9456 0))",2682284,Verde,Línea,3
"MULTILINESTRING Z ((437114.7077 4472979.145 0,437089.6051 4472980.6699 0))",2682285,Verde,Línea,5
"MULTILINESTRING Z ((437072.3846 4472981.8182 0,437080.7959 4472981.5607 0))",2682286,Verde,Línea,2
"MULTILINESTRING Z ((437068.2409 4472982.3312 0,437053.2543 4472982.9645 0))",2682287,Verde,Línea,3
"MULTILINESTRING Z ((437023.489 4472984.9094 0,437044.239 4472983.4927 0))",2682288,Verde,Línea,4
"MULTILINESTRING Z ((437224.8223 4472963.3261 0,437223.239 4472939.1594 0))",2682289,Verde,Línea,5
"MULTILINESTRING Z ((437219.2236 4472940.4607 0,437220.8974 4472962.9919 0))",2682290,Verde,Batería,7
"MULTILINESTRING Z ((440780.5497 4476784.2633 0,440789.7843 4476783.6049 0))",2682336,Verde,Línea,2
"MULTILINESTRING Z ((440025.5374 4478690.0246 0,440032.2369 4478689.5966 0))",2682339,Azul,Línea,1
"MULTILINESTRING Z ((440041.0435 4478689.0205 0,440062.5744 4478687.6049 0))",2682340,Azul,Línea,4
"MULTILINESTRING Z ((439893.4715 4478721.4979 0,439914.5579 4478713.4156 0))",2682345,Azul,Línea,5
"MULTILINESTRING Z ((440801.739 4474151.4094 0,440800.1557 4474140.7427 0))",2682355,Verde,Línea,2
"MULTILINESTRING Z ((441890.7512 4475740.992 0,441900.8345 4475740.242 0))",2682361,Azul,Línea,2
"MULTILINESTRING Z ((441965.4057 4475738.2057 0,441940.5538 4475740.0576 0))",2682364,Azul,Línea,5
"MULTILINESTRING Z ((441930.1094 4475738.6131 0,441940.0723 4475737.8353 0))",2682365,Azul,Línea,2
"MULTILINESTRING Z ((442857.455 4477212.1316 0,442868.4345 4477222.9464 0))",2682366,Verde,Línea,3
"MULTILINESTRING Z ((441123.4057 4474885.3261 0,441133.6557 4474885.1594 0))",2682370,Verde,Línea,2
"MULTILINESTRING Z ((440499.2712 4479977.3497 0,440497.1203 4479973.6515 0))",2682386,Verde,Línea,1
"MULTILINESTRING Z ((440278.4057 4476572.1594 0,440277.739 4476541.9094 0))",2682398,Azul,Línea,6
"MULTILINESTRING Z ((440078.4646 4479316.9272 0,440082.9612 4479307.965 0))",2682406,Verde,Línea,2
"MULTILINESTRING Z ((440097.2328 4479282.2057 0,440085.2575 4479303.3909 0))",2682407,Verde,Línea,5
"MULTILINESTRING Z ((440355.776 4479400.2427 0,440352.9612 4479395.9464 0))",2682409,Verde,Línea,1
"MULTILINESTRING Z ((439838.2946 4479068.2057 0,439835.2205 4479061.7983 0))",2682413,Verde,Línea,1
"MULTILINESTRING Z ((439918.3933 4479075.1934 0,439917.2328 4479065.0946 0,439916.9612 4479063.539 0,439916.6896 4479062.2057 0,439916.2699 4479060.7489 0,439915.1094 4479058.0329 0,439914.1711 4479056.5514 0,439912.2946 4479054.4032 0,439902.6402 4479045.7119 0))",2682423,Verde,Línea,7
"MULTILINESTRING Z ((439898.5415 4479041.9423 0,439895.3974 4479039.3744 0))",2682425,Verde,Línea,1
"MULTILINESTRING Z ((439979.9406 4479157.5528 0,439987.0298 4479159.2318 0))",2682432,Verde,Línea,1
"MULTILINESTRING Z ((440026.5908 4479169.0205 0,440030.6279 4479169.9464 0))",2682433,Verde,Línea,1
"MULTILINESTRING Z ((440111.9242 4479190.5514 0,440120.5415 4479193.539 0))",2682436,Verde,Batería,4
"MULTILINESTRING Z ((440192.2452 4479223.1934 0,440196.3439 4479216.1316 0))",2682437,Verde,Línea,1
"MULTILINESTRING Z ((440314.2906 4479046.022 0,440308.7946 4479044.0761 0))",2682438,Verde,Batería,2
"MULTILINESTRING Z ((440319.3538 4479047.7556 0,440324.4069 4479049.4792 0))",2682439,Verde,Batería,2
"MULTILINESTRING Z ((440199.1588 4479042.9218 0,440193.1588 4479040.0082 0))",2682442,Verde,Línea,1
"MULTILINESTRING Z ((440539.6262 4479208.9892 0,440534.9201 4479211.9341 0))",2682453,Verde,Línea,1
"MULTILINESTRING Z ((440691.7829 4472923.4826 0,440697.1444 4472925.7011 0))",2682472,Verde,Línea,1
"MULTILINESTRING Z ((439789.2575 4478897.8847 0,439808.097 4478894.8724 0))",2682474,Verde,Línea,4
"MULTILINESTRING Z ((440329.9983 4478613.5637 0,440338.1711 4478590.2798 0))",2682483,Verde,Línea,5
"MULTILINESTRING Z ((442666.9365 4477645.1687 0,442669.7843 4477633.6296 0))",2682484,Verde,Línea,2
"MULTILINESTRING Z ((442671.9242 4477624.9547 0,442674.0147 4477616.5267 0))",2682485,Verde,Línea,2
"MULTILINESTRING Z ((440239.5538 4478930.1316 0,440236.7143 4478941.218 0))",2682488,Verde,Línea,2
"MULTILINESTRING Z ((440081.8253 4478887.5661 0,440076.529 4478894.7883 0))",2682498,Azul,Línea,1
"MULTILINESTRING Z ((440127.2081 4478810.3045 0,440133.9489 4478801.539 0))",2682499,Azul,Línea,2
"MULTILINESTRING Z ((440137.3892 4478797.0534 0,440141.0764 4478792.2798 0))",2682500,Azul,Línea,1
"MULTILINESTRING Z ((440352.7637 4478817.0205 0,440362.1464 4478820.1069 0))",2682507,Verde,Línea,2
"MULTILINESTRING Z ((440432.4015 4478965.4814 0,440435.3151 4478959.6213 0,440436.6485 4478958.4197 0,440437.3398 4478957.9588 0,440438.4098 4478957.3827 0,440439.6773 4478956.8888 0,440441.455 4478956.5432 0,440443.2822 4478956.5102 0,440443.9077 4478956.5761 0,440445.8501 4478957.0534 0,440447.3481 4478957.7448 0,440448.204 4478958.288 0,440448.8954 4478958.8148 0,440449.8995 4478959.8024 0,440452.5662 4478966.2222 0,440455.4468 4478973.6131 0))",2682509,Verde,Línea,8
"MULTILINESTRING Z ((440459.8254 4478853.0205 0,440467.455 4478855.4897 0))",2682510,Azul,Línea,1
"MULTILINESTRING Z ((439988.5908 4478730.539 0,439983.9242 4478744.9464 0))",2682519,Azul,Línea,3
"MULTILINESTRING Z ((441556.1557 4471368.5761 0,441569.3223 4471374.0761 0))",2682527,Azul,Batería,5
"MULTILINESTRING Z ((441555.0723 4471368.0761 0,441542.1557 4471362.5761 0))",2682529,Verde,Batería,5
"MULTILINESTRING Z ((440282.6155 4478584.823 0,440285.1094 4478580.6995 0))",2682546,Azul,Línea,1
"MULTILINESTRING Z ((440426.9118 4478733.7613 0,440456.2699 4478744.3045 0))",2682554,Verde,Línea,6
"MULTILINESTRING Z ((440084.4057 4478912.8353 0,440123.2205 4478915.9464 0))",2682594,Verde,Batería,15
"MULTILINESTRING Z ((438173.8223 4473703.3261 0,438174.8223 4473697.7427 0))",2682598,Verde,Línea,1
"MULTILINESTRING Z ((444418.0353 4474855.7613 0,444442.3316 4474879.0946 0))",2682618,Verde,Línea,6
"MULTILINESTRING Z ((440618.4057 4473134.3261 0,440624.4057 4473121.1594 0))",2682619,Verde,Línea,3
"MULTILINESTRING Z ((444447.9966 4474882.4816 0,444443.9406 4474878.5294 0))",2682620,Verde,Línea,1
"MULTILINESTRING Z ((442835.4057 4476225.8261 0,442846.0723 4476236.2427 0))",2682676,Verde,Línea,3
"MULTILINESTRING Z ((443048.8223 4476135.4927 0,443064.739 4476145.7427 0))",2682682,Verde,Línea,4
"MULTILINESTRING Z ((437610.4057 4475797.9094 0,437610.0723 4475803.6594 0))",2682691,Verde,Línea,1
"MULTILINESTRING Z ((439716.1557 4474882.1594 0,439725.5723 4474863.2427 0))",2682711,Verde,Línea,4
"MULTILINESTRING Z ((439613.1557 4474674.8261 0,439616.8223 4474670.3261 0))",2682728,Verde,Línea,1
"MULTILINESTRING Z ((439828.0307 4474814.8261 0,439837.1557 4474769.8261 0,439840.9057 4474752.2011 0,439846.5307 4474733.2011 0))",2682733,Verde,Línea,14
"MULTILINESTRING Z ((439637.1557 4474145.9094 0,439652.4057 4474147.6594 0))",2682738,Verde,Línea,3
"MULTILINESTRING Z ((439206.2858 4474086.8326 0,439205.8611 4474069.838 0))",2682739,Naranja,Línea,3
"MULTILINESTRING Z ((439203.5815 4474053.6667 0,439202.6272 4474008.4043 0,439203.3089 4474005.1323 0,439205.7629 4474002.6783 0,439239.028 4474002.6783 0,439242.4363 4474004.996 0,439243.2543 4474006.9046 0,439246.1173 4474085.2959 0))",2682740,Naranja,Línea,35
"MULTILINESTRING Z ((439306.8705 4474041.8049 0,439307.5312 4474077.9203 0,439305.4391 4474080.3427 0,439303.6774 4474081.3337 0,439269.1035 4474086.3986 0,439266.2407 4474085.9582 0,439264.2588 4474084.6369 0,439263.488 4474082.4348 0,439261.9465 4474050.063 0))",2682742,Naranja,Línea,23
"MULTILINESTRING Z ((439305.9897 4474010.5343 0,439306.7604 4474040.7039 0))",2682743,Verde,Línea,6
"MULTILINESTRING Z ((439311.8596 4474040.309 0,439309.8397 4474010.876 0))",2682744,Verde,Batería,11
"MULTILINESTRING Z ((439321.1003 4474034.9892 0,439319.1916 4474009.6313 0))",2682745,Verde,Batería,10
"MULTILINESTRING Z ((439346.4057 4474084.4927 0,439356.739 4474084.4927 0,439365.1557 4474083.9094 0))",2682746,Verde,Línea,4
"MULTILINESTRING Z ((439364.8631 4474074.3893 0,439351.6388 4474075.889 0,439347.0035 4474075.6163 0,439343.3225 4474074.5256 0,439339.2325 4474072.7533 0,439336.3695 4474070.572 0,439334.5972 4474068.2543 0,439332.2796 4474064.5733 0,439331.4616 4474061.7104 0,439325.1903 4474008.5406 0))",2682747,Verde,Línea,20
"MULTILINESTRING Z ((439366.2264 4474074.253 0,439395.5379 4474071.5263 0))",2682753,Verde,Línea,6
"MULTILINESTRING Z ((439325.3266 4473989.7267 0,439426.6218 4473989.4541 0))",2682755,Verde,Línea,23
"MULTILINESTRING Z ((439199.9057 4473940.4094 0,439234.0723 4473939.8261 0))",2682757,Verde,Línea,6
"MULTILINESTRING Z ((439309.7807 4473933.3495 0,439310.1557 4473894.5995 0))",2682758,Verde,Línea,8
"MULTILINESTRING Z ((439348.7758 4473874.253 0,439356.5468 4473876.298 0))",2682759,Verde,Línea,1
"MULTILINESTRING Z ((439341.5638 4473872.3154 0,439249.6589 4473847.8877 0,439243.8532 4473845.3683 0,439239.6907 4473842.8488 0,439234.8709 4473838.2481 0,439231.8037 4473833.8665 0,439229.0652 4473828.499 0,439227.7507 4473823.7887 0,439226.7648 4473818.4212 0,439226.7648 4473813.2728 0,439227.0935 4473808.7816 0,439228.2984 4473804.0713 0,439229.832 4473799.4706 0,439232.2419 4473794.9794 0,439237.2808 4473788.626 0,439240.4575 4473785.6684 0))",2682760,Verde,Línea,35
"MULTILINESTRING Z ((439147.1398 4473841.9421 0,439151.7751 4473854.6211 0))",2682761,Verde,Línea,2
"MULTILINESTRING Z ((439410.6557 4474069.6594 0,439420.5723 4474068.5761 0))",2682763,Verde,Batería,4
"MULTILINESTRING Z ((439425.1557 4473928.5761 0,439424.489 4473924.9094 0,439422.5723 4473921.5761 0,439417.9057 4473916.4094 0,439403.489 4473902.5761 0,439400.1557 4473900.1594 0,439368.239 4473881.7427 0,439360.8223 4473878.1594 0))",2682764,Verde,Línea,15
"MULTILINESTRING Z ((439446.8223 4473937.2427 0,439453.3223 4473936.9927 0))",2682765,Verde,Línea,1
"MULTILINESTRING Z ((439615.0335 4473915.0164 0,439618.7145 4473854.6211 0,439619.3961 4473848.4861 0,439618.7145 4473846.0321 0,439610.1255 4473839.7608 0))",2682766,Verde,Línea,15
"MULTILINESTRING Z ((439759.0723 4473919.9094 0,439766.9057 4473965.5761 0))",2682767,Verde,Línea,9
"MULTILINESTRING Z ((439880.5723 4473839.4094 0,439883.489 4473845.4094 0))",2682768,Verde,Línea,1
"MULTILINESTRING Z ((439080.239 4473669.5761 0,439078.239 4473664.3261 0))",2682769,Verde,Línea,1
"MULTILINESTRING Z ((439074.0723 4473622.3261 0,439080.489 4473608.5761 0))",2682772,Verde,Línea,3
"MULTILINESTRING Z ((439082.1557 4473604.0761 0,439084.8223 4473598.2427 0))",2682774,Verde,Línea,1
"MULTILINESTRING Z ((444619.5723 4474938.7983 0,444611.1279 4474947.2427 0))",2682821,Verde,Línea,2
"MULTILINESTRING Z ((439454.9057 4473714.8261 0,439461.489 4473721.1594 0))",2682822,Verde,Línea,2
"MULTILINESTRING Z ((439676.989 4473613.1594 0,439712.739 4473604.9927 0))",2682824,Verde,Línea,8
"MULTILINESTRING Z ((444623.489 4474924.5761 0,444620.989 4474921.9927 0))",2682825,Verde,Línea,1
"MULTILINESTRING Z ((439153.739 4473452.8261 0,439158.239 4473443.0761 0))",2682827,Verde,Línea,2
"MULTILINESTRING Z ((439162.739 4473432.9094 0,439160.3223 4473438.2427 0))",2682828,Verde,Línea,1
"MULTILINESTRING Z ((439169.1557 4473420.7427 0,439171.9057 4473414.9094 0))",2682829,Verde,Línea,1
"MULTILINESTRING Z ((439475.9057 4473494.4927 0,439455.739 4473535.0761 0))",2682830,Verde,Línea,9
"MULTILINESTRING Z ((442548.3969 4476358.9295 0,442527.6934 4476360.5312 0))",2682835,Verde,Línea,4
"MULTILINESTRING Z ((439440.1557 4473475.0761 0,439453.489 4473438.8261 0))",2682837,Verde,Línea,7
"MULTILINESTRING Z ((439462.6409 4473414.3786 0,439466.6333 4473403.4175 0))",2682839,Verde,Línea,2
"MULTILINESTRING Z ((442657.3131 4476350.3871 0,442647.7029 4476351.2769 0))",2682841,Verde,Línea,2
"MULTILINESTRING Z ((442612.7619 4476354.0651 0,442643.6096 4476351.5735 0))",2682842,Verde,Línea,6
"MULTILINESTRING Z ((439823.0723 4473563.0761 0,439800.1557 4473579.4094 0))",2682847,Verde,Línea,5
"MULTILINESTRING Z ((442516.8374 4476412.7944 0,442514.8797 4476385.4467 0))",2682849,Verde,Batería,9
"MULTILINESTRING Z ((439663.5723 4473283.3261 0,439661.489 4473279.4094 0,439658.9057 4473272.8261 0,439650.4057 4473247.1594 0))",2682850,Verde,Línea,7
"MULTILINESTRING Z ((442637.2621 4476298.4799 0,442639.9316 4476334.4886 0,442640.1689 4476336.8022 0))",2682857,Verde,Batería,14
"MULTILINESTRING Z ((440971.9057 4471892.1594 0,440973.5723 4471889.3261 0))",2682890,Azul,Batería,1
"MULTILINESTRING Z ((442626.4357 4476137.5378 0,442630.262 4476191.1061 0,442630.618 4476194.2205 0))",2682913,Verde,Batería,20
"MULTILINESTRING Z ((441793.9057 4475495.1594 0,441793.1557 4475488.8261 0))",2682924,Verde,Línea,1
"MULTILINESTRING Z ((442498.1211 4476148.9277 0,442499.2779 4476164.7669 0))",2682936,Verde,Batería,5
"MULTILINESTRING Z ((437820.0723 4476022.8261 0,437828.989 4476010.0761 0))",2682941,Azul,Línea,3
"MULTILINESTRING Z ((442624.2111 4476069.8211 0,442625.5459 4476086.7281 0))",2682964,Verde,Batería,7
"MULTILINESTRING Z ((442618.1602 4476017.7656 0,442618.8721 4476027.9987 0))",2682967,Verde,Batería,4
"MULTILINESTRING Z ((442534.6045 4476100.3426 0,442510.8458 4476102.0333 0))",2682969,Verde,Batería,8
"MULTILINESTRING Z ((442445.6206 4476107.4613 0,442487.443 4476104.0799 0))",2682981,Verde,Batería,14
"MULTILINESTRING Z ((442979.3455 4475551.4905 0,442980.2353 4475563.9482 0))",2682989,Verde,Batería,5
"MULTILINESTRING Z ((441887.1557 4475448.4927 0,441886.239 4475439.2427 0))",2682990,Azul,Línea,2
"MULTILINESTRING Z ((442848.4503 4475640.2963 0,442847.2935 4475622.4106 0))",2682996,Verde,Batería,5
"MULTILINESTRING Z ((440988.3223 4474588.4927 0,440990.5723 4474547.4094 0))",2682998,Verde,Línea,8
"MULTILINESTRING Z ((440990.6557 4474546.7427 0,440991.9057 4474521.3261 0))",2682999,Verde,Línea,5
"MULTILINESTRING Z ((442502.5258 4475843.7133 0,442547.7741 4475840.2429 0))",2683007,Verde,Batería,17
"MULTILINESTRING Z ((442598.4948 4475734.3522 0,442599.2957 4475745.1192 0))",2683014,Verde,Batería,3
"MULTILINESTRING Z ((442601.9652 4475782.0475 0,442605.3021 4475827.4292 0))",2683017,Verde,Batería,17
"MULTILINESTRING Z ((442614.1856 4475835.4081 0,442652.686 4475832.7386 0))",2683018,Verde,Batería,15
"MULTILINESTRING Z ((442670.9721 4475831.3 0,442701.9385 4475829.2979 0,442709.2797 4475828.8975 0))",2683029,Verde,Batería,15
"MULTILINESTRING Z ((442155.739 4475444.8261 0,442193.1557 4475442.2427 0))",2683031,Verde,Batería,14
"MULTILINESTRING Z ((442985.9303 4475774.8398 0,442987.443 4475799.5773 0))",2683036,Verde,Línea,5
"MULTILINESTRING Z ((442998.5723 4475823.9927 0,443001.0723 4475858.0761 0))",2683039,Verde,Batería,13
"MULTILINESTRING Z ((439431.3223 4476446.4927 0,439447.489 4476445.4094 0))",2683043,Verde,Batería,5
"MULTILINESTRING Z ((442607.3223 4475856.9927 0,442609.239 4475885.4094 0))",2683045,Verde,Batería,11
"MULTILINESTRING Z ((439704.739 4474509.7427 0,439700.4057 4474514.4094 0))",2683058,Verde,Línea,1
"MULTILINESTRING Z ((440522.6557 4478312.8261 0,440514.239 4478313.7427 0))",2683078,Verde,Línea,1
"MULTILINESTRING Z ((442351.9951 4476374.1018 0,442345.1966 4476374.7198 0))",2683084,Verde,Línea,1
"MULTILINESTRING Z ((442300.7855 4476377.9866 0,442340.5171 4476374.9847 0))",2683086,Verde,Línea,10
"MULTILINESTRING Z ((442279.5953 4476405.7105 0,442280.7431 4476420.1021 0))",2683088,Verde,Batería,4
"MULTILINESTRING Z ((442482.6649 4475820.3168 0,442482.4427 4475816.465 0))",2683099,Verde,Batería,2
"MULTILINESTRING Z ((440020.8293 4476073.1953 0,440035.9285 4476071.8309 0))",2683161,Azul,Batería,5
"MULTILINESTRING Z ((438525.3223 4473471.9094 0,438591.989 4473457.3261 0))",2683186,Verde,Línea,14
"MULTILINESTRING Z ((442263.6732 4476166.438 0,442261.672 4476136.0654 0))",2683328,Verde,Batería,11
"MULTILINESTRING Z ((442301.0504 4476127.0007 0,442270.148 4476129.2374 0))",2683329,Verde,Línea,6
"MULTILINESTRING Z ((442187.2414 4476126.0883 0,442242.8657 4476122.0269 0))",2683331,Verde,Batería,21
"MULTILINESTRING Z ((443738.739 4475258.0761 0,443747.3223 4475254.5761 0))",2683333,Verde,Línea,2
"MULTILINESTRING Z ((443734.5723 4475256.2427 0,443761.489 4475245.5761 0))",2683334,Verde,Línea,6
"MULTILINESTRING Z ((442134.5723 4475861.4094 0,442134.239 4475855.6594 0))",2683375,Verde,Línea,1
"MULTILINESTRING Z ((442132.3223 4475830.6594 0,442133.739 4475850.4927 0))",2683377,Verde,Línea,4
"MULTILINESTRING Z ((440293.6773 4477541.2674 0,440293.3563 4477531.465 0))",2683381,Azul,Línea,2
"MULTILINESTRING Z ((440168.6279 4477210.8724 0,440168.5168 4477211.2798 0,440167.702 4477212.9094 0,440164.702 4477218.6872 0))",2683382,Verde,Batería,4
"MULTILINESTRING Z ((441899.989 4476154.8261 0,441908.239 4476154.2427 0))",2683386,Verde,Batería,3
"MULTILINESTRING Z ((442170.239 4475875.5761 0,442145.6557 4475877.4094 0))",2683388,Verde,Batería,8
"MULTILINESTRING Z ((443363.0723 4477826.4927 0,443370.989 4477831.5761 0))",2683389,Azul,Batería,4
"MULTILINESTRING Z ((439743.6557 4476560.8261 0,439755.3223 4476559.9927 0))",2683392,Verde,Batería,4
"MULTILINESTRING Z ((441910.739 4476044.3001 0,441890.5495 4476045.7128 0))",2683561,Azul,Línea,4
"MULTILINESTRING Z ((441085.9057 4471358.9094 0,441097.239 4471350.4927 0))",2683566,Azul,Línea,3
"MULTILINESTRING Z ((441688.5723 4474875.4094 0,441702.6557 4474873.9927 0))",2683567,Verde,Línea,3
"MULTILINESTRING Z ((441858.4057 4476114.2427 0,441855.9057 4476079.7983 0,441855.9057 4476078.965 0))",2683568,Verde,Batería,13
"MULTILINESTRING Z ((442639.239 4473439.4927 0,442645.3223 4473450.5761 0))",2683573,Verde,Línea,3
"MULTILINESTRING Z ((439749.0723 4476016.2427 0,439750.0723 4476037.6594 0))",2683619,Verde,Línea,4
"MULTILINESTRING Z ((440145.6557 4476243.4927 0,440144.989 4476237.6594 0))",2683625,Verde,Batería,2
"MULTILINESTRING Z ((441188.1834 4476878.2427 0,441227.1834 4476875.465 0))",2683636,Verde,Línea,8
"MULTILINESTRING Z ((441227.6649 4476878.5761 0,441237.8131 4476877.7983 0))",2683639,Verde,Línea,2
"MULTILINESTRING Z ((441199.4057 4475779.4927 0,441225.4057 4475776.9927 0))",2683643,Verde,Línea,5
"MULTILINESTRING Z ((441097.8223 4471349.9927 0,441107.489 4471342.9927 0))",2683646,Azul,Línea,3
"MULTILINESTRING Z ((441881.6557 4476433.9094 0,441880.489 4476419.1594 0))",2683656,Verde,Batería,5
"MULTILINESTRING Z ((441885.489 4476486.9094 0,441889.4057 4476541.9927 0,441890.0723 4476549.3261 0))",2683686,Verde,Batería,21
"MULTILINESTRING Z ((441458.4262 4476640.1536 0,441462.8487 4476629.9039 0))",2683688,Azul,Línea,2
"MULTILINESTRING Z ((443693.9057 4475626.9094 0,443732.989 4475568.0761 0))",2683737,Verde,Línea,12
"MULTILINESTRING Z ((439815.8501 4479548.0576 0,439832.5168 4479542.2798 0))",2683771,Azul,Línea,3
"MULTILINESTRING Z ((441985.6557 4480175.0761 0,441941.9057 4480206.4094 0))",2683796,Verde,Línea,11
"MULTILINESTRING Z ((441953.989 4480231.6594 0,441983.4057 4480272.5761 0))",2683804,Azul,Línea,9
"MULTILINESTRING Z ((439488.3686 4479046.1069 0,439489.9983 4479045.3909 0,439492.0476 4479044.1069 0,439493.6279 4479042.7489 0,439494.2452 4479042.1069 0,439495.2328 4479040.9218 0,439496.2205 4479039.4156 0,439496.8625 4479038.1563 0,439497.8748 4479035.86 0))",2683805,Verde,Línea,3
"MULTILINESTRING Z ((442005.0307 4480272.0761 0,442005.4057 4480282.0761 0))",2683806,Verde,Batería,4
"MULTILINESTRING Z ((442004.9057 4480255.9511 0,442003.7807 4480195.9511 0))",2683807,Verde,Batería,21
"MULTILINESTRING Z ((439674.0199 4479084.7281 0,439676.3951 4479123.1221 0,439679.3556 4479158.3361 0))",2683816,Verde,Línea,14
"MULTILINESTRING Z ((439728.9612 4479060.3127 0,439766.5579 4479057.9752 0,439769.7513 4479057.465 0,439771.1011 4479057.1357 0,439772.9118 4479056.5596 0,439775.6279 4479055.4238 0,439792.4015 4479046.4362 0))",2683825,Verde,Línea,13
"MULTILINESTRING Z ((441619.0012 4476531.4087 0,441635.5845 4476566.742 0))",2683827,Verde,Batería,14
"MULTILINESTRING Z ((439548.4057 4478833.3538 0,439555.6279 4478856.3168 0))",2683828,Verde,Línea,5
"MULTILINESTRING Z ((439699.0845 4478979.5754 0,439708.5845 4479021.8254 0))",2683842,Verde,Batería,16
"MULTILINESTRING Z ((441846.489 4475941.5761 0,441847.9057 4475962.5761 0))",2683843,Verde,Batería,6
"MULTILINESTRING Z ((441846.0723 4475937.3261 0,441845.0723 4475922.5761 0))",2683846,Verde,Batería,5
"MULTILINESTRING Z ((441838.3223 4475827.4927 0,441842.239 4475882.0761 0))",2683857,Verde,Batería,19
"MULTILINESTRING Z ((441987.8223 4475620.7427 0,441988.5723 4475630.5761 0))",2683864,Azul,Línea,2
"MULTILINESTRING Z ((441859.1557 4475745.9094 0,441889.239 4475743.7427 0))",2683869,Azul,Línea,7
"MULTILINESTRING Z ((441818.8223 4475640.3261 0,441826.1557 4475703.7427 0))",2683872,Verde,Batería,23
"MULTILINESTRING Z ((440271.0682 4476845.251 0,440274.3275 4476949.1193 0))",2683906,Verde,Línea,22
"MULTILINESTRING Z ((440924.739 4474439.2427 0,440931.489 4474415.6594 0))",2683935,Verde,Línea,5
"MULTILINESTRING Z ((440931.9057 4474414.1594 0,440938.8223 4474390.6594 0))",2683936,Verde,Línea,5
"MULTILINESTRING Z ((439745.8254 4478204.5267 0,439769.2822 4478155.6625 0))",2683941,Verde,Línea,11
"MULTILINESTRING Z ((437306.9057 4472916.7427 0,437421.6557 4472901.4927 0))",2683951,Verde,Línea,23
"MULTILINESTRING Z ((437235.8323 4472929.3882 0,437252.8273 4472926.942 0))",2683952,Verde,Línea,3
"MULTILINESTRING Z ((442232.6649 4479288.181 0,442240.1464 4479317.218 0,442242.0229 4479325.4403 0,442245.1588 4479346.1069 0))",2683954,Verde,Línea,12
"MULTILINESTRING Z ((442246.4674 4479354.7242 0,442249.0847 4479373.0452 0,442249.2081 4479386.181 0,442249.1341 4479403.1934 0,442249.3563 4479418.7736 0))",2683955,Verde,Línea,15
"MULTILINESTRING Z ((442251.0106 4479428.6501 0,442251.0106 4479419.3168 0))",2683956,Verde,Línea,2
"MULTILINESTRING Z ((439952.4839 4476844.5102 0,439971.1999 4476843.1604 0))",2683977,Verde,Batería,7
"MULTILINESTRING Z ((440004.9313 4476831.527 0,440014.1982 4476830.9157 0))",2683980,Verde,Batería,4
"MULTILINESTRING Z ((442333.1557 4472826.5761 0,442330.489 4472821.9927 0))",2683981,Verde,Línea,1
"MULTILINESTRING Z ((443027.739 4473351.7427 0,443023.3223 4473351.8261 0))",2683993,Verde,Línea,1
"MULTILINESTRING Z ((442451.0723 4473020.3261 0,442490.8223 4473087.5761 0))",2683994,Verde,Batería,30
"MULTILINESTRING Z ((441156.5723 4472597.4927 0,441166.1557 4472596.8261 0))",2683995,Verde,Línea,2
"MULTILINESTRING Z ((439542.5963 4480981.3772 0,439544.1217 4480981.7832 0))",2684004,Verde,Batería,1
"MULTILINESTRING Z ((441256.1464 4479729.9464 0,441296.8871 4479741.6872 0))",2684016,Verde,Línea,10
"MULTILINESTRING Z ((440418.739 4475845.4927 0,440437.1557 4475843.4094 0))",2684027,Verde,Batería,6
"MULTILINESTRING Z ((439771.1505 4480460.8888 0,439780.4015 4480487.0287 0))",2684028,Verde,Batería,12
"MULTILINESTRING Z ((439325.0819 4481021.4759 0,439332.226 4480994.4691 0))",2684065,Verde,Batería,12
"MULTILINESTRING Z ((439308.7801 4481083.2263 0,439322.5415 4481031.0946 0))",2684066,Verde,Batería,21
"MULTILINESTRING Z ((441175.989 4475835.7427 0,441174.989 4475820.4927 0))",2684091,Verde,Línea,3
"MULTILINESTRING Z ((441177.8223 4475865.7427 0,441180.239 4475901.4927 0))",2684092,Verde,Línea,8
"MULTILINESTRING Z ((440550.489 4475754.9927 0,440542.239 4475781.9094 0))",2684103,Verde,Línea,6
"MULTILINESTRING Z ((440550.739 4475754.0761 0,440553.489 4475744.8261 0))",2684106,Verde,Línea,2
"MULTILINESTRING Z ((441188.0723 4475780.4927 0,441198.5723 4475779.4927 0))",2684107,Verde,Línea,2
"MULTILINESTRING Z ((440032.0723 4476285.7427 0,439998.5723 4476288.3261 0))",2684172,Azul,Línea,7
"MULTILINESTRING Z ((441155.739 4472597.5761 0,441140.6557 4472598.8261 0))",2684185,Verde,Línea,3
"MULTILINESTRING Z ((441067.0723 4476244.2427 0,441068.4057 4476261.2427 0))",2684200,Verde,Batería,6
"MULTILINESTRING Z ((441080.489 4476426.6594 0,441081.3223 4476438.7427 0))",2684205,Verde,Batería,4
"MULTILINESTRING Z ((441110.1557 4476454.5761 0,441093.9057 4476454.9094 0))",2684218,Verde,Batería,6
"MULTILINESTRING Z ((443488.5723 4475192.9094 0,443505.1557 4475191.8261 0))",2684227,Verde,Línea,3
"MULTILINESTRING Z ((441376.239 4476375.6594 0,441375.989 4476359.7427 0))",2684235,Azul,Línea,3
"MULTILINESTRING Z ((441330.489 4475857.8261 0,441331.3223 4475863.4094 0))",2684238,Verde,Línea,1
"MULTILINESTRING Z ((441330.3223 4475857.0761 0,441329.489 4475852.3261 0))",2684239,Verde,Línea,1
"MULTILINESTRING Z ((440847.989 4476117.9927 0,440862.6557 4476120.3261 0))",2684266,Azul,Línea,3
"MULTILINESTRING Z ((439636.8223 4481532.6594 0,439655.9057 4481538.4927 0))",2684323,Azul,Batería,8
"MULTILINESTRING Z ((439285.9057 4475258.4927 0,439273.239 4475276.0761 0))",2684334,Verde,Línea,4
"MULTILINESTRING Z ((439268.5723 4475282.6594 0,439271.1557 4475279.0761 0))",2684335,Verde,Línea,1
"MULTILINESTRING Z ((443462.5723 4475485.2427 0,443496.1557 4475507.1594 0))",2684390,Verde,Línea,8
"MULTILINESTRING Z ((443515.739 4475421.8261 0,443564.0723 4475452.6594 0))",2684391,Verde,Línea,12
"MULTILINESTRING Z ((443568.239 4475455.0761 0,443598.6557 4475473.9927 0))",2684392,Verde,Línea,6
"MULTILINESTRING Z ((442910.6557 4475391.4927 0,442919.6557 4475390.8261 0))",2684448,Verde,Batería,3
"MULTILINESTRING Z ((443511.239 4475516.4094 0,443557.3223 4475546.6594 0))",2684449,Verde,Línea,11
"MULTILINESTRING Z ((444472.5723 4476732.4927 0,444471.739 4476736.0761 0))",2684467,Verde,Línea,1
"MULTILINESTRING Z ((444474.3223 4476732.6594 0,444475.9057 4476725.5761 0))",2684468,Verde,Línea,1
"MULTILINESTRING Z ((439744.9057 4476033.6594 0,439745.0723 4476036.1594 0))",2684489,Verde,Batería,1
"MULTILINESTRING Z ((439744.739 4476030.1594 0,439744.0723 4476017.9094 0))",2684490,Verde,Batería,4
"MULTILINESTRING Z ((443051.5723 4472827.9094 0,443042.1557 4472814.8261 0))",2684513,Verde,Línea,3
"MULTILINESTRING Z ((442046.6557 4476440.3261 0,442043.8223 4476401.4094 0))",2684514,Azul,Línea,9
"MULTILINESTRING Z ((443399.989 4477827.8261 0,443391.5723 4477841.4927 0))",2684520,Azul,Línea,3
"MULTILINESTRING Z ((439373.2429 4475055.8735 0,439368.0979 4475044.1804 0))",2684530,Verde,Línea,2
"MULTILINESTRING Z ((444600.0888 4475490.2715 0,444609.739 4475487.4094 0))",2684646,Verde,Línea,2
"MULTILINESTRING Z ((444616.9009 4475487.2647 0,444610.8432 4475489.1742 0))",2684647,Verde,Línea,1
"MULTILINESTRING Z ((441638.5085 4480730.1399 0,441653.1834 4480727.0205 0))",2684662,Azul,Línea,3
"MULTILINESTRING Z ((442704.6834 4480770.465 0,442708.4612 4480792.965 0))",2684683,Verde,Línea,4
"MULTILINESTRING Z ((442708.0614 4480769.0973 0,442697.68 4480705.1412 0))",2684684,Verde,Línea,14
"MULTILINESTRING Z ((443000.7884 4475679.2921 0,443020.3686 4475677.9094 0))",2684687,Azul,Línea,5
"MULTILINESTRING Z ((439945.7513 4477749.4979 0,439948.0065 4477744.5596 0))",2684692,Verde,Línea,1
"MULTILINESTRING Z ((440683.489 4476562.9927 0,440680.239 4476518.6594 0))",2684695,Verde,Línea,9
"MULTILINESTRING Z ((440684.4057 4476574.1594 0,440687.9057 4476623.7427 0))",2684699,Verde,Línea,10
"MULTILINESTRING Z ((440688.8223 4476635.2427 0,440688.3223 4476629.3261 0))",2684700,Verde,Línea,1
"MULTILINESTRING Z ((440679.9057 4476584.3261 0,440683.739 4476635.5761 0))",2684701,Azul,Línea,12
"MULTILINESTRING Z ((440417.7513 4480938.2304 0,440424.9859 4480940.2551 0))",2684704,Azul,Línea,1
"MULTILINESTRING Z ((439684.4674 4476987.336 0,439691.5236 4476976.9656 0,439696.6155 4476969.2729 0,439698.3494 4476966.5075 0,439700.4674 4476962.1728 0,439701.7074 4476959.1111 0,439702.6841 4476956.17 0,439704.0822 4476950.1282 0))",2684707,Verde,Línea,7
"MULTILINESTRING Z ((441043.6937 4477002.502 0,441032.739 4477003.2427 0))",2684711,Verde,Línea,2
"MULTILINESTRING Z ((444384.1464 4474803.0946 0,444391.1557 4474795.7427 0))",2684719,Verde,Línea,2
"MULTILINESTRING Z ((439633.7843 4480746.6008 0,439640.2863 4480748.3127 0))",2684786,Verde,Batería,3
"MULTILINESTRING Z ((441076.5723 4476374.9927 0,441078.4057 4476399.0761 0))",2684799,Verde,Batería,8
"MULTILINESTRING Z ((444506.9612 4477258.6255 0,444514.4674 4477263.465 0))",2684800,Verde,Línea,1
"MULTILINESTRING Z ((441470.2205 4477994.3538 0,441471.5538 4478010.5761 0))",2684826,Verde,Línea,3
"MULTILINESTRING Z ((443264.418 4479181.9094 0,443287.2822 4479180.5514 0))",2684828,Azul,Línea,4
"MULTILINESTRING Z ((442588.9808 4477899.565 0,442584.601 4477894.5595 0,442582.2547 4477891.2746 0,442581.3162 4477887.5205 0,442578.1878 4477855.2978 0))",2684850,Verde,Línea,10
"MULTILINESTRING Z ((442547.8223 4477990.7427 0,442548.489 4477997.0761 0))",2684856,Verde,Batería,2
"MULTILINESTRING Z ((442547.1658 4477982.3988 0,442547.6872 4477989.281 0))",2684857,Verde,Batería,2
"MULTILINESTRING Z ((442541.239 4477912.2427 0,442542.3223 4477925.0761 0))",2684859,Verde,Batería,4
"MULTILINESTRING Z ((442542.489 4477926.9927 0,442543.739 4477942.7427 0))",2684860,Verde,Batería,5
"MULTILINESTRING Z ((442524.239 4477737.8261 0,442521.3223 4477706.7427 0))",2684862,Azul,Línea,6
"MULTILINESTRING Z ((442845.489 4477712.0761 0,442866.0723 4477715.5761 0))",2684874,Verde,Línea,4
"MULTILINESTRING Z ((442465.3223 4477104.2427 0,442460.6557 4477057.3261 0))",2684881,Azul,Línea,10
"MULTILINESTRING Z ((442514.0723 4477056.2427 0,442511.1557 4477027.1594 0))",2684884,Verde,Línea,6
"MULTILINESTRING Z ((442615.0723 4477183.4927 0,442663.3223 4477136.1594 0))",2684894,Azul,Línea,14
"MULTILINESTRING Z ((442705.1557 4477194.4094 0,442672.0723 4477226.5761 0))",2684896,Verde,Línea,10
"MULTILINESTRING Z ((442535.3316 4478152.823 0,442535.156 4478151.0013 0))",2684899,Verde,Batería,1
"MULTILINESTRING Z ((442608.1557 4477342.0761 0,442616.989 4477351.2427 0))",2684901,Verde,Línea,2
"MULTILINESTRING Z ((442666.489 4477276.4927 0,442652.989 4477262.6594 0))",2684902,Verde,Línea,4
"MULTILINESTRING Z ((439048.1346 4477506.0307 0,439056.3212 4477499.7097 0,439067.9315 4477491.9182 0))",2684920,Verde,Línea,5
"MULTILINESTRING Z ((439070.5908 4477490.3538 0,439073.3686 4477488.7983 0,439076.3686 4477487.2798 0,439081.2575 4477485.0946 0,439087.1094 4477482.7983 0,439093.1834 4477480.8353 0))",2684925,Verde,Línea,5
"MULTILINESTRING Z ((442394.3223 4477380.9094 0,442403.8223 4477390.4927 0))",2684958,Verde,Línea,3
"MULTILINESTRING Z ((439175.6032 4477555.6131 0,439178.8871 4477566.0329 0))",2684959,Azul,Línea,2
"MULTILINESTRING Z ((439171.9489 4477540.9711 0,439172.9859 4477546.2798 0,439174.7143 4477552.6008 0))",2684962,Azul,Línea,2
"MULTILINESTRING Z ((439170.4592 4477527.1549 0,439170.1519 4477522.2715 0,439170.3107 4477517.1728 0,439170.4131 4477514.444 0,439171.1154 4477507.6548 0))",2684967,Azul,Línea,4
"MULTILINESTRING Z ((442393.4057 4477501.4927 0,442379.0723 4477515.4927 0))",2684968,Verde,Línea,4
"MULTILINESTRING Z ((439171.4057 4477505.3168 0,439172.2452 4477500.0822 0,439174.3686 4477490.1316 0))",2684969,Azul,Línea,3
"MULTILINESTRING Z ((439179.4468 4477543.3909 0,439179.2328 4477542.4691 0,439178.2616 4477536.395 0,439177.2246 4477525.3662 0))",2684972,Azul,Línea,3
"MULTILINESTRING Z ((442349.489 4477544.4927 0,442340.5723 4477553.3261 0))",2684973,Verde,Línea,2
"MULTILINESTRING Z ((442336.239 4477557.3261 0,442324.0723 4477569.5761 0))",2684975,Verde,Línea,4
"MULTILINESTRING Z ((439185.2081 4477476.1069 0,439187.2575 4477468.7489 0))",2684982,Azul,Línea,1
"MULTILINESTRING Z ((439193.6279 4477444.6872 0,439199.4797 4477423.5761 0))",2684983,Azul,Línea,4
"MULTILINESTRING Z ((439178.3933 4477474.4032 0,439179.9983 4477468.4032 0))",2684992,Azul,Línea,1
"MULTILINESTRING Z ((439180.739 4477465.3538 0,439191.2946 4477426.7983 0))",2685001,Azul,Línea,8
"MULTILINESTRING Z ((439191.9983 4477424.3045 0,439194.6649 4477414.5761 0))",2685002,Azul,Línea,2
"MULTILINESTRING Z ((442730.989 4477368.1594 0,442707.5723 4477401.4094 0))",2685003,Verde,Línea,8
"MULTILINESTRING Z ((441160.6557 4475625.6594 0,441160.0723 4475616.1594 0))",2685005,Verde,Línea,2
"MULTILINESTRING Z ((441139.489 4472592.9094 0,441164.8223 4472590.7427 0))",2685006,Verde,Línea,5
"MULTILINESTRING Z ((441172.9057 4472589.9927 0,441184.8223 4472589.1594 0))",2685007,Verde,Línea,2
"MULTILINESTRING Z ((439886.9057 4477417.8538 0,439925.4612 4477449.1316 0))",2685008,Verde,Batería,18
"MULTILINESTRING Z ((440024.7966 4477454.5514 0,440032.489 4477445.2427 0))",2685010,Verde,Línea,2
"MULTILINESTRING Z ((442622.5723 4477382.2427 0,442614.0723 4477390.7427 0))",2685012,Verde,Línea,2
"MULTILINESTRING Z ((439341.2411 4477380.9218 0,439367.6114 4477379.144 0))",2685013,Verde,Línea,5
"MULTILINESTRING Z ((442563.239 4477569.9094 0,442554.1557 4477602.5761 0,442553.489 4477604.7427 0,442549.0723 4477621.4094 0))",2685014,Verde,Línea,10
"MULTILINESTRING Z ((439557.4386 4477376.7078 0,439518.6649 4477379.4156 0))",2685016,Verde,Batería,14
"MULTILINESTRING Z ((442674.3223 4477569.8261 0,442680.239 4477570.6594 0))",2685017,Verde,Línea,1
"MULTILINESTRING Z ((439459.8199 4477383.4842 0,439477.466 4477382.2661 0))",2685018,Verde,Línea,3
"MULTILINESTRING Z ((442699.739 4477545.965 0,442705.2946 4477529.8538 0))",2685019,Verde,Línea,4
"MULTILINESTRING Z ((440948.5307 4472607.3261 0,441073.6557 4472598.0761 0))",2685020,Verde,Línea,27
"MULTILINESTRING Z ((439478.0723 4477384.8724 0,439495.1557 4477383.5761 0))",2685021,Verde,Línea,3
"MULTILINESTRING Z ((441082.4057 4472597.7011 0,441105.0307 4472595.8261 0))",2685022,Verde,Línea,4
"MULTILINESTRING Z ((441084.0723 4472602.9094 0,441090.9057 4472602.3261 0))",2685023,Verde,Línea,1
"MULTILINESTRING Z ((441067.0723 4472604.3261 0,441073.9057 4472603.8261 0))",2685024,Verde,Línea,1
"MULTILINESTRING Z ((442800.989 4477370.9094 0,442791.3223 4477384.4927 0))",2685025,Verde,Línea,4
"MULTILINESTRING Z ((439509.5291 4477246.8477 0,439537.9242 4477244.6995 0))",2685027,Verde,Línea,6
"MULTILINESTRING Z ((444803.3069 4474845.9835 0,444799.1094 4474848.0822 0))",2685030,Verde,Línea,1
"MULTILINESTRING Z ((442779.3223 4477410.2427 0,442782.6557 4477405.3261 0))",2685031,Verde,Línea,1
"MULTILINESTRING Z ((439176.1464 4477241.7859 0,439178.0476 4477251.3168 0))",2685032,Verde,Línea,2
"MULTILINESTRING Z ((439181.9653 4477265.0534 0,439179.1176 4477255.5226 0))",2685033,Verde,Línea,2
"MULTILINESTRING Z ((439269.3069 4477325.2674 0,439252.5662 4477325.0205 0))",2685037,Verde,Línea,3
"MULTILINESTRING Z ((439243.1834 4477324.9547 0,439248.3357 4477324.9876 0))",2685038,Verde,Línea,1
"MULTILINESTRING Z ((439227.5538 4477331.6625 0,439232.3933 4477331.7119 0))",2685041,Verde,Línea,1
"MULTILINESTRING Z ((439245.455 4477331.8847 0,439235.9736 4477331.7613 0))",2685042,Verde,Línea,2
"MULTILINESTRING Z ((439268.0229 4477242.0576 0,439269.5291 4477267.5884 0))",2685044,Verde,Línea,5
"MULTILINESTRING Z ((439271.5538 4477302.4279 0,439271.7513 4477306.8724 0))",2685046,Verde,Línea,1
"MULTILINESTRING Z ((439272.5003 4477322.3868 0,439271.9571 4477311.2921 0))",2685048,Verde,Línea,2
"MULTILINESTRING Z ((439275.1094 4477242.2427 0,439275.9612 4477256.9835 0))",2685052,Verde,Línea,3
"MULTILINESTRING Z ((439277.739 4477288.1316 0,439276.2205 4477261.5761 0))",2685053,Verde,Línea,5
"MULTILINESTRING Z ((439278.2575 4477297.0946 0,439279.4057 4477316.7983 0))",2685056,Verde,Línea,4
"MULTILINESTRING Z ((439279.6649 4477320.7613 0,439280.702 4477339.0205 0))",2685058,Verde,Línea,4
"MULTILINESTRING Z ((439282.739 4477373.3538 0,439281.6279 4477354.0205 0))",2685059,Verde,Línea,4
"MULTILINESTRING Z ((439273.6649 4477335.7613 0,439274.8501 4477357.4279 0))",2685060,Verde,Línea,4
"MULTILINESTRING Z ((439275.7513 4477373.7366 0,439275.1588 4477362.7242 0))",2685061,Verde,Línea,2
"MULTILINESTRING Z ((439029.8131 4477152.9835 0,439158.6649 4477146.0576 0))",2685067,Verde,Batería,44
"MULTILINESTRING Z ((439119.8501 4477403.0205 0,439116.6279 4477391.6131 0))",2685077,Verde,Línea,2
"MULTILINESTRING Z ((439101.9612 4477369.7613 0,439106.5908 4477375.3909 0,439111.739 4477382.1687 0,439114.8131 4477387.8724 0))",2685078,Verde,Línea,4
"MULTILINESTRING Z ((439108.2452 4477330.9218 0,439137.6526 4477331.0205 0))",2685079,Verde,Línea,6
"MULTILINESTRING Z ((439115.6649 4477324.0576 0,439079.9983 4477323.8353 0))",2685080,Verde,Línea,8
"MULTILINESTRING Z ((439119.9242 4477324.0576 0,439129.739 4477324.1316 0))",2685081,Verde,Línea,2
"MULTILINESTRING Z ((439151.4057 4477324.2798 0,439161.2575 4477324.3168 0))",2685082,Verde,Línea,2
"MULTILINESTRING Z ((439204.1094 4477324.6131 0,439176.776 4477324.4279 0))",2685086,Verde,Línea,5
"MULTILINESTRING Z ((439063.381 4477254.7654 0,439062.5579 4477264.8559 0))",2685089,Verde,Línea,2
"MULTILINESTRING Z ((439059.2205 4477305.502 0,439062.0723 4477270.7613 0))",2685090,Verde,Línea,7
"MULTILINESTRING Z ((439066.4797 4477303.0946 0,439067.6279 4477288.4279 0))",2685092,Verde,Línea,3
"MULTILINESTRING Z ((439067.9983 4477283.9835 0,439069.6279 4477263.7983 0))",2685093,Verde,Línea,4
"MULTILINESTRING Z ((438965.0106 4477330.1316 0,438999.8007 4477330.3785 0))",2685097,Verde,Línea,7
"MULTILINESTRING Z ((439042.1279 4477330.6316 0,439004.8501 4477330.465 0))",2685098,Verde,Línea,8
"MULTILINESTRING Z ((442940.8223 4477549.0761 0,442950.9057 4477551.2427 0,442954.739 4477555.7427 0))",2685099,Verde,Batería,6
"MULTILINESTRING Z ((438973.3316 4477323.1687 0,438977.8748 4477323.1934 0))",2685100,Verde,Línea,1
"MULTILINESTRING Z ((438981.06 4477323.218 0,438995.6526 4477323.2921 0))",2685101,Verde,Línea,3
"MULTILINESTRING Z ((439042.2205 4477323.5637 0,439027.455 4477323.4897 0))",2685102,Verde,Línea,3
"MULTILINESTRING Z ((439000.7884 4477323.3415 0,439023.8254 4477323.465 0))",2685103,Verde,Línea,5
"MULTILINESTRING Z ((438957.0271 4477334.6666 0,438953.883 4477374.2715 0))",2685105,Azul,Línea,8
"MULTILINESTRING Z ((443146.0723 4477905.0761 0,443139.989 4477903.2427 0))",2685106,Verde,Línea,1
"MULTILINESTRING Z ((443171.6557 4477907.9094 0,443203.8223 4477904.1594 0))",2685110,Verde,Línea,7
"MULTILINESTRING Z ((439000.9612 4477403.7427 0,439019.3501 4477378.6872 0,439022.9612 4477373.9094 0))",2685111,Verde,Línea,8
"MULTILINESTRING Z ((439024.9612 4477371.0761 0,439045.0723 4477343.6872 0))",2685112,Verde,Línea,7
"MULTILINESTRING Z ((442999.0723 4477904.4094 0,442983.239 4477907.1594 0))",2685115,Verde,Línea,3
"MULTILINESTRING Z ((438996.1464 4477421.9835 0,438996.776 4477421.502 0,438997.4057 4477420.6501 0,439018.5908 4477391.5761 0))",2685116,Verde,Línea,7
"MULTILINESTRING Z ((439028.1217 4477378.4773 0,439021.2081 4477387.9835 0))",2685118,Verde,Línea,2
"MULTILINESTRING Z ((443026.8501 4477891.2427 0,443055.739 4477885.6316 0))",2685119,Verde,Línea,6
"MULTILINESTRING Z ((439039.4468 4477362.9794 0,439042.5579 4477358.7325 0))",2685127,Verde,Línea,1
"MULTILINESTRING Z ((439050.4797 4477347.7983 0,439044.3686 4477356.2057 0))",2685129,Verde,Línea,2
"MULTILINESTRING Z ((439904.2205 4477391.7859 0,439911.2575 4477397.4897 0))",2685135,Verde,Línea,2
"MULTILINESTRING Z ((439814.1958 4477318.5761 0,439896.1711 4477385.2427 0))",2685137,Verde,Línea,22
"MULTILINESTRING Z ((440102.0641 4477358.2222 0,440101.702 4477359.7859 0,440101.2904 4477360.9876 0,440084.0888 4477397.86 0))",2685140,Verde,Batería,15
"MULTILINESTRING Z ((440286.1135 4477317.7777 0,440286.1958 4477320.6255 0))",2685141,Verde,Línea,1
"MULTILINESTRING Z ((444345.6557 4477314.9511 0,444373.6557 4477294.8261 0,444376.0307 4477294.0761 0))",2685152,Verde,Línea,7
"MULTILINESTRING Z ((440285.0847 4477286.0082 0,440284.6155 4477271.5884 0))",2685154,Verde,Línea,3
"MULTILINESTRING Z ((444338.489 4477222.1594 0,444354.1557 4477229.3261 0))",2685155,Azul,Batería,7
"MULTILINESTRING Z ((444272.0716 4477069.1969 0,444272.6215 4477063.6291 0))",2685156,Verde,Línea,1
"MULTILINESTRING Z ((443028.1557 4477555.7427 0,443024.6557 4477565.8261 0))",2685157,Verde,Línea,2
"MULTILINESTRING Z ((440155.3481 4477177.2016 0,440165.3563 4477156.1152 0,440170.3933 4477146.0246 0,440187.7267 4477109.9259 0))",2685158,Azul,Línea,15
"MULTILINESTRING Z ((444392.9057 4476944.2427 0,444405.7946 4476954.7427 0))",2685159,Verde,Línea,3
"MULTILINESTRING Z ((439259.9077 4477140.7846 0,439257.4057 4477140.9382 0))",2685161,Verde,Batería,1
"MULTILINESTRING Z ((444298.5012 4476909.6587 0,444296.5012 4476920.242 0,444295.0012 4476931.242 0))",2685165,Verde,Línea,4
"MULTILINESTRING Z ((444489.6502 4476871.7773 0,444538.4032 4476895.2162 0))",2685174,Verde,Batería,20
"MULTILINESTRING Z ((444457.4057 4476841.2011 0,444514.9057 4476868.4511 0))",2685177,Verde,Batería,30
"MULTILINESTRING Z ((444389.1279 4476542.1316 0,444413.5168 4476548.5761 0))",2685179,Verde,Línea,5
"MULTILINESTRING Z ((444382.6649 4476512.2798 0,444385.739 4476501.0946 0))",2685185,Verde,Batería,4
"MULTILINESTRING Z ((444366.0386 4476513.0587 0,444376.1853 4476473.9802 0))",2685186,Verde,Batería,17
"MULTILINESTRING Z ((439527.1011 4477140.2962 0,439547.6834 4477139.3538 0))",2685187,Verde,Batería,8
"MULTILINESTRING Z ((444340.6557 4476462.2011 0,444331.7807 4476498.0761 0))",2685188,Verde,Batería,16
"MULTILINESTRING Z ((439518.1299 4477138.7818 0,439479.3645 4477140.5596 0))",2685190,Azul,Batería,14
"MULTILINESTRING Z ((439584.1217 4476972.3292 0,439591.3645 4476972.1975 0,439594.9859 4476972.6584 0,439600.7308 4476973.6625 0,439603.9077 4476974.3538 0))",2685193,Verde,Línea,4
"MULTILINESTRING Z ((439648.8625 4477001.2921 0,439617.8007 4476981.0699 0))",2685195,Verde,Línea,7
"MULTILINESTRING Z ((444735.5307 4476750.0761 0,444747.6557 4476757.5761 0,444756.1557 4476762.9511 0,444758.1557 4476766.2011 0,444758.9057 4476771.2011 0,444757.4057 4476775.3261 0))",2685199,Verde,Línea,8
"MULTILINESTRING Z ((444707.6401 4476733.0476 0,444728.2512 4476745.5476 0))",2685200,Verde,Línea,5
"MULTILINESTRING Z ((444589.1834 4477064.1872 0,444600.0723 4477051.0205 0))",2685201,Verde,Línea,3
"MULTILINESTRING Z ((444742.1557 4477072.3261 0,444751.1557 4477061.8261 0))",2685202,Verde,Batería,6
"MULTILINESTRING Z ((444887.6557 4477085.0761 0,444912.7807 4477123.8261 0))",2685204,Verde,Batería,19
"MULTILINESTRING Z ((444857.0307 4477053.7011 0,444872.0307 4477075.9511 0))",2685205,Verde,Batería,11
"MULTILINESTRING Z ((444824.3223 4477469.9094 0,444832.9057 4477476.1594 0))",2685208,Verde,Batería,3
"MULTILINESTRING Z ((444791.739 4477410.4094 0,444787.6557 4477414.9094 0))",2685209,Verde,Línea,1
"MULTILINESTRING Z ((444713.1557 4477539.3261 0,444717.9057 4477542.2427 0))",2685211,Verde,Línea,1
"MULTILINESTRING Z ((439705.9242 4476938.0576 0,439706.6896 4476933.0699 0))",2685212,Verde,Línea,1
"MULTILINESTRING Z ((444781.489 4477576.3261 0,444795.989 4477584.2427 0))",2685213,Verde,Línea,3
"MULTILINESTRING Z ((439688.6896 4477041.4156 0,439693.7513 4477044.8477 0))",2685214,Verde,Línea,1
"MULTILINESTRING Z ((439774.7884 4477086.3045 0,439828.2699 4477122.3292 0))",2685215,Verde,Línea,13
"MULTILINESTRING Z ((439843.776 4477120.4526 0,439849.3069 4477114.2304 0,439880.9859 4477077.6872 0,439889.0106 4477068.6995 0,439895.1588 4477061.3662 0,439900.2946 4477054.6995 0,439904.7884 4477048.2551 0,439910.097 4477039.9835 0,439915.1341 4477031.8106 0,439919.1834 4477024.8971 0,439922.0476 4477019.5884 0,439923.6279 4477016.2057 0,439926.9859 4477008.181 0))",2685218,Verde,Línea,29
"MULTILINESTRING Z ((440090.5415 4476967.144 0,440088.7308 4476936.6255 0))",2685236,Verde,Línea,6
"MULTILINESTRING Z ((439453.9489 4476842.3785 0,439522.5662 4476838.0082 0))",2685237,Verde,Batería,25
"MULTILINESTRING Z ((439449.3316 4476889.1193 0,439447.5044 4476857.6131 0))",2685241,Verde,Línea,7
"MULTILINESTRING Z ((439727.8501 4476869.9094 0,439739.0723 4476846.6501 0))",2685249,Verde,Línea,6
"MULTILINESTRING Z ((439789.239 4476797.6872 0,439791.1279 4476826.965 0))",2685252,Verde,Batería,11
"MULTILINESTRING Z ((439786.4921 4476755.6131 0,439788.5168 4476786.5514 0))",2685255,Verde,Batería,11
"MULTILINESTRING Z ((440078.8501 4476816.8353 0,440078.2205 4476805.539 0))",2685256,Verde,Línea,2
"MULTILINESTRING Z ((439780.0723 4475483.5761 0,439776.989 4475474.3261 0))",2685257,Verde,Línea,2
"MULTILINESTRING Z ((443112.489 4474357.0761 0,443118.1557 4474356.7427 0))",2685258,Verde,Línea,1
"MULTILINESTRING Z ((442173.739 4479060.5761 0,442155.8223 4479060.3261 0))",2685263,Azul,Línea,4
"MULTILINESTRING Z ((441498.9859 4477203.9094 0,441482.3439 4477196.0329 0,441479.9242 4477194.823 0,441478.0476 4477193.7119 0,441475.9242 4477192.3292 0,441474.418 4477191.218 0,441471.3316 4477188.7242 0,441469.3563 4477186.8477 0,441467.8748 4477185.2674 0,441466.6402 4477183.7859 0))",2685266,Verde,Línea,8
"MULTILINESTRING Z ((440085.5168 4476722.7427 0,440091.0723 4476817.9094 0))",2685269,Verde,Línea,20
"MULTILINESTRING Z ((440095.1341 4476889.1687 0,440095.776 4476900.502 0))",2685291,Verde,Línea,2
"MULTILINESTRING Z ((440768.0723 4476898.9927 0,440719.489 4476902.4094 0))",2685318,Verde,Batería,18
"MULTILINESTRING Z ((443865.5168 4478427.4279 0,443868.4057 4478428.3909 0,443875.8501 4478431.539 0,443883.9612 4478435.502 0,443890.2575 4478439.2057 0,443897.6649 4478444.5761 0))",2685336,Verde,Batería,19
"MULTILINESTRING Z ((442548.489 4477998.4094 0,442549.0723 4478003.7427 0))",2685358,Verde,Batería,2
"MULTILINESTRING Z ((439571.989 4478572.9094 0,439579.0723 4478586.7427 0,439584.739 4478597.0761 0,439589.3223 4478605.1594 0))",2685411,Verde,Línea,7
"MULTILINESTRING Z ((440132.6643 4478959.0735 0,440127.1523 4478958.0713 0))",2685432,Verde,Línea,1
"MULTILINESTRING Z ((440111.8414 4478954.9534 0,440124.1458 4478957.4589 0))",2685433,Verde,Línea,3
"MULTILINESTRING Z ((439975.1957 4479906.9365 0,439979.8068 4479921.1587 0))",2685446,Verde,Batería,6
"MULTILINESTRING Z ((440208.9805 4479957.1648 0,440212.3752 4479967.9733 0))",2685463,Verde,Batería,3
"MULTILINESTRING Z ((443287.2807 4475098.3261 0,443281.0307 4475010.4511 0))",2685464,Azul,Línea,17
"MULTILINESTRING Z ((440202.6983 4479936.5623 0,440208.1611 4479954.4334 0))",2685465,Verde,Batería,7
"MULTILINESTRING Z ((440172.9344 4479995.8193 0,440168.0845 4479997.3254 0))",2685467,Verde,Línea,1
"MULTILINESTRING Z ((440179.5707 4479993.618 0,440175.029 4479994.992 0))",2685468,Verde,Línea,1
"MULTILINESTRING Z ((440186.3436 4479991.4677 0,440181.7929 4479992.9504 0))",2685469,Verde,Línea,1
"MULTILINESTRING Z ((440193.1314 4479989.4756 0,440188.3345 4479990.992 0))",2685470,Verde,Línea,1
"MULTILINESTRING Z ((440199.9179 4479987.4087 0,440195.0845 4479988.9087 0))",2685471,Verde,Línea,1
"MULTILINESTRING Z ((440202.5012 4479987.992 0,440206.3345 4479986.9087 0))",2685472,Verde,Línea,1
"MULTILINESTRING Z ((440788.6557 4472671.9094 0,440766.6557 4472641.1594 0))",2685473,Azul,Línea,8
"MULTILINESTRING Z ((439794.8223 4478690.7427 0,439792.5723 4478684.2427 0))",2685485,Verde,Línea,1
"MULTILINESTRING Z ((440132.5723 4480110.9927 0,440121.3223 4480115.9094 0))",2685491,Verde,Línea,2
"MULTILINESTRING Z ((440244.489 4480079.6594 0,440245.739 4480074.1594 0))",2685493,Verde,Línea,1
"MULTILINESTRING Z ((440257.989 4480021.4927 0,440255.739 4480030.9094 0))",2685495,Verde,Línea,2
"MULTILINESTRING Z ((440566.9201 4480048.5267 0,440582.5085 4480028.0164 0))",2685500,Verde,Línea,4
"MULTILINESTRING Z ((440310.4057 4479977.5761 0,440323.9057 4479993.9094 0))",2685503,Verde,Línea,4
"MULTILINESTRING Z ((440358.1464 4479816.1687 0,440364.1464 4479813.502 0))",2685504,Azul,Batería,3
"MULTILINESTRING Z ((440349.489 4479890.3261 0,440364.739 4479878.2427 0))",2685507,Verde,Línea,4
"MULTILINESTRING Z ((440269.8223 4479811.9927 0,440271.6557 4479814.6594 0))",2685511,Verde,Batería,1
"MULTILINESTRING Z ((440229.1464 4479763.1316 0,440233.702 4479766.6872 0))",2685513,Verde,Línea,1
"MULTILINESTRING Z ((440458.6834 4479592.6316 0,440502.5723 4479584.1872 0))",2685521,Verde,Línea,9
"MULTILINESTRING Z ((440352.739 4479621.8353 0,440357.3168 4479621.3687 0))",2685522,Verde,Batería,2
"MULTILINESTRING Z ((440304.1382 4479626.2551 0,440299.1011 4479626.6337 0))",2685523,Verde,Batería,2
"MULTILINESTRING Z ((440581.4057 4479958.4094 0,440583.5723 4479962.1872 0))",2685528,Verde,Línea,1
"MULTILINESTRING Z ((440777.8501 4479979.1872 0,440765.0723 4479996.4094 0,440757.3501 4480008.2427 0))",2685539,Verde,Batería,14
"MULTILINESTRING Z ((440754.739 4480011.5761 0,440751.5168 4480016.5761 0))",2685540,Verde,Batería,2
"MULTILINESTRING Z ((440706.8131 4480001.2798 0,440705.0723 4480003.6131 0))",2685542,Verde,Línea,1
"MULTILINESTRING Z ((440574.0723 4479607.6594 0,440537.0723 4479616.0761 0))",2685549,Verde,Batería,13
"MULTILINESTRING Z ((440730.9057 4479353.6316 0,440728.6279 4479349.0205 0))",2685553,Verde,Línea,1
"MULTILINESTRING Z ((440803.1279 4479401.5761 0,440804.9612 4479408.4094 0))",2685556,Verde,Batería,2
"MULTILINESTRING Z ((444761.6557 4475184.4094 0,444772.5723 4475194.9094 0))",2685557,Azul,Línea,2
"MULTILINESTRING Z ((444744.489 4475170.3261 0,444748.4057 4475174.0761 0))",2685558,Azul,Línea,1
"MULTILINESTRING Z ((444730.3223 4475153.6594 0,444745.6557 4475168.2427 0))",2685559,Azul,Línea,3
"MULTILINESTRING Z ((444718.8223 4475145.5761 0,444728.6557 4475155.1594 0))",2685560,Azul,Línea,3
"MULTILINESTRING Z ((440461.6279 4478494.8724 0,440441.5908 4478499.9835 0))",2685568,Verde,Línea,4
"MULTILINESTRING Z ((442829.4612 4475330.5205 0,442828.4057 4475317.4094 0))",2685588,Verde,Batería,4
"MULTILINESTRING Z ((442842.489 4475515.8261 0,442841.489 4475500.6594 0))",2685590,Verde,Batería,5
"MULTILINESTRING Z ((439826.1135 4480420.8559 0,439836.2863 4480422.0246 0))",2685596,Verde,Línea,2
"MULTILINESTRING Z ((439838.8131 4480432.3909 0,439883.2205 4480437.0576 0))",2685597,Azul,Línea,9
"MULTILINESTRING Z ((440163.2946 4481856.6872 0,440206.0723 4481870.7613 0))",2685601,Verde,Línea,9
"MULTILINESTRING Z ((440216.8871 4481874.3168 0,440324.702 4481909.9094 0))",2685603,Verde,Línea,26
"MULTILINESTRING Z ((442783.0168 4481249.4094 0,442780.9612 4481270.8538 0))",2685607,Verde,Línea,4
"MULTILINESTRING Z ((442780.0353 4481248.5761 0,442780.9612 4481239.465 0))",2685608,Verde,Línea,2
"MULTILINESTRING Z ((443628.0229 4478738.6255 0,443637.5044 4478741.2674 0))",2685610,Verde,Línea,2
"MULTILINESTRING Z ((439699.8674 4481535.5472 0,439729.5254 4481543.5629 0))",2685617,Verde,Línea,6
"MULTILINESTRING Z ((439730.9504 4481541.1582 0,439741.1036 4481543.741 0))",2685619,Verde,Línea,2
"MULTILINESTRING Z ((442752.489 4475399.2427 0,442767.0723 4475398.0761 0))",2685626,Azul,Línea,3
"MULTILINESTRING Z ((442654.7512 4475252.242 0,442669.6679 4475251.1587 0))",2685639,Verde,Batería,5
"MULTILINESTRING Z ((443219.739 4474933.9094 0,443235.6557 4474932.9094 0))",2685650,Verde,Batería,4
"MULTILINESTRING Z ((442069.0723 4477694.6594 0,442055.1557 4477702.1594 0))",2685666,Verde,Línea,3
"MULTILINESTRING Z ((443564.6557 4476173.7427 0,443561.6557 4476191.6594 0))",2685682,Verde,Línea,3
"MULTILINESTRING Z ((440870.739 4476900.7427 0,440849.739 4476902.1594 0))",2685688,Verde,Línea,4
"MULTILINESTRING Z ((439438.239 4476854.3261 0,439438.6557 4476860.8261 0))",2685700,Verde,Batería,2
"MULTILINESTRING Z ((441096.0723 4478443.1594 0,441097.4057 4478459.1594 0))",2685706,Azul,Batería,6
"MULTILINESTRING Z ((440102.9057 4479001.3261 0,440097.239 4478988.3261 0))",2685733,Verde,Línea,3
"MULTILINESTRING Z ((440624.9057 4475978.7011 0,440651.7807 4475898.7011 0))",2685773,Verde,Línea,17
"MULTILINESTRING Z ((439728.0723 4477890.3261 0,439743.9057 4477892.0761 0))",2685836,Azul,Batería,5
"MULTILINESTRING Z ((439748.0168 4477644.9094 0,439754.4057 4477624.4094 0))",2685844,Azul,Línea,4
"MULTILINESTRING Z ((439597.9057 4477573.0761 0,439592.2946 4477590.2427 0))",2685848,Azul,Línea,3
"MULTILINESTRING Z ((439344.739 4477847.1316 0,439354.1279 4477848.1872 0))",2685850,Azul,Línea,2
"MULTILINESTRING Z ((443667.1279 4474467.6316 0,443665.1834 4474469.7983 0,443663.7946 4474471.9094 0))",2685851,Verde,Línea,1
"MULTILINESTRING Z ((443687.2946 4474455.965 0,443690.6834 4474449.9094 0,443692.5723 4474444.4094 0))",2685852,Verde,Batería,5
"MULTILINESTRING Z ((443691.5307 4474415.2011 0,443684.4057 4474400.8261 0,443679.5307 4474390.3261 0,443674.7807 4474379.0761 0,443662.7807 4474339.2011 0))",2685853,Verde,Batería,31
"MULTILINESTRING Z ((443654.2807 4474335.7011 0,443668.6557 4474383.4511 0))",2685854,Verde,Batería,17
"MULTILINESTRING Z ((443669.1557 4474384.7011 0,443675.7807 4474400.9511 0))",2685855,Verde,Batería,6
"MULTILINESTRING Z ((443676.1834 4474402.0205 0,443683.4612 4474417.1316 0))",2685856,Verde,Batería,6
"MULTILINESTRING Z ((443649.1557 4474320.9511 0,443641.5307 4474299.3261 0,443636.9057 4474291.8261 0,443629.0307 4474281.9511 0))",2685857,Verde,Batería,16
"MULTILINESTRING Z ((443625.7807 4474269.3261 0,443635.5307 4474277.8261 0,443642.7807 4474286.9511 0,443653.5307 4474308.8261 0))",2685858,Verde,Batería,14
"MULTILINESTRING Z ((443608.2807 4474258.7011 0,443597.5307 4474255.3261 0,443589.7807 4474253.7011 0,443582.2807 4474252.7011 0,443569.4057 4474252.9511 0))",2685859,Verde,Batería,14
"MULTILINESTRING Z ((443578.6557 4474259.4927 0,443589.9057 4474260.7427 0,443596.4057 4474262.0761 0,443612.0723 4474268.9927 0))",2685861,Verde,Batería,13
"MULTILINESTRING Z ((444543.8501 4475087.6872 0,444548.3501 4475091.8538 0))",2685907,Azul,Línea,1
"MULTILINESTRING Z ((439580.1834 4473501.5205 0,439576.1834 4473496.0205 0))",2686034,Verde,Línea,1
"MULTILINESTRING Z ((439575.8223 4473495.2427 0,439573.1557 4473491.5761 0))",2686073,Verde,Línea,1
"MULTILINESTRING Z ((437348.739 4473246.7427 0,437314.739 4473257.9094 0))",2686164,Verde,Batería,13
"MULTILINESTRING Z ((443284.4057 4478201.9927 0,443258.8223 4478204.1594 0,443248.9057 4478202.8261 0,443216.8223 4478203.0761 0,443209.4057 4478202.7427 0))",2686236,Verde,Línea,15
"MULTILINESTRING Z ((443189.989 4478201.8261 0,443204.739 4478202.5761 0))",2686237,Verde,Línea,3
"MULTILINESTRING Z ((440890.739 4472016.1594 0,440898.489 4472001.4094 0))",2686252,Azul,Línea,3
"MULTILINESTRING Z ((441555.9057 4474492.9094 0,441556.9057 4474507.9927 0))",2686306,Verde,Línea,2
"MULTILINESTRING Z ((441552.6557 4474456.9094 0,441551.489 4474441.8261 0))",2686307,Verde,Línea,3
"MULTILINESTRING Z ((441548.989 4474397.8495 0,441549.989 4474415.6829 0))",2686308,Verde,Línea,3
"MULTILINESTRING Z ((444541.2081 4476983.0699 0,444548.6896 4476989.3909 0))",2686310,Verde,Línea,2
"MULTILINESTRING Z ((441304.7884 4478463.6625 0,441305.8007 4478474.9464 0))",2686319,Azul,Batería,4
"MULTILINESTRING Z ((441553.739 4476216.9927 0,441556.5723 4476195.0761 0))",2686355,Azul,Línea,4
"MULTILINESTRING Z ((441556.739 4476194.2427 0,441558.6557 4476178.9094 0))",2686356,Azul,Línea,3
"MULTILINESTRING Z ((442575.9406 4477236.3292 0,442581.5044 4477230.8312 0))",2686369,Verde,Línea,1
"MULTILINESTRING Z ((440079.3563 4481895.5884 0,440079.6279 4481895.0699 0,440080.8378 4481891.8106 0))",2686375,Verde,Línea,1
"MULTILINESTRING Z ((440338.7884 4480025.9972 0,440335.4413 4480020.0603 0))",2686380,Verde,Línea,1
"MULTILINESTRING Z ((437675.1188 4473011.8624 0,437675.4849 4473006.8758 0))",2686382,Verde,Línea,1
"MULTILINESTRING Z ((444607.7267 4475497.4403 0,444631.3563 4475490.1316 0))",2686386,Verde,Línea,5
"MULTILINESTRING Z ((442673.4034 4472976.13 0,442663.9809 4472982.2873 0))",2686411,Verde,Línea,2
"MULTILINESTRING Z ((442691.4057 4472997.0761 0,442679.6557 4472979.7011 0))",2686412,Verde,Línea,4
"MULTILINESTRING Z ((438943.7807 4473476.8261 0,438943.6557 4473468.2011 0))",2686419,Verde,Línea,2
"MULTILINESTRING Z ((442813.4057 4473962.9927 0,442812.0723 4473909.9094 0))",2686443,Verde,Batería,26
"MULTILINESTRING Z ((442813.739 4473967.8261 0,442814.0723 4473972.4927 0))",2686444,Verde,Batería,2
"MULTILINESTRING Z ((440777.6557 4471996.2427 0,440816.989 4471992.4927 0))",2686446,Verde,Línea,9
"MULTILINESTRING Z ((440766.0723 4471997.4094 0,440776.9057 4471996.3261 0))",2686447,Verde,Línea,2
"MULTILINESTRING Z ((441346.4057 4476064.6594 0,441352.3223 4476070.4094 0))",2686540,Azul,Batería,3
"MULTILINESTRING Z ((437394.3223 4473555.0761 0,437422.3223 4473568.2427 0))",2686557,Verde,Línea,7
"MULTILINESTRING Z ((437430.489 4473572.1594 0,437449.0723 4473581.0761 0))",2686558,Verde,Línea,4
"MULTILINESTRING Z ((442703.8501 4472641.1872 0,442717.4057 4472661.1872 0))",2686715,Verde,Línea,6
"MULTILINESTRING Z ((442676.3223 4472599.1594 0,442680.1557 4472604.9927 0))",2686716,Verde,Línea,1
"MULTILINESTRING Z ((443802.989 4473885.4094 0,443782.489 4473836.9094 0))",2686748,Verde,Línea,12
"MULTILINESTRING Z ((443801.6557 4473907.8261 0,443803.8223 4473902.4927 0,443804.6557 4473898.0761 0,443804.9057 4473894.9927 0))",2686749,Verde,Línea,2
"MULTILINESTRING Z ((440488.0723 4473949.3261 0,440480.989 4473930.0761 0))",2686762,Verde,Línea,4
"MULTILINESTRING Z ((440729.3223 4474011.6594 0,440720.989 4473985.4094 0))",2686788,Verde,Línea,5
"MULTILINESTRING Z ((439335.5723 4474081.0761 0,439332.4057 4474079.1594 0,439329.1557 4474076.4927 0,439326.1557 4474072.9927 0,439324.0723 4474068.5761 0,439323.239 4474065.9927 0,439321.9057 4474061.2427 0,439320.8223 4474050.9094 0))",2686856,Verde,Línea,6
"MULTILINESTRING Z ((439336.3223 4474081.5761 0,439339.1557 4474083.0761 0,439341.489 4474083.8261 0,439343.5723 4474084.4094 0,439345.489 4474084.3261 0))",2686857,Verde,Línea,2
"MULTILINESTRING Z ((437641.739 4473073.5761 0,437641.739 4473079.3261 0))",2686896,Verde,Línea,1
"MULTILINESTRING Z ((440947.0723 4475184.7427 0,440970.8223 4475156.4094 0))",2686899,Verde,Línea,7
"MULTILINESTRING Z ((440971.239 4475155.9094 0,440987.239 4475136.7427 0))",2686900,Verde,Línea,5
"MULTILINESTRING Z ((439754.3933 4478413.3415 0,439739.6773 4478404.5267 0))",2686912,Verde,Línea,3
"MULTILINESTRING Z ((439683.3316 4478370.9464 0,439734.6649 4478401.539 0))",2686916,Verde,Línea,12
"MULTILINESTRING Z ((440491.8223 4472616.5761 0,440514.239 4472577.3261 0))",2686939,Verde,Línea,9
"MULTILINESTRING Z ((443280.5497 4478319.2921 0,443280.5003 4478316.6419 0,443281.1258 4478309.7119 0,443283.595 4478300.2798 0,443285.2411 4478295.4897 0,443287.7925 4478287.4567 0,443289.6526 4478280.5596 0,443293.6361 4478259.7036 0,443294.1245 4478256.5486 0))",2686945,Verde,Línea,13
"MULTILINESTRING Z ((443290.9859 4478255.9588 0,443292.1464 4478245.8847 0))",2686946,Verde,Línea,2
"MULTILINESTRING Z ((439680.3439 4478625.7613 0,439688.8625 4478620.9218 0))",2687011,Verde,Línea,2
"MULTILINESTRING Z ((439712.1217 4478606.7983 0,439711.5044 4478607.4897 0,439708.1217 4478610.3785 0))",2687012,Verde,Línea,1
"MULTILINESTRING Z ((439691.8254 4478619.3168 0,439704.8871 4478612.2304 0))",2687013,Verde,Línea,3
"MULTILINESTRING Z ((439803.3316 4478715.2592 0,439801.0764 4478708.8559 0))",2687084,Verde,Línea,1
"MULTILINESTRING Z ((439709.6032 4478584.8477 0,439714.3933 4478589.2921 0))",2687090,Verde,Línea,1
"MULTILINESTRING Z ((439701.2946 4478577.539 0,439698.8131 4478575.3538 0,439673.5168 4478552.3538 0))",2687094,Verde,Línea,7
"MULTILINESTRING Z ((439806.1793 4478686.4855 0,439797.3069 4478661.4156 0))",2687114,Verde,Línea,5
"MULTILINESTRING Z ((439840.8911 4478632.8044 0,439836.2235 4478634.4578 0))",2687117,Verde,Línea,1
"MULTILINESTRING Z ((439812.6113 4478642.85 0,439834.0475 4478635.2328 0))",2687118,Verde,Línea,5
"MULTILINESTRING Z ((439899.8913 4478695.1604 0,439891.7102 4478698.288 0))",2687124,Verde,Batería,3
"MULTILINESTRING Z ((439991.4633 4478668.7078 0,439992.6155 4478667.5061 0,439999.776 4478659.4897 0,440014.4756 4478642.5678 0,440032.3686 4478621.4979 0))",2687135,Verde,Línea,13
"MULTILINESTRING Z ((440022.8131 4478647.9464 0,440033.0353 4478635.9094 0))",2687146,Verde,Línea,3
"MULTILINESTRING Z ((440052.0723 4478614.074 0,440057.06 4478608.2798 0))",2687153,Verde,Línea,1
"MULTILINESTRING Z ((440092.418 4478616.1563 0,440051.0847 4478619.2674 0))",2687155,Verde,Línea,9
"MULTILINESTRING Z ((440035.4688 4478617.8984 0,440102.4537 4478540.2907 0))",2687169,Verde,Línea,21
"MULTILINESTRING Z ((440036.7801 4478618.4032 0,440103.4633 4478541.2345 0))",2687235,Verde,Línea,21
"MULTILINESTRING Z ((439976.7472 4478574.5514 0,439969.4386 4478567.7201 0))",2687239,Verde,Línea,2
"MULTILINESTRING Z ((439983.5538 4478601.0205 0,439975.8871 4478597.8353 0,439975.0353 4478597.0205 0,439974.5908 4478596.2798 0,439974.2946 4478595.2798 0,439974.1464 4478593.6501 0,439974.1464 4478591.9094 0,439974.2575 4478590.9835 0,439974.4797 4478589.6501 0,439974.9612 4478587.8353 0,439975.5538 4478586.502 0,439976.1094 4478585.7613 0))",2687240,Verde,Línea,5
"MULTILINESTRING Z ((439331.0682 4476938.6008 0,439351.1834 4476956.0493 0))",2687245,Azul,Línea,6
"MULTILINESTRING Z ((440187.562 4478615.572 0,440192.0394 4478620.7571 0))",2687278,Verde,Línea,1
"MULTILINESTRING Z ((440195.8254 4478625.1193 0,440218.4674 4478651.3415 0))",2687282,Verde,Línea,7
"MULTILINESTRING Z ((439667.3316 4478546.9464 0,439662.5415 4478542.7489 0,439649.3563 4478530.6255 0,439641.381 4478523.0699 0,439639.4057 4478520.9218 0,439636.2205 4478517.1934 0))",2687313,Verde,Línea,8
"MULTILINESTRING Z ((439631.0723 4478511.1687 0,439629.3316 4478509.0205 0,439625.2205 4478503.4279 0,439622.9242 4478500.0205 0))",2687318,Verde,Línea,2
"MULTILINESTRING Z ((439607.4304 4478472.1069 0,439609.8254 4478476.9958 0))",2687325,Verde,Línea,1
"MULTILINESTRING Z ((439579.4057 4478493.8847 0,439600.5908 4478472.6255 0))",2687337,Verde,Línea,6
"MULTILINESTRING Z ((439593.4057 4478464.2057 0,439564.2205 4478493.2427 0))",2687340,Verde,Batería,16
"MULTILINESTRING Z ((439593.8501 4478417.502 0,439587.9983 4478405.7613 0))",2687344,Azul,Línea,2
"MULTILINESTRING Z ((439627.9736 4478485.2345 0,439625.1094 4478479.5884 0))",2687346,Azul,Línea,1
"MULTILINESTRING Z ((439620.5168 4478470.5514 0,439597.3563 4478424.5267 0))",2687347,Azul,Línea,12
"MULTILINESTRING Z ((439670.1464 4478380.7736 0,439669.2575 4478377.7119 0,439668.5168 4478374.4279 0,439667.9736 4478371.2427 0,439667.6032 4478367.8847 0,439667.3563 4478363.86 0,439667.2822 4478359.465 0,439667.4304 4478355.8847 0,439667.776 4478353.144 0))",2687350,Verde,Batería,11
"MULTILINESTRING Z ((439742.1834 4478493.6131 0,439752.2575 4478448.8353 0))",2687424,Verde,Línea,10
"MULTILINESTRING Z ((443238.4098 4479122.4362 0,443256.8625 4479121.2016 0))",2687469,Verde,Línea,3
"MULTILINESTRING Z ((439720.9996 4478260.3127 0,439752.2753 4478275.2482 0))",2687508,Verde,Línea,8
"MULTILINESTRING Z ((439650.8501 4478321.502 0,439645.9612 4478319.3538 0,439634.4797 4478313.6131 0,439633.702 4478313.1316 0,439633.0353 4478312.465 0,439632.4427 4478311.2427 0,439632.3316 4478310.7242 0,439632.2946 4478309.4279 0,439632.3686 4478308.9835 0,439635.1834 4478302.3538 0,439636.1094 4478300.539 0,439636.5908 4478300.0946 0,439638.0353 4478299.465 0,439638.4797 4478299.3909 0,439638.9242 4478299.4279 0,439640.3686 4478299.7983 0,439659.776 4478309.4279 0,439659.9242 4478309.502 0))",2687522,Verde,Batería,18
"MULTILINESTRING Z ((440140.7226 4478299.6523 0,440143.0723 4478297.7427 0,440145.1557 4478294.8261 0,440146.1557 4478292.0761 0))",2687523,Verde,Batería,4
"MULTILINESTRING Z ((440003.8748 4478294.2222 0,440006.1464 4478295.2427 0))",2687530,Verde,Batería,1
"MULTILINESTRING Z ((440012.6978 4478297.5143 0,440015.1341 4478298.288 0))",2687532,Verde,Batería,1
"MULTILINESTRING Z ((439822.0037 4478308.4773 0,439858.9365 4478326.2551 0))",2687535,Verde,Línea,8
"MULTILINESTRING Z ((440117.3124 4478191.0233 0,440112.3192 4478153.9094 0))",2687547,Verde,Línea,8
"MULTILINESTRING Z ((440109.4797 4478131.539 0,440105.9983 4478106.0082 0,440106.3933 4478102.7242 0,440110.9365 4478084.0329 0))",2687568,Verde,Línea,10
"MULTILINESTRING Z ((440260.9393 4478267.7421 0,440283.7102 4478264.6474 0))",2687595,Verde,Línea,5
"MULTILINESTRING Z ((440188.4427 4478198.502 0,440186.5415 4478187.0205 0))",2687604,Verde,Línea,2
"MULTILINESTRING Z ((440031.0353 4477861.0699 0,440012.4427 4477872.2057 0,440011.1588 4477873.465 0))",2687611,Verde,Línea,5
"MULTILINESTRING Z ((442432.1834 4477833.2427 0,442433.3501 4477848.6872 0))",2687643,Verde,Línea,3
"MULTILINESTRING Z ((442436.0723 4477887.4094 0,442437.1279 4477902.5761 0))",2687650,Verde,Línea,3
"MULTILINESTRING Z ((439248.4057 4475181.4094 0,439257.9057 4475169.3261 0))",2687652,Verde,Línea,3
"MULTILINESTRING Z ((442437.6279 4477909.5205 0,442439.0723 4477930.0761 0))",2687655,Verde,Línea,4
"MULTILINESTRING Z ((442182.5723 4475722.9094 0,442185.4612 4475722.6872 0))",2687898,Azul,Línea,1
"MULTILINESTRING Z ((443526.9057 4475976.2983 0,443531.5168 4475976.9094 0))",2687904,Azul,Línea,1
"MULTILINESTRING Z ((440211.0024 4479039.6049 0,440215.809 4479021.8436 0))",2687997,Verde,Línea,4
"MULTILINESTRING Z ((444848.1557 4475615.2427 0,444890.3223 4475621.4927 0))",2688019,Verde,Línea,9
"MULTILINESTRING Z ((443365.3316 4476548.8724 0,443364.739 4476551.465 0))",2688518,Azul,Batería,1
"MULTILINESTRING Z ((441910.0723 4479465.8261 0,441910.739 4479460.9927 0))",2688530,Azul,Línea,1
"MULTILINESTRING Z ((441273.5723 4475503.9927 0,441261.9057 4475504.7427 0))",2688577,Verde,Línea,2
"MULTILINESTRING Z ((441232.989 4475506.9094 0,441256.6557 4475505.1594 0))",2688578,Verde,Línea,4
"MULTILINESTRING Z ((437242.6906 4473381.1771 0,437262.8979 4473374.4414 0))",2688661,Verde,Línea,5
"MULTILINESTRING Z ((444802.3501 4475490.1316 0,444815.1279 4475503.5205 0,444820.739 4475512.4094 0,444823.8501 4475517.0761 0))",2688849,Verde,Batería,15
"MULTILINESTRING Z ((439859.6532 4481102.0401 0,439874.1679 4481105.8254 0))",2688886,Azul,Línea,3
"MULTILINESTRING Z ((439883.0106 4481106.823 0,439903.702 4481112.2057 0))",2688887,Azul,Línea,4
"MULTILINESTRING Z ((443147.6557 4474354.6594 0,443152.739 4474354.2427 0))",2688900,Verde,Línea,1
"MULTILINESTRING Z ((437425.9057 4472900.9094 0,437430.9057 4472900.1594 0))",2688911,Verde,Línea,1
"MULTILINESTRING Z ((437388.4009 4472908.6595 0,437425.3521 4472903.767 0))",2688912,Verde,Línea,7
"MULTILINESTRING Z ((437379.7159 4472910.7689 0,437270.094 4472924.8024 0))",2688913,Verde,Línea,22
"MULTILINESTRING Z ((437235.0598 4472926.0407 0,437253.9861 4472923.4657 0))",2688914,Verde,Línea,4
"MULTILINESTRING Z ((437296.9885 4472917.9295 0,437256.8186 4472922.9507 0))",2688915,Verde,Línea,8
"MULTILINESTRING Z ((437266.6036 4472925.2682 0,437261.3248 4472925.7832 0))",2688918,Verde,Línea,1
"MULTILINESTRING Z ((437204.0311 4472930.6757 0,437193.4736 4472931.577 0))",2688920,Verde,Línea,2
"MULTILINESTRING Z ((440817.4057 4476113.5761 0,440835.6557 4476116.6594 0))",2688957,Azul,Línea,5
"MULTILINESTRING Z ((440806.6557 4476111.8261 0,440816.489 4476113.5761 0))",2688958,Azul,Línea,2
"MULTILINESTRING Z ((437460.9057 4473160.8261 0,437471.2807 4473157.5761 0,437477.1557 4473155.5761 0,437481.6557 4473152.2011 0,437491.6557 4473129.5761 0,437491.5307 4473125.8261 0,437490.5307 4473123.2011 0))",2688977,Verde,Línea,11
"MULTILINESTRING Z ((437641.1557 4473222.1594 0,437640.989 4473209.8261 0))",2688978,Verde,Línea,2
"MULTILINESTRING Z ((440291.0723 4475494.0761 0,440289.0723 4475480.9094 0))",2688979,Verde,Línea,2
"MULTILINESTRING Z ((441111.989 4475849.4094 0,441130.0723 4475846.9927 0))",2688982,Verde,Línea,4
"MULTILINESTRING Z ((441020.8186 4477273.2839 0,441024.9448 4477273.0095 0))",2688983,Verde,Línea,1
"MULTILINESTRING Z ((445090.0012 4476091.1587 0,445082.1679 4476103.9087 0))",2688986,Verde,Línea,3
"MULTILINESTRING Z ((445076.5723 4476116.9927 0,445053.6557 4476152.9094 0))",2688988,Verde,Línea,9
"MULTILINESTRING Z ((445098.6557 4476096.6594 0,445088.239 4476113.0761 0))",2688992,Verde,Línea,4
"MULTILINESTRING Z ((445052.3223 4476058.9094 0,445070.489 4476069.7427 0))",2688993,Azul,Línea,4
"MULTILINESTRING Z ((440349.6771 4478331.8994 0,440354.566 4478331.2698 0))",2688994,Azul,Línea,1
"MULTILINESTRING Z ((441242.1217 4476666.4032 0,441241.1834 4476655.0452 0))",2689017,Verde,Línea,2
"MULTILINESTRING Z ((440798.1958 4477719.5884 0,440812.9612 4477718.2798 0))",2689027,Verde,Línea,3
"MULTILINESTRING Z ((442913.239 4474604.7427 0,442912.489 4474594.6594 0))",2689030,Azul,Línea,2
"MULTILINESTRING Z ((442911.739 4474582.6594 0,442912.0723 4474588.2427 0))",2689031,Azul,Línea,1
"MULTILINESTRING Z ((440321.6698 4476691.9471 0,440388.3936 4476687.0306 0))",2689042,Verde,Línea,14
"MULTILINESTRING Z ((437355.4057 4473534.4094 0,437360.4057 4473536.9927 0))",2689082,Azul,Línea,1
"MULTILINESTRING Z ((442011.6557 4475163.1594 0,442018.3223 4475162.8261 0))",2689084,Azul,Línea,1
"MULTILINESTRING Z ((437239.1557 4472974.5761 0,437243.5723 4472974.4094 0))",2689085,Verde,Línea,1
"MULTILINESTRING Z ((437758.6557 4473113.8261 0,437770.9057 4473118.1594 0,437775.989 4473120.2427 0,437779.489 4473124.1594 0))",2689086,Verde,Línea,4
"MULTILINESTRING Z ((439680.239 4476553.4094 0,439678.0723 4476524.0761 0))",2689099,Verde,Línea,6
"MULTILINESTRING Z ((441813.9057 4472203.9927 0,441777.239 4472173.1594 0))",2689110,Verde,Batería,17
"MULTILINESTRING Z ((441787.3223 4472170.6594 0,441819.489 4472198.7427 0))",2689112,Verde,Línea,10
"MULTILINESTRING Z ((441596.8223 4472371.5761 0,441598.239 4472391.2427 0))",2689167,Azul,Línea,3
"MULTILINESTRING Z ((441437.6557 4474227.4329 0,441509.0723 4474233.1829 0))",2689173,Azul,Batería,24
"MULTILINESTRING Z ((441818.1557 4472230.1594 0,441845.4057 4472254.5761 0))",2689184,Verde,Batería,12
"MULTILINESTRING Z ((441813.489 4472236.8261 0,441834.6557 4472255.1594 0))",2689186,Verde,Línea,6
"MULTILINESTRING Z ((440846.989 4472133.4927 0,440860.3223 4472108.8261 0))",2689240,Azul,Batería,11
"MULTILINESTRING Z ((443856.545 4477123.8464 0,443864.139 4477127.9945 0,443865.6168 4477128.6164 0,443867.5335 4477129.2309 0,443872.4937 4477130.5698 0,443876.3492 4477131.3818 0,443879.3561 4477131.6745 0,443885.0771 4477131.9671 0))",2689241,Verde,Línea,6
"MULTILINESTRING Z ((443855.4037 4477125.0682 0,443846.5307 4477120.2011 0))",2689245,Verde,Línea,2
"MULTILINESTRING Z ((441782.9365 4478655.4951 0,441784.0449 4478657.1083 0))",2689266,Verde,Batería,1
"MULTILINESTRING Z ((441785.2575 4478658.8477 0,441789.381 4478664.8971 0))",2689267,Verde,Batería,3
"MULTILINESTRING Z ((441791.702 4478668.2551 0,441790.5168 4478666.502 0))",2689268,Verde,Batería,1
"MULTILINESTRING Z ((443391.1011 4476130.6008 0,443390.5744 4476123.4897 0,443390.311 4476116.1152 0,443390.3933 4476110.1563 0,443390.5579 4476105.9752 0,443391.0024 4476099.2757 0))",2689280,Verde,Línea,6
"MULTILINESTRING Z ((440105.739 4474323.3261 0,440107.0723 4474328.3261 0))",2689298,Verde,Línea,1
"MULTILINESTRING Z ((437677.489 4473582.2427 0,437687.6557 4473587.1594 0))",2689324,Verde,Línea,2
"MULTILINESTRING Z ((437698.989 4473592.1594 0,437745.239 4473612.9927 0,437756.9057 4473625.6594 0))",2689325,Verde,Línea,14
"MULTILINESTRING Z ((441066.5723 4471117.9094 0,441065.989 4471112.1594 0))",2689326,Verde,Línea,1
"MULTILINESTRING Z ((440515.8638 4478141.015 0,440520.0559 4478158.1453 0))",2689384,Verde,Batería,7
"MULTILINESTRING Z ((440527.99 4478190.5185 0,440521.6279 4478164.502 0))",2689385,Verde,Batería,10
"MULTILINESTRING Z ((443587.8407 4475912.7245 0,443603.6563 4475915.0823 0))",2689409,Verde,Línea,3
"MULTILINESTRING Z ((440533.8827 4479507.7748 0,440538.535 4479506.195 0))",2689410,Verde,Línea,1
"MULTILINESTRING Z ((440791.519 4482135.3909 0,440791.4973 4482129.6951 0))",2689412,Verde,Línea,1
"MULTILINESTRING Z ((440791.4962 4482111.3909 0,440791.2987 4482084.3456 0))",2689414,Verde,Línea,6
"MULTILINESTRING Z ((440195.1557 4476101.4094 0,440179.4057 4476096.7427 0))",2689460,Azul,Línea,3
"MULTILINESTRING Z ((442921.5538 4478067.9835 0,442946.5168 4478075.539 0))",2689519,Verde,Línea,5
"MULTILINESTRING Z ((442955.0353 4478078.1316 0,442986.6279 4478087.7983 0))",2689520,Verde,Línea,7
"MULTILINESTRING Z ((440474.5662 4478993.144 0,440478.0476 4479001.8353 0))",2689536,Verde,Batería,5
"MULTILINESTRING Z ((440761.4427 4481905.3538 0,440752.8131 4481900.4279 0))",2689542,Verde,Línea,2
"MULTILINESTRING Z ((440780.3686 4481912.2057 0,440789.776 4481895.3909 0))",2689543,Verde,Batería,8
"MULTILINESTRING Z ((442393.5538 4478125.465 0,442409.3686 4478125.3909 0))",2689600,Verde,Línea,3
"MULTILINESTRING Z ((442423.2328 4478122.7983 0,442409.6279 4478123.218 0))",2689601,Verde,Línea,2
"MULTILINESTRING Z ((440688.5566 4481857.2173 0,440687.5763 4481858.9 0))",2689613,Verde,Batería,1
"MULTILINESTRING Z ((440707.239 4481825.4094 0,440691.239 4481852.5761 0))",2689614,Verde,Batería,11
"MULTILINESTRING Z ((442876.8295 4476830.3868 0,442884.5497 4476834.4855 0))",2689622,Verde,Línea,2
"MULTILINESTRING Z ((440160.489 4473772.1594 0,440157.6557 4473763.2427 0))",2689623,Verde,Batería,3
"MULTILINESTRING Z ((442625.6526 4477578.2304 0,442621.3563 4477595.3415 0))",2689627,Verde,Línea,3
"MULTILINESTRING Z ((442623.8472 4477596.3019 0,442613.4586 4477638.0832 0))",2689630,Verde,Línea,9
"MULTILINESTRING Z ((441789.894 4476150.7818 0,441801.5264 4476149.9807 0))",2689715,Verde,Línea,2
"MULTILINESTRING Z ((444490.5509 4476748.2977 0,444487.1557 4476753.8261 0))",2689778,Verde,Batería,2
"MULTILINESTRING Z ((443276.489 4474947.4927 0,443275.5723 4474935.1594 0))",2689780,Azul,Línea,2
"MULTILINESTRING Z ((443275.489 4474934.4094 0,443274.739 4474924.5761 0))",2689781,Azul,Línea,2
"MULTILINESTRING Z ((445076.1958 4476160.0082 0,445088.7884 4476167.7859 0))",2689786,Verde,Línea,3
"MULTILINESTRING Z ((442430.5168 4477064.0946 0,442428.8501 4477046.2057 0))",2689819,Azul,Línea,4
"MULTILINESTRING Z ((441807.3223 4476402.8261 0,441819.6557 4476401.9927 0))",2689824,Verde,Línea,2
"MULTILINESTRING Z ((441932.514 4481217.669 0,441942.2663 4481262.251 0))",2689855,Verde,Batería,19
"MULTILINESTRING Z ((437148.54 4472936.9845 0,437188.7099 4472932.3495 0))",2689856,Verde,Línea,8
"MULTILINESTRING Z ((437129.2275 4472938.0145 0,437123.305 4472938.6582 0))",2689857,Verde,Línea,1
"MULTILINESTRING Z ((437118.7987 4472939.4307 0,437080.56 4472945.6107 0))",2689858,Verde,Línea,8
"MULTILINESTRING Z ((437122.5325 4472941.877 0,437117.2537 4472942.6495 0))",2689859,Verde,Línea,1
"MULTILINESTRING Z ((437076.0538 4472948.9582 0,437112.7475 4472943.5507 0))",2689860,Verde,Línea,7
"MULTILINESTRING Z ((441923.6905 4481176.8795 0,441921.2911 4481166.0436 0))",2689863,Verde,Batería,4
"MULTILINESTRING Z ((441920.7493 4481163.2572 0,441914.867 4481135.3934 0))",2689864,Verde,Batería,11
"MULTILINESTRING Z ((441955.966 4481066.5854 0,441962.545 4481096.9259 0))",2689870,Azul,Línea,6
"MULTILINESTRING Z ((441992.5759 4481126.8795 0,441993.6595 4481131.7556 0))",2689873,Verde,Batería,2
"MULTILINESTRING Z ((441996.3685 4481144.6039 0,441993.8917 4481133.3036 0))",2689874,Verde,Batería,5
"MULTILINESTRING Z ((441872.7617 4481021.3067 0,441879.8824 4481055.3624 0))",2689875,Azul,Batería,15
"MULTILINESTRING Z ((441896.989 4481053.5761 0,441892.1557 4481031.9094 0))",2689876,Verde,Batería,8
"MULTILINESTRING Z ((441863.3223 4480976.7427 0,441871.989 4481018.4094 0))",2689879,Azul,Batería,15
"MULTILINESTRING Z ((443108.6557 4477057.6594 0,443090.6557 4477080.0761 0))",2689885,Verde,Línea,6
"MULTILINESTRING Z ((441965.0971 4480889.3057 0,441968.0362 4480903.3776 0))",2689890,Verde,Batería,6
"MULTILINESTRING Z ((441968.6597 4480906.3167 0,441978.5457 4480952.0951 0))",2689891,Verde,Batería,21
"MULTILINESTRING Z ((441978.991 4480955.2123 0,441982.4644 4480970.0859 0))",2689892,Verde,Batería,6
"MULTILINESTRING Z ((441983.4441 4480974.539 0,441992.2614 4481016.7549 0,441995.6458 4481031.7175 0))",2689894,Verde,Batería,25
"MULTILINESTRING Z ((441989.5301 4480776.9675 0,441990.8364 4480784.5675 0))",2689899,Verde,Batería,3
"MULTILINESTRING Z ((441991.3708 4480788.13 0,441996.1208 4480815.5021 0))",2689902,Verde,Batería,9
"MULTILINESTRING Z ((442236.739 4475435.9094 0,442254.239 4475434.5761 0))",2689904,Azul,Línea,3
"MULTILINESTRING Z ((441840.8542 4480652.2198 0,441837.1135 4480652.9323 0))",2689911,Verde,Batería,1
"MULTILINESTRING Z ((441832.8385 4480654.0011 0,441807.9009 4480659.1667 0))",2689913,Verde,Batería,11
"MULTILINESTRING Z ((441831.5078 4480537.638 0,441883.1332 4480526.6473 0))",2689928,Verde,Batería,21
"MULTILINESTRING Z ((441826.5543 4480525.7185 0,441880.1146 4480514.1086 0))",2689930,Verde,Batería,22
"MULTILINESTRING Z ((441753.8763 4480426.5699 0,441746.9103 4480394.6039 0))",2689931,Verde,Línea,6
"MULTILINESTRING Z ((441722.9939 4480350.4089 0,441719.8979 4480335.5482 0))",2689932,Azul,Batería,6
"MULTILINESTRING Z ((441712.6998 4480301.0281 0,441719.2013 4480332.4522 0))",2689937,Azul,Batería,12
"MULTILINESTRING Z ((441730.0723 4480277.9927 0,441757.5723 4480272.2427 0))",2689948,Verde,Línea,5
"MULTILINESTRING Z ((441718.3223 4480262.9927 0,441720.6557 4480273.6594 0))",2689961,Verde,Línea,3
"MULTILINESTRING Z ((441701.8223 4480248.3261 0,441694.5723 4480217.9094 0,441689.9057 4480195.9927 0,441688.0723 4480187.8261 0))",2689963,Azul,Batería,27
"MULTILINESTRING Z ((437676.5723 4472993.0761 0,437679.4057 4472945.0761 0))",2689970,Verde,Línea,8
"MULTILINESTRING Z ((441798.989 4480203.1594 0,441806.239 4480235.9094 0))",2690023,Verde,Línea,6
"MULTILINESTRING Z ((441773.0723 4480113.0761 0,441749.989 4480118.1594 0))",2690026,Verde,Línea,5
"MULTILINESTRING Z ((437979.9057 4473780.7427 0,438005.4057 4473792.9094 0))",2690031,Verde,Línea,5
"MULTILINESTRING Z ((437960.739 4473771.3261 0,437968.0723 4473774.9927 0))",2690032,Verde,Línea,2
"MULTILINESTRING Z ((441451.4057 4473935.0761 0,441482.239 4473935.4927 0))",2690037,Verde,Línea,6
"MULTILINESTRING Z ((441891.9057 4480189.2427 0,441902.489 4480204.0761 0))",2690038,Verde,Línea,2
"MULTILINESTRING Z ((441940.989 4480220.9927 0,441950.4057 4480233.9927 0))",2690040,Azul,Línea,4
"MULTILINESTRING Z ((440461.8501 4481896.2798 0,440476.2452 4481904.0329 0))",2690041,Verde,Línea,3
"MULTILINESTRING Z ((441986.489 4480138.4927 0,441987.0723 4480143.3261 0))",2690042,Verde,Línea,1
"MULTILINESTRING Z ((441886.7807 4479971.5761 0,441887.6557 4479991.3261 0))",2690049,Verde,Línea,3
"MULTILINESTRING Z ((441897.4612 4479937.6316 0,441897.739 4479948.465 0))",2690050,Verde,Línea,3
"MULTILINESTRING Z ((441698.6557 4479921.5761 0,441734.6557 4479972.2427 0,441737.8223 4479976.8261 0))",2690051,Verde,Batería,28
"MULTILINESTRING Z ((441825.9057 4479859.7011 0,441823.5307 4479869.3261 0))",2690052,Azul,Línea,1
"MULTILINESTRING Z ((442195.9612 4480065.9094 0,442194.6279 4480038.4094 0))",2690056,Verde,Línea,5
"MULTILINESTRING Z ((442187.8223 4479879.5761 0,442188.239 4479887.9094 0))",2690060,Verde,Línea,1
"MULTILINESTRING Z ((442230.489 4479917.4094 0,442230.1557 4479927.1594 0))",2690063,Verde,Línea,1
"MULTILINESTRING Z ((442239.5723 4479881.6594 0,442238.8223 4479910.4094 0))",2690066,Verde,Línea,7
"MULTILINESTRING Z ((442225.9057 4480117.965 0,442235.0168 4480113.3538 0))",2690069,Verde,Línea,2
"MULTILINESTRING Z ((443778.7637 4477444.0329 0,443790.6649 4477421.2921 0,443795.381 4477411.86 0,443798.6402 4477404.8971 0,443801.1094 4477400.0082 0,443803.4057 4477391.4403 0,443804.4427 4477385.0946 0,443804.739 4477382.1069 0,443805.0106 4477377.0452 0,443805.0106 4477373.86 0,443804.5415 4477367.5637 0,443804.1217 4477363.9341 0,443803.5785 4477360.8971 0,443802.7884 4477357.2921 0,443800.9118 4477350.8971 0,443799.8007 4477347.6872 0,443798.1464 4477343.9341 0,443796.4921 4477340.4032 0,443794.4674 4477336.6501 0,443790.6896 4477330.9218 0,443788.8131 4477328.3785 0,443787.4797 4477326.7242 0))",2690081,Verde,Batería,50
"MULTILINESTRING Z ((442687.989 4479890.0761 0,442673.0723 4479895.3261 0,442659.989 4479899.1594 0,442653.4057 4479900.6594 0,442642.5723 4479902.5761 0))",2690085,Verde,Línea,7
"MULTILINESTRING Z ((442617.8223 4480270.5761 0,442677.489 4480286.4927 0))",2690098,Verde,Línea,13
"MULTILINESTRING Z ((442542.9057 4480421.4094 0,442542.3223 4480426.5761 0,442541.8223 4480437.5761 0,442542.1557 4480443.3261 0,442542.739 4480447.7427 0,442543.8223 4480453.7427 0,442545.5723 4480461.2427 0,442547.6557 4480467.7427 0,442552.0723 4480482.6594 0))",2690102,Verde,Línea,14
"MULTILINESTRING Z ((442464.9057 4480491.1594 0,442473.0723 4480515.9927 0,442476.4057 4480526.6594 0))",2690105,Verde,Línea,7
"MULTILINESTRING Z ((443543.1011 4477623.9835 0,443552.3686 4477622.0576 0))",2690116,Verde,Línea,2
"MULTILINESTRING Z ((442718.1557 4480538.2427 0,442715.739 4480563.7427 0))",2690128,Verde,Línea,6
"MULTILINESTRING Z ((442700.5723 4480585.1594 0,442702.739 4480561.6594 0))",2690140,Azul,Línea,5
"MULTILINESTRING Z ((440491.489 4478240.8261 0,440501.5723 4478239.8261 0))",2690268,Verde,Línea,2
"MULTILINESTRING Z ((442697.3223 4480858.5761 0,442703.3223 4480857.4927 0))",2690275,Verde,Línea,1
"MULTILINESTRING Z ((442833.6557 4481330.4927 0,442837.9057 4481342.3261 0,442839.989 4481355.5761 0))",2690382,Verde,Línea,5
"MULTILINESTRING Z ((442834.3223 4481373.2427 0,442835.3223 4481386.8261 0,442835.989 4481407.3261 0))",2690387,Verde,Línea,6
"MULTILINESTRING Z ((443168.9057 4479788.7427 0,443156.8223 4479786.3261 0))",2690389,Azul,Batería,6
"MULTILINESTRING Z ((443011.739 4479924.5761 0,443014.1557 4479949.8261 0))",2690390,Verde,Batería,13
"MULTILINESTRING Z ((441650.739 4471033.5761 0,441707.989 4471066.9094 0))",2690431,Verde,Línea,14
"MULTILINESTRING Z ((442572.4945 4473772.8996 0,442556.8228 4473833.9215 0))",2690433,Azul,Línea,11
"MULTILINESTRING Z ((442082.489 4472397.3261 0,442096.6557 4472380.5761 0))",2690456,Verde,Línea,5
"MULTILINESTRING Z ((442102.9057 4472372.9094 0,442106.239 4472368.7427 0))",2690457,Verde,Línea,1
"MULTILINESTRING Z ((443004.4057 4479780.9927 0,443004.239 4479789.4094 0,443005.5723 4479821.3261 0))",2690478,Azul,Línea,8
"MULTILINESTRING Z ((443239.4057 4474432.8261 0,443238.6557 4474418.3261 0))",2690627,Azul,Línea,3
"MULTILINESTRING Z ((443238.5307 4474417.8261 0,443237.7807 4474404.9511 0))",2690628,Azul,Línea,2
"MULTILINESTRING Z ((440588.4057 4471869.4927 0,440591.3223 4471895.9927 0))",2690650,Verde,Línea,6
"MULTILINESTRING Z ((440598.989 4471954.9094 0,440600.3223 4471967.3261 0))",2690652,Verde,Línea,3
"MULTILINESTRING Z ((440621.3069 4478460.0987 0,440631.562 4478458.2551 0))",2690724,Verde,Línea,2
"MULTILINESTRING Z ((440636.6402 4478457.3415 0,440647.5044 4478455.3909 0))",2690727,Verde,Línea,2
"MULTILINESTRING Z ((442705.0353 4480508.6872 0,442703.9612 4480520.6501 0))",2690790,Azul,Línea,2
"MULTILINESTRING Z ((442496.0884 4477434.8801 0,442496.4872 4477439.1983 0))",2690852,Azul,Línea,1
"MULTILINESTRING Z ((442494.6056 4477419.4456 0,442493.6431 4477408.9883 0))",2690853,Azul,Línea,2
"MULTILINESTRING Z ((444595.2273 4476207.0944 0,444597.6781 4476207.5407 0))",2690879,Verde,Línea,1
"MULTILINESTRING Z ((440326.8871 4477310.3374 0,440348.7966 4477309.432 0))",2691318,Verde,Línea,5
"MULTILINESTRING Z ((440582.8223 4473010.4094 0,440609.989 4473019.7427 0))",2691441,Verde,Línea,7
"MULTILINESTRING Z ((442193.239 4472981.7427 0,442174.9057 4472943.9094 0))",2691453,Verde,Batería,14
"MULTILINESTRING Z ((440571.9057 4473006.5761 0,440581.5723 4473010.0761 0))",2691530,Azul,Línea,2
"MULTILINESTRING Z ((442289.3223 4473164.4927 0,442291.1557 4473168.7427 0))",2691531,Verde,Línea,1
"MULTILINESTRING Z ((437418.3223 4473678.5761 0,437427.9057 4473683.0761 0))",2691539,Verde,Línea,2
"MULTILINESTRING Z ((437454.6879 4473666.6437 0,437446.3072 4473662.7527 0))",2691540,Verde,Línea,2
"MULTILINESTRING Z ((442456.1557 4475473.3261 0,442453.4057 4475435.5761 0))",2691738,Verde,Línea,7
"MULTILINESTRING Z ((441806.989 4475313.2427 0,441851.239 4475309.8261 0))",2691805,Verde,Batería,16
"MULTILINESTRING Z ((437865.4057 4473583.5761 0,437876.0307 4473561.2011 0))",2691813,Verde,Línea,4
"MULTILINESTRING Z ((441104.6557 4471186.1594 0,441126.489 4471206.9094 0))",2691820,Verde,Línea,6
"MULTILINESTRING Z ((440611.7807 4472091.4511 0,440604.9057 4472033.7011 0))",2691827,Verde,Batería,20
"MULTILINESTRING Z ((443623.239 4475216.0761 0,443636.4057 4475194.4927 0))",2691828,Verde,Línea,5
"MULTILINESTRING Z ((440769.9119 4472661.1149 0,440775.1371 4472668.3156 0))",2691836,Verde,Línea,2
"MULTILINESTRING Z ((440775.5195 4472669.0802 0,440780.9359 4472676.7907 0))",2691837,Verde,Línea,2
"MULTILINESTRING Z ((441197.9057 4472588.9094 0,441206.739 4472587.9927 0))",2691838,Verde,Línea,2
"MULTILINESTRING Z ((441214.989 4472587.4094 0,441240.3223 4472585.4094 0))",2691839,Verde,Línea,5
"MULTILINESTRING Z ((441243.489 4470947.9094 0,441264.239 4470948.7427 0))",2691854,Verde,Línea,4
"MULTILINESTRING Z ((440356.5723 4472742.3261 0,440377.989 4472760.8261 0))",2691901,Verde,Línea,6
"MULTILINESTRING Z ((438958.3223 4473893.7427 0,438957.989 4473888.4927 0))",2691916,Verde,Línea,1
"MULTILINESTRING Z ((438958.8223 4473906.9927 0,438958.489 4473901.6594 0))",2691917,Verde,Línea,1
"MULTILINESTRING Z ((438958.489 4473900.9927 0,438958.3223 4473894.6594 0))",2691918,Verde,Línea,1
"MULTILINESTRING Z ((438959.4057 4473922.8261 0,438959.239 4473916.9927 0))",2691919,Verde,Línea,1
"MULTILINESTRING Z ((439681.1557 4474954.3261 0,439687.9057 4474939.8261 0))",2691920,Verde,Línea,3
"MULTILINESTRING Z ((438986.4057 4473347.0761 0,438991.489 4473374.0761 0,438994.5723 4473386.2427 0))",2691932,Verde,Línea,8
"MULTILINESTRING Z ((438982.5723 4473348.4094 0,438986.5723 4473369.9094 0))",2691933,Verde,Línea,3
"MULTILINESTRING Z ((438980.8223 4473336.3261 0,438979.489 4473324.3261 0))",2691934,Verde,Línea,2
"MULTILINESTRING Z ((438978.5307 4473311.9511 0,438977.4057 4473282.3261 0,438978.6557 4473256.2011 0,438979.7807 4473241.4511 0,438983.2807 4473217.4511 0,438983.2807 4473217.8261 0,438986.1557 4473202.0761 0,438990.9057 4473183.4511 0,438996.0307 4473166.7011 0,439002.4057 4473149.3261 0,439006.0307 4473140.3261 0,439010.9057 4473129.4511 0,439018.0307 4473114.3261 0,439026.1557 4473099.7011 0,439037.4057 4473081.4511 0,439051.2807 4473061.7011 0,439061.6557 4473049.2011 0,439079.1557 4473029.2011 0,439091.0307 4473017.8261 0,439108.5307 4473002.3261 0,439127.4057 4472987.3261 0,439150.0307 4472970.4511 0,439157.1557 4472967.5761 0,439161.2807 4472967.2011 0,439167.2807 4472968.0761 0,439201.5307 4472976.8261 0))",2691935,Verde,Línea,80
"MULTILINESTRING Z ((439104.1557 4473732.3261 0,439099.6557 4473720.4094 0))",2692038,Verde,Línea,3
"MULTILINESTRING Z ((441237.239 4473071.4927 0,441269.4057 4473069.1594 0))",2692053,Verde,Línea,6
"MULTILINESTRING Z ((442299.3223 4479446.8261 0,442327.239 4479452.9094 0))",2692078,Verde,Línea,6
"MULTILINESTRING Z ((442328.4057 4479450.9094 0,442342.6557 4479454.1594 0))",2692079,Verde,Línea,3
"MULTILINESTRING Z ((437728.8223 4473150.9094 0,437766.1557 4473153.4094 0))",2692092,Verde,Línea,8
"MULTILINESTRING Z ((440255.2328 4478343.0013 0,440250.2616 4478343.55 0))",2692104,Azul,Línea,1
"MULTILINESTRING Z ((440373.2685 4481026.1508 0,440384.8789 4480982.2222 0))",2692125,Verde,Batería,19
"MULTILINESTRING Z ((440385.5867 4480979.5555 0,440389.9489 4480963.0452 0))",2692127,Verde,Batería,6
"MULTILINESTRING Z ((444908.0723 4475740.4032 0,444940.5908 4475745.6378 0))",2692132,Verde,Línea,7
"MULTILINESTRING Z ((443689.1585 4477977.7027 0,443683.586 4478001.107 0))",2692135,Verde,Batería,9
"MULTILINESTRING Z ((443570.8345 4478051.492 0,443569.0845 4478058.9087 0))",2692140,Azul,Batería,3
"MULTILINESTRING Z ((440409.6279 4481051.4094 0,440411.9612 4481052.0761 0,440414.9057 4481040.8538 0))",2692145,Verde,Batería,5
"MULTILINESTRING Z ((440417.3234 4481031.4567 0,440421.883 4481013.8929 0))",2692146,Verde,Batería,6
"MULTILINESTRING Z ((443558.1554 4477893.2042 0,443551.3672 4477885.9094 0,443551.0632 4477885.5041 0))",2692147,Azul,Línea,2
"MULTILINESTRING Z ((443545.3451 4477879.3862 0,443545.4802 4477879.6564 0,443548.9925 4477883.4388 0))",2692148,Azul,Línea,1
"MULTILINESTRING Z ((443531.4077 4477864.4302 0,443524.3155 4477856.4261 0))",2692157,Azul,Línea,2
"MULTILINESTRING Z ((443505.7745 4477836.1627 0,443522.3905 4477854.1971 0))",2692159,Azul,Línea,5
"MULTILINESTRING Z ((439888.4509 4480864.0822 0,439899.9406 4480820.0329 0))",2692163,Verde,Línea,10
"MULTILINESTRING Z ((439889.7678 4480864.823 0,439888.489 4480869.7427 0))",2692164,Verde,Línea,1
"MULTILINESTRING Z ((440698.2205 4482029.9835 0,440704.5168 4482033.6378 0))",2692165,Verde,Línea,1
"MULTILINESTRING Z ((443139.9057 4477451.0761 0,443121.3223 4477438.9094 0))",2692220,Verde,Línea,4
"MULTILINESTRING Z ((440419.5675 4480934.0246 0,440424.3851 4480935.3086 0))",2692233,Verde,Batería,2
"MULTILINESTRING Z ((440697.9489 4476664.6748 0,440712.9612 4476663.539 0))",2692245,Verde,Línea,3
"MULTILINESTRING Z ((440725.6557 4476664.9498 0,440713.6557 4476665.9094 0))",2692247,Verde,Línea,2
"MULTILINESTRING Z ((439287.5723 4478885.0761 0,439290.739 4478895.2427 0))",2692249,Azul,Línea,2
"MULTILINESTRING Z ((443588.6557 4477614.5761 0,443568.739 4477618.5761 0))",2692251,Verde,Línea,3
"MULTILINESTRING Z ((443802.5012 4477423.3254 0,443831.1679 4477438.3254 0))",2692254,Verde,Línea,6
"MULTILINESTRING Z ((442666.4625 4480048.0826 0,442662.6377 4480057.2174 0))",2692257,Verde,Línea,2
"MULTILINESTRING Z ((442377.2081 4478370.502 0,442381.6279 4478370.181 0))",2692263,Verde,Línea,1
"MULTILINESTRING Z ((444830.7807 4475235.3261 0,444878.9057 4475282.7011 0))",2692264,Verde,Batería,27
"MULTILINESTRING Z ((443759.5307 4477449.4511 0,443735.2807 4477497.2011 0))",2692266,Verde,Línea,11
"MULTILINESTRING Z ((443732.9057 4477501.5761 0,443714.2807 4477538.4511 0))",2692276,Verde,Línea,8
"MULTILINESTRING Z ((443830.2205 4476917.3415 0,443829.1094 4476918.1069 0,443828.097 4476919.1934 0,443827.8501 4476919.5884 0,443827.2822 4476920.5514 0,443826.8625 4476921.7613 0,443826.6155 4476923.1687 0,443826.6155 4476924.181 0,443826.8131 4476925.7613 0,443829.1341 4476929.8353 0,443829.2904 4476931.9176 0,443829.3398 4476934.6995 0))",2692282,Verde,Batería,7
"MULTILINESTRING Z ((443829.6855 4477001.9588 0,443829.4221 4476944.0329 0))",2692285,Verde,Batería,24
"MULTILINESTRING Z ((442870.1557 4477302.5761 0,442876.9057 4477307.7427 0))",2692288,Azul,Línea,1
"MULTILINESTRING Z ((443268.0723 4477193.8261 0,443269.6557 4477196.5761 0))",2692333,Verde,Batería,1
"MULTILINESTRING Z ((440858.9057 4472076.6594 0,440885.739 4472024.1594 0))",2692358,Azul,Línea,11
"MULTILINESTRING Z ((445043.4612 4476002.1872 0,445040.4057 4476006.965 0))",2692359,Verde,Línea,1
"MULTILINESTRING Z ((445421.3069 4475832.9464 0,445423.6526 4475834.2057 0))",2692360,Azul,Batería,1
"MULTILINESTRING Z ((440536.3686 4479133.539 0,440541.3069 4479142.7983 0))",2692436,Verde,Línea,2
"MULTILINESTRING Z ((440550.1217 4479159.3168 0,440543.2822 4479146.502 0))",2692437,Verde,Línea,3
"MULTILINESTRING Z ((443842.8223 4476923.2427 0,443842.739 4476919.7427 0,443841.739 4476917.3261 0))",2692442,Verde,Batería,3
"MULTILINESTRING Z ((440989.4057 4471627.6594 0,440997.9057 4471626.7427 0))",2692473,Verde,Línea,2
"MULTILINESTRING Z ((439477.2831 4478673.8261 0,439477.5143 4478673.907 0,439477.8265 4478674.2308 0,439493.7814 4478694.4634 0,439500.0015 4478704.0132 0,439503.5046 4478709.6783 0,439506.6377 4478715.3897 0,439508.291 4478718.7656 0,439509.6322 4478721.7254 0,439512.3723 4478728.6392 0))",2692480,Verde,Línea,13
"MULTILINESTRING Z ((441671.9057 4471414.8261 0,441677.9057 4471417.2427 0))",2692482,Verde,Línea,1
"MULTILINESTRING Z ((442014.3 4477675.7421 0,442018.3316 4477684.2057 0))",2692483,Azul,Línea,2
"MULTILINESTRING Z ((441570.1557 4479208.2011 0,441572.4057 4479235.5761 0))",2692512,Verde,Línea,5
"MULTILINESTRING Z ((441561.4057 4479217.2011 0,441559.7807 4479198.3261 0))",2692525,Azul,Línea,4
"MULTILINESTRING Z ((441559.1557 4479193.3261 0,441557.4057 4479166.4511 0))",2692526,Azul,Línea,5
"MULTILINESTRING Z ((441556.7807 4479161.9511 0,441554.7807 4479138.2011 0))",2692529,Azul,Línea,5
"MULTILINESTRING Z ((441554.2807 4479132.9511 0,441553.1557 4479118.3261 0))",2692533,Azul,Línea,3
"MULTILINESTRING Z ((441549.4057 4479073.4511 0,441546.9057 4479048.0761 0))",2692534,Azul,Línea,5
"MULTILINESTRING Z ((441544.5307 4479019.2011 0,441546.5307 4479042.0761 0))",2692535,Azul,Línea,5
"MULTILINESTRING Z ((441543.7807 4479012.8261 0,441542.7807 4478997.3261 0))",2692537,Azul,Línea,3
"MULTILINESTRING Z ((441560.489 4479068.1594 0,441561.1557 4479075.9927 0))",2692538,Verde,Línea,1
"MULTILINESTRING Z ((441212.239 4471342.1594 0,441214.5723 4471336.2427 0))",2692540,Azul,Batería,2
"MULTILINESTRING Z ((439614.8378 4481087.2427 0,439619.6279 4481068.3538 0))",2692545,Verde,Batería,7
"MULTILINESTRING Z ((439621.4057 4481061.7366 0,439626.0723 4481044.7489 0))",2692546,Verde,Batería,6
"MULTILINESTRING Z ((442494.739 4477396.5761 0,442495.489 4477404.4094 0))",2692547,Azul,Línea,1
"MULTILINESTRING Z ((440767.8686 4478280.122 0,440782.6468 4478278.9515 0))",2692549,Verde,Batería,7
"MULTILINESTRING Z ((441528.489 4478819.8261 0,441529.989 4478835.0761 0))",2692550,Azul,Línea,3
"MULTILINESTRING Z ((440784.6814 4478278.7709 0,440787.8529 4478278.5404 0))",2692551,Verde,Batería,1
"MULTILINESTRING Z ((441526.239 4478788.9927 0,441528.239 4478813.9927 0))",2692552,Azul,Línea,5
"MULTILINESTRING Z ((440790.0213 4478278.3516 0,440793.4057 4478278.1316 0))",2692553,Verde,Batería,1
"MULTILINESTRING Z ((441523.6557 4478758.5761 0,441525.739 4478783.6594 0))",2692554,Azul,Línea,5
"MULTILINESTRING Z ((440795.8749 4478277.8877 0,440799.0744 4478277.6319 0))",2692555,Verde,Batería,1
"MULTILINESTRING Z ((441521.5307 4478730.4511 0,441523.0307 4478752.9511 0))",2692556,Azul,Línea,5
"MULTILINESTRING Z ((440801.3501 4478277.3538 0,440808.6834 4478276.9094 0))",2692557,Verde,Batería,3
"MULTILINESTRING Z ((441519.0307 4478700.3261 0,441521.1557 4478725.0761 0))",2692558,Azul,Línea,5
"MULTILINESTRING Z ((440811.1279 4478276.6316 0,440821.2946 4478275.8538 0))",2692559,Verde,Batería,6
"MULTILINESTRING Z ((440831.7806 4478274.9911 0,440823.8867 4478275.6447 0))",2692560,Verde,Batería,4
"MULTILINESTRING Z ((441517.4057 4478680.4094 0,441518.8223 4478694.9927 0))",2692561,Azul,Línea,3
"MULTILINESTRING Z ((441516.489 4478670.4094 0,441517.0723 4478675.1594 0))",2692562,Azul,Línea,1
"MULTILINESTRING Z ((441515.489 4478660.3261 0,441516.0723 4478665.3261 0))",2692563,Azul,Línea,1
"MULTILINESTRING Z ((441514.489 4478650.6594 0,441515.0723 4478655.3261 0))",2692564,Azul,Línea,1
"MULTILINESTRING Z ((440838.1021 4478274.5083 0,440842.0723 4478274.1594 0))",2692568,Verde,Batería,1
"MULTILINESTRING Z ((440889.1588 4478302.6666 0,440888.3522 4478291.753 0))",2692570,Verde,Batería,4
"MULTILINESTRING Z ((440809.9544 4478229.6844 0,440821.4989 4478228.62 0))",2692581,Verde,Línea,2
"MULTILINESTRING Z ((440785.28 4478232.1452 0,440788.8864 4478231.835 0,440789.119 4478231.7269 0,440796.4999 4478231.1828 0))",2692583,Verde,Línea,2
"MULTILINESTRING Z ((440838.7966 4478227.0449 0,440860.181 4478225.0843 0))",2692584,Verde,Línea,4
"MULTILINESTRING Z ((440721.0548 4478220.0355 0,440726.1557 4478219.5761 0))",2692585,Verde,Línea,1
"MULTILINESTRING Z ((438492.329 4472900.0579 0,438491.8641 4472880.687 0))",2692589,Verde,Línea,4
"MULTILINESTRING Z ((438491.5541 4472877.5877 0,438490.9343 4472852.3281 0))",2692591,Verde,Línea,5
"MULTILINESTRING Z ((438491.0307 4472849.5761 0,438491.0307 4472835.2011 0))",2692592,Verde,Línea,3
"MULTILINESTRING Z ((438506.3096 4472900.456 0,438507.7899 4472881.5062 0))",2692593,Verde,Línea,4
"MULTILINESTRING Z ((438508.79 4472868.5463 0,438511.2604 4472837.0165 0))",2692594,Verde,Línea,6
"MULTILINESTRING Z ((438494.6535 4472612.4397 0,438470.3237 4472545.3391 0))",2692599,Verde,Batería,26
"MULTILINESTRING Z ((438499.1557 4472625.9927 0,438495.0723 4472612.7427 0))",2692600,Verde,Línea,3
"MULTILINESTRING Z ((438518.8968 4472663.8947 0,438522.0177 4472671.3127 0,438522.6091 4472678.9505 0,438522.7366 4472687.2746 0))",2692601,Verde,Línea,5
"MULTILINESTRING Z ((438519.0761 4472730.9743 0,438519.6662 4472723.6944 0))",2692602,Verde,Línea,2
"MULTILINESTRING Z ((438516.739 4472763.5761 0,438518.0723 4472748.4094 0))",2692603,Verde,Línea,3
"MULTILINESTRING Z ((438537.0307 4472699.9511 0,438540.5307 4472700.7011 0))",2692604,Verde,Batería,1
"MULTILINESTRING Z ((438627.5307 4472722.3261 0,438637.9057 4472724.8261 0))",2692606,Verde,Línea,2
"MULTILINESTRING Z ((438625.7807 4472725.8261 0,438635.1557 4472728.0761 0))",2692607,Verde,Línea,2
"MULTILINESTRING Z ((438599.4057 4472719.7011 0,438614.4057 4472723.2011 0))",2692608,Verde,Línea,3
"MULTILINESTRING Z ((441493.4057 4478416.4094 0,441490.3223 4478416.6594 0))",2692616,Azul,Batería,1
"MULTILINESTRING Z ((441486.3223 4478417.2427 0,441473.5723 4478418.3261 0))",2692618,Azul,Batería,7
"MULTILINESTRING Z ((438524.6557 4472636.5761 0,438525.5307 4472631.7011 0))",2692619,Verde,Línea,1
"MULTILINESTRING Z ((438528.5912 4472616.0039 0,438526.5766 4472628.4013 0))",2692620,Verde,Línea,2
"MULTILINESTRING Z ((438529.4057 4472605.4511 0,438530.4057 4472599.9511 0))",2692622,Verde,Línea,1
"MULTILINESTRING Z ((438533.9057 4472581.8261 0,438531.7807 4472592.3261 0))",2692623,Verde,Línea,2
"MULTILINESTRING Z ((438548.4269 4472583.9258 0,438619.7116 4472603.4516 0))",2692624,Verde,Batería,25
"MULTILINESTRING Z ((438620.2807 4472603.8261 0,438623.7807 4472604.8261 0))",2692625,Verde,Batería,1
"MULTILINESTRING Z ((440776.6989 4478214.9517 0,440798.6102 4478212.9398 0))",2692626,Verde,Línea,4
"MULTILINESTRING Z ((438535.8223 4472571.1594 0,438538.3223 4472563.1594 0,438541.9057 4472552.4094 0,438545.8223 4472541.8261 0,438551.5723 4472527.9927 0,438556.6557 4472518.8261 0,438561.739 4472509.4094 0,438564.3223 4472505.4094 0))",2692627,Verde,Línea,17
"MULTILINESTRING Z ((438541.0723 4472568.2427 0,438545.6557 4472553.6594 0,438549.489 4472543.9927 0,438551.5723 4472538.0761 0,438555.3223 4472530.1594 0))",2692628,Verde,Línea,8
"MULTILINESTRING Z ((438564.4057 4472513.0761 0,438558.989 4472522.0761 0))",2692629,Verde,Línea,2
"MULTILINESTRING Z ((438568.0723 4472499.7427 0,438572.6557 4472492.8261 0,438579.739 4472483.6594 0,438589.989 4472471.3261 0))",2692630,Verde,Línea,7
"MULTILINESTRING Z ((438595.9057 4472464.8261 0,438624.5307 4472432.5761 0,438631.1557 4472425.9511 0,438639.0307 4472419.2011 0,438680.1557 4472392.0761 0))",2692632,Verde,Línea,21
"MULTILINESTRING Z ((438739.0307 4472352.5761 0,438705.2807 4472375.2011 0))",2692634,Verde,Línea,8
"MULTILINESTRING Z ((438743.6557 4472349.2011 0,438775.6557 4472328.3261 0,438784.6557 4472322.7011 0,438794.2807 4472317.0761 0))",2692636,Verde,Línea,11
"MULTILINESTRING Z ((438802.0307 4472313.2011 0,438815.6557 4472306.9511 0,438828.6557 4472301.7011 0,438845.9057 4472296.3261 0,438860.1557 4472292.9511 0,438877.5307 4472290.7011 0,438883.4057 4472290.5761 0,438895.4057 4472290.7011 0,438902.0307 4472291.0761 0,438919.6557 4472294.5761 0))",2692637,Verde,Línea,23
"MULTILINESTRING Z ((438930.1557 4472298.7011 0,438924.7807 4472296.7011 0))",2692639,Verde,Línea,1
"MULTILINESTRING Z ((438928.7807 4472302.4511 0,438925.5307 4472300.9511 0,438921.5307 4472299.5761 0,438916.5307 4472298.2011 0,438906.0307 4472295.9511 0,438893.6557 4472294.9511 0))",2692641,Verde,Línea,8
"MULTILINESTRING Z ((438791.0307 4472323.5761 0,438804.1557 4472316.2011 0,438809.9057 4472313.4511 0,438817.2807 4472310.4511 0,438834.0307 4472304.2011 0,438843.9057 4472300.9511 0,438852.1557 4472299.2011 0,438861.7807 4472296.5761 0,438869.2807 4472295.4511 0,438884.4057 4472294.5761 0))",2692642,Verde,Línea,21
"MULTILINESTRING Z ((438782.6557 4472340.2011 0,438808.2807 4472374.4511 0))",2692645,Verde,Batería,15
"MULTILINESTRING Z ((438746.7807 4472351.9511 0,438770.1557 4472336.7011 0))",2692647,Verde,Línea,5
"MULTILINESTRING Z ((438741.5913 4472355.8991 0,438721.1411 4472369.5888 0))",2692648,Verde,Línea,4
"MULTILINESTRING Z ((438673.5307 4472401.3261 0,438713.6557 4472374.5761 0))",2692650,Verde,Línea,9
"MULTILINESTRING Z ((438662.8405 4472408.4886 0,438639.5194 4472424.0498 0,438629.9199 4472432.8074 0))",2692651,Verde,Línea,8
"MULTILINESTRING Z ((438635.4057 4472441.0761 0,438675.1557 4472470.0761 0))",2692654,Verde,Línea,10
"MULTILINESTRING Z ((438632.9057 4472444.8261 0,438672.0307 4472473.8261 0))",2692655,Verde,Línea,10
"MULTILINESTRING Z ((438689.2597 4472482.3178 0,438696.5396 4472487.6178 0))",2692656,Verde,Línea,2
"MULTILINESTRING Z ((438687.2807 4472485.7011 0,438691.5307 4472488.8261 0))",2692657,Verde,Línea,1
"MULTILINESTRING Z ((438589.6557 4472477.9511 0,438614.9057 4472449.5761 0))",2692658,Verde,Línea,7
"MULTILINESTRING Z ((438578.719 4472491.9764 0,438576.2701 4472496.3356 0))",2692659,Verde,Línea,1
"MULTILINESTRING Z ((438648.2807 4472713.5761 0,438652.4057 4472684.0761 0))",2692660,Verde,Línea,6
"MULTILINESTRING Z ((438713.5698 4472485.4681 0,438720.4861 4472475.2981 0))",2692666,Verde,Línea,2
"MULTILINESTRING Z ((438829.9057 4472378.0761 0,438843.1557 4472369.9511 0))",2692672,Verde,Línea,3
"MULTILINESTRING Z ((438853.5307 4472364.9511 0,438848.1557 4472367.9511 0))",2692674,Verde,Línea,1
"MULTILINESTRING Z ((440906.1711 4478203.1193 0,440927.49 4478201.2354 0))",2692678,Verde,Línea,4
"MULTILINESTRING Z ((440945.9612 4478219.3538 0,440896.6743 4478223.6028 0))",2692692,Verde,Batería,19
"MULTILINESTRING Z ((440956.3398 4478218.3082 0,440999.8766 4478214.4989 0))",2692693,Verde,Batería,16
"MULTILINESTRING Z ((441015.6812 4478220.285 0,441016.5723 4478230.6594 0,441017.6834 4478244.4094 0))",2692708,Verde,Línea,5
"MULTILINESTRING Z ((441030.9349 4478258.6132 0,441055.1945 4478256.6086 0))",2692718,Verde,Batería,8
"MULTILINESTRING Z ((441062.0866 4478253.77 0,441061.9489 4478252.9464 0,441061.8254 4478250.181 0,441060.9612 4478239.7427 0,441059.6858 4478220.9241 0))",2692723,Verde,Línea,6
"MULTILINESTRING Z ((441031.4797 4478340.6872 0,441030.6279 4478330.539 0))",2692726,Verde,Línea,2
"MULTILINESTRING Z ((440938.7761 4478266.6607 0,440947.9057 4478265.9094 0))",2692730,Verde,Batería,4
"MULTILINESTRING Z ((441464.989 4478047.8261 0,441466.3223 4478062.6594 0))",2692735,Azul,Línea,3
"MULTILINESTRING Z ((440967.0024 4478264.3182 0,440976.0339 4478263.5829 0))",2692738,Verde,Batería,4
"MULTILINESTRING Z ((441457.6557 4477957.9094 0,441460.489 4477992.9927 0))",2692740,Azul,Línea,7
"MULTILINESTRING Z ((440996.3061 4478262.037 0,441002.5832 4478261.5249 0))",2692745,Verde,Batería,3
"MULTILINESTRING Z ((441010.6894 4478260.8627 0,441004.5332 4478261.3699 0))",2692747,Verde,Batería,2
"MULTILINESTRING Z ((442524.2807 4472375.2011 0,442519.6557 4472371.9511 0,442517.0307 4472364.9511 0,442517.7807 4472361.4511 0,442520.9057 4472356.7011 0,442524.6557 4472355.2011 0,442528.2807 4472354.2011 0,442533.4057 4472356.3261 0,442536.1557 4472359.0761 0,442537.1557 4472362.0761 0,442538.0307 4472365.2011 0))",2692751,Verde,Batería,15
"MULTILINESTRING Z ((440991.6695 4478262.4191 0,440994.2186 4478262.2077 0))",2692752,Verde,Batería,1
"MULTILINESTRING Z ((441455.4057 4477928.1594 0,441457.1557 4477952.4094 0))",2692753,Azul,Línea,5
"MULTILINESTRING Z ((440966.3933 4478197.6131 0,440954.4917 4478198.6102 0))",2692754,Verde,Línea,2
"MULTILINESTRING Z ((441452.9057 4477899.2427 0,441455.0723 4477922.9927 0))",2692756,Azul,Línea,5
"MULTILINESTRING Z ((441452.4057 4477888.7427 0,441452.739 4477893.8261 0))",2692758,Azul,Línea,1
"MULTILINESTRING Z ((441004.156 4478194.3943 0,441030.2889 4478192.3792 0))",2692760,Verde,Línea,5
"MULTILINESTRING Z ((441450.739 4477868.8261 0,441451.989 4477883.9927 0))",2692761,Azul,Línea,3
"MULTILINESTRING Z ((441083.369 4478208.0167 0,441147.2305 4478202.7229 0))",2692762,Verde,Línea,13
"MULTILINESTRING Z ((441236.1557 4478195.3261 0,441155.7532 4478202.4336 0))",2692763,Verde,Línea,16
"MULTILINESTRING Z ((441264.2205 4478247.0699 0,441263.6279 4478240.181 0,441263.6032 4478237.7119 0,441263.3563 4478236.9711 0,441262.6649 4478228.9218 0,441262.4427 4478222.3292 0))",2692764,Verde,Línea,5
"MULTILINESTRING Z ((441198.2085 4478260.737 0,441255.9772 4478255.8922 0))",2692771,Verde,Línea,12
"MULTILINESTRING Z ((441113.9983 4478274.716 0,441125.1917 4478273.8106 0))",2692772,Verde,Línea,2
"MULTILINESTRING Z ((441159.1341 4478271.0123 0,441171.4139 4478269.9917 0))",2692773,Verde,Línea,3
"MULTILINESTRING Z ((441442.7807 4477775.8261 0,441445.9057 4477810.3261 0))",2692777,Azul,Línea,8
"MULTILINESTRING Z ((441440.5307 4477746.0761 0,441442.1557 4477770.0761 0))",2692783,Azul,Línea,5
"MULTILINESTRING Z ((441439.5307 4477736.2011 0,441440.0307 4477740.9511 0))",2692792,Azul,Línea,1
"MULTILINESTRING Z ((441437.9057 4477716.2011 0,441439.4057 4477731.2011 0))",2692793,Azul,Línea,3
"MULTILINESTRING Z ((441437.4057 4477706.3261 0,441437.7807 4477711.3261 0))",2692795,Azul,Línea,1
"MULTILINESTRING Z ((441436.4057 4477696.2011 0,441436.9057 4477701.3261 0))",2692796,Azul,Línea,1
"MULTILINESTRING Z ((441434.7807 4477672.3261 0,441436.2807 4477691.4511 0))",2692797,Azul,Línea,3
"MULTILINESTRING Z ((441432.9057 4477649.4511 0,441433.9057 4477658.8261 0))",2692798,Azul,Línea,1
"MULTILINESTRING Z ((441499.2946 4479478.6316 0,441496.6279 4479446.2427 0))",2692800,Alta Rotación,Línea,7
"MULTILINESTRING Z ((445010.6557 4475380.5761 0,445027.739 4475382.9094 0))",2692802,Verde,Línea,4
"MULTILINESTRING Z ((445027.8223 4475384.9927 0,445038.0723 4475386.3261 0))",2692803,Verde,Línea,2
"MULTILINESTRING Z ((441517.1917 4479577.6241 0,441506.4043 4479447.5939 0))",2692812,Azul,Línea,27
"MULTILINESTRING Z ((441494.1094 4479410.8724 0,441493.3686 4479401.5761 0))",2692821,Azul,Línea,2
"MULTILINESTRING Z ((441493.2205 4479400.2427 0,441490.6649 4479366.6131 0))",2692822,Azul,Batería,12
"MULTILINESTRING Z ((441488.702 4479341.1316 0,441489.9612 4479357.7983 0))",2692824,Azul,Batería,6
"MULTILINESTRING Z ((444370.2807 4477536.0761 0,444387.6557 4477495.8261 0))",2692827,Verde,Línea,9
"MULTILINESTRING Z ((444408.6557 4477446.5761 0,444388.0307 4477494.5761 0))",2692828,Verde,Línea,9
"MULTILINESTRING Z ((444347.4057 4477559.2011 0,444375.1557 4477493.5761 0))",2692829,Verde,Línea,11
"MULTILINESTRING Z ((444398.7807 4477439.2011 0,444375.6557 4477492.7011 0))",2692834,Verde,Línea,11
"MULTILINESTRING Z ((441468.808 4479129.7796 0,441469.1075 4479137.5268 0))",2692836,Verde,Línea,1
"MULTILINESTRING Z ((441488.0017 4479220.5915 0,441488.548 4479227.3579 0))",2692839,Verde,Línea,1
"MULTILINESTRING Z ((441487.6099 4479215.7369 0,441487.2539 4479211.3035 0))",2692841,Verde,Línea,1
"MULTILINESTRING Z ((441486.4674 4479201.2921 0,441486.8637 4479206.4457 0))",2692842,Verde,Línea,1
"MULTILINESTRING Z ((441486.0641 4479196.3127 0,441484.6557 4479181.4511 0))",2692853,Verde,Línea,3
"MULTILINESTRING Z ((441484.3467 4479176.3401 0,441483.8858 4479170.9739 0))",2692854,Verde,Línea,1
"MULTILINESTRING Z ((441483.4618 4479166.0228 0,441482.3717 4479151.0251 0))",2692856,Verde,Línea,3
"MULTILINESTRING Z ((441482.0279 4479146.1527 0,441481.5523 4479139.3416 0,441480.9983 4479131.6872 0))",2692857,Verde,Línea,3
"MULTILINESTRING Z ((441479.6941 4479115.6745 0,441478.7807 4479106.9511 0))",2692858,Verde,Línea,2
"MULTILINESTRING Z ((441477.455 4479091.6652 0,441477.9983 4479097.9464 0,441478.2205 4479098.9835 0,441478.3316 4479101.6872 0))",2692860,Verde,Línea,2
"MULTILINESTRING Z ((441477.0067 4479086.7668 0,441476.3873 4479079.3485 0,441476.0065 4479078.3868 0,441476.2205 4479078.0082 0,441476.1748 4479076.8277 0,441475.6376 4479070.4362 0,441474.8871 4479061.6131 0))",2692864,Verde,Línea,5
"MULTILINESTRING Z ((441473.3501 4479042.2983 0,441474.5723 4479056.6872 0))",2692866,Verde,Línea,3
"MULTILINESTRING Z ((441472.6279 4479032.4094 0,441472.9612 4479037.0761 0))",2692867,Verde,Línea,1
"MULTILINESTRING Z ((441471.8221 4479022.3671 0,441472.2099 4479027.3932 0))",2692868,Verde,Línea,1
"MULTILINESTRING Z ((441471.4558 4479017.5207 0,441470.8501 4479008.3538 0))",2692869,Verde,Línea,2
"MULTILINESTRING Z ((441439.4057 4478745.6872 0,441438.1094 4478729.7983 0))",2692875,Verde,Línea,3
"MULTILINESTRING Z ((441436.7801 4478713.5473 0,441434.702 4478687.9835 0))",2692876,Verde,Línea,4
"MULTILINESTRING Z ((441432.418 4478659.6131 0,441433.3316 4478670.9464 0))",2692877,Verde,Línea,3
"MULTILINESTRING Z ((441447.5456 4478727.4073 0,441447.8913 4478732.0329 0))",2692878,Verde,Línea,2
"MULTILINESTRING Z ((441445.1834 4478697.6872 0,441447.1557 4478722.4511 0))",2692879,Verde,Línea,5
"MULTILINESTRING Z ((441444.2918 4478687.2757 0,441444.6978 4478692.7956 0))",2692881,Verde,Línea,1
"MULTILINESTRING Z ((441443.4436 4478677.0991 0,441443.8753 4478682.3885 0))",2692882,Verde,Línea,1
"MULTILINESTRING Z ((441414.6279 4478441.2798 0,441415.8131 4478453.7242 0))",2692884,Verde,Línea,3
"MULTILINESTRING Z ((442991.989 4477332.8261 0,442997.6557 4477319.8261 0))",2692885,Verde,Línea,2
"MULTILINESTRING Z ((442980.0723 4477341.4927 0,442990.9057 4477316.3261 0))",2692886,Verde,Línea,5
"MULTILINESTRING Z ((441420.702 4478399.3168 0,441420.2575 4478394.6008 0,441420.1464 4478392.0946 0))",2692888,Verde,Línea,1
"MULTILINESTRING Z ((441419.6834 4478387.2427 0,441418.4612 4478372.465 0))",2692889,Verde,Línea,3
"MULTILINESTRING Z ((441416.6834 4478352.2427 0,441418.0168 4478367.5205 0))",2692890,Verde,Línea,3
"MULTILINESTRING Z ((443088.5723 4477222.4094 0,443097.3223 4477222.8261 0))",2692891,Verde,Línea,1
"MULTILINESTRING Z ((441416.3501 4478346.9094 0,441415.5168 4478337.6316 0))",2692892,Verde,Línea,2
"MULTILINESTRING Z ((441381.1834 4478034.5761 0,441380.5908 4478027.539 0))",2692897,Azul,Línea,1
"MULTILINESTRING Z ((443523.4057 4477338.7427 0,443506.9057 4477342.0761 0))",2692901,Verde,Línea,3
"MULTILINESTRING Z ((443498.6557 4477351.2427 0,443506.4057 4477349.5761 0))",2692902,Verde,Línea,1
"MULTILINESTRING Z ((442562.489 4476924.5761 0,442559.8223 4476927.7427 0))",2692907,Verde,Línea,1
"MULTILINESTRING Z ((441396.3223 4478100.5761 0,441393.3223 4478065.0761 0))",2692908,Azul,Línea,7
"MULTILINESTRING Z ((441392.9057 4478059.7427 0,441391.739 4478045.2427 0))",2692911,Azul,Línea,3
"MULTILINESTRING Z ((442632.4057 4476939.9927 0,442639.489 4476945.2427 0))",2692912,Verde,Batería,4
"MULTILINESTRING Z ((441389.6557 4478019.8261 0,441387.6557 4477996.4511 0))",2692913,Azul,Línea,5
"MULTILINESTRING Z ((441387.1834 4477990.9094 0,441385.239 4477966.9094 0))",2692914,Azul,Línea,5
"MULTILINESTRING Z ((441384.9057 4477961.9094 0,441382.989 4477937.6594 0))",2692915,Azul,Línea,5
"MULTILINESTRING Z ((441379.776 4477912.6501 0,441381.5538 4477922.6872 0,441382.3686 4477929.3909 0,441382.4427 4477930.6131 0))",2692916,Azul,Línea,3
"MULTILINESTRING Z ((442632.6557 4476925.3261 0,442647.8223 4476936.8261 0))",2692918,Verde,Línea,3
"MULTILINESTRING Z ((442689.9057 4476983.3261 0,442702.5723 4476992.9927 0))",2692925,Verde,Línea,2
"MULTILINESTRING Z ((441367.5181 4477904.9547 0,441366.9057 4477896.4511 0,441363.9057 4477861.2011 0))",2692927,Azul,Línea,10
"MULTILINESTRING Z ((442771.5723 4477055.2427 0,442776.739 4477060.5761 0))",2692928,Verde,Línea,1
"MULTILINESTRING Z ((442784.489 4477068.2427 0,442790.1557 4477073.8261 0))",2692932,Verde,Línea,1
"MULTILINESTRING Z ((441352.239 4477719.7427 0,441349.0164 4477678.0777 0))",2692934,Azul,Línea,10
"MULTILINESTRING Z ((442842.4057 4477043.9094 0,442838.5723 4477047.4927 0))",2692935,Verde,Línea,1
"MULTILINESTRING Z ((440108.0372 4480009.9519 0,440103.1557 4480011.4927 0))",2692936,Verde,Línea,1
"MULTILINESTRING Z ((440514.2452 4477653.3168 0,440523.0353 4477657.465 0))",2692938,Verde,Línea,2
"MULTILINESTRING Z ((442937.3223 4476981.5761 0,442903.5723 4476948.4927 0))",2692939,Verde,Línea,9
"MULTILINESTRING Z ((440506.0147 4477642.0576 0,440510.5908 4477644.1152 0))",2692942,Verde,Línea,1
"MULTILINESTRING Z ((440196.9057 4479655.4927 0,440232.8223 4479684.0761 0,440238.5723 4479686.3261 0,440249.4057 4479685.4094 0))",2692945,Verde,Línea,13
"MULTILINESTRING Z ((440354.2327 4479838.2328 0,440366.2697 4479859.1217 0))",2692947,Verde,Línea,5
"MULTILINESTRING Z ((440540.489 4479859.5761 0,440536.1557 4479862.0761 0))",2692952,Verde,Línea,1
"MULTILINESTRING Z ((440996.9983 4479698.502 0,441015.5168 4479669.4279 0))",2692958,Verde,Línea,7
"MULTILINESTRING Z ((440640.2946 4479592.6872 0,440611.3316 4479599.2427 0))",2692960,Verde,Batería,10
"MULTILINESTRING Z ((440545.8871 4479393.2798 0,440553.0723 4479419.0946 0))",2692961,Verde,Línea,6
"MULTILINESTRING Z ((440477.4057 4479399.1594 0,440474.739 4479390.6594 0))",2692963,Verde,Línea,1
"MULTILINESTRING Z ((440487.7485 4479395.8213 0,440502.3041 4479385.7472 0))",2692964,Verde,Línea,4
"MULTILINESTRING Z ((440543.7376 4479357.443 0,440565.7513 4479342.7928 0))",2692965,Verde,Línea,5
"MULTILINESTRING Z ((440633.739 4479228.9094 0,440638.0723 4479225.9927 0))",2692966,Azul,Línea,1
"MULTILINESTRING Z ((440788.3501 4479346.965 0,440793.9057 4479367.2983 0))",2692969,Verde,Batería,7
"MULTILINESTRING Z ((439650.2575 4480486.3538 0,439645.4788 4480473.3918 0))",2692974,Verde,Línea,2
"MULTILINESTRING Z ((439639.8474 4480466.6117 0,439638.6293 4480463.1988 0))",2692975,Azul,Línea,1
"MULTILINESTRING Z ((439637.6197 4480443.0287 0,439635.0518 4480431.1934 0))",2692977,Azul,Batería,7
"MULTILINESTRING Z ((440519.6557 4479645.9927 0,440520.739 4479651.0761 0))",2692983,Verde,Línea,1
"MULTILINESTRING Z ((440768.989 4479590.9927 0,440763.1557 4479578.7427 0))",2692986,Verde,Línea,2
"MULTILINESTRING Z ((440789.4179 4479610.1587 0,440787.4673 4479606.0352 0))",2692987,Verde,Batería,2
"MULTILINESTRING Z ((440549.8223 4479853.8261 0,440553.3223 4479851.8261 0))",2692993,Verde,Línea,1
"MULTILINESTRING Z ((440557.1557 4479849.5761 0,440563.1557 4479845.9094 0))",2692994,Verde,Línea,1
"MULTILINESTRING Z ((440535.8913 4477060.8394 0,440551.9571 4477059.6872 0))",2692997,Verde,Línea,3
"MULTILINESTRING Z ((442997.3223 4476926.4094 0,442977.1557 4476906.6594 0))",2693003,Azul,Batería,10
"MULTILINESTRING Z ((443123.1557 4477067.9927 0,443130.4057 4477074.0761 0))",2693007,Azul,Batería,4
"MULTILINESTRING Z ((439619.7512 4481508.6587 0,439586.0012 4481498.4087 0,439584.4179 4481497.742 0,439584.0012 4481496.5754 0,439584.7512 4481493.992 0,439591.0845 4481476.492 0,439592.1679 4481474.492 0,439595.6679 4481462.992 0,439598.0012 4481456.4087 0,439601.0845 4481453.992 0,439601.8345 4481453.5754 0))",2693008,Verde,Batería,31
"MULTILINESTRING Z ((443184.489 4477086.8261 0,443193.1557 4477093.6594 0))",2693009,Azul,Batería,4
"MULTILINESTRING Z ((439605.8501 4481452.6131 0,439606.8501 4481452.5761 0,439608.4057 4481452.7613 0,439626.3686 4481458.3168 0,439641.5307 4481462.7011 0))",2693010,Verde,Batería,14
"MULTILINESTRING Z ((439599.4468 4481491.6213 0,439608.0667 4481463.2652 0))",2693011,Verde,Batería,12
"MULTILINESTRING Z ((439602.0723 4481492.1872 0,439610.7828 4481464.1268 0))",2693013,Verde,Batería,12
"MULTILINESTRING Z ((443081.239 4477142.6594 0,443081.6557 4477125.0761 0))",2693014,Verde,Línea,3
"MULTILINESTRING Z ((439612.2369 4481495.7256 0,439613.7946 4481490.4094 0,439620.9057 4481467.2011 0))",2693016,Verde,Batería,12
"MULTILINESTRING Z ((439614.9612 4481496.4773 0,439619.0723 4481482.4927 0,439623.7211 4481468.0645 0))",2693017,Verde,Batería,12
"MULTILINESTRING Z ((442440.239 4476830.0761 0,442445.8223 4476887.7427 0))",2693018,Azul,Línea,12
"MULTILINESTRING Z ((439740.2205 4481546.3868 0,439770.8542 4481554.502 0))",2693019,Verde,Línea,6
"MULTILINESTRING Z ((442439.239 4476790.4927 0,442440.3223 4476802.4094 0))",2693020,Azul,Línea,2
"MULTILINESTRING Z ((439607.7925 4481435.7201 0,439626.9695 4481384.823 0))",2693023,Verde,Batería,22
"MULTILINESTRING Z ((439617.4797 4481434.4032 0,439620.6649 4481425.4897 0,439627.4304 4481407.465 0,439633.6032 4481390.5761 0))",2693026,Verde,Batería,19
"MULTILINESTRING Z ((442439.1557 4476789.9094 0,442437.4057 4476771.2427 0))",2693036,Azul,Línea,3
"MULTILINESTRING Z ((439648.5307 4481398.9511 0,439636.0555 4481442.0275 0))",2693037,Verde,Batería,18
"MULTILINESTRING Z ((439648.4427 4481440.5761 0,439655.9057 4481415.0761 0,439659.239 4481404.1594 0))",2693038,Verde,Batería,14
"MULTILINESTRING Z ((442484.9057 4476814.2427 0,442492.239 4476819.3261 0))",2693039,Verde,Batería,3
"MULTILINESTRING Z ((442570.239 4476687.3261 0,442549.4057 4476671.3261 0))",2693040,Verde,Línea,5
"MULTILINESTRING Z ((439651.6951 4481441.2212 0,439652.989 4481437.1594 0,439659.3483 4481415.3737 0,439662.536 4481405.2481 0))",2693041,Verde,Batería,14
"MULTILINESTRING Z ((439662.0307 4481440.8261 0,439671.5307 4481408.9511 0))",2693042,Verde,Batería,14
"MULTILINESTRING Z ((439665.0307 4481441.5761 0,439674.6557 4481409.7011 0))",2693044,Verde,Batería,13
"MULTILINESTRING Z ((442550.6557 4476802.5761 0,442553.989 4476805.0761 0))",2693045,Verde,Batería,1
"MULTILINESTRING Z ((439333.1341 4481145.6378 0,439343.0723 4481150.1594 0))",2693046,Verde,Batería,5
"MULTILINESTRING Z ((442713.8223 4476872.1594 0,442705.3223 4476882.9927 0))",2693047,Verde,Línea,2
"MULTILINESTRING Z ((439596.7637 4480978.8971 0,439601.9489 4480980.2798 0))",2693048,Verde,Batería,2
"MULTILINESTRING Z ((439638.0641 4481002.2715 0,439647.9406 4480965.3662 0))",2693049,Verde,Línea,6
"MULTILINESTRING Z ((442825.239 4476828.3261 0,442814.989 4476848.1594 0))",2693050,Azul,Línea,4
"MULTILINESTRING Z ((439660.8131 4480971.5884 0,439662.5908 4480964.7242 0,439662.6649 4480959.6625 0,439662.8378 4480957.218 0,439663.1834 4480954.7242 0,439668.3192 4480933.3168 0))",2693051,Verde,Línea,7
"MULTILINESTRING Z ((442904.4057 4476860.4927 0,442907.239 4476862.4094 0,442921.989 4476877.0761 0))",2693054,Verde,Línea,5
"MULTILINESTRING Z ((442953.0723 4476822.6594 0,442933.239 4476848.5761 0))",2693055,Verde,Batería,13
"MULTILINESTRING Z ((439974.1805 4481090.2284 0,439985.8062 4481046.3507 0))",2693056,Verde,Batería,17
"MULTILINESTRING Z ((442931.989 4476821.1594 0,442922.989 4476833.2427 0))",2693058,Verde,Batería,5
"MULTILINESTRING Z ((437755.4057 4472966.7427 0,437736.239 4472952.6594 0))",2693063,Verde,Línea,4
"MULTILINESTRING Z ((437689.239 4472937.7427 0,437708.489 4472940.2427 0,437712.5723 4472941.1594 0,437717.9057 4472942.5761 0,437724.6557 4472945.4927 0,437731.489 4472949.4927 0))",2693064,Verde,Línea,9
"MULTILINESTRING Z ((437666.4057 4472936.4927 0,437675.489 4472936.8261 0))",2693065,Verde,Línea,2
"MULTILINESTRING Z ((437650.5723 4472937.1594 0,437660.8223 4472936.4094 0))",2693066,Verde,Línea,2
"MULTILINESTRING Z ((442607.5723 4476704.5761 0,442677.489 4476758.2427 0))",2693067,Verde,Línea,18
"MULTILINESTRING Z ((442642.739 4476875.0761 0,442655.5723 4476885.0761 0))",2693068,Verde,Línea,4
"MULTILINESTRING Z ((442620.0723 4476857.6594 0,442635.6557 4476870.0761 0))",2693069,Verde,Línea,4
"MULTILINESTRING Z ((443094.239 4476888.4927 0,443131.989 4476838.4927 0))",2693070,Verde,Batería,22
"MULTILINESTRING Z ((439414.6896 4480930.7736 0,439395.5044 4480925.7366 0,439393.3563 4480933.9094 0))",2693092,Verde,Batería,11
"MULTILINESTRING Z ((439425.252 4480933.5418 0,439456.9557 4480941.9039 0))",2693095,Verde,Batería,13
"MULTILINESTRING Z ((439331.9635 4480778.8271 0,439349.1193 4480710.5621 0))",2693097,Verde,Batería,28
"MULTILINESTRING Z ((439426.7719 4480835.9176 0,439431.4797 4480837.1522 0))",2693098,Verde,Línea,1
"MULTILINESTRING Z ((439440.5538 4480839.539 0,439444.9242 4480840.6872 0))",2693099,Verde,Línea,1
"MULTILINESTRING Z ((439784.0229 4480880.0082 0,439762.3686 4480874.3292 0))",2693101,Verde,Batería,10
"MULTILINESTRING Z ((439787.5908 4480753.9464 0,439796.4427 4480760.0576 0))",2693109,Verde,Línea,2
"MULTILINESTRING Z ((440010.2616 4480749.5308 0,440005.4057 4480749.646 0))",2693115,Verde,Línea,1
"MULTILINESTRING Z ((439471.1094 4480644.8724 0,439461.5044 4480681.0946 0))",2693122,Verde,Batería,16
"MULTILINESTRING Z ((439717.0723 4480502.965 0,439727.8501 4480533.6131 0))",2693124,Verde,Línea,6
"MULTILINESTRING Z ((440093.5209 4480632.1975 0,440102.1135 4480631.9999 0))",2693125,Verde,Línea,2
"MULTILINESTRING Z ((439688.9612 4480327.2263 0,439701.883 4480328.7078 0))",2693126,Verde,Batería,6
"MULTILINESTRING Z ((440113.0034 4480374.523 0,440119.2946 4480375.1872 0))",2693133,Verde,Batería,2
"MULTILINESTRING Z ((442654.5723 4477392.5761 0,442682.989 4477422.4094 0))",2693134,Verde,Línea,10
"MULTILINESTRING Z ((441803.1557 4479939.0761 0,441801.4057 4479945.8261 0))",2693135,Azul,Línea,1
"MULTILINESTRING Z ((440850.8223 4476114.8261 0,440820.739 4476109.9094 0))",2693136,Verde,Batería,12
"MULTILINESTRING Z ((440808.4057 4476107.7427 0,440819.6557 4476109.7427 0))",2693137,Verde,Batería,4
"MULTILINESTRING Z ((441831.989 4477544.4094 0,441838.6557 4477541.6594 0,441842.239 4477539.9927 0))",2693140,Azul,Línea,2
"MULTILINESTRING Z ((441821.239 4477548.7427 0,441811.8223 4477551.7427 0,441807.1557 4477553.3261 0))",2693141,Azul,Línea,2
"MULTILINESTRING Z ((445087.1969 4476058.788 0,445092.2898 4476061.9441 0))",2693144,Azul,Línea,1
"MULTILINESTRING Z ((445138.2452 4476010.1728 0,445142.5579 4476002.9464 0))",2693145,Verde,Batería,4
"MULTILINESTRING Z ((441784.0723 4477560.6594 0,441799.1557 4477555.8261 0))",2693146,Azul,Línea,3
"MULTILINESTRING Z ((441763.989 4477564.2427 0,441742.8223 4477571.2427 0))",2693147,Azul,Línea,5
"MULTILINESTRING Z ((445147.2575 4476021.8106 0,445152.097 4476013.5637 0))",2693148,Azul,Batería,4
"MULTILINESTRING Z ((445155.1834 4476014.2715 0,445156.9777 4476011.2757 0))",2693149,Azul,Batería,1
"MULTILINESTRING Z ((445160.1279 4476104.6316 0,445172.5723 4476112.4094 0))",2693151,Azul,Línea,3
"MULTILINESTRING Z ((445129.016 4476085.1132 0,445150.607 4476098.7421 0))",2693152,Azul,Línea,5
"MULTILINESTRING Z ((445152.3501 4476097.2983 0,445160.9057 4476102.6872 0))",2693155,Azul,Línea,2
"MULTILINESTRING Z ((441812.489 4477558.8261 0,441818.9057 4477556.5761 0))",2693158,Verde,Línea,1
"MULTILINESTRING Z ((445228.3316 4476030.2427 0,445220.776 4476042.8724 0))",2693164,Verde,Batería,6
"MULTILINESTRING Z ((445252.0614 4475990.6172 0,445253.9708 4475987.4238 0))",2693165,Verde,Batería,1
"MULTILINESTRING Z ((445203.8638 4475936.5816 0,445257.1533 4475969.2071 0))",2693166,Verde,Línea,13
"MULTILINESTRING Z ((445251.891 4476139.0548 0,445246.2243 4476149.9579 0))",2693167,Verde,Línea,2
"MULTILINESTRING Z ((445323.8419 4476018.4197 0,445320.6155 4476024.7078 0))",2693171,Verde,Línea,1
"MULTILINESTRING Z ((440132.2946 4478551.2674 0,440174.2452 4478599.6378 0))",2693184,Verde,Línea,14
"MULTILINESTRING Z ((441702.4057 4477586.7427 0,441685.739 4477591.9927 0))",2693190,Verde,Línea,4
"MULTILINESTRING Z ((441662.3223 4477599.4927 0,441641.3223 4477606.2427 0))",2693194,Verde,Línea,5
"MULTILINESTRING Z ((441173.7184 4479575.7366 0,441177.8336 4479566.5514 0))",2693196,Verde,Línea,2
"MULTILINESTRING Z ((441185.4057 4479549.6501 0,441181.739 4479557.7983 0))",2693197,Verde,Línea,2
"MULTILINESTRING Z ((440396.2369 4478905.5308 0,440400.7143 4478906.7654 0))",2693217,Verde,Línea,1
"MULTILINESTRING Z ((440415.9489 4478910.9711 0,440423.7267 4478913.1193 0))",2693221,Azul,Línea,1
"MULTILINESTRING Z ((443745.9057 4476279.7427 0,443724.6557 4476279.9927 0))",2693224,Verde,Línea,4
"MULTILINESTRING Z ((443696.1281 4476272.012 0,443716.0397 4476271.8081 0))",2693225,Verde,Línea,4
"MULTILINESTRING Z ((443719.7094 4476271.7402 0,443737.8542 4476271.6722 0))",2693226,Verde,Línea,4
"MULTILINESTRING Z ((443741.388 4476271.6043 0,443748.1158 4476271.6722 0))",2693228,Verde,Línea,1
"MULTILINESTRING Z ((445351.584 4476098.5569 0,445354.0092 4476094.4416 0))",2693230,Verde,Batería,2
"MULTILINESTRING Z ((445356.6485 4476089.9588 0,445359.2493 4476085.5308 0))",2693231,Verde,Batería,2
"MULTILINESTRING Z ((445250.7884 4475751.8024 0,445273.1258 4475763.8024 0))",2693235,Verde,Batería,10
"MULTILINESTRING Z ((443851.5845 4476270.5754 0,443860.8345 4476270.5754 0))",2693237,Verde,Línea,2
"MULTILINESTRING Z ((445214.3192 4475927.0699 0,445259.1834 4475954.4526 0))",2693238,Verde,Línea,11
"MULTILINESTRING Z ((443873.3223 4476270.2427 0,443880.5723 4476270.3261 0))",2693239,Verde,Línea,1
"MULTILINESTRING Z ((443884.0723 4476270.2427 0,443894.739 4476270.2427 0))",2693240,Verde,Línea,3
"MULTILINESTRING Z ((445320.6679 4475876.0754 0,445303.8345 4475904.242 0))",2693243,Verde,Batería,13
"MULTILINESTRING Z ((445278.2699 4475946.7983 0,445290.3439 4475926.6501 0))",2693244,Verde,Batería,10
"MULTILINESTRING Z ((445287.7267 4475954.4526 0,445310.3686 4475916.6008 0))",2693245,Verde,Línea,9
"MULTILINESTRING Z ((445437.4885 4475924.3775 0,445445.8433 4475929.506 0))",2693246,Verde,Línea,2
"MULTILINESTRING Z ((442403.0723 4477491.8261 0,442400.0723 4477494.7427 0))",2693259,Verde,Línea,1
"MULTILINESTRING Z ((442411.1557 4477483.9927 0,442404.989 4477489.9927 0))",2693260,Verde,Línea,2
"MULTILINESTRING Z ((442425.4057 4477440.9094 0,442425.6557 4477450.4094 0,442425.5723 4477460.6594 0,442424.489 4477465.9927 0,442421.739 4477472.2427 0))",2693264,Verde,Línea,7
"MULTILINESTRING Z ((442413.989 4477402.6594 0,442415.5723 4477405.2427 0,442418.489 4477410.9927 0,442420.489 4477416.1594 0,442422.4057 4477422.2427 0,442423.8223 4477428.5761 0,442424.989 4477435.4927 0))",2693266,Verde,Línea,7
"MULTILINESTRING Z ((442386.3223 4477423.4094 0,442383.5723 4477426.2427 0,442380.989 4477428.5761 0))",2693276,Verde,Línea,2
"MULTILINESTRING Z ((442353.739 4477453.6594 0,442359.9057 4477467.0761 0))",2693281,Verde,Línea,3
"MULTILINESTRING Z ((442365.0723 4477478.3261 0,442366.0723 4477480.1594 0,442366.8223 4477482.0761 0))",2693282,Verde,Línea,1
"MULTILINESTRING Z ((442341.3223 4477512.1594 0,442345.1557 4477515.1594 0,442349.8223 4477518.4094 0))",2693284,Verde,Línea,2
"MULTILINESTRING Z ((442324.739 4477493.9927 0,442328.989 4477499.7427 0,442330.3223 4477501.3261 0,442333.6557 4477504.6594 0))",2693285,Verde,Línea,3
"MULTILINESTRING Z ((442309.5723 4477473.2427 0,442317.1557 4477483.3261 0,442323.0723 4477491.9927 0))",2693286,Verde,Línea,5
"MULTILINESTRING Z ((442316.4057 4477461.2427 0,442306.8223 4477463.9094 0))",2693289,Verde,Línea,2
"MULTILINESTRING Z ((442379.9057 4477615.6594 0,442368.989 4477623.2427 0))",2693292,Verde,Línea,4
"MULTILINESTRING Z ((442392.8223 4477606.4094 0,442385.5723 4477611.3261 0))",2693294,Verde,Línea,2
"MULTILINESTRING Z ((442406.0723 4477596.6594 0,442408.6557 4477594.0761 0,442411.9057 4477590.0761 0))",2693299,Verde,Línea,2
"MULTILINESTRING Z ((442421.3223 4477574.9927 0,442419.0723 4477580.6594 0,442417.9057 4477582.8261 0))",2693300,Verde,Línea,2
"MULTILINESTRING Z ((442437.6557 4477551.8261 0,442434.489 4477555.1594 0,442432.0723 4477557.9094 0,442429.4057 4477561.3261 0,442427.739 4477563.9927 0,442425.989 4477567.0761 0))",2693302,Verde,Línea,4
"MULTILINESTRING Z ((442382.1557 4477537.0761 0,442386.489 4477537.6594 0,442390.8223 4477537.9927 0,442398.9057 4477538.3261 0,442403.239 4477537.9927 0,442407.4057 4477537.5761 0,442409.1557 4477537.3261 0,442417.8223 4477536.7427 0))",2693309,Verde,Línea,7
"MULTILINESTRING Z ((442420.5723 4477536.9094 0,442426.5723 4477537.7427 0,442432.239 4477538.7427 0,442438.239 4477540.2427 0))",2693310,Verde,Línea,4
"MULTILINESTRING Z ((442262.9057 4477491.0761 0,442276.239 4477480.9927 0))",2693311,Verde,Línea,3
"MULTILINESTRING Z ((442305.239 4477328.2427 0,442305.239 4477331.8261 0,442305.5723 4477336.0761 0,442305.6557 4477338.2427 0))",2693324,Verde,Línea,2
"MULTILINESTRING Z ((442306.3223 4477340.6594 0,442306.8223 4477343.9927 0,442307.9057 4477349.5761 0))",2693326,Verde,Línea,2
"MULTILINESTRING Z ((442240.4057 4477392.0761 0,442243.5723 4477392.9094 0,442246.239 4477393.8261 0,442250.739 4477396.3261 0,442251.5723 4477396.9927 0))",2693333,Verde,Línea,2
"MULTILINESTRING Z ((442235.6557 4477378.9927 0,442226.8223 4477386.9094 0))",2693334,Verde,Línea,2
"MULTILINESTRING Z ((442247.489 4477368.1594 0,442241.3223 4477373.9927 0))",2693335,Verde,Línea,2
"MULTILINESTRING Z ((442263.6557 4477353.6594 0,442251.239 4477364.9094 0))",2693336,Verde,Línea,3
"MULTILINESTRING Z ((442287.739 4477331.9094 0,442280.3223 4477338.4927 0))",2693341,Verde,Línea,2
"MULTILINESTRING Z ((442294.9057 4477325.4094 0,442291.4057 4477328.6594 0))",2693342,Verde,Línea,1
"MULTILINESTRING Z ((442365.3223 4477351.0761 0,442368.4057 4477354.0761 0))",2693360,Verde,Línea,1
"MULTILINESTRING Z ((442319.5723 4477381.2427 0,442323.3223 4477388.9927 0))",2693361,Verde,Línea,2
"MULTILINESTRING Z ((442324.5723 4477391.9927 0,442326.739 4477396.3261 0))",2693362,Verde,Línea,1
"MULTILINESTRING Z ((442338.739 4477423.0761 0,442346.8223 4477440.1594 0))",2693364,Verde,Línea,5
"MULTILINESTRING Z ((440119.4057 4472092.5761 0,440158.0723 4472084.5761 0))",2693365,Verde,Línea,7
"MULTILINESTRING Z ((442290.9057 4477438.6594 0,442291.239 4477440.6594 0,442292.6557 4477445.0761 0,442294.489 4477449.9094 0,442295.9057 4477453.1594 0,442297.6557 4477456.8261 0))",2693366,Verde,Línea,5
"MULTILINESTRING Z ((442291.489 4477415.1594 0,442290.6557 4477417.9094 0,442290.489 4477419.5761 0))",2693368,Verde,Línea,1
"MULTILINESTRING Z ((442315.1557 4477379.3261 0,442310.989 4477382.8261 0,442306.5723 4477387.2427 0,442302.1557 4477392.7427 0,442298.1557 4477398.8261 0,442295.5723 4477403.8261 0,442292.239 4477411.5761 0))",2693369,Verde,Línea,9
"MULTILINESTRING Z ((445208.4427 4475641.6131 0,445207.3316 4475648.9464 0))",2693376,Verde,Línea,1
"MULTILINESTRING Z ((442710.8223 4475989.2427 0,442722.489 4475988.3261 0))",2693377,Azul,Línea,2
"MULTILINESTRING Z ((442702.8223 4475989.6594 0,442710.1557 4475989.2427 0))",2693379,Azul,Línea,1
"MULTILINESTRING Z ((441029.1464 4477610.502 0,441029.6649 4477616.9464 0))",2693400,Azul,Línea,1
"MULTILINESTRING Z ((441754.8223 4478802.4094 0,441755.5723 4478809.8261 0))",2693407,Verde,Batería,3
"MULTILINESTRING Z ((441889.9057 4479958.9927 0,441890.4057 4479971.4094 0))",2693415,Verde,Línea,3
"MULTILINESTRING Z ((443702.9057 4477727.7427 0,443697.3223 4477724.8261 0))",2693420,Verde,Línea,1
"MULTILINESTRING Z ((443541.4009 4479690.4245 0,443554.4147 4479622.6444 0))",2693442,Verde,Línea,14
"MULTILINESTRING Z ((443537.4968 4479709.7282 0,443530.2307 4479746.709 0))",2693443,Azul,Línea,8
"MULTILINESTRING Z ((443507.5723 4479597.1594 0,443550.9057 4479605.5761 0))",2693445,Verde,Línea,9
"MULTILINESTRING Z ((443559.1557 4479600.9094 0,443569.739 4479548.1594 0))",2693446,Verde,Línea,12
"MULTILINESTRING Z ((441369.2575 4479675.7613 0,441383.06 4479687.6378 0))",2693460,Verde,Línea,3
"MULTILINESTRING Z ((441365.0353 4479672.1316 0,441369.06 4479675.5884 0))",2693461,Verde,Línea,1
"MULTILINESTRING Z ((443575.739 4479518.1594 0,443573.1557 4479531.6594 0))",2693499,Verde,Línea,3
"MULTILINESTRING Z ((443511.989 4479455.9927 0,443508.989 4479473.3261 0))",2693500,Verde,Batería,7
"MULTILINESTRING Z ((444058.9057 4478035.9094 0,444054.239 4478041.7427 0,444049.739 4478048.0761 0,444039.5723 4478060.6594 0,444035.8223 4478065.7427 0,444027.1557 4478076.5761 0,444017.739 4478085.6594 0,444011.3223 4478090.9094 0,444008.739 4478092.5761 0,444006.5723 4478093.7427 0))",2693511,Verde,Línea,16
"MULTILINESTRING Z ((443886.739 4477968.3261 0,443889.0723 4477969.0761 0,443897.0723 4477970.6594 0))",2693529,Verde,Línea,2
"MULTILINESTRING Z ((444016.489 4477782.4927 0,444013.989 4477796.3261 0))",2693543,Verde,Línea,3
"MULTILINESTRING Z ((443974.989 4477963.9927 0,443973.8223 4477970.8261 0,443973.239 4477973.0761 0,443972.6557 4477974.5761 0,443970.6557 4477975.9094 0,443967.989 4477976.2427 0,443963.1557 4477975.4927 0,443928.239 4477968.9094 0))",2693549,Verde,Línea,12
"MULTILINESTRING Z ((443895.0845 4477896.6587 0,443885.4179 4477947.9087 0,443884.8345 4477951.492 0,443885.2512 4477954.992 0,443887.6679 4477959.242 0,443889.0012 4477960.8254 0,443890.4179 4477961.742 0,443893.1679 4477962.6587 0,443897.6679 4477963.4087 0))",2693553,Verde,Línea,16
"MULTILINESTRING Z ((443908.489 4477825.3261 0,443904.4057 4477847.9094 0))",2693554,Verde,Línea,5
"MULTILINESTRING Z ((443910.4057 4477814.8261 0,443909.489 4477820.2427 0))",2693555,Verde,Línea,1
"MULTILINESTRING Z ((444009.989 4477775.7427 0,444011.3223 4477768.7427 0,444011.4057 4477767.4094 0,444010.989 4477765.4094 0,444009.8223 4477763.1594 0,444008.0723 4477761.2427 0,444006.239 4477760.2427 0,444003.3223 4477759.6594 0,443987.4057 4477756.9094 0,443968.489 4477753.4094 0))",2693558,Verde,Línea,11
"MULTILINESTRING Z ((444009.0723 4477780.6594 0,444001.3223 4477822.2427 0))",2693561,Verde,Línea,12
"MULTILINESTRING Z ((443984.7512 4477910.8254 0,443976.0845 4477959.242 0))",2693564,Verde,Línea,9
"MULTILINESTRING Z ((444042.3223 4477982.4094 0,444070.5723 4477987.6594 0))",2693569,Verde,Batería,9
"MULTILINESTRING Z ((444036.489 4477981.2427 0,444029.5723 4477980.1594 0))",2693570,Verde,Batería,3
"MULTILINESTRING Z ((443991.1557 4477973.0761 0,444025.4057 4477979.3261 0))",2693571,Verde,Batería,17
"MULTILINESTRING Z ((441371.322 4479701.983 0,441372.9331 4479695.3164 0))",2693577,Verde,Batería,3
"MULTILINESTRING Z ((444105.8223 4477889.6594 0,444104.5723 4477893.4094 0))",2693582,Verde,Línea,1
"MULTILINESTRING Z ((444174.1557 4477879.4094 0,444141.6557 4477827.1594 0))",2693587,Verde,Línea,12
"MULTILINESTRING Z ((444116.8223 4477879.9094 0,444131.489 4477904.2427 0,444132.0723 4477905.2427 0,444132.1557 4477905.9927 0,444132.0723 4477906.5761 0,444130.8223 4477908.7427 0,444121.6557 4477923.4927 0))",2693588,Verde,Batería,19
"MULTILINESTRING Z ((443025.989 4477747.2427 0,443033.9057 4477739.6594 0))",2693591,Verde,Línea,2
"MULTILINESTRING Z ((444202.4057 4477658.2011 0,444257.0307 4477724.5761 0))",2693595,Verde,Línea,16
"MULTILINESTRING Z ((444246.3223 4477786.0761 0,444241.6557 4477795.7427 0))",2693601,Verde,Línea,2
"MULTILINESTRING Z ((444233.239 4477791.6594 0,444205.4057 4477747.2427 0,444190.739 4477723.9927 0))",2693603,Verde,Línea,17
"MULTILINESTRING Z ((444181.989 4477716.6594 0,444177.4057 4477726.4927 0))",2693606,Verde,Línea,2
"MULTILINESTRING Z ((444138.489 4477814.7427 0,444157.8223 4477773.6594 0))",2693609,Verde,Línea,9
"MULTILINESTRING Z ((444157.3223 4477795.3261 0,444158.239 4477795.9927 0,444162.739 4477803.9094 0))",2693610,Verde,Batería,5
"MULTILINESTRING Z ((444209.9057 4477844.6594 0,444187.489 4477808.8261 0,444178.0723 4477793.5761 0,444167.5723 4477775.9927 0))",2693611,Verde,Línea,17
"MULTILINESTRING Z ((444210.8223 4477861.0761 0,444208.6557 4477865.9094 0))",2693618,Verde,Línea,1
"MULTILINESTRING Z ((444225.4057 4477829.7427 0,444217.239 4477847.4094 0))",2693624,Verde,Línea,3
"MULTILINESTRING Z ((444223.8223 4477827.9094 0,444228.0723 4477818.5761 0))",2693625,Verde,Línea,2
"MULTILINESTRING Z ((444097.4057 4477529.6594 0,444090.5723 4477525.1594 0,444088.1557 4477523.7427 0,444084.989 4477522.3261 0,444081.489 4477521.0761 0,444076.989 4477519.8261 0,444073.1557 4477519.1594 0,444069.3223 4477518.7427 0,444063.0723 4477518.6594 0,444058.5723 4477519.0761 0,444053.9057 4477519.9927 0,444049.5723 4477521.2427 0,444044.8223 4477523.0761 0,444040.1557 4477525.4094 0,444035.0723 4477528.9094 0,444030.489 4477532.6594 0,444024.6557 4477539.4094 0,444017.489 4477546.5761 0,443992.489 4477571.9094 0,443961.989 4477602.2427 0))",2693630,Verde,Batería,67
"MULTILINESTRING Z ((443959.239 4477604.9094 0,443953.4057 4477610.6594 0,443946.989 4477617.6594 0,443943.0723 4477623.0761 0,443940.6557 4477627.8261 0,443937.9057 4477633.9927 0,443936.739 4477637.5761 0,443933.8223 4477649.4094 0,443929.5723 4477671.2427 0,443925.239 4477695.0761 0))",2693632,Verde,Batería,39
"MULTILINESTRING Z ((443924.5723 4477699.4094 0,443920.3223 4477721.5761 0))",2693634,Verde,Batería,8
"MULTILINESTRING Z ((443948.739 4477662.3261 0,443946.0723 4477676.6594 0))",2693637,Verde,Batería,6
"MULTILINESTRING Z ((444096.489 4477547.8261 0,444085.9057 4477539.9094 0,444081.739 4477537.4094 0,444075.4057 4477535.0761 0,444070.0723 4477533.9927 0,444064.0723 4477533.8261 0,444058.6557 4477534.5761 0,444054.5723 4477535.4927 0,444051.3223 4477536.9094 0,444047.1557 4477539.0761 0,444042.4057 4477542.5761 0,444016.4057 4477568.7427 0,443999.989 4477585.4927 0,443984.739 4477600.4927 0))",2693638,Verde,Batería,57
"MULTILINESTRING Z ((444132.8223 4477471.1594 0,444145.989 4477472.5761 0))",2693648,Verde,Batería,4
"MULTILINESTRING Z ((444121.0723 4477522.4094 0,444125.239 4477475.4094 0,444125.5723 4477472.9927 0))",2693649,Verde,Batería,19
"MULTILINESTRING Z ((444151.1557 4477580.1594 0,444157.0723 4477587.4927 0))",2693653,Azul,Línea,2
"MULTILINESTRING Z ((444313.4057 4477635.1594 0,444286.989 4477694.7427 0))",2693660,Azul,Línea,16
"MULTILINESTRING Z ((444342.4057 4477562.9927 0,444326.0723 4477600.6594 0))",2693662,Azul,Línea,8
"MULTILINESTRING Z ((444380.3223 4477606.6594 0,444357.9057 4477594.3261 0))",2693664,Azul,Línea,6
"MULTILINESTRING Z ((444627.4057 4477653.7427 0,444597.5723 4477707.2427 0))",2693666,Verde,Línea,13
"MULTILINESTRING Z ((444670.3223 4477668.9927 0,444651.6557 4477659.0761 0))",2693667,Verde,Línea,6
"MULTILINESTRING Z ((444722.3223 4477703.3261 0,444731.9057 4477708.3261 0))",2693690,Verde,Batería,6
"MULTILINESTRING Z ((444733.489 4477709.2427 0,444753.6557 4477720.2427 0))",2693699,Verde,Batería,9
"MULTILINESTRING Z ((444764.9057 4477726.3261 0,444782.1557 4477735.5761 0))",2693701,Verde,Batería,8
"MULTILINESTRING Z ((444783.8223 4477736.4094 0,444793.739 4477741.6594 0))",2693707,Verde,Batería,5
"MULTILINESTRING Z ((444567.1557 4477820.9094 0,444549.239 4477811.3261 0))",2693712,Azul,Línea,4
"MULTILINESTRING Z ((444607.489 4477853.9094 0,444558.6557 4477827.4927 0,444545.8223 4477820.7427 0))",2693719,Verde,Línea,14
"MULTILINESTRING Z ((444520.6557 4477860.0761 0,444517.989 4477865.4927 0))",2693720,Verde,Línea,1
"MULTILINESTRING Z ((444510.5723 4477874.8261 0,444490.489 4477914.8261 0))",2693721,Verde,Línea,10
"MULTILINESTRING Z ((444494.0723 4477923.6594 0,444568.1557 4477963.2427 0,444593.6557 4477977.0761 0))",2693722,Verde,Línea,23
"MULTILINESTRING Z ((440990.1834 4471566.4094 0,440997.1834 4471565.5761 0))",2693723,Verde,Línea,1
"MULTILINESTRING Z ((440828.9057 4472500.6872 0,440835.739 4472500.1872 0))",2693724,Azul,Línea,1
"MULTILINESTRING Z ((444619.989 4477991.3261 0,444660.9057 4478013.4094 0))",2693726,Verde,Línea,9
"MULTILINESTRING Z ((440606.6557 4472017.4511 0,440607.5307 4472024.7011 0))",2693727,Verde,Línea,1
"MULTILINESTRING Z ((440608.9057 4472037.7011 0,440610.9057 4472051.2011 0))",2693728,Verde,Línea,3
"MULTILINESTRING Z ((440611.0307 4472051.8261 0,440612.2807 4472063.0761 0))",2693729,Verde,Línea,2
"MULTILINESTRING Z ((444563.489 4477715.2427 0,444513.489 4477687.8261 0))",2693730,Verde,Línea,12
"MULTILINESTRING Z ((443405.239 4475105.3261 0,443414.4057 4475104.9094 0))",2693731,Verde,Línea,2
"MULTILINESTRING Z ((443415.5723 4475104.7427 0,443425.739 4475104.4094 0))",2693732,Verde,Línea,2
"MULTILINESTRING Z ((444431.6557 4477642.8261 0,444460.6557 4477658.6594 0))",2693733,Verde,Línea,4
"MULTILINESTRING Z ((444296.8223 4477701.7427 0,444293.0723 4477710.4094 0))",2693739,Verde,Línea,2
"MULTILINESTRING Z ((444315.239 4477735.9927 0,444321.9057 4477737.5761 0))",2693740,Verde,Batería,3
"MULTILINESTRING Z ((444541.6557 4477796.5761 0,444546.4057 4477788.1594 0))",2693741,Verde,Línea,2
"MULTILINESTRING Z ((441976.3223 4475428.3261 0,441975.5723 4475416.4094 0))",2693742,Azul,Línea,3
"MULTILINESTRING Z ((444109.239 4478294.9927 0,444090.3223 4478323.5761 0))",2693743,Verde,Línea,8
"MULTILINESTRING Z ((444087.4057 4478327.9927 0,444066.739 4478359.1594 0))",2693744,Verde,Línea,8
"MULTILINESTRING Z ((444059.989 4478245.9927 0,444025.6557 4478298.6594 0,444014.489 4478316.4927 0))",2693749,Verde,Batería,32
"MULTILINESTRING Z ((444013.489 4478319.9094 0,444018.239 4478322.9094 0))",2693750,Verde,Batería,2
"MULTILINESTRING Z ((444829.1583 4476532.6075 0,444827.7169 4476536.3422 0,444827.4766 4476538.9849 0))",2693773,Verde,Línea,1
"MULTILINESTRING Z ((444052.5723 4478287.3261 0,444050.5723 4478290.1594 0))",2693787,Verde,Batería,1
"MULTILINESTRING Z ((444049.989 4478291.1594 0,444048.4057 4478293.7427 0))",2693790,Verde,Batería,1
"MULTILINESTRING Z ((444047.8223 4478294.6594 0,444043.6557 4478301.0761 0))",2693792,Verde,Batería,3
"MULTILINESTRING Z ((444043.0723 4478301.9094 0,444041.5723 4478304.2427 0))",2693793,Verde,Batería,1
"MULTILINESTRING Z ((444040.989 4478305.0761 0,444039.989 4478307.0761 0,444039.6557 4478307.4094 0))",2693799,Verde,Batería,1
"MULTILINESTRING Z ((439987.0723 4475764.4927 0,439996.989 4475763.4927 0))",2693800,Azul,Línea,2
"MULTILINESTRING Z ((444038.9057 4478308.2427 0,444037.4057 4478310.3261 0,444037.0723 4478310.9094 0))",2693801,Verde,Batería,1
"MULTILINESTRING Z ((440361.4057 4472218.9094 0,440373.5723 4472195.8261 0))",2693802,Verde,Línea,5
"MULTILINESTRING Z ((444036.739 4478311.8261 0,444035.489 4478313.7427 0,444034.9057 4478314.3261 0))",2693803,Verde,Batería,1
"MULTILINESTRING Z ((444034.489 4478315.1594 0,444032.5723 4478317.9927 0))",2693804,Verde,Batería,1
"MULTILINESTRING Z ((444031.9057 4478318.8261 0,444029.9057 4478321.4927 0))",2693805,Verde,Batería,1
"MULTILINESTRING Z ((443997.8223 4478257.4927 0,443998.0723 4478204.4927 0,443998.239 4478198.9927 0,443998.8223 4478190.8261 0,444000.5723 4478180.4094 0,444001.489 4478176.0761 0))",2693809,Verde,Línea,16
"MULTILINESTRING Z ((444046.989 4478213.6594 0,444039.5723 4478225.3261 0))",2693817,Verde,Batería,5
"MULTILINESTRING Z ((444049.989 4478209.0761 0,444052.4057 4478205.1594 0))",2693818,Verde,Batería,2
"MULTILINESTRING Z ((444057.4057 4478223.3261 0,444060.3223 4478218.8261 0))",2693822,Verde,Batería,2
"MULTILINESTRING Z ((444108.989 4478180.6594 0,444091.989 4478206.6594 0))",2693824,Verde,Batería,13
"MULTILINESTRING Z ((444127.5723 4478251.6594 0,444155.0723 4478209.9094 0))",2693828,Verde,Línea,10
"MULTILINESTRING Z ((444223.4057 4478109.7427 0,444192.0723 4478155.4927 0))",2693829,Verde,Línea,12
"MULTILINESTRING Z ((444219.989 4478097.0761 0,444192.4057 4478077.6594 0))",2693830,Verde,Línea,7
"MULTILINESTRING Z ((444067.8223 4478049.4094 0,444038.9057 4478089.1594 0,444028.8223 4478103.8261 0,444025.9057 4478108.9094 0,444023.3223 4478112.8261 0))",2693840,Azul,Línea,16
"MULTILINESTRING Z ((444151.3223 4478286.4094 0,444180.239 4478305.2427 0))",2693842,Verde,Línea,7
"MULTILINESTRING Z ((444259.5723 4478273.5761 0,444267.9057 4478261.4927 0))",2693849,Verde,Línea,3
"MULTILINESTRING Z ((444265.3223 4478253.7427 0,444228.0723 4478229.5761 0))",2693850,Verde,Línea,7
"MULTILINESTRING Z ((442539.0723 4477897.0761 0,442540.1557 4477907.4094 0))",2693852,Verde,Batería,3
"MULTILINESTRING Z ((442548.989 4478004.9094 0,442549.489 4478009.9927 0))",2693853,Verde,Batería,2
"MULTILINESTRING Z ((444224.3223 4478227.1594 0,444181.739 4478198.9927 0))",2693855,Verde,Línea,12
"MULTILINESTRING Z ((444173.1557 4478197.3261 0,444149.8223 4478232.5761 0))",2693857,Verde,Línea,7
"MULTILINESTRING Z ((444202.8223 4478154.1594 0,444217.4057 4478132.5761 0))",2693862,Azul,Línea,7
"MULTILINESTRING Z ((441102.739 4471848.0761 0,441152.9057 4471843.4927 0))",2693875,Verde,Línea,9
"MULTILINESTRING Z ((444165.989 4478046.9927 0,444124.489 4478018.7427 0))",2693876,Verde,Batería,16
"MULTILINESTRING Z ((444170.1557 4478049.8261 0,444220.989 4478085.4927 0))",2693877,Verde,Batería,25
"MULTILINESTRING Z ((444282.739 4478014.4094 0,444294.3223 4478022.4927 0))",2693880,Verde,Línea,3
"MULTILINESTRING Z ((439592.7472 4481159.8188 0,439593.6105 4481156.4681 0))",2693881,Verde,Batería,2
"MULTILINESTRING Z ((444261.5723 4477975.5761 0,444275.739 4478002.0761 0))",2693882,Verde,Batería,10
"MULTILINESTRING Z ((444247.489 4477927.3261 0,444241.4057 4477930.6594 0,444240.0723 4477931.8261 0,444239.6557 4477933.3261 0,444239.6557 4477934.3261 0,444242.3223 4477939.2427 0,444251.3223 4477956.5761 0))",2693887,Verde,Batería,13
"MULTILINESTRING Z ((439616.0168 4477463.1872 0,439668.5723 4477479.6872 0))",2693890,Verde,Batería,25
"MULTILINESTRING Z ((444289.1557 4477929.0761 0,444256.4057 4477867.9094 0))",2693891,Verde,Batería,22
"MULTILINESTRING Z ((444254.6557 4477864.4927 0,444246.489 4477849.1594 0,444246.239 4477848.9927 0))",2693892,Verde,Batería,6
"MULTILINESTRING Z ((439979.7688 4476931.782 0,439990.0337 4476936.6742 0))",2693893,Verde,Línea,2
"MULTILINESTRING Z ((439997.918 4476940.4307 0,440011.0877 4476946.7207 0))",2693894,Verde,Línea,3
"MULTILINESTRING Z ((444249.739 4477974.5761 0,444226.1557 4477929.8261 0))",2693895,Verde,Línea,11
"MULTILINESTRING Z ((444215.0723 4477966.3261 0,444195.8223 4477952.7427 0))",2693896,Verde,Línea,6
"MULTILINESTRING Z ((444201.489 4477904.9094 0,444193.0723 4477923.0761 0))",2693897,Verde,Línea,6
"MULTILINESTRING Z ((440373.2211 4479557.156 0,440371.867 4479550.451 0))",2693898,Verde,Línea,1
"MULTILINESTRING Z ((444239.489 4477824.2427 0,444237.6557 4477829.1594 0))",2693900,Verde,Línea,1
"MULTILINESTRING Z ((444245.9057 4477810.9927 0,444251.739 4477798.1594 0))",2693901,Verde,Línea,3
"MULTILINESTRING Z ((444416.5845 4477776.492 0,444479.5012 4477792.3254 0,444490.6679 4477795.3254 0,444502.5012 4477800.9087 0))",2693907,Verde,Línea,20
"MULTILINESTRING Z ((445418.2205 4475986.7489 0,445421.9242 4475980.502 0))",2693909,Verde,Batería,3
"MULTILINESTRING Z ((444504.4057 4477804.4094 0,444512.9057 4477808.3261 0))",2693910,Verde,Línea,2
"MULTILINESTRING Z ((444452.489 4477957.3261 0,444439.0723 4477982.6594 0))",2693915,Verde,Batería,11
"MULTILINESTRING Z ((445420.3357 4475890.8312 0,445415.4139 4475898.9958 0))",2693928,Verde,Batería,5
"MULTILINESTRING Z ((445391.809 4475873.6296 0,445387.1999 4475870.9464 0))",2693937,Verde,Línea,1
"MULTILINESTRING Z ((444371.1557 4478075.5761 0,444346.739 4478058.7427 0))",2693939,Azul,Línea,6
"MULTILINESTRING Z ((444329.0723 4478046.5761 0,444340.9057 4478054.6594 0,444341.6557 4478055.3261 0))",2693940,Azul,Línea,3
"MULTILINESTRING Z ((445379.6773 4475802.4855 0,445391.239 4475782.965 0))",2693941,Verde,Batería,9
"MULTILINESTRING Z ((445434.6649 4475783.7859 0,445461.06 4475798.9464 0))",2693943,Verde,Línea,6
"MULTILINESTRING Z ((444367.1557 4477919.9094 0,444344.1557 4477952.4927 0))",2693945,Azul,Batería,14
"MULTILINESTRING Z ((444370.3223 4477942.0761 0,444392.3223 4477957.1594 0))",2693946,Verde,Batería,10
"MULTILINESTRING Z ((445502.333 4475844.8285 0,445509.6306 4475832.4608 0))",2693947,Verde,Línea,3
"MULTILINESTRING Z ((444403.8223 4477947.3261 0,444397.4057 4477957.0761 0))",2693948,Verde,Batería,4
"MULTILINESTRING Z ((445402.6567 4475822.9958 0,445395.4139 4475819.1275 0))",2693949,Azul,Batería,3
"MULTILINESTRING Z ((445386.6649 4475814.4526 0,445389.1834 4475815.8106 0))",2693950,Azul,Batería,1
"MULTILINESTRING Z ((444408.4057 4477873.9927 0,444409.9057 4477884.1594 0,444411.3223 4477895.9927 0,444411.5723 4477903.7427 0,444411.5723 4477909.1594 0,444410.739 4477915.8261 0,444409.3223 4477923.3261 0,444408.1557 4477926.7427 0,444402.6557 4477936.2427 0))",2693965,Verde,Línea,13
"MULTILINESTRING Z ((444403.1557 4477977.4927 0,444407.1557 4477970.4094 0))",2693966,Verde,Batería,3
"MULTILINESTRING Z ((444407.739 4477969.1594 0,444409.239 4477966.3261 0))",2693967,Verde,Batería,1
"MULTILINESTRING Z ((444409.9057 4477965.3261 0,444413.5723 4477958.3261 0))",2693969,Verde,Batería,3
"MULTILINESTRING Z ((444414.239 4477957.4094 0,444416.0723 4477954.4094 0))",2693971,Verde,Batería,1
"MULTILINESTRING Z ((444318.489 4478279.7427 0,444386.1557 4478324.2427 0,444437.9057 4478357.8261 0,444443.9057 4478361.9094 0,444445.8223 4478363.0761 0))",2693974,Verde,Línea,31
"MULTILINESTRING Z ((445307.9406 4475749.86 0,445310.8268 4475745.1632 0,445322.8981 4475724.4334 0))",2693977,Verde,Línea,6
"MULTILINESTRING Z ((444479.4057 4478283.5761 0,444487.6557 4478289.4927 0))",2693978,Verde,Línea,2
"MULTILINESTRING Z ((444468.3223 4478273.1594 0,444479.989 4478281.1594 0))",2693979,Verde,Línea,3
"MULTILINESTRING Z ((445295.1644 4475750.2876 0,445302.5524 4475737.4814 0))",2693989,Verde,Línea,3
"MULTILINESTRING Z ((444499.4017 4478171.739 0,444529.0741 4478190.6781 0))",2693992,Verde,Línea,7
"MULTILINESTRING Z ((445301.1588 4475736.2962 0,445308.5991 4475723.4732 0))",2694000,Verde,Línea,3
"MULTILINESTRING Z ((444166.239 4478438.8261 0,444188.989 4478453.5761 0))",2694001,Verde,Línea,6
"MULTILINESTRING Z ((444195.8223 4478457.7427 0,444205.0723 4478463.5761 0))",2694003,Verde,Línea,2
"MULTILINESTRING Z ((445263.7266 4476135.7552 0,445254.4016 4476153.9748 0))",2694005,Verde,Línea,4
"MULTILINESTRING Z ((444365.989 4478492.8261 0,444389.489 4478457.7427 0))",2694007,Azul,Línea,9
"MULTILINESTRING Z ((444360.9057 4478434.5761 0,444383.239 4478448.9927 0))",2694012,Verde,Línea,6
"MULTILINESTRING Z ((444265.4057 4478372.4094 0,444237.5723 4478354.2427 0))",2694023,Verde,Línea,6
"MULTILINESTRING Z ((444232.739 4478350.9927 0,444224.9057 4478346.0761 0))",2694026,Verde,Línea,2
"MULTILINESTRING Z ((444281.9057 4478371.3261 0,444340.0723 4478408.8261 0))",2694033,Verde,Línea,14
"MULTILINESTRING Z ((444344.6557 4478412.2427 0,444356.6557 4478419.9927 0))",2694034,Verde,Línea,3
"MULTILINESTRING Z ((445333.3892 4475682.716 0,445348.3357 4475657.8929 0))",2694035,Verde,Línea,6
"MULTILINESTRING Z ((444364.989 4478425.4094 0,444369.5723 4478428.3261 0))",2694038,Verde,Línea,1
"MULTILINESTRING Z ((444380.8223 4478329.4927 0,444393.4057 4478337.6594 0))",2694050,Verde,Línea,3
"MULTILINESTRING Z ((444358.239 4478314.9094 0,444374.739 4478325.5761 0))",2694056,Verde,Línea,3
"MULTILINESTRING Z ((445381.8007 4475633.3662 0,445394.7143 4475635.7119 0,445406.0476 4475637.9094 0,445423.0106 4475640.823 0,445438.7884 4475643.3415 0))",2694057,Verde,Línea,12
"MULTILINESTRING Z ((445389.3563 4475626.3209 0,445441.8501 4475634.6337 0))",2694060,Verde,Línea,11
"MULTILINESTRING Z ((444297.989 4478275.3261 0,444309.6557 4478283.1594 0))",2694061,Verde,Línea,3
"MULTILINESTRING Z ((445410.418 4475751.1934 0,445413.6526 4475745.6131 0))",2694065,Verde,Batería,4
"MULTILINESTRING Z ((441524.9057 4471900.3261 0,441537.9057 4471881.4927 0))",2694067,Verde,Línea,4
"MULTILINESTRING Z ((440366.0723 4472687.4927 0,440384.5723 4472655.8261 0))",2694070,Verde,Línea,10
"MULTILINESTRING Z ((444052.9612 4476162.2551 0,444053.4057 4476164.8888 0))",2694072,Verde,Batería,1
"MULTILINESTRING Z ((445409.3837 4475761.1412 0,445442.418 4475780.1563 0))",2694073,Verde,Línea,8
"MULTILINESTRING Z ((445447.3426 4475782.9794 0,445509.4989 4475818.7544 0))",2694074,Verde,Línea,15
"MULTILINESTRING Z ((444447.239 4478012.5761 0,444474.239 4478027.5761 0))",2694079,Verde,Línea,6
"MULTILINESTRING Z ((444516.9057 4478167.4927 0,444554.8223 4478191.5761 0))",2694088,Verde,Batería,15
"MULTILINESTRING Z ((444494.1557 4478152.9094 0,444512.3223 4478164.4927 0))",2694089,Verde,Batería,7
"MULTILINESTRING Z ((445529.4304 4475776.7983 0,445521.8254 4475772.6995 0))",2694103,Verde,Batería,3
"MULTILINESTRING Z ((444451.739 4478006.2427 0,444491.3223 4478027.8261 0))",2694104,Verde,Línea,9
"MULTILINESTRING Z ((445541.7513 4475778.7242 0,445568.4674 4475733.5143 0))",2694106,Verde,Línea,10
"MULTILINESTRING Z ((444480.489 4477930.1594 0,444475.1557 4477940.0761 0))",2694117,Verde,Línea,2
"MULTILINESTRING Z ((444461.0723 4477971.0761 0,444449.989 4477991.5761 0))",2694118,Verde,Línea,5
"MULTILINESTRING Z ((445519.0024 4475649.0041 0,445524.1053 4475651.1934 0))",2694121,Verde,Línea,1
"MULTILINESTRING Z ((445483.5908 4475662.6131 0,445480.1094 4475671.7983 0))",2694126,Verde,Línea,2
"MULTILINESTRING Z ((445457.6032 4475731.0836 0,445461.038 4475721.9862 0))",2694127,Verde,Línea,2
"MULTILINESTRING Z ((445463.1834 4475716.3538 0,445478.2575 4475676.6131 0))",2694132,Verde,Línea,9
"MULTILINESTRING Z ((445457.5374 4475637.1357 0,445486.6238 4475641.6954 0,445488.2205 4475642.4197 0,445488.9118 4475642.9135 0,445489.3563 4475643.4732 0,445490.0806 4475644.6584 0))",2694133,Verde,Línea,7
"MULTILINESTRING Z ((444820.0723 4476930.0761 0,444809.239 4476939.7427 0))",2694149,Azul,Línea,3
"MULTILINESTRING Z ((445452.2946 4475644.6501 0,445485.702 4475649.8847 0))",2694150,Verde,Línea,7
"MULTILINESTRING Z ((444815.9057 4476920.1594 0,444809.989 4476925.5761 0))",2694151,Verde,Línea,2
"MULTILINESTRING Z ((438968.739 4473115.2427 0,438971.739 4473091.3261 0))",2694169,Verde,Línea,4
"MULTILINESTRING Z ((444262.739 4477998.9094 0,444257.5723 4477988.8261 0))",2694170,Verde,Línea,2
"MULTILINESTRING Z ((444148.739 4477851.9927 0,444141.0723 4477839.6594 0))",2694171,Verde,Línea,3
"MULTILINESTRING Z ((444034.547 4476097.7997 0,444020.4893 4476019.4238 0))",2694231,Verde,Batería,32
"MULTILINESTRING Z ((441541.739 4471243.9927 0,441546.3223 4471246.3261 0))",2694275,Verde,Línea,1
"MULTILINESTRING Z ((440653.6557 4474452.5761 0,440655.5723 4474443.7427 0))",2694279,Verde,Línea,2
"MULTILINESTRING Z ((444121.4179 4476097.992 0,444144.3345 4476093.9087 0))",2694288,Verde,Batería,9
"MULTILINESTRING Z ((444158.6662 4476091.1564 0,444163.402 4476090.3321 0))",2694290,Verde,Batería,1
"MULTILINESTRING Z ((444169.5291 4476089.2674 0,444197.9736 4476084.3045 0))",2694291,Verde,Batería,12
"MULTILINESTRING Z ((439090.739 4476381.6594 0,439089.1557 4476368.1594 0))",2694292,Azul,Línea,3
"MULTILINESTRING Z ((444074.2452 4475928.0822 0,444073.1588 4475929.0205 0,444068.418 4475933.4897 0,444065.3316 4475937.0205 0,444062.8131 4475940.1069 0,444060.4921 4475943.465 0,444058.3933 4475947.7119 0,444053.5785 4475958.4526 0,444037.8748 4475996.0576 0))",2694294,Verde,Línea,17
"MULTILINESTRING Z ((439752.5723 4476078.4094 0,439751.8223 4476065.3261 0))",2694314,Verde,Línea,2
"MULTILINESTRING Z ((440329.6557 4476263.9927 0,440337.489 4476263.4094 0))",2694315,Verde,Línea,1
"MULTILINESTRING Z ((441444.739 4477628.8261 0,441470.239 4477667.7427 0))",2694318,Verde,Línea,10
"MULTILINESTRING Z ((444344.1279 4476154.3538 0,444315.739 4476128.2983 0))",2694323,Azul,Batería,12
"MULTILINESTRING Z ((440343.239 4476031.5761 0,440353.1557 4476034.4927 0))",2694324,Verde,Línea,2
"MULTILINESTRING Z ((439812.2452 4480337.1687 0,439816.3192 4480337.5884 0))",2694326,Verde,Línea,1
"MULTILINESTRING Z ((439881.6855 4480345.037 0,439885.6526 4480345.432 0))",2694327,Verde,Línea,1
"MULTILINESTRING Z ((439942.7719 4480351.8353 0,439947.0188 4480352.3292 0))",2694328,Verde,Línea,1
"MULTILINESTRING Z ((440012.4509 4480359.4567 0,440016.6155 4480359.967 0))",2694330,Verde,Línea,1
"MULTILINESTRING Z ((440073.4276 4480366.5294 0,440077.5428 4480367.0013 0))",2694331,Verde,Línea,1
"MULTILINESTRING Z ((440142.9859 4480373.6296 0,440148.3686 4480374.1563 0))",2694332,Verde,Línea,1
"MULTILINESTRING Z ((439473.5703 4481091.4238 0,439472.1382 4481096.823 0))",2694342,Verde,Línea,1
"MULTILINESTRING Z ((444287.8144 4476102.8257 0,444310.4612 4476123.5205 0))",2694343,Azul,Batería,11
"MULTILINESTRING Z ((444305.9242 4476164.0082 0,444250.2205 4476173.9094 0))",2694347,Verde,Línea,11
"MULTILINESTRING Z ((444250.2946 4476145.4897 0,444253.9489 4476166.0329 0))",2694348,Verde,Línea,4
"MULTILINESTRING Z ((444239.2575 4476140.1687 0,444245.6279 4476174.2427 0))",2694349,Verde,Batería,12
"MULTILINESTRING Z ((444276.3247 4476132.1371 0,444275.2603 4476132.8504 0,444274.4262 4476133.2016 0,444273.669 4476133.4101 0,444244.2946 4476138.7983 0))",2694350,Verde,Línea,6
"MULTILINESTRING Z ((444162.5689 4476117.5857 0,444221.3782 4476107.0617 0))",2694352,Verde,Batería,23
"MULTILINESTRING Z ((444166.3769 4476164.2633 0,444191.5456 4476182.3703 0))",2694355,Verde,Línea,7
"MULTILINESTRING Z ((444080.7884 4476131.6378 0,444104.097 4476127.6625 0))",2694360,Verde,Batería,11
"MULTILINESTRING Z ((444076.7512 4476239.242 0,444089.4179 4476237.1587 0))",2694361,Verde,Batería,6
"MULTILINESTRING Z ((444064.2946 4476245.0205 0,444021.0168 4476252.465 0))",2694375,Verde,Línea,8
"MULTILINESTRING Z ((443974.2946 4476260.6501 0,444019.739 4476252.7242 0))",2694377,Verde,Línea,8
"MULTILINESTRING Z ((443985.3069 4476279.1001 0,444023.239 4476272.465 0))",2694392,Verde,Línea,8
"MULTILINESTRING Z ((444024.2946 4476272.2427 0,444048.5723 4476268.0205 0,444070.5168 4476263.965 0))",2694393,Verde,Línea,9
"MULTILINESTRING Z ((444075.1679 4476263.242 0,444077.2512 4476262.9087 0,444080.3345 4476262.742 0,444082.6679 4476263.492 0))",2694394,Verde,Línea,1
"MULTILINESTRING Z ((444084.1217 4476263.2674 0,444085.455 4476263.218 0,444101.381 4476260.4032 0,444120.9612 4476257.1193 0))",2694396,Verde,Batería,15
"MULTILINESTRING Z ((444084.6649 4476322.6131 0,444087.6279 4476339.3168 0,444094.8501 4476380.2057 0))",2694421,Verde,Línea,13
"MULTILINESTRING Z ((444072.2369 4476313.3004 0,444076.9612 4476338.9958 0))",2694422,Verde,Batería,11
"MULTILINESTRING Z ((444352.097 4476334.9218 0,444381.8254 4476292.5761 0))",2694434,Verde,Línea,11
"MULTILINESTRING Z ((444387.8871 4476297.3909 0,444376.8131 4476311.3538 0,444365.1464 4476328.1316 0))",2694438,Verde,Línea,9
"MULTILINESTRING Z ((444353.5168 4476354.1316 0,444359.2946 4476346.2798 0,444380.739 4476315.7242 0,444389.8939 4476299.1165 0))",2694439,Verde,Línea,14
"MULTILINESTRING Z ((444218.8378 4476297.9588 0,444217.4221 4476289.6625 0))",2694444,Verde,Batería,3
"MULTILINESTRING Z ((442884.989 4476282.6594 0,442868.4057 4476298.2427 0))",2694472,Verde,Batería,8
"MULTILINESTRING Z ((444365.0353 4476376.4032 0,444429.381 4476424.4279 0))",2694473,Verde,Línea,16
"MULTILINESTRING Z ((439703.3223 4472772.9927 0,439705.8223 4472755.8261 0))",2694483,Verde,Batería,8
"MULTILINESTRING Z ((444440.8345 4476433.0754 0,444442.8345 4476434.5754 0,444444.3345 4476435.5754 0,444446.1679 4476436.5754 0,444448.5012 4476437.3254 0,444451.0845 4476437.6587 0,444453.1679 4476437.6587 0,444454.8345 4476437.4087 0,444457.5845 4476436.1587 0,444472.2512 4476427.4087 0))",2694484,Verde,Línea,7
"MULTILINESTRING Z ((439653.6557 4473618.3261 0,439665.8223 4473615.4927 0))",2694492,Verde,Línea,2
"MULTILINESTRING Z ((444477.3345 4476398.5754 0,444482.0845 4476416.8254 0))",2694495,Verde,Línea,4
"MULTILINESTRING Z ((444417.4797 4476284.502 0,444425.9612 4476289.8353 0))",2694497,Verde,Línea,2
"MULTILINESTRING Z ((444462.2205 4476312.5514 0,444429.6526 4476292.1563 0))",2694498,Verde,Línea,8
"MULTILINESTRING Z ((444411.9406 4476280.9876 0,444410.514 4476279.8134 0,444408.1876 4476277.3772 0,444407.1999 4476276.0054 0,444405.6087 4476273.0864 0,444405.0161 4476271.539 0,444402.6402 4476258.7654 0))",2694501,Verde,Línea,5
"MULTILINESTRING Z ((444477.0353 4476314.2057 0,444543.5908 4476312.9094 0,444545.0723 4476312.9835 0,444545.6279 4476313.1316 0,444546.5908 4476313.6872 0,444574.2575 4476331.0576 0))",2694506,Verde,Línea,21
"MULTILINESTRING Z ((442376.8223 4478540.5761 0,442367.6557 4478574.4094 0))",2694513,Azul,Batería,13
"MULTILINESTRING Z ((444773.1679 4476464.492 0,444819.9179 4476493.4087 0))",2694515,Verde,Línea,11
"MULTILINESTRING Z ((444731.9571 4476471.8847 0,444744.4674 4476451.8024 0))",2694516,Verde,Línea,5
"MULTILINESTRING Z ((444734.9118 4476482.9958 0,444803.0353 4476525.7859 0))",2694517,Verde,Línea,16
"MULTILINESTRING Z ((444827.6679 4476502.992 0,444823.9179 4476508.492 0))",2694531,Verde,Batería,3
"MULTILINESTRING Z ((445357.4057 4475685.0761 0,445361.6557 4475687.2427 0))",2694535,Verde,Batería,1
"MULTILINESTRING Z ((445367.8223 4475690.5761 0,445381.4057 4475697.6594 0))",2694536,Verde,Batería,7
"MULTILINESTRING Z ((444816.8345 4476520.4087 0,444812.7512 4476526.242 0))",2694539,Verde,Batería,3
"MULTILINESTRING Z ((444738.0641 4476447.7695 0,444725.3563 4476467.8024 0))",2694543,Verde,Línea,5
"MULTILINESTRING Z ((444557.776 4476372.2551 0,444636.1711 4476421.3168 0))",2694545,Verde,Línea,19
"MULTILINESTRING Z ((444491.776 4476330.9794 0,444483.595 4476325.86 0))",2694546,Verde,Línea,2
"MULTILINESTRING Z ((444543.4797 4476320.8724 0,444543.0024 4476320.7078 0,444514.2616 4476321.1357 0))",2694547,Verde,Línea,6
"MULTILINESTRING Z ((444518.5085 4476357.5637 0,444533.5044 4476366.6831 0))",2694555,Verde,Línea,3
"MULTILINESTRING Z ((444540.3028 4476420.7571 0,444536.7637 4476426.3868 0,444536.5332 4476427.0617 0,444536.4015 4476427.7859 0,444536.6485 4476429.037 0,444543.6114 4476453.2839 0))",2694558,Verde,Línea,8
"MULTILINESTRING Z ((444581.5538 4476520.7613 0,444592.776 4476502.8353 0))",2694567,Verde,Línea,5
"MULTILINESTRING Z ((444569.9434 4476539.4787 0,444574.3878 4476532.3237 0))",2694568,Verde,Línea,2
"MULTILINESTRING Z ((444564.2699 4476526.2551 0,444567.6773 4476538.4526 0))",2694569,Verde,Línea,3
"MULTILINESTRING Z ((444562.6649 4476513.2921 0,444577.1588 4476522.2304 0))",2694571,Verde,Línea,4
"MULTILINESTRING Z ((444559.9489 4476510.4526 0,444552.7884 4476485.5884 0))",2694572,Verde,Línea,6
"MULTILINESTRING Z ((444553.0847 4476481.6872 0,444556.5662 4476476.1069 0))",2694573,Verde,Batería,4
"MULTILINESTRING Z ((437071.2767 4472950.176 0,437040.7872 4472955.7791 0))",2694575,Verde,Línea,6
"MULTILINESTRING Z ((444572.8625 4476482.9958 0,444591.2822 4476494.5514 0))",2694576,Verde,Línea,5
"MULTILINESTRING Z ((444545.9179 4476456.742 0,444595.2512 4476487.5754 0))",2694577,Verde,Línea,12
"MULTILINESTRING Z ((444505.4179 4476465.1587 0,444484.5845 4476391.742 0))",2694578,Verde,Línea,16
"MULTILINESTRING Z ((444490.7512 4476385.5754 0,444509.7512 4476397.6587 0))",2694579,Verde,Línea,5
"MULTILINESTRING Z ((444519.6114 4476403.9835 0,444515.381 4476401.3168 0))",2694580,Verde,Línea,1
"MULTILINESTRING Z ((444512.5845 4476490.0754 0,444530.6679 4476554.742 0))",2694584,Verde,Línea,14
"MULTILINESTRING Z ((444538.7263 4476564.4923 0,444552.3413 4476560.7465 0))",2694592,Verde,Línea,3
"MULTILINESTRING Z ((444559.4057 4476589.465 0,444622.0723 4476628.5761 0))",2694595,Verde,Línea,15
"MULTILINESTRING Z ((444627.5291 4476624.2057 0,444639.702 4476604.7983 0))",2694598,Verde,Línea,5
"MULTILINESTRING Z ((444639.1011 4476602.1399 0,444570.4262 4476559.2592 0))",2694601,Verde,Línea,16
"MULTILINESTRING Z ((444574.1217 4476553.3662 0,444643.4057 4476596.465 0))",2694602,Verde,Línea,16
"MULTILINESTRING Z ((444584.9777 4476536.9382 0,444650.8048 4476578.0411 0))",2694603,Verde,Línea,16
"MULTILINESTRING Z ((444634.3686 4476628.6995 0,444646.5415 4476609.0205 0))",2694605,Verde,Línea,5
"MULTILINESTRING Z ((444665.06 4476586.8971 0,444702.3933 4476610.0822 0,444733.7513 4476629.5884 0))",2694607,Verde,Línea,17
"MULTILINESTRING Z ((444745.5908 4476706.1687 0,444805.8871 4476743.7613 0))",2694609,Verde,Línea,15
"MULTILINESTRING Z ((444835.3316 4476714.181 0,444841.3069 4476704.6255 0))",2694611,Verde,Línea,3
"MULTILINESTRING Z ((444687.8748 4476554.9711 0,444753.1588 4476595.8353 0))",2694615,Verde,Línea,16
"MULTILINESTRING Z ((444740.5662 4476625.0699 0,444669.1094 4476580.0576 0))",2694619,Verde,Línea,17
"MULTILINESTRING Z ((444688.5538 4476541.2427 0,444701.0723 4476521.502 0))",2694620,Verde,Línea,5
"MULTILINESTRING Z ((444691.8995 4476548.1316 0,444704.8871 4476556.2551 0))",2694621,Verde,Línea,4
"MULTILINESTRING Z ((444730.3604 4476489.7448 0,444794.1464 4476529.679 0))",2694626,Verde,Línea,15
"MULTILINESTRING Z ((444609.0353 4476491.9094 0,444620.8501 4476473.0205 0))",2694630,Verde,Línea,5
"MULTILINESTRING Z ((444682.0806 4476537.0205 0,444694.4592 4476517.1851 0))",2694636,Verde,Línea,5
"MULTILINESTRING Z ((444627.8871 4476471.5761 0,444692.5908 4476512.0946 0))",2694637,Verde,Línea,16
"MULTILINESTRING Z ((444588.3316 4476524.9464 0,444599.5168 4476507.1316 0))",2694639,Verde,Línea,5
"MULTILINESTRING Z ((440473.06 4481914.2304 0,440468.0476 4481911.5143 0))",2694642,Azul,Batería,2
"MULTILINESTRING Z ((444072.9057 4476133.0761 0,444067.4057 4476133.9927 0))",2694643,Verde,Batería,2
"MULTILINESTRING Z ((444076.6557 4476134.2427 0,444073.5723 4476134.7427 0))",2694644,Verde,Batería,1
"MULTILINESTRING Z ((444589.1917 4476530.1069 0,444642.4427 4476562.8477 0))",2694647,Verde,Línea,13
"MULTILINESTRING Z ((444655.2081 4476570.6748 0,444648.1958 4476566.3785 0))",2694653,Verde,Línea,2
"MULTILINESTRING Z ((444608.0723 4476505.037 0,444670.5908 4476544.1975 0))",2694654,Verde,Línea,16
"MULTILINESTRING Z ((444852.4427 4476686.7736 0,444862.1464 4476671.3415 0))",2694656,Verde,Línea,5
"MULTILINESTRING Z ((444030.239 4478330.4927 0,444021.4057 4478324.9094 0))",2694658,Verde,Batería,4
"MULTILINESTRING Z ((444864.5662 4476656.1069 0,444856.6155 4476651.144 0))",2694659,Verde,Línea,2
"MULTILINESTRING Z ((444809.3069 4476584.9053 0,444881.6855 4476630.3374 0))",2694664,Verde,Línea,18
"MULTILINESTRING Z ((444789.7678 4476600.3127 0,444793.4057 4476594.4197 0))",2694665,Azul,Línea,1
"MULTILINESTRING Z ((444851.776 4476565.9259 0,444871.4468 4476578.3374 0))",2694672,Verde,Línea,5
"MULTILINESTRING Z ((444060.8223 4478270.3261 0,444059.1557 4478273.0761 0))",2694676,Verde,Batería,1
"MULTILINESTRING Z ((444058.6557 4478273.9094 0,444057.239 4478275.9927 0))",2694677,Verde,Batería,1
"MULTILINESTRING Z ((444833.9612 4476520.1316 0,444843.9057 4476504.2427 0,444859.5168 4476478.8538 0,444879.9057 4476447.8261 0))",2694682,Verde,Línea,22
"MULTILINESTRING Z ((444925.8254 4476612.1069 0,444949.0106 4476626.6748 0))",2694700,Verde,Línea,5
"MULTILINESTRING Z ((444844.226 4476722.3593 0,444908.204 4476762.096 0))",2694709,Verde,Línea,16
"MULTILINESTRING Z ((444916.0723 4476762.0822 0,444922.1711 4476752.5267 0))",2694714,Verde,Línea,3
"MULTILINESTRING Z ((444932.1876 4476707.8847 0,444894.9695 4476684.9053 0))",2694717,Verde,Línea,11
"MULTILINESTRING Z ((444937.8345 4476788.8254 0,444947.5012 4476794.9087 0))",2694722,Verde,Línea,3
"MULTILINESTRING Z ((444953.1588 4476790.3374 0,444949.8131 4476788.0946 0))",2694725,Verde,Línea,1
"MULTILINESTRING Z ((444929.0845 4476757.0754 0,444923.0845 4476766.242 0))",2694727,Verde,Línea,3
"MULTILINESTRING Z ((440486.8131 4481929.8353 0,440505.1341 4481939.9588 0))",2694774,Azul,Batería,12
"MULTILINESTRING Z ((440684.1557 4472265.7427 0,440698.9057 4472263.9094 0))",2695020,Verde,Línea,2
"MULTILINESTRING Z ((440714.0723 4472262.4927 0,440720.989 4472261.8261 0))",2695021,Verde,Línea,1
"MULTILINESTRING Z ((444119.6557 4477912.0761 0,444115.7807 4477905.5761 0))",2695042,Verde,Batería,3
"MULTILINESTRING Z ((445347.9057 4476014.1594 0,445346.0723 4476018.6594 0))",2695046,Verde,Línea,1
"MULTILINESTRING Z ((443250.489 4477306.9927 0,443248.4057 4477309.9927 0))",2695048,Verde,Batería,1
"MULTILINESTRING Z ((444678.4057 4476864.1594 0,444673.239 4476871.2427 0))",2695056,Verde,Línea,1
"MULTILINESTRING Z ((441064.239 4475523.7427 0,441117.989 4475519.9927 0))",2695061,Verde,Línea,11
"MULTILINESTRING Z ((444566.0723 4476771.2427 0,444564.0723 4476774.4927 0))",2695064,Verde,Línea,1
"MULTILINESTRING Z ((443872.739 4475210.2427 0,443874.0723 4475197.9927 0))",2695065,Verde,Línea,2
"MULTILINESTRING Z ((443867.989 4478210.4094 0,443868.0723 4478214.8261 0))",2695100,Verde,Línea,1
"MULTILINESTRING Z ((443875.6557 4478273.5761 0,443874.239 4478277.1594 0,443872.4057 4478279.4927 0,443871.489 4478280.3261 0))",2695103,Verde,Línea,2
"MULTILINESTRING Z ((441091.6557 4473096.3261 0,441100.5723 4473108.5761 0))",2695104,Azul,Línea,3
"MULTILINESTRING Z ((443291.3223 4479112.1594 0,443331.4057 4479109.4927 0))",2695105,Verde,Línea,8
"MULTILINESTRING Z ((441558.9057 4475615.6594 0,441556.6557 4475603.4094 0))",2695106,Azul,Línea,2
"MULTILINESTRING Z ((443332.3223 4479107.8261 0,443341.489 4479107.3261 0))",2695107,Verde,Línea,2
"MULTILINESTRING Z ((441562.1557 4475629.5761 0,441563.4057 4475635.9094 0))",2695108,Azul,Línea,1
"MULTILINESTRING Z ((440152.375 4476102.5147 0,440149.3075 4476117.1159 0))",2695112,Verde,Línea,3
"MULTILINESTRING Z ((441721.2223 4474653.6297 0,441737.1581 4474658.2392 0))",2695113,Azul,Línea,3
"MULTILINESTRING Z ((441648.5723 4476076.5761 0,441647.0723 4476090.4927 0))",2695162,Azul,Línea,2
"MULTILINESTRING Z ((442009.4057 4475634.4927 0,442011.489 4475664.6594 0))",2695170,Azul,Línea,6
"MULTILINESTRING Z ((442011.8223 4475668.5761 0,442014.0723 4475699.8261 0))",2695172,Azul,Línea,6
"MULTILINESTRING Z ((441835.0723 4475908.4094 0,441838.8223 4475959.6594 0,441839.0723 4475966.5761 0))",2695173,Verde,Línea,12
"MULTILINESTRING Z ((442049.489 4475729.2427 0,442069.239 4475727.6594 0))",2695177,Azul,Línea,3
"MULTILINESTRING Z ((442052.4057 4475872.1594 0,442067.0723 4475871.1594 0))",2695179,Verde,Línea,2
"MULTILINESTRING Z ((442270.6557 4476405.9094 0,442275.4057 4476471.0761 0))",2695180,Verde,Línea,14
"MULTILINESTRING Z ((441208.6408 4472412.3148 0,441222.2988 4472405.3077 0,441236.4318 4472397.8255 0,441261.2536 4472383.2174 0,441289.2821 4472366.234 0,441306.028 4472355.5452 0,441331.6812 4472338.3243 0))",2695181,Verde,Línea,29
"MULTILINESTRING Z ((441645.239 4476559.9094 0,441648.989 4476567.5761 0))",2695187,Verde,Línea,1
"MULTILINESTRING Z ((441869.6557 4476393.0761 0,441869.4057 4476387.9927 0))",2695189,Verde,Línea,1
"MULTILINESTRING Z ((441869.0723 4476383.3261 0,441867.5723 4476363.6594 0))",2695191,Verde,Línea,4
"MULTILINESTRING Z ((441879.5723 4476378.0761 0,441880.5723 4476392.3261 0))",2695194,Verde,Batería,6
"MULTILINESTRING Z ((441875.4057 4476349.4927 0,441877.6557 4476376.9094 0))",2695195,Verde,Batería,9
"MULTILINESTRING Z ((441933.5723 4476393.3261 0,441946.8223 4476392.4927 0))",2695196,Verde,Batería,5
"MULTILINESTRING Z ((439178.489 4477504.8261 0,439177.989 4477507.4927 0,439177.489 4477512.9094 0))",2695219,Azul,Línea,1
"MULTILINESTRING Z ((442036.8223 4476299.8261 0,442038.739 4476328.1594 0))",2695224,Verde,Línea,5
"MULTILINESTRING Z ((441944.1557 4476240.2427 0,441943.739 4476233.1594 0))",2695225,Verde,Batería,2
"MULTILINESTRING Z ((443406.7807 4474568.5761 0,443453.2807 4474549.9511 0))",2695243,Verde,Línea,10
"MULTILINESTRING Z ((444060.4057 4478297.8261 0,444046.6557 4478318.5761 0))",2695245,Verde,Batería,10
"MULTILINESTRING Z ((444004.8223 4478159.8261 0,444002.739 4478169.6594 0))",2695259,Verde,Línea,2
"MULTILINESTRING Z ((443921.489 4477975.2427 0,443936.4057 4477978.2427 0))",2695263,Verde,Línea,3
"MULTILINESTRING Z ((444108.6557 4477878.5761 0,444112.6557 4477869.8261 0))",2695313,Verde,Línea,3
"MULTILINESTRING Z ((444130.9057 4477847.6594 0,444132.3223 4477848.0761 0,444133.1557 4477848.8261 0,444137.6557 4477855.7427 0))",2695314,Verde,Batería,6
"MULTILINESTRING Z ((440655.8419 4482017.3497 0,440662.2287 4482021.0205 0))",2695342,Verde,Batería,3
"MULTILINESTRING Z ((444170.9057 4477800.5761 0,444165.2807 4477791.2011 0))",2695377,Verde,Línea,2
"MULTILINESTRING Z ((439982.1354 4478503.4732 0,439991.2767 4478496.1865 0,440023.2219 4478471.0013 0))",2695379,Verde,Línea,12
"MULTILINESTRING Z ((441812.6557 4480669.0761 0,441847.9057 4480661.8261 0))",2695383,Verde,Línea,7
"MULTILINESTRING Z ((439402.6073 4480900.8065 0,439415.7596 4480904.2633 0))",2695384,Verde,Batería,5
"MULTILINESTRING Z ((443183.4304 4477113.8847 0,443185.8254 4477115.8353 0))",2695391,Verde,Batería,1
"MULTILINESTRING Z ((443187.6773 4477117.3415 0,443189.8748 4477119.144 0))",2695392,Verde,Batería,1
"MULTILINESTRING Z ((441039.9736 4477965.0452 0,441039.3069 4477957.1193 0))",2695404,Verde,Línea,2
"MULTILINESTRING Z ((443632.6557 4478562.1594 0,443624.9057 4478562.8261 0))",2695406,Verde,Línea,1
"MULTILINESTRING Z ((443618.5723 4478599.0761 0,443601.9057 4478618.2427 0))",2695413,Azul,Batería,11
"MULTILINESTRING Z ((442894.5168 4476988.9218 0,442883.9489 4476978.181 0))",2695414,Verde,Batería,5
"MULTILINESTRING Z ((441806.2946 4479933.4094 0,441804.8501 4479939.0205 0))",2695415,Azul,Línea,1
"MULTILINESTRING Z ((443628.0723 4478736.465 0,443602.739 4478729.5205 0))",2695427,Verde,Línea,6
"MULTILINESTRING Z ((443478.9612 4478795.465 0,443497.0723 4478811.0761 0))",2695428,Verde,Línea,5
"MULTILINESTRING Z ((441854.4057 4475102.5761 0,441858.6557 4475149.5761 0))",2695432,Verde,Línea,9
"MULTILINESTRING Z ((441851.489 4475069.7427 0,441853.9057 4475097.8261 0))",2695433,Verde,Línea,7
"MULTILINESTRING Z ((443502.1557 4478757.7427 0,443499.6557 4478760.7427 0))",2695436,Verde,Batería,2
"MULTILINESTRING Z ((443496.489 4478647.6594 0,443489.0723 4478655.7427 0))",2695437,Verde,Línea,3
"MULTILINESTRING Z ((443537.5723 4478676.2427 0,443527.4057 4478666.7427 0))",2695438,Verde,Línea,3
"MULTILINESTRING Z ((443488.989 4478287.7427 0,443492.6557 4478309.3261 0))",2695443,Verde,Línea,4
"MULTILINESTRING Z ((443493.489 4478313.9927 0,443494.4057 4478319.4927 0))",2695445,Verde,Línea,1
"MULTILINESTRING Z ((443546.6557 4478380.5761 0,443548.6557 4478392.1594 0))",2695454,Verde,Línea,3
"MULTILINESTRING Z ((443450.4057 4478569.6594 0,443445.989 4478591.9927 0))",2695460,Verde,Línea,5
"MULTILINESTRING Z ((443221.3223 4478387.2427 0,443222.989 4478391.5761 0))",2695464,Verde,Línea,1
"MULTILINESTRING Z ((443278.239 4478406.5761 0,443282.0723 4478404.9927 0))",2695471,Verde,Línea,1
"MULTILINESTRING Z ((443291.1557 4478401.0761 0,443295.9057 4478398.9927 0))",2695474,Verde,Línea,1
"MULTILINESTRING Z ((443159.1557 4478457.4927 0,443155.0723 4478459.2427 0))",2695476,Verde,Línea,1
"MULTILINESTRING Z ((443284.5723 4478442.1594 0,443283.5723 4478455.1594 0))",2695477,Verde,Línea,3
"MULTILINESTRING Z ((443359.9057 4478388.4094 0,443352.239 4478403.7427 0))",2695479,Verde,Línea,4
"MULTILINESTRING Z ((443407.739 4478684.4094 0,443389.8223 4478687.0761 0))",2695492,Verde,Línea,3
"MULTILINESTRING Z ((443392.989 4478751.8261 0,443384.8223 4478753.2427 0))",2695494,Verde,Línea,2
"MULTILINESTRING Z ((443326.8223 4478691.1594 0,443306.0723 4478694.5761 0))",2695497,Verde,Línea,5
"MULTILINESTRING Z ((443317.989 4478837.2427 0,443314.8223 4478829.5761 0))",2695504,Verde,Batería,3
"MULTILINESTRING Z ((443312.8223 4478825.9927 0,443309.739 4478820.5761 0))",2695506,Verde,Batería,3
"MULTILINESTRING Z ((443392.3223 4478529.3261 0,443392.9057 4478522.3261 0,443393.6557 4478516.9927 0,443394.1557 4478511.9094 0))",2695512,Verde,Línea,3
"MULTILINESTRING Z ((439818.8762 4478314.8312 0,439838.6896 4478324.3292 0))",2695515,Verde,Línea,4
"MULTILINESTRING Z ((439844.3028 4478327.0287 0,439867.1505 4478337.9917 0))",2695518,Verde,Línea,5
"MULTILINESTRING Z ((443406.4057 4478243.4927 0,443407.739 4478251.3261 0))",2695522,Azul,Línea,2
"MULTILINESTRING Z ((443404.4057 4478231.2427 0,443405.6557 4478238.8261 0))",2695531,Azul,Línea,1
"MULTILINESTRING Z ((440790.0723 4477928.3168 0,440791.2946 4477943.9835 0))",2695540,Azul,Línea,3
"MULTILINESTRING Z ((442997.9057 4478091.1594 0,443084.4057 4478117.6594 0))",2695549,Verde,Línea,22
"MULTILINESTRING Z ((443093.239 4478120.5761 0,443100.3223 4478122.6594 0))",2695550,Verde,Línea,1
"MULTILINESTRING Z ((443180.8223 4478245.2427 0,443193.4057 4478246.1594 0,443202.489 4478246.5761 0,443213.0723 4478246.8261 0,443225.1557 4478246.4927 0,443233.8223 4478246.0761 0,443250.989 4478244.4927 0))",2695562,Verde,Línea,14
"MULTILINESTRING Z ((443257.739 4478243.8261 0,443290.4057 4478239.8261 0))",2695563,Verde,Línea,6
"MULTILINESTRING Z ((443253.6557 4478355.9927 0,443244.8223 4478359.6594 0))",2695566,Verde,Línea,2
"MULTILINESTRING Z ((443241.6557 4478360.9094 0,443209.739 4478374.2427 0))",2695568,Verde,Línea,8
"MULTILINESTRING Z ((440535.1588 4482081.5637 0,440520.8131 4482077.6131 0))",2695569,Verde,Línea,3
"MULTILINESTRING Z ((440467.1834 4482064.7736 0,440503.6279 4482075.0452 0))",2695572,Verde,Batería,16
"MULTILINESTRING Z ((440646.6279 4478742.2427 0,440637.0353 4478745.2057 0))",2695573,Verde,Línea,2
"MULTILINESTRING Z ((442898.489 4478347.6594 0,442927.239 4478346.9927 0))",2695574,Verde,Batería,12
"MULTILINESTRING Z ((440022.239 4479023.4094 0,440031.4057 4479023.7427 0))",2695575,Verde,Línea,2
"MULTILINESTRING Z ((439434.489 4476788.3261 0,439435.0723 4476797.2427 0))",2695576,Verde,Batería,3
"MULTILINESTRING Z ((442998.0723 4478299.0761 0,443002.1557 4478303.0761 0))",2695577,Azul,Línea,1
"MULTILINESTRING Z ((443006.739 4478307.7427 0,443014.989 4478315.4927 0,443019.739 4478321.4094 0,443024.4057 4478327.4094 0,443028.4057 4478332.9094 0,443031.239 4478337.1594 0,443037.239 4478347.0761 0,443039.6557 4478351.2427 0,443043.9057 4478359.9094 0,443047.1557 4478368.3261 0,443050.9057 4478378.4094 0,443052.489 4478383.6594 0,443054.1557 4478389.5761 0,443055.489 4478395.9927 0,443056.4057 4478400.9094 0))",2695583,Azul,Línea,22
"MULTILINESTRING Z ((442918.0723 4478691.3261 0,442906.6557 4478692.0761 0))",2695585,Verde,Línea,2
"MULTILINESTRING Z ((442948.4057 4478524.2427 0,442948.4057 4478537.6594 0,442948.3223 4478538.4927 0,442947.3223 4478539.4927 0,442946.8223 4478539.7427 0,442934.489 4478539.7427 0,442933.739 4478539.4094 0,442933.0723 4478538.4094 0,442932.739 4478537.5761 0,442932.5723 4478530.0761 0))",2695625,Verde,Batería,10
"MULTILINESTRING Z ((442105.5908 4477244.7242 0,442104.3686 4477226.6131 0))",2695652,Verde,Línea,3
"MULTILINESTRING Z ((440712.702 4476947.2798 0,440714.3686 4476969.6501 0))",2695658,Verde,Línea,4
"MULTILINESTRING Z ((440714.8131 4476931.6131 0,440715.8131 4476946.539 0))",2695660,Verde,Línea,3
"MULTILINESTRING Z ((441551.989 4478993.0761 0,441553.489 4479009.9094 0))",2695662,Verde,Línea,4
"MULTILINESTRING Z ((444943.1557 4476733.9094 0,444937.739 4476742.6594 0))",2695666,Verde,Línea,3
"MULTILINESTRING Z ((442819.989 4478652.8261 0,442816.489 4478686.3261 0))",2695680,Verde,Línea,7
"MULTILINESTRING Z ((444918.6557 4477226.9927 0,444927.1557 4477229.5761 0))",2695687,Verde,Línea,2
"MULTILINESTRING Z ((442591.489 4478439.6594 0,442592.5723 4478451.3261 0))",2695697,Azul,Batería,4
"MULTILINESTRING Z ((442590.4057 4478451.9927 0,442590.489 4478454.9094 0))",2695698,Azul,Batería,1
"MULTILINESTRING Z ((440867.2276 4482133.3696 0,440850.8046 4482169.9963 0,440848.2899 4482174.1584 0,440846.3303 4482176.3608 0,440844.3012 4482177.939 0,440841.9947 4482179.5344 0,440839.2027 4482180.6617 0,440837.243 4482181.286 0,440834.6764 4482181.7716 0,440831.9536 4482181.893 0,440829.5778 4482181.5808 0,440827.4273 4482181.1473 0,440826.6469 4482180.8871 0,440805.9578 4482172.8924 0))",2695700,Verde,Línea,21
"MULTILINESTRING Z ((442344.6279 4478657.2427 0,442348.6279 4478643.1316 0))",2695702,Verde,Batería,5
"MULTILINESTRING Z ((442287.1279 4478612.5205 0,442282.0168 4478630.8538 0))",2695703,Verde,Batería,7
"MULTILINESTRING Z ((442299.239 4478571.5761 0,442291.2946 4478599.0761 0))",2695706,Verde,Batería,11
"MULTILINESTRING Z ((442247.1557 4478686.0761 0,442233.1557 4478681.4094 0))",2695715,Verde,Línea,3
"MULTILINESTRING Z ((442179.739 4478663.6594 0,442198.989 4478669.9094 0))",2695716,Verde,Línea,4
"MULTILINESTRING Z ((442200.989 4478670.4927 0,442230.9057 4478680.6594 0))",2695717,Verde,Línea,6
"MULTILINESTRING Z ((442173.0723 4478661.3261 0,442168.3223 4478659.8261 0))",2695738,Verde,Línea,1
"MULTILINESTRING Z ((442114.4057 4478658.4094 0,442104.5723 4478660.0761 0))",2695739,Verde,Línea,2
"MULTILINESTRING Z ((442069.3223 4478666.4927 0,442080.239 4478664.5761 0))",2695740,Verde,Línea,2
"MULTILINESTRING Z ((442082.5723 4478664.0761 0,442102.3223 4478660.3261 0))",2695742,Verde,Línea,4
"MULTILINESTRING Z ((442147.3223 4478660.4927 0,442122.4057 4478664.1594 0))",2695747,Verde,Línea,5
"MULTILINESTRING Z ((442099.1557 4478667.9094 0,442121.1557 4478664.4094 0))",2695749,Verde,Línea,5
"MULTILINESTRING Z ((442092.8223 4478781.5761 0,442107.3223 4478781.1594 0))",2695752,Verde,Línea,3
"MULTILINESTRING Z ((442109.0723 4478781.1594 0,442122.489 4478780.9094 0,442133.989 4478780.2427 0,442141.4057 4478779.9927 0))",2695755,Verde,Línea,7
"MULTILINESTRING Z ((442149.4057 4478779.6594 0,442143.6557 4478779.9927 0))",2695756,Verde,Línea,1
"MULTILINESTRING Z ((442154.0723 4478773.2427 0,442154.1557 4478753.4927 0))",2695757,Verde,Línea,4
"MULTILINESTRING Z ((442167.3223 4474899.2427 0,442163.6557 4474855.8261 0))",2695759,Verde,Línea,9
"MULTILINESTRING Z ((440617.8748 4479473.6131 0,440613.4797 4479464.2304 0))",2695760,Verde,Línea,2
"MULTILINESTRING Z ((442154.1557 4478751.5761 0,442153.9057 4478716.2427 0))",2695762,Verde,Línea,7
"MULTILINESTRING Z ((442153.9057 4478714.7427 0,442153.739 4478685.9094 0))",2695763,Verde,Línea,6
"MULTILINESTRING Z ((442160.4057 4478694.4094 0,442160.5723 4478701.9094 0))",2695766,Verde,Línea,1
"MULTILINESTRING Z ((442161.0723 4478773.3261 0,442160.989 4478767.9927 0))",2695769,Verde,Línea,1
"MULTILINESTRING Z ((442160.989 4478766.2427 0,442160.989 4478741.8261 0))",2695770,Verde,Línea,5
"MULTILINESTRING Z ((442160.6557 4478718.9927 0,442160.8223 4478739.9094 0))",2695772,Verde,Línea,4
"MULTILINESTRING Z ((442166.8223 4478666.5761 0,442179.9057 4478671.2427 0))",2695779,Verde,Línea,3
"MULTILINESTRING Z ((440618.5908 4479431.1988 0,440608.7801 4479434.9629 0,440607.6718 4479435.5116 0,440606.7719 4479436.1261 0,440606.0037 4479436.7846 0,440604.8405 4479438.1673 0,440604.1272 4479439.3744 0,440603.7321 4479440.6255 0,440603.6443 4479441.3717 0,440603.6663 4479442.3374 0,440603.9187 4479443.5665 0,440605.488 4479447.1111 0,440611.4962 4479459.967 0))",2695780,Verde,Línea,8
"MULTILINESTRING Z ((440903.4919 4479160.6031 0,440889.6031 4479165.6402 0))",2695784,Verde,Línea,3
"MULTILINESTRING Z ((442167.489 4478778.9094 0,442173.1557 4478778.6594 0))",2695789,Verde,Línea,1
"MULTILINESTRING Z ((442197.739 4478777.4927 0,442176.239 4478778.4927 0))",2695790,Verde,Línea,4
"MULTILINESTRING Z ((442181.989 4478672.0761 0,442214.9057 4478682.4927 0))",2695793,Verde,Línea,7
"MULTILINESTRING Z ((441029.9489 4478421.5637 0,441031.5785 4478442.1316 0))",2695794,Verde,Línea,4
"MULTILINESTRING Z ((442245.5723 4478692.9094 0,442239.239 4478690.8261 0))",2695795,Verde,Línea,1
"MULTILINESTRING Z ((442217.739 4478683.6594 0,442236.989 4478690.1594 0))",2695796,Verde,Línea,5
"MULTILINESTRING Z ((442098.9057 4478788.6594 0,442123.6557 4478787.6594 0))",2695798,Verde,Línea,5
"MULTILINESTRING Z ((442125.6557 4478787.4927 0,442156.1557 4478786.2427 0))",2695799,Verde,Línea,6
"MULTILINESTRING Z ((442158.1557 4478786.1594 0,442186.989 4478784.9927 0))",2695800,Verde,Línea,6
"MULTILINESTRING Z ((442188.8223 4478784.9094 0,442194.489 4478784.7427 0))",2695802,Verde,Línea,1
"MULTILINESTRING Z ((441125.4797 4476882.6995 0,441182.3933 4476878.6501 0))",2695805,Verde,Línea,11
"MULTILINESTRING Z ((442518.0723 4478422.4927 0,442508.239 4478414.4927 0))",2695807,Verde,Línea,2
"MULTILINESTRING Z ((442439.6834 4478283.5761 0,442438.4612 4478303.5205 0))",2695810,Verde,Línea,4
"MULTILINESTRING Z ((441285.5538 4480215.4897 0,441290.7884 4480213.0205 0))",2695815,Verde,Línea,1
"MULTILINESTRING Z ((442435.8223 4478136.9927 0,442434.3223 4478162.8261 0))",2695816,Azul,Batería,10
"MULTILINESTRING Z ((442408.489 4478331.5761 0,442368.239 4478297.9094 0))",2695817,Verde,Línea,10
"MULTILINESTRING Z ((442352.4057 4478284.6594 0,442364.4057 4478294.8261 0))",2695819,Verde,Línea,4
"MULTILINESTRING Z ((441905.5723 4478145.0761 0,441961.739 4478142.4094 0,442008.3223 4478139.9094 0,442025.1557 4478138.7427 0))",2695835,Verde,Línea,22
"MULTILINESTRING Z ((442404.6557 4478440.5761 0,442408.0723 4478428.4927 0))",2695838,Azul,Batería,4
"MULTILINESTRING Z ((442415.5723 4478400.8261 0,442409.5723 4478422.7427 0))",2695839,Azul,Batería,8
"MULTILINESTRING Z ((442413.489 4478399.1594 0,442415.9057 4478390.0761 0))",2695840,Azul,Batería,4
"MULTILINESTRING Z ((442313.739 4478516.4094 0,442311.739 4478523.2427 0))",2695843,Verde,Batería,2
"MULTILINESTRING Z ((442317.0723 4478511.8261 0,442316.0723 4478515.5761 0))",2695847,Verde,Batería,2
"MULTILINESTRING Z ((441302.489 4475363.8261 0,441340.4057 4475355.9927 0))",2695852,Verde,Línea,6
"MULTILINESTRING Z ((442365.739 4478667.5761 0,442388.4057 4478674.0761 0))",2695860,Verde,Batería,9
"MULTILINESTRING Z ((442392.8223 4478675.2427 0,442430.0723 4478685.7427 0,442477.8223 4478699.4927 0,442493.5723 4478703.9094 0))",2695862,Verde,Batería,43
"MULTILINESTRING Z ((442405.3223 4478698.4927 0,442443.1557 4478709.1594 0))",2695894,Azul,Batería,15
"MULTILINESTRING Z ((442556.8223 4478730.0761 0,442559.3223 4478729.9927 0))",2695903,Azul,Batería,1
"MULTILINESTRING Z ((441664.5723 4478604.4094 0,441680.0723 4478603.0761 0))",2695918,Verde,Batería,6
"MULTILINESTRING Z ((444614.239 4476468.6594 0,444606.6557 4476480.6594 0))",2695927,Verde,Línea,3
"MULTILINESTRING Z ((441847.9057 4478786.0761 0,441825.9057 4478787.9094 0))",2695934,Verde,Línea,4
"MULTILINESTRING Z ((441798.3223 4478677.9927 0,441796.4057 4478675.2427 0))",2695936,Verde,Batería,1
"MULTILINESTRING Z ((441795.739 4478674.2427 0,441792.5723 4478669.4927 0))",2695937,Verde,Batería,2
"MULTILINESTRING Z ((441739.1557 4478571.5761 0,441739.8223 4478579.4927 0))",2695951,Verde,Línea,2
"MULTILINESTRING Z ((441737.489 4478545.3261 0,441739.0723 4478562.5761 0))",2696025,Verde,Línea,3
"MULTILINESTRING Z ((441735.6557 4478517.4094 0,441736.989 4478536.0761 0))",2696046,Verde,Línea,3
"MULTILINESTRING Z ((441633.489 4478538.9927 0,441635.9057 4478565.4927 0))",2696047,Verde,Línea,6
"MULTILINESTRING Z ((441507.239 4478560.3261 0,441507.9057 4478566.9927 0))",2696051,Azul,Línea,1
"MULTILINESTRING Z ((441506.489 4478550.2427 0,441506.739 4478554.8261 0))",2696052,Azul,Línea,1
"MULTILINESTRING Z ((441504.6557 4478529.5761 0,441505.989 4478544.8261 0))",2696053,Azul,Línea,3
"MULTILINESTRING Z ((441502.5723 4478502.8261 0,441504.239 4478524.1594 0))",2696054,Azul,Línea,5
"MULTILINESTRING Z ((441499.8223 4478470.4927 0,441502.1557 4478497.2427 0))",2696056,Azul,Línea,5
"MULTILINESTRING Z ((441558.1557 4473246.7011 0,441557.2807 4473281.7011 0))",2696057,Verde,Línea,7
"MULTILINESTRING Z ((441557.2807 4473287.4511 0,441557.0307 4473296.8261 0))",2696058,Verde,Línea,2
"MULTILINESTRING Z ((441557.1557 4473296.9511 0,441556.2807 4473332.2011 0))",2696059,Verde,Línea,7
"MULTILINESTRING Z ((441555.5307 4473365.9511 0,441556.1557 4473339.9511 0))",2696060,Verde,Línea,5
"MULTILINESTRING Z ((441555.4057 4473386.5761 0,441555.5307 4473370.5761 0))",2696061,Verde,Línea,3
"MULTILINESTRING Z ((441242.7175 4474074.9857 0,441299.1965 4474076.2596 0))",2696062,Verde,Línea,11
"MULTILINESTRING Z ((441222.3947 4474074.6824 0,441242.2928 4474075.107 0))",2696063,Verde,Línea,4
"MULTILINESTRING Z ((441984.0723 4478655.9927 0,441966.8223 4478664.9927 0))",2696076,Verde,Línea,4
"MULTILINESTRING Z ((441941.989 4478677.7427 0,441924.989 4478686.4927 0))",2696078,Verde,Línea,4
"MULTILINESTRING Z ((441913.6557 4478692.4094 0,441922.239 4478687.9094 0))",2696080,Verde,Línea,2
"MULTILINESTRING Z ((441884.489 4478705.9094 0,441874.5723 4478709.4094 0))",2696082,Verde,Línea,2
"MULTILINESTRING Z ((444519.989 4474865.1594 0,444523.4057 4474868.0761 0,444526.3223 4474871.1594 0,444528.239 4474873.4094 0,444531.989 4474879.6594 0,444535.489 4474888.4094 0,444538.239 4474900.6594 0,444542.0723 4474918.5761 0))",2696092,Verde,Línea,14
"MULTILINESTRING Z ((440722.5662 4477884.5514 0,440717.6279 4477824.5514 0))",2696103,Verde,Línea,13
"MULTILINESTRING Z ((442182.4057 4475053.4927 0,442185.8223 4475102.4927 0))",2696150,Verde,Batería,19
"MULTILINESTRING Z ((440060.8131 4480632.9094 0,440026.6279 4480633.6872 0))",2696157,Azul,Línea,7
"MULTILINESTRING Z ((444392.489 4477259.6594 0,444390.1557 4477264.5761 0,444384.9057 4477272.0761 0,444380.739 4477277.0761 0,444376.739 4477281.4094 0,444374.9057 4477283.0761 0,444362.6557 4477292.2427 0,444354.739 4477297.9094 0))",2696396,Verde,Línea,11
"MULTILINESTRING Z ((441712.489 4478600.5761 0,441736.8223 4478598.5761 0))",2696412,Verde,Batería,8
"MULTILINESTRING Z ((444390.0353 4477258.465 0,444392.2205 4477254.1687 0))",2696484,Verde,Línea,1
"MULTILINESTRING Z ((441495.702 4473872.2057 0,441507.0723 4473872.4279 0))",2696514,Verde,Batería,4
"MULTILINESTRING Z ((443029.3223 4472174.0761 0,443019.739 4472180.5761 0))",2696515,Verde,Batería,4
"MULTILINESTRING Z ((443279.6557 4474782.0761 0,443402.9057 4474773.6594 0))",2696517,Verde,Línea,25
"MULTILINESTRING Z ((442962.7512 4474612.6772 0,442985.0475 4474610.8994 0))",2696518,Azul,Línea,5
"MULTILINESTRING Z ((442921.989 4474615.3261 0,442962.4057 4474612.8261 0))",2696519,Azul,Línea,8
"MULTILINESTRING Z ((440359.1557 4474598.5761 0,440357.239 4474570.2427 0))",2696520,Verde,Línea,5
"MULTILINESTRING Z ((440713.1054 4472930.816 0,440723.9207 4472933.127 0))",2696521,Verde,Línea,2
"MULTILINESTRING Z ((442795.9736 4476503.6378 0,442799.1588 4476500.4526 0))",2696552,Verde,Línea,1
"MULTILINESTRING Z ((441071.4743 4478516.7956 0,441074.7994 4478516.5212 0))",2696577,Verde,Batería,2
"MULTILINESTRING Z ((441063.1341 4478725.9835 0,441057.8995 4478663.4156 0))",2696578,Verde,Línea,13
"MULTILINESTRING Z ((441130.489 4472848.5761 0,441046.1557 4472854.8261 0))",2696613,Verde,Línea,17
"MULTILINESTRING Z ((442195.6557 4472820.9094 0,442183.489 4472797.3261 0))",2696614,Verde,Línea,5
"MULTILINESTRING Z ((443563.739 4474826.2427 0,443556.5723 4474871.5761 0))",2696623,Verde,Línea,9
"MULTILINESTRING Z ((443554.489 4474883.7427 0,443556.489 4474871.9094 0))",2696624,Verde,Línea,2
"MULTILINESTRING Z ((440842.2287 4478752.4938 0,440839.9077 4478745.2674 0))",2696641,Verde,Línea,1
"MULTILINESTRING Z ((443171.5723 4477078.8261 0,443173.6557 4477080.7427 0))",2696643,Verde,Batería,1
"MULTILINESTRING Z ((445102.989 4476450.6594 0,445107.489 4476453.5761 0))",2696645,Verde,Línea,1
"MULTILINESTRING Z ((445056.8223 4476422.1594 0,445078.6557 4476435.8261 0))",2696646,Verde,Línea,5
"MULTILINESTRING Z ((439821.9736 4477974.4032 0,439826.0723 4477972.0822 0))",2696724,Verde,Línea,1
"MULTILINESTRING Z ((443547.9057 4476388.1594 0,443581.5723 4476410.4094 0))",2696735,Verde,Línea,7
"MULTILINESTRING Z ((443427.489 4475961.9094 0,443450.6557 4475965.2427 0))",2696741,Azul,Línea,4
"MULTILINESTRING Z ((443224.739 4477251.4927 0,443233.8223 4477250.0761 0))",2696747,Verde,Batería,3
"MULTILINESTRING Z ((440184.1464 4479833.2427 0,440181.4057 4479829.9094 0))",2696773,Verde,Línea,1
"MULTILINESTRING Z ((441611.8223 4478941.8261 0,441642.8223 4478939.3261 0))",2696779,Verde,Línea,6
"MULTILINESTRING Z ((441619.239 4479105.2427 0,441645.9057 4479102.9094 0))",2696793,Azul,Batería,9
"MULTILINESTRING Z ((442168.9057 4471988.4927 0,442176.0723 4471979.6594 0))",2696800,Verde,Línea,2
"MULTILINESTRING Z ((439718.489 4472581.6594 0,439725.4057 4472577.1594 0))",2696801,Verde,Batería,4
"MULTILINESTRING Z ((439725.4057 4472576.9927 0,439731.239 4472573.0761 0))",2696802,Verde,Batería,4
"MULTILINESTRING Z ((442717.489 4475404.8261 0,442724.989 4475404.5761 0))",2696810,Verde,Batería,2
"MULTILINESTRING Z ((442725.8223 4475404.6594 0,442821.8223 4475398.4927 0))",2696811,Verde,Batería,34
"MULTILINESTRING Z ((441585.489 4479246.8261 0,441598.739 4479245.7427 0))",2696821,Azul,Batería,5
"MULTILINESTRING Z ((441599.4057 4479247.8261 0,441608.9057 4479247.1594 0))",2696822,Azul,Batería,3
"MULTILINESTRING Z ((441631.0723 4479244.9927 0,441616.0723 4479246.3261 0))",2696823,Azul,Batería,6
"MULTILINESTRING Z ((441609.989 4479247.0761 0,441612.6557 4479246.7427 0))",2696825,Azul,Batería,1
"MULTILINESTRING Z ((441702.239 4479341.6594 0,441700.989 4479328.4094 0))",2696853,Verde,Batería,5
"MULTILINESTRING Z ((441700.6557 4479324.4927 0,441695.989 4479266.9927 0))",2696858,Verde,Batería,26
"MULTILINESTRING Z ((441683.239 4479300.9094 0,441683.9057 4479309.5761 0))",2696859,Verde,Batería,3
"MULTILINESTRING Z ((441616.3223 4479264.8261 0,441636.239 4479263.2427 0))",2696863,Azul,Batería,6
"MULTILINESTRING Z ((441643.239 4479260.0761 0,441671.489 4479257.7427 0))",2696868,Azul,Batería,10
"MULTILINESTRING Z ((441594.739 4479424.6594 0,441625.5723 4479422.2427 0))",2696870,Verde,Línea,7
"MULTILINESTRING Z ((441776.8223 4479445.5761 0,441775.989 4479446.6594 0,441774.4057 4479447.4927 0,441772.989 4479447.7427 0))",2696871,Verde,Línea,1
"MULTILINESTRING Z ((441790.739 4479408.8261 0,441802.489 4479407.9094 0))",2696873,Verde,Batería,5
"MULTILINESTRING Z ((441674.1557 4478937.0761 0,441766.9057 4478929.7011 0))",2696877,Verde,Línea,19
"MULTILINESTRING Z ((441773.7807 4479152.7011 0,441772.1557 4479156.8261 0))",2696884,Verde,Batería,1
"MULTILINESTRING Z ((441769.2807 4479163.8261 0,441771.1557 4479158.9511 0))",2696888,Verde,Batería,2
"MULTILINESTRING Z ((442836.3223 4476594.3261 0,442845.4057 4476599.0761 0))",2696897,Verde,Batería,4
"MULTILINESTRING Z ((442283.8223 4479546.9927 0,442286.0723 4479554.9927 0))",2696909,Verde,Línea,2
"MULTILINESTRING Z ((442331.1557 4479868.6594 0,442345.989 4479870.0761 0,442378.9057 4479873.3261 0))",2696912,Verde,Línea,12
"MULTILINESTRING Z ((442250.0723 4479860.9094 0,442277.9057 4479863.4927 0,442289.0723 4479864.5761 0,442296.6557 4479865.4094 0,442314.989 4479867.0761 0))",2696913,Verde,Línea,11
"MULTILINESTRING Z ((442141.239 4479749.3261 0,442149.989 4479751.3261 0))",2696916,Verde,Línea,2
"MULTILINESTRING Z ((441997.8223 4479821.1594 0,442041.5723 4479832.3261 0))",2696929,Verde,Línea,10
"MULTILINESTRING Z ((442045.989 4479833.6594 0,442052.5723 4479835.1594 0,442077.0723 4479841.3261 0,442093.989 4479844.6594 0))",2696931,Verde,Línea,10
"MULTILINESTRING Z ((441994.8223 4479778.4094 0,442033.1557 4479791.5761 0))",2696933,Verde,Línea,8
"MULTILINESTRING Z ((442037.8223 4479777.5761 0,442036.1557 4479787.2427 0))",2696938,Verde,Línea,2
"MULTILINESTRING Z ((441980.989 4479766.7427 0,441979.4057 4479767.4094 0,441977.5723 4479768.3261 0,441976.489 4479769.4927 0))",2696939,Verde,Batería,2
"MULTILINESTRING Z ((441921.4057 4479427.4927 0,441919.5723 4479428.1594 0,441916.739 4479431.0761 0,441915.3223 4479433.3261 0,441914.5723 4479435.4927 0,441914.239 4479437.2427 0))",2696958,Azul,Línea,2
"MULTILINESTRING Z ((441967.6557 4479428.9927 0,441964.6557 4479460.0761 0))",2696960,Verde,Línea,6
"MULTILINESTRING Z ((442258.9057 4479536.9094 0,442263.6557 4479536.0761 0))",2696967,Azul,Línea,1
"MULTILINESTRING Z ((442144.7479 4479554.5233 0,442209.9868 4479544.6386 0))",2696968,Azul,Línea,14
"MULTILINESTRING Z ((442221.6557 4479072.9094 0,442160.6557 4479072.1594 0))",2696974,Verde,Línea,13
"MULTILINESTRING Z ((442138.739 4479048.9927 0,442140.6557 4479054.6594 0))",2696982,Verde,Línea,1
"MULTILINESTRING Z ((442053.6557 4479058.6594 0,442134.739 4479059.9094 0,442136.4057 4479059.9927 0))",2696983,Azul,Línea,17
"MULTILINESTRING Z ((441885.8223 4478932.4094 0,441887.3223 4478952.4094 0))",2696985,Verde,Línea,4
"MULTILINESTRING Z ((442153.4057 4479095.0761 0,442148.489 4479080.4094 0))",2696995,Verde,Línea,3
"MULTILINESTRING Z ((443014.0723 4477261.7427 0,443012.1557 4477266.4094 0))",2697011,Verde,Línea,1
"MULTILINESTRING Z ((442364.9057 4478923.1594 0,442419.739 4478924.3261 0))",2697013,Verde,Batería,23
"MULTILINESTRING Z ((442412.5723 4478937.9094 0,442424.989 4478937.9927 0))",2697018,Azul,Línea,3
"MULTILINESTRING Z ((442508.3223 4474400.4927 0,442518.6557 4474399.5761 0))",2697027,Azul,Línea,2
"MULTILINESTRING Z ((442690.5723 4479459.5761 0,442691.989 4479468.0761 0))",2697041,Azul,Línea,1
"MULTILINESTRING Z ((442624.8223 4479413.1594 0,442625.739 4479418.0761 0))",2697047,Azul,Línea,1
"MULTILINESTRING Z ((442578.3223 4479431.6594 0,442579.489 4479436.3261 0))",2697052,Verde,Línea,1
"MULTILINESTRING Z ((441360.7143 4478931.3415 0,441369.1094 4478930.6748 0))",2697056,Verde,Batería,3
"MULTILINESTRING Z ((440259.1341 4479210.7983 0,440267.5044 4479204.3292 0))",2697057,Verde,Línea,2
"MULTILINESTRING Z ((440266.8625 4479203.0205 0,440273.5291 4479198.4279 0))",2697058,Verde,Línea,1
"MULTILINESTRING Z ((440985.6526 4478484.8971 0,440984.0723 4478465.4403 0))",2697060,Verde,Batería,9
"MULTILINESTRING Z ((441745.6279 4478400.6872 0,441745.4057 4478396.2427 0,441745.5908 4478393.3538 0,441745.9242 4478390.465 0,441746.2946 4478388.2427 0,441746.8501 4478385.8353 0,441748.6649 4478379.6872 0,441752.6649 4478368.465 0,441765.8501 4478335.1872 0))",2697072,Verde,Línea,14
"MULTILINESTRING Z ((441824.2534 4478187.9067 0,441797.1917 4478256.6474 0))",2697073,Verde,Línea,14
"MULTILINESTRING Z ((441771.776 4478320.2057 0,441768.5538 4478328.3538 0))",2697074,Verde,Línea,1
"MULTILINESTRING Z ((441776.2015 4478309.4882 0,441792.6843 4478268.1678 0))",2697075,Verde,Línea,9
"MULTILINESTRING Z ((443650.9057 4474798.3261 0,443652.9057 4474758.9094 0))",2697104,Verde,Línea,8
"MULTILINESTRING Z ((441975.0723 4473309.4094 0,441981.239 4473281.9094 0))",2697105,Verde,Línea,5
"MULTILINESTRING Z ((437818.0723 4473618.3261 0,437839.5723 4473628.7427 0))",2697106,Verde,Línea,5
"MULTILINESTRING Z ((437843.0723 4473629.9927 0,437854.3223 4473635.8261 0))",2697107,Verde,Línea,3
"MULTILINESTRING Z ((442437.1557 4474286.4511 0,442411.7807 4474380.7011 0))",2697108,Azul,Línea,21
"MULTILINESTRING Z ((442593.8223 4473691.9094 0,442583.5723 4473730.5761 0))",2697109,Azul,Línea,9
"MULTILINESTRING Z ((437989.0168 4473655.4094 0,438003.6279 4473662.3538 0))",2697110,Verde,Línea,3
"MULTILINESTRING Z ((438011.3501 4473666.2983 0,438006.9612 4473664.1316 0))",2697111,Verde,Línea,1
"MULTILINESTRING Z ((440601.989 4472349.9094 0,440640.8223 4472344.5761 0))",2697112,Verde,Línea,8
"MULTILINESTRING Z ((440579.989 4472352.8261 0,440587.1557 4472351.7427 0))",2697113,Verde,Línea,1
"MULTILINESTRING Z ((437645.489 4472949.2427 0,437643.1557 4472985.5761 0))",2697114,Verde,Línea,7
"MULTILINESTRING Z ((443069.2904 4478598.93 0,443130.6896 4478595.0452 0))",2697156,Verde,Línea,13
"MULTILINESTRING Z ((439966.5744 4478799.6049 0,439965.2411 4478803.6872 0))",2697164,Verde,Línea,1
"MULTILINESTRING Z ((439964.1464 4478798.4526 0,439968.8378 4478783.9835 0))",2697165,Verde,Línea,3
"MULTILINESTRING Z ((441743.4057 4472428.4927 0,441781.239 4472425.4927 0))",2697175,Verde,Línea,8
"MULTILINESTRING Z ((440644.0723 4472771.9927 0,440659.739 4472742.7427 0))",2697176,Verde,Línea,6
"MULTILINESTRING Z ((441314.8223 4472829.2427 0,441374.5723 4472824.6594 0))",2697177,Verde,Línea,12
"MULTILINESTRING Z ((442069.1093 4474964.881 0,442065.6593 4474919.2099 0))",2697180,Verde,Línea,10
"MULTILINESTRING Z ((443187.1557 4475133.8261 0,443097.9057 4475141.8261 0))",2697182,Verde,Línea,19
"MULTILINESTRING Z ((439277.6557 4474705.5761 0,439257.489 4474751.4927 0))",2697185,Verde,Línea,10
"MULTILINESTRING Z ((440448.5723 4472697.8538 0,440450.9612 4472693.8538 0))",2697214,Verde,Línea,1
"MULTILINESTRING Z ((440437.0168 4472717.8538 0,440443.4612 4472706.7427 0))",2697216,Verde,Línea,2
"MULTILINESTRING Z ((440497.8223 4475941.7427 0,440502.4057 4475925.9927 0))",2697248,Verde,Línea,3
"MULTILINESTRING Z ((440493.776 4475940.9464 0,440498.4057 4475925.8353 0))",2697249,Verde,Línea,3
"MULTILINESTRING Z ((443499.7807 4474051.5761 0,443498.1557 4474032.2011 0))",2697293,Verde,Línea,3
"MULTILINESTRING Z ((439681.8223 4476424.9094 0,439740.3223 4476420.7427 0))",2697323,Verde,Línea,12
"MULTILINESTRING Z ((439756.739 4476422.7427 0,439721.0723 4476425.3261 0))",2697324,Verde,Batería,13
"MULTILINESTRING Z ((439994.0723 4476153.4927 0,439956.5723 4476156.7427 0))",2697325,Azul,Línea,8
"MULTILINESTRING Z ((439766.489 4476174.2427 0,439807.9057 4476170.4927 0))",2697326,Azul,Línea,8
"MULTILINESTRING Z ((439871.5723 4476046.6594 0,439789.0723 4476050.4094 0))",2697327,Verde,Línea,17
"MULTILINESTRING Z ((441160.8223 4475783.3261 0,441152.1557 4475784.2427 0))",2697328,Verde,Línea,2
"MULTILINESTRING Z ((441156.489 4476453.4927 0,441128.739 4476454.2427 0))",2697329,Verde,Batería,10
"MULTILINESTRING Z ((441250.8223 4476451.1594 0,441289.3223 4476448.3261 0))",2697330,Verde,Batería,14
"MULTILINESTRING Z ((441388.239 4476434.9094 0,441417.1557 4476432.4927 0))",2697331,Azul,Línea,6
"MULTILINESTRING Z ((441061.5723 4475906.2427 0,441088.989 4475906.8261 0))",2697332,Verde,Línea,6
"MULTILINESTRING Z ((441137.989 4476155.1594 0,441172.1557 4476156.4927 0))",2697333,Verde,Batería,11
"MULTILINESTRING Z ((441235.739 4476601.5761 0,441232.489 4476560.8261 0))",2697334,Verde,Línea,10
"MULTILINESTRING Z ((441204.739 4476221.6594 0,441201.989 4476185.1594 0))",2697335,Verde,Batería,14
"MULTILINESTRING Z ((441244.0723 4476161.9094 0,441272.0723 4476162.7427 0))",2697336,Azul,Línea,7
"MULTILINESTRING Z ((441422.489 4471611.6594 0,441427.239 4471600.3261 0))",2697337,Verde,Línea,3
"MULTILINESTRING Z ((441397.739 4471670.5761 0,441419.6557 4471618.4094 0))",2697338,Verde,Línea,12
"MULTILINESTRING Z ((441205.6557 4472027.3261 0,441205.1557 4472020.9094 0))",2697339,Verde,Batería,3
"MULTILINESTRING Z ((441432.8223 4474306.7427 0,441498.8223 4474307.4094 0))",2697348,Verde,Batería,21
"MULTILINESTRING Z ((442581.5723 4475552.1594 0,442580.489 4475535.8261 0))",2697349,Verde,Batería,6
"MULTILINESTRING Z ((443040.739 4475224.3261 0,443078.9057 4475221.3261 0))",2697352,Verde,Batería,13
"MULTILINESTRING Z ((441013.4057 4473159.2427 0,441064.0723 4473176.4927 0))",2697356,Azul,Línea,10
"MULTILINESTRING Z ((441085.8223 4472979.0761 0,441060.489 4472981.6594 0))",2697359,Verde,Línea,5
"MULTILINESTRING Z ((440813.739 4472952.2427 0,440831.1557 4472956.1594 0))",2697363,Verde,Línea,3
"MULTILINESTRING Z ((441317.0723 4472053.9927 0,441336.8223 4472024.4094 0))",2697364,Azul,Línea,7
"MULTILINESTRING Z ((440774.8223 4473077.2427 0,440747.3223 4473067.8261 0))",2697365,Azul,Línea,5
"MULTILINESTRING Z ((440994.989 4472111.1594 0,441051.739 4472105.6594 0))",2697367,Verde,Batería,22
"MULTILINESTRING Z ((440889.5723 4472612.7427 0,440924.3223 4472609.6594 0))",2697370,Verde,Línea,7
"MULTILINESTRING Z ((441258.239 4472832.9094 0,441211.1557 4472836.2427 0))",2697371,Verde,Línea,9
"MULTILINESTRING Z ((441279.4057 4472837.4094 0,441300.489 4472835.4927 0))",2697372,Verde,Línea,4
"MULTILINESTRING Z ((441246.1557 4472524.1594 0,441243.239 4472484.9927 0))",2697376,Verde,Línea,8
"MULTILINESTRING Z ((440558.6557 4472792.9094 0,440606.1557 4472810.4094 0))",2697377,Verde,Línea,10
"MULTILINESTRING Z ((441545.989 4474472.9927 0,441509.5723 4474475.6594 0))",2697380,Verde,Línea,7
"MULTILINESTRING Z ((442207.4057 4475424.3261 0,442198.5307 4475298.8261 0))",2697382,Verde,Batería,46
"MULTILINESTRING Z ((441900.9057 4475589.5761 0,441898.0723 4475558.6594 0))",2697385,Verde,Línea,7
"MULTILINESTRING Z ((442520.8223 4475265.9927 0,442548.739 4475264.0761 0))",2697387,Verde,Línea,6
"MULTILINESTRING Z ((442671.239 4475255.1594 0,442624.4057 4475258.5761 0))",2697388,Verde,Línea,9
"MULTILINESTRING Z ((444479.0723 4475027.0761 0,444494.239 4475041.3261 0))",2697407,Azul,Batería,7
"MULTILINESTRING Z ((444477.0723 4475027.9927 0,444469.6557 4475020.9927 0))",2697409,Azul,Batería,4
"MULTILINESTRING Z ((442552.5723 4479312.3261 0,442553.489 4479316.3261 0))",2697464,Verde,Línea,1
"MULTILINESTRING Z ((442394.4057 4479596.9927 0,442396.8223 4479609.5761 0))",2697486,Verde,Línea,2
"MULTILINESTRING Z ((442392.3223 4479574.2427 0,442396.3223 4479596.2427 0))",2697497,Verde,Línea,5
"MULTILINESTRING Z ((442745.989 4479706.9927 0,442763.239 4479741.1594 0))",2697509,Verde,Línea,8
"MULTILINESTRING Z ((442768.4057 4479750.9094 0,442774.989 4479763.6594 0))",2697510,Verde,Línea,3
"MULTILINESTRING Z ((442782.1557 4479777.8261 0,442775.9057 4479765.6594 0))",2697512,Verde,Línea,3
"MULTILINESTRING Z ((443301.4612 4479108.0761 0,443345.2946 4479105.4094 0))",2697521,Verde,Batería,20
"MULTILINESTRING Z ((443310.5168 4479093.0761 0,443344.239 4479091.3538 0))",2697524,Verde,Batería,14
"MULTILINESTRING Z ((443301.0168 4479095.6316 0,443310.3501 4479095.1872 0))",2697529,Verde,Línea,2
"MULTILINESTRING Z ((443358.1557 4479323.7011 0,443357.6557 4479321.2011 0,443356.1557 4479309.4511 0,443354.7807 4479290.4511 0,443353.6557 4479273.0761 0))",2697531,Azul,Batería,20
"MULTILINESTRING Z ((442982.5723 4472665.5761 0,442977.4057 4472669.3261 0))",2697532,Verde,Batería,2
"MULTILINESTRING Z ((442434.6557 4479200.0761 0,442429.1557 4479201.8261 0))",2697548,Verde,Línea,1
"MULTILINESTRING Z ((442424.739 4479203.4094 0,442405.8223 4479209.6594 0))",2697550,Verde,Línea,4
"MULTILINESTRING Z ((442528.989 4479377.0761 0,442555.5723 4479371.5761 0))",2697556,Verde,Línea,5
"MULTILINESTRING Z ((442376.5723 4479198.1594 0,442380.1557 4479209.4094 0))",2697559,Verde,Línea,3
"MULTILINESTRING Z ((442846.8223 4478880.9927 0,442908.239 4478878.6594 0))",2697568,Verde,Línea,12
"MULTILINESTRING Z ((443244.989 4479175.9094 0,443192.239 4479179.2427 0))",2697582,Azul,Línea,10
"MULTILINESTRING Z ((441011.2946 4479124.2427 0,441018.9612 4479121.465 0))",2697586,Verde,Línea,1
"MULTILINESTRING Z ((440454.3439 4478112.6501 0,440467.2081 4478109.3415 0))",2697589,Verde,Batería,4
"MULTILINESTRING Z ((443258.1464 4479004.0946 0,443268.0723 4478996.9094 0))",2697598,Azul,Línea,2
"MULTILINESTRING Z ((443215.3686 4479027.0205 0,443220.1464 4479025.0205 0,443228.8131 4479021.1687 0,443234.0353 4479018.5761 0,443244.9983 4479012.465 0,443252.702 4479007.6872 0))",2697600,Azul,Línea,8
"MULTILINESTRING Z ((443311.989 4478975.9094 0,443295.8223 4478993.3261 0,443288.5723 4478999.9927 0,443274.4057 4479011.9094 0,443266.3223 4479017.6594 0,443257.4057 4479023.4094 0,443248.1557 4479028.8261 0))",2697604,Azul,Línea,17
"MULTILINESTRING Z ((440646.2699 4478522.1563 0,440660.9612 4478519.4403 0))",2697618,Verde,Línea,3
"MULTILINESTRING Z ((440966.4674 4479101.6872 0,440969.455 4479109.4403 0))",2697626,Verde,Batería,5
"MULTILINESTRING Z ((440971.3151 4479114.288 0,440974.4592 4479122.4526 0))",2697633,Verde,Batería,4
"MULTILINESTRING Z ((441256.2699 4478171.7366 0,441283.8007 4478169.4156 0))",2697643,Azul,Línea,5
"MULTILINESTRING Z ((443004.4057 4479286.9927 0,443031.4057 4479285.1594 0))",2697644,Verde,Batería,9
"MULTILINESTRING Z ((443007.6557 4479275.2427 0,442988.8223 4479276.3261 0))",2697645,Verde,Línea,3
"MULTILINESTRING Z ((442978.739 4479274.9094 0,442987.1557 4479274.3261 0))",2697647,Verde,Línea,2
"MULTILINESTRING Z ((443165.4057 4477607.2921 0,443169.0353 4477603.6625 0))",2697649,Verde,Línea,1
"MULTILINESTRING Z ((442970.489 4479160.4094 0,442957.239 4479161.3261 0))",2697655,Verde,Batería,5
"MULTILINESTRING Z ((442970.239 4479172.5761 0,442993.489 4479171.1594 0))",2697659,Verde,Batería,8
"MULTILINESTRING Z ((440172.8625 4481774.2304 0,440179.9983 4481776.6008 0))",2697662,Verde,Línea,1
"MULTILINESTRING Z ((442987.739 4479215.5761 0,443014.9057 4479214.0761 0))",2697705,Verde,Batería,8
"MULTILINESTRING Z ((443010.3223 4479226.4094 0,442989.989 4479227.7427 0))",2697712,Verde,Batería,8
"MULTILINESTRING Z ((440386.5908 4479624.3045 0,440387.455 4479628.7736 0))",2697714,Verde,Línea,1
"MULTILINESTRING Z ((440394.2946 4479666.1728 0,440393.2411 4479660.0987 0))",2697716,Verde,Línea,1
"MULTILINESTRING Z ((442961.9057 4479250.9927 0,442975.489 4479275.6594 0))",2697717,Verde,Línea,6
"MULTILINESTRING Z ((440391.455 4479649.9835 0,440392.3686 4479655.2427 0))",2697719,Verde,Línea,1
"MULTILINESTRING Z ((442948.739 4479761.2427 0,442940.489 4479765.4094 0))",2697727,Azul,Línea,2
"MULTILINESTRING Z ((442932.4057 4479769.5761 0,442922.989 4479774.4094 0))",2697733,Azul,Línea,2
"MULTILINESTRING Z ((442909.239 4479781.4094 0,442919.3223 4479776.2427 0))",2697734,Azul,Línea,2
"MULTILINESTRING Z ((443081.7807 4479458.4511 0,443035.7807 4479402.8261 0,443028.0307 4479393.7011 0))",2697745,Verde,Batería,31
"MULTILINESTRING Z ((442682.9057 4479264.9094 0,442693.1557 4479263.2427 0))",2697780,Verde,Línea,2
"MULTILINESTRING Z ((442697.3223 4479262.4927 0,442736.3223 4479255.7427 0))",2697785,Verde,Línea,7
"MULTILINESTRING Z ((442706.0723 4479414.6594 0,442706.9057 4479419.4094 0))",2697796,Azul,Batería,2
"MULTILINESTRING Z ((442682.6557 4479255.6594 0,442710.489 4479250.9927 0,442731.6557 4479247.3261 0))",2697832,Verde,Línea,10
"MULTILINESTRING Z ((442641.8223 4479004.4094 0,442643.489 4479024.0761 0))",2697842,Azul,Batería,8
"MULTILINESTRING Z ((442757.3223 4478977.8261 0,442789.8223 4478975.9094 0,442803.6557 4478975.2427 0))",2697844,Verde,Línea,9
"MULTILINESTRING Z ((443196.739 4479424.8261 0,443202.0723 4479455.0761 0))",2697864,Verde,Línea,6
"MULTILINESTRING Z ((443218.239 4479663.3261 0,443216.8223 4479664.3261 0,443215.489 4479664.9927 0,443212.5723 4479665.3261 0,443210.989 4479664.9927 0))",2697866,Verde,Batería,3
"MULTILINESTRING Z ((443218.489 4479612.9927 0,443218.989 4479642.2427 0))",2697872,Verde,Batería,11
"MULTILINESTRING Z ((443353.1557 4479532.9094 0,443354.6557 4479540.4927 0,443354.8223 4479543.8261 0,443353.5723 4479545.6594 0,443350.0723 4479546.6594 0,443340.0723 4479548.8261 0))",2697902,Verde,Línea,5
"MULTILINESTRING Z ((443339.3223 4479524.9094 0,443337.239 4479513.7427 0))",2697911,Verde,Batería,4
"MULTILINESTRING Z ((443254.489 4479369.9094 0,443277.5723 4479365.7427 0))",2697919,Verde,Batería,11
"MULTILINESTRING Z ((443299.239 4479291.2427 0,443258.4057 4479293.7427 0))",2697944,Azul,Línea,10
"MULTILINESTRING Z ((440434.3223 4472722.3261 0,440431.3223 4472727.5761 0))",2697995,Verde,Línea,1
"MULTILINESTRING Z ((441398.0723 4475500.5761 0,441416.489 4475499.1594 0))",2697996,Verde,Línea,5
"MULTILINESTRING Z ((441224.4057 4476515.4511 0,441221.2807 4476475.8261 0))",2697997,Verde,Línea,8
"MULTILINESTRING Z ((441228.4057 4476508.4511 0,441226.4057 4476477.0761 0))",2697998,Verde,Línea,6
"MULTILINESTRING Z ((438937.989 4473611.5761 0,438927.3223 4473612.0761 0))",2698000,Verde,Línea,2
"MULTILINESTRING Z ((438857.3223 4473737.1594 0,438850.739 4473737.3261 0))",2698002,Verde,Línea,1
"MULTILINESTRING Z ((439336.5723 4472966.3261 0,439349.489 4472975.4927 0))",2698003,Verde,Línea,3
"MULTILINESTRING Z ((440204.7807 4472142.9511 0,440178.1557 4472198.3261 0))",2698005,Verde,Línea,12
"MULTILINESTRING Z ((440154.5723 4472641.9927 0,440159.6557 4472632.8261 0))",2698006,Verde,Batería,6
"MULTILINESTRING Z ((440202.9057 4472854.9927 0,440243.3223 4472781.7427 0))",2698007,Verde,Batería,34
"MULTILINESTRING Z ((440041.9057 4476223.3261 0,440044.9057 4476270.0761 0))",2698012,Verde,Batería,16
"MULTILINESTRING Z ((439641.8223 4475917.5761 0,439678.5723 4475915.4927 0))",2698013,Verde,Línea,7
"MULTILINESTRING Z ((441351.489 4475776.0761 0,441330.0723 4475775.8261 0))",2698014,Verde,Línea,4
"MULTILINESTRING Z ((441549.739 4476168.9927 0,441519.489 4476168.0761 0))",2698016,Verde,Batería,11
"MULTILINESTRING Z ((441171.0307 4475772.4511 0,441168.4057 4475733.9511 0))",2698018,Verde,Línea,8
"MULTILINESTRING Z ((441171.6303 4475707.892 0,441176.5307 4475772.2011 0))",2698020,Verde,Línea,12
"MULTILINESTRING Z ((441250.3223 4475661.0761 0,441186.3223 4475664.9927 0))",2698021,Verde,Línea,12
"MULTILINESTRING Z ((439077.989 4475954.2427 0,439051.4057 4475939.7427 0))",2698022,Verde,Línea,6
"MULTILINESTRING Z ((439387.4057 4475825.3261 0,439389.5307 4475866.7011 0))",2698023,Verde,Línea,8
"MULTILINESTRING Z ((439383.739 4475853.4094 0,439383.0723 4475834.3261 0))",2698024,Verde,Línea,4
"MULTILINESTRING Z ((439656.7807 4476300.0761 0,439654.1557 4476257.7011 0))",2698037,Verde,Línea,9
"MULTILINESTRING Z ((439569.9057 4476435.9927 0,439540.8223 4476437.9927 0))",2698038,Verde,Batería,12
"MULTILINESTRING Z ((439493.6584 4475862.2493 0,439522.9394 4475859.5477 0))",2698039,Verde,Línea,6
"MULTILINESTRING Z ((439287.3223 4475850.0761 0,439285.9057 4475827.3261 0))",2698042,Verde,Batería,8
"MULTILINESTRING Z ((439335.7807 4476601.8261 0,439338.7807 4476653.3261 0))",2698045,Verde,Línea,10
"MULTILINESTRING Z ((439267.3223 4476598.3261 0,439287.9057 4476596.9927 0))",2698051,Verde,Línea,4
"MULTILINESTRING Z ((439436.3223 4476068.6594 0,439486.0723 4476066.0761 0))",2698052,Verde,Línea,10
"MULTILINESTRING Z ((439502.489 4475929.1594 0,439536.6557 4475927.1594 0))",2698056,Verde,Batería,12
"MULTILINESTRING Z ((439107.739 4474756.1594 0,439139.5723 4474756.4927 0))",2698057,Verde,Línea,8
"MULTILINESTRING Z ((440706.0723 4472940.7427 0,440702.5723 4472947.9094 0))",2698062,Verde,Línea,2
"MULTILINESTRING Z ((443102.0307 4475305.5761 0,443099.0307 4475258.8261 0))",2698063,Verde,Línea,10
"MULTILINESTRING Z ((443487.739 4474900.8261 0,443506.0723 4474899.2427 0))",2698065,Azul,Línea,3
"MULTILINESTRING Z ((443522.739 4474897.7427 0,443542.739 4474896.2427 0))",2698066,Azul,Línea,4
"MULTILINESTRING Z ((442619.5307 4472834.8261 0,442644.1557 4472871.9511 0))",2698070,Verde,Batería,13
"MULTILINESTRING Z ((441425.1557 4474296.4094 0,441425.1557 4474273.9094 0))",2698071,Verde,Línea,5
"MULTILINESTRING Z ((442045.3223 4475449.4927 0,442061.8223 4475448.1594 0))",2698100,Azul,Línea,3
"MULTILINESTRING Z ((442503.1557 4475416.9094 0,442461.6557 4475419.8261 0))",2698101,Verde,Línea,8
"MULTILINESTRING Z ((442975.739 4475383.0761 0,443035.6557 4475378.6594 0))",2698102,Verde,Línea,12
"MULTILINESTRING Z ((443178.1557 4475370.6594 0,443268.8223 4475363.8261 0))",2698105,Verde,Batería,37
"MULTILINESTRING Z ((443648.3223 4475283.0761 0,443633.239 4475243.8261 0))",2698106,Verde,Línea,8
"MULTILINESTRING Z ((440900.5723 4472200.8538 0,440902.7946 4472222.8538 0))",2698108,Verde,Línea,5
"MULTILINESTRING Z ((440898.5723 4472178.9927 0,440899.5723 4472189.4927 0))",2698110,Verde,Línea,2
"MULTILINESTRING Z ((443669.3223 4475663.6594 0,443683.989 4475642.1594 0))",2698111,Verde,Línea,5
"MULTILINESTRING Z ((441251.0723 4472473.0761 0,441265.5723 4472472.0761 0))",2698113,Verde,Línea,3
"MULTILINESTRING Z ((442367.8223 4474652.0761 0,442395.239 4474650.1594 0))",2698119,Verde,Línea,5
"MULTILINESTRING Z ((442442.989 4474651.7427 0,442489.489 4474648.1594 0))",2698121,Verde,Línea,8
"MULTILINESTRING Z ((442588.489 4474638.0761 0,442597.5723 4474637.2427 0))",2698128,Verde,Batería,3
"MULTILINESTRING Z ((442764.8223 4474624.5761 0,442719.1557 4474628.4094 0))",2698129,Verde,Batería,16
"MULTILINESTRING Z ((442686.8223 4474633.9927 0,442732.3223 4474630.7427 0))",2698131,Verde,Línea,9
"MULTILINESTRING Z ((442732.739 4474865.8261 0,442684.1557 4474869.3261 0))",2698138,Verde,Batería,18
"MULTILINESTRING Z ((442797.4057 4474893.0761 0,442796.239 4474871.4094 0))",2698140,Verde,Batería,9
"MULTILINESTRING Z ((442781.5307 4474599.7011 0,442777.2807 4474533.7011 0))",2698141,Verde,Línea,14
"MULTILINESTRING Z ((442424.989 4475045.7427 0,442428.1557 4475091.5761 0))",2698142,Verde,Batería,15
"MULTILINESTRING Z ((442450.4057 4475392.7427 0,442448.739 4475366.1594 0))",2698144,Azul,Línea,5
"MULTILINESTRING Z ((442744.5723 4474965.6594 0,442790.6557 4474962.6594 0))",2698147,Verde,Línea,9
"MULTILINESTRING Z ((443464.3223 4474902.9094 0,443427.739 4474905.9927 0))",2698148,Azul,Línea,7
"MULTILINESTRING Z ((441720.239 4472253.6594 0,441722.5723 4472288.8261 0))",2698149,Verde,Línea,7
"MULTILINESTRING Z ((441828.739 4474851.8261 0,441824.1557 4474802.8261 0))",2698150,Verde,Batería,18
"MULTILINESTRING Z ((441822.8223 4474750.7427 0,441824.5723 4474771.1594 0))",2698151,Verde,Línea,4
"MULTILINESTRING Z ((442539.5723 4475006.5761 0,442538.3223 4474990.4094 0))",2698155,Verde,Línea,3
"MULTILINESTRING Z ((442516.489 4474699.7427 0,442514.0723 4474667.5761 0))",2698156,Verde,Línea,6
"MULTILINESTRING Z ((442514.7807 4474631.3261 0,442508.989 4474562.5761 0))",2698158,Verde,Batería,25
"MULTILINESTRING Z ((442408.0723 4474545.7427 0,442489.0723 4474539.6594 0))",2698160,Verde,Línea,17
"MULTILINESTRING Z ((442518.0723 4474537.3261 0,442552.5723 4474535.0761 0))",2698177,Verde,Línea,6
"MULTILINESTRING Z ((442552.1557 4474538.9094 0,442533.989 4474540.1594 0))",2698178,Verde,Batería,7
"MULTILINESTRING Z ((442870.9057 4474516.6594 0,442802.0723 4474521.4094 0))",2698180,Verde,Batería,24
"MULTILINESTRING Z ((442064.989 4474908.0761 0,442062.0723 4474863.3261 0))",2698181,Verde,Línea,9
"MULTILINESTRING Z ((442113.3223 4475588.4927 0,442109.9057 4475544.9094 0))",2698182,Verde,Línea,8
"MULTILINESTRING Z ((443683.489 4475629.0761 0,443642.1557 4475602.2427 0))",2698184,Verde,Línea,8
"MULTILINESTRING Z ((441095.489 4472784.6594 0,441111.239 4472783.1594 0))",2698187,Verde,Línea,3
"MULTILINESTRING Z ((441263.9057 4472740.4511 0,441270.4057 4472827.4511 0))",2698188,Verde,Línea,19
"MULTILINESTRING Z ((442677.8223 4472700.9094 0,442658.5723 4472671.3261 0))",2698195,Verde,Línea,7
"MULTILINESTRING Z ((442855.9057 4472972.9927 0,442838.5723 4472945.4094 0))",2698196,Verde,Línea,6
"MULTILINESTRING Z ((442897.6557 4473046.7427 0,442889.239 4473033.6594 0))",2698197,Verde,Batería,5
"MULTILINESTRING Z ((440903.239 4472116.4927 0,440966.0723 4472110.5761 0))",2698198,Verde,Línea,13
"MULTILINESTRING Z ((441158.4057 4472097.6594 0,441224.1557 4472091.4094 0))",2698200,Verde,Línea,14
"MULTILINESTRING Z ((442929.4057 4472700.4094 0,442940.239 4472693.1594 0))",2698202,Verde,Batería,5
"MULTILINESTRING Z ((441506.239 4474469.4927 0,441542.8223 4474466.9094 0))",2698204,Verde,Batería,13
"MULTILINESTRING Z ((440827.6557 4471601.2427 0,440837.989 4471611.6594 0))",2698208,Verde,Línea,3
"MULTILINESTRING Z ((440720.4057 4472002.4927 0,440673.0723 4472007.2427 0))",2698209,Verde,Línea,12
"MULTILINESTRING Z ((442398.739 4474733.9927 0,442393.989 4474664.1594 0))",2698210,Verde,Línea,13
"MULTILINESTRING Z ((442419.5544 4474940.7992 0,442417.0751 4474906.7083 0))",2698216,Verde,Línea,9
"MULTILINESTRING Z ((442415.8223 4474942.5761 0,442412.6557 4474900.6594 0))",2698218,Verde,Batería,17
"MULTILINESTRING Z ((442412.1557 4474896.4927 0,442411.739 4474890.5761 0))",2698219,Verde,Batería,2
"MULTILINESTRING Z ((442409.0469 4474651.2758 0,442442.9635 4474648.6925 0))",2698306,Verde,Batería,11
"MULTILINESTRING Z ((442462.6557 4474647.0761 0,442501.8223 4474644.2427 0))",2698307,Verde,Batería,13
"MULTILINESTRING Z ((442525.239 4474642.4094 0,442561.6557 4474639.6594 0))",2698308,Verde,Batería,12
"MULTILINESTRING Z ((442662.8548 4474632.1825 0,442696.4023 4474629.9392 0))",2698309,Verde,Batería,12
"MULTILINESTRING Z ((442818.1521 4474621.1699 0,442791.3345 4474623.3113 0))",2698310,Verde,Batería,10
"MULTILINESTRING Z ((442848.8444 4474618.8897 0,442826.2075 4474620.6231 0))",2698312,Verde,Batería,8
"MULTILINESTRING Z ((442899.6245 4474614.607 0,442859.2452 4474617.4621 0))",2698313,Verde,Batería,15
"MULTILINESTRING Z ((443121.4057 4474598.4094 0,443100.489 4474599.9927 0))",2698314,Azul,Batería,12
"MULTILINESTRING Z ((443209.6557 4474592.5761 0,443132.3223 4474597.7427 0))",2698315,Azul,Batería,23
"MULTILINESTRING Z ((442782.9057 4474676.9094 0,442784.739 4474705.1594 0))",2698318,Verde,Batería,10
"MULTILINESTRING Z ((442782.489 4474671.3261 0,442780.3223 4474638.3261 0))",2698319,Verde,Batería,13
"MULTILINESTRING Z ((442778.7653 4474614.5025 0,442776.7259 4474584.5909 0))",2698320,Verde,Batería,12
"MULTILINESTRING Z ((442773.8707 4474541.8308 0,442776.114 4474576.0932 0))",2698321,Verde,Batería,12
"MULTILINESTRING Z ((442753.8223 4474221.6594 0,442752.5723 4474194.9094 0))",2698324,Verde,Batería,9
"MULTILINESTRING Z ((444984.9057 4475093.8261 0,444991.5307 4475119.7011 0,444996.2807 4475137.3261 0,445003.7807 4475163.8261 0,445015.4057 4475200.7011 0))",2698325,Verde,Línea,22
"MULTILINESTRING Z ((444984.7946 4475087.0761 0,444985.9057 4475091.7983 0))",2698331,Verde,Línea,1
"MULTILINESTRING Z ((444045.239 4478409.2427 0,444051.0723 4478411.5205 0))",2698380,Verde,Batería,3
"MULTILINESTRING Z ((444184.6557 4478467.4927 0,444196.4057 4478475.0761 0))",2698401,Verde,Línea,2
"MULTILINESTRING Z ((444125.9057 4478480.3261 0,444136.5723 4478463.8261 0))",2698407,Verde,Línea,3
"MULTILINESTRING Z ((444144.9057 4478450.9927 0,444139.489 4478459.4927 0))",2698409,Verde,Línea,2
"MULTILINESTRING Z ((444128.5723 4478532.9094 0,444156.9057 4478551.0761 0))",2698432,Verde,Línea,7
"MULTILINESTRING Z ((444121.5723 4478539.3261 0,444101.489 4478526.5761 0))",2698434,Verde,Línea,4
"MULTILINESTRING Z ((444059.1557 4478604.4927 0,444078.239 4478616.9094 0))",2698445,Verde,Línea,4
"MULTILINESTRING Z ((444039.8223 4478574.2427 0,444029.989 4478556.4094 0))",2698457,Verde,Línea,4
"MULTILINESTRING Z ((444020.6557 4478539.3261 0,444028.4057 4478553.3261 0))",2698459,Verde,Línea,3
"MULTILINESTRING Z ((444018.6557 4478595.4927 0,444025.4057 4478595.9927 0,444028.0723 4478596.5761 0))",2698465,Verde,Línea,1
"MULTILINESTRING Z ((444051.239 4478686.9927 0,444063.239 4478722.3261 0))",2698488,Verde,Línea,8
"MULTILINESTRING Z ((443826.9057 4478297.4927 0,443857.739 4478307.4927 0))",2698506,Verde,Línea,6
"MULTILINESTRING Z ((443853.5168 4478403.0761 0,443854.9057 4478398.9094 0))",2698529,Verde,Línea,1
"MULTILINESTRING Z ((443818.9057 4478483.8538 0,443801.8501 4478461.1316 0))",2698546,Verde,Línea,6
"MULTILINESTRING Z ((443943.5723 4478571.7427 0,443940.489 4478575.3261 0,443936.989 4478579.1594 0,443934.9057 4478581.1594 0))",2698565,Verde,Línea,2
"MULTILINESTRING Z ((443894.3223 4478945.8261 0,443915.989 4478970.2427 0))",2698587,Verde,Línea,6
"MULTILINESTRING Z ((443886.6557 4478936.7427 0,443877.8223 4478926.3261 0))",2698592,Verde,Línea,2
"MULTILINESTRING Z ((443838.8223 4478880.8261 0,443868.489 4478915.4927 0))",2698599,Verde,Línea,10
"MULTILINESTRING Z ((444056.3223 4478236.8261 0,444042.239 4478227.6594 0))",2698615,Verde,Línea,3
"MULTILINESTRING Z ((444056.239 4478239.5761 0,444060.489 4478242.1594 0))",2698616,Verde,Línea,1
"MULTILINESTRING Z ((443979.6557 4478889.2427 0,443990.4057 4478901.3261 0))",2698617,Azul,Línea,3
"MULTILINESTRING Z ((439450.489 4478642.4927 0,439454.8501 4478647.7983 0))",2698619,Verde,Línea,1
"MULTILINESTRING Z ((439438.1279 4478576.3538 0,439440.5168 4478583.4094 0))",2698621,Verde,Línea,1
"MULTILINESTRING Z ((440459.3563 4478568.4526 0,440466.9612 4478566.2057 0))",2698635,Verde,Línea,1
"MULTILINESTRING Z ((441029.8131 4479495.7613 0,441057.2205 4479451.7242 0))",2698646,Verde,Línea,10
"MULTILINESTRING Z ((441221.1834 4479301.4094 0,441202.6834 4479302.9094 0))",2698671,Verde,Batería,7
"MULTILINESTRING Z ((441235.3316 4479466.0946 0,441264.4797 4479502.1687 0))",2698690,Verde,Batería,19
"MULTILINESTRING Z ((440945.1588 4479098.7983 0,440946.5415 4479102.6172 0))",2698691,Verde,Batería,2
"MULTILINESTRING Z ((440956.9365 4479131.5637 0,440948.8625 4479109.1193 0))",2698693,Verde,Batería,10
"MULTILINESTRING Z ((441294.9983 4479297.0205 0,441316.4427 4479295.1687 0))",2698708,Verde,Batería,8
"MULTILINESTRING Z ((441244.3316 4479277.5761 0,441322.4057 4479271.3168 0))",2698711,Verde,Batería,30
"MULTILINESTRING Z ((441409.566 4479281.8624 0,441379.6771 4479284.455 0))",2698712,Verde,Batería,11
"MULTILINESTRING Z ((441436.3439 4479279.8106 0,441460.5415 4479277.8106 0))",2698714,Verde,Batería,7
"MULTILINESTRING Z ((441386.1141 4479266.5832 0,441413.4724 4479264.344 0))",2698715,Verde,Batería,10
"MULTILINESTRING Z ((440694.4427 4478837.1193 0,440689.8172 4478839.1769 0))",2698719,Verde,Línea,1
"MULTILINESTRING Z ((440671.9571 4478847.1275 0,440686.1958 4478840.7901 0))",2698720,Verde,Línea,3
"MULTILINESTRING Z ((441084.3316 4478964.9464 0,441082.2946 4478942.9464 0,441080.6279 4478921.8353 0,441080.4427 4478920.4279 0,441079.702 4478910.5761 0,441078.0723 4478891.4279 0,441075.2575 4478856.9094 0))",2698726,Verde,Batería,37
"MULTILINESTRING Z ((440516.1711 4478560.0329 0,440525.6032 4478557.3168 0))",2698728,Verde,Línea,2
"MULTILINESTRING Z ((439434.9057 4476666.0761 0,439432.489 4476628.2427 0))",2698729,Verde,Línea,7
"MULTILINESTRING Z ((439847.1557 4476416.7427 0,439895.239 4476413.2427 0))",2698731,Verde,Batería,17
"MULTILINESTRING Z ((440058.4057 4476446.4094 0,440055.8223 4476414.1594 0))",2698732,Verde,Batería,11
"MULTILINESTRING Z ((441286.6557 4475580.9094 0,441229.9057 4475585.1594 0))",2698736,Verde,Línea,11
"MULTILINESTRING Z ((441067.6526 4478906.4526 0,441066.7143 4478895.0699 0))",2698737,Verde,Batería,4
"MULTILINESTRING Z ((441211.9057 4475513.5761 0,441218.989 4475513.0761 0))",2698738,Verde,Línea,1
"MULTILINESTRING Z ((441450.8223 4475491.7427 0,441421.6557 4475493.6594 0))",2698739,Verde,Línea,6
"MULTILINESTRING Z ((441381.239 4475510.1594 0,441381.989 4475529.3261 0))",2698740,Verde,Línea,4
"MULTILINESTRING Z ((441268.739 4475774.3261 0,441279.4057 4475774.7427 0))",2698741,Azul,Línea,2
"MULTILINESTRING Z ((441284.489 4475774.9094 0,441300.0723 4475775.2427 0))",2698742,Azul,Línea,3
"MULTILINESTRING Z ((441388.3223 4476163.5761 0,441430.1557 4476164.8261 0))",2698743,Verde,Batería,14
"MULTILINESTRING Z ((439456.4057 4475254.9094 0,439444.489 4475273.8261 0))",2698745,Verde,Línea,3
"MULTILINESTRING Z ((439407.489 4475335.4094 0,439441.489 4475279.3261 0))",2698746,Verde,Línea,11
"MULTILINESTRING Z ((442531.6557 4472914.3261 0,442523.739 4472901.9094 0))",2698747,Verde,Batería,5
"MULTILINESTRING Z ((443186.239 4472428.9094 0,443176.4057 4472395.1594 0))",2698748,Verde,Línea,7
"MULTILINESTRING Z ((442884.4057 4472139.4927 0,442898.739 4472160.4927 0))",2698749,Verde,Línea,4
"MULTILINESTRING Z ((443691.5723 4475705.3261 0,443730.5723 4475679.4094 0))",2698750,Verde,Batería,15
"MULTILINESTRING Z ((443877.989 4475158.5761 0,443874.739 4475189.4094 0))",2698751,Verde,Línea,6
"MULTILINESTRING Z ((440912.739 4472007.4094 0,440899.989 4472032.3261 0))",2698752,Azul,Batería,11
"MULTILINESTRING Z ((440640.489 4472778.3261 0,440627.4057 4472803.4927 0))",2698753,Verde,Línea,4
"MULTILINESTRING Z ((440699.6834 4472837.8538 0,440732.0723 4472849.7983 0))",2698755,Verde,Línea,6
"MULTILINESTRING Z ((442457.3223 4472859.9094 0,442438.3223 4472870.0761 0))",2698759,Verde,Batería,8
"MULTILINESTRING Z ((442402.5723 4474716.9094 0,442398.9057 4474664.0761 0))",2698760,Verde,Línea,10
"MULTILINESTRING Z ((442772.1557 4474511.7427 0,442768.5723 4474455.6594 0))",2698761,Verde,Batería,21
"MULTILINESTRING Z ((442764.4057 4474325.6594 0,442762.3223 4474292.7427 0))",2698762,Verde,Línea,7
"MULTILINESTRING Z ((442505.8223 4474523.8261 0,442501.1557 4474472.8261 0))",2698769,Verde,Batería,18
"MULTILINESTRING Z ((443022.5723 4475383.7427 0,443052.0723 4475381.6594 0))",2698770,Verde,Batería,13
"MULTILINESTRING Z ((442829.989 4474854.9094 0,442874.3223 4474852.0761 0))",2698772,Verde,Línea,9
"MULTILINESTRING Z ((442938.4057 4474847.6594 0,442974.239 4474844.9927 0))",2698773,Verde,Línea,6
"MULTILINESTRING Z ((442561.8223 4475273.0761 0,442563.3223 4475294.1594 0))",2698774,Verde,Batería,7
"MULTILINESTRING Z ((442930.0723 4474893.5761 0,442931.5723 4474918.7427 0))",2698775,Verde,Batería,10
"MULTILINESTRING Z ((442931.239 4474936.9927 0,442930.5723 4474926.0761 0))",2698776,Verde,Línea,2
"MULTILINESTRING Z ((442930.0723 4474840.6594 0,442924.9057 4474766.2427 0))",2698777,Verde,Línea,15
"MULTILINESTRING Z ((442959.6557 4475321.8261 0,442961.989 4475357.2427 0))",2698778,Verde,Batería,15
"MULTILINESTRING Z ((442971.5307 4475490.9511 0,442965.4057 4475401.3261 0))",2698779,Verde,Batería,38
"MULTILINESTRING Z ((440978.5307 4472859.9511 0,441010.2807 4472857.3261 0))",2698780,Verde,Línea,6
"MULTILINESTRING Z ((440852.4057 4472673.9094 0,440928.489 4472665.8261 0))",2698781,Verde,Línea,16
"MULTILINESTRING Z ((441765.989 4475265.9094 0,441759.8223 4475217.7427 0))",2698782,Verde,Línea,10
"MULTILINESTRING Z ((440998.3686 4478819.7613 0,441013.6032 4478818.6501 0))",2698785,Verde,Batería,5
"MULTILINESTRING Z ((437466.8358 4473671.8775 0,437492.3873 4473683.4584 0))",2698786,Verde,Línea,5
"MULTILINESTRING Z ((440940.8186 4478824.4608 0,440967.0243 4478822.5514 0))",2698796,Verde,Batería,9
"MULTILINESTRING Z ((440937.739 4478809.0205 0,440957.8871 4478807.3909 0))",2698798,Verde,Batería,8
"MULTILINESTRING Z ((440962.5538 4478807.0205 0,440991.739 4478804.6501 0))",2698800,Verde,Batería,10
"MULTILINESTRING Z ((440881.4221 4478811.8353 0,440889.7349 4478811.1111 0))",2698801,Verde,Batería,4
"MULTILINESTRING Z ((440875.5236 4478832.1316 0,440906.4043 4478829.465 0))",2698802,Verde,Batería,11
"MULTILINESTRING Z ((440766.4427 4478706.2304 0,440803.8995 4478695.2427 0))",2698810,Verde,Línea,7
"MULTILINESTRING Z ((440479.4633 4478769.3827 0,440488.8899 4478772.8065 0,440499.8419 4478776.5706 0))",2698817,Azul,Línea,4
"MULTILINESTRING Z ((440921.5291 4478762.0082 0,440914.5415 4478672.7736 0))",2698819,Verde,Batería,37
"MULTILINESTRING Z ((440862.1464 4478736.8724 0,440862.4921 4478737.7613 0,440871.9242 4478767.8518 0))",2698826,Verde,Batería,13
"MULTILINESTRING Z ((440872.5716 4478770.1399 0,440874.3055 4478775.5171 0))",2698828,Verde,Batería,2
"MULTILINESTRING Z ((440997.702 4478804.1687 0,441028.6649 4478801.6872 0))",2698829,Verde,Batería,11
"MULTILINESTRING Z ((441054.1834 4478799.6131 0,441035.1094 4478801.1687 0))",2698830,Verde,Batería,7
"MULTILINESTRING Z ((441076.4839 4478796.3456 0,441099.2987 4478794.6008 0))",2698832,Verde,Batería,8
"MULTILINESTRING Z ((441321.0106 4478730.6255 0,441319.06 4478706.5267 0))",2698833,Verde,Batería,7
"MULTILINESTRING Z ((441419.1094 4478770.9464 0,441429.0353 4478770.0576 0))",2698848,Verde,Batería,4
"MULTILINESTRING Z ((445163.9736 4475721.9341 0,445180.739 4475724.6008 0))",2698891,Azul,Línea,3
"MULTILINESTRING Z ((441862.6854 4479464.6438 0,441881.7219 4479463.1062 0))",2698908,Verde,Línea,4
"MULTILINESTRING Z ((440635.9057 4476568.7011 0,440657.1557 4476503.4511 0))",2698929,Azul,Línea,12
"MULTILINESTRING Z ((440657.1557 4476503.2011 0,440663.5307 4476483.4511 0))",2698930,Azul,Línea,4
"MULTILINESTRING Z ((439831.4057 4472323.9511 0,439842.7807 4472339.4511 0))",2698933,Verde,Batería,8
"MULTILINESTRING Z ((439905.0723 4472982.4094 0,439902.4057 4473001.4094 0))",2698934,Verde,Línea,4
"MULTILINESTRING Z ((440536.776 4478515.2798 0,440541.3686 4478531.465 0))",2698937,Verde,Línea,3
"MULTILINESTRING Z ((438896.3223 4475959.7427 0,438886.739 4475954.9094 0))",2698940,Verde,Línea,2
"MULTILINESTRING Z ((437623.3308 4473696.8743 0,437631.5397 4473680.0868 0))",2698941,Verde,Línea,3
"MULTILINESTRING Z ((441123.8223 4472975.7427 0,441128.989 4472975.0761 0))",2698943,Verde,Línea,1
"MULTILINESTRING Z ((441697.0723 4470624.4927 0,441703.1557 4470617.4927 0))",2698944,Verde,Línea,2
"MULTILINESTRING Z ((442766.0806 4480968.6748 0,442770.8871 4480968.9053 0))",2698946,Verde,Batería,2
"MULTILINESTRING Z ((440467.1505 4478493.454 0,440512.418 4478481.9094 0))",2698947,Verde,Línea,9
"MULTILINESTRING Z ((440529.9242 4478491.2798 0,440532.0723 4478498.7983 0))",2698963,Verde,Línea,1
"MULTILINESTRING Z ((440538.8378 4478685.0699 0,440603.7596 4478668.3785 0))",2698966,Verde,Línea,14
"MULTILINESTRING Z ((440606.5538 4478667.6501 0,440625.1094 4478662.9094 0))",2698973,Verde,Línea,4
"MULTILINESTRING Z ((440642.8871 4478658.3168 0,440633.2205 4478660.7983 0))",2698976,Verde,Línea,2
"MULTILINESTRING Z ((440783.7882 4478564.2698 0,440773.529 4478531.6402 0))",2698996,Verde,Línea,7
"MULTILINESTRING Z ((440822.4674 4478550.1069 0,440824.1217 4478569.3662 0))",2698997,Verde,Batería,6
"MULTILINESTRING Z ((440824.9118 4478580.5761 0,440827.1094 4478606.9218 0))",2698998,Verde,Batería,9
"MULTILINESTRING Z ((440828.9448 4478471.3086 0,440826.953 4478442.8971 0))",2699022,Verde,Batería,10
"MULTILINESTRING Z ((440887.2548 4478518.6172 0,440887.9022 4478525.9039 0,440890.4592 4478525.5966 0,440916.9393 4478523.1714 0))",2699030,Verde,Batería,11
"MULTILINESTRING Z ((440909.8995 4478494.6255 0,440958.3933 4478490.7736 0))",2699034,Verde,Batería,16
"MULTILINESTRING Z ((441216.739 4478484.3909 0,441262.4057 4478480.2057 0))",2699041,Verde,Batería,20
"MULTILINESTRING Z ((441144.1217 4478512.5925 0,441162.8048 4478511.0287 0))",2699074,Verde,Batería,8
"MULTILINESTRING Z ((442428.3223 4474887.5761 0,442444.8223 4474886.4094 0))",2699083,Verde,Batería,7
"MULTILINESTRING Z ((441282.9057 4471250.4094 0,441299.239 4471257.4094 0))",2699087,Verde,Batería,6
"MULTILINESTRING Z ((441377.4057 4471281.1594 0,441345.489 4471267.2427 0))",2699088,Verde,Batería,12
"MULTILINESTRING Z ((441176.989 4471423.3261 0,441183.4057 4471409.6594 0))",2699090,Verde,Batería,5
"MULTILINESTRING Z ((442322.6557 4471744.9094 0,442329.6557 4471750.9927 0))",2699091,Verde,Línea,2
"MULTILINESTRING Z ((442520.6557 4472896.1594 0,442492.9057 4472854.1594 0))",2699092,Verde,Batería,16
"MULTILINESTRING Z ((442429.6557 4472749.2011 0,442472.7807 4472815.3261 0))",2699093,Verde,Línea,17
"MULTILINESTRING Z ((440453.9612 4478247.2427 0,440465.8871 4478246.0576 0))",2699102,Verde,Línea,2
"MULTILINESTRING Z ((440635.9057 4472340.4094 0,440616.4057 4472343.4094 0))",2699105,Verde,Batería,8
"MULTILINESTRING Z ((441872.0723 4475332.3261 0,441873.5723 4475349.4927 0))",2699106,Verde,Batería,6
"MULTILINESTRING Z ((441884.3223 4475422.3261 0,441880.6557 4475384.6594 0))",2699107,Azul,Línea,9
"MULTILINESTRING Z ((441999.9057 4475528.5761 0,442000.989 4475546.4927 0))",2699108,Azul,Línea,3
"MULTILINESTRING Z ((441847.739 4474867.8261 0,441862.1557 4474866.7427 0))",2699109,Verde,Batería,5
"MULTILINESTRING Z ((441869.8223 4474865.6594 0,441923.739 4474861.6594 0))",2699111,Verde,Batería,20
"MULTILINESTRING Z ((442074.0723 4474850.8261 0,442086.989 4474849.9094 0))",2699112,Verde,Batería,5
"MULTILINESTRING Z ((441821.239 4474775.2427 0,441818.1557 4474737.1594 0))",2699114,Verde,Batería,13
"MULTILINESTRING Z ((442075.6557 4475100.6594 0,442074.5723 4475080.2427 0))",2699115,Verde,Batería,8
"MULTILINESTRING Z ((442088.0723 4475278.3261 0,442084.8223 4475234.5761 0))",2699116,Verde,Batería,17
"MULTILINESTRING Z ((442082.0723 4475204.9094 0,442080.989 4475187.7427 0))",2699117,Verde,Batería,6
"MULTILINESTRING Z ((441307.5723 4471515.5761 0,441311.989 4471505.4094 0))",2699119,Verde,Línea,2
"MULTILINESTRING Z ((441315.3223 4471497.2427 0,441330.4057 4471462.5761 0))",2699121,Verde,Línea,7
"MULTILINESTRING Z ((441067.739 4471389.0761 0,441163.8223 4471430.2427 0))",2699123,Verde,Línea,22
"MULTILINESTRING Z ((441494.6557 4471492.6594 0,441563.0723 4471521.5761 0))",2699124,Verde,Línea,16
"MULTILINESTRING Z ((441477.239 4471498.4927 0,441467.5723 4471521.7427 0))",2699125,Verde,Línea,5
"MULTILINESTRING Z ((441093.5723 4471167.3261 0,441114.1557 4471145.4094 0))",2699129,Verde,Línea,6
"MULTILINESTRING Z ((441923.739 4472258.5761 0,441885.5723 4472226.8261 0))",2699135,Verde,Línea,11
"MULTILINESTRING Z ((441200.5723 4471943.9094 0,441198.4057 4471910.4094 0))",2699137,Verde,Batería,11
"MULTILINESTRING Z ((440780.989 4472765.4094 0,440764.5723 4472801.9094 0))",2699144,Verde,Línea,8
"MULTILINESTRING Z ((441367.1557 4472588.8261 0,441373.3223 4472664.2427 0))",2699146,Verde,Batería,31
"MULTILINESTRING Z ((441612.3223 4472544.9094 0,441608.5723 4472494.2427 0))",2699147,Verde,Línea,10
"MULTILINESTRING Z ((441742.0723 4472495.9094 0,441731.8223 4472508.3261 0))",2699148,Verde,Línea,3
"MULTILINESTRING Z ((441247.9057 4472617.4094 0,441246.5723 4472597.8261 0))",2699149,Verde,Línea,4
"MULTILINESTRING Z ((441494.6557 4472557.9094 0,441490.239 4472500.9094 0))",2699152,Verde,Línea,11
"MULTILINESTRING Z ((442120.5723 4475288.4094 0,442181.3223 4475284.2427 0))",2699154,Azul,Línea,12
"MULTILINESTRING Z ((442225.1557 4475281.9927 0,442266.489 4475278.8261 0))",2699156,Verde,Línea,10
"MULTILINESTRING Z ((442450.3223 4475267.1594 0,442521.1557 4475261.7427 0))",2699157,Verde,Batería,26
"MULTILINESTRING Z ((440721.3316 4478400.2551 0,440722.5662 4478404.2057 0))",2699161,Verde,Línea,1
"MULTILINESTRING Z ((440826.3714 4478423.6159 0,440825.6471 4478414.5843 0))",2699174,Verde,Batería,3
"MULTILINESTRING Z ((440873.6526 4478386.6831 0,440872.1053 4478367.1275 0,440871.8419 4478364.7242 0))",2699175,Verde,Línea,5
"MULTILINESTRING Z ((440696.4505 4478249.7804 0,440698.3819 4478264.7781 0))",2699180,Verde,Línea,3
"MULTILINESTRING Z ((440688.8625 4478210.4032 0,440685.8007 4478191.5884 0))",2699183,Verde,Batería,7
"MULTILINESTRING Z ((440831.9898 4478209.8633 0,440861.2098 4478207.2125 0))",2699199,Verde,Línea,6
"MULTILINESTRING Z ((441075.7512 4478439.4365 0,441073.9179 4478417.492 0))",2699203,Verde,Batería,8
"MULTILINESTRING Z ((440738.1299 4478417.7667 0,440736.7801 4478413.5857 0))",2699216,Azul,Línea,1
"MULTILINESTRING Z ((441079.4395 4478269.7041 0,441075.3865 4478219.6924 0))",2699217,Verde,Línea,10
"MULTILINESTRING Z ((443754.0723 4475677.5761 0,443763.4057 4475683.6594 0))",2699219,Verde,Línea,2
"MULTILINESTRING Z ((443491.989 4475420.3261 0,443470.9057 4475453.8261 0))",2699221,Verde,Línea,8
"MULTILINESTRING Z ((441242.0229 4478360.3538 0,441265.4797 4478358.5267 0))",2699222,Verde,Batería,9
"MULTILINESTRING Z ((439312.239 4475349.6594 0,439319.8223 4475338.3261 0))",2699223,Verde,Línea,3
"MULTILINESTRING Z ((439178.9057 4473199.0761 0,439212.9057 4473206.2427 0))",2699224,Verde,Línea,7
"MULTILINESTRING Z ((437520.4021 4473590.1347 0,437555.4057 4473515.8261 0))",2699225,Verde,Línea,16
"MULTILINESTRING Z ((439964.1557 4472722.9094 0,439976.0723 4472690.6594 0))",2699227,Verde,Línea,8
"MULTILINESTRING Z ((439691.989 4472768.0761 0,439692.3223 4472764.7427 0,439692.1557 4472761.9927 0,439691.239 4472759.9094 0,439690.739 4472759.0761 0))",2699228,Azul,Batería,3
"MULTILINESTRING Z ((439970.8223 4476409.3261 0,440044.3223 4476405.2427 0))",2699229,Verde,Batería,26
"MULTILINESTRING Z ((439749.739 4475849.3261 0,439773.0723 4475848.0761 0))",2699230,Verde,Batería,8
"MULTILINESTRING Z ((439364.4057 4475270.6594 0,439376.489 4475252.4094 0))",2699231,Verde,Línea,4
"MULTILINESTRING Z ((440250.5723 4472768.4927 0,440282.9057 4472706.4927 0))",2699232,Verde,Batería,29
"MULTILINESTRING Z ((438073.5723 4475557.8261 0,438064.5723 4475549.9927 0))",2699233,Verde,Batería,5
"MULTILINESTRING Z ((437884.1557 4475935.7011 0,437843.3223 4475991.7427 0))",2699234,Azul,Línea,14
"MULTILINESTRING Z ((439280.0723 4475696.4927 0,439257.0723 4475683.7427 0))",2699237,Verde,Línea,5
"MULTILINESTRING Z ((438877.5307 4475837.0761 0,438914.6557 4475783.9511 0))",2699238,Verde,Línea,14
"MULTILINESTRING Z ((439322.1557 4475334.5761 0,439352.239 4475288.9094 0))",2699240,Verde,Línea,11
"MULTILINESTRING Z ((442058.1557 4475296.9094 0,442031.989 4475298.9094 0))",2699242,Verde,Batería,9
"MULTILINESTRING Z ((440537.4057 4478091.3662 0,440552.2205 4478087.5637 0))",2699243,Verde,Batería,6
"MULTILINESTRING Z ((440470.6841 4477992.1865 0,440438.0806 4477993.9314 0))",2699244,Verde,Línea,6
"MULTILINESTRING Z ((442490.489 4474379.7427 0,442485.6557 4474324.1594 0))",2699246,Verde,Línea,11
"MULTILINESTRING Z ((440471.702 4477930.3168 0,440481.2946 4477973.1687 0))",2699247,Verde,Línea,9
"MULTILINESTRING Z ((442617.0723 4475122.7427 0,442622.2946 4475122.3538 0))",2699257,Verde,Línea,1
"MULTILINESTRING Z ((442617.0168 4475122.7427 0,442602.6834 4475123.965 0))",2699258,Verde,Línea,3
"MULTILINESTRING Z ((440574.4734 4477986.7698 0,440577.2512 4477986.6587 0,440585.7512 4477985.7142 0,440605.6401 4477983.3254 0,440617.3623 4477981.8254 0))",2699264,Verde,Línea,9
"MULTILINESTRING Z ((440679.702 4478145.9094 0,440679.1588 4478142.3045 0))",2699272,Verde,Batería,2
"MULTILINESTRING Z ((441570.9118 4479109.1687 0,441584.3933 4479108.0576 0))",2699273,Azul,Batería,5
"MULTILINESTRING Z ((442574.2232 4479445.443 0,442576.1766 4479454.6172 0))",2699274,Verde,Línea,2
"MULTILINESTRING Z ((440682.776 4478085.2057 0,440686.3316 4478109.2798 0))",2699275,Verde,Línea,5
"MULTILINESTRING Z ((440745.776 4478058.6995 0,440759.6279 4478057.6131 0))",2699283,Verde,Batería,5
"MULTILINESTRING Z ((440731.0518 4477978.6337 0,440733.6416 4478010.085 0))",2699286,Verde,Línea,6
"MULTILINESTRING Z ((440813.455 4478057.539 0,440818.1217 4478057.144 0))",2699288,Verde,Batería,2
"MULTILINESTRING Z ((440822.418 4478056.7983 0,440829.776 4478056.181 0))",2699290,Verde,Batería,3
"MULTILINESTRING Z ((441055.381 4478156.9464 0,441055.9489 4478164.0822 0))",2699296,Verde,Línea,1
"MULTILINESTRING Z ((441061.0764 4477979.539 0,441057.6197 4477935.2592 0))",2699300,Alta Rotación,Línea,10
"MULTILINESTRING Z ((440440.5443 4477783.7158 0,440445.7114 4477827.2354 0))",2699301,Verde,Batería,15
"MULTILINESTRING Z ((440466.8095 4477905.2598 0,440463.4821 4477876.5016 0))",2699306,Verde,Batería,10
"MULTILINESTRING Z ((440775.3069 4477746.3538 0,440778.9859 4477788.8971 0))",2699325,Verde,Línea,8
"MULTILINESTRING Z ((440770.5662 4477817.8847 0,440771.5538 4477832.2798 0))",2699326,Verde,Batería,5
"MULTILINESTRING Z ((440854.3933 4477728.4115 0,440865.06 4477727.5884 0))",2699328,Verde,Línea,2
"MULTILINESTRING Z ((440823.6279 4477921.0576 0,440796.0353 4477923.2798 0))",2699329,Verde,Batería,9
"MULTILINESTRING Z ((440818.5415 4477909.3909 0,440899.9736 4477902.6995 0))",2699330,Verde,Batería,29
"MULTILINESTRING Z ((441038.2205 4477667.539 0,441035.9057 4477637.7011 0))",2699331,Azul,Línea,6
"MULTILINESTRING Z ((441031.702 4477617.0946 0,441032.5908 4477627.6131 0))",2699333,Azul,Línea,2
"MULTILINESTRING Z ((441030.6649 4477628.7613 0,441031.4057 4477637.502 0))",2699338,Azul,Línea,1
"MULTILINESTRING Z ((442890.5908 4479681.1028 0,442897.3892 4479681.8765 0,442914.8707 4479684.0658 0,442927.167 4479685.6954 0))",2699349,Verde,Línea,7
"MULTILINESTRING Z ((440126.9612 4481075.3538 0,440134.9057 4481044.8538 0))",2699379,Verde,Línea,6
"MULTILINESTRING Z ((439230.239 4476489.5761 0,439229.1557 4476472.4927 0))",2699380,Verde,Línea,3
"MULTILINESTRING Z ((439544.4057 4476573.6594 0,439613.8223 4476568.9927 0))",2699381,Verde,Línea,14
"MULTILINESTRING Z ((439417.489 4476587.9927 0,439389.8223 4476589.7427 0))",2699383,Verde,Línea,5
"MULTILINESTRING Z ((441045.4057 4475800.5761 0,441120.4057 4475792.9094 0))",2699385,Verde,Línea,16
"MULTILINESTRING Z ((441463.739 4476100.4927 0,441463.4057 4476131.0761 0))",2699386,Verde,Batería,11
"MULTILINESTRING Z ((441234.1557 4476447.4094 0,441257.4057 4476445.8261 0))",2699387,Verde,Línea,4
"MULTILINESTRING Z ((441313.989 4475705.8261 0,441320.489 4475768.0761 0))",2699389,Verde,Línea,11
"MULTILINESTRING Z ((439060.4057 4475913.0761 0,439082.989 4475874.7427 0))",2699391,Verde,Línea,10
"MULTILINESTRING Z ((438416.989 4474010.3261 0,438422.4057 4473972.1594 0))",2699395,Verde,Línea,8
"MULTILINESTRING Z ((438336.739 4473740.7427 0,438339.489 4473721.3261 0))",2699397,Verde,Batería,7
"MULTILINESTRING Z ((443534.4057 4475362.2427 0,443511.989 4475397.4927 0))",2699399,Verde,Línea,8
"MULTILINESTRING Z ((440453.3223 4472093.8261 0,440484.1557 4472090.4094 0))",2699400,Verde,Batería,13
"MULTILINESTRING Z ((442291.489 4472949.0761 0,442351.0723 4472916.6594 0))",2699401,Verde,Batería,23
"MULTILINESTRING Z ((442989.8223 4472275.4094 0,443000.5723 4472291.2427 0))",2699402,Azul,Línea,4
"MULTILINESTRING Z ((442175.4057 4474962.0761 0,442168.6557 4474871.3261 0))",2699403,Verde,Batería,35
"MULTILINESTRING Z ((442443.9057 4475343.5761 0,442440.4057 4475296.9094 0))",2699404,Verde,Batería,16
"MULTILINESTRING Z ((442414.0723 4475269.9094 0,442425.739 4475269.0761 0))",2699405,Verde,Batería,6
"MULTILINESTRING Z ((441546.739 4471354.4927 0,441576.9057 4471367.6594 0))",2699421,Verde,Batería,12
"MULTILINESTRING Z ((441580.239 4471368.9927 0,441611.0723 4471382.2427 0))",2699422,Verde,Batería,12
"MULTILINESTRING Z ((443425.489 4473259.5761 0,443425.8223 4473265.5761 0))",2699430,Verde,Línea,1
"MULTILINESTRING Z ((440427.6557 4472278.8261 0,440435.5723 4472264.4927 0))",2699436,Verde,Batería,7
"MULTILINESTRING Z ((440482.3223 4472924.1594 0,440485.489 4472917.7427 0))",2699440,Verde,Línea,1
"MULTILINESTRING Z ((441177.239 4471072.1594 0,441163.9057 4471086.1594 0))",2699441,Verde,Línea,4
"MULTILINESTRING Z ((441146.3223 4471105.0761 0,441158.8223 4471091.9927 0))",2699442,Verde,Línea,4
"MULTILINESTRING Z ((443373.3223 4473859.5761 0,443422.0723 4473917.5761 0))",2699443,Verde,Línea,14
"MULTILINESTRING Z ((444556.9179 4476136.492 0,444562.3345 4476137.492 0))",2699450,Verde,Línea,1
"MULTILINESTRING Z ((441511.739 4475392.0761 0,441512.9057 4475398.8261 0))",2699452,Azul,Línea,1
"MULTILINESTRING Z ((441516.6557 4475415.8261 0,441513.5723 4475402.0761 0))",2699453,Azul,Línea,3
"MULTILINESTRING Z ((440066.1557 4472158.0761 0,440088.0723 4472153.1594 0))",2699474,Verde,Batería,9
"MULTILINESTRING Z ((440043.0723 4472163.3261 0,440064.1557 4472158.4927 0))",2699475,Verde,Batería,9
"MULTILINESTRING Z ((439294.9057 4475929.9927 0,439293.1557 4475898.5761 0))",2699476,Verde,Línea,6
"MULTILINESTRING Z ((439004.1557 4476002.0761 0,439036.739 4475946.4927 0))",2699477,Verde,Línea,14
"MULTILINESTRING Z ((440673.4057 4471939.1594 0,440707.5723 4471935.5761 0))",2699478,Verde,Línea,8
"MULTILINESTRING Z ((441266.0723 4471509.9927 0,441296.6557 4471523.1594 0))",2699479,Verde,Línea,6
"MULTILINESTRING Z ((442375.6557 4472890.6594 0,442340.0723 4472829.4094 0))",2699480,Verde,Batería,26
"MULTILINESTRING Z ((442180.989 4475040.4927 0,442181.6557 4475048.7427 0))",2699481,Verde,Batería,3
"MULTILINESTRING Z ((440447.239 4472691.6594 0,440465.0723 4472661.4094 0))",2699482,Verde,Línea,7
"MULTILINESTRING Z ((441468.3925 4477971.4218 0,441469.0159 4477979.7047 0))",2699502,Verde,Línea,2
"MULTILINESTRING Z ((441462.3362 4477893.2245 0,441462.9596 4477901.2401 0))",2699511,Verde,Línea,2
"MULTILINESTRING Z ((441461.489 4477860.3261 0,441462.3223 4477869.7427 0))",2699515,Verde,Línea,2
"MULTILINESTRING Z ((441972.739 4478050.9927 0,441960.239 4478056.6594 0))",2699517,Verde,Línea,3
"MULTILINESTRING Z ((441294.989 4471528.2427 0,441240.4057 4471504.9094 0))",2699519,Verde,Línea,12
"MULTILINESTRING Z ((441884.0723 4477659.6594 0,441886.9057 4477668.0761 0))",2699521,Verde,Línea,2
"MULTILINESTRING Z ((441619.739 4477720.9094 0,441617.5723 4477725.3261 0,441615.5723 4477729.8261 0,441614.9057 4477732.4927 0,441614.239 4477742.1594 0,441613.8223 4477746.4094 0))",2699522,Verde,Línea,6
"MULTILINESTRING Z ((441581.6557 4477562.0761 0,441583.0723 4477570.4094 0))",2699523,Verde,Línea,2
"MULTILINESTRING Z ((440829.6279 4471583.6316 0,440847.5723 4471566.7983 0))",2699524,Verde,Línea,4
"MULTILINESTRING Z ((441258.1279 4473108.4094 0,441264.5168 4473100.4094 0))",2699526,Verde,Línea,2
"MULTILINESTRING Z ((441434.739 4477547.7427 0,441436.489 4477562.8261 0))",2699528,Azul,Línea,3
"MULTILINESTRING Z ((442115.0723 4475444.4927 0,442140.739 4475442.4094 0))",2699529,Verde,Línea,5
"MULTILINESTRING Z ((441734.989 4475002.1594 0,441733.489 4474989.0761 0))",2699530,Azul,Línea,2
"MULTILINESTRING Z ((442266.8223 4478098.9927 0,442298.489 4478098.5761 0))",2699531,Azul,Línea,7
"MULTILINESTRING Z ((442183.6557 4477869.5761 0,442202.8223 4477907.9927 0))",2699574,Verde,Línea,9
"MULTILINESTRING Z ((442177.9057 4477859.1594 0,442154.6557 4477812.2427 0))",2699577,Verde,Línea,11
"MULTILINESTRING Z ((442270.0723 4477643.3261 0,442278.989 4477651.9094 0))",2699578,Azul,Línea,4
"MULTILINESTRING Z ((441674.489 4477945.9094 0,441695.989 4477971.4927 0))",2699583,Verde,Batería,12
"MULTILINESTRING Z ((439920.1557 4472803.6594 0,439917.0723 4472828.6594 0))",2699630,Verde,Línea,5
"MULTILINESTRING Z ((440730.1738 4480281.7777 0,440735.6608 4480276.5102 0))",2699642,Verde,Línea,2
"MULTILINESTRING Z ((444522.6557 4476567.9094 0,444525.239 4476574.0761 0,444528.239 4476579.5761 0))",2699646,Verde,Línea,2
"MULTILINESTRING Z ((444503.3223 4476790.4094 0,444527.0723 4476751.9927 0))",2699647,Verde,Línea,8
"MULTILINESTRING Z ((444408.3223 4477622.1594 0,444427.6557 4477632.8261 0))",2699650,Azul,Línea,3
"MULTILINESTRING Z ((444429.4057 4477630.6594 0,444447.0723 4477640.4927 0))",2699651,Azul,Línea,4
"MULTILINESTRING Z ((444574.4057 4477723.4927 0,444578.1557 4477725.6594 0))",2699653,Verde,Línea,1
"MULTILINESTRING Z ((442182.3223 4478056.8261 0,442166.4057 4478024.0761 0))",2699680,Verde,Línea,7
"MULTILINESTRING Z ((437538.1593 4473705.6092 0,437522.7182 4473698.2562 0))",2699685,Verde,Batería,7
"MULTILINESTRING Z ((437526.7623 4473694.6717 0,437530.8983 4473696.6018 0))",2699686,Verde,Batería,2
"MULTILINESTRING Z ((437534.5748 4473698.2562 0,437538.9865 4473700.1864 0))",2699687,Verde,Batería,2
"MULTILINESTRING Z ((437543.4902 4473695.315 0,437544.8689 4473692.8334 0))",2699688,Verde,Batería,1
"MULTILINESTRING Z ((437557.277 4473687.043 0,437562.6079 4473689.2489 0))",2699689,Verde,Línea,1
"MULTILINESTRING Z ((442067.0723 4477925.4927 0,442059.8223 4477929.1594 0))",2699690,Verde,Línea,1
"MULTILINESTRING Z ((441872.6557 4477627.4094 0,441877.4057 4477640.8261 0))",2699691,Verde,Línea,3
"MULTILINESTRING Z ((441936.0723 4477597.5761 0,441950.8223 4477592.6594 0))",2699692,Verde,Línea,3
"MULTILINESTRING Z ((442862.239 4476234.5761 0,442870.8223 4476243.2427 0))",2699693,Verde,Batería,5
"MULTILINESTRING Z ((443049.3223 4476099.4094 0,443055.739 4476088.5761 0))",2699694,Verde,Línea,2
"MULTILINESTRING Z ((443724.3223 4476500.9094 0,443732.3223 4476516.2427 0))",2699695,Verde,Batería,7
"MULTILINESTRING Z ((441847.989 4477556.4094 0,441848.989 4477558.9927 0))",2699696,Verde,Línea,1
"MULTILINESTRING Z ((443557.8501 4475798.7983 0,443554.8871 4475809.8353 0))",2699697,Verde,Línea,2
"MULTILINESTRING Z ((443128.2205 4475779.0946 0,443127.8131 4475793.2057 0))",2699698,Azul,Línea,3
"MULTILINESTRING Z ((441857.489 4477583.8261 0,441862.5723 4477598.3261 0))",2699699,Verde,Línea,4
"MULTILINESTRING Z ((441864.6557 4477632.4094 0,441868.739 4477644.4927 0))",2699711,Verde,Línea,3
"MULTILINESTRING Z ((441849.239 4477626.5761 0,441844.989 4477627.9927 0))",2699712,Verde,Línea,1
"MULTILINESTRING Z ((443134.6557 4475972.0761 0,443134.989 4475987.4927 0))",2699713,Azul,Línea,3
"MULTILINESTRING Z ((443135.239 4475988.6594 0,443135.989 4476001.7427 0))",2699715,Azul,Línea,2
"MULTILINESTRING Z ((441788.9057 4477645.9094 0,441767.489 4477652.6594 0))",2699716,Verde,Línea,4
"MULTILINESTRING Z ((443135.9057 4476002.5761 0,443136.3223 4476011.1594 0))",2699717,Azul,Línea,1
"MULTILINESTRING Z ((440215.7911 4472922.195 0,440214.2235 4472915.6308 0))",2699718,Verde,Línea,1
"MULTILINESTRING Z ((443132.739 4476454.1316 0,443136.2946 4476451.3538 0,443137.6834 4476450.0205 0))",2699719,Verde,Línea,1
"MULTILINESTRING Z ((439749.9057 4472674.1594 0,439792.739 4472659.5761 0))",2699720,Verde,Línea,9
"MULTILINESTRING Z ((442702.4612 4476508.9094 0,442693.239 4476503.0761 0))",2699721,Azul,Línea,2
"MULTILINESTRING Z ((441772.239 4477641.6594 0,441760.739 4477645.2427 0))",2699722,Verde,Línea,2
"MULTILINESTRING Z ((442878.9612 4476617.2427 0,442887.8501 4476621.7983 0))",2699723,Verde,Batería,4
"MULTILINESTRING Z ((442970.9057 4476170.6316 0,442983.4057 4476183.1872 0))",2699724,Azul,Línea,3
"MULTILINESTRING Z ((443424.9612 4475887.3538 0,443439.0723 4475889.2983 0))",2699725,Verde,Línea,3
"MULTILINESTRING Z ((441843.3223 4477618.4094 0,441846.4057 4477617.5761 0))",2699726,Verde,Línea,1
"MULTILINESTRING Z ((443558.0723 4476211.8538 0,443556.2946 4476221.965 0))",2699727,Verde,Línea,2
"MULTILINESTRING Z ((441838.739 4477557.9927 0,441845.239 4477576.3261 0))",2699731,Verde,Línea,4
"MULTILINESTRING Z ((443073.8223 4475537.9927 0,443088.739 4475537.1594 0))",2699732,Verde,Línea,3
"MULTILINESTRING Z ((442630.1557 4476321.1594 0,442631.3223 4476335.9094 0))",2699734,Verde,Línea,3
"MULTILINESTRING Z ((442594.3223 4476355.2427 0,442606.9057 4476354.3261 0))",2699735,Verde,Línea,3
"MULTILINESTRING Z ((442480.1279 4475905.1872 0,442480.5723 4475914.5761 0))",2699737,Verde,Batería,4
"MULTILINESTRING Z ((442470.9057 4475651.0761 0,442471.5723 4475658.0205 0))",2699739,Verde,Línea,1
"MULTILINESTRING Z ((442478.1557 4475755.4094 0,442478.6557 4475763.7427 0))",2699740,Verde,Batería,3
"MULTILINESTRING Z ((442509.8223 4476318.7427 0,442509.4057 4476312.7427 0))",2699741,Verde,Batería,2
"MULTILINESTRING Z ((442813.8223 4476089.2427 0,442805.8223 4476089.7427 0))",2699742,Verde,Línea,2
"MULTILINESTRING Z ((443112.239 4475580.9094 0,443112.4057 4475586.7427 0))",2699743,Verde,Batería,2
"MULTILINESTRING Z ((442989.3223 4475697.9927 0,442990.5723 4475710.9927 0))",2699744,Verde,Batería,7
"MULTILINESTRING Z ((442501.9057 4475843.8261 0,442493.6557 4475844.3261 0))",2699745,Verde,Batería,4
"MULTILINESTRING Z ((442548.0723 4475840.0761 0,442554.5723 4475839.5761 0))",2699746,Verde,Batería,3
"MULTILINESTRING Z ((441783.489 4477568.1594 0,441769.1557 4477572.7427 0))",2699749,Verde,Línea,3
"MULTILINESTRING Z ((441914.9057 4475828.1594 0,441915.739 4475836.9927 0))",2699750,Verde,Batería,3
"MULTILINESTRING Z ((441939.989 4476176.6594 0,441941.1557 4476193.4927 0))",2699751,Verde,Batería,7
"MULTILINESTRING Z ((441939.6557 4476172.1594 0,441939.4057 4476161.0761 0))",2699752,Verde,Batería,4
"MULTILINESTRING Z ((441728.6557 4477656.7427 0,441733.9057 4477655.6594 0))",2699756,Verde,Línea,1
"MULTILINESTRING Z ((442245.9057 4476130.6316 0,442191.1834 4476135.1316 0))",2699757,Verde,Línea,10
"MULTILINESTRING Z ((442371.5538 4477095.2057 0,442375.0723 4477098.6131 0))",2699761,Verde,Línea,1
"MULTILINESTRING Z ((441692.1557 4477744.0761 0,441695.8223 4477743.8261 0,441717.489 4477737.8261 0))",2699762,Verde,Batería,11
"MULTILINESTRING Z ((441415.3481 4480005.5966 0,441417.3234 4480010.4526 0))",2699763,Verde,Línea,1
"MULTILINESTRING Z ((442365.1279 4477188.7983 0,442348.5168 4477204.5761 0))",2699764,Verde,Línea,4
"MULTILINESTRING Z ((442291.0168 4477152.2983 0,442303.0723 4477164.8538 0))",2699766,Azul,Línea,3
"MULTILINESTRING Z ((442331.5723 4477194.4094 0,442340.7946 4477203.4094 0))",2699768,Verde,Línea,2
"MULTILINESTRING Z ((442327.8501 4477202.5205 0,442335.739 4477210.4094 0))",2699769,Verde,Línea,2
"MULTILINESTRING Z ((441747.6557 4477664.4927 0,441753.8223 4477710.2427 0))",2699770,Verde,Línea,9
"MULTILINESTRING Z ((441532.739 4477788.9094 0,441538.1279 4477796.9094 0))",2699772,Verde,Línea,2
"MULTILINESTRING Z ((441539.0168 4477772.3538 0,441545.739 4477782.1872 0))",2699773,Verde,Línea,2
"MULTILINESTRING Z ((441470.7807 4477668.3261 0,441477.7807 4477678.9511 0))",2699774,Verde,Línea,2
"MULTILINESTRING Z ((441900.1834 4478070.2427 0,441890.6834 4478074.5761 0))",2699775,Verde,Línea,2
"MULTILINESTRING Z ((443045.739 4477412.7983 0,443052.2946 4477404.7983 0))",2699776,Verde,Batería,4
"MULTILINESTRING Z ((442699.9057 4477072.0205 0,442703.7946 4477064.1872 0))",2699780,Verde,Línea,2
"MULTILINESTRING Z ((442695.4057 4477052.4094 0,442699.0723 4477055.3538 0))",2699781,Verde,Línea,1
"MULTILINESTRING Z ((442907.1834 4476846.4094 0,442884.4612 4476834.5761 0))",2699782,Verde,Línea,5
"MULTILINESTRING Z ((442920.739 4476840.7427 0,442924.6834 4476835.3538 0))",2699783,Verde,Batería,3
"MULTILINESTRING Z ((442562.7946 4476924.1316 0,442572.4057 4476911.4094 0))",2699784,Verde,Línea,3
"MULTILINESTRING Z ((443095.739 4476923.0205 0,443099.5168 4476926.0205 0))",2699788,Verde,Batería,2
"MULTILINESTRING Z ((443376.6557 4477520.4094 0,443384.0723 4477519.0761 0))",2699796,Verde,Batería,3
"MULTILINESTRING Z ((443382.9057 4477535.7427 0,443385.239 4477535.3261 0))",2699797,Verde,Batería,1
"MULTILINESTRING Z ((443391.8871 4477533.6131 0,443391.4427 4477533.7983 0,443386.6279 4477534.8353 0))",2699799,Verde,Batería,2
"MULTILINESTRING Z ((443407.5538 4477720.5761 0,443416.1834 4477726.465 0))",2699800,Verde,Batería,4
"MULTILINESTRING Z ((442948.0723 4478116.2427 0,442990.4057 4478129.3261 0))",2699803,Verde,Línea,10
"MULTILINESTRING Z ((443232.6279 4477332.9464 0,443230.6649 4477336.0205 0,443224.8131 4477344.3538 0))",2699804,Verde,Batería,5
"MULTILINESTRING Z ((443248.4612 4477310.0205 0,443246.7946 4477312.4094 0))",2699806,Verde,Batería,1
"MULTILINESTRING Z ((443240.1279 4477321.7983 0,443245.4057 4477314.1872 0))",2699807,Verde,Batería,3
"MULTILINESTRING Z ((442994.0723 4478130.5761 0,443019.489 4478138.2427 0))",2699808,Verde,Línea,5
"MULTILINESTRING Z ((442584.5168 4477677.8538 0,442595.6279 4477680.7427 0))",2699810,Verde,Línea,3
"MULTILINESTRING Z ((442881.6834 4477357.6316 0,442889.239 4477347.1316 0))",2699811,Verde,Línea,3
"MULTILINESTRING Z ((442723.2946 4477637.4094 0,442722.0168 4477642.4094 0))",2699812,Verde,Batería,2
"MULTILINESTRING Z ((442721.9057 4477642.6872 0,442720.9612 4477647.6872 0))",2699814,Verde,Batería,2
"MULTILINESTRING Z ((443022.0723 4477572.9094 0,443017.9057 4477584.4094 0))",2699815,Verde,Batería,3
"MULTILINESTRING Z ((442621.739 4477466.4927 0,442607.4057 4477463.1594 0))",2699816,Verde,Línea,3
"MULTILINESTRING Z ((443429.6557 4477798.3261 0,443425.489 4477805.3261 0))",2699817,Verde,Línea,1
"MULTILINESTRING Z ((443160.3223 4477622.2427 0,443151.3223 4477631.5761 0))",2699818,Verde,Línea,3
"MULTILINESTRING Z ((442746.1557 4477769.5761 0,442757.1557 4477769.4927 0))",2699819,Verde,Línea,2
"MULTILINESTRING Z ((442653.3223 4477567.1594 0,442640.8223 4477565.3261 0))",2699820,Verde,Línea,2
"MULTILINESTRING Z ((443334.9057 4477807.5761 0,443340.8223 4477811.5761 0))",2699823,Azul,Batería,2
"MULTILINESTRING Z ((443294.3223 4477701.3261 0,443279.3223 4477717.2427 0))",2699824,Verde,Línea,5
"MULTILINESTRING Z ((443271.489 4477735.9927 0,443257.8223 4477750.4927 0))",2699825,Verde,Línea,4
"MULTILINESTRING Z ((442681.4057 4477336.5761 0,442671.3223 4477346.4927 0))",2699828,Verde,Línea,4
"MULTILINESTRING Z ((442614.0168 4477409.8538 0,442616.1834 4477401.2427 0))",2699829,Verde,Línea,2
"MULTILINESTRING Z ((442690.3426 4478732.5579 0,442691.8859 4478747.9006 0))",2699830,Verde,Línea,4
"MULTILINESTRING Z ((442464.989 4478551.5761 0,442477.5723 4478555.4927 0))",2699831,Verde,Batería,4
"MULTILINESTRING Z ((442291.0723 4478599.1594 0,442287.1557 4478612.2427 0))",2699833,Verde,Batería,5
"MULTILINESTRING Z ((442402.989 4478445.8261 0,442400.239 4478456.4094 0))",2699837,Azul,Batería,4
"MULTILINESTRING Z ((442401.8223 4478499.4927 0,442399.8223 4478506.9927 0))",2699839,Verde,Batería,3
"MULTILINESTRING Z ((441945.6557 4479425.0761 0,441928.989 4479426.4927 0))",2699841,Verde,Línea,3
"MULTILINESTRING Z ((441682.4057 4479289.2427 0,441683.1557 4479300.3261 0))",2699843,Verde,Batería,6
"MULTILINESTRING Z ((441706.739 4479392.6594 0,441704.5723 4479367.7427 0))",2699844,Verde,Batería,10
"MULTILINESTRING Z ((441702.4057 4479346.4094 0,441703.989 4479363.9094 0))",2699845,Verde,Batería,7
"MULTILINESTRING Z ((441770.2452 4479417.7366 0,441770.6155 4479422.3045 0))",2699847,Verde,Batería,2
"MULTILINESTRING Z ((445036.9057 4475709.9094 0,445035.9057 4475716.6316 0))",2699860,Verde,Línea,1
"MULTILINESTRING Z ((444176.4057 4475504.9094 0,444176.5723 4475514.0761 0))",2699861,Azul,Línea,2
"MULTILINESTRING Z ((445140.6834 4476032.7427 0,445142.739 4476029.3538 0))",2699863,Azul,Batería,2
"MULTILINESTRING Z ((445162.0168 4475996.7427 0,445159.8501 4476000.6872 0))",2699864,Azul,Batería,2
"MULTILINESTRING Z ((445220.0168 4475872.9094 0,445222.739 4475868.3538 0))",2699865,Verde,Batería,2
"MULTILINESTRING Z ((444873.806 4477213.8872 0,444899.6767 4477221.0865 0))",2699878,Verde,Línea,6
"MULTILINESTRING Z ((444667.4797 4476750.2798 0,444660.097 4476745.6872 0))",2699879,Verde,Batería,4
"MULTILINESTRING Z ((444515.3316 4476868.6131 0,444532.2205 4476876.6501 0))",2699882,Verde,Batería,5
"MULTILINESTRING Z ((444240.0723 4478344.0761 0,444230.3501 4478337.7983 0))",2699884,Verde,Línea,2
"MULTILINESTRING Z ((444030.9057 4478851.6316 0,444034.1279 4478861.465 0))",2699888,Azul,Línea,2
"MULTILINESTRING Z ((443350.0168 4477461.6872 0,443350.739 4477464.3538 0))",2699889,Verde,Batería,1
"MULTILINESTRING Z ((443351.4057 4477468.1316 0,443350.9057 4477465.6872 0))",2699890,Verde,Batería,1
"MULTILINESTRING Z ((443683.8501 4477717.965 0,443697.0168 4477724.8538 0))",2699894,Verde,Línea,3
"MULTILINESTRING Z ((443696.0723 4477716.2427 0,443686.8501 4477711.7427 0))",2699895,Verde,Línea,2
"MULTILINESTRING Z ((440037.7946 4478459.2983 0,440023.739 4478470.7427 0))",2699898,Verde,Línea,3
"MULTILINESTRING Z ((440342.1279 4478210.5205 0,440357.1834 4478210.0205 0))",2699900,Verde,Línea,3
"MULTILINESTRING Z ((440197.239 4478254.7983 0,440199.5723 4478269.2983 0))",2699901,Verde,Línea,3
"MULTILINESTRING Z ((440037.1279 4478207.5761 0,440049.8501 4478207.4094 0))",2699902,Verde,Línea,3
"MULTILINESTRING Z ((440768.4057 4477662.9094 0,440768.6279 4477669.6316 0))",2699903,Azul,Línea,1
"MULTILINESTRING Z ((440770.0168 4477684.5761 0,440769.4057 4477675.6316 0))",2699904,Azul,Línea,2
"MULTILINESTRING Z ((440771.6279 4477832.4094 0,440772.4057 4477842.965 0))",2699907,Verde,Batería,5
"MULTILINESTRING Z ((440646.5043 4477901.6896 0,440636.5784 4477902.8994 0))",2699909,Verde,Línea,2
"MULTILINESTRING Z ((441278.0168 4479294.7427 0,441286.7946 4479294.1316 0))",2699912,Verde,Batería,3
"MULTILINESTRING Z ((441294.6834 4479293.5205 0,441288.739 4479293.9094 0))",2699913,Verde,Batería,3
"MULTILINESTRING Z ((441069.4612 4479384.3538 0,441065.1279 4479387.2983 0))",2699915,Verde,Línea,1
"MULTILINESTRING Z ((440851.8131 4480305.7242 0,440839.4427 4480317.6501 0))",2699916,Verde,Línea,4
"MULTILINESTRING Z ((441126.0168 4479927.1872 0,441134.4057 4479923.0761 0))",2699918,Verde,Línea,3
"MULTILINESTRING Z ((441358.6649 4480110.2057 0,441361.3686 4480115.8353 0))",2699919,Verde,Línea,1
"MULTILINESTRING Z ((441259.2946 4479646.6872 0,441255.8871 4479660.7983 0))",2699925,Azul,Línea,3
"MULTILINESTRING Z ((440741.4427 4479570.6872 0,440747.9242 4479567.465 0))",2699934,Azul,Línea,2
"MULTILINESTRING Z ((440242.1217 4478925.0699 0,440252.3933 4478925.8353 0))",2699935,Verde,Línea,2
"MULTILINESTRING Z ((440337.1494 4479132.0449 0,440333.4935 4479138.604 0))",2699936,Verde,Línea,2
"MULTILINESTRING Z ((441242.6557 4476791.7427 0,441244.239 4476806.9927 0))",2699937,Verde,Batería,7
"MULTILINESTRING Z ((441241.6557 4476772.4094 0,441242.4057 4476781.3261 0))",2699938,Verde,Batería,3
"MULTILINESTRING Z ((439424.5836 4477151.9198 0,439431.1465 4477244.7381 0))",2699941,Verde,Línea,19
"MULTILINESTRING Z ((439444.6557 4477431.8261 0,439445.6557 4477449.9511 0))",2699943,Verde,Línea,3
"MULTILINESTRING Z ((440212.0723 4477153.9927 0,440211.4057 4477164.3261 0))",2699944,Verde,Línea,2
"MULTILINESTRING Z ((440211.0723 4477169.6594 0,440210.239 4477180.5761 0))",2699945,Verde,Línea,2
"MULTILINESTRING Z ((439417.3223 4477253.6594 0,439423.6557 4477253.2427 0))",2699946,Verde,Línea,1
"MULTILINESTRING Z ((439566.239 4481509.9094 0,439577.489 4481513.4094 0))",2699948,Azul,Batería,5
"MULTILINESTRING Z ((439587.3223 4480976.4927 0,439596.5723 4480978.8261 0))",2699950,Verde,Batería,4
"MULTILINESTRING Z ((439414.989 4480930.8261 0,439425.1557 4480933.4094 0))",2699951,Verde,Batería,4
"MULTILINESTRING Z ((439483.4057 4480704.4927 0,439492.8223 4480706.9094 0))",2699952,Verde,Batería,4
"MULTILINESTRING Z ((439521.171 4480680.2821 0,439518.924 4480688.8007 0))",2699953,Verde,Batería,4
"MULTILINESTRING Z ((440724.1557 4482074.2427 0,440729.1557 4482077.0761 0))",2699954,Azul,Batería,2
"MULTILINESTRING Z ((440713.0723 4481823.4094 0,440721.3223 4481828.1594 0))",2699955,Verde,Batería,4
"MULTILINESTRING Z ((439759.3685 4479238.5538 0,439744.3191 4479244.6903 0))",2699956,Verde,Línea,3
"MULTILINESTRING Z ((439577.6557 4477595.9927 0,439572.9057 4477611.5761 0))",2699957,Azul,Línea,3
"MULTILINESTRING Z ((440072.5723 4481804.3261 0,440084.3223 4481816.4927 0))",2699964,Verde,Línea,3
"MULTILINESTRING Z ((440088.3223 4481820.3261 0,440094.989 4481827.7427 0))",2699966,Verde,Línea,1
"MULTILINESTRING Z ((440099.4057 4481832.1594 0,440104.6557 4481836.2427 0,440110.8223 4481839.4927 0,440117.0723 4481841.7427 0))",2699968,Verde,Línea,4
"MULTILINESTRING Z ((440122.489 4481843.4094 0,440155.9057 4481854.1594 0))",2699969,Verde,Línea,6
"MULTILINESTRING Z ((444730.1217 4477491.1193 0,444733.8007 4477485.539 0))",2699972,Verde,Línea,2
"MULTILINESTRING Z ((441798.2521 4472223.9319 0,441786.3006 4472213.9005 0))",2700016,Azul,Línea,3
"MULTILINESTRING Z ((441774.0687 4472203.3904 0,441781.9097 4472209.7726 0))",2700017,Azul,Línea,2
"MULTILINESTRING Z ((441755.925 4472187.3437 0,441766.9571 4472197.0082 0))",2700018,Azul,Línea,3
"MULTILINESTRING Z ((438732.0723 4474775.1594 0,438724.1557 4474787.1594 0,438716.0723 4474799.8261 0,438709.3223 4474809.3261 0))",2700038,Verde,Línea,8
"MULTILINESTRING Z ((441076.5723 4478634.8261 0,441085.6557 4478634.2427 0))",2700044,Azul,Batería,3
"MULTILINESTRING Z ((439310.1557 4473239.9094 0,439346.1557 4473213.9927 0))",2700047,Verde,Línea,9
"MULTILINESTRING Z ((442542.989 4475008.9094 0,442541.6557 4474995.4094 0))",2700048,Verde,Batería,5
"MULTILINESTRING Z ((444279.1557 4478511.9094 0,444290.989 4478519.6594 0))",2700057,Azul,Línea,3
"MULTILINESTRING Z ((437438.5168 4473110.9494 0,437456.3682 4473105.0256 0,437458.1293 4473104.6254 0,437460.3708 4473104.7855 0,437461.6516 4473104.7855 0,437464.7736 4473105.3458 0,437467.4153 4473105.5059 0,437471.0176 4473106.1464 0,437473.0189 4473106.8668 0,437482.7051 4473111.5098 0))",2700216,Verde,Línea,11
"MULTILINESTRING Z ((438811.6756 4473454.3292 0,438813.1165 4473419.2668 0))",2700217,Verde,Línea,9
"MULTILINESTRING Z ((438813.4767 4473410.7413 0,438813.5968 4473405.4579 0))",2700218,Verde,Línea,1
"MULTILINESTRING Z ((440376.239 4472383.1594 0,440385.5723 4472366.5761 0))",2700227,Verde,Línea,4
"MULTILINESTRING Z ((439990.239 4472675.0761 0,440002.239 4472679.2427 0))",2700228,Verde,Línea,2
"MULTILINESTRING Z ((439844.739 4472808.2427 0,439877.4057 4472796.6594 0))",2700229,Verde,Línea,7
"MULTILINESTRING Z ((439276.3223 4474725.2427 0,439287.1557 4474700.8261 0))",2700230,Verde,Línea,5
"MULTILINESTRING Z ((443551.5307 4478398.5761 0,443560.1557 4478450.3261 0))",2700301,Verde,Línea,10
"MULTILINESTRING Z ((440590.5723 4481968.6594 0,440583.8223 4481964.7427 0))",2700338,Verde,Línea,2
"MULTILINESTRING Z ((444773.1557 4475462.2427 0,444783.8223 4475472.1594 0))",2700343,Verde,Línea,3
"MULTILINESTRING Z ((444800.0723 4475467.6594 0,444824.739 4475442.9094 0,444850.6557 4475417.7427 0))",2700346,Verde,Línea,15
"MULTILINESTRING Z ((444864.3223 4475417.8261 0,444840.4057 4475441.5761 0))",2700351,Verde,Línea,7
"MULTILINESTRING Z ((444757.1557 4475523.6594 0,444761.0723 4475519.8261 0))",2700354,Verde,Línea,1
"MULTILINESTRING Z ((444772.5723 4475494.4927 0,444769.0723 4475498.1594 0))",2700355,Verde,Línea,1
"MULTILINESTRING Z ((444785.739 4475481.7427 0,444776.3223 4475490.9927 0))",2700358,Verde,Línea,2
"MULTILINESTRING Z ((444756.489 4475510.4927 0,444765.1557 4475501.7427 0))",2700359,Verde,Línea,2
"MULTILINESTRING Z ((444718.5723 4475493.4094 0,444732.739 4475517.0761 0))",2700362,Verde,Línea,6
"MULTILINESTRING Z ((444714.239 4475407.5761 0,444694.5723 4475428.7427 0))",2700363,Verde,Línea,6
"MULTILINESTRING Z ((444678.8223 4475453.4927 0,444646.739 4475473.8261 0))",2700366,Verde,Línea,8
"MULTILINESTRING Z ((444641.1557 4475498.8261 0,444635.3223 4475490.6594 0))",2700367,Verde,Línea,2
"MULTILINESTRING Z ((444657.239 4475509.5761 0,444646.3223 4475494.1594 0))",2700373,Verde,Línea,4
"MULTILINESTRING Z ((444641.1557 4475487.4094 0,444644.0723 4475491.4094 0))",2700374,Verde,Línea,1
"MULTILINESTRING Z ((444673.9057 4475533.0761 0,444666.739 4475523.0761 0))",2700375,Verde,Línea,2
"MULTILINESTRING Z ((444683.3223 4475528.6594 0,444675.9057 4475533.4927 0))",2700376,Verde,Línea,2
"MULTILINESTRING Z ((444712.6557 4475517.5761 0,444720.3223 4475512.4927 0))",2700377,Verde,Línea,2
"MULTILINESTRING Z ((444442.8223 4478135.4094 0,444410.5723 4478114.9094 0))",2700402,Verde,Línea,7
"MULTILINESTRING Z ((441740.989 4477617.0761 0,441743.239 4477633.9927 0))",2700425,Verde,Línea,3
"MULTILINESTRING Z ((441725.739 4477649.9094 0,441732.3223 4477648.4927 0))",2700428,Verde,Línea,2
"MULTILINESTRING Z ((441712.2946 4479399.7427 0,441710.0168 4479399.9094 0))",2700429,Azul,Batería,1
"MULTILINESTRING Z ((442454.6557 4478011.0761 0,442453.3223 4478037.6594 0))",2700438,Verde,Batería,10
"MULTILINESTRING Z ((442528.239 4478081.8261 0,442527.5723 4478075.8261 0))",2700442,Verde,Batería,2
"MULTILINESTRING Z ((442523.9057 4478031.9927 0,442524.489 4478038.0761 0))",2700443,Verde,Batería,2
"MULTILINESTRING Z ((442521.1557 4478003.9094 0,442521.4057 4478007.4927 0))",2700446,Verde,Batería,1
"MULTILINESTRING Z ((442517.989 4477964.1594 0,442518.489 4477969.4094 0))",2700448,Verde,Batería,2
"MULTILINESTRING Z ((442516.739 4477952.1594 0,442517.1557 4477955.4094 0))",2700451,Verde,Batería,1
"MULTILINESTRING Z ((442513.5723 4477917.2427 0,442514.0723 4477920.4927 0))",2700455,Verde,Batería,1
"MULTILINESTRING Z ((442514.239 4477922.7427 0,442514.4057 4477925.4094 0))",2700456,Verde,Batería,1
"MULTILINESTRING Z ((442348.239 4477718.7427 0,442325.1557 4477696.5761 0))",2700461,Azul,Línea,7
"MULTILINESTRING Z ((442306.4057 4477678.1594 0,442319.8223 4477691.3261 0))",2700463,Azul,Línea,3
"MULTILINESTRING Z ((441993.239 4477631.9094 0,442004.9057 4477655.9927 0))",2700465,Azul,Línea,6
"MULTILINESTRING Z ((441956.4057 4477555.8261 0,441959.8223 4477562.7427 0,441964.1557 4477571.1594 0,441965.4057 4477573.3261 0))",2700468,Azul,Línea,4
"MULTILINESTRING Z ((442299.239 4478100.3261 0,442349.3223 4478099.7427 0))",2700491,Azul,Línea,10
"MULTILINESTRING Z ((443969.989 4477615.3261 0,443964.989 4477620.4094 0,443958.989 4477627.0761 0))",2700507,Verde,Batería,7
"MULTILINESTRING Z ((444994.1557 4476263.9927 0,444977.739 4476290.2427 0))",2700516,Verde,Línea,6
"MULTILINESTRING Z ((441653.0723 4476604.6594 0,441655.739 4476610.2427 0))",2700520,Verde,Línea,1
"MULTILINESTRING Z ((442522.6834 4476494.0761 0,442518.4612 4476435.5205 0))",2700529,Verde,Batería,20
"MULTILINESTRING Z ((444696.8223 4475448.6594 0,444697.239 4475452.4094 0))",2700534,Verde,Línea,1
"MULTILINESTRING Z ((442877.1557 4477777.9094 0,442892.739 4477780.4927 0))",2700535,Azul,Batería,6
"MULTILINESTRING Z ((441371.2575 4480136.3785 0,441375.381 4480144.9958 0))",2700612,Verde,Línea,2
"MULTILINESTRING Z ((441478.8871 4480362.9464 0,441487.5538 4480381.5143 0))",2700613,Verde,Línea,4
"MULTILINESTRING Z ((442231.4057 4477918.3261 0,442227.0723 4477920.4094 0))",2700627,Verde,Batería,1
"MULTILINESTRING Z ((440810.8131 4481859.6872 0,440806.4427 4481867.2427 0))",2700628,Verde,Batería,5
"MULTILINESTRING Z ((442295.239 4478124.6594 0,442329.1557 4478124.1594 0))",2700681,Verde,Línea,7
"MULTILINESTRING Z ((442275.9057 4478124.9094 0,442280.9057 4478124.9094 0))",2700684,Verde,Línea,1
"MULTILINESTRING Z ((441390.1135 4480075.9506 0,441395.2603 4480086.7379 0))",2700685,Verde,Línea,2
"MULTILINESTRING Z ((441175.9983 4480103.539 0,441222.6402 4480061.2674 0))",2700687,Verde,Línea,13
"MULTILINESTRING Z ((439566.9983 4476952.4279 0,439567.7807 4476964.9511 0))",2700693,Azul,Línea,2
"MULTILINESTRING Z ((439562.9859 4476952.1645 0,439561.2575 4476927.0946 0))",2700695,Azul,Línea,5
"MULTILINESTRING Z ((442175.9057 4477553.6594 0,442174.989 4477551.8261 0,442172.3223 4477549.3261 0))",2700701,Azul,Línea,1
"MULTILINESTRING Z ((441293.5374 4480115.7201 0,441303.6937 4480111.0287 0))",2700703,Verde,Línea,2
"MULTILINESTRING Z ((441140.7884 4479831.2921 0,441162.097 4479829.9341 0))",2700705,Verde,Línea,4
"MULTILINESTRING Z ((439699.489 4472444.8261 0,439724.3223 4472480.3261 0))",2700756,Verde,Línea,9
"MULTILINESTRING Z ((438010.4057 4473423.9927 0,438047.739 4473415.9927 0))",2700758,Verde,Batería,14
"MULTILINESTRING Z ((440938.8223 4474733.9927 0,440974.239 4474733.4094 0))",2700759,Verde,Línea,7
"MULTILINESTRING Z ((440934.989 4474734.3261 0,440925.5723 4474734.5761 0))",2700761,Verde,Línea,2
"MULTILINESTRING Z ((440893.489 4474736.2427 0,440905.0723 4474734.5761 0))",2700762,Verde,Línea,2
"MULTILINESTRING Z ((444090.989 4475667.6594 0,444091.1557 4475676.4927 0))",2700787,Verde,Línea,1
"MULTILINESTRING Z ((444066.5723 4475695.4094 0,444071.0168 4475695.2983 0))",2700788,Verde,Línea,1
"MULTILINESTRING Z ((444046.989 4475767.4094 0,444046.989 4475773.3261 0,444047.3223 4475774.6594 0,444048.5723 4475776.3261 0,444049.4057 4475777.1594 0,444051.3223 4475777.6594 0,444058.0723 4475777.9094 0))",2700790,Verde,Línea,4
"MULTILINESTRING Z ((444174.6557 4475274.6594 0,444174.8223 4475295.4927 0))",2700791,Verde,Línea,4
"MULTILINESTRING Z ((444469.4057 4475547.6594 0,444468.739 4475569.6594 0))",2700793,Verde,Línea,4
"MULTILINESTRING Z ((444462.239 4475549.1594 0,444462.5723 4475536.3261 0))",2700796,Verde,Línea,3
"MULTILINESTRING Z ((444536.4057 4475338.3261 0,444533.3223 4475335.5761 0))",2700800,Verde,Línea,1
"MULTILINESTRING Z ((444274.6557 4475538.1594 0,444277.0723 4475535.9927 0,444281.3223 4475533.4094 0,444284.239 4475531.8261 0,444288.9057 4475530.0761 0,444292.6557 4475528.9927 0,444305.739 4475527.4094 0))",2700801,Verde,Línea,7
"MULTILINESTRING Z ((444316.9057 4475534.3261 0,444328.239 4475533.2427 0,444341.8223 4475532.4927 0,444345.4057 4475532.9094 0,444348.8223 4475533.5761 0,444350.1557 4475533.9094 0))",2700802,Verde,Línea,7
"MULTILINESTRING Z ((444364.739 4475563.0761 0,444360.6557 4475546.4094 0,444358.739 4475541.6594 0,444355.8223 4475537.0761 0,444354.1557 4475535.6594 0,444352.6557 4475535.0761 0))",2700803,Verde,Línea,7
"MULTILINESTRING Z ((444199.4057 4475358.4094 0,444214.0723 4475358.4927 0))",2700812,Verde,Línea,3
"MULTILINESTRING Z ((444446.989 4475765.9094 0,444468.9057 4475771.5761 0))",2700813,Azul,Línea,5
"MULTILINESTRING Z ((444473.8223 4475772.9094 0,444500.489 4475780.0761 0))",2700814,Azul,Línea,6
"MULTILINESTRING Z ((444472.6557 4475779.9094 0,444498.4057 4475786.9094 0))",2700815,Verde,Línea,6
"MULTILINESTRING Z ((444449.5723 4475773.7427 0,444467.6557 4475778.6594 0))",2700819,Verde,Línea,4
"MULTILINESTRING Z ((444467.9057 4475588.9927 0,444469.8223 4475602.7427 0))",2700821,Verde,Línea,3
"MULTILINESTRING Z ((444255.989 4475677.5761 0,444271.989 4475668.7427 0))",2700829,Verde,Línea,4
"MULTILINESTRING Z ((444187.739 4475641.3261 0,444187.8223 4475650.8261 0))",2700833,Verde,Línea,2
"MULTILINESTRING Z ((444443.1557 4475900.8261 0,444441.489 4475911.3261 0))",2700837,Azul,Línea,2
"MULTILINESTRING Z ((444234.5723 4475856.9094 0,444232.8223 4475866.4094 0))",2700856,Azul,Línea,2
"MULTILINESTRING Z ((444225.5723 4475836.6594 0,444220.0723 4475867.4927 0))",2700857,Verde,Línea,7
"MULTILINESTRING Z ((444843.8223 4475960.2427 0,444851.6557 4475914.3261 0))",2700858,Verde,Línea,7
"MULTILINESTRING Z ((444684.489 4475877.4094 0,444682.989 4475885.8261 0))",2700859,Verde,Línea,2
"MULTILINESTRING Z ((444576.9057 4475839.8261 0,444595.3223 4475842.9094 0))",2700863,Verde,Línea,4
"MULTILINESTRING Z ((444571.989 4475838.9927 0,444548.739 4475835.3261 0))",2700865,Verde,Línea,5
"MULTILINESTRING Z ((444992.739 4476018.6594 0,445008.0723 4476021.2427 0))",2700866,Azul,Línea,3
"MULTILINESTRING Z ((445022.739 4476008.2427 0,445018.4057 4476015.4094 0))",2700867,Verde,Batería,3
"MULTILINESTRING Z ((444979.3223 4475976.3261 0,444990.3223 4475948.4927 0))",2700868,Verde,Batería,13
"MULTILINESTRING Z ((439454.5538 4478719.539 0,439475.9242 4478727.465 0))",2700870,Verde,Batería,9
"MULTILINESTRING Z ((439492.9612 4478665.1872 0,439497.8501 4478663.2983 0))",2700871,Verde,Línea,1
"MULTILINESTRING Z ((439503.739 4478660.6872 0,439499.0723 4478662.7427 0))",2700872,Verde,Línea,1
"MULTILINESTRING Z ((439539.2946 4478672.7983 0,439549.1279 4478676.2983 0))",2700873,Verde,Batería,4
"MULTILINESTRING Z ((439505.5723 4478660.7983 0,439520.1834 4478665.9094 0))",2700875,Verde,Batería,6
"MULTILINESTRING Z ((444972.0723 4475640.3261 0,444970.739 4475649.9927 0))",2700881,Verde,Línea,2
"MULTILINESTRING Z ((445184.1557 4475594.3261 0,445168.9057 4475591.9927 0))",2700884,Azul,Línea,3
"MULTILINESTRING Z ((445148.739 4475656.8261 0,445134.4057 4475654.5761 0))",2700887,Verde,Línea,3
"MULTILINESTRING Z ((439517.5209 4478655.2757 0,439533.06 4478660.8724 0))",2700891,Verde,Línea,3
"MULTILINESTRING Z ((439588.6402 4478677.3662 0,439590.4921 4478677.0452 0,439595.6773 4478675.4156 0))",2700892,Verde,Línea,1
"MULTILINESTRING Z ((439534.6402 4478661.465 0,439553.8007 4478668.4279 0))",2700893,Verde,Línea,4
"MULTILINESTRING Z ((439555.0847 4478668.8724 0,439563.5291 4478671.8847 0,439573.06 4478675.6625 0,439575.8748 4478676.6008 0,439578.5662 4478677.218 0,439581.4797 4478677.6131 0,439583.3316 4478677.7119 0,439586.5415 4478677.6131 0))",2700894,Verde,Línea,6
"MULTILINESTRING Z ((445133.5723 4475744.6594 0,445135.6557 4475731.9927 0))",2700902,Verde,Línea,2
"MULTILINESTRING Z ((444530.739 4475118.9094 0,444508.739 4475142.6594 0))",2700906,Verde,Línea,7
"MULTILINESTRING Z ((444484.5723 4475168.7427 0,444472.4057 4475181.7427 0))",2700913,Verde,Línea,4
"MULTILINESTRING Z ((444507.6557 4475209.5761 0,444501.5723 4475216.5761 0))",2700924,Verde,Línea,2
"MULTILINESTRING Z ((444553.739 4475232.6594 0,444572.6557 4475211.3261 0))",2700926,Verde,Línea,6
"MULTILINESTRING Z ((444215.9057 4475138.9927 0,444284.0723 4475165.3261 0))",2700931,Verde,Línea,15
"MULTILINESTRING Z ((444293.1557 4475157.1594 0,444303.239 4475161.0761 0))",2700933,Verde,Batería,3
"MULTILINESTRING Z ((444416.4057 4475167.7427 0,444403.489 4475181.5761 0))",2700934,Verde,Línea,4
"MULTILINESTRING Z ((444189.9057 4475328.1594 0,444189.8223 4475320.8261 0))",2700935,Verde,Batería,2
"MULTILINESTRING Z ((444549.8131 4475268.8724 0,444557.4057 4475275.5761 0))",2700936,Verde,Línea,2
"MULTILINESTRING Z ((444560.7946 4475278.465 0,444573.2946 4475289.6872 0))",2700938,Verde,Línea,4
"MULTILINESTRING Z ((444506.989 4475285.3261 0,444504.989 4475287.8261 0))",2700939,Verde,Línea,1
"MULTILINESTRING Z ((444477.239 4475270.7427 0,444498.3223 4475289.9927 0))",2700942,Verde,Línea,6
"MULTILINESTRING Z ((444466.6834 4475240.9094 0,444468.1279 4475253.2427 0))",2700943,Verde,Línea,3
"MULTILINESTRING Z ((444430.0723 4475238.1316 0,444452.7946 4475258.7983 0))",2700947,Verde,Línea,6
"MULTILINESTRING Z ((444386.8223 4475314.2427 0,444380.8223 4475308.2427 0,444374.4057 4475302.3261 0,444368.6557 4475297.4094 0))",2700953,Verde,Línea,5
"MULTILINESTRING Z ((438942.4057 4473445.3261 0,438942.7807 4473459.0761 0))",2700962,Verde,Línea,2
"MULTILINESTRING Z ((440401.239 4472479.4927 0,440403.1557 4472473.2427 0,440414.489 4472452.4094 0))",2700966,Verde,Línea,6
"MULTILINESTRING Z ((440400.239 4472339.4094 0,440411.739 4472317.9927 0))",2700969,Verde,Línea,5
"MULTILINESTRING Z ((440413.8223 4472313.9094 0,440416.0723 4472309.9094 0))",2700970,Verde,Línea,1
"MULTILINESTRING Z ((440417.9057 4472306.4094 0,440422.489 4472297.7427 0))",2700971,Verde,Línea,2
"MULTILINESTRING Z ((440333.5723 4472885.6594 0,440345.989 4472864.3261 0))",2700972,Verde,Línea,5
"MULTILINESTRING Z ((440000.3223 4472432.1594 0,440002.989 4472430.3261 0))",2700978,Verde,Batería,1
"MULTILINESTRING Z ((444561.4057 4475347.9094 0,444566.239 4475352.1594 0))",2700983,Verde,Línea,1
"MULTILINESTRING Z ((439984.989 4472442.3261 0,439988.0723 4472440.3261 0))",2700984,Verde,Batería,2
"MULTILINESTRING Z ((440931.5307 4476430.2011 0,440927.5307 4476363.9511 0))",2700985,Verde,Línea,15
"MULTILINESTRING Z ((440930.739 4476332.9094 0,440928.9057 4476299.2427 0))",2700987,Verde,Línea,6
"MULTILINESTRING Z ((444570.0723 4475355.8261 0,444574.5723 4475359.8261 0,444579.739 4475362.4094 0,444587.739 4475364.9094 0,444594.5723 4475365.5761 0,444602.489 4475364.9927 0,444610.239 4475362.3261 0,444615.739 4475359.3261 0,444620.989 4475355.5761 0))",2700988,Verde,Línea,10
"MULTILINESTRING Z ((438857.1557 4473741.2427 0,438828.9057 4473740.6594 0))",2700991,Verde,Batería,9
"MULTILINESTRING Z ((439654.9096 4475128.2319 0,439676.7697 4475142.1428 0))",2700993,Verde,Línea,5
"MULTILINESTRING Z ((438926.8223 4473738.5761 0,438921.8223 4473738.4927 0))",2700997,Verde,Línea,1
"MULTILINESTRING Z ((444828.489 4475453.3261 0,444836.3223 4475445.6594 0))",2700999,Verde,Línea,2
"MULTILINESTRING Z ((444821.239 4475349.1594 0,444832.989 4475360.2427 0))",2701006,Azul,Batería,5
"MULTILINESTRING Z ((444801.6557 4475354.4927 0,444789.489 4475342.9094 0))",2701014,Verde,Batería,5
"MULTILINESTRING Z ((444958.739 4475372.4927 0,444946.3223 4475369.7427 0,444935.0723 4475367.4927 0))",2701015,Verde,Línea,5
"MULTILINESTRING Z ((444925.3223 4475365.4927 0,444931.489 4475366.4927 0))",2701016,Verde,Línea,1
"MULTILINESTRING Z ((444927.489 4475350.7427 0,444940.3223 4475352.6594 0,444943.8223 4475352.9927 0,444945.5723 4475353.8261 0,444949.0723 4475355.3261 0,444951.0723 4475356.0761 0,444970.739 4475359.6594 0))",2701018,Verde,Línea,9
"MULTILINESTRING Z ((445084.8223 4475457.6594 0,445084.1557 4475462.9094 0))",2701019,Verde,Línea,1
"MULTILINESTRING Z ((445076.8223 4475510.1594 0,445074.1557 4475527.9094 0))",2701021,Verde,Línea,3
"MULTILINESTRING Z ((444915.4057 4475210.1594 0,444929.739 4475223.9094 0))",2701022,Verde,Batería,7
"MULTILINESTRING Z ((444890.6557 4475186.0761 0,444913.0723 4475207.7427 0))",2701023,Verde,Batería,12
"MULTILINESTRING Z ((444790.739 4475212.1594 0,444809.6557 4475230.3261 0))",2701028,Verde,Línea,5
"MULTILINESTRING Z ((444791.4057 4475231.4927 0,444794.989 4475234.9094 0))",2701039,Verde,Batería,1
"MULTILINESTRING Z ((444748.989 4475187.4094 0,444730.4057 4475169.4927 0))",2701041,Verde,Línea,5
"MULTILINESTRING Z ((444710.4057 4475150.1594 0,444728.8223 4475167.9094 0))",2701042,Verde,Línea,5
"MULTILINESTRING Z ((444698.739 4475138.9094 0,444684.489 4475125.1594 0))",2701064,Verde,Línea,4
"MULTILINESTRING Z ((444596.1557 4475184.9094 0,444588.1557 4475193.8261 0))",2701095,Verde,Línea,3
"MULTILINESTRING Z ((444625.4057 4475336.2427 0,444602.489 4475315.8261 0,444601.9057 4475315.4094 0))",2701111,Verde,Línea,6
"MULTILINESTRING Z ((444584.0845 4475299.2698 0,444595.0845 4475309.1587 0))",2701126,Verde,Línea,3
"MULTILINESTRING Z ((441456.239 4471174.2427 0,441466.4057 4471150.4094 0))",2701127,Alta Rotación,Línea,5
"MULTILINESTRING Z ((441469.5723 4471143.0761 0,441473.239 4471134.4927 0))",2701128,Verde,Línea,2
"MULTILINESTRING Z ((444674.4057 4475298.5761 0,444662.1557 4475311.6594 0))",2701131,Verde,Línea,4
"MULTILINESTRING Z ((444676.989 4475310.4094 0,444650.8223 4475338.1594 0))",2701134,Verde,Línea,8
"MULTILINESTRING Z ((439479.489 4475504.6594 0,439494.4057 4475532.2427 0))",2701135,Verde,Línea,6
"MULTILINESTRING Z ((444653.8223 4474881.7427 0,444648.6557 4474868.5761 0,444648.4057 4474867.5761 0))",2701145,Verde,Línea,3
"MULTILINESTRING Z ((444600.739 4474946.9927 0,444605.3223 4474951.3261 0))",2701147,Verde,Batería,2
"MULTILINESTRING Z ((444720.489 4474978.7427 0,444739.4057 4474997.0761 0))",2701153,Verde,Línea,6
"MULTILINESTRING Z ((444777.1557 4475006.9927 0,444772.3223 4474995.8261 0))",2701154,Verde,Línea,2
"MULTILINESTRING Z ((444769.0723 4474988.2427 0,444771.3223 4474993.4927 0))",2701157,Verde,Línea,1
"MULTILINESTRING Z ((444819.9057 4474995.6594 0,444837.239 4474988.4927 0))",2701159,Verde,Línea,4
"MULTILINESTRING Z ((444841.8223 4475014.1594 0,444841.4057 4475015.2427 0,444842.989 4475019.3261 0,444862.4057 4475063.8261 0))",2701160,Verde,Línea,12
"MULTILINESTRING Z ((441806.9057 4475611.4927 0,441805.9057 4475601.1594 0))",2701162,Azul,Línea,2
"MULTILINESTRING Z ((440393.6557 4476550.4094 0,440393.239 4476543.9094 0))",2701163,Verde,Línea,1
"MULTILINESTRING Z ((440469.7946 4472350.2427 0,440473.8501 4472342.4094 0))",2701164,Verde,Línea,2
"MULTILINESTRING Z ((441082.3223 4471016.0761 0,441100.489 4470996.1594 0))",2701168,Verde,Línea,5
"MULTILINESTRING Z ((440956.989 4472790.2427 0,440955.5723 4472776.7427 0))",2701169,Verde,Línea,3
"MULTILINESTRING Z ((440953.489 4472755.5761 0,440954.1557 4472761.8261 0))",2701170,Verde,Línea,1
"MULTILINESTRING Z ((444241.1557 4475005.1594 0,444235.989 4475018.7427 0))",2701171,Verde,Línea,3
"MULTILINESTRING Z ((444279.989 4474917.9927 0,444272.489 4474927.7427 0,444266.989 4474935.2427 0,444261.8223 4474943.1594 0,444255.0723 4474953.9094 0,444252.1557 4474958.2427 0))",2701176,Verde,Línea,10
"MULTILINESTRING Z ((444314.489 4474910.1594 0,444333.0723 4474927.5761 0))",2701177,Verde,Línea,5
"MULTILINESTRING Z ((444422.989 4475031.4094 0,444412.8223 4475042.4927 0))",2701181,Verde,Línea,3
"MULTILINESTRING Z ((444410.739 4475044.4927 0,444401.1557 4475054.9094 0))",2701184,Verde,Línea,3
"MULTILINESTRING Z ((444458.239 4474894.4927 0,444465.6557 4474901.6594 0))",2701189,Verde,Línea,3
"MULTILINESTRING Z ((444399.3223 4474790.5761 0,444393.239 4474797.0761 0))",2701197,Verde,Línea,2
"MULTILINESTRING Z ((444405.4057 4474784.0761 0,444401.739 4474787.9927 0))",2701199,Verde,Línea,1
"MULTILINESTRING Z ((444761.1462 4474693.9776 0,444746.707 4474696.8517 0))",2701204,Verde,Batería,6
"MULTILINESTRING Z ((444660.4824 4474677.0064 0,444658.5663 4474675.2956 0,444656.787 4474673.311 0,444656.0343 4474672.6951 0))",2701222,Verde,Línea,1
"MULTILINESTRING Z ((444623.989 4474787.3261 0,444631.8223 4474785.5761 0,444636.6557 4474784.8261 0))",2701239,Verde,Línea,3
"MULTILINESTRING Z ((444921.739 4475627.3261 0,444934.9057 4475629.5761 0))",2701245,Verde,Línea,3
"MULTILINESTRING Z ((444920.9057 4475629.1594 0,444914.9057 4475628.2427 0))",2701246,Verde,Línea,1
"MULTILINESTRING Z ((444873.989 4475777.9927 0,444872.4057 4475787.4927 0))",2701249,Verde,Línea,2
"MULTILINESTRING Z ((444845.239 4475730.0761 0,444853.1557 4475731.2427 0))",2701251,Verde,Línea,2
"MULTILINESTRING Z ((444846.4057 4475799.4927 0,444855.8223 4475799.4927 0))",2701286,Verde,Batería,3
"MULTILINESTRING Z ((444820.989 4475799.6594 0,444839.239 4475799.5761 0))",2701287,Verde,Batería,6
"MULTILINESTRING Z ((444730.9057 4475693.2427 0,444746.239 4475711.7427 0))",2701291,Verde,Línea,5
"MULTILINESTRING Z ((444696.489 4475678.2427 0,444675.739 4475683.5761 0))",2701294,Verde,Línea,4
"MULTILINESTRING Z ((444703.739 4475788.7427 0,444744.5723 4475795.9094 0))",2701295,Verde,Batería,13
"MULTILINESTRING Z ((444679.989 4475796.9927 0,444667.489 4475794.9094 0))",2701303,Verde,Línea,3
"MULTILINESTRING Z ((444757.989 4474467.5761 0,444753.9057 4474469.9927 0,444739.4057 4474477.4094 0,444730.1557 4474482.5761 0,444714.6557 4474491.9094 0,444702.989 4474499.1594 0,444701.8223 4474499.5761 0,444700.8223 4474499.6594 0,444697.4057 4474499.0761 0))",2701319,Verde,Línea,15
"MULTILINESTRING Z ((444100.989 4475838.5761 0,444088.6557 4475845.7427 0))",2701326,Verde,Línea,3
"MULTILINESTRING Z ((444120.239 4475827.7427 0,444108.1557 4475834.2427 0))",2701327,Verde,Línea,3
"MULTILINESTRING Z ((444088.5168 4475376.9094 0,444088.739 4475393.7983 0))",2701332,Verde,Línea,3
"MULTILINESTRING Z ((444088.8223 4475401.7427 0,444088.8223 4475425.5761 0))",2701334,Verde,Línea,5
"MULTILINESTRING Z ((444088.989 4475442.9094 0,444088.8223 4475429.1594 0))",2701335,Verde,Línea,2
"MULTILINESTRING Z ((444089.201 4475476.4524 0,444089.201 4475462.9808 0))",2701339,Verde,Línea,2
"MULTILINESTRING Z ((444089.4179 4475512.1587 0,444089.0845 4475480.242 0))",2701344,Verde,Línea,6
"MULTILINESTRING Z ((440695.739 4472387.5761 0,440716.6557 4472347.4927 0))",2701346,Azul,Línea,8
"MULTILINESTRING Z ((440695.6557 4472387.7427 0,440688.9057 4472400.9927 0))",2701347,Azul,Línea,3
"MULTILINESTRING Z ((442409.4057 4477609.7011 0,442423.1557 4477637.3261 0))",2701375,Verde,Línea,7
"MULTILINESTRING Z ((440855.5723 4474613.3261 0,440871.239 4474613.7427 0))",2701377,Verde,Línea,3
"MULTILINESTRING Z ((442429.739 4477707.4927 0,442440.6557 4477671.4094 0,442440.739 4477668.5761 0,442439.6557 4477664.9927 0,442430.4057 4477645.9094 0))",2701388,Azul,Línea,15
"MULTILINESTRING Z ((442487.9057 4477671.9094 0,442486.4057 4477655.8261 0))",2701394,Azul,Línea,3
"MULTILINESTRING Z ((442416.5307 4477718.9511 0,442426.0307 4477685.9511 0))",2701399,Verde,Línea,7
"MULTILINESTRING Z ((437563.8946 4473690.0761 0,437569.0417 4473692.3739 0))",2701435,Verde,Línea,1
"MULTILINESTRING Z ((437881.4612 4473487.965 0,437885.0168 4473492.6316 0))",2701436,Verde,Línea,1
"MULTILINESTRING Z ((437574.2807 4473694.8555 0,437583.1961 4473698.9915 0))",2701437,Verde,Línea,2
"MULTILINESTRING Z ((437050.9166 4472950.6904 0,437046.1276 4472951.4387 0))",2701438,Verde,Línea,1
"MULTILINESTRING Z ((445006.8223 4476148.4094 0,445035.5723 4476166.4094 0))",2701440,Verde,Batería,11
"MULTILINESTRING Z ((445009.1557 4476139.5761 0,445006.989 4476143.3261 0))",2701441,Verde,Línea,1
"MULTILINESTRING Z ((445017.6557 4476108.3261 0,445021.8223 4476110.9094 0))",2701442,Verde,Línea,1
"MULTILINESTRING Z ((445007.5723 4476101.9927 0,445015.6557 4476107.0761 0))",2701443,Verde,Línea,2
"MULTILINESTRING Z ((444996.8223 4476095.1594 0,445005.239 4476100.3261 0))",2701444,Verde,Línea,2
"MULTILINESTRING Z ((444986.489 4476088.7427 0,444994.739 4476093.9094 0))",2701445,Verde,Línea,2
"MULTILINESTRING Z ((444983.989 4476069.1594 0,444982.239 4476079.0761 0))",2701448,Verde,Línea,2
"MULTILINESTRING Z ((444985.989 4476057.1594 0,444984.4057 4476066.9927 0))",2701449,Verde,Línea,2
"MULTILINESTRING Z ((444988.239 4476044.6594 0,444986.6557 4476054.4094 0))",2701450,Verde,Línea,2
"MULTILINESTRING Z ((444949.5723 4476111.0761 0,444948.0723 4476120.1594 0))",2701455,Verde,Línea,2
"MULTILINESTRING Z ((444945.489 4476136.3261 0,444947.3223 4476125.4094 0))",2701456,Verde,Línea,2
"MULTILINESTRING Z ((444097.0307 4475445.7011 0,444096.4057 4475381.2011 0))",2701461,Verde,Línea,13
"MULTILINESTRING Z ((444096.9057 4475450.0761 0,444097.7807 4475514.2011 0))",2701462,Verde,Línea,14
"MULTILINESTRING Z ((442294.739 4477467.1594 0,442279.1557 4477478.4094 0))",2701491,Verde,Línea,4
"MULTILINESTRING Z ((442300.8223 4477552.3261 0,442303.0723 4477555.7427 0,442317.3223 4477571.5761 0))",2701494,Verde,Línea,5
"MULTILINESTRING Z ((442289.6557 4477423.7427 0,442289.489 4477427.3261 0,442289.8223 4477432.6594 0))",2701498,Verde,Línea,2
"MULTILINESTRING Z ((442380.739 4477366.9094 0,442388.0723 4477374.5761 0))",2701499,Verde,Línea,2
"MULTILINESTRING Z ((442310.989 4477360.0761 0,442313.0723 4477363.9094 0,442314.8223 4477365.9927 0))",2701501,Verde,Línea,2
"MULTILINESTRING Z ((442254.8223 4477399.9094 0,442264.239 4477411.2427 0,442281.1557 4477434.2427 0))",2701505,Verde,Línea,9
"MULTILINESTRING Z ((442561.989 4474977.8261 0,442615.4057 4474974.5761 0))",2701509,Verde,Línea,12
"MULTILINESTRING Z ((442417.9057 4477281.9094 0,442420.4057 4477284.4927 0))",2701510,Azul,Línea,1
"MULTILINESTRING Z ((442360.989 4477265.3261 0,442358.0723 4477268.2427 0))",2701511,Verde,Línea,1
"MULTILINESTRING Z ((442355.4057 4477270.9094 0,442349.3223 4477276.9094 0))",2701512,Verde,Línea,2
"MULTILINESTRING Z ((442364.6557 4477239.9094 0,442370.489 4477246.0761 0))",2701513,Verde,Línea,2
"MULTILINESTRING Z ((443051.6557 4478557.8261 0,443028.989 4478550.6594 0,443024.989 4478549.5761 0,443022.1557 4478549.0761 0,443008.989 4478549.2427 0))",2701520,Verde,Línea,9
"MULTILINESTRING Z ((442233.3223 4477290.4927 0,442236.5723 4477294.0761 0))",2701523,Verde,Línea,1
"MULTILINESTRING Z ((442235.4057 4477295.4094 0,442236.5723 4477297.1594 0,442238.9057 4477299.0761 0))",2701524,Verde,Línea,1
"MULTILINESTRING Z ((442303.489 4477312.8261 0,442299.4057 4477313.7427 0))",2701529,Verde,Línea,1
"MULTILINESTRING Z ((442281.739 4477314.3261 0,442286.489 4477314.3261 0))",2701530,Verde,Línea,1
"MULTILINESTRING Z ((442256.1557 4477309.0761 0,442264.239 4477311.5761 0,442266.9057 4477312.3261 0,442271.6557 4477313.4927 0,442274.9057 4477314.0761 0,442277.3223 4477314.4094 0))",2701533,Verde,Línea,5
"MULTILINESTRING Z ((442162.8223 4477443.9094 0,442150.739 4477453.8261 0))",2701535,Verde,Línea,4
"MULTILINESTRING Z ((442420.0723 4476921.4094 0,442415.1557 4476872.0761 0))",2701537,Azul,Línea,10
"MULTILINESTRING Z ((442356.5723 4477055.4094 0,442348.6557 4477062.7427 0))",2701541,Verde,Línea,2
"MULTILINESTRING Z ((442362.4057 4477050.0761 0,442365.739 4477046.8261 0))",2701546,Verde,Línea,1
"MULTILINESTRING Z ((442248.4057 4477106.8261 0,442259.4057 4477118.0761 0))",2701560,Verde,Línea,3
"MULTILINESTRING Z ((442131.4057 4477141.6594 0,442140.1557 4477140.9927 0))",2701567,Verde,Línea,2
"MULTILINESTRING Z ((442188.739 4477059.4094 0,442195.5723 4477066.1594 0))",2701572,Verde,Línea,2
"MULTILINESTRING Z ((442183.989 4477054.5761 0,442180.239 4477050.8261 0))",2701574,Verde,Línea,1
"MULTILINESTRING Z ((442210.9057 4477082.0761 0,442217.489 4477088.8261 0))",2701575,Verde,Línea,2
"MULTILINESTRING Z ((442219.3223 4477090.8261 0,442223.239 4477094.5761 0))",2701576,Verde,Línea,1
"MULTILINESTRING Z ((442177.9057 4477353.5761 0,442175.6557 4477356.7427 0))",2701583,Verde,Línea,1
"MULTILINESTRING Z ((442184.0723 4477344.8261 0,442181.9057 4477348.2427 0))",2701584,Verde,Línea,1
"MULTILINESTRING Z ((442187.989 4477339.5761 0,442185.8223 4477342.9094 0))",2701585,Verde,Línea,1
"MULTILINESTRING Z ((442189.0723 4477338.3261 0,442191.4057 4477334.8261 0))",2701586,Verde,Línea,1
"MULTILINESTRING Z ((442195.239 4477329.6594 0,442192.6557 4477333.0761 0))",2701587,Verde,Línea,1
"MULTILINESTRING Z ((442199.0723 4477323.9927 0,442196.6557 4477327.6594 0))",2701588,Verde,Línea,1
"MULTILINESTRING Z ((442202.989 4477318.7427 0,442200.4057 4477322.0761 0))",2701589,Verde,Línea,1
"MULTILINESTRING Z ((442208.9057 4477309.1594 0,442206.6557 4477312.7427 0))",2701590,Verde,Línea,1
"MULTILINESTRING Z ((442016.1557 4477882.2427 0,442021.489 4477903.1594 0))",2701594,Verde,Línea,4
"MULTILINESTRING Z ((442022.8223 4477908.2427 0,442029.6557 4477935.7427 0))",2701595,Verde,Línea,6
"MULTILINESTRING Z ((444114.9057 4475310.7427 0,444113.0723 4475312.9927 0))",2701601,Verde,Batería,1
"MULTILINESTRING Z ((441654.3223 4477354.8261 0,441703.989 4477352.4094 0))",2701606,Verde,Línea,10
"MULTILINESTRING Z ((441568.9057 4477208.3261 0,441545.989 4477210.2427 0))",2701609,Verde,Línea,5
"MULTILINESTRING Z ((442181.0723 4477040.9094 0,442183.9057 4477043.7427 0))",2701610,Verde,Línea,1
"MULTILINESTRING Z ((442185.6557 4477045.6594 0,442192.1557 4477052.4094 0))",2701611,Verde,Línea,2
"MULTILINESTRING Z ((442193.989 4477054.2427 0,442200.739 4477061.0761 0))",2701612,Verde,Línea,2
"MULTILINESTRING Z ((442224.739 4477085.4927 0,442231.489 4477092.4927 0))",2701613,Verde,Línea,2
"MULTILINESTRING Z ((442216.3223 4477076.9094 0,442222.989 4477083.5761 0))",2701614,Verde,Línea,2
"MULTILINESTRING Z ((442134.239 4476710.9094 0,442197.6557 4476699.4094 0))",2701643,Verde,Línea,15
"MULTILINESTRING Z ((442199.4057 4476824.5761 0,442214.489 4476835.2427 0))",2701650,Azul,Línea,3
"MULTILINESTRING Z ((442179.8223 4476875.7427 0,442228.239 4476873.5761 0))",2701652,Verde,Batería,17
"MULTILINESTRING Z ((441872.0723 4477038.0761 0,441880.9057 4477037.4927 0))",2701654,Verde,Línea,2
"MULTILINESTRING Z ((441990.3223 4476950.2427 0,441994.4057 4476957.4927 0))",2701659,Verde,Línea,2
"MULTILINESTRING Z ((441833.489 4477009.3261 0,441834.739 4477029.4927 0))",2701660,Verde,Línea,4
"MULTILINESTRING Z ((442080.4057 4476913.2427 0,442081.4057 4476926.6594 0))",2701661,Verde,Línea,2
"MULTILINESTRING Z ((441979.5723 4476907.0761 0,441980.489 4476904.9094 0,441981.9057 4476903.0761 0,441983.6557 4476902.1594 0,442011.4057 4476890.5761 0))",2701663,Verde,Línea,7
"MULTILINESTRING Z ((441833.0723 4472428.2427 0,441837.1557 4472423.5761 0))",2701665,Verde,Línea,1
"MULTILINESTRING Z ((441842.4057 4472417.6594 0,441850.9057 4472407.8261 0))",2701666,Verde,Línea,3
"MULTILINESTRING Z ((442554.239 4472733.4094 0,442522.0723 4472684.8261 0))",2701668,Verde,Batería,21
"MULTILINESTRING Z ((442534.0858 4472709.4703 0,442522.8801 4472692.8439 0))",2701670,Verde,Línea,4
"MULTILINESTRING Z ((441099.239 4472262.6594 0,441094.739 4472212.6594 0))",2701673,Azul,Línea,12
"MULTILINESTRING Z ((440367.239 4472695.7427 0,440385.989 4472663.1594 0))",2701674,Verde,Línea,8
"MULTILINESTRING Z ((441692.9654 4476701.9869 0,441695.4426 4476714.6409 0,441697.1164 4476724.0812 0,441696.9825 4476725.5541 0,441696.246 4476727.4288 0,441695.1748 4476729.0356 0))",2701676,Verde,Línea,6
"MULTILINESTRING Z ((439048.3451 4473076.1055 0,439060.5488 4473059.512 0,439073.1914 4473044.85 0,439092.0676 4473025.008 0,439110.3293 4473008.7657 0,439134.5611 4472988.9237 0,439153.4373 4472975.4031 0,439157.8271 4472973.735 0,439160.9878 4472973.5594 0,439163.9728 4472973.5594 0,439167.7481 4472974.5252 0))",2701678,Azul,Línea,30
"MULTILINESTRING Z ((439175.2986 4472976.3689 0,439200.3205 4472982.9536 0))",2701679,Azul,Batería,5
"MULTILINESTRING Z ((441568.568 4476627.6698 0,441569.7061 4476643.2697 0,441570.3087 4476656.4593 0,441570.3087 4476670.2515 0,441569.2375 4476687.726 0,441568.3671 4476696.4298 0))",2701680,Azul,Línea,14
"MULTILINESTRING Z ((441567.8984 4476701.6521 0,441566.8941 4476711.5611 0,441571.38 4476716.5825 0))",2701682,Azul,Línea,3
"MULTILINESTRING Z ((441477.5797 4476749.9917 0,441476.3746 4476754.2767 0,441475.1695 4476757.6243 0,441473.2278 4476760.7041 0))",2701684,Verde,Línea,3
"MULTILINESTRING Z ((441483.1557 4477107.8261 0,441477.3223 4477113.4927 0,441472.8223 4477119.2427 0,441468.9057 4477126.4094 0))",2701698,Verde,Línea,4
"MULTILINESTRING Z ((441822.1557 4477059.3261 0,441822.4057 4477062.9927 0))",2701699,Azul,Línea,1
"MULTILINESTRING Z ((441625.9057 4477170.8261 0,441632.739 4477177.1594 0))",2701700,Azul,Línea,2
"MULTILINESTRING Z ((441639.8223 4477212.8261 0,441649.4057 4477212.0761 0))",2701701,Verde,Línea,2
"MULTILINESTRING Z ((441642.239 4477355.5761 0,441649.4057 4477355.1594 0))",2701702,Verde,Línea,2
"MULTILINESTRING Z ((441701.739 4477428.8261 0,441704.489 4477465.4094 0))",2701703,Verde,Línea,8
"MULTILINESTRING Z ((441408.5723 4477338.8261 0,441410.1557 4477360.7427 0))",2701712,Azul,Línea,4
"MULTILINESTRING Z ((441616.489 4476433.2427 0,441627.1557 4476438.8261 0))",2701785,Verde,Línea,2
"MULTILINESTRING Z ((441680.1557 4476475.2427 0,441718.8223 4476495.0761 0))",2701788,Verde,Línea,9
"MULTILINESTRING Z ((441878.1557 4476511.0761 0,441881.239 4476551.4094 0))",2701806,Verde,Línea,8
"MULTILINESTRING Z ((441932.6557 4476395.9094 0,441885.739 4476399.4094 0))",2701814,Verde,Batería,15
"MULTILINESTRING Z ((441896.3223 4476155.0761 0,441869.1557 4476156.9927 0))",2701848,Verde,Batería,10
"MULTILINESTRING Z ((442055.8223 4476036.5761 0,442084.5723 4476034.4927 0))",2701869,Azul,Línea,5
"MULTILINESTRING Z ((442253.739 4476151.9094 0,442254.3223 4476160.3261 0))",2701870,Verde,Línea,2
"MULTILINESTRING Z ((442290.989 4476118.6594 0,442274.5723 4476119.9927 0))",2701879,Verde,Batería,5
"MULTILINESTRING Z ((442270.5723 4476120.2427 0,442267.4057 4476120.4094 0))",2701881,Verde,Batería,1
"MULTILINESTRING Z ((442265.1557 4476321.2427 0,442268.1557 4476364.6594 0))",2701891,Verde,Línea,9
"MULTILINESTRING Z ((442243.5723 4476373.2427 0,442180.239 4476377.9094 0))",2701894,Verde,Batería,22
"MULTILINESTRING Z ((442162.8223 4476279.2427 0,442166.8223 4476330.7427 0))",2701896,Verde,Línea,11
"MULTILINESTRING Z ((443281.3223 4475943.4094 0,443287.9057 4475944.4094 0))",2701901,Azul,Línea,1
"MULTILINESTRING Z ((443055.3223 4475895.9094 0,443096.239 4475901.9927 0))",2701902,Verde,Línea,9
"MULTILINESTRING Z ((443097.6557 4475900.2427 0,443105.989 4475901.2427 0))",2701903,Verde,Línea,2
"MULTILINESTRING Z ((442170.5723 4476398.2427 0,442175.6557 4476461.5761 0,442175.989 4476466.9094 0))",2701907,Verde,Línea,14
"MULTILINESTRING Z ((442176.4057 4476472.8261 0,442177.3223 4476484.4927 0))",2701909,Verde,Línea,2
"MULTILINESTRING Z ((442278.3223 4476345.8261 0,442279.1557 4476359.4927 0))",2701910,Verde,Batería,5
"MULTILINESTRING Z ((442273.739 4476318.0761 0,442275.489 4476345.1594 0))",2701911,Verde,Batería,10
"MULTILINESTRING Z ((442038.0723 4475884.8261 0,442083.0723 4475881.5761 0))",2701916,Verde,Batería,16
"MULTILINESTRING Z ((442089.6557 4475881.0761 0,442119.3223 4475878.9094 0))",2701919,Verde,Batería,10
"MULTILINESTRING Z ((441920.4057 4475906.3261 0,441924.739 4475965.3261 0))",2701920,Verde,Batería,22
"MULTILINESTRING Z ((441910.9057 4475769.7427 0,441914.0723 4475815.2427 0))",2701923,Verde,Batería,16
"MULTILINESTRING Z ((441835.1557 4475780.2427 0,441838.0723 4475823.4094 0))",2701932,Verde,Batería,16
"MULTILINESTRING Z ((442121.1557 4475675.8261 0,442124.3223 4475716.4927 0))",2701940,Verde,Línea,8
"MULTILINESTRING Z ((441908.8223 4475646.9927 0,441909.6557 4475655.8261 0))",2701946,Verde,Línea,2
"MULTILINESTRING Z ((441635.3223 4475980.2427 0,441640.4057 4476005.2427 0))",2701948,Azul,Línea,5
"MULTILINESTRING Z ((443511.489 4478642.2427 0,443527.4057 4478656.8261 0))",2701949,Verde,Línea,4
"MULTILINESTRING Z ((443529.8223 4478659.1594 0,443542.5723 4478671.3261 0))",2701951,Verde,Línea,4
"MULTILINESTRING Z ((439223.1557 4473030.0761 0,439235.1557 4473035.6594 0))",2701975,Verde,Línea,2
"MULTILINESTRING Z ((439220.8223 4473339.4094 0,439230.989 4473333.9094 0))",2701976,Verde,Línea,3
"MULTILINESTRING Z ((439878.0723 4474308.8261 0,439879.6557 4474320.0761 0))",2701977,Verde,Línea,2
"MULTILINESTRING Z ((439884.739 4474355.9094 0,439881.239 4474330.7427 0))",2701979,Verde,Línea,4
"MULTILINESTRING Z ((439371.3223 4473250.4094 0,439386.1557 4473242.1594 0))",2702002,Verde,Línea,3
"MULTILINESTRING Z ((439403.0723 4473232.6594 0,439393.9057 4473237.5761 0))",2702003,Verde,Batería,2
"MULTILINESTRING Z ((438947.6557 4473466.5761 0,438944.0307 4473367.8261 0))",2702007,Verde,Línea,20
"MULTILINESTRING Z ((440214.2946 4479185.7427 0,440225.9057 4479166.2427 0))",2702048,Verde,Línea,4
"MULTILINESTRING Z ((442553.5766 4474107.5199 0,442565.4455 4474110.1676 0))",2702130,Verde,Línea,2
"MULTILINESTRING Z ((442599.7017 4474110.356 0,442612.1938 4474113.3604 0,442625.1602 4474115.0998 0))",2702133,Verde,Línea,4
"MULTILINESTRING Z ((442632.0225 4474123.304 0,442729.0177 4474140.0178 0))",2702134,Verde,Batería,35
"MULTILINESTRING Z ((442700.5219 4474130.7933 0,442676.1361 4474126.592 0))",2702135,Verde,Línea,5
"MULTILINESTRING Z ((442726.1864 4474134.9032 0,442700.6133 4474130.7933 0))",2702140,Verde,Línea,5
"MULTILINESTRING Z ((442745.4575 4474129.0579 0,442745.8229 4474120.1987 0,442746.3709 4474115.9974 0,442747.1929 4474113.2574 0,442748.9282 4474109.8781 0,442751.0288 4474107.3208 0,442760.1621 4474097.8222 0,442764.546 4474091.8856 0,442766.2814 4474087.5016 0,442766.19 4474081.565 0))",2702142,Verde,Línea,10
"MULTILINESTRING Z ((442764.546 4474146.0458 0,442851.2206 4474161.6637 0))",2702143,Verde,Batería,29
"MULTILINESTRING Z ((442875.5151 4474160.659 0,442890.8589 4474163.4903 0))",2702147,Verde,Línea,3
"MULTILINESTRING Z ((442896.2476 4474169.0616 0,442981.1868 4474183.6748 0))",2702148,Verde,Batería,38
"MULTILINESTRING Z ((443006.8513 4474188.3328 0,442985.8448 4474184.8621 0))",2702149,Verde,Batería,9
"MULTILINESTRING Z ((442976.4375 4474178.7428 0,443007.2166 4474183.4921 0))",2702152,Verde,Línea,6
"MULTILINESTRING Z ((442127.2773 4471598.5128 0,442133.0943 4471601.0791 0))",2702158,Azul,Batería,2
"MULTILINESTRING Z ((442134.1208 4471601.7634 0,442139.9377 4471604.5008 0))",2702159,Azul,Batería,2
"MULTILINESTRING Z ((442131.2123 4471591.1561 0,442136.3449 4471593.7224 0))",2702160,Azul,Batería,2
"MULTILINESTRING Z ((442140.9643 4471604.843 0,442146.7812 4471607.5803 0))",2702161,Azul,Batería,2
"MULTILINESTRING Z ((442148.1499 4471608.0936 0,442153.6247 4471610.6599 0))",2702162,Azul,Batería,2
"MULTILINESTRING Z ((442138.0558 4471594.2356 0,442143.3595 4471596.8019 0))",2702163,Azul,Batería,2
"MULTILINESTRING Z ((442144.5571 4471597.3152 0,442150.374 4471599.7104 0))",2702164,Azul,Batería,2
"MULTILINESTRING Z ((442151.7427 4471600.5658 0,442157.0464 4471602.961 0))",2702165,Azul,Batería,2
"MULTILINESTRING Z ((442134.2919 4471584.8259 0,442138.9112 4471587.05 0))",2702166,Azul,Batería,2
"MULTILINESTRING Z ((442141.1353 4471587.5632 0,442146.7812 4471590.3006 0))",2702167,Azul,Batería,2
"MULTILINESTRING Z ((442148.1499 4471590.985 0,442153.2825 4471593.2091 0))",2702168,Azul,Batería,2
"MULTILINESTRING Z ((442154.6512 4471594.4067 0,442159.9549 4471596.6308 0))",2702169,Azul,Batería,2
"MULTILINESTRING Z ((442144.2149 4471580.3776 0,442150.0318 4471583.2861 0))",2702170,Azul,Batería,2
"MULTILINESTRING Z ((442151.5716 4471583.4572 0,442157.0464 4471586.0235 0))",2702171,Azul,Batería,2
"MULTILINESTRING Z ((442158.7572 4471586.7078 0,442163.5477 4471589.103 0))",2702172,Azul,Batería,2
"MULTILINESTRING Z ((445183.9057 4475933.6594 0,445178.8223 4475942.1594 0))",2702183,Verde,Batería,4
"MULTILINESTRING Z ((445354.3223 4475819.9094 0,445340.6557 4475842.9927 0))",2702185,Verde,Batería,11
"MULTILINESTRING Z ((445250.5723 4475847.4927 0,445253.739 4475842.0761 0))",2702192,Verde,Batería,2
"MULTILINESTRING Z ((445154.0723 4475906.7427 0,445182.6557 4475924.1594 0))",2702202,Verde,Línea,7
"MULTILINESTRING Z ((445415.8223 4475901.7427 0,445449.4057 4475922.1594 0))",2702205,Verde,Línea,8
"MULTILINESTRING Z ((445348.8223 4476103.2427 0,445343.4057 4476112.6594 0))",2702209,Verde,Batería,5
"MULTILINESTRING Z ((444736.9057 4475952.9094 0,444735.9057 4475958.7427 0))",2702225,Verde,Línea,1
"MULTILINESTRING Z ((444960.989 4476043.9094 0,444956.739 4476069.9927 0))",2702229,Verde,Línea,5
"MULTILINESTRING Z ((442197.5168 4480141.7983 0,442198.3501 4480136.6316 0,442198.4057 4480132.1316 0))",2702231,Verde,Línea,2
"MULTILINESTRING Z ((444967.739 4476153.9927 0,445019.9057 4476186.1594 0))",2702234,Verde,Línea,11
"MULTILINESTRING Z ((445283.0723 4475684.7427 0,445318.7946 4475690.9094 0,445321.0168 4475691.1872 0))",2702239,Verde,Línea,8
"MULTILINESTRING Z ((445210.239 4475666.5205 0,445265.9612 4475675.2983 0))",2702251,Verde,Línea,12
"MULTILINESTRING Z ((445477.239 4475808.2427 0,445491.6834 4475816.465 0))",2702255,Verde,Línea,3
"MULTILINESTRING Z ((445334.0723 4475725.1594 0,445386.5723 4475755.9094 0))",2702258,Verde,Línea,13
"MULTILINESTRING Z ((445293.9057 4475617.8261 0,445358.9057 4475628.0761 0))",2702259,Verde,Línea,14
"MULTILINESTRING Z ((441462.0723 4476216.6594 0,441462.239 4476199.6594 0))",2702290,Verde,Batería,4
"MULTILINESTRING Z ((439232.4057 4472818.0761 0,439242.6557 4472819.3261 0))",2702292,Verde,Línea,2
"MULTILINESTRING Z ((439226.6557 4472817.2011 0,439231.0307 4472817.8261 0))",2702293,Verde,Línea,1
"MULTILINESTRING Z ((439215.4057 4472815.8261 0,439224.6557 4472817.0761 0))",2702294,Verde,Línea,2
"MULTILINESTRING Z ((439203.2807 4472814.0761 0,439213.2807 4472815.5761 0))",2702295,Verde,Línea,2
"MULTILINESTRING Z ((439162.6557 4472808.8261 0,439167.6557 4472809.4511 0))",2702296,Verde,Línea,1
"MULTILINESTRING Z ((439168.6557 4472809.5761 0,439173.1557 4472809.9511 0))",2702297,Verde,Línea,1
"MULTILINESTRING Z ((439141.0307 4472764.7011 0,439144.0307 4472755.2011 0))",2702298,Verde,Línea,2
"MULTILINESTRING Z ((439174.5307 4472810.2011 0,439178.7807 4472810.8261 0))",2702309,Verde,Línea,1
"MULTILINESTRING Z ((439180.5307 4472811.3261 0,439186.9057 4472811.9511 0))",2702310,Verde,Línea,1
"MULTILINESTRING Z ((439157.6557 4472803.9511 0,439167.7807 4472805.4511 0))",2702311,Verde,Línea,2
"MULTILINESTRING Z ((439180.7807 4472807.0761 0,439190.9057 4472808.5761 0))",2702313,Verde,Línea,2
"MULTILINESTRING Z ((439192.2807 4472808.4511 0,439202.4057 4472809.7011 0))",2702314,Verde,Línea,2
"MULTILINESTRING Z ((439204.2807 4472810.0761 0,439213.5307 4472811.3261 0))",2702315,Verde,Línea,2
"MULTILINESTRING Z ((439215.5307 4472811.4511 0,439219.7807 4472812.3261 0))",2702316,Verde,Línea,1
"MULTILINESTRING Z ((439221.2807 4472812.4511 0,439225.4057 4472812.8261 0))",2702317,Verde,Línea,1
"MULTILINESTRING Z ((439238.1557 4472814.8261 0,439243.6557 4472815.4511 0))",2702318,Verde,Línea,1
"MULTILINESTRING Z ((439227.1557 4472813.4511 0,439237.1557 4472814.7011 0))",2702319,Verde,Línea,2
"MULTILINESTRING Z ((439254.4057 4472719.5761 0,439244.1557 4472719.8261 0))",2702321,Verde,Línea,2
"MULTILINESTRING Z ((439242.7807 4472719.7011 0,439232.7807 4472719.5761 0))",2702322,Verde,Línea,2
"MULTILINESTRING Z ((439231.2807 4472719.5761 0,439221.1557 4472719.5761 0))",2702323,Verde,Línea,2
"MULTILINESTRING Z ((439132.2807 4472820.0761 0,439131.6557 4472824.0761 0))",2702335,Verde,Batería,1
"MULTILINESTRING Z ((439120.2807 4472857.7011 0,439121.5307 4472847.4511 0))",2702336,Verde,Línea,2
"MULTILINESTRING Z ((439121.6557 4472846.0761 0,439122.9057 4472835.5761 0))",2702337,Verde,Línea,2
"MULTILINESTRING Z ((439144.0307 4472777.5761 0,439146.9057 4472767.9511 0))",2702340,Verde,Línea,2
"MULTILINESTRING Z ((439147.5307 4472766.4511 0,439148.9057 4472762.3261 0))",2702341,Verde,Línea,1
"MULTILINESTRING Z ((439149.4057 4472761.7011 0,439150.7807 4472756.8261 0))",2702342,Verde,Línea,1
"MULTILINESTRING Z ((439137.4057 4472775.7011 0,439140.6557 4472765.8261 0))",2702344,Verde,Línea,2
"MULTILINESTRING Z ((439144.5307 4472754.0761 0,439146.0307 4472749.4511 0))",2702345,Verde,Línea,1
"MULTILINESTRING Z ((443821.4057 4476860.5761 0,443821.0723 4476882.1594 0))",2702365,Verde,Batería,8
"MULTILINESTRING Z ((443832.8223 4476803.4927 0,443832.8223 4476816.8261 0))",2702366,Verde,Batería,5
"MULTILINESTRING Z ((443830.739 4476803.2427 0,443830.6557 4476790.4094 0))",2702367,Verde,Batería,6
"MULTILINESTRING Z ((441419.5723 4472052.4927 0,441441.1557 4472020.9094 0))",2702438,Verde,Línea,8
"MULTILINESTRING Z ((441408.1557 4472068.6594 0,441414.0723 4472060.0761 0))",2702440,Verde,Línea,2
"MULTILINESTRING Z ((440904.3223 4472562.8261 0,440912.5723 4472562.0761 0))",2702443,Verde,Línea,1
"MULTILINESTRING Z ((439511.1557 4476232.6594 0,439512.739 4476256.4094 0))",2702453,Azul,Línea,5
"MULTILINESTRING Z ((439510.1557 4476215.0761 0,439511.1557 4476231.9094 0))",2702455,Azul,Línea,3
"MULTILINESTRING Z ((438804.5723 4475787.9927 0,438818.989 4475768.8261 0))",2702458,Verde,Línea,5
"MULTILINESTRING Z ((438828.8223 4475755.3261 0,438824.239 4475761.8261 0))",2702460,Verde,Línea,1
"MULTILINESTRING Z ((439733.4057 4475706.5761 0,439732.4057 4475697.0761 0))",2702470,Verde,Línea,2
"MULTILINESTRING Z ((443079.8364 4477669.1577 0,443085.2685 4477670.4965 0))",2702485,Verde,Batería,2
"MULTILINESTRING Z ((443037.4057 4477660.2469 0,443078.5415 4477670.3538 0))",2702489,Verde,Batería,16
"MULTILINESTRING Z ((441099.3316 4479296.0946 0,441108.6279 4479307.8353 0))",2702495,Verde,Batería,6
"MULTILINESTRING Z ((439781.3653 4475528.299 0,439786.1329 4475537.5111 0))",2702501,Verde,Línea,2
"MULTILINESTRING Z ((440229.3223 4472934.9094 0,440222.989 4472909.7427 0))",2702506,Verde,Línea,5
"MULTILINESTRING Z ((440231.989 4472945.6594 0,440229.489 4472935.3261 0))",2702507,Verde,Línea,2
"MULTILINESTRING Z ((438858.3223 4475870.1594 0,438841.9057 4475894.6594 0))",2702508,Verde,Línea,7
"MULTILINESTRING Z ((441293.6032 4478386.5514 0,441293.8007 4478388.2798 0,441294.097 4478392.3785 0,441296.3192 4478415.5143 0))",2702511,Azul,Batería,8
"MULTILINESTRING Z ((439620.989 4474665.2427 0,439648.489 4474631.1594 0))",2702512,Verde,Línea,8
"MULTILINESTRING Z ((438842.239 4475831.4927 0,438862.9057 4475842.6594 0))",2702516,Verde,Línea,5
"MULTILINESTRING Z ((438847.989 4475830.4094 0,438812.239 4475811.4927 0))",2702517,Verde,Línea,8
"MULTILINESTRING Z ((441410.6567 4480155.5994 0,441413.8611 4480154.096 0))",2702518,Verde,Línea,1
"MULTILINESTRING Z ((441122.9612 4480291.6131 0,441115.4797 4480295.1687 0))",2702519,Verde,Línea,1
"MULTILINESTRING Z ((440866.6649 4478717.7859 0,440882.8131 4478768.3909 0))",2702520,Verde,Línea,11
"MULTILINESTRING Z ((440663.8583 4480186.6117 0,440666.4043 4480189.2894 0))",2702524,Verde,Línea,1
"MULTILINESTRING Z ((440687.6114 4480189.3662 0,440691.0518 4480186.7818 0))",2702526,Verde,Línea,1
"MULTILINESTRING Z ((440269.1782 4479811.1928 0,440266.0762 4479807.3153 0))",2702527,Verde,Batería,2
"MULTILINESTRING Z ((445205.4057 4476068.9927 0,445217.739 4476047.8261 0))",2702528,Verde,Batería,9
"MULTILINESTRING Z ((440499.3069 4480041.7859 0,440489.5044 4480029.6625 0,440471.8995 4480006.5514 0))",2702532,Verde,Línea,9
"MULTILINESTRING Z ((445217.1557 4475698.4094 0,445220.739 4475698.9094 0))",2702533,Verde,Línea,1
"MULTILINESTRING Z ((441012.7308 4477652.7078 0,441013.6526 4477664.181 0))",2702535,Verde,Línea,2
"MULTILINESTRING Z ((439957.5538 4476919.0287 0,439966.6732 4476923.325 0))",2702541,Verde,Línea,2
"MULTILINESTRING Z ((440918.4427 4479910.6831 0,440930.0312 4479923.5226 0))",2702554,Verde,Línea,3
"MULTILINESTRING Z ((444530.6557 4476672.1594 0,444538.489 4476677.2427 0))",2702562,Verde,Línea,2
"MULTILINESTRING Z ((444514.739 4476661.8261 0,444510.5723 4476659.3261 0))",2702563,Verde,Línea,1
"MULTILINESTRING Z ((444091.9057 4476102.9927 0,444062.739 4476108.1594 0))",2702568,Verde,Batería,12
"MULTILINESTRING Z ((440712.1217 4479319.1604 0,440700.3851 4479297.9094 0))",2702573,Verde,Línea,5
"MULTILINESTRING Z ((439383.1341 4477723.4897 0,439388.8625 4477720.1316 0))",2702577,Verde,Batería,2
"MULTILINESTRING Z ((440385.1834 4479672.2057 0,440381.0353 4479672.6008 0))",2702579,Verde,Línea,1
"MULTILINESTRING Z ((440091.5758 4480077.895 0,440089.2152 4480067.7438 0))",2702581,Verde,Línea,2
"MULTILINESTRING Z ((440096.2095 4480097.8106 0,440097.2959 4480102.5075 0))",2702582,Verde,Línea,1
"MULTILINESTRING Z ((440612.4797 4479828.6872 0,440617.0353 4479834.7613 0,440621.5538 4479841.6872 0,440622.739 4479844.3909 0,440624.5168 4479851.0205 0))",2702583,Verde,Línea,5
"MULTILINESTRING Z ((440629.6649 4479864.4279 0,440626.2946 4479859.7613 0))",2702584,Verde,Línea,1
"MULTILINESTRING Z ((440358.0476 4480127.1687 0,440379.702 4480113.8106 0))",2702585,Verde,Línea,5
"MULTILINESTRING Z ((440505.8995 4479550.5761 0,440501.4797 4479529.9835 0))",2702586,Verde,Línea,4
"MULTILINESTRING Z ((439124.6557 4475604.1594 0,439133.489 4475608.9927 0))",2702590,Verde,Línea,2
"MULTILINESTRING Z ((438999.7807 4475541.0761 0,439047.9057 4475567.4511 0))",2702591,Verde,Línea,11
"MULTILINESTRING Z ((438862.739 4475744.0761 0,438854.1557 4475739.4094 0))",2702597,Verde,Línea,2
"MULTILINESTRING Z ((439091.489 4475311.4094 0,439050.4057 4475279.0761 0))",2702600,Verde,Línea,11
"MULTILINESTRING Z ((444680.489 4476097.4927 0,444718.5723 4476104.0761 0))",2702645,Verde,Línea,8
"MULTILINESTRING Z ((442759.489 4481552.4927 0,442768.4057 4481550.9927 0))",2702646,Verde,Línea,2
"MULTILINESTRING Z ((444748.489 4476057.5761 0,444818.989 4476069.6594 0))",2702655,Verde,Línea,15
"MULTILINESTRING Z ((444689.989 4476039.6594 0,444697.4057 4476040.9927 0))",2702656,Verde,Línea,2
"MULTILINESTRING Z ((444633.989 4476030.0761 0,444638.489 4476030.9094 0))",2702666,Verde,Línea,1
"MULTILINESTRING Z ((444615.9057 4476026.9927 0,444621.239 4476027.8261 0))",2702671,Verde,Línea,1
"MULTILINESTRING Z ((444488.8223 4476187.8261 0,444512.489 4476192.1594 0,444530.3223 4476195.2427 0,444557.489 4476200.1594 0,444579.4057 4476204.2427 0))",2702675,Verde,Línea,18
"MULTILINESTRING Z ((444528.1557 4476140.7427 0,444601.1557 4476153.0761 0))",2702690,Verde,Línea,15
"MULTILINESTRING Z ((444506.239 4476130.0761 0,444555.4057 4476138.4094 0))",2702697,Verde,Línea,9
"MULTILINESTRING Z ((444576.1834 4476088.1872 0,444610.1834 4476094.1316 0))",2702702,Verde,Línea,7
"MULTILINESTRING Z ((444414.1557 4476059.7427 0,444473.5723 4476070.0761 0))",2702705,Verde,Línea,13
"MULTILINESTRING Z ((444383.0723 4476119.6594 0,444380.0723 4476137.2427 0))",2702714,Verde,Línea,4
"MULTILINESTRING Z ((444826.3223 4476132.4927 0,444890.739 4476143.4927 0))",2702732,Verde,Línea,13
"MULTILINESTRING Z ((444844.5723 4476066.9094 0,444904.0723 4476077.3261 0))",2702734,Verde,Línea,13
"MULTILINESTRING Z ((444805.489 4476253.6594 0,444901.0723 4476271.0761 0,444919.1557 4476274.1594 0,444929.239 4476275.9927 0,444932.239 4476276.9094 0,444935.489 4476278.6594 0,444950.6557 4476287.9927 0))",2702750,Azul,Línea,31
"MULTILINESTRING Z ((444638.989 4476242.8261 0,444720.0723 4476293.5761 0,444746.8223 4476310.1594 0,444800.239 4476343.5761 0))",2702751,Azul,Línea,39
"MULTILINESTRING Z ((444095.5723 4475149.2427 0,444092.989 4475166.5761 0))",2702764,Azul,Batería,5
"MULTILINESTRING Z ((445326.8223 4476290.0761 0,445323.239 4476295.9927 0))",2702779,Verde,Batería,2
"MULTILINESTRING Z ((445289.8223 4476293.0761 0,445309.6557 4476304.9094 0))",2702786,Verde,Línea,5
"MULTILINESTRING Z ((445288.4057 4476230.1594 0,445275.9057 4476251.4927 0))",2702792,Verde,Línea,5
"MULTILINESTRING Z ((444259.8223 4477786.7427 0,444266.1557 4477773.4094 0))",2702803,Verde,Línea,3
"MULTILINESTRING Z ((444266.989 4477766.1594 0,444264.3223 4477771.6594 0))",2702804,Verde,Línea,1
"MULTILINESTRING Z ((445298.6557 4476218.1594 0,445290.739 4476231.4094 0))",2702846,Verde,Línea,3
"MULTILINESTRING Z ((445251.9057 4476191.3261 0,445245.8223 4476201.4094 0,445231.0723 4476216.3261 0))",2702848,Verde,Batería,11
"MULTILINESTRING Z ((445215.489 4476230.0761 0,445222.239 4476223.1594 0))",2702857,Verde,Línea,2
"MULTILINESTRING Z ((445139.5723 4476312.9094 0,445159.6279 4476325.465 0))",2702875,Verde,Línea,5
"MULTILINESTRING Z ((445158.0845 4476288.8254 0,445153.0845 4476293.8254 0))",2702877,Verde,Batería,2
"MULTILINESTRING Z ((445218.2946 4476362.465 0,445258.0168 4476387.5761 0))",2702881,Verde,Línea,10
"MULTILINESTRING Z ((445182.239 4476390.5761 0,445172.239 4476407.3261 0))",2702890,Verde,Línea,4
"MULTILINESTRING Z ((445215.239 4476368.9927 0,445234.489 4476381.4094 0))",2702899,Verde,Línea,5
"MULTILINESTRING Z ((445165.239 4476436.6594 0,445155.6557 4476453.2427 0))",2702909,Verde,Línea,4
"MULTILINESTRING Z ((445107.1557 4476423.9094 0,445123.5723 4476434.4094 0))",2702938,Verde,Línea,4
"MULTILINESTRING Z ((443051.5723 4477472.8261 0,443044.9057 4477492.2427 0))",2702942,Verde,Línea,4
"MULTILINESTRING Z ((445055.9179 4476404.0754 0,445050.8345 4476412.4087 0))",2702944,Verde,Batería,4
"MULTILINESTRING Z ((439286.0806 4478872.4773 0,439289.7678 4478884.2798 0))",2702945,Azul,Línea,2
"MULTILINESTRING Z ((439442.097 4478836.7242 0,439495.1094 4478814.4032 0))",2702946,Azul,Batería,23
"MULTILINESTRING Z ((445245.239 4476184.5761 0,445233.489 4476200.3261 0,445224.239 4476209.7427 0))",2702949,Verde,Línea,6
"MULTILINESTRING Z ((445222.0723 4476211.7427 0,445218.8223 4476215.3261 0))",2702951,Verde,Línea,1
"MULTILINESTRING Z ((445219.6557 4476209.5761 0,445223.3223 4476205.3261 0))",2702952,Verde,Batería,2
"MULTILINESTRING Z ((445222.8223 4476202.4927 0,445211.3223 4476195.7427 0))",2702953,Verde,Batería,5
"MULTILINESTRING Z ((445206.3223 4476190.9927 0,445211.989 4476181.9094 0))",2702954,Verde,Batería,4
"MULTILINESTRING Z ((445211.239 4476178.2427 0,445203.739 4476173.6594 0))",2702955,Verde,Batería,3
"MULTILINESTRING Z ((439456.6402 4478686.502 0,439446.6896 4478693.2427 0))",2702958,Verde,Línea,2
"MULTILINESTRING Z ((445209.1557 4476224.9094 0,445213.4057 4476220.4927 0))",2702959,Verde,Línea,1
"MULTILINESTRING Z ((440383.244 4472359.3965 0,440373.5134 4472378.227 0))",2702960,Verde,Batería,7
"MULTILINESTRING Z ((439110.739 4475971.7427 0,439085.5723 4475958.0761 0))",2702962,Verde,Línea,6
"MULTILINESTRING Z ((438650.3223 4475986.9927 0,438671.0723 4475957.6594 0))",2702963,Azul,Línea,7
"MULTILINESTRING Z ((438604.9057 4476062.7011 0,438666.0307 4475978.5761 0))",2702964,Verde,Línea,22
"MULTILINESTRING Z ((438675.7807 4475965.4511 0,438696.2807 4475937.8261 0))",2702965,Verde,Línea,7
"MULTILINESTRING Z ((445189.489 4476238.6594 0,445136.5723 4476205.9094 0,445076.5723 4476168.9094 0))",2702966,Verde,Línea,28
"MULTILINESTRING Z ((438886.6557 4475954.6594 0,438866.0723 4475943.8261 0))",2702967,Verde,Línea,4
"MULTILINESTRING Z ((440831.4057 4472984.2011 0,440793.9057 4473063.8261 0))",2702968,Verde,Línea,19
"MULTILINESTRING Z ((440725.0723 4472737.8261 0,440776.1557 4472755.1594 0))",2702969,Verde,Línea,11
"MULTILINESTRING Z ((442705.1557 4471807.1594 0,442732.4057 4471830.7427 0))",2702970,Azul,Línea,7
"MULTILINESTRING Z ((439522.9242 4478666.7613 0,439536.6279 4478671.7613 0))",2702974,Verde,Batería,7
"MULTILINESTRING Z ((442971.489 4472249.0761 0,442983.9057 4472267.1594 0))",2702976,Azul,Línea,4
"MULTILINESTRING Z ((442950.4057 4472234.9927 0,442953.9057 4472239.7427 0))",2702977,Azul,Línea,1
"MULTILINESTRING Z ((439002.5723 4475663.9927 0,439017.1557 4475642.7427 0))",2702979,Verde,Línea,5
"MULTILINESTRING Z ((439031.3223 4475622.9927 0,439028.4057 4475627.2427 0))",2702980,Verde,Línea,1
"MULTILINESTRING Z ((444980.0723 4476303.7427 0,445066.239 4476356.7427 0))",2702985,Verde,Línea,21
"MULTILINESTRING Z ((439439.0395 4478584.3331 0,439440.8684 4478589.5274 0,439447.6576 4478608.0367 0,439449.2452 4478611.7239 0,439455.0613 4478623.1368 0))",2702990,Verde,Línea,9
"MULTILINESTRING Z ((439105.776 4478419.4156 0,439110.9365 4478430.0576 0))",2703006,Verde,Línea,2
"MULTILINESTRING Z ((439307.6663 4478378.7654 0,439321.3179 4478387.1275 0))",2703016,Verde,Línea,3
"MULTILINESTRING Z ((439340.6402 4478445.7859 0,439345.3069 4478426.823 0))",2703020,Verde,Línea,4
"MULTILINESTRING Z ((439348.3975 4478413.2329 0,439346.2905 4478422.7144 0))",2703021,Verde,Línea,2
"MULTILINESTRING Z ((439368.6557 4478412.2427 0,439386.4071 4478422.1963 0))",2703026,Verde,Línea,4
"MULTILINESTRING Z ((439652.5908 4478049.4279 0,439643.1834 4478046.6501 0,439629.9612 4478042.6131 0,439622.8501 4478040.6501 0,439611.6649 4478036.9835 0,439590.9242 4478030.8353 0))",2703029,Verde,Línea,13
"MULTILINESTRING Z ((439178.2575 4477717.2427 0,439190.5307 4477741.4511 0))",2703035,Verde,Línea,6
"MULTILINESTRING Z ((439218.2452 4477770.1316 0,439215.5291 4477764.823 0))",2703036,Azul,Línea,1
"MULTILINESTRING Z ((439714.6402 4477907.4897 0,439761.4797 4477912.5267 0))",2703051,Verde,Línea,9
"MULTILINESTRING Z ((439622.8131 4477793.2427 0,439675.5908 4477809.3538 0))",2703057,Verde,Línea,11
"MULTILINESTRING Z ((439193.9983 4477634.2057 0,439203.5908 4477629.2427 0))",2703061,Verde,Línea,1
"MULTILINESTRING Z ((441026.6557 4472225.6594 0,441015.3223 4472227.1594 0))",2703119,Verde,Línea,2
"MULTILINESTRING Z ((442853.739 4474246.4927 0,442837.8223 4474248.1594 0))",2703120,Verde,Línea,3
"MULTILINESTRING Z ((442837.8223 4474248.0761 0,442828.739 4474248.9094 0))",2703122,Verde,Línea,2
"MULTILINESTRING Z ((441092.1557 4471660.2427 0,441112.739 4471612.1594 0))",2703123,Verde,Batería,21
"MULTILINESTRING Z ((441090.4057 4471663.8261 0,441089.1557 4471667.1594 0))",2703124,Verde,Batería,1
"MULTILINESTRING Z ((440378.4057 4472222.1594 0,440357.5723 4472262.8261 0))",2703127,Azul,Batería,15
"MULTILINESTRING Z ((440392.489 4472195.3261 0,440380.489 4472218.4094 0))",2703128,Azul,Batería,10
"MULTILINESTRING Z ((439517.8223 4476331.9094 0,439518.3223 4476338.1594 0))",2703129,Azul,Línea,1
"MULTILINESTRING Z ((437367.1557 4473164.9094 0,437449.4057 4473137.7427 0))",2703142,Verde,Línea,17
"MULTILINESTRING Z ((439027.3223 4475469.7427 0,439041.1557 4475450.4927 0))",2703152,Verde,Línea,4
"MULTILINESTRING Z ((439121.6557 4475808.7427 0,439134.8223 4475785.9927 0))",2703154,Azul,Línea,5
"MULTILINESTRING Z ((438847.2641 4473343.6581 0,438858.4792 4473342.1886 0))",2703163,Verde,Línea,2
"MULTILINESTRING Z ((438897.616 4473337.5478 0,438876.8101 4473340.1776 0))",2703165,Verde,Línea,4
"MULTILINESTRING Z ((438653.5136 4472678.1774 0,438656.9168 4472654.5871 0))",2703167,Verde,Línea,5
"MULTILINESTRING Z ((438656.9942 4472654.6644 0,438659.4692 4472638.5765 0))",2703170,Verde,Línea,3
"MULTILINESTRING Z ((438670.607 4472581.8049 0,438676.2532 4472563.6287 0,438680.9713 4472551.0988 0,438694.3521 4472519.6192 0))",2703171,Verde,Línea,15
"MULTILINESTRING Z ((439107.0723 4475662.2427 0,439121.5723 4475639.9927 0))",2703172,Verde,Línea,5
"MULTILINESTRING Z ((439010.989 4475492.0761 0,438997.1557 4475510.6594 0))",2703173,Azul,Línea,5
"MULTILINESTRING Z ((438831.1557 4475738.3261 0,438811.3223 4475765.7427 0))",2703174,Verde,Línea,6
"MULTILINESTRING Z ((438856.6557 4475704.0761 0,438866.9057 4475689.2011 0))",2703177,Azul,Línea,4
"MULTILINESTRING Z ((437597.8161 4473752.8534 0,437604.2498 4473739.4313 0))",2703178,Verde,Línea,3
"MULTILINESTRING Z ((437612.1256 4473722.1268 0,437604.2498 4473739.3204 0))",2703179,Verde,Línea,3
"MULTILINESTRING Z ((441561.5483 4480587.2592 0,441556.193 4480582.6172 0))",2703190,Azul,Línea,1
"MULTILINESTRING Z ((441538.2946 4480566.9464 0,441550.0723 4480577.2798 0))",2703195,Azul,Línea,3
"MULTILINESTRING Z ((441519.6834 4480550.6316 0,441535.7946 4480564.7983 0))",2703199,Azul,Línea,4
"MULTILINESTRING Z ((441502.2946 4480535.2983 0,441517.3686 4480548.6131 0))",2703203,Azul,Línea,4
"MULTILINESTRING Z ((441494.2205 4480528.2304 0,441500.1958 4480533.4897 0))",2703204,Azul,Línea,1
"MULTILINESTRING Z ((441579.8913 4480578.4197 0,441563.8583 4480543.8353 0))",2703210,Verde,Línea,8
"MULTILINESTRING Z ((441587.1464 4480564.6872 0,441589.6279 4480576.2798 0))",2703213,Verde,Línea,1
"MULTILINESTRING Z ((440533.8611 4480348.2469 0,440535.9352 4480349.7064 0,440539.2164 4480351.8463 0,440544.9557 4480355.1714 0))",2703221,Verde,Línea,2
"MULTILINESTRING Z ((443105.7228 4477987.369 0,443110.6199 4477988.1755 0))",2703222,Verde,Batería,2
"MULTILINESTRING Z ((440592.5662 4480344.3292 0,440607.1094 4480330.9218 0))",2703223,Verde,Línea,4
"MULTILINESTRING Z ((440379.8748 4479993.7119 0,440387.8995 4480004.4526 0))",2703224,Verde,Línea,2
"MULTILINESTRING Z ((440267.3099 4479869.538 0,440277.4476 4479883.5498 0))",2703225,Azul,Línea,3
"MULTILINESTRING Z ((440816.835 4480393.668 0,440821.3673 4480389.2674 0))",2703241,Verde,Línea,1
"MULTILINESTRING Z ((440823.6608 4480387.0781 0,440827.809 4480383.0946 0))",2703242,Verde,Línea,1
"MULTILINESTRING Z ((441023.6031 4480378.4179 0,441032.566 4480397.2328 0))",2703253,Verde,Línea,4
"MULTILINESTRING Z ((440968.3028 4480423.5884 0,440957.6361 4480400.5925 0))",2703278,Verde,Batería,9
"MULTILINESTRING Z ((441049.2959 4480405.0589 0,441096.5277 4480383.3305 0))",2703281,Azul,Línea,10
"MULTILINESTRING Z ((441047.3316 4480410.8751 0,441063.7157 4480446.9135 0,441064.9667 4480450.3374 0,441065.7678 4480453.1138 0))",2703289,Verde,Línea,9
"MULTILINESTRING Z ((441115.6032 4480473.6378 0,441120.7143 4480471.2674 0))",2703295,Verde,Línea,1
"MULTILINESTRING Z ((441222.1958 4480476.6255 0,441238.3933 4480468.9958 0))",2703301,Verde,Línea,3
"MULTILINESTRING Z ((441234.1299 4480413.5308 0,441260.6649 4480400.7407 0))",2703314,Verde,Línea,6
"MULTILINESTRING Z ((441268.9777 4480396.7407 0,441264.6155 4480398.8477 0))",2703315,Verde,Línea,1
"MULTILINESTRING Z ((441374.1354 4480333.6844 0,441376.9448 4480339.8737 0))",2703321,Verde,Línea,1
"MULTILINESTRING Z ((440524.0723 4479370.502 0,440530.6896 4479365.9094 0))",2703326,Verde,Línea,1
"MULTILINESTRING Z ((441133.5867 4479802.513 0,441142.7829 4479782.3977 0))",2703332,Verde,Línea,4
"MULTILINESTRING Z ((443849.989 4476771.6594 0,443862.739 4476771.6594 0))",2703340,Verde,Batería,4
"MULTILINESTRING Z ((443873.5723 4476771.4927 0,443887.4057 4476771.1594 0))",2703341,Verde,Batería,5
"MULTILINESTRING Z ((443895.239 4476771.3261 0,443913.989 4476771.0761 0))",2703342,Verde,Batería,8
"MULTILINESTRING Z ((443917.6557 4476789.9927 0,443917.8223 4476776.8261 0))",2703343,Verde,Batería,4
"MULTILINESTRING Z ((441431.5044 4480379.86 0,441438.9118 4480376.4279 0))",2703344,Verde,Línea,1
"MULTILINESTRING Z ((443896.3223 4476755.7427 0,443909.739 4476755.4927 0))",2703345,Verde,Batería,6
"MULTILINESTRING Z ((443821.8223 4476758.9094 0,443800.239 4476759.1594 0))",2703348,Verde,Línea,4
"MULTILINESTRING Z ((441486.3933 4480488.5514 0,441497.1094 4480479.7859 0))",2703349,Verde,Línea,2
"MULTILINESTRING Z ((441487.9242 4480281.3333 0,441504.3851 4480315.8847 0))",2703351,Verde,Línea,8
"MULTILINESTRING Z ((441586.1135 4480374.6337 0,441586.5908 4480376.8065 0))",2703359,Verde,Batería,1
"MULTILINESTRING Z ((441587.0682 4480378.9135 0,441588.1217 4480383.6049 0))",2703360,Verde,Batería,2
"MULTILINESTRING Z ((441588.6485 4480385.9917 0,441589.7184 4480390.7489 0))",2703361,Verde,Batería,2
"MULTILINESTRING Z ((441590.3316 4480393.3909 0,441595.5908 4480416.9464 0))",2703362,Verde,Batería,10
"MULTILINESTRING Z ((441596.1464 4480419.4897 0,441598.9118 4480431.8847 0))",2703364,Verde,Batería,5
"MULTILINESTRING Z ((441599.5538 4480434.7983 0,441604.6279 4480457.539 0))",2703374,Verde,Batería,11
"MULTILINESTRING Z ((440634.8131 4480262.7489 0,440652.0723 4480283.8353 0))",2703383,Verde,Línea,6
"MULTILINESTRING Z ((442466.5723 4477120.0761 0,442467.4057 4477127.7427 0))",2703385,Azul,Línea,1
"MULTILINESTRING Z ((444225.5307 4475077.9511 0,444336.2807 4475121.3261 0))",2703389,Verde,Línea,25
"MULTILINESTRING Z ((444345.489 4475125.0761 0,444361.4057 4475131.0761 0,444364.989 4475131.8261 0,444369.239 4475131.9927 0,444371.8223 4475131.8261 0,444375.239 4475130.9094 0,444378.8223 4475129.6594 0,444383.739 4475126.4094 0,444387.1557 4475123.3261 0,444401.0723 4475108.6594 0))",2703391,Verde,Línea,13
"MULTILINESTRING Z ((440771.4304 4480240.8971 0,440777.702 4480234.8971 0))",2703395,Verde,Línea,2
"MULTILINESTRING Z ((440796.239 4480217.2427 0,440808.2946 4480205.6316 0))",2703396,Verde,Línea,3
"MULTILINESTRING Z ((442861.7351 4472039.9827 0,442867.0713 4472029.755 0))",2703397,Verde,Batería,6
"MULTILINESTRING Z ((442887.6156 4471989.0222 0,442870.8955 4472022.3733 0))",2703398,Verde,Batería,17
"MULTILINESTRING Z ((444663.6557 4474779.4094 0,444678.5723 4474776.4927 0))",2703399,Verde,Línea,3
"MULTILINESTRING Z ((443357.1557 4475951.9927 0,443372.4057 4475954.1594 0))",2703401,Azul,Línea,3
"MULTILINESTRING Z ((440783.7946 4480166.6316 0,440761.5723 4480187.465 0))",2703404,Verde,Línea,6
"MULTILINESTRING Z ((440735.9983 4480160.2057 0,440750.9242 4480145.7613 0))",2703405,Verde,Línea,4
"MULTILINESTRING Z ((440883.1094 4480192.9711 0,440879.5538 4480183.465 0))",2703411,Verde,Línea,2
"MULTILINESTRING Z ((440873.3563 4480167.0452 0,440877.4304 4480177.8353 0))",2703412,Verde,Línea,2
"MULTILINESTRING Z ((440955.6649 4480074.1316 0,440929.9612 4480098.9464 0))",2703414,Verde,Línea,7
"MULTILINESTRING Z ((440954.6896 4480144.7242 0,440982.2205 4480118.3045 0))",2703436,Azul,Línea,7
"MULTILINESTRING Z ((441038.7637 4480182.823 0,441021.1094 4480199.7366 0))",2703440,Verde,Línea,5
"MULTILINESTRING Z ((441065.5908 4480259.7613 0,441127.9612 4480230.4279 0))",2703447,Verde,Línea,14
"MULTILINESTRING Z ((440842.2946 4480304.465 0,440872.0723 4480275.9094 0,440872.739 4480275.144 0,440885.5538 4480262.823 0))",2703448,Verde,Línea,11
"MULTILINESTRING Z ((440901.1834 4480262.4032 0,440913.4304 4480250.6255 0))",2703450,Verde,Línea,3
"MULTILINESTRING Z ((440927.6032 4480245.465 0,440937.06 4480255.2921 0))",2703451,Verde,Línea,2
"MULTILINESTRING Z ((439633.3316 4477807.9341 0,439614.5415 4477802.3538 0))",2703459,Azul,Línea,4
"MULTILINESTRING Z ((441532.4921 4480087.2427 0,441544.6896 4480142.3538 0))",2703471,Verde,Línea,11
"MULTILINESTRING Z ((441545.8172 4480147.3415 0,441547.1505 4480153.218 0))",2703472,Verde,Línea,1
"MULTILINESTRING Z ((441352.1834 4480083.3538 0,441382.3316 4480068.7983 0))",2703479,Verde,Línea,7
"MULTILINESTRING Z ((441253.4221 4480134.5404 0,441265.274 4480128.9437 0))",2703487,Verde,Línea,2
"MULTILINESTRING Z ((441227.3686 4480071.2798 0,441211.1464 4480085.9464 0))",2703489,Verde,Línea,4
"MULTILINESTRING Z ((441234.1834 4480186.0576 0,441272.4057 4480167.9464 0))",2703490,Verde,Línea,8
"MULTILINESTRING Z ((441351.5785 4480287.6378 0,441346.4427 4480277.2016 0))",2703512,Verde,Línea,2
"MULTILINESTRING Z ((440872.1711 4480019.358 0,440875.2493 4480016.395 0))",2703520,Verde,Línea,1
"MULTILINESTRING Z ((440931.455 4479987.9835 0,440972.0723 4480031.0452 0))",2703522,Verde,Línea,12
"MULTILINESTRING Z ((440934.953 4479969.6954 0,440944.2863 4479961.3827 0))",2703523,Verde,Línea,2
"MULTILINESTRING Z ((441234.2452 4479819.8847 0,441249.455 4479818.9711 0))",2703545,Verde,Línea,3
"MULTILINESTRING Z ((441293.5538 4479816.3456 0,441257.6526 4479818.4855 0))",2703547,Verde,Línea,7
"MULTILINESTRING Z ((441331.9736 4480016.7736 0,441366.3275 4480003.2427 0))",2703548,Verde,Línea,7
"MULTILINESTRING Z ((441397.8748 4479990.823 0,441382.0229 4479997.0699 0))",2703553,Verde,Línea,3
"MULTILINESTRING Z ((441200.9859 4479966.4526 0,441216.0229 4479956.1069 0))",2703565,Verde,Línea,4
"MULTILINESTRING Z ((441238.6279 4479953.6501 0,441246.8501 4479948.1316 0))",2703566,Verde,Línea,2
"MULTILINESTRING Z ((441245.8501 4479944.8724 0,441253.1834 4479939.8724 0))",2703572,Verde,Línea,1
"MULTILINESTRING Z ((441187.6279 4479931.9835 0,441219.2205 4479913.1316 0))",2703595,Azul,Línea,7
"MULTILINESTRING Z ((441179.4057 4479994.465 0,441126.239 4480042.1872 0))",2703599,Verde,Línea,15
"MULTILINESTRING Z ((441055.2205 4479657.1316 0,441062.776 4479674.9835 0))",2703601,Verde,Línea,4
"MULTILINESTRING Z ((441003.4427 4479702.3909 0,441011.3686 4479689.8724 0))",2703602,Verde,Línea,3
"MULTILINESTRING Z ((441022.2946 4479672.5761 0,441014.4057 4479685.0576 0))",2703603,Verde,Línea,3
"MULTILINESTRING Z ((441121.8995 4479665.7119 0,441082.3439 4479648.0576 0))",2703606,Verde,Línea,9
"MULTILINESTRING Z ((441335.2575 4479695.6872 0,441339.6032 4479677.5637 0))",2703608,Azul,Batería,8
"MULTILINESTRING Z ((439459.1431 4473584.1684 0,439468.9031 4473587.9493 0))",2703609,Verde,Línea,2
"MULTILINESTRING Z ((439469.2548 4473588.1252 0,439487.3679 4473595.1594 0))",2703610,Verde,Línea,4
"MULTILINESTRING Z ((441308.4015 4479735.5226 0,441294.2781 4479731.4897 0))",2703611,Verde,Línea,4
"MULTILINESTRING Z ((439581.6262 4473631.2097 0,439592.2654 4473635.3423 0))",2703613,Verde,Línea,2
"MULTILINESTRING Z ((439627.0847 4473655.7415 0,439608.532 4473648.4435 0))",2703614,Verde,Línea,4
"MULTILINESTRING Z ((439739.4561 4473671.5684 0,439749.6557 4473669.1065 0))",2703617,Verde,Línea,2
"MULTILINESTRING Z ((439791.5782 4473655.2169 0,439829.9585 4473649.6711 0))",2703619,Verde,Línea,8
"MULTILINESTRING Z ((444151.739 4475129.5761 0,444181.739 4475099.0761 0))",2703621,Verde,Línea,8
"MULTILINESTRING Z ((441148.9983 4479768.8353 0,441150.5538 4479765.3168 0))",2703622,Verde,Línea,1
"MULTILINESTRING Z ((441347.739 4474019.9927 0,441409.9057 4474019.5761 0))",2703623,Verde,Batería,25
"MULTILINESTRING Z ((441331.1265 4474031.829 0,441331.0433 4474059.3504 0))",2703626,Verde,Línea,5
"MULTILINESTRING Z ((441009.3316 4479940.3538 0,441014.5168 4479946.539 0))",2703627,Verde,Línea,1
"MULTILINESTRING Z ((441337.1834 4480463.8353 0,441334.8131 4480458.8353 0))",2703629,Verde,Línea,1
"MULTILINESTRING Z ((441523.739 4471236.6594 0,441526.4057 4471237.9094 0))",2703631,Verde,Línea,1
"MULTILINESTRING Z ((442996.8086 4479844.1476 0,442998.3012 4479879.7051 0,442999.2669 4479894.8061 0,443000.5839 4479911.5752 0,443001.4619 4479920.9694 0))",2703634,Verde,Línea,16
"MULTILINESTRING Z ((439851.6773 4477126.6337 0,439897.0435 4477074.5349 0,439906.2122 4477063.2098 0,439914.1958 4477052.1152 0,439916.9448 4477048.1645 0,439920.3192 4477042.9958 0,439923.167 4477038.3374 0,439926.739 4477032.0164 0,439931.2822 4477023.3744 0,439935.6114 4477013.6131 0))",2703636,Verde,Línea,30
"MULTILINESTRING Z ((439323.1341 4476901.2921 0,439340.7966 4476916.609 0))",2703637,Verde,Línea,5
"MULTILINESTRING Z ((439290.739 4476759.218 0,439309.9736 4476758.1069 0))",2703642,Verde,Línea,4
"MULTILINESTRING Z ((444724.0723 4474671.4094 0,444707.4057 4474589.7427 0))",2703660,Verde,Línea,18
"MULTILINESTRING Z ((444704.239 4474583.9094 0,444705.3223 4474589.7427 0))",2703661,Verde,Línea,1
"MULTILINESTRING Z ((439362.7884 4480969.5308 0,439369.7349 4480971.3415 0))",2703706,Verde,Batería,4
"MULTILINESTRING Z ((439517.3398 4477126.5349 0,439468.9448 4477128.9711 0))",2703717,Verde,Batería,17
"MULTILINESTRING Z ((440155.9242 4477014.7242 0,440186.5908 4477029.3538 0))",2703718,Verde,Línea,7
"MULTILINESTRING Z ((440387.702 4477071.6131 0,440405.9983 4477070.2798 0))",2703720,Verde,Línea,4
"MULTILINESTRING Z ((439806.7143 4476828.823 0,439806.3933 4476823.6872 0))",2703721,Verde,Línea,1
"MULTILINESTRING Z ((439801.8748 4476823.3662 0,439798.8131 4476775.5637 0))",2703722,Verde,Línea,9
"MULTILINESTRING Z ((440994.1557 4477232.2427 0,440997.239 4477268.1594 0))",2703739,Verde,Línea,8
"MULTILINESTRING Z ((439102.5723 4475875.9094 0,439114.989 4475882.7427 0))",2703810,Verde,Línea,3
"MULTILINESTRING Z ((439160.989 4475437.7427 0,439134.5723 4475474.9094 0))",2703814,Verde,Línea,9
"MULTILINESTRING Z ((439079.3223 4475453.8261 0,439108.0723 4475469.9094 0))",2703815,Azul,Línea,7
"MULTILINESTRING Z ((439240.3223 4475289.5761 0,439230.489 4475279.1594 0))",2703816,Verde,Línea,3
"MULTILINESTRING Z ((438866.989 4475937.7427 0,438897.9057 4475954.4927 0))",2703820,Verde,Línea,7
"MULTILINESTRING Z ((437838.0723 4475574.7427 0,437858.5723 4475588.3261 0))",2703821,Verde,Línea,5
"MULTILINESTRING Z ((439122.6557 4474803.3261 0,439143.8223 4474837.4094 0))",2703824,Verde,Línea,8
"MULTILINESTRING Z ((440070.2807 4475884.8261 0,440163.2807 4475877.4511 0))",2703826,Verde,Línea,20
"MULTILINESTRING Z ((441226.1557 4476550.8261 0,441226.739 4476559.2427 0))",2703829,Verde,Línea,1
"MULTILINESTRING Z ((439151.739 4475593.5761 0,439172.3223 4475561.4927 0))",2703840,Verde,Línea,8
"MULTILINESTRING Z ((440885.989 4471879.6594 0,440887.4057 4471869.8261 0))",2703850,Verde,Batería,4
"MULTILINESTRING Z ((441123.1557 4481542.6594 0,441156.1557 4481532.5761 0))",2703944,Verde,Batería,14
"MULTILINESTRING Z ((442159.5723 4476876.4094 0,442172.739 4476875.9094 0))",2703947,Verde,Batería,5
"MULTILINESTRING Z ((442107.6557 4476877.9094 0,442154.5723 4476876.4927 0))",2703948,Verde,Batería,20
"MULTILINESTRING Z ((443493.989 4477968.0761 0,443485.989 4477985.1594 0,443477.239 4478005.6594 0,443475.3223 4478011.1594 0,443470.5723 4478025.8261 0,443464.4057 4478047.1594 0))",2704014,Verde,Línea,17
"MULTILINESTRING Z ((443515.239 4479607.5761 0,443494.489 4479603.2427 0))",2704020,Verde,Línea,4
"MULTILINESTRING Z ((445090.489 4475733.3261 0,445087.6557 4475750.0761 0))",2704023,Verde,Batería,6
"MULTILINESTRING Z ((437363.0723 4473538.7427 0,437376.0723 4473545.0761 0))",2704088,Verde,Línea,3
"MULTILINESTRING Z ((444256.9057 4474783.2427 0,444277.4057 4474802.3261 0))",2704089,Verde,Línea,6
"MULTILINESTRING Z ((444279.3223 4474801.4094 0,444284.8223 4474806.6594 0))",2704090,Verde,Línea,1
"MULTILINESTRING Z ((439322.989 4475224.9094 0,439340.3223 4475250.7427 0))",2704092,Verde,Línea,6
"MULTILINESTRING Z ((439368.6557 4475292.8261 0,439392.6557 4475328.5761 0))",2704097,Verde,Línea,10
"MULTILINESTRING Z ((437856.739 4475478.6594 0,437860.8223 4475471.3261 0))",2704099,Verde,Línea,2
"MULTILINESTRING Z ((437849.8223 4475489.7427 0,437852.3223 4475485.3261 0))",2704100,Verde,Línea,1
"MULTILINESTRING Z ((438803.489 4472394.2427 0,438799.4057 4472397.4927 0))",2704102,Verde,Línea,1
"MULTILINESTRING Z ((439352.4057 4476831.6594 0,439353.6557 4476850.2427 0,439353.1557 4476852.4094 0,439352.1557 4476854.0761 0,439346.9057 4476859.9927 0))",2704200,Verde,Línea,6
"MULTILINESTRING Z ((444088.1557 4478404.1594 0,444105.3223 4478415.4094 0))",2704270,Verde,Línea,5
"MULTILINESTRING Z ((444082.239 4478400.4094 0,444068.6557 4478391.4927 0))",2704271,Verde,Línea,3
"MULTILINESTRING Z ((437821.239 4475546.3261 0,437841.3223 4475513.5761 0,437848.489 4475501.3261 0,437860.239 4475480.4927 0,437864.5723 4475473.3261 0))",2704363,Verde,Línea,19
"MULTILINESTRING Z ((437781.1557 4475530.0761 0,437795.1557 4475541.8261 0))",2704364,Verde,Línea,4
"MULTILINESTRING Z ((437912.9057 4475412.4927 0,437935.489 4475424.1594 0))",2704365,Verde,Línea,5
"MULTILINESTRING Z ((438172.4057 4475168.3261 0,438201.0723 4475143.2427 0))",2704367,Verde,Línea,8
"MULTILINESTRING Z ((442330.6557 4474994.7427 0,442342.739 4474993.9094 0))",2704368,Azul,Línea,2
"MULTILINESTRING Z ((437597.9057 4475643.0761 0,437611.989 4475655.2427 0,437614.5723 4475658.0761 0,437615.6557 4475659.7427 0,437616.4057 4475661.0761 0,437617.5723 4475665.8261 0))",2704369,Verde,Línea,6
"MULTILINESTRING Z ((445465.1557 4475742.2011 0,445484.0307 4475752.2011 0))",2704465,Verde,Batería,8
"MULTILINESTRING Z ((444907.489 4477385.9927 0,444912.239 4477390.9094 0))",2704484,Verde,Línea,1
"MULTILINESTRING Z ((444699.1557 4474548.6594 0,444702.5723 4474566.2427 0))",2704490,Verde,Línea,4
"MULTILINESTRING Z ((443568.0307 4476482.9511 0,443573.4057 4476451.5761 0,443575.5307 4476444.0761 0,443587.7807 4476423.4511 0))",2704509,Verde,Línea,12
"MULTILINESTRING Z ((444838.489 4476544.1594 0,444847.739 4476549.8261 0))",2704546,Verde,Línea,2
"MULTILINESTRING Z ((444471.989 4475651.9927 0,444481.989 4475650.1594 0))",2704556,Verde,Línea,2
"MULTILINESTRING Z ((444625.9057 4475623.5761 0,444599.4057 4475627.9927 0))",2704557,Verde,Línea,5
"MULTILINESTRING Z ((444626.5723 4475625.5761 0,444636.6557 4475623.9094 0))",2704558,Verde,Línea,2
"MULTILINESTRING Z ((442636.6557 4477007.4927 0,442640.1557 4477009.9094 0))",2704572,Verde,Línea,1
"MULTILINESTRING Z ((437933.9057 4475276.6594 0,437939.4057 4475283.4927 0))",2704704,Verde,Batería,3
"MULTILINESTRING Z ((437953.1557 4475299.4927 0,437946.6557 4475291.6594 0))",2704705,Verde,Batería,3
"MULTILINESTRING Z ((438160.239 4475290.7427 0,438194.489 4475254.1594 0))",2704710,Verde,Línea,10
"MULTILINESTRING Z ((444895.1557 4477358.3261 0,444963.5307 4477430.2011 0))",2704711,Verde,Línea,19
"MULTILINESTRING Z ((442058.0723 4478394.4927 0,442136.8223 4478388.7427 0))",2704789,Verde,Línea,17
"MULTILINESTRING Z ((443269.739 4477467.5761 0,443278.8223 4477510.9927 0))",2704813,Verde,Línea,9
"MULTILINESTRING Z ((438634.489 4474899.8261 0,438671.9057 4474855.4927 0))",2705002,Verde,Línea,12
"MULTILINESTRING Z ((438617.9057 4474919.8261 0,438628.6557 4474906.7427 0))",2705003,Verde,Línea,3
"MULTILINESTRING Z ((437713.3223 4475916.4927 0,437724.4057 4475898.2427 0))",2705007,Verde,Línea,4
"MULTILINESTRING Z ((437702.9057 4475939.5761 0,437683.5723 4475999.4094 0,437678.739 4476014.0761 0))",2705009,Azul,Línea,15
"MULTILINESTRING Z ((438098.0723 4475197.4927 0,438071.0723 4475187.6594 0))",2705010,Verde,Línea,6
"MULTILINESTRING Z ((438140.4057 4475088.5761 0,438133.4057 4475111.5761 0))",2705016,Verde,Batería,10
"MULTILINESTRING Z ((438198.989 4475131.7427 0,438167.9057 4475121.4094 0))",2705018,Verde,Línea,6
"MULTILINESTRING Z ((438159.0723 4475118.4094 0,438139.9057 4475112.2427 0))",2705019,Verde,Línea,4
"MULTILINESTRING Z ((437845.0723 4475377.1594 0,437893.3223 4475401.8261 0))",2705025,Verde,Línea,11
"MULTILINESTRING Z ((437944.9057 4475428.9094 0,437951.4057 4475432.3261 0,437952.0723 4475433.0761 0,437952.9057 4475433.6594 0,437981.739 4475465.9927 0))",2705040,Verde,Línea,11
"MULTILINESTRING Z ((438003.1557 4475458.3261 0,438020.989 4475439.5761 0))",2705043,Verde,Línea,7
"MULTILINESTRING Z ((437959.7807 4475423.3261 0,438035.5723 4475356.0761 0))",2705044,Verde,Línea,20
"MULTILINESTRING Z ((438041.739 4475350.7427 0,438050.0723 4475342.9094 0))",2705045,Verde,Línea,4
"MULTILINESTRING Z ((437767.85 4472988.3787 0,437760.9499 4472995.6167 0,437756.9198 4472998.5762 0,437750.2248 4473001.9566 0,437731.9827 4473010.1556 0,437729.8563 4473011.4704 0))",2705050,Verde,Línea,9
"MULTILINESTRING Z ((437715.989 4473026.1594 0,437719.989 4473020.0761 0,437722.989 4473016.8261 0))",2705051,Verde,Línea,2
"MULTILINESTRING Z ((437641.0723 4473017.8261 0,437642.6557 4472989.2427 0))",2705052,Verde,Línea,5
"MULTILINESTRING Z ((437018.3979 4472956.1552 0,437038.6536 4472952.4645 0))",2705053,Verde,Línea,4
"MULTILINESTRING Z ((437584.5748 4473699.8187 0,437602.4976 4473708.0908 0))",2705054,Verde,Línea,4
"MULTILINESTRING Z ((441902.739 4479140.0761 0,441910.6557 4479234.9094 0))",2705127,Verde,Línea,20
"MULTILINESTRING Z ((442030.489 4479092.4094 0,442029.5723 4479149.5761 0,442029.8223 4479151.4927 0,442030.489 4479153.0761 0,442033.4057 4479157.8261 0,442038.5723 4479165.0761 0))",2705129,Verde,Línea,14
"MULTILINESTRING Z ((442041.9057 4479794.4927 0,442068.1557 4479803.6594 0))",2705135,Verde,Línea,5
"MULTILINESTRING Z ((441863.3223 4479662.4927 0,441871.489 4479604.7427 0))",2705136,Azul,Línea,12
"MULTILINESTRING Z ((441983.239 4479587.3261 0,442051.8223 4479576.8261 0))",2705143,Verde,Línea,14
"MULTILINESTRING Z ((441991.1557 4479711.9927 0,441989.9057 4479720.8261 0))",2705146,Verde,Línea,1
"MULTILINESTRING Z ((442053.4057 4479754.2427 0,442090.9057 4479766.3261 0))",2705149,Verde,Línea,8
"MULTILINESTRING Z ((441579.6557 4479323.0761 0,441583.4057 4479368.7427 0))",2705154,Verde,Línea,9
"MULTILINESTRING Z ((441658.5723 4479242.9094 0,441674.1557 4479241.9094 0))",2705247,Verde,Batería,5
"MULTILINESTRING Z ((441775.989 4479175.6594 0,441755.489 4479223.1594 0))",2705290,Verde,Línea,10
"MULTILINESTRING Z ((441765.5307 4478936.0761 0,441773.7807 4479030.7011 0))",2705307,Verde,Batería,32
"MULTILINESTRING Z ((441869.489 4478950.9094 0,441870.739 4478966.4094 0))",2705331,Verde,Línea,2
"MULTILINESTRING Z ((441986.489 4478911.0761 0,442008.5723 4478908.5761 0))",2705337,Verde,Línea,4
"MULTILINESTRING Z ((442936.239 4479380.5761 0,442922.9057 4479385.5761 0))",2705354,Verde,Línea,2
"MULTILINESTRING Z ((443151.489 4479347.2427 0,443149.739 4479351.4927 0))",2705355,Verde,Línea,1
"MULTILINESTRING Z ((442995.3999 4479736.4762 0,443001.4254 4479732.9157 0))",2705360,Azul,Línea,1
"MULTILINESTRING Z ((442935.0723 4478877.2427 0,442947.989 4478876.7427 0))",2705369,Verde,Línea,2
"MULTILINESTRING Z ((442953.6557 4478876.4094 0,442979.6557 4478875.2427 0))",2705371,Verde,Línea,6
"MULTILINESTRING Z ((443132.5723 4479041.9927 0,443153.739 4479040.8261 0))",2705377,Azul,Línea,5
"MULTILINESTRING Z ((443068.1557 4479045.9927 0,443124.5723 4479042.7427 0))",2705379,Azul,Línea,11
"MULTILINESTRING Z ((443298.6557 4479561.5761 0,443332.0723 4479553.2427 0))",2705382,Verde,Línea,7
"MULTILINESTRING Z ((442767.3223 4479664.9094 0,442799.9057 4479668.9927 0))",2705391,Verde,Línea,6
"MULTILINESTRING Z ((442550.989 4479744.4094 0,442627.1557 4479755.8261 0))",2705395,Verde,Línea,16
"MULTILINESTRING Z ((442546.5723 4479637.6594 0,442570.6557 4479639.9927 0))",2705404,Verde,Línea,4
"MULTILINESTRING Z ((442535.8223 4479079.9094 0,442547.739 4479080.0761 0))",2705415,Azul,Línea,2
"MULTILINESTRING Z ((442536.239 4479064.8261 0,442541.0723 4479064.9094 0))",2705430,Verde,Línea,1
"MULTILINESTRING Z ((440554.8131 4477184.7983 0,440568.3316 4477183.7983 0))",2705436,Verde,Línea,2
"MULTILINESTRING Z ((442227.5307 4479096.7011 0,442200.6557 4479115.5761 0))",2705445,Verde,Línea,7
"MULTILINESTRING Z ((439115.1834 4477231.9341 0,439122.9859 4477230.9711 0))",2705465,Verde,Línea,1
"MULTILINESTRING Z ((442363.9057 4479269.9927 0,442351.1557 4479272.9927 0))",2705487,Verde,Línea,2
"MULTILINESTRING Z ((442377.4057 4479266.7427 0,442369.0723 4479268.7427 0))",2705512,Verde,Línea,1
"MULTILINESTRING Z ((439780.3851 4476837.3662 0,439787.8913 4476840.9053 0))",2705543,Verde,Línea,1
"MULTILINESTRING Z ((442374.989 4479260.1594 0,442447.239 4479243.5761 0,442484.739 4479236.9094 0,442519.989 4479230.3261 0))",2705545,Verde,Línea,31
"MULTILINESTRING Z ((439768.2534 4476829.3662 0,439781.0307 4476835.3261 0))",2705557,Verde,Línea,2
"MULTILINESTRING Z ((442502.6557 4479177.3261 0,442513.9057 4479173.9094 0))",2705561,Verde,Línea,3
"MULTILINESTRING Z ((442424.9612 4479084.1316 0,442424.4612 4479107.2427 0))",2705597,Verde,Línea,5
"MULTILINESTRING Z ((442424.3501 4479109.8538 0,442424.0723 4479130.7983 0))",2705606,Verde,Línea,4
"MULTILINESTRING Z ((440769.6557 4472119.3261 0,440765.239 4472078.0761 0))",2705650,Verde,Línea,8
"MULTILINESTRING Z ((442399.0723 4472718.5761 0,442396.9057 4472715.4927 0))",2705651,Verde,Batería,1
"MULTILINESTRING Z ((442311.6557 4478811.1594 0,442306.739 4478835.0761 0))",2705658,Verde,Línea,5
"MULTILINESTRING Z ((440307.8007 4479441.2921 0,440315.6526 4479435.9588 0))",2705661,Azul,Línea,2
"MULTILINESTRING Z ((442353.0723 4478442.3261 0,442377.239 4478467.9927 0))",2705663,Verde,Línea,7
"MULTILINESTRING Z ((440685.4179 4479191.7513 0,440677.8623 4479197.2698 0))",2705665,Azul,Línea,2
"MULTILINESTRING Z ((442356.5723 4478433.9094 0,442385.5723 4478464.6594 0))",2705667,Verde,Línea,9
"MULTILINESTRING Z ((442988.9057 4479227.7427 0,442956.4057 4479229.6594 0))",2705701,Verde,Línea,6
"MULTILINESTRING Z ((442303.989 4478848.6594 0,442302.5723 4478855.4927 0))",2705737,Verde,Línea,1
"MULTILINESTRING Z ((443008.489 4479275.1594 0,443030.6557 4479273.9094 0))",2705752,Verde,Batería,6
"MULTILINESTRING Z ((442954.8223 4476695.6594 0,442968.1557 4476698.6594 0))",2705761,Azul,Línea,3
"MULTILINESTRING Z ((443007.989 4477811.2427 0,442997.1557 4477809.4927 0))",2705813,Azul,Línea,2
"MULTILINESTRING Z ((442547.9057 4479907.3261 0,442554.3223 4479904.9094 0))",2705832,Verde,Línea,1
"MULTILINESTRING Z ((442995.5723 4479301.8261 0,443051.239 4479298.4094 0))",2705864,Verde,Línea,12
"MULTILINESTRING Z ((443169.1557 4479293.5761 0,443168.3223 4479298.6594 0))",2705881,Verde,Línea,1
"MULTILINESTRING Z ((443167.489 4479303.0761 0,443166.0723 4479309.8261 0,443164.4057 4479315.7427 0,443162.9057 4479320.1594 0))",2705885,Verde,Línea,4
"MULTILINESTRING Z ((443182.0723 4479256.5761 0,443182.489 4479271.4927 0,443182.4057 4479282.0761 0))",2705886,Azul,Línea,6
"MULTILINESTRING Z ((443209.239 4479185.3261 0,443255.3223 4479182.4094 0))",2705889,Azul,Línea,9
"MULTILINESTRING Z ((440717.5723 4471767.5761 0,440715.1557 4471745.5761 0))",2705897,Azul,Línea,5
"MULTILINESTRING Z ((441508.739 4480218.0822 0,441519.455 4480215.6131 0))",2705957,Verde,Línea,2
"MULTILINESTRING Z ((441542.1711 4480210.3785 0,441526.3439 4480214.0082 0))",2705958,Verde,Línea,3
"MULTILINESTRING Z ((442126.739 4478988.3261 0,442155.3223 4478985.7427 0,442223.9057 4478986.5761 0))",2705959,Verde,Línea,20
"MULTILINESTRING Z ((440955.8913 4476833.037 0,440956.1382 4476836.7242 0))",2705963,Verde,Línea,1
"MULTILINESTRING Z ((442300.8223 4478904.7427 0,442296.5723 4478925.1594 0))",2705964,Verde,Línea,4
"MULTILINESTRING Z ((442299.5012 4478927.3254 0,442356.5845 4478928.742 0))",2705975,Verde,Línea,12
"MULTILINESTRING Z ((440847.5127 4476983.0287 0,440848.3686 4476995.1604 0))",2705977,Verde,Línea,2
"MULTILINESTRING Z ((439520.9859 4476847.144 0,439536.9365 4476846.1069 0))",2705984,Verde,Línea,3
"MULTILINESTRING Z ((439454.418 4476851.3909 0,439512.2205 4476847.6872 0))",2705990,Verde,Línea,13
"MULTILINESTRING Z ((443297.5723 4476454.4927 0,443298.489 4476438.6594 0))",2706026,Verde,Línea,3
"MULTILINESTRING Z ((441556.7735 4479049.152 0,441558.0027 4479062.7604 0))",2706100,Verde,Línea,2
"MULTILINESTRING Z ((437529.239 4475947.6594 0,437526.5723 4475957.1594 0))",2706119,Verde,Línea,2
"MULTILINESTRING Z ((437796.1557 4475499.9094 0,437823.989 4475457.4927 0))",2706120,Verde,Línea,9
"MULTILINESTRING Z ((442633.989 4479460.7427 0,442636.4057 4479472.9927 0))",2706127,Azul,Línea,2
"MULTILINESTRING Z ((442630.1557 4479405.4094 0,442632.0723 4479415.7427 0))",2706128,Verde,Línea,2
"MULTILINESTRING Z ((442632.989 4479420.6594 0,442636.1557 4479437.5761 0))",2706130,Verde,Línea,4
"MULTILINESTRING Z ((439398.6557 4473713.3261 0,439408.739 4473711.4927 0))",2706132,Verde,Línea,2
"MULTILINESTRING Z ((437622.1557 4475881.8261 0,437641.489 4475888.5761 0))",2706133,Verde,Batería,8
"MULTILINESTRING Z ((442837.0723 4479425.2427 0,442852.739 4479418.4927 0))",2706134,Verde,Línea,3
"MULTILINESTRING Z ((439325.4057 4476440.8261 0,439324.6557 4476424.5761 0))",2706145,Verde,Línea,3
"MULTILINESTRING Z ((438985.1592 4475101.0588 0,438997.1588 4475144.4418 0,439007.4276 4475182.1711 0,439012.9658 4475200.6319 0,439014.9273 4475207.9009 0,439016.5426 4475212.2853 0,439019.081 4475216.3236 0,439021.9655 4475219.2081 0,439023.6962 4475220.5927 0))",2706146,Naranja,Línea,26
"MULTILINESTRING Z ((439783.6557 4476659.3261 0,439781.1557 4476619.9927 0))",2706147,Verde,Batería,14
"MULTILINESTRING Z ((439784.4057 4476417.3261 0,439816.9057 4476415.2427 0))",2706148,Verde,Línea,6
"MULTILINESTRING Z ((441073.6557 4472847.4927 0,441096.3223 4472845.8261 0))",2706156,Verde,Línea,5
"MULTILINESTRING Z ((437885.3223 4473646.8261 0,437892.5723 4473650.0761 0))",2706164,Verde,Línea,1
"MULTILINESTRING Z ((442047.739 4479416.9094 0,442075.5723 4479414.9094 0))",2706186,Verde,Línea,5
"MULTILINESTRING Z ((442119.5723 4479405.6594 0,442192.489 4479422.6594 0))",2706273,Azul,Línea,15
"MULTILINESTRING Z ((442107.0723 4479247.4927 0,442135.3223 4479284.5761 0,442144.989 4479297.4094 0,442149.8223 4479304.2427 0,442152.6557 4479309.9927 0,442173.4057 4479337.4927 0,442174.0723 4479338.6594 0))",2706300,Verde,Línea,24
"MULTILINESTRING Z ((440786.0476 4477022.7736 0,440825.6526 4477019.9094 0))",2706359,Verde,Línea,8
"MULTILINESTRING Z ((441855.489 4479158.9927 0,441863.6557 4479158.4927 0))",2706376,Verde,Batería,3
"MULTILINESTRING Z ((443021.0723 4479654.9094 0,443029.1557 4479667.7427 0))",2706405,Verde,Línea,2
"MULTILINESTRING Z ((442777.635 4476091.6333 0,442791.8722 4476090.6446 0))",2706464,Verde,Línea,3
"MULTILINESTRING Z ((444041.3672 4478300.0222 0,444051.0665 4478285.1619 0))",2706495,Verde,Batería,6
"MULTILINESTRING Z ((442655.5723 4476091.4927 0,442637.1557 4476092.9094 0))",2706601,Verde,Línea,3
"MULTILINESTRING Z ((442857.5723 4475772.9094 0,442860.3223 4475807.1594 0))",2706677,Verde,Batería,12
"MULTILINESTRING Z ((442980.1557 4475691.8261 0,442982.0723 4475721.9094 0))",2706679,Verde,Línea,6
"MULTILINESTRING Z ((443111.1557 4475542.7427 0,443111.989 4475570.4094 0))",2706698,Verde,Batería,10
"MULTILINESTRING Z ((443113.489 4475625.4927 0,443114.0723 4475641.9927 0))",2706712,Verde,Batería,5
"MULTILINESTRING Z ((443195.8223 4475530.8261 0,443204.5723 4475530.2427 0))",2706786,Verde,Línea,1
"MULTILINESTRING Z ((442986.739 4475658.0761 0,442983.239 4475607.6594 0))",2706808,Verde,Batería,19
"MULTILINESTRING Z ((442469.8223 4475635.7427 0,442470.5723 4475645.4094 0))",2706862,Verde,Línea,2
"MULTILINESTRING Z ((442515.5723 4475851.4927 0,442551.6557 4475848.9927 0))",2706879,Verde,Línea,7
"MULTILINESTRING Z ((442565.4057 4475838.8261 0,442576.3223 4475837.9927 0))",2706885,Verde,Batería,4
"MULTILINESTRING Z ((442510.5324 4476327.5761 0,442511.7721 4476345.7579 0))",2706909,Verde,Batería,6
"MULTILINESTRING Z ((442457.739 4476218.4094 0,442462.489 4476218.1594 0))",2706923,Verde,Línea,2
"MULTILINESTRING Z ((442446.6557 4476116.3261 0,442473.5723 4476114.3261 0))",2706943,Verde,Línea,4
"MULTILINESTRING Z ((442474.239 4476116.2427 0,442487.8223 4476115.2427 0))",2706948,Verde,Línea,2
"MULTILINESTRING Z ((442493.9057 4476095.8261 0,442493.5723 4476092.5761 0))",2706964,Verde,Batería,1
"MULTILINESTRING Z ((442492.5723 4476078.9094 0,442493.3223 4476089.5761 0))",2706967,Verde,Batería,4
"MULTILINESTRING Z ((442417.739 4475982.0761 0,442452.489 4475979.6594 0))",2706975,Verde,Línea,6
"MULTILINESTRING Z ((442627.989 4476123.2427 0,442628.9057 4476136.8261 0))",2707010,Verde,Batería,5
"MULTILINESTRING Z ((442609.989 4475896.1594 0,442610.5723 4475906.0761 0))",2707014,Verde,Batería,3
"MULTILINESTRING Z ((442613.9057 4475956.5761 0,442610.739 4475908.5761 0))",2707015,Verde,Batería,19
"MULTILINESTRING Z ((442600.3223 4475759.3261 0,442600.6557 4475763.9094 0))",2707022,Verde,Batería,1
"MULTILINESTRING Z ((442482.0723 4475716.4094 0,442543.9057 4475712.2427 0))",2707026,Verde,Línea,13
"MULTILINESTRING Z ((441629.5307 4470816.7011 0,441577.0307 4470771.2011 0))",2707050,Verde,Línea,14
"MULTILINESTRING Z ((442497.4057 4475699.6594 0,442511.739 4475698.8261 0))",2707051,Verde,Línea,3
"MULTILINESTRING Z ((440509.1557 4471873.0761 0,440545.9057 4471837.9511 0))",2707052,Azul,Línea,10
"MULTILINESTRING Z ((441500.9057 4471701.0761 0,441520.4057 4471655.3261 0))",2707056,Verde,Línea,10
"MULTILINESTRING Z ((442515.239 4475698.5761 0,442577.6557 4475694.3261 0))",2707059,Verde,Línea,13
"MULTILINESTRING Z ((441166.739 4471135.4927 0,441181.0723 4471148.2427 0))",2707079,Verde,Batería,9
"MULTILINESTRING Z ((442589.4057 4475609.6594 0,442593.3223 4475668.5761 0))",2707083,Verde,Batería,21
"MULTILINESTRING Z ((442356.6557 4471991.2427 0,442347.9057 4471977.2427 0))",2707088,Verde,Línea,3
"MULTILINESTRING Z ((442367.739 4472008.4927 0,442373.3223 4472017.1594 0))",2707090,Verde,Línea,2
"MULTILINESTRING Z ((442594.3223 4475682.7427 0,442593.489 4475672.9094 0))",2707091,Verde,Batería,3
"MULTILINESTRING Z ((442146.0307 4472055.3261 0,442174.2807 4472021.8261 0))",2707094,Verde,Línea,9
"MULTILINESTRING Z ((442187.1557 4472006.3261 0,442222.7807 4471964.5761 0))",2707095,Verde,Línea,11
"MULTILINESTRING Z ((442100.239 4474848.7427 0,442149.0723 4474845.0761 0))",2707102,Verde,Batería,18
"MULTILINESTRING Z ((440948.1557 4476455.2427 0,441065.8223 4476452.4094 0))",2707107,Verde,Línea,24
"MULTILINESTRING Z ((440345.1557 4470882.4927 0,440346.739 4470870.9927 0))",2707328,Verde,Línea,2
"MULTILINESTRING Z ((442789.9057 4476979.4094 0,442810.989 4477000.9927 0))",2707358,Verde,Línea,5
"MULTILINESTRING Z ((437368.5723 4472963.9927 0,437374.739 4472963.7427 0))",2707393,Verde,Línea,1
"MULTILINESTRING Z ((438826.3223 4475729.1594 0,438806.989 4475718.8261 0))",2707413,Verde,Línea,4
"MULTILINESTRING Z ((438751.739 4475689.7427 0,438786.5723 4475708.5761 0))",2707415,Verde,Línea,8
"MULTILINESTRING Z ((438793.9057 4475712.1594 0,438798.6557 4475714.6594 0))",2707417,Verde,Línea,1
"MULTILINESTRING Z ((439910.0723 4476438.1594 0,439910.739 4476450.4094 0))",2707421,Verde,Batería,4
"MULTILINESTRING Z ((439453.9057 4476203.7427 0,439468.5723 4476202.3261 0))",2707424,Azul,Línea,3
"MULTILINESTRING Z ((439417.0335 4476206.8139 0,439446.2853 4476204.3696 0))",2707426,Verde,Línea,6
"MULTILINESTRING Z ((441220.989 4479635.8261 0,441215.1557 4479649.7427 0))",2707445,Azul,Línea,3
"MULTILINESTRING Z ((441211.739 4479648.9094 0,441208.4057 4479656.1594 0))",2707446,Azul,Línea,1
"MULTILINESTRING Z ((444563.9057 4475688.7427 0,444565.989 4475676.3261 0))",2707513,Verde,Línea,3
"MULTILINESTRING Z ((439501.6557 4476085.4927 0,439502.239 4476095.7427 0))",2707893,Azul,Línea,2
"MULTILINESTRING Z ((440181.3223 4476090.5761 0,440186.4057 4476092.0761 0))",2707894,Verde,Línea,1
"MULTILINESTRING Z ((439454.825 4472738.188 0,439449.6023 4472724.0558 0))",2707900,Verde,Batería,6
"MULTILINESTRING Z ((438390.989 4475054.7427 0,438400.3223 4475043.9927 0))",2707909,Verde,Línea,3
"MULTILINESTRING Z ((441276.739 4472907.9927 0,441274.4057 4472878.4094 0))",2707973,Verde,Línea,6
"MULTILINESTRING Z ((441271.989 4472845.7427 0,441273.739 4472870.0761 0))",2707974,Verde,Línea,5
"MULTILINESTRING Z ((443766.739 4476406.1594 0,443785.4057 4476406.2427 0))",2708263,Verde,Línea,3
"MULTILINESTRING Z ((441110.8378 4476919.3909 0,441110.5662 4476915.539 0))",2708264,Verde,Línea,1
"MULTILINESTRING Z ((440918.9612 4476897.2798 0,440928.3686 4476896.6131 0))",2708269,Verde,Línea,2
"MULTILINESTRING Z ((437876.0723 4475921.3261 0,437872.0723 4475918.7427 0))",2708275,Verde,Línea,1
"MULTILINESTRING Z ((437872.0723 4475918.6594 0,437863.739 4475913.2427 0))",2708276,Verde,Línea,2
"MULTILINESTRING Z ((439817.1094 4480789.9464 0,439855.0353 4480799.9835 0))",2708277,Verde,Línea,8
"MULTILINESTRING Z ((437572.5723 4475863.3261 0,437592.4057 4475869.4094 0))",2708282,Verde,Línea,4
"MULTILINESTRING Z ((437552.239 4475847.8261 0,437558.8223 4475849.7427 0))",2708283,Verde,Batería,2
"MULTILINESTRING Z ((437837.739 4475350.4094 0,437841.0723 4475346.4094 0))",2708284,Verde,Batería,2
"MULTILINESTRING Z ((438738.239 4472452.6594 0,438752.0723 4472437.4927 0,438758.3223 4472431.1594 0,438769.4057 4472421.5761 0,438786.4057 4472407.1594 0))",2708286,Verde,Línea,15
"MULTILINESTRING Z ((439547.1834 4481243.5143 0,439565.5785 4481248.5761 0))",2708287,Verde,Batería,6
"MULTILINESTRING Z ((440918.6557 4475844.4094 0,441017.9057 4475855.9094 0))",2708288,Verde,Línea,20
"MULTILINESTRING Z ((438863.1557 4475511.3261 0,438867.739 4475505.2427 0))",2708289,Verde,Batería,3
"MULTILINESTRING Z ((438922.9057 4475428.2427 0,438924.8223 4475425.7427 0))",2708290,Verde,Batería,1
"MULTILINESTRING Z ((438960.4057 4475377.9927 0,438977.5723 4475354.4927 0))",2708291,Verde,Batería,11
"MULTILINESTRING Z ((441534.5723 4474389.6594 0,441518.6557 4474390.5761 0))",2708312,Verde,Batería,7
"MULTILINESTRING Z ((438607.0723 4475009.0761 0,438645.3223 4474967.4094 0))",2708314,Azul,Línea,11
"MULTILINESTRING Z ((438284.0784 4473957.5939 0,438280.4346 4473981.2028 0))",2708317,Verde,Batería,9
"MULTILINESTRING Z ((440969.739 4476761.6872 0,440984.2205 4476760.6501 0))",2708343,Verde,Línea,3
"MULTILINESTRING Z ((440990.1834 4476760.2057 0,441014.6649 4476758.502 0))",2708345,Verde,Línea,5
"MULTILINESTRING Z ((440537.8995 4479732.7736 0,440540.4921 4479731.539 0))",2708366,Azul,Batería,2
"MULTILINESTRING Z ((439685.713 4480887.2275 0,439689.5285 4480872.8617 0))",2708406,Verde,Batería,7
"MULTILINESTRING Z ((439681.9612 4481027.8724 0,439687.3686 4481029.3168 0))",2708461,Verde,Línea,1
"MULTILINESTRING Z ((439845.5044 4481001.3168 0,439851.9077 4480979.9176 0))",2708464,Verde,Línea,4
"MULTILINESTRING Z ((437776.6557 4475849.5761 0,437819.3223 4475877.1594 0))",2708619,Verde,Línea,8
"MULTILINESTRING Z ((437829.4057 4475883.8261 0,437834.9057 4475886.9927 0))",2708620,Verde,Línea,1
"MULTILINESTRING Z ((437772.739 4475855.0761 0,437798.1557 4475871.2427 0))",2708621,Verde,Línea,6
"MULTILINESTRING Z ((437806.4057 4475876.6594 0,437856.9057 4475909.4927 0))",2708622,Verde,Línea,11
"MULTILINESTRING Z ((439618.739 4479199.8724 0,439621.2946 4479229.9464 0))",2708623,Azul,Línea,6
"MULTILINESTRING Z ((438291.8223 4475278.4094 0,438271.989 4475299.1594 0,438261.5723 4475310.3261 0,438240.0723 4475333.7427 0))",2708624,Verde,Línea,15
"MULTILINESTRING Z ((438331.489 4475237.1594 0,438312.9057 4475255.7427 0,438297.6557 4475271.9927 0))",2708625,Verde,Línea,9
"MULTILINESTRING Z ((440133.3316 4481654.0205 0,440136.2946 4481651.0205 0,440147.4057 4481638.0946 0))",2708626,Verde,Línea,5
"MULTILINESTRING Z ((438653.4057 4474932.7011 0,438649.7807 4474937.2011 0))",2708627,Azul,Línea,1
"MULTILINESTRING Z ((438594.6557 4474999.0761 0,438627.9057 4474961.4511 0))",2708628,Azul,Línea,10
"MULTILINESTRING Z ((440213.466 4480642.0411 0,440211.5168 4480641.7983 0))",2708630,Verde,Batería,1
"MULTILINESTRING Z ((440710.8378 4481022.2002 0,440712.407 4481022.5624 0))",2708634,Verde,Batería,1
"MULTILINESTRING Z ((441186.5744 4481430.7654 0,441191.0682 4481429.1522 0))",2708635,Azul,Línea,1
"MULTILINESTRING Z ((441212.5662 4481421.465 0,441216.6557 4481419.9094 0))",2708636,Azul,Línea,1
"MULTILINESTRING Z ((440358.3769 4481081.6241 0,440362.942 4481064.4389 0))",2708641,Verde,Batería,7
"MULTILINESTRING Z ((439728.5497 4480492.4773 0,439748.3467 4480477.5308 0))",2708643,Verde,Batería,10
"MULTILINESTRING Z ((438526.5723 4475097.4094 0,438542.3223 4475080.2427 0))",2708646,Azul,Línea,5
"MULTILINESTRING Z ((438566.989 4475052.8261 0,438557.1557 4475063.9927 0))",2708657,Azul,Línea,3
"MULTILINESTRING Z ((438547.989 4475073.4927 0,438551.4057 4475070.0761 0))",2708661,Azul,Línea,1
"MULTILINESTRING Z ((441716.489 4477995.3261 0,441747.5723 4478031.9094 0))",2708800,Verde,Batería,16
"MULTILINESTRING Z ((441746.3223 4478033.9927 0,441755.6557 4478045.0761 0))",2708802,Verde,Batería,6
"MULTILINESTRING Z ((441758.239 4478044.4927 0,441790.8223 4478082.9927 0))",2708805,Verde,Batería,16
"MULTILINESTRING Z ((439527.489 4476463.9094 0,439528.0723 4476472.7427 0))",2708925,Azul,Línea,2
"MULTILINESTRING Z ((439530.489 4476503.1594 0,439529.6557 4476493.6594 0))",2708926,Azul,Línea,2
"MULTILINESTRING Z ((439529.1557 4476484.1594 0,439529.489 4476489.5761 0))",2708928,Azul,Línea,1
"MULTILINESTRING Z ((439532.3223 4476526.2427 0,439531.4057 4476514.7427 0))",2708929,Azul,Línea,2
"MULTILINESTRING Z ((439534.739 4476563.5761 0,439533.6557 4476547.8261 0))",2708931,Azul,Línea,3
"MULTILINESTRING Z ((439533.6557 4476547.5761 0,439532.989 4476538.2427 0))",2708932,Azul,Línea,2
"MULTILINESTRING Z ((438502.8223 4474919.4094 0,438534.739 4474881.4094 0))",2708934,Verde,Batería,19
"MULTILINESTRING Z ((439978.6557 4473275.5761 0,439978.239 4473258.5761 0,439978.6557 4473254.9927 0,439980.6557 4473220.1594 0))",2708936,Verde,Línea,11
"MULTILINESTRING Z ((440831.0723 4475402.9927 0,440852.489 4475451.8261 0))",2708944,Verde,Línea,10
"MULTILINESTRING Z ((440862.1557 4475473.5761 0,440854.3223 4475456.1594 0))",2708945,Verde,Batería,4
"MULTILINESTRING Z ((440908.9612 4477013.8724 0,440940.5908 4477011.5761 0))",2708987,Verde,Línea,7
"MULTILINESTRING Z ((437289.4434 4472893.5936 0,437322.3571 4472884.2834 0,437368.7773 4472872.0883 0))",2709024,Verde,Batería,24
"MULTILINESTRING Z ((437611.5049 4473710.0209 0,437604.7954 4473707.2636 0))",2709026,Verde,Batería,3
"MULTILINESTRING Z ((437043.3118 4472928.8677 0,437061.5389 4472926.6385 0,437073.9963 4472924.8027 0,437088.6829 4472923.8848 0))",2709027,Verde,Línea,9
"MULTILINESTRING Z ((442317.0723 4477860.4927 0,442290.989 4477873.6594 0))",2709030,Azul,Línea,6
"MULTILINESTRING Z ((440146.9612 4481861.2427 0,440172.1834 4481869.6316 0))",2709042,Verde,Línea,5
"MULTILINESTRING Z ((440176.5908 4481871.0699 0,440202.9612 4481879.8353 0))",2709049,Verde,Línea,4
"MULTILINESTRING Z ((441225.8501 4479826.6255 0,441237.6526 4479825.9094 0))",2709059,Verde,Línea,2
"MULTILINESTRING Z ((441267.0106 4479824.1069 0,441243.5291 4479825.539 0))",2709061,Verde,Línea,4
"MULTILINESTRING Z ((442647.3223 4474263.9094 0,442654.0723 4474263.3261 0))",2709063,Verde,Línea,1
"MULTILINESTRING Z ((441633.4057 4474879.1594 0,441644.9057 4474878.2427 0))",2709066,Verde,Línea,2
"MULTILINESTRING Z ((440004.5003 4481041.4156 0,440005.1917 4481038.7818 0))",2709067,Verde,Batería,1
"MULTILINESTRING Z ((440841.5723 4472499.7427 0,440877.5723 4472497.2427 0))",2709068,Azul,Línea,8
"MULTILINESTRING Z ((440877.5723 4472497.0761 0,440888.3223 4472496.4094 0))",2709069,Azul,Línea,2
"MULTILINESTRING Z ((439997.3563 4481003.7613 0,440009.5291 4481007.0699 0))",2709071,Verde,Línea,2
"MULTILINESTRING Z ((440239.8254 4480991.8189 0,440247.9077 4480960.609 0))",2709073,Verde,Línea,6
"MULTILINESTRING Z ((440722.9057 4472373.3261 0,440716.1557 4472386.1594 0))",2709074,Azul,Línea,3
"MULTILINESTRING Z ((440693.0723 4472430.5761 0,440709.9057 4472398.9094 0))",2709075,Verde,Línea,6
"MULTILINESTRING Z ((440591.989 4472183.4094 0,440605.489 4472182.3261 0))",2709076,Verde,Batería,4
"MULTILINESTRING Z ((440775.9057 4472176.3261 0,440773.8223 4472159.9927 0))",2709081,Verde,Línea,4
"MULTILINESTRING Z ((440772.4057 4472146.9927 0,440773.5723 4472159.5761 0))",2709085,Verde,Línea,2
"MULTILINESTRING Z ((440906.4631 4472494.984 0,440891.4432 4472496.1207 0))",2709087,Azul,Línea,3
"MULTILINESTRING Z ((443753.1557 4476629.9094 0,443767.8223 4476658.7427 0))",2709176,Azul,Línea,7
"MULTILINESTRING Z ((442050.739 4478110.1594 0,442096.9057 4478107.6594 0))",2709177,Verde,Batería,16
"MULTILINESTRING Z ((444742.8223 4475920.2427 0,444740.989 4475930.7427 0))",2709179,Verde,Línea,2
"MULTILINESTRING Z ((444368.9057 4475545.9094 0,444374.4057 4475569.1594 0))",2709183,Verde,Línea,5
"MULTILINESTRING Z ((444376.8223 4475577.9094 0,444379.8223 4475590.3261 0))",2709184,Verde,Línea,2
"MULTILINESTRING Z ((444376.9057 4475470.4094 0,444365.1557 4475481.5761 0,444362.239 4475485.9927 0,444359.739 4475491.4094 0,444358.739 4475495.6594 0,444358.4057 4475499.4927 0,444358.8223 4475503.9094 0,444366.5723 4475536.5761 0))",2709194,Verde,Línea,15
"MULTILINESTRING Z ((443309.4057 4475945.1594 0,443347.0723 4475950.4927 0))",2709207,Azul,Línea,8
"MULTILINESTRING Z ((443978.6557 4478242.4094 0,443978.5723 4478253.5761 0))",2709209,Verde,Línea,2
"MULTILINESTRING Z ((444756.239 4475994.1594 0,444753.3223 4475993.5761 0))",2709212,Azul,Línea,1
"MULTILINESTRING Z ((444857.989 4476012.1594 0,444871.3223 4476014.4927 0))",2709217,Azul,Línea,3
"MULTILINESTRING Z ((441760.5723 4478699.3261 0,441761.239 4478706.9094 0))",2709311,Verde,Línea,1
"MULTILINESTRING Z ((440220.0229 4478639.0452 0,440200.6649 4478616.7489 0))",2709315,Azul,Línea,6
"MULTILINESTRING Z ((441717.4057 4478755.4927 0,441696.739 4478757.2427 0))",2709316,Verde,Batería,6
"MULTILINESTRING Z ((441724.0723 4478754.9094 0,441734.3223 4478754.0761 0))",2709317,Verde,Batería,5
"MULTILINESTRING Z ((443382.6557 4477859.5761 0,443380.489 4477864.4927 0))",2709319,Verde,Línea,1
"MULTILINESTRING Z ((443378.0723 4477869.9927 0,443373.6557 4477879.7427 0))",2709321,Verde,Línea,2
"MULTILINESTRING Z ((444689.9057 4476668.7427 0,444698.739 4476674.1594 0))",2709322,Verde,Línea,2
"MULTILINESTRING Z ((438805.2807 4473590.3261 0,438806.2807 4473563.0761 0))",2709339,Verde,Línea,5
"MULTILINESTRING Z ((438806.7807 4473546.4511 0,438807.4057 4473531.0761 0))",2709340,Verde,Línea,3
"MULTILINESTRING Z ((440098.0723 4472367.9927 0,440108.9057 4472344.7427 0))",2709341,Verde,Línea,5
"MULTILINESTRING Z ((441480.4057 4475599.2427 0,441481.1557 4475603.5761 0))",2709343,Azul,Línea,1
"MULTILINESTRING Z ((439352.0723 4472824.1594 0,439368.0723 4472814.9094 0,439390.9057 4472803.4094 0))",2709344,Verde,Línea,9
"MULTILINESTRING Z ((442203.3223 4479606.9927 0,442203.739 4479612.3261 0))",2709345,Verde,Línea,1
"MULTILINESTRING Z ((442168.3223 4477980.6594 0,442172.5723 4477990.0761 0))",2709373,Azul,Línea,2
"MULTILINESTRING Z ((445283.5723 4476220.4927 0,445259.4057 4476261.1594 0))",2709377,Verde,Línea,10
"MULTILINESTRING Z ((442060.3223 4476350.3261 0,442060.739 4476355.1594 0))",2709378,Verde,Línea,1
"MULTILINESTRING Z ((440277.739 4480994.6501 0,440281.8871 4480978.8724 0))",2709390,Verde,Línea,3
"MULTILINESTRING Z ((440254.2946 4480968.1872 0,440273.6279 4480973.2983 0))",2709391,Verde,Batería,9
"MULTILINESTRING Z ((442579.0682 4473748.817 0,442576.5744 4473758.5149 0))",2709522,Azul,Línea,2
"MULTILINESTRING Z ((438957.9057 4473871.7427 0,438958.0723 4473876.8261 0))",2709524,Verde,Línea,1
"MULTILINESTRING Z ((439934.739 4473714.4927 0,439932.989 4473709.9094 0))",2709525,Verde,Línea,1
"MULTILINESTRING Z ((437933.0723 4475670.1594 0,437994.989 4475718.0761 0))",2709531,Verde,Línea,16
"MULTILINESTRING Z ((441711.4057 4475186.4094 0,441725.739 4475185.3261 0))",2709532,Verde,Línea,3
"MULTILINESTRING Z ((443226.1557 4473963.6594 0,443235.1557 4473962.9927 0))",2709534,Verde,Línea,2
"MULTILINESTRING Z ((444968.0168 4475818.0205 0,444978.0723 4475819.5205 0))",2709540,Verde,Línea,2
"MULTILINESTRING Z ((444097.8223 4475551.9094 0,444098.1557 4475575.9094 0))",2709541,Verde,Línea,5
"MULTILINESTRING Z ((439857.4797 4480967.6872 0,439889.3316 4480976.0946 0))",2709572,Verde,Batería,14
"MULTILINESTRING Z ((440790.739 4477165.0946 0,440834.3686 4477162.0205 0))",2709594,Verde,Línea,9
"MULTILINESTRING Z ((440213.381 4481800.5514 0,440217.8995 4481802.0329 0))",2709596,Verde,Línea,1
"MULTILINESTRING Z ((441202.311 4481699.7695 0,441202.5085 4481704.0164 0))",2709597,Verde,Línea,1
"MULTILINESTRING Z ((439757.0353 4480773.7613 0,439784.3316 4480781.0576 0))",2709599,Verde,Línea,6
"MULTILINESTRING Z ((440801.4057 4476443.6594 0,440800.239 4476426.0761 0))",2709612,Verde,Línea,4
"MULTILINESTRING Z ((440020.3223 4472252.1594 0,440022.0723 4472261.6594 0))",2709613,Verde,Batería,4
"MULTILINESTRING Z ((442342.989 4476114.8261 0,442315.4057 4476116.8261 0))",2709643,Verde,Batería,10
"MULTILINESTRING Z ((440346.1711 4480913.6872 0,440332.9118 4480910.3045 0))",2709652,Verde,Batería,5
"MULTILINESTRING Z ((440150.2205 4481151.2798 0,440160.6649 4481154.0205 0))",2709653,Verde,Batería,4
"MULTILINESTRING Z ((442024.1557 4477444.2427 0,442075.489 4477463.8261 0))",2709681,Verde,Línea,10
"MULTILINESTRING Z ((442106.239 4477252.7427 0,442107.989 4477277.6594 0))",2709685,Verde,Línea,6
"MULTILINESTRING Z ((442292.8223 4477258.9927 0,442302.0723 4477250.0761 0))",2709688,Verde,Línea,2
"MULTILINESTRING Z ((439265.1557 4472929.8261 0,439269.9057 4472933.0761 0))",2709698,Azul,Línea,1
"MULTILINESTRING Z ((441983.3223 4477679.7427 0,441990.9057 4477676.2427 0))",2709703,Verde,Línea,1
"MULTILINESTRING Z ((442021.489 4477690.5761 0,442030.3223 4477709.3261 0))",2709712,Azul,Línea,4
"MULTILINESTRING Z ((442046.6557 4477559.4927 0,442034.3223 4477565.9094 0))",2709729,Verde,Línea,3
"MULTILINESTRING Z ((442107.739 4477612.2427 0,442096.1557 4477618.6594 0))",2709732,Verde,Línea,2
"MULTILINESTRING Z ((439271.8501 4472920.465 0,439276.1279 4472923.6316 0))",2709742,Verde,Línea,1
"MULTILINESTRING Z ((439326.1279 4472958.1872 0,439330.0168 4472960.8538 0))",2709743,Verde,Línea,1
"MULTILINESTRING Z ((441030.4358 4475348.7564 0,441039.7488 4475362.4559 0))",2709745,Verde,Línea,3
"MULTILINESTRING Z ((442358.239 4477644.9094 0,442375.1557 4477683.7427 0))",2709746,Verde,Línea,9
"MULTILINESTRING Z ((438462.7478 4473905.1068 0,438482.926 4473907.9412 0))",2709764,Verde,Línea,4
"MULTILINESTRING Z ((438428.6002 4473899.5055 0,438440.4776 4473901.3951 0))",2709765,Verde,Línea,2
"MULTILINESTRING Z ((438440.6126 4473901.3276 0,438446.8212 4473902.3399 0))",2709766,Verde,Línea,1
"MULTILINESTRING Z ((439582.872 4472725.5954 0,439626.2652 4472709.9387 0))",2709767,Verde,Línea,9
"MULTILINESTRING Z ((442351.4057 4477048.3261 0,442330.739 4477067.4927 0))",2709768,Verde,Batería,9
"MULTILINESTRING Z ((441729.4057 4477937.7427 0,441779.5723 4477997.4927 0,441804.0723 4478026.4927 0,441821.739 4478047.1594 0,441824.5723 4478050.2427 0,441826.239 4478051.0761 0,441828.1557 4478051.4927 0))",2709786,Verde,Línea,29
"MULTILINESTRING Z ((441903.239 4478082.2427 0,441956.0723 4478058.7427 0))",2709790,Verde,Línea,12
"MULTILINESTRING Z ((441911.489 4478025.3261 0,441907.8223 4477971.4927 0,441907.489 4477964.9927 0))",2709793,Verde,Línea,14
"MULTILINESTRING Z ((442433.989 4477859.0761 0,442435.5723 4477882.0761 0))",2709797,Verde,Línea,4
"MULTILINESTRING Z ((441827.9057 4475629.4094 0,441839.5723 4475628.6594 0))",2709803,Verde,Línea,2
"MULTILINESTRING Z ((442224.739 4477845.3261 0,442208.6557 4477853.3261 0))",2709804,Verde,Línea,3
"MULTILINESTRING Z ((442099.4057 4477791.3261 0,442119.239 4477780.8261 0))",2709812,Verde,Línea,4
"MULTILINESTRING Z ((440388.6557 4474817.0761 0,440386.1557 4474805.0761 0))",2709823,Verde,Línea,2
"MULTILINESTRING Z ((440382.4057 4474789.4094 0,440383.9057 4474796.4927 0))",2709824,Verde,Línea,1
"MULTILINESTRING Z ((437317.0723 4473435.0761 0,437347.8223 4473424.9094 0))",2709825,Verde,Batería,11
"MULTILINESTRING Z ((442353.9057 4477217.0761 0,442368.989 4477232.3261 0))",2709828,Azul,Línea,5
"MULTILINESTRING Z ((441988.4057 4477039.9094 0,442038.1557 4477036.4094 0))",2709830,Verde,Línea,10
"MULTILINESTRING Z ((442254.3223 4477006.2427 0,442246.739 4477015.9094 0))",2709835,Verde,Línea,3
"MULTILINESTRING Z ((442270.3223 4476985.8261 0,442259.489 4476999.5761 0))",2709838,Verde,Línea,4
"MULTILINESTRING Z ((442291.489 4477105.2427 0,442273.1557 4477122.4927 0))",2709845,Verde,Batería,10
"MULTILINESTRING Z ((441806.9057 4477560.8261 0,441791.9057 4477565.4927 0))",2709852,Verde,Línea,2
"MULTILINESTRING Z ((441932.4057 4477702.8261 0,441924.5723 4477706.3261 0))",2709860,Verde,Línea,1
"MULTILINESTRING Z ((441743.489 4477847.9927 0,441755.989 4477840.5761 0))",2709905,Verde,Línea,3
"MULTILINESTRING Z ((441762.4057 4477836.6594 0,441757.6557 4477839.4927 0))",2709909,Verde,Línea,1
"MULTILINESTRING Z ((441678.3223 4477202.8261 0,441713.489 4477187.4094 0))",2709919,Verde,Línea,7
"MULTILINESTRING Z ((441839.989 4477099.9927 0,441841.1557 4477116.2427 0,441844.1557 4477119.8261 0))",2709920,Verde,Línea,4
"MULTILINESTRING Z ((441896.5723 4477046.5761 0,441901.0723 4477046.2427 0))",2709921,Verde,Línea,1
"MULTILINESTRING Z ((443609.2273 4475244.0442 0,443618.9122 4475240.0472 0))",2709969,Verde,Línea,2
"MULTILINESTRING Z ((443588.239 4475245.5761 0,443613.6557 4475235.0761 0))",2709970,Azul,Batería,11
"MULTILINESTRING Z ((441594.239 4477311.2427 0,441593.239 4477316.1594 0,441591.9057 4477321.5761 0,441591.0723 4477324.3261 0))",2709986,Verde,Línea,2
"MULTILINESTRING Z ((438937.989 4472974.4927 0,438935.0723 4472994.0761 0))",2709987,Verde,Línea,4
"MULTILINESTRING Z ((440275.6557 4472197.9927 0,440256.8223 4472238.0761 0))",2709988,Verde,Línea,9
"MULTILINESTRING Z ((441561.239 4477286.2427 0,441579.8223 4477284.9927 0))",2709989,Verde,Línea,2
"MULTILINESTRING Z ((439058.0633 4474924.3362 0,439055.8067 4474925.9481 0,439051.6159 4474928.2047 0,439047.7474 4474929.8166 0,439044.4162 4474930.3538 0,439041.4074 4474930.3538 0,438986.604 4474923.2617 0))",2709990,Verde,Línea,16
"MULTILINESTRING Z ((441433.6557 4476707.3261 0,441427.239 4476731.2427 0))",2710001,Azul,Línea,4
"MULTILINESTRING Z ((441567.989 4476618.4927 0,441567.4057 4476611.8261 0))",2710010,Azul,Línea,1
"MULTILINESTRING Z ((438873.7312 4472793.2319 0,438874.3897 4472787.042 0))",2710055,Verde,Línea,1
"MULTILINESTRING Z ((438872.1508 4472804.2948 0,438873.3361 4472795.3391 0))",2710059,Verde,Línea,2
"MULTILINESTRING Z ((438870.5704 4472815.2259 0,438871.8874 4472806.1386 0))",2710061,Verde,Línea,2
"MULTILINESTRING Z ((438880.3162 4472751.3513 0,438884.0038 4472738.1812 0))",2710064,Verde,Línea,3
"MULTILINESTRING Z ((442099.489 4476898.9927 0,442100.5723 4476914.3261 0))",2710084,Azul,Línea,2
"MULTILINESTRING Z ((438905.4127 4472694.8061 0,438908.3978 4472690.8553 0))",2710086,Verde,Línea,1
"MULTILINESTRING Z ((438909.7147 4472688.9237 0,438914.2801 4472682.8658 0))",2710087,Verde,Línea,1
"MULTILINESTRING Z ((438915.5971 4472681.1099 0,438921.7428 4472673.8228 0))",2710090,Verde,Línea,2
"MULTILINESTRING Z ((438923.2353 4472672.0669 0,438929.3811 4472664.6042 0))",2710093,Verde,Línea,2
"MULTILINESTRING Z ((438944.482 4472646.7815 0,438940.9702 4472650.9079 0))",2710098,Verde,Línea,1
"MULTILINESTRING Z ((438945.799 4472645.2012 0,438952.1203 4472637.6507 0))",2710102,Verde,Línea,2
"MULTILINESTRING Z ((438953.4373 4472635.9826 0,438959.6708 4472628.6077 0))",2710104,Verde,Línea,2
"MULTILINESTRING Z ((438921.0723 4472694.9094 0,438925.0723 4472689.9094 0))",2710115,Verde,Línea,1
"MULTILINESTRING Z ((438927.989 4472686.4094 0,438934.8223 4472678.2427 0))",2710117,Verde,Línea,2
"MULTILINESTRING Z ((438940.5723 4472671.4094 0,438953.239 4472656.4927 0))",2710118,Verde,Línea,4
"MULTILINESTRING Z ((438970.6626 4472636.3769 0,438966.3165 4472640.8547 0))",2710124,Verde,Línea,1
"MULTILINESTRING Z ((438842.8139 4472754.771 0,438850.7156 4472756.2635 0))",2710131,Verde,Batería,3
"MULTILINESTRING Z ((438832.8929 4472752.6639 0,438841.8482 4472754.4198 0))",2710132,Verde,Batería,3
"MULTILINESTRING Z ((438832.1139 4472752.5366 0,438823.6851 4472751.0879 0))",2710134,Verde,Batería,3
"MULTILINESTRING Z ((438822.7964 4472750.8201 0,438814.5435 4472749.0642 0))",2710136,Verde,Batería,3
"MULTILINESTRING Z ((438812.5242 4472748.5374 0,438805.0615 4472746.8693 0))",2710137,Verde,Batería,3
"MULTILINESTRING Z ((441464.4057 4477822.7427 0,441535.9057 4477816.0761 0))",2710140,Verde,Línea,15
"MULTILINESTRING Z ((438803.7446 4472746.4303 0,438801.0229 4472745.9036 0))",2710141,Verde,Batería,1
"MULTILINESTRING Z ((438859.2442 4472765.97 0,438849.3667 4472763.9945 0))",2710142,Verde,Línea,2
"MULTILINESTRING Z ((438847.5229 4472763.7311 0,438837.9088 4472761.7556 0))",2710143,Verde,Línea,2
"MULTILINESTRING Z ((438836.5918 4472761.3605 0,438826.8459 4472758.9899 0))",2710144,Verde,Línea,2
"MULTILINESTRING Z ((438813.4784 4472756.4876 0,438808.3421 4472755.4998 0))",2710147,Verde,Línea,1
"MULTILINESTRING Z ((438807.3543 4472755.0389 0,438802.4814 4472753.9853 0))",2710149,Verde,Línea,1
"MULTILINESTRING Z ((439032.3662 4472585.3241 0,439041.936 4472581.9 0))",2710158,Verde,Línea,2
"MULTILINESTRING Z ((439043.3407 4472581.3733 0,439047.3793 4472579.8807 0))",2710159,Verde,Línea,1
"MULTILINESTRING Z ((439048.6085 4472579.5295 0,439052.4715 4472578.037 0))",2710160,Verde,Línea,1
"MULTILINESTRING Z ((439054.403 4472577.0712 0,439063.7094 4472573.735 0))",2710163,Verde,Línea,2
"MULTILINESTRING Z ((439074.5084 4472569.6964 0,439065.2898 4472573.1204 0))",2710166,Verde,Línea,2
"MULTILINESTRING Z ((439085.3073 4472565.7455 0,439075.6497 4472569.2574 0))",2710168,Verde,Línea,2
"MULTILINESTRING Z ((439086.9755 4472565.3065 0,439096.5453 4472561.7947 0))",2710170,Verde,Línea,2
"MULTILINESTRING Z ((439046.1502 4472588.8359 0,439092.2432 4472571.6279 0))",2710188,Verde,Línea,10
"MULTILINESTRING Z ((439101.0229 4472568.0282 0,439106.4662 4472566.0089 0))",2710193,Verde,Línea,1
"MULTILINESTRING Z ((439107.432 4472565.7455 0,439120.2503 4472561.1801 0))",2710195,Verde,Línea,3
"MULTILINESTRING Z ((441514.5723 4477761.0761 0,441484.239 4477715.2427 0))",2710203,Verde,Línea,11
"MULTILINESTRING Z ((439003.5877 4472841.1708 0,439005.0364 4472831.2933 0))",2710207,Verde,Línea,2
"MULTILINESTRING Z ((439005.4315 4472829.1861 0,439006.4851 4472819.7037 0))",2710208,Verde,Línea,2
"MULTILINESTRING Z ((439006.8802 4472818.1233 0,439007.5387 4472813.3821 0))",2710210,Verde,Línea,1
"MULTILINESTRING Z ((439007.8021 4472812.7236 0,439008.0655 4472808.2458 0))",2710211,Verde,Línea,1
"MULTILINESTRING Z ((439008.724 4472806.0069 0,439009.1191 4472801.3974 0))",2710212,Verde,Línea,1
"MULTILINESTRING Z ((439017.6164 4472751.3469 0,439020.2503 4472741.6893 0))",2710213,Verde,Línea,2
"MULTILINESTRING Z ((439020.8648 4472739.8456 0,439024.4645 4472730.7148 0))",2710214,Verde,Línea,2
"MULTILINESTRING Z ((439024.9913 4472729.4856 0,439028.9421 4472720.0914 0))",2710216,Verde,Línea,2
"MULTILINESTRING Z ((439024.9035 4472750.469 0,439022.7964 4472758.1072 0))",2710220,Verde,Batería,3
"MULTILINESTRING Z ((439025.2547 4472748.8008 0,439026.835 4472743.5331 0))",2710221,Verde,Batería,2
"MULTILINESTRING Z ((439027.5374 4472741.8649 0,439031.3126 4472731.4172 0))",2710224,Verde,Batería,4
"MULTILINESTRING Z ((439032.2784 4472729.9246 0,439037.7217 4472717.1064 0))",2710225,Verde,Batería,5
"MULTILINESTRING Z ((439038.7753 4472715.2626 0,439041.2336 4472710.6972 0))",2710226,Verde,Batería,2
"MULTILINESTRING Z ((439036.1707 4472705.605 0,439041.2628 4472697.001 0))",2710229,Verde,Línea,2
"MULTILINESTRING Z ((439048.3451 4472697.879 0,439052.852 4472691.4406 0))",2710231,Verde,Batería,3
"MULTILINESTRING Z ((440366.0353 4480653.7983 0,440379.2575 4480657.2427 0))",2710235,Verde,Línea,2
"MULTILINESTRING Z ((440675.6557 4476232.4094 0,440678.4057 4476222.6594 0))",2710242,Verde,Línea,2
"MULTILINESTRING Z ((440678.3106 4476222.7118 0,440680.9125 4476214.3408 0))",2710243,Verde,Línea,2
"MULTILINESTRING Z ((440683.288 4476204.4991 0,440694.1477 4476170.5625 0))",2710245,Verde,Línea,7
"MULTILINESTRING Z ((440698.7858 4476155.0648 0,440696.1839 4476164.1145 0))",2710247,Verde,Línea,2
"MULTILINESTRING Z ((439074.1557 4472655.2011 0,439103.2807 4472621.4511 0))",2710250,Verde,Línea,9
"MULTILINESTRING Z ((439117.9057 4472604.9511 0,439134.6557 4472585.5761 0))",2710251,Verde,Línea,5
"MULTILINESTRING Z ((439084.9057 4472648.4511 0,439088.0307 4472644.2011 0))",2710252,Verde,Línea,1
"MULTILINESTRING Z ((440295.8501 4481151.5637 0,440300.8131 4481132.6008 0))",2710253,Verde,Batería,8
"MULTILINESTRING Z ((439088.489 4472643.5761 0,439091.8223 4472639.9094 0))",2710254,Verde,Línea,1
"MULTILINESTRING Z ((439092.239 4472639.1316 0,439099.239 4472631.0205 0))",2710255,Verde,Línea,2
"MULTILINESTRING Z ((439099.9612 4472630.3538 0,439106.7946 4472622.6872 0))",2710256,Verde,Línea,2
"MULTILINESTRING Z ((439133.8223 4472596.8261 0,439126.9057 4472604.7427 0))",2710258,Verde,Línea,2
"MULTILINESTRING Z ((440413.2026 4480760.8559 0,440412.0065 4480765.4979 0))",2710260,Verde,Línea,1
"MULTILINESTRING Z ((440242.097 4480639.8106 0,440248.4427 4480640.5761 0))",2710265,Verde,Línea,1
"MULTILINESTRING Z ((438895.4057 4472861.6594 0,438910.489 4472863.5761 0))",2710266,Verde,Línea,3
"MULTILINESTRING Z ((438968.239 4472871.1594 0,438983.3223 4472873.2427 0))",2710267,Verde,Línea,3
"MULTILINESTRING Z ((440088.5415 4480636.9218 0,440066.5415 4480637.8847 0))",2710268,Verde,Batería,9
"MULTILINESTRING Z ((439026.0723 4472878.6594 0,439085.739 4472886.6594 0))",2710269,Verde,Línea,12
"MULTILINESTRING Z ((439140.8223 4472893.9927 0,439161.0723 4472896.4094 0))",2710271,Verde,Línea,4
"MULTILINESTRING Z ((439175.4057 4472898.4094 0,439185.239 4472899.7427 0))",2710272,Verde,Línea,2
"MULTILINESTRING Z ((438951.5454 4472855.6805 0,438986.3967 4472860.2199 0))",2710275,Azul,Línea,7
"MULTILINESTRING Z ((439031.9378 4472866.2238 0,439099.5905 4472875.1562 0))",2710276,Azul,Línea,13
"MULTILINESTRING Z ((439126.9057 4472859.8261 0,439129.739 4472836.4094 0))",2710279,Verde,Batería,7
"MULTILINESTRING Z ((439178.8223 4472806.6594 0,439173.4057 4472805.9927 0))",2710290,Verde,Línea,1
"MULTILINESTRING Z ((441677.1557 4478110.9927 0,441677.739 4478120.4927 0))",2710298,Verde,Batería,4
"MULTILINESTRING Z ((441674.1557 4478110.3261 0,441673.4057 4478099.9927 0))",2710299,Verde,Batería,4
"MULTILINESTRING Z ((441671.489 4478039.2427 0,441676.0723 4478099.0761 0))",2710300,Verde,Batería,31
"MULTILINESTRING Z ((439207.6557 4472726.3445 0,439263.6009 4472726.1795 0))",2710303,Verde,Batería,18
"MULTILINESTRING Z ((439209.636 4472719.5783 0,439219.4553 4472719.5783 0))",2710305,Verde,Línea,2
"MULTILINESTRING Z ((439256.092 4472719.6608 0,439261.538 4472719.6608 0))",2710306,Verde,Línea,1
"MULTILINESTRING Z ((439247.7857 4472858.047 0,439249.8899 4472849.7539 0))",2710312,Azul,Línea,1
"MULTILINESTRING Z ((439264.4957 4472796.6533 0,439280.0916 4472737.8589 0))",2710314,Azul,Línea,11
"MULTILINESTRING Z ((439320.8145 4472627.9443 0,439324.5278 4472612.2245 0))",2710316,Verde,Línea,3
"MULTILINESTRING Z ((439326.0132 4472608.0161 0,439329.8503 4472592.7914 0))",2710317,Verde,Línea,3
"MULTILINESTRING Z ((442129.4057 4477132.6594 0,442149.6557 4477131.1594 0))",2710336,Verde,Línea,4
"MULTILINESTRING Z ((442297.5723 4477099.0761 0,442304.0723 4477092.9927 0))",2710339,Verde,Batería,3
"MULTILINESTRING Z ((439021.1557 4472589.5761 0,439030.7807 4472586.0761 0))",2710353,Verde,Línea,2
"MULTILINESTRING Z ((444553.1557 4476378.8261 0,444580.739 4476396.0761 0))",2710355,Verde,Línea,7
"MULTILINESTRING Z ((440494.2452 4480110.3209 0,440498.2781 4480106.8971 0))",2710387,Verde,Línea,1
"MULTILINESTRING Z ((438755.8223 4474847.9927 0,438751.5723 4474852.6594 0))",2710406,Azul,Línea,1
"MULTILINESTRING Z ((438755.8223 4474847.9094 0,438759.6557 4474843.5761 0))",2710407,Azul,Línea,1
"MULTILINESTRING Z ((441607.1557 4472429.0761 0,441603.2807 4472382.2011 0))",2710564,Verde,Línea,10
"MULTILINESTRING Z ((441599.2807 4472334.2011 0,441602.0307 4472367.9511 0))",2710566,Verde,Línea,8
"MULTILINESTRING Z ((442646.0723 4480055.7427 0,442641.3223 4480050.9927 0,442632.8223 4480042.9927 0,442620.239 4480031.4094 0,442613.6557 4480025.5761 0))",2710605,Azul,Línea,8
"MULTILINESTRING Z ((442657.1557 4480069.6594 0,442659.5723 4480072.2427 0,442666.989 4480082.8261 0,442673.739 4480095.3261 0,442676.6557 4480103.9094 0,442679.0723 4480114.0761 0,442684.3223 4480152.4094 0))",2710607,Verde,Línea,19
"MULTILINESTRING Z ((442669.1557 4480152.4511 0,442670.9057 4480166.3261 0))",2710610,Verde,Línea,3
"MULTILINESTRING Z ((442664.489 4480116.3261 0,442663.489 4480111.7427 0,442661.5723 4480105.7427 0,442659.739 4480100.9094 0,442657.5723 4480096.6594 0,442653.739 4480089.5761 0,442648.9057 4480082.5761 0,442644.8223 4480077.0761 0,442639.3223 4480070.9094 0,442629.6557 4480060.4094 0,442617.739 4480049.6594 0,442613.6557 4480045.8261 0))",2710612,Verde,Línea,19
"MULTILINESTRING Z ((439799.0356 4474992.4517 0,439811.7971 4475008.4439 0))",2710710,Verde,Línea,4
"MULTILINESTRING Z ((443596.5908 4476368.9958 0,443593.5538 4476391.2427 0))",2710819,Verde,Línea,4
"MULTILINESTRING Z ((438935.239 4473340.5761 0,438939.4057 4473353.6594 0))",2710936,Verde,Línea,3
"MULTILINESTRING Z ((438255.489 4475393.8261 0,438267.5723 4475377.0761 0))",2710940,Verde,Línea,4
"MULTILINESTRING Z ((437819.9057 4473135.6594 0,437817.9057 4473131.0761 0))",2710941,Verde,Línea,1
"MULTILINESTRING Z ((438132.2807 4475330.0761 0,438215.1557 4475242.4511 0))",2710943,Verde,Batería,46
"MULTILINESTRING Z ((438213.2807 4475233.8261 0,438199.0307 4475248.8261 0))",2710945,Verde,Línea,4
"MULTILINESTRING Z ((439691.0723 4473417.7427 0,439644.8223 4473422.9094 0))",2710946,Verde,Línea,11
"MULTILINESTRING Z ((439750.1557 4473668.9094 0,439760.5723 4473666.9094 0))",2710948,Verde,Línea,2
"MULTILINESTRING Z ((438930.489 4473028.9094 0,438928.8223 4473040.2427 0))",2710950,Verde,Línea,2
"MULTILINESTRING Z ((439563.4057 4473606.6594 0,439575.8223 4473589.8261 0))",2710951,Verde,Línea,4
"MULTILINESTRING Z ((440803.739 4476475.4094 0,440804.5723 4476488.0761 0))",2710957,Verde,Línea,2
"MULTILINESTRING Z ((438290.4057 4475349.9927 0,438293.739 4475345.8261 0))",2711088,Verde,Línea,1
"MULTILINESTRING Z ((437147.6619 4472918.6285 0,437205.537 4472911.1422 0,437227.708 4472908.1188 0,437272.194 4472898.1851 0))",2711137,Verde,Batería,43
"MULTILINESTRING Z ((437137.8721 4472918.9164 0,437110.3743 4472921.7958 0))",2711138,Verde,Batería,11
"MULTILINESTRING Z ((437098.8223 4472922.8261 0,437102.1557 4472922.4927 0))",2711139,Verde,Batería,1
"MULTILINESTRING Z ((437026.2234 4472930.9358 0,437019.0399 4472931.8338 0))",2711140,Verde,Línea,1
"MULTILINESTRING Z ((437002.1368 4472928.0809 0,437012.8895 4472927.8187 0,437023.7734 4472927.163 0))",2711141,Verde,Línea,3
"MULTILINESTRING Z ((437019.2561 4472960.1892 0,437024.5776 4472959.1592 0))",2711142,Verde,Línea,1
"MULTILINESTRING Z ((442898.4427 4478704.1481 0,442997.8007 4478698.5843 0))",2711153,Verde,Línea,21
"MULTILINESTRING Z ((442736.0476 4478701.3168 0,442768.7143 4478699.6378 0,442781.06 4478698.8477 0))",2711155,Verde,Línea,9
"MULTILINESTRING Z ((440311.0024 4480797.0205 0,440330.6238 4480802.0905 0))",2711160,Verde,Batería,9
"MULTILINESTRING Z ((442638.8871 4478703.2592 0,442652.9283 4478702.5185 0))",2711181,Verde,Batería,6
"MULTILINESTRING Z ((440899.6032 4479962.8724 0,440910.6896 4479974.5761 0))",2711185,Verde,Línea,3
"MULTILINESTRING Z ((440562.3223 4472377.8261 0,440565.4057 4472382.6594 0))",2711255,Azul,Línea,1
"MULTILINESTRING Z ((442703.3223 4475248.6594 0,442722.8223 4475247.4094 0))",2711257,Verde,Batería,8
"MULTILINESTRING Z ((442723.1557 4475247.3261 0,442734.739 4475246.4094 0))",2711258,Verde,Batería,4
"MULTILINESTRING Z ((442738.239 4475246.3261 0,442808.9057 4475241.1594 0))",2711259,Verde,Batería,27
"MULTILINESTRING Z ((444229.9983 4476215.0576 0,444244.9983 4476212.4279 0))",2711261,Verde,Línea,3
"MULTILINESTRING Z ((438974.9057 4473828.4094 0,439015.489 4473833.6594 0))",2711262,Verde,Línea,8
"MULTILINESTRING Z ((439042.1557 4473837.2427 0,439023.8223 4473834.7427 0))",2711263,Verde,Línea,4
"MULTILINESTRING Z ((437312.739 4473381.4094 0,437363.9057 4473364.6594 0))",2711264,Verde,Línea,11
"MULTILINESTRING Z ((439051.6557 4473849.2011 0,439051.6557 4473910.4511 0))",2711265,Verde,Línea,13
"MULTILINESTRING Z ((438000.4057 4473262.6594 0,437994.5723 4473247.4927 0))",2711266,Verde,Línea,3
"MULTILINESTRING Z ((437987.489 4473229.4094 0,437990.989 4473238.4094 0))",2711267,Verde,Línea,2
"MULTILINESTRING Z ((437980.9057 4473216.5761 0,437987.739 4473209.6594 0))",2711268,Verde,Batería,4
"MULTILINESTRING Z ((438006.5723 4473217.4927 0,438019.3223 4473224.5761 0,438021.9057 4473226.2427 0,438027.5723 4473241.0761 0))",2711269,Verde,Línea,6
"MULTILINESTRING Z ((439986.8223 4473378.4927 0,439986.9057 4473370.2427 0))",2711270,Verde,Línea,2
"MULTILINESTRING Z ((438668.5723 4474916.2427 0,438688.0723 4474894.4094 0))",2711282,Azul,Línea,6
"MULTILINESTRING Z ((438698.989 4474881.9094 0,438703.5723 4474877.1594 0))",2711283,Azul,Línea,1
"MULTILINESTRING Z ((440278.6834 4481545.7427 0,440287.5307 4481549.7011 0))",2711305,Verde,Línea,2
"MULTILINESTRING Z ((440320.2946 4481567.502 0,440348.0788 4481580.3841 0))",2711306,Verde,Batería,12
"MULTILINESTRING Z ((440364.0723 4481585.2427 0,440371.0307 4481588.3261 0))",2711307,Verde,Línea,1
"MULTILINESTRING Z ((440380.1104 4481592.5038 0,440408.348 4481605.6 0))",2711313,Verde,Línea,6
"MULTILINESTRING Z ((440449.8505 4481624.691 0,440459.0307 4481628.9511 0))",2711314,Verde,Línea,2
"MULTILINESTRING Z ((440481.8303 4481639.4854 0,440475.6279 4481636.6584 0))",2711316,Verde,Línea,1
"MULTILINESTRING Z ((440501.0764 4481650.7325 0,440490.4427 4481645.7613 0))",2711318,Verde,Línea,2
"MULTILINESTRING Z ((440281.8501 4481538.9094 0,440373.9612 4481581.465 0))",2711319,Verde,Línea,21
"MULTILINESTRING Z ((440383.4057 4481585.8261 0,440465.489 4481623.7427 0,440485.0168 4481632.6316 0))",2711323,Verde,Línea,23
"MULTILINESTRING Z ((440494.3603 4481636.9716 0,440495.739 4481637.7613 0,440498.739 4481639.1687 0,440543.1464 4481659.6131 0))",2711327,Verde,Línea,11
"MULTILINESTRING Z ((440539.9242 4481666.3909 0,440509.4427 4481652.2057 0))",2711349,Verde,Línea,7
"MULTILINESTRING Z ((440549.4151 4481670.6358 0,440553.9612 4481672.7427 0))",2711350,Verde,Línea,1
"MULTILINESTRING Z ((440616.2946 4481693.3662 0,440670.6896 4481718.4279 0))",2711352,Verde,Línea,12
"MULTILINESTRING Z ((440625.5374 4481705.7283 0,440652.632 4481718.1234 0))",2711354,Verde,Línea,6
"MULTILINESTRING Z ((440714.7637 4481741.5884 0,440768.7884 4481769.1193 0))",2711356,Verde,Línea,12
"MULTILINESTRING Z ((440778.0719 4481773.7669 0,440855.0307 4481812.3261 0))",2711358,Verde,Línea,18
"MULTILINESTRING Z ((440866.9242 4481818.3168 0,440891.2575 4481830.6501 0,440930.9057 4481850.5761 0))",2711359,Verde,Línea,15
"MULTILINESTRING Z ((440940.7946 4481855.5205 0,440944.9612 4481857.8538 0,440948.8501 4481859.9094 0,440959.1834 4481867.2427 0,440964.4612 4481871.9094 0,440969.0168 4481876.2427 0,440973.239 4481880.8538 0,440977.1834 4481885.9094 0,440981.2946 4481891.7427 0,440984.3501 4481896.8538 0,440987.0168 4481902.2427 0,440989.4612 4481907.965 0,440991.3501 4481913.5761 0,440992.5723 4481918.2983 0,440993.6834 4481924.2983 0,440994.5168 4481929.965 0,440994.7946 4481935.9094 0,440994.4612 4481939.0205 0,440993.6279 4481942.6872 0,440991.6834 4481947.7983 0,440990.5168 4481950.0205 0,440988.9612 4481952.6872 0,440941.1834 4482022.5761 0,440918.7946 4482055.7983 0,440909.6834 4482069.5761 0,440909.6834 4482069.6872 0))",2711362,Verde,Línea,54
"MULTILINESTRING Z ((440973.9612 4481959.3538 0,440980.8871 4481949.2427 0,440982.2946 4481946.9464 0,440984.0353 4481943.0205 0,440984.5908 4481941.5761 0,440985.4427 4481937.6131 0))",2711363,Verde,Línea,5
"MULTILINESTRING Z ((440971.6443 4481895.0452 0,440973.5044 4481897.7942 0,440977.0106 4481903.8518 0,440979.381 4481908.8394 0,440981.8172 4481914.8477 0,440983.4962 4481920.2798 0,440984.2205 4481923.3909 0,440985.5044 4481931.2263 0))",2711367,Verde,Línea,8
"MULTILINESTRING Z ((440935.3223 4481863.7427 0,440941.0723 4481866.9094 0,440944.489 4481868.6594 0,440952.8223 4481874.4927 0,440956.0723 4481877.2427 0))",2711368,Verde,Batería,11
"MULTILINESTRING Z ((440923.8871 4481857.9464 0,440895.7807 4481843.8261 0))",2711369,Verde,Batería,12
"MULTILINESTRING Z ((440860.7807 4481826.3261 0,440884.1557 4481838.2011 0))",2711370,Verde,Batería,11
"MULTILINESTRING Z ((440824.1834 4481807.7427 0,440819.4612 4481805.465 0))",2711373,Verde,Batería,2
"MULTILINESTRING Z ((440725.5291 4481755.5637 0,440765.4799 4481775.7713 0))",2711376,Verde,Línea,9
"MULTILINESTRING Z ((444371.8871 4475592.465 0,444364.8131 4475563.6501 0))",2711378,Verde,Línea,6
"MULTILINESTRING Z ((443200.2699 4479032.4526 0,443202.5415 4479031.7366 0,443214.9859 4479027.144 0))",2711599,Azul,Línea,3
"MULTILINESTRING Z ((442691.6557 4473822.9094 0,442717.4057 4473822.2427 0))",2711659,Azul,Línea,5
"MULTILINESTRING Z ((442717.8223 4473822.0761 0,442727.239 4473821.6594 0,442730.489 4473821.8261 0,442733.4057 4473822.4094 0))",2711660,Azul,Línea,3
"MULTILINESTRING Z ((443286.739 4474619.9094 0,443289.8223 4474615.9927 0,443292.1557 4474614.4094 0,443298.3223 4474611.4094 0,443300.6557 4474610.4927 0))",2711662,Verde,Línea,4
"MULTILINESTRING Z ((442863.5723 4472746.9927 0,442869.1557 4472743.3261 0))",2711663,Verde,Línea,1
"MULTILINESTRING Z ((438215.0307 4475452.8261 0,438246.0307 4475407.8261 0))",2711664,Verde,Línea,11
"MULTILINESTRING Z ((437623.489 4473266.8261 0,437627.4057 4473279.0761 0))",2711666,Verde,Línea,3
"MULTILINESTRING Z ((438005.739 4473586.965 0,438011.3501 4473589.6872 0))",2711667,Verde,Línea,1
"MULTILINESTRING Z ((439908.239 4473184.5761 0,439907.3223 4473188.9927 0))",2711674,Verde,Línea,1
"MULTILINESTRING Z ((439036.0723 4473542.0761 0,439028.8223 4473514.7427 0))",2711676,Verde,Línea,5
"MULTILINESTRING Z ((439876.3223 4472623.3261 0,439901.0723 4472614.9927 0))",2711677,Verde,Línea,5
"MULTILINESTRING Z ((439926.239 4472606.7427 0,439930.489 4472605.4094 0))",2711678,Verde,Línea,1
"MULTILINESTRING Z ((440974.739 4474206.1594 0,440981.9057 4474223.8261 0))",2711700,Verde,Línea,4
"MULTILINESTRING Z ((439533.5723 4473305.9927 0,439544.1557 4473288.3261 0))",2711701,Verde,Línea,4
"MULTILINESTRING Z ((438803.1557 4473674.4094 0,438803.739 4473679.9094 0))",2711704,Verde,Batería,2
"MULTILINESTRING Z ((438807.489 4473723.9094 0,438805.5723 4473701.8261 0))",2711705,Verde,Batería,8
"MULTILINESTRING Z ((440481.4057 4475840.1594 0,440487.489 4475840.7427 0))",2711711,Verde,Línea,1
"MULTILINESTRING Z ((438860.2807 4473599.5761 0,438857.2807 4473499.4511 0))",2711716,Verde,Línea,20
"MULTILINESTRING Z ((438862.0307 4473511.4511 0,438861.6557 4473499.9511 0))",2711717,Verde,Línea,2
"MULTILINESTRING Z ((438862.5307 4473540.5761 0,438861.9057 4473520.8261 0))",2711718,Verde,Línea,4
"MULTILINESTRING Z ((440406.8378 4480125.86 0,440408.9859 4480129.3415 0))",2711972,Verde,Línea,1
"MULTILINESTRING Z ((439417.8748 4480449.4897 0,439420.2699 4480449.5884 0))",2712000,Verde,Batería,1
"MULTILINESTRING Z ((439427.6334 4480760.7132 0,439440.0668 4480713.7777 0))",2712007,Azul,Línea,10
"MULTILINESTRING Z ((439875.1557 4472208.5761 0,439978.5307 4472136.9511 0))",2712062,Azul,Línea,25
"MULTILINESTRING Z ((440006.5307 4472126.2011 0,440010.6557 4472123.2011 0))",2712063,Verde,Línea,1
"MULTILINESTRING Z ((440034.9057 4472110.9927 0,440026.239 4472113.8261 0,440020.6557 4472116.7427 0))",2712064,Verde,Línea,2
"MULTILINESTRING Z ((440034.1557 4472103.5761 0,440096.9057 4472090.8261 0))",2712065,Azul,Línea,13
"MULTILINESTRING Z ((440124.6557 4472084.9511 0,440196.7807 4472068.7011 0))",2712066,Verde,Línea,15
"MULTILINESTRING Z ((441561.5191 4475989.7392 0,441555.9872 4475961.0867 0))",2713472,Azul,Línea,6
"MULTILINESTRING Z ((440457.989 4474794.9094 0,440461.239 4474805.9927 0))",2713475,Verde,Línea,2
"MULTILINESTRING Z ((443431.1557 4475292.7427 0,443430.3223 4475264.5761 0))",2713478,Verde,Batería,9
"MULTILINESTRING Z ((443430.4057 4475264.4094 0,443430.3223 4475255.0761 0))",2713479,Verde,Batería,3
"MULTILINESTRING Z ((442615.6557 4472744.9094 0,442598.4057 4472717.3261 0))",2713511,Verde,Línea,7
"MULTILINESTRING Z ((439829.3163 4475012.282 0,439836.8132 4475011.4814 0))",2713996,Verde,Batería,1
"MULTILINESTRING Z ((440013.6526 4478137.8106 0,440026.097 4478138.4526 0))",2714002,Verde,Línea,2
"MULTILINESTRING Z ((440026.4921 4478140.4526 0,440031.8007 4478140.7489 0))",2714007,Verde,Línea,1
"MULTILINESTRING Z ((440040.5662 4478122.0411 0,440034.5085 4478091.4897 0))",2714008,Verde,Batería,13
"MULTILINESTRING Z ((440049.776 4478122.3785 0,440048.6402 4478116.502 0))",2714009,Verde,Línea,2
"MULTILINESTRING Z ((440062.1464 4478140.465 0,440103.9612 4478143.2427 0))",2714010,Verde,Línea,9
"MULTILINESTRING Z ((440054.4592 4478150.5843 0,440056.632 4478168.4938 0))",2714015,Verde,Línea,3
"MULTILINESTRING Z ((440046.0806 4478154.2606 0,440045.6745 4478150.8696 0))",2714026,Verde,Batería,2
"MULTILINESTRING Z ((440589.3069 4477337.9094 0,440589.9489 4477346.3538 0))",2714082,Verde,Línea,1
"MULTILINESTRING Z ((439597.8244 4480897.8061 0,439599.3681 4480898.2085 0))",2714087,Verde,Batería,1
"MULTILINESTRING Z ((440958.5908 4476748.0946 0,440956.5908 4476718.4279 0))",2714127,Verde,Línea,6
"MULTILINESTRING Z ((440446.0168 4478125.4094 0,440459.4612 4478121.9094 0))",2714140,Verde,Línea,2
"MULTILINESTRING Z ((442569.8223 4474413.1594 0,442594.8223 4474410.8261 0))",2714435,Verde,Línea,5
"MULTILINESTRING Z ((442595.1557 4474410.7427 0,442605.739 4474409.9094 0))",2714436,Verde,Línea,2
"MULTILINESTRING Z ((442685.489 4474964.9927 0,442697.8223 4474964.2427 0))",2714438,Verde,Línea,2
"MULTILINESTRING Z ((442511.9057 4474080.4094 0,442514.6557 4474069.1594 0))",2714440,Azul,Línea,2
"MULTILINESTRING Z ((442514.739 4474068.7427 0,442515.989 4474063.5761 0))",2714441,Azul,Línea,1
"MULTILINESTRING Z ((442507.3223 4474272.2427 0,442546.489 4474268.4094 0))",2714444,Verde,Línea,8
"MULTILINESTRING Z ((442496.9057 4474273.2427 0,442507.1557 4474272.2427 0))",2714445,Verde,Línea,2
"MULTILINESTRING Z ((442552.489 4474267.9094 0,442590.0723 4474264.5761 0))",2714450,Verde,Línea,8
"MULTILINESTRING Z ((442590.1557 4474264.7427 0,442600.9057 4474263.9094 0))",2714451,Verde,Línea,2
"MULTILINESTRING Z ((442647.1557 4474246.3261 0,442688.739 4474242.9927 0))",2714478,Verde,Línea,8
"MULTILINESTRING Z ((442647.239 4474246.0761 0,442637.1557 4474247.1594 0))",2714479,Verde,Línea,2
"MULTILINESTRING Z ((442969.3223 4472678.6594 0,442973.4057 4472675.7427 0))",2714484,Verde,Línea,1
"MULTILINESTRING Z ((442462.3223 4474408.4927 0,442481.0723 4474407.0761 0))",2714488,Verde,Línea,4
"MULTILINESTRING Z ((442452.5723 4474409.4094 0,442462.3223 4474408.4927 0))",2714489,Verde,Línea,2
"MULTILINESTRING Z ((443237.0723 4472370.2427 0,443247.489 4472389.0761 0))",2714499,Verde,Línea,5
"MULTILINESTRING Z ((439426.739 4476611.9927 0,439426.989 4476621.8261 0))",2714501,Verde,Línea,2
"MULTILINESTRING Z ((439591.3316 4480422.1687 0,439591.0723 4480427.3168 0))",2714578,Verde,Batería,2
"MULTILINESTRING Z ((439591.6773 4480414.4279 0,439592.2946 4480401.2674 0))",2714580,Verde,Batería,8
"MULTILINESTRING Z ((440764.3316 4482236.0576 0,440745.0353 4482227.9464 0))",2714629,Verde,Línea,4
"MULTILINESTRING Z ((440349.4112 4482084.9602 0,440360.0888 4482057.1412 0,440360.7801 4482055.7036 0,440361.3837 4482054.716 0,440363.562 4482052.0658 0))",2714631,Verde,Línea,8
"MULTILINESTRING Z ((440864.4612 4482131.465 0,440876.5723 4482104.5205 0))",2714633,Verde,Línea,6
"MULTILINESTRING Z ((440810.0723 4482081.5143 0,440838.2699 4482086.8724 0))",2714649,Azul,Batería,12
"MULTILINESTRING Z ((440800.1502 4474140.6737 0,440798.7499 4474130.1716 0))",2714650,Verde,Línea,2
"MULTILINESTRING Z ((440791.0484 4474078.3612 0,440797.3497 4474121.97 0))",2714651,Verde,Línea,8
"MULTILINESTRING Z ((440780.7637 4482087.6131 0,440780.739 4482083.4897 0))",2714664,Verde,Línea,1
"MULTILINESTRING Z ((440776.3686 4482074.2057 0,440776.9283 4482074.2222 0,440778.4921 4482074.6995 0,440779.6937 4482075.8024 0,440779.99 4482076.2962 0,440780.3686 4482076.9382 0,440780.6649 4482078.4855 0,440780.7143 4482081.4814 0))",2714671,Verde,Línea,2
"MULTILINESTRING Z ((440792.1711 4482231.1193 0,440791.9983 4482196.5267 0))",2714675,Verde,Línea,8
"MULTILINESTRING Z ((440645.1094 4482108.539 0,440692.3686 4482128.3909 0))",2714676,Verde,Línea,11
"MULTILINESTRING Z ((440781.5908 4482196.8724 0,440781.8131 4482223.539 0,440781.6279 4482226.4279 0,440781.3686 4482228.9835 0,440780.6279 4482231.6131 0,440779.9242 4482233.6131 0,440778.776 4482235.6501 0,440777.8501 4482236.9464 0,440776.2575 4482238.0576 0,440774.739 4482238.6872 0,440772.9983 4482238.9835 0,440771.5908 4482238.9835 0))",2714677,Verde,Línea,11
"MULTILINESTRING Z ((440701.739 4482209.7613 0,440719.2205 4482217.0946 0))",2714678,Verde,Línea,4
"MULTILINESTRING Z ((440738.702 4482225.2798 0,440721.9242 4482218.2427 0))",2714679,Verde,Línea,4
"MULTILINESTRING Z ((440668.4427 4482195.7119 0,440664.0476 4482193.8353 0))",2714681,Verde,Línea,1
"MULTILINESTRING Z ((440662.311 4482193.0864 0,440636.8295 4482182.3209 0))",2714682,Verde,Línea,6
"MULTILINESTRING Z ((440577.0847 4482157.3662 0,440581.3316 4482159.1193 0))",2714683,Verde,Línea,1
"MULTILINESTRING Z ((440583.739 4482160.0946 0,440610.0723 4482171.0946 0))",2714684,Verde,Línea,6
"MULTILINESTRING Z ((440612.1834 4482171.9835 0,440634.8871 4482181.502 0))",2714685,Verde,Línea,5
"MULTILINESTRING Z ((440578.6155 4482126.7736 0,440569.5291 4482148.6995 0))",2714688,Verde,Línea,5
"MULTILINESTRING Z ((440566.739 4482124.1316 0,440547.8501 4482169.2057 0))",2714692,Verde,Línea,11
"MULTILINESTRING Z ((440537.702 4482193.0205 0,440539.8131 4482188.6872 0,440546.8501 4482171.539 0))",2714694,Verde,Línea,5
"MULTILINESTRING Z ((440467.1464 4481957.0576 0,440518.5168 4481974.1687 0,440521.2575 4481975.2057 0,440523.8871 4481976.3538 0,440527.3686 4481978.1687 0,440530.4427 4481980.0576 0,440533.702 4481982.3538 0,440535.6279 4481983.8724 0,440537.0353 4481985.0946 0,440538.9242 4481986.9464 0,440541.9983 4481990.6872 0,440544.8501 4481994.5761 0,440548.0353 4481999.6872 0,440549.1094 4482001.5761 0,440550.8131 4482004.9464 0))",2714697,Verde,Línea,22
"MULTILINESTRING Z ((440122.6649 4481928.7983 0,440099.9983 4481920.0946 0,440096.776 4481919.0205 0,440095.9983 4481918.6872 0,440095.3686 4481918.2057 0,440094.3316 4481917.5761 0,440093.3686 4481916.7613 0,440090.8871 4481914.1687 0,440089.702 4481912.5761 0,440089.0353 4481911.3538 0,440088.5538 4481910.2057 0,440088.0353 4481908.5761 0,440087.5168 4481906.1316 0,440087.5168 4481904.3909 0,440087.9242 4481902.0205 0,440088.4427 4481899.6872 0,440102.6279 4481861.8724 0))",2714711,Verde,Línea,19
"MULTILINESTRING Z ((440129.5168 4481931.3909 0,440143.5538 4481936.7613 0))",2714716,Verde,Línea,3
"MULTILINESTRING Z ((440090.4427 4481865.9094 0,440082.739 4481886.6501 0))",2714748,Verde,Línea,5
"MULTILINESTRING Z ((440072.1464 4481895.2674 0,440065.3563 4481892.6995 0))",2714749,Verde,Batería,4
"MULTILINESTRING Z ((440063.7444 4481904.249 0,440067.9876 4481905.8634 0))",2714753,Verde,Línea,1
"MULTILINESTRING Z ((444879.8501 4475722.8477 0,444881.4797 4475712.7736 0))",2714757,Verde,Línea,2
"MULTILINESTRING Z ((444884.5662 4475712.7736 0,444888.3933 4475690.4773 0))",2714759,Verde,Línea,4
"MULTILINESTRING Z ((440094.4756 4481748.5432 0,440098.7061 4481750.9958 0))",2714766,Verde,Línea,1
"MULTILINESTRING Z ((440100.9859 4481752.0329 0,440104.7637 4481753.7119 0,440119.1834 4481758.4526 0))",2714767,Verde,Línea,4
"MULTILINESTRING Z ((440149.3686 4481938.9835 0,440191.0353 4481954.9464 0))",2714771,Verde,Línea,9
"MULTILINESTRING Z ((441625.7267 4481590.8971 0,441624.0229 4481594.8477 0,441621.2575 4481599.86 0,441619.1588 4481603.218 0,441616.8871 4481606.4526 0,441614.2699 4481609.7859 0,441612.0229 4481612.3785 0,441606.0229 4481617.7119 0,441603.6032 4481619.7119 0,441597.5538 4481624.0576 0))",2714779,Rojo,Línea,8
"MULTILINESTRING Z ((440254.4427 4481896.6872 0,440234.8131 4481890.3168 0))",2714780,Verde,Línea,4
"MULTILINESTRING Z ((440282.239 4481905.9927 0,440257.989 4481897.9094 0))",2714781,Verde,Línea,5
"MULTILINESTRING Z ((440327.3501 4481920.7427 0,440312.0168 4481915.7983 0))",2714782,Verde,Línea,3
"MULTILINESTRING Z ((440308.9983 4481914.7613 0,440285.1094 4481906.9464 0))",2714783,Verde,Línea,5
"MULTILINESTRING Z ((440446.6279 4481950.2427 0,440428.1834 4481944.2057 0,440374.8131 4481926.502 0))",2714784,Verde,Línea,16
"MULTILINESTRING Z ((440444.776 4481887.3538 0,440432.739 4481881.2798 0))",2714785,Verde,Línea,2
"MULTILINESTRING Z ((440482.739 4481907.3909 0,440486.9983 4481909.7242 0))",2714786,Verde,Línea,1
"MULTILINESTRING Z ((440520.9983 4481928.6501 0,440516.3686 4481926.0576 0))",2714787,Verde,Línea,1
"MULTILINESTRING Z ((440489.3686 4481911.0205 0,440513.8871 4481924.6872 0))",2714788,Verde,Línea,6
"MULTILINESTRING Z ((440132.9057 4481762.965 0,440156.0723 4481770.5205 0))",2714789,Verde,Línea,5
"MULTILINESTRING Z ((440172.0943 4481775.7914 0,440158.7939 4481771.3799 0))",2714790,Verde,Línea,3
"MULTILINESTRING Z ((440220.6896 4481792.2057 0,440243.0847 4481799.8847 0))",2714791,Verde,Línea,5
"MULTILINESTRING Z ((440259.0518 4481805.646 0,440245.6197 4481800.8065 0))",2714792,Verde,Línea,3
"MULTILINESTRING Z ((441654.2342 4480728.395 0,441692.5881 4480720.1316 0))",2714795,Azul,Línea,8
"MULTILINESTRING Z ((440616.5043 4481543.7086 0,440583.5514 4481527.9053 0,440469.943 4481474.1154 0))",2714805,Verde,Línea,32
"MULTILINESTRING Z ((440843.9891 4481467.5007 0,440839.9831 4481473.2236 0,440834.4336 4481481.8427 0,440812.6345 4481518.2612 0,440788.8931 4481558.6857 0,440781.0024 4481571.7617 0,440761.3885 4481604.2955 0))",2714809,Verde,Línea,32
"MULTILINESTRING Z ((440817.1955 4482068.7615 0,440803.2524 4482065.9 0))",2714810,Azul,Batería,6
"MULTILINESTRING Z ((440745.7405 4481631.0367 0,440742.2871 4481636.6557 0))",2714814,Verde,Línea,1
"MULTILINESTRING Z ((440752.2959 4481647.3083 0,440766.2263 4481624.4813 0,440773.8353 4481611.4289 0,440789.8727 4481584.2705 0,440819.5479 4481534.4022 0,440842.7261 4481495.5963 0,440845.2429 4481491.5576 0,440849.2816 4481484.7095 0,440851.9155 4481481.0221 0))",2714815,Verde,Línea,41
"MULTILINESTRING Z ((440870.5746 4481536.245 0,440883.7633 4481510.648 0,440883.9974 4481509.9196 0,440884.3616 4481508.0206 0,440884.4917 4481506.5119 0,440884.4136 4481504.5869 0,440884.3096 4481503.9626 0,440882.9829 4481499.6964 0))",2714816,Verde,Línea,8
"MULTILINESTRING Z ((440917.739 4481759.465 0,440873.1834 4481736.2983 0,440839.7807 4481718.8261 0))",2714825,Verde,Línea,16
"MULTILINESTRING Z ((440399.1094 4481507.1687 0,440483.9612 4481546.2057 0))",2714826,Verde,Batería,38
"MULTILINESTRING Z ((440518.9057 4481562.3538 0,440578.9057 4481590.0761 0,440629.9057 4481613.8538 0))",2714834,Verde,Batería,52
"MULTILINESTRING Z ((440661.4057 4481628.4094 0,440642.9057 4481619.7427 0))",2714835,Verde,Batería,8
"MULTILINESTRING Z ((440666.2452 4481630.4279 0,440679.989 4481636.6594 0))",2714838,Verde,Línea,3
"MULTILINESTRING Z ((440691.776 4481642.2427 0,440700.7807 4481646.3261 0))",2714839,Verde,Línea,2
"MULTILINESTRING Z ((439930.4612 4476821.6872 0,439931.0168 4476828.3538 0))",2714874,Verde,Línea,1
"MULTILINESTRING Z ((440218.1834 4481579.6131 0,440211.0353 4481595.2798 0))",2714878,Verde,Línea,3
"MULTILINESTRING Z ((440351.1341 4481703.0617 0,440346.0806 4481701.1522 0))",2714879,Verde,Línea,1
"MULTILINESTRING Z ((441260.8131 4481540.502 0,441252.1834 4481543.2057 0))",2714881,Verde,Línea,1
"MULTILINESTRING Z ((440424.8899 4480955.6213 0,440435.4797 4480958.299 0))",2714883,Azul,Batería,4
"MULTILINESTRING Z ((440396.3501 4480920.1872 0,440403.6834 4480892.6872 0,440410.6834 4480865.5205 0))",2714886,Verde,Línea,11
"MULTILINESTRING Z ((440447.702 4480724.9094 0,440445.9242 4480731.6872 0))",2714891,Verde,Línea,1
"MULTILINESTRING Z ((440924.0168 4481762.965 0,440928.2946 4481765.1872 0,440938.4612 4481770.2427 0,440953.0723 4481776.0761 0,440962.4057 4481779.6316 0,440972.239 4481783.0761 0,440982.1279 4481786.3538 0,440994.5168 4481790.0205 0,441000.3501 4481791.465 0,441005.1279 4481792.8538 0))",2714902,Verde,Línea,24
"MULTILINESTRING Z ((440477.894 4480683.0287 0,440496.7472 4480687.956 0,440500.1821 4480688.9547 0,440509.2356 4480691.7421 0,440517.8391 4480694.6831 0,440525.9379 4480697.5912 0,440533.6526 4480700.6639 0,440540.3906 4480703.6159 0,440547.6334 4480706.9739 0,440557.8062 4480712.1536 0))",2714906,Verde,Línea,17
"MULTILINESTRING Z ((440573.8254 4480738.6008 0,440598.5662 4480754.2798 0))",2714911,Verde,Batería,11
"MULTILINESTRING Z ((440563.4304 4480715.1193 0,440569.0847 4480718.1316 0,440571.8254 4480719.7613 0,440620.2699 4480750.6008 0))",2714912,Verde,Línea,13
"MULTILINESTRING Z ((440627.5538 4480755.0205 0,440645.5044 4480756.5761 0))",2714913,Verde,Línea,3
"MULTILINESTRING Z ((440454.3316 4481228.3538 0,440468.5538 4481232.2057 0))",2714922,Verde,Línea,3
"MULTILINESTRING Z ((440494.2205 4481239.1316 0,440474.9612 4481233.9094 0))",2714923,Verde,Línea,4
"MULTILINESTRING Z ((440521.9736 4481246.0576 0,440499.5538 4481240.5761 0))",2714924,Verde,Línea,4
"MULTILINESTRING Z ((440455.381 4481217.3662 0,440460.0888 4481199.2263 0))",2714933,Verde,Batería,7
"MULTILINESTRING Z ((440460.7637 4481196.6419 0,440465.9653 4481177.0205 0))",2714934,Verde,Batería,8
"MULTILINESTRING Z ((440477.3686 4481070.8724 0,440479.1094 4481064.2057 0))",2714935,Verde,Batería,2
"MULTILINESTRING Z ((440389.5168 4481046.1316 0,440408.739 4481051.1316 0))",2714938,Verde,Batería,7
"MULTILINESTRING Z ((440387.0723 4481144.2427 0,440392.4057 4481124.0205 0))",2714939,Verde,Batería,9
"MULTILINESTRING Z ((440394.8131 4481114.9094 0,440396.776 4481107.4279 0))",2714940,Verde,Batería,2
"MULTILINESTRING Z ((440423.6773 4481278.2551 0,440411.1094 4481325.8106 0))",2714943,Verde,Línea,9
"MULTILINESTRING Z ((440601.1834 4481279.7983 0,440584.739 4481279.2983 0,440576.4612 4481278.6316 0,440568.9057 4481277.9094 0,440554.8501 4481276.2427 0))",2714947,Verde,Línea,8
"MULTILINESTRING Z ((440626.9242 4481279.6872 0,440634.5538 4481279.3168 0,440651.5168 4481277.9464 0))",2714949,Verde,Línea,5
"MULTILINESTRING Z ((440669.3316 4481251.5761 0,440651.6649 4481253.7242 0))",2714955,Verde,Línea,3
"MULTILINESTRING Z ((440588.3439 4481255.3662 0,440578.2699 4481254.823 0))",2714964,Verde,Línea,2
"MULTILINESTRING Z ((440542.9612 4481250.0082 0,440548.6649 4481250.9958 0))",2714965,Verde,Línea,1
"MULTILINESTRING Z ((440552.3192 4481251.539 0,440574.2452 4481254.4773 0))",2714966,Verde,Línea,4
"MULTILINESTRING Z ((441546.4427 4481263.6131 0,441551.1464 4481291.7983 0))",2714969,Rojo,Línea,5
"MULTILINESTRING Z ((440634.2946 4481252.0822 0,440633.3926 4481246.8898 0))",2714975,Verde,Línea,1
"MULTILINESTRING Z ((440680.1958 4481250.181 0,440690.5415 4481248.7242 0))",2714980,Verde,Línea,2
"MULTILINESTRING Z ((440693.8131 4481248.2798 0,440714.3686 4481245.4279 0))",2714981,Verde,Línea,4
"MULTILINESTRING Z ((440717.4797 4481244.9835 0,440741.8871 4481241.6131 0,440769.0353 4481237.9835 0,440770.4427 4481237.6501 0,440891.1279 4481221.465 0))",2714983,Verde,Línea,35
"MULTILINESTRING Z ((440739.2946 4481034.7983 0,440730.9612 4481084.1872 0,440727.9057 4481099.3538 0))",2714984,Verde,Línea,13
"MULTILINESTRING Z ((441187.7267 4481205.4897 0,441203.2328 4481203.1934 0,441235.8007 4481198.7736 0,441276.1958 4481193.465 0,441299.5291 4481190.2304 0,441355.3316 4481182.6501 0))",2714986,Azul,Línea,36
"MULTILINESTRING Z ((440982.3501 4481209.0205 0,441004.0168 4481206.1316 0))",2714987,Azul,Línea,4
"MULTILINESTRING Z ((441427.5538 4481170.7613 0,441432.5538 4481170.7613 0))",2714988,Rojo,Línea,1
"MULTILINESTRING Z ((440535.8419 4481937.3168 0,440539.0847 4481939.2098 0))",2715014,Verde,Línea,1
"MULTILINESTRING Z ((440614.5168 4481976.2798 0,440605.0106 4481970.8477 0))",2715016,Verde,Batería,5
"MULTILINESTRING Z ((440546.7555 4481943.6159 0,440578.3933 4481961.6131 0))",2715017,Verde,Línea,7
"MULTILINESTRING Z ((440670.3933 4481756.0576 0,440676.3223 4481745.4094 0))",2715018,Verde,Línea,2
"MULTILINESTRING Z ((440591.702 4480804.1316 0,440600.1217 4480791.7613 0))",2715019,Verde,Batería,6
"MULTILINESTRING Z ((440617.9612 4480778.6501 0,440614.8871 4480781.6501 0,440613.9983 4480782.6501 0,440605.5538 4480792.6872 0))",2715020,Verde,Línea,3
"MULTILINESTRING Z ((440779.8254 4480812.181 0,440793.8501 4480804.6008 0))",2715021,Verde,Línea,4
"MULTILINESTRING Z ((440887.1094 4480895.144 0,440889.4304 4480903.6131 0))",2715023,Verde,Batería,4
"MULTILINESTRING Z ((440768.4839 4480930.7818 0,440798.4427 4480925.9917 0,440823.9406 4480921.7613 0))",2715024,Verde,Línea,11
"MULTILINESTRING Z ((439284.9057 4472930.0761 0,439288.489 4472932.7427 0))",2715032,Verde,Línea,1
"MULTILINESTRING Z ((439297.3223 4472938.3261 0,439316.1557 4472951.1594 0))",2715033,Verde,Línea,5
"MULTILINESTRING Z ((442619.5723 4474974.5761 0,442630.989 4474973.8261 0))",2715034,Verde,Línea,2
"MULTILINESTRING Z ((442639.0723 4474972.9927 0,442649.1557 4474972.4927 0))",2715035,Verde,Línea,2
"MULTILINESTRING Z ((442636.989 4474612.5761 0,442636.6557 4474606.1594 0))",2715036,Verde,Línea,1
"MULTILINESTRING Z ((442636.6557 4474606.0761 0,442636.0723 4474595.5761 0))",2715037,Verde,Línea,2
"MULTILINESTRING Z ((442660.3223 4474406.6594 0,442700.489 4474403.9927 0))",2715040,Verde,Línea,8
"MULTILINESTRING Z ((442648.4057 4474407.1594 0,442659.989 4474406.4094 0))",2715041,Verde,Línea,2
"MULTILINESTRING Z ((442583.0298 4474109.0233 0,442593.0092 4474111.5953 0))",2715043,Verde,Línea,2
"MULTILINESTRING Z ((440728.7143 4477297.2921 0,440729.702 4477311.5143 0))",2715451,Verde,Línea,3
"MULTILINESTRING Z ((440522.1299 4478123.9506 0,440524.6485 4478134.1234 0))",2715738,Verde,Línea,2
"MULTILINESTRING Z ((444636.9859 4475954.6501 0,444651.8748 4475957.3168 0))",2715895,Azul,Línea,3
"MULTILINESTRING Z ((439686.989 4476736.4094 0,439690.489 4476784.6594 0))",2716236,Verde,Batería,17
"MULTILINESTRING Z ((439397.8285 4476017.2513 0,439397.4107 4476009.8977 0))",2716249,Verde,Línea,1
"MULTILINESTRING Z ((439389.9057 4475962.9511 0,439394.2807 4476044.5761 0))",2716251,Verde,Línea,17
"MULTILINESTRING Z ((439394.7807 4476056.3261 0,439394.4057 4476045.0761 0))",2716252,Verde,Línea,2
"MULTILINESTRING Z ((440685.0307 4473392.8261 0,440768.4057 4473479.2011 0))",2716260,Verde,Línea,25
"MULTILINESTRING Z ((437382.7712 4473246.9423 0,437380.3567 4473239.5647 0))",2716302,Verde,Línea,1
"MULTILINESTRING Z ((437377.6382 4473231.6693 0,437374.7767 4473223.532 0))",2716303,Verde,Línea,2
"MULTILINESTRING Z ((437374.7767 4473223.2637 0,437370.2162 4473209.6717 0))",2716304,Verde,Línea,3
"MULTILINESTRING Z ((437366.997 4473200.7295 0,437370.0373 4473209.314 0))",2716305,Verde,Línea,2
"MULTILINESTRING Z ((437343.5686 4473204.1275 0,437361.9894 4473197.7786 0))",2716306,Verde,Línea,4
"MULTILINESTRING Z ((437377.0122 4473192.5027 0,437421.8124 4473177.5694 0))",2716308,Verde,Línea,10
"MULTILINESTRING Z ((437286.9648 4473219.0609 0,437361.3635 4473194.3806 0))",2716309,Verde,Línea,15
"MULTILINESTRING Z ((437375.8497 4473189.9989 0,437452.5733 4473164.1561 0))",2716311,Verde,Línea,17
"MULTILINESTRING Z ((437349.8281 4473151.1006 0,437353.3155 4473161.0264 0))",2716312,Verde,Batería,4
"MULTILINESTRING Z ((437272.2997 4473169.9685 0,437337.7562 4473148.3286 0))",2716313,Verde,Línea,14
"MULTILINESTRING Z ((439698.6279 4476768.9835 0,439697.3316 4476752.1687 0))",2716315,Verde,Línea,3
"MULTILINESTRING Z ((442434.0307 4474371.7011 0,442449.5307 4474313.5761 0))",2716319,Verde,Línea,12
"MULTILINESTRING Z ((442449.5723 4474313.4094 0,442452.489 4474302.3261 0))",2716320,Verde,Línea,2
"MULTILINESTRING Z ((443075.8223 4473341.6594 0,443076.489 4473330.5761 0))",2716321,Verde,Batería,6
"MULTILINESTRING Z ((443092.489 4474380.7427 0,443111.739 4474379.3261 0))",2716322,Azul,Línea,4
"MULTILINESTRING Z ((440054.4174 4479400.1407 0,440060.0723 4479376.4094 0))",2716323,Verde,Línea,5
"MULTILINESTRING Z ((440064.1217 4479359.5884 0,440061.5291 4479370.823 0))",2716324,Verde,Línea,2
"MULTILINESTRING Z ((440066.9612 4479347.3662 0,440065.6032 4479353.2674 0))",2716325,Verde,Línea,1
"MULTILINESTRING Z ((443829.4057 4475645.6594 0,443832.6557 4475668.0761 0))",2716328,Verde,Línea,4
"MULTILINESTRING Z ((440292.5497 4479450.1069 0,440297.2246 4479447.4732 0))",2716331,Azul,Línea,1
"MULTILINESTRING Z ((440313.274 4479311.325 0,440321.8666 4479338.074 0))",2716339,Azul,Línea,6
"MULTILINESTRING Z ((439920.739 4479092.6255 0,439921.2328 4479096.3045 0,439922.418 4479100.3538 0,439922.8871 4479101.4897 0))",2716344,Verde,Línea,2
"MULTILINESTRING Z ((440071.2575 4479072.2798 0,440068.9242 4479073.465 0,440066.3686 4479074.9464 0,440049.9242 4479087.0946 0))",2716347,Verde,Línea,5
"MULTILINESTRING Z ((440266.418 4479095.6378 0,440277.8007 4479074.9958 0))",2716348,Verde,Línea,5
"MULTILINESTRING Z ((440352.227 4479107.6023 0,440357.5454 4479099.1829 0))",2716349,Verde,Línea,2
"MULTILINESTRING Z ((440381.4427 4479217.7242 0,440401.4427 4479205.465 0))",2716352,Verde,Línea,4
"MULTILINESTRING Z ((440395.22 4479041.9473 0,440384.4416 4479064.7018 0))",2716358,Verde,Línea,5
"MULTILINESTRING Z ((440373.0459 4479086.2659 0,440380.9985 4479071.3385 0))",2716363,Verde,Línea,3
"MULTILINESTRING Z ((440374.413 4479055.0596 0,440361.3711 4479050.6066 0))",2716367,Verde,Línea,2
"MULTILINESTRING Z ((440662.1793 4479187.8518 0,440680.3357 4479174.5514 0))",2716377,Azul,Línea,4
"MULTILINESTRING Z ((440550.3439 4479133.5143 0,440560.5662 4479152.5761 0))",2716380,Azul,Batería,8
"MULTILINESTRING Z ((440629.9818 4479158.4197 0,440634.7719 4479167.0617 0,440647.1176 4479190.4362 0))",2716381,Azul,Línea,7
"MULTILINESTRING Z ((440632.9118 4479151.2592 0,440638.5579 4479147.9012 0))",2716382,Verde,Línea,1
"MULTILINESTRING Z ((441597.739 4471216.6594 0,441613.989 4471232.4094 0,441615.989 4471234.6594 0,441620.239 4471251.0761 0))",2716391,Verde,Batería,15
"MULTILINESTRING Z ((438150.989 4473681.6594 0,438157.8223 4473682.7427 0))",2716394,Verde,Batería,1
"MULTILINESTRING Z ((440780.6927 4473491.329 0,440811.7289 4473523.2821 0))",2716397,Verde,Línea,9
"MULTILINESTRING Z ((440507.1094 4479078.5761 0,440492.9612 4479053.0946 0))",2716398,Verde,Línea,6
"MULTILINESTRING Z ((440563.1177 4479105.5566 0,440540.6797 4479119.3837 0))",2716402,Verde,Línea,5
"MULTILINESTRING Z ((440739.8501 4479087.2057 0,440728.8223 4479093.9094 0))",2716403,Verde,Línea,2
"MULTILINESTRING Z ((440721.0168 4479086.3538 0,440722.239 4479085.6872 0))",2716405,Verde,Batería,1
"MULTILINESTRING Z ((440714.4043 4479088.2633 0,440719.5181 4479085.2455 0))",2716406,Verde,Batería,2
"MULTILINESTRING Z ((439818.5168 4479030.3292 0,439827.6773 4479047.9835 0))",2716418,Verde,Línea,4
"MULTILINESTRING Z ((439891.5895 4478970.0411 0,439894.1025 4478954.8971 0))",2716420,Verde,Línea,4
"MULTILINESTRING Z ((440135.2657 4479012.1975 0,440126.1958 4479007.9835 0))",2716445,Verde,Línea,2
"MULTILINESTRING Z ((440072.2205 4478922.074 0,440085.8666 4478959.9506 0))",2716448,Verde,Línea,8
"MULTILINESTRING Z ((440128.2863 4478916.3621 0,440139.0353 4478917.218 0))",2716449,Verde,Batería,4
"MULTILINESTRING Z ((440158.2946 4478907.5555 0,440163.7267 4478908.0329 0))",2716450,Azul,Línea,1
"MULTILINESTRING Z ((439796.6649 4478807.8353 0,439831.4427 4478814.539 0))",2716451,Verde,Línea,7
"MULTILINESTRING Z ((439925.8254 4476846.3785 0,439908.2946 4476847.5884 0))",2716452,Verde,Batería,7
"MULTILINESTRING Z ((440262.4674 4478926.6008 0,440280.4921 4478927.9835 0))",2716457,Verde,Línea,3
"MULTILINESTRING Z ((443080.4057 4477452.4094 0,443074.1557 4477460.9094 0))",2716461,Verde,Línea,2
"MULTILINESTRING Z ((440322.6402 4478918.4279 0,440326.739 4478906.6501 0))",2716474,Verde,Batería,6
"MULTILINESTRING Z ((440229.5538 4478968.7571 0,440235.1834 4478947.0617 0))",2716481,Verde,Línea,4
"MULTILINESTRING Z ((440352.4744 4478972.7794 0,440306.747 4478960.4936 0))",2716489,Verde,Línea,10
"MULTILINESTRING Z ((440391.963 4479019.1053 0,440383.4935 4479016.0491 0))",2716490,Verde,Línea,2
"MULTILINESTRING Z ((443015.239 4472183.6594 0,442979.4057 4472207.9927 0))",2716530,Verde,Batería,18
"MULTILINESTRING Z ((440454.8131 4478912.7242 0,440465.8871 4478888.8353 0))",2716543,Azul,Línea,5
"MULTILINESTRING Z ((440544.2095 4478998.8257 0,440552.2424 4479014.7379 0))",2716544,Verde,Línea,4
"MULTILINESTRING Z ((440614.1902 4479013.9172 0,440640.191 4479052.7282 0))",2716546,Verde,Línea,9
"MULTILINESTRING Z ((439850.2836 4478753.9204 0,439848.3302 4478747.325 0))",2716561,Verde,Línea,1
"MULTILINESTRING Z ((439852.1464 4478760.181 0,439859.8254 4478786.2222 0))",2716563,Verde,Línea,5
"MULTILINESTRING Z ((439997.1464 4478704.1687 0,439990.4427 4478724.9835 0))",2716599,Azul,Línea,4
"MULTILINESTRING Z ((439971.6279 4478784.0946 0,439980.0353 4478758.1687 0))",2716601,Verde,Línea,6
"MULTILINESTRING Z ((442209.8223 4475286.1594 0,442234.8223 4475284.3261 0))",2716610,Verde,Batería,10
"MULTILINESTRING Z ((442240.3223 4475283.9927 0,442287.5723 4475280.5761 0))",2716611,Verde,Batería,14
"MULTILINESTRING Z ((441421.7125 4474035.6915 0,441421.636 4474057.256 0))",2716613,Verde,Línea,4
"MULTILINESTRING Z ((441423.1272 4474010.4563 0,441424.5036 4473943.8126 0))",2716615,Verde,Línea,14
"MULTILINESTRING Z ((441777.5307 4475331.9511 0,441788.2807 4475418.0761 0))",2716637,Azul,Batería,32
"MULTILINESTRING Z ((440391.2328 4478622.6995 0,440399.1341 4478622.5185 0))",2716638,Verde,Línea,1
"MULTILINESTRING Z ((440079.99 4478755.4238 0,440085.2904 4478740.7901 0))",2716640,Verde,Línea,3
"MULTILINESTRING Z ((440103.0463 4478691.753 0,440099.4358 4478701.7174 0))",2716642,Verde,Línea,2
"MULTILINESTRING Z ((440092.4057 4478721.0205 0,440097.8131 4478706.1687 0))",2716643,Verde,Línea,3
"MULTILINESTRING Z ((439698.5908 4476791.1687 0,439699.702 4476782.7242 0,439699.1834 4476776.0946 0))",2716748,Verde,Línea,3
"MULTILINESTRING Z ((440667.8818 4477960.1963 0,440666.4918 4477942.8064 0))",2716751,Verde,Batería,7
"MULTILINESTRING Z ((443097.739 4475232.2427 0,443098.739 4475245.8261 0))",2716774,Verde,Línea,3
"MULTILINESTRING Z ((444797.739 4476623.9927 0,444860.1557 4476662.9927 0))",2716886,Verde,Línea,16
"MULTILINESTRING Z ((444826.739 4476727.7427 0,444818.1557 4476741.4094 0))",2716889,Verde,Línea,3
"MULTILINESTRING Z ((439431.989 4480523.5761 0,439499.5723 4480526.6594 0))",2716898,Verde,Línea,15
"MULTILINESTRING Z ((439796.739 4480417.4927 0,439803.8223 4480418.1594 0))",2716906,Verde,Línea,3
"MULTILINESTRING Z ((440124.1557 4480449.7427 0,440135.8223 4480451.0761 0))",2716912,Verde,Batería,5
"MULTILINESTRING Z ((439354.1557 4477181.5761 0,439355.489 4477199.4927 0))",2716946,Verde,Línea,3
"MULTILINESTRING Z ((440297.5723 4480638.4094 0,440331.9612 4480645.7983 0))",2716968,Verde,Línea,7
"MULTILINESTRING Z ((440340.7946 4480647.7983 0,440345.1834 4480648.6872 0))",2716969,Verde,Línea,1
"MULTILINESTRING Z ((439536.5723 4478781.0761 0,439537.8223 4478787.7427 0,439538.739 4478790.4094 0,439539.3223 4478791.7427 0,439540.3223 4478793.3261 0,439540.739 4478793.8261 0))",2716993,Verde,Línea,3
"MULTILINESTRING Z ((444283.989 4475768.2427 0,444291.989 4475770.4927 0))",2717017,Azul,Línea,2
"MULTILINESTRING Z ((440257.989 4478625.4927 0,440242.8223 4478650.4927 0))",2717023,Azul,Línea,6
"MULTILINESTRING Z ((442481.8223 4477259.9927 0,442482.5723 4477267.5761 0))",2717032,Azul,Línea,1
"MULTILINESTRING Z ((442476.1557 4477223.7427 0,442479.489 4477259.5761 0))",2717033,Azul,Línea,7
"MULTILINESTRING Z ((440267.6557 4478858.4094 0,440275.4057 4478860.4094 0))",2717041,Verde,Línea,1
"MULTILINESTRING Z ((444437.5168 4474787.6316 0,444441.2946 4474791.2427 0,444446.4612 4474795.965 0,444467.0723 4474815.4094 0,444479.5245 4474826.7745 0))",2717057,Verde,Línea,12
"MULTILINESTRING Z ((444479.4612 4474828.965 0,444483.6279 4474832.7983 0))",2717058,Verde,Línea,1
"MULTILINESTRING Z ((444485.9057 4474833.0761 0,444505.1279 4474851.0761 0))",2717059,Verde,Línea,6
"MULTILINESTRING Z ((443150.4057 4478783.2427 0,443145.4057 4478780.7427 0))",2717060,Verde,Línea,1
"MULTILINESTRING Z ((439605.3223 4480542.5761 0,439610.1557 4480542.7427 0))",2717064,Verde,Línea,1
"MULTILINESTRING Z ((439619.4057 4480542.4927 0,439622.6557 4480541.9927 0))",2717065,Verde,Línea,1
"MULTILINESTRING Z ((439969.739 4480517.4927 0,439947.1557 4480525.2427 0))",2717069,Verde,Línea,5
"MULTILINESTRING Z ((439560.9057 4480469.7427 0,439563.1557 4480469.7427 0))",2717072,Verde,Batería,1
"MULTILINESTRING Z ((439732.3223 4480405.4927 0,439744.3223 4480406.9094 0))",2717075,Verde,Batería,5
"MULTILINESTRING Z ((439751.5723 4480407.7427 0,439749.239 4480407.4927 0))",2717076,Verde,Batería,1
"MULTILINESTRING Z ((442474.0723 4477173.8261 0,442475.739 4477192.0761 0))",2717078,Azul,Línea,3
"MULTILINESTRING Z ((443125.5168 4477028.7427 0,443121.0723 4477034.6316 0))",2717081,Verde,Batería,3
"MULTILINESTRING Z ((442184.1557 4479429.9927 0,442239.4057 4479442.8261 0))",2717089,Verde,Línea,13
"MULTILINESTRING Z ((439616.489 4480814.3261 0,439643.8223 4480821.4094 0))",2717098,Verde,Batería,12
"MULTILINESTRING Z ((439485.9057 4480605.0761 0,439540.989 4480619.7427 0))",2717099,Verde,Batería,24
"MULTILINESTRING Z ((439597.6557 4480880.9094 0,439601.739 4480881.9927 0))",2717100,Verde,Línea,1
"MULTILINESTRING Z ((439610.8223 4480884.2427 0,439642.6557 4480892.5761 0))",2717101,Verde,Línea,7
"MULTILINESTRING Z ((439653.0723 4480895.3261 0,439651.4057 4480894.9094 0))",2717102,Verde,Línea,1
"MULTILINESTRING Z ((439682.239 4481416.1594 0,439684.5723 4481407.9927 0))",2717103,Verde,Línea,1
"MULTILINESTRING Z ((439379.4057 4480841.5761 0,439396.5723 4480846.1594 0))",2717104,Verde,Batería,6
"MULTILINESTRING Z ((439334.239 4480844.9927 0,439397.489 4480861.4094 0))",2717105,Verde,Batería,26
"MULTILINESTRING Z ((439540.6557 4480866.0761 0,439559.6557 4480870.9927 0))",2717106,Verde,Línea,4
"MULTILINESTRING Z ((439568.4057 4480885.0761 0,439564.4057 4480883.9927 0))",2717107,Verde,Línea,1
"MULTILINESTRING Z ((442022.6557 4477729.4927 0,442027.3223 4477738.9927 0))",2717115,Azul,Línea,2
"MULTILINESTRING Z ((439845.0723 4476842.9927 0,439885.1557 4476840.2427 0))",2717126,Verde,Línea,8
"MULTILINESTRING Z ((442741.0723 4478503.4927 0,442750.739 4478502.8261 0))",2717128,Verde,Línea,2
"MULTILINESTRING Z ((444729.2225 4474641.6953 0,444733.5338 4474662.7383 0))",2717130,Verde,Línea,4
"MULTILINESTRING Z ((440415.5723 4481455.965 0,440440.239 4481467.7427 0))",2717151,Verde,Línea,6
"MULTILINESTRING Z ((445082.3223 4475475.6594 0,445080.5723 4475488.9094 0))",2717152,Verde,Línea,3
"MULTILINESTRING Z ((445098.4057 4475498.1316 0,445124.5723 4475502.1316 0))",2717154,Verde,Línea,5
"MULTILINESTRING Z ((439690.9612 4480654.0576 0,439687.5908 4480644.5761 0))",2717159,Verde,Batería,4
"MULTILINESTRING Z ((439693.7267 4480653.6872 0,439695.3316 4480658.3045 0))",2717162,Verde,Línea,1
"MULTILINESTRING Z ((439705.702 4480688.2798 0,439698.2946 4480666.9094 0))",2717163,Verde,Línea,5
"MULTILINESTRING Z ((442680.239 4477770.9094 0,442694.739 4477770.7427 0))",2717165,Verde,Línea,3
"MULTILINESTRING Z ((442704.1557 4477770.4094 0,442715.739 4477770.2427 0))",2717166,Verde,Línea,2
"MULTILINESTRING Z ((442780.4057 4477769.0761 0,442790.6557 4477768.9094 0))",2717169,Verde,Línea,2
"MULTILINESTRING Z ((442431.8223 4478208.8261 0,442430.989 4478221.8261 0))",2717175,Azul,Batería,4
"MULTILINESTRING Z ((442436.6834 4478337.5205 0,442437.4057 4478323.4094 0))",2717177,Verde,Línea,3
"MULTILINESTRING Z ((442439.9057 4478278.5761 0,442440.1279 4478273.7427 0))",2717180,Verde,Línea,1
"MULTILINESTRING Z ((442440.4612 4478269.1316 0,442441.7946 4478243.7983 0))",2717183,Verde,Línea,5
"MULTILINESTRING Z ((442444.989 4478184.6594 0,442443.0723 4478219.9927 0))",2717185,Verde,Línea,7
"MULTILINESTRING Z ((442446.9057 4478149.3261 0,442445.739 4478172.4094 0))",2717186,Verde,Línea,4
"MULTILINESTRING Z ((440360.489 4478832.0761 0,440335.3223 4478865.4927 0))",2717187,Verde,Línea,9
"MULTILINESTRING Z ((439367.0723 4480786.0761 0,439362.739 4480802.9094 0))",2717196,Verde,Línea,3
"MULTILINESTRING Z ((439382.6557 4480725.4094 0,439371.4057 4480769.4094 0))",2717197,Verde,Línea,9
"MULTILINESTRING Z ((439480.702 4480866.5761 0,439477.1094 4480865.6501 0))",2717198,Verde,Batería,1
"MULTILINESTRING Z ((439591.8223 4480781.8261 0,439570.1557 4480776.3261 0))",2717199,Verde,Batería,8
"MULTILINESTRING Z ((439599.1557 4480804.3261 0,439592.6557 4480829.4094 0))",2717200,Verde,Batería,10
"MULTILINESTRING Z ((445060.989 4475615.5761 0,445059.989 4475622.4927 0))",2717202,Verde,Línea,1
"MULTILINESTRING Z ((445050.4057 4475624.4927 0,445049.989 4475628.8261 0))",2717203,Verde,Línea,1
"MULTILINESTRING Z ((443519.0723 4477245.8261 0,443505.0723 4477248.7427 0))",2717211,Azul,Batería,5
"MULTILINESTRING Z ((443501.489 4477249.5761 0,443439.6557 4477262.3261 0))",2717213,Azul,Batería,26
"MULTILINESTRING Z ((445014.5723 4475852.0761 0,445012.239 4475865.0761 0))",2717230,Verde,Línea,2
"MULTILINESTRING Z ((439871.739 4480804.3261 0,439878.6557 4480806.2427 0))",2717247,Verde,Línea,1
"MULTILINESTRING Z ((444244.9057 4475783.1594 0,444240.4057 4475809.6594 0))",2717257,Azul,Línea,5
"MULTILINESTRING Z ((444248.4057 4475762.0761 0,444245.989 4475776.3261 0))",2717261,Azul,Línea,3
"MULTILINESTRING Z ((444207.5723 4475778.5761 0,444217.4057 4475773.3261 0,444222.1557 4475771.0761 0))",2717262,Verde,Línea,3
"MULTILINESTRING Z ((439469.9057 4481105.1594 0,439467.9057 4481112.9094 0))",2717265,Verde,Línea,2
"MULTILINESTRING Z ((439124.8223 4476892.9094 0,439113.8223 4476921.3261 0))",2717267,Azul,Línea,6
"MULTILINESTRING Z ((439135.5723 4476870.3261 0,439141.0723 4476856.7427 0))",2717306,Azul,Línea,3
"MULTILINESTRING Z ((441481.6279 4477684.8538 0,441484.7946 4477689.6872 0))",2717404,Verde,Línea,2
"MULTILINESTRING Z ((441487.8501 4477689.5205 0,441491.4057 4477695.0205 0))",2717405,Verde,Línea,1
"MULTILINESTRING Z ((441493.9612 4477699.1316 0,441502.0168 4477711.465 0))",2717408,Verde,Línea,3
"MULTILINESTRING Z ((441503.7946 4477718.465 0,441516.2946 4477737.5761 0))",2717409,Verde,Línea,4
"MULTILINESTRING Z ((441519.1967 4477742.2161 0,441535.3512 4477766.7113 0))",2717410,Verde,Línea,6
"MULTILINESTRING Z ((441550.1888 4477783.3926 0,441557.5637 4477792.5234 0))",2717411,Verde,Línea,2
"MULTILINESTRING Z ((441585.1317 4477819.1257 0,441591.8921 4477825.7982 0))",2717412,Verde,Línea,2
"MULTILINESTRING Z ((441591.1019 4477829.2223 0,441606.4662 4477844.1476 0))",2717413,Verde,Línea,4
"MULTILINESTRING Z ((441609.7147 4477847.3083 0,441614.7191 4477852.2249 0))",2717414,Verde,Línea,1
"MULTILINESTRING Z ((441623.4987 4477861.0045 0,441634.5611 4477871.8035 0))",2717415,Verde,Línea,3
"MULTILINESTRING Z ((441683.9904 4477921.6718 0,441718.0554 4477962.2337 0))",2717419,Verde,Línea,11
"MULTILINESTRING Z ((441733.8587 4477980.0563 0,441765.5532 4478017.282 0))",2717420,Verde,Línea,13
"MULTILINESTRING Z ((441763.7972 4478020.7938 0,441770.8209 4478028.9589 0))",2717421,Verde,Línea,2
"MULTILINESTRING Z ((441773.5426 4478032.3829 0,441791.8043 4478053.9808 0))",2717422,Verde,Línea,6
"MULTILINESTRING Z ((442121.6557 4477925.9511 0,442129.1557 4477941.8261 0))",2717425,Verde,Línea,3
"MULTILINESTRING Z ((442113.9057 4477909.4094 0,442117.6279 4477917.1872 0))",2717426,Verde,Línea,2
"MULTILINESTRING Z ((442123.6279 4477902.0205 0,442140.4612 4477936.465 0))",2717427,Verde,Línea,8
"MULTILINESTRING Z ((442096.0723 4477872.6594 0,442104.8223 4477891.2427 0))",2717435,Verde,Línea,4
"MULTILINESTRING Z ((442093.739 4477868.1594 0,442089.0723 4477858.6594 0))",2717436,Verde,Línea,2
"MULTILINESTRING Z ((442095.739 4477844.5761 0,442114.5723 4477883.6594 0))",2717437,Verde,Línea,10
"MULTILINESTRING Z ((442056.8223 4477792.2427 0,442078.489 4477837.1594 0))",2717443,Verde,Línea,10
"MULTILINESTRING Z ((442080.5723 4477812.8261 0,442087.8223 4477828.1594 0))",2717444,Verde,Línea,4
"MULTILINESTRING Z ((442067.739 4477786.8261 0,442072.0723 4477796.2427 0))",2717445,Verde,Línea,2
"MULTILINESTRING Z ((442054.5723 4478404.0761 0,442097.1557 4478400.7427 0))",2717449,Verde,Línea,9
"MULTILINESTRING Z ((442103.4057 4478400.3261 0,442110.739 4478399.6594 0))",2717451,Verde,Línea,2
"MULTILINESTRING Z ((442121.6557 4478398.7427 0,442204.4057 4478392.4927 0))",2717452,Verde,Batería,30
"MULTILINESTRING Z ((442244.5723 4478389.4927 0,442298.4057 4478385.4094 0))",2717456,Verde,Batería,20
"MULTILINESTRING Z ((442322.239 4478383.5205 0,442359.1279 4478380.8538 0))",2717461,Verde,Batería,14
"MULTILINESTRING Z ((441592.6557 4478484.2427 0,441617.9057 4478502.5761 0,441618.989 4478503.8261 0,441619.6557 4478505.4094 0,441619.989 4478507.1594 0,441620.5723 4478516.4094 0))",2717467,Verde,Línea,12
"MULTILINESTRING Z ((441623.989 4478532.0761 0,441624.3223 4478536.2427 0))",2717469,Verde,Línea,1
"MULTILINESTRING Z ((441625.9057 4478553.2427 0,441626.9057 4478565.0761 0))",2717473,Verde,Línea,2
"MULTILINESTRING Z ((441627.4057 4478569.7427 0,441628.8223 4478585.8261 0))",2717474,Verde,Línea,3
"MULTILINESTRING Z ((442248.239 4478256.3261 0,442238.489 4478265.6594 0,442231.8223 4478272.4927 0,442226.239 4478278.4927 0,442218.989 4478288.0761 0))",2717476,Verde,Línea,9
"MULTILINESTRING Z ((442213.5723 4478297.3261 0,442212.3223 4478300.5761 0,442210.739 4478306.2427 0))",2717477,Verde,Línea,2
"MULTILINESTRING Z ((442205.5723 4478322.2427 0,442205.4057 4478329.1594 0,442205.989 4478338.8261 0,442206.5723 4478345.6594 0))",2717480,Verde,Batería,9
"MULTILINESTRING Z ((442207.739 4478359.9927 0,442209.239 4478377.4927 0))",2717481,Verde,Batería,7
"MULTILINESTRING Z ((442204.7807 4478584.7011 0,442217.6557 4478598.0761 0,442226.4057 4478606.5761 0))",2717482,Verde,Línea,6
"MULTILINESTRING Z ((442177.3223 4478557.4094 0,442182.8223 4478562.7427 0))",2717483,Verde,Línea,1
"MULTILINESTRING Z ((442122.1557 4478501.4927 0,442161.739 4478541.4927 0))",2717484,Verde,Línea,12
"MULTILINESTRING Z ((442056.9057 4478435.4927 0,442111.6557 4478491.2427 0))",2717487,Verde,Línea,17
"MULTILINESTRING Z ((442050.5723 4478429.3261 0,442053.6557 4478432.4094 0))",2717491,Verde,Línea,1
"MULTILINESTRING Z ((444602.5723 4475033.4927 0,444638.8223 4475068.5761 0))",2717506,Verde,Línea,10
"MULTILINESTRING Z ((444648.739 4475078.0761 0,444676.0723 4475104.4094 0))",2717511,Verde,Línea,8
"MULTILINESTRING Z ((444643.9057 4475085.9927 0,444647.3223 4475089.2427 0))",2717512,Verde,Línea,1
"MULTILINESTRING Z ((444650.489 4475092.4094 0,444674.4057 4475115.4927 0))",2717514,Verde,Línea,7
"MULTILINESTRING Z ((444633.8223 4475076.2427 0,444551.9057 4474997.2427 0))",2717515,Verde,Línea,21
"MULTILINESTRING Z ((444354.2241 4476918.6908 0,444358.0089 4476920.5832 0,444363.3312 4476923.54 0,444370.9006 4476928.2709 0,444377.8788 4476933.2384 0,444380.7173 4476935.1308 0))",2717527,Verde,Línea,9
"MULTILINESTRING Z ((444297.1881 4476946.8282 0,444304.4419 4476950.0609 0,444309.0938 4476952.2686 0,444310.9072 4476953.3724 0,444312.3264 4476954.7916 0,444313.3514 4476956.9205 0,444313.7456 4476959.3647 0,444312.8783 4476962.1243 0,444308.9361 4476971.9012 0,444307.9111 4476973.6358 0,444306.4918 4476975.1338 0,444300.5784 4476978.9184 0,444298.1342 4476981.1261 0,444296.5573 4476983.6492 0,444290.4073 4476995.1606 0))",2717529,Verde,Batería,23
"MULTILINESTRING Z ((444920.4633 4477181.3942 0,444937.4151 4477195.9018 0))",2717532,Verde,Línea,5
"MULTILINESTRING Z ((437649.8223 4473676.6594 0,437653.489 4473678.4094 0))",2717708,Verde,Línea,1
"MULTILINESTRING Z ((442441.1557 4473129.8261 0,442438.6557 4473124.7427 0))",2717713,Verde,Línea,1
"MULTILINESTRING Z ((442429.8223 4473107.5761 0,442432.239 4473112.3261 0))",2717714,Verde,Línea,1
"MULTILINESTRING Z ((439403.595 4480606.5349 0,439398.7884 4480605.251 0))",2717715,Verde,Batería,2
"MULTILINESTRING Z ((442448.489 4475410.8261 0,442445.8223 4475373.4094 0))",2717716,Verde,Batería,14
"MULTILINESTRING Z ((440104.8223 4472156.0761 0,440121.239 4472152.5761 0))",2717717,Verde,Línea,3
"MULTILINESTRING Z ((439897.0723 4476047.9927 0,439932.1557 4476044.8261 0))",2717719,Verde,Línea,7
"MULTILINESTRING Z ((440049.4057 4476148.3261 0,440087.739 4476144.7427 0))",2717720,Azul,Línea,8
"MULTILINESTRING Z ((439830.0723 4476301.0761 0,439836.5723 4476300.4927 0))",2717725,Azul,Línea,1
"MULTILINESTRING Z ((439481.239 4473700.1594 0,439510.6557 4473691.4094 0))",2717729,Verde,Línea,7
"MULTILINESTRING Z ((439510.739 4473691.2427 0,439518.3223 4473688.9927 0))",2717730,Verde,Línea,1
"MULTILINESTRING Z ((439616.9057 4476188.4094 0,439623.9057 4476187.8261 0))",2717731,Azul,Línea,1
"MULTILINESTRING Z ((439623.8223 4476187.8261 0,439638.9057 4476186.3261 0))",2717732,Azul,Línea,3
"MULTILINESTRING Z ((439770.0723 4475506.4927 0,439774.9057 4475516.4094 0))",2717733,Verde,Línea,2
"MULTILINESTRING Z ((440650.0723 4474525.4927 0,440675.3223 4474517.9094 0))",2717736,Verde,Línea,5
"MULTILINESTRING Z ((440675.5723 4474517.9094 0,440686.489 4474514.5761 0))",2717737,Verde,Línea,2
"MULTILINESTRING Z ((439397.1557 4476005.4927 0,439395.489 4475980.6594 0))",2717743,Verde,Línea,5
"MULTILINESTRING Z ((440892.739 4474329.1594 0,440893.3223 4474316.9094 0))",2717745,Verde,Línea,2
"MULTILINESTRING Z ((440228.5307 4475983.7011 0,440248.4057 4476054.0761 0))",2717747,Azul,Línea,16
"MULTILINESTRING Z ((439979.6279 4476709.5966 0,439975.5291 4476709.8106 0))",2717826,Azul,Línea,1
"MULTILINESTRING Z ((440231.3645 4479978.2715 0,440221.0307 4479981.4511 0))",2717828,Verde,Línea,2
"MULTILINESTRING Z ((440257.18 4479970.4972 0,440246.7946 4479973.6316 0))",2717829,Verde,Línea,2
"MULTILINESTRING Z ((440233.374 4479977.6595 0,440238.0562 4479976.2475 0))",2717830,Verde,Línea,1
"MULTILINESTRING Z ((440244.7576 4479974.2356 0,440240.0681 4479975.6549 0))",2717831,Verde,Línea,1
"MULTILINESTRING Z ((439651.239 4476226.4094 0,439650.239 4476212.5761 0))",2717836,Verde,Línea,3
"MULTILINESTRING Z ((439650.239 4476212.1594 0,439649.5723 4476201.2427 0))",2717837,Verde,Línea,2
"MULTILINESTRING Z ((439343.5723 4476332.2427 0,439388.3223 4476329.6594 0))",2717838,Azul,Línea,10
"MULTILINESTRING Z ((439388.6557 4476329.4094 0,439399.6557 4476328.8261 0))",2717839,Azul,Línea,2
"MULTILINESTRING Z ((439955.1557 4476406.5761 0,439999.4057 4476404.2427 0))",2717840,Verde,Línea,10
"MULTILINESTRING Z ((439770.0723 4472280.8261 0,439839.3223 4472233.0761 0))",2717844,Azul,Línea,17
"MULTILINESTRING Z ((440479.0133 4477437.5198 0,440485.3563 4477500.8285 0))",2717912,Azul,Línea,12
"MULTILINESTRING Z ((440497.3501 4477418.0205 0,440567.8501 4477412.6872 0))",2717915,Verde,Batería,27
"MULTILINESTRING Z ((440375.8995 4477414.3045 0,440382.5908 4477393.5143 0))",2717927,Verde,Línea,5
"MULTILINESTRING Z ((441178.891 4474817.9088 0,441188.7691 4474817.8367 0))",2717929,Verde,Línea,2
"MULTILINESTRING Z ((441248.4706 4474813.15 0,441243.2071 4474813.2942 0))",2717930,Verde,Línea,1
"MULTILINESTRING Z ((441216.3847 4474813.871 0,441226.1186 4474813.7989 0))",2717932,Verde,Línea,2
"MULTILINESTRING Z ((441202.2524 4474814.3037 0,441208.0207 4474814.1595 0))",2717934,Verde,Línea,1
"MULTILINESTRING Z ((441114.6109 4474863.4781 0,441114.1783 4474849.2016 0))",2717937,Verde,Línea,3
"MULTILINESTRING Z ((441187.9399 4474814.4839 0,441200.3778 4474814.3758 0))",2717938,Verde,Línea,3
"MULTILINESTRING Z ((441228.7143 4474813.7268 0,441241.044 4474813.4024 0))",2717939,Verde,Línea,3
"MULTILINESTRING Z ((441115.2599 4474875.3751 0,441115.0436 4474865.2086 0))",2717940,Verde,Línea,2
"MULTILINESTRING Z ((441113.8539 4474847.4712 0,441113.7457 4474837.4128 0))",2717941,Verde,Línea,2
"MULTILINESTRING Z ((441113.4212 4474835.3578 0,441113.3131 4474830.1664 0))",2717942,Verde,Línea,1
"MULTILINESTRING Z ((441111.9071 4474875.267 0,441111.6908 4474865.533 0))",2717943,Verde,Línea,2
"MULTILINESTRING Z ((441111.3663 4474863.6944 0,441110.6092 4474849.5261 0))",2717944,Verde,Línea,3
"MULTILINESTRING Z ((441110.6092 4474847.4712 0,441110.1766 4474837.4128 0))",2717945,Verde,Línea,2
"MULTILINESTRING Z ((441020.1917 4474889.4353 0,441030.0338 4474889.0026 0))",2717946,Verde,Línea,2
"MULTILINESTRING Z ((441033.3866 4474888.7863 0,441043.7695 4474888.3537 0))",2717947,Verde,Línea,2
"MULTILINESTRING Z ((441045.8244 4474888.3537 0,441052.0974 4474888.2456 0))",2717948,Verde,Línea,1
"MULTILINESTRING Z ((441058.803 4474887.9211 0,441063.8863 4474887.8129 0))",2717949,Verde,Línea,1
"MULTILINESTRING Z ((441073.1876 4474887.164 0,441083.7868 4474887.0558 0))",2717950,Verde,Línea,2
"MULTILINESTRING Z ((441087.8967 4474886.7314 0,441093.3044 4474886.5151 0))",2717951,Verde,Línea,1
"MULTILINESTRING Z ((441095.3594 4474886.6232 0,441104.4444 4474886.1906 0))",2717953,Verde,Línea,2
"MULTILINESTRING Z ((441000.7239 4474886.7314 0,441013.2698 4474886.2988 0))",2717954,Verde,Línea,3
"MULTILINESTRING Z ((441041.3901 4474885.2172 0,441046.5815 4474885.2172 0))",2717955,Verde,Línea,1
"MULTILINESTRING Z ((441028.4115 4474885.758 0,441039.0107 4474885.5417 0))",2717956,Verde,Línea,2
"MULTILINESTRING Z ((441048.2038 4474885.2172 0,441052.4219 4474884.8927 0))",2717958,Verde,Línea,1
"MULTILINESTRING Z ((441054.585 4474884.8927 0,441064.6434 4474884.4601 0))",2717959,Verde,Línea,2
"MULTILINESTRING Z ((441066.8065 4474884.4601 0,441071.8898 4474884.2438 0))",2717960,Verde,Línea,1
"MULTILINESTRING Z ((441073.7284 4474884.2438 0,441077.9464 4474884.0275 0))",2717961,Verde,Línea,1
"MULTILINESTRING Z ((441099.9019 4474883.1623 0,441103.9036 4474882.8378 0))",2717973,Verde,Línea,1
"MULTILINESTRING Z ((441080.3258 4474883.8112 0,441091.0332 4474883.3786 0))",2717974,Verde,Línea,2
"MULTILINESTRING Z ((441093.0881 4474883.3786 0,441098.2796 4474883.1623 0))",2717975,Verde,Línea,1
"MULTILINESTRING Z ((441156.4057 4474884.3261 0,441161.739 4474883.9927 0))",2717987,Verde,Línea,1
"MULTILINESTRING Z ((440399.0106 4477342.4773 0,440385.4304 4477384.6255 0))",2717989,Verde,Línea,8
"MULTILINESTRING Z ((441143.239 4474884.6594 0,441151.9057 4474884.4094 0))",2717991,Verde,Línea,2
"MULTILINESTRING Z ((441163.5723 4474884.0761 0,441173.5723 4474883.7427 0))",2717992,Verde,Línea,2
"MULTILINESTRING Z ((441178.989 4474883.5761 0,441184.239 4474883.2427 0))",2717993,Verde,Línea,1
"MULTILINESTRING Z ((441124.739 4474882.3261 0,441134.4057 4474881.9094 0))",2717994,Verde,Línea,2
"MULTILINESTRING Z ((441148.3223 4474881.4094 0,441157.6557 4474881.0761 0))",2717996,Verde,Línea,2
"MULTILINESTRING Z ((441159.5723 4474880.9094 0,441164.6557 4474880.6594 0))",2717997,Verde,Línea,1
"MULTILINESTRING Z ((441166.9057 4474880.6594 0,441176.6557 4474880.2427 0))",2717998,Verde,Línea,2
"MULTILINESTRING Z ((441178.8223 4474880.3261 0,441188.739 4474879.8261 0))",2717999,Verde,Línea,2
"MULTILINESTRING Z ((441199.489 4474879.5761 0,441204.4057 4474879.3261 0))",2718000,Verde,Línea,1
"MULTILINESTRING Z ((441209.0723 4474879.1594 0,441214.0723 4474878.9927 0))",2718001,Verde,Línea,1
"MULTILINESTRING Z ((441199.5723 4474882.8261 0,441209.489 4474882.4927 0))",2718002,Verde,Línea,2
"MULTILINESTRING Z ((441211.3223 4474882.1594 0,441217.9057 4474881.9094 0))",2718003,Verde,Línea,1
"MULTILINESTRING Z ((441222.6557 4474881.7427 0,441232.4057 4474881.4094 0))",2718004,Verde,Línea,2
"MULTILINESTRING Z ((441259.4057 4474880.3261 0,441253.6557 4474880.5761 0))",2718005,Verde,Línea,1
"MULTILINESTRING Z ((441227.9057 4474878.4094 0,441234.239 4474878.2427 0))",2718006,Verde,Línea,1
"MULTILINESTRING Z ((441216.0723 4474878.8261 0,441226.1557 4474878.4094 0))",2718007,Verde,Línea,2
"MULTILINESTRING Z ((441239.0723 4474877.9094 0,441248.0723 4474877.5761 0))",2718008,Verde,Línea,2
"MULTILINESTRING Z ((441250.1557 4474877.4927 0,441258.989 4474877.2427 0))",2718009,Verde,Línea,2
"MULTILINESTRING Z ((441263.5723 4474877.0761 0,441269.739 4474876.9094 0))",2718010,Verde,Línea,1
"MULTILINESTRING Z ((441212.8223 4474948.9927 0,441216.3223 4474960.5761 0))",2718011,Verde,Línea,2
"MULTILINESTRING Z ((441216.739 4474962.4927 0,441218.1557 4474967.3261 0))",2718012,Verde,Línea,1
"MULTILINESTRING Z ((441220.1557 4474973.9927 0,441218.9057 4474969.1594 0))",2718013,Verde,Línea,1
"MULTILINESTRING Z ((441222.1557 4474980.5761 0,441220.739 4474975.9927 0))",2718014,Verde,Línea,1
"MULTILINESTRING Z ((441187.239 4474942.6594 0,441191.4057 4474942.4927 0))",2718018,Verde,Línea,1
"MULTILINESTRING Z ((441178.0723 4474943.0761 0,441172.8223 4474943.2427 0))",2718020,Verde,Línea,1
"MULTILINESTRING Z ((441165.8223 4474943.6594 0,441170.6557 4474943.3261 0))",2718021,Verde,Línea,1
"MULTILINESTRING Z ((441158.739 4474943.7427 0,441163.9057 4474943.6594 0))",2718023,Verde,Línea,1
"MULTILINESTRING Z ((441151.239 4474943.9927 0,441156.4057 4474943.7427 0))",2718024,Verde,Línea,1
"MULTILINESTRING Z ((441135.5723 4474944.6594 0,441140.489 4474944.4094 0))",2718025,Verde,Línea,1
"MULTILINESTRING Z ((441128.4057 4474944.9094 0,441133.6557 4474944.7427 0))",2718026,Verde,Línea,1
"MULTILINESTRING Z ((441117.1557 4474925.6594 0,441116.8223 4474915.5761 0))",2718028,Verde,Línea,2
"MULTILINESTRING Z ((441117.489 4474934.3261 0,441117.1557 4474927.8261 0))",2718029,Verde,Línea,1
"MULTILINESTRING Z ((441116.8223 4474913.7427 0,441116.4057 4474903.6594 0))",2718030,Verde,Línea,2
"MULTILINESTRING Z ((441116.3223 4474901.8261 0,441116.0723 4474896.2427 0))",2718031,Verde,Línea,1
"MULTILINESTRING Z ((441113.3223 4474903.7427 0,441113.6557 4474913.7427 0))",2718032,Verde,Línea,2
"MULTILINESTRING Z ((441113.6557 4474915.9927 0,441113.989 4474925.8261 0))",2718033,Verde,Línea,2
"MULTILINESTRING Z ((441114.239 4474934.5761 0,441113.989 4474927.8261 0))",2718034,Verde,Línea,1
"MULTILINESTRING Z ((441024.8223 4474960.9927 0,441028.0723 4474973.8261 0))",2718035,Verde,Línea,3
"MULTILINESTRING Z ((441028.739 4474976.4927 0,441030.1557 4474981.5761 0))",2718036,Verde,Línea,1
"MULTILINESTRING Z ((441032.4057 4474990.0761 0,441033.6557 4474995.1594 0))",2718037,Verde,Línea,1
"MULTILINESTRING Z ((441034.3223 4474996.6594 0,441035.3223 4475001.7427 0))",2718038,Verde,Línea,1
"MULTILINESTRING Z ((441040.489 4475019.9927 0,441042.239 4475026.6594 0))",2718039,Verde,Línea,1
"MULTILINESTRING Z ((441118.5723 4474962.7427 0,441118.3223 4474954.5761 0))",2718040,Verde,Línea,2
"MULTILINESTRING Z ((441118.489 4474964.4927 0,441118.6557 4474969.2427 0))",2718041,Verde,Línea,1
"MULTILINESTRING Z ((441118.489 4474969.8261 0,441118.739 4474973.9094 0))",2718042,Verde,Línea,1
"MULTILINESTRING Z ((441118.989 4474975.5761 0,441119.0723 4474980.5761 0))",2718043,Verde,Línea,1
"MULTILINESTRING Z ((441118.989 4474983.0761 0,441119.4057 4474992.2427 0))",2718044,Verde,Línea,2
"MULTILINESTRING Z ((441119.8223 4475000.5761 0,441119.739 4474994.2427 0))",2718045,Verde,Línea,1
"MULTILINESTRING Z ((441116.1557 4474992.4927 0,441116.0723 4474982.4927 0))",2718047,Verde,Línea,2
"MULTILINESTRING Z ((441116.5723 4474994.4927 0,441116.5723 4475000.9094 0))",2718048,Verde,Línea,1
"MULTILINESTRING Z ((441243.0723 4474985.3261 0,441299.4057 4474967.4094 0))",2718049,Verde,Batería,25
"MULTILINESTRING Z ((440798.5085 4477394.9958 0,440844.8131 4477391.4403 0))",2718056,Verde,Batería,18
"MULTILINESTRING Z ((440735.5168 4477392.5761 0,440734.3686 4477376.7983 0))",2718058,Verde,Línea,3
"MULTILINESTRING Z ((440732.8131 4477354.8353 0,440733.8871 4477369.9464 0))",2718059,Verde,Línea,3
"MULTILINESTRING Z ((440612.9983 4477531.6501 0,440609.1464 4477481.1687 0))",2718064,Verde,Batería,20
"MULTILINESTRING Z ((440614.0641 4477546.9958 0,440613.6197 4477540.0822 0))",2718065,Verde,Batería,2
"MULTILINESTRING Z ((441003.1563 4477519.2505 0,441002.8856 4477514.8537 0))",2718089,Verde,Línea,1
"MULTILINESTRING Z ((440999.1834 4477453.0205 0,441002.5662 4477509.3662 0))",2718090,Verde,Línea,12
"MULTILINESTRING Z ((441734.1557 4478484.1594 0,441731.9057 4478455.7427 0))",2718092,Verde,Línea,7
"MULTILINESTRING Z ((444889.3167 4477166.7113 0,444899.6767 4477175.3738 0))",2718094,Verde,Línea,3
"MULTILINESTRING Z ((444902.252 4477177.5395 0,444930.3468 4477201.5371 0,444938.0729 4477208.6779 0,444939.4777 4477210.785 0,444941.4677 4477214.6481 0,444943.1651 4477218.2184 0))",2718096,Verde,Línea,13
"MULTILINESTRING Z ((444909.6269 4477214.8237 0,444934.2684 4477222.2571 0))",2718097,Verde,Línea,7
"MULTILINESTRING Z ((440427.1094 4477214.4279 0,440412.4057 4477260.3538 0))",2718099,Verde,Línea,9
"MULTILINESTRING Z ((444882.1467 4477160.4777 0,444870.6453 4477150.9079 0))",2718106,Verde,Línea,1
"MULTILINESTRING Z ((440767.9057 4472622.4927 0,440795.1557 4472620.2427 0))",2718122,Verde,Línea,5
"MULTILINESTRING Z ((440478.7555 4477178.3045 0,440491.2987 4477177.3991 0))",2718123,Verde,Línea,2
"MULTILINESTRING Z ((444913.3223 4477175.3261 0,444904.989 4477168.3261 0))",2718124,Verde,Línea,2
"MULTILINESTRING Z ((444875.239 4477143.1594 0,444901.489 4477165.3261 0))",2718126,Verde,Línea,6
"MULTILINESTRING Z ((442729.1557 4475250.7427 0,442758.8223 4475248.4927 0))",2718127,Verde,Línea,7
"MULTILINESTRING Z ((444860.739 4477125.7427 0,444873.739 4477137.0761 0))",2718130,Verde,Batería,6
"MULTILINESTRING Z ((444839.989 4477113.3261 0,444852.0723 4477123.5761 0))",2718132,Verde,Línea,3
"MULTILINESTRING Z ((444784.8223 4477066.3261 0,444817.8223 4477094.4927 0))",2718135,Verde,Línea,8
"MULTILINESTRING Z ((439991.6557 4475041.9927 0,439989.489 4475015.3261 0))",2718136,Verde,Línea,5
"MULTILINESTRING Z ((439988.3223 4474998.4094 0,439989.0723 4475006.8261 0))",2718137,Verde,Línea,1
"MULTILINESTRING Z ((440498.7061 4477185.8929 0,440554.0147 4477181.9259 0))",2718139,Verde,Línea,12
"MULTILINESTRING Z ((439791.8223 4473238.9094 0,439814.989 4473181.4927 0))",2718140,Verde,Línea,12
"MULTILINESTRING Z ((440729.9057 4475679.0761 0,440716.7807 4475715.4511 0))",2718142,Verde,Línea,8
"MULTILINESTRING Z ((440706.1557 4475745.4511 0,440713.9057 4475723.5761 0))",2718143,Verde,Línea,4
"MULTILINESTRING Z ((440981.9983 4477271.2674 0,440937.1094 4477274.6255 0))",2718144,Verde,Línea,9
"MULTILINESTRING Z ((442550.4057 4474249.6594 0,442561.989 4474248.6594 0))",2718145,Verde,Línea,2
"MULTILINESTRING Z ((440881.916 4477278.502 0,440931.4633 4477275.0287 0))",2718146,Verde,Línea,10
"MULTILINESTRING Z ((440861.5723 4477178.2983 0,440863.4057 4477205.7427 0))",2718151,Verde,Línea,6
"MULTILINESTRING Z ((440944.7143 4477265.0946 0,440981.6279 4477262.2057 0))",2718157,Verde,Línea,8
"MULTILINESTRING Z ((440990.6155 4477311.3168 0,440989.5044 4477294.1069 0))",2718159,Verde,Línea,4
"MULTILINESTRING Z ((440294.776 4477021.3538 0,440294.1834 4477003.1316 0))",2718198,Azul,Línea,4
"MULTILINESTRING Z ((440730.7637 4477046.7736 0,440762.6402 4477044.4032 0))",2718202,Verde,Línea,6
"MULTILINESTRING Z ((440717.239 4477008.7427 0,440716.0723 4476993.5761 0))",2718207,Verde,Línea,3
"MULTILINESTRING Z ((441088.3192 4476954.3292 0,441088.5415 4476956.9958 0))",2718210,Verde,Batería,1
"MULTILINESTRING Z ((438115.9808 4473435.9832 0,438140.344 4473437.2752 0))",2718214,Verde,Línea,5
"MULTILINESTRING Z ((438146.7117 4473463.3919 0,438143.2971 4473518.3937 0))",2718216,Verde,Línea,11
"MULTILINESTRING Z ((438139.2366 4473583.3623 0,438142.282 4473535.1896 0))",2718218,Verde,Línea,9
"MULTILINESTRING Z ((438177.7194 4473602.1885 0,438179.6574 4473587.792 0))",2718220,Verde,Línea,3
"MULTILINESTRING Z ((438180.1188 4473585.3926 0,438181.5031 4473575.3335 0))",2718221,Verde,Línea,2
"MULTILINESTRING Z ((438182.0568 4473573.211 0,438184.7331 4473552.9083 0))",2718222,Verde,Línea,4
"MULTILINESTRING Z ((438176.9812 4473524.4845 0,438177.8117 4473518.8551 0))",2718223,Verde,Línea,1
"MULTILINESTRING Z ((438203.1901 4473615.0161 0,438192.5773 4473613.0781 0))",2718224,Verde,Batería,3
"MULTILINESTRING Z ((438221.2779 4473617.3232 0,438236.1358 4473619.5381 0))",2718226,Verde,Batería,4
"MULTILINESTRING Z ((438242.5958 4473660.0512 0,438247.21 4473630.1508 0))",2718228,Verde,Línea,6
"MULTILINESTRING Z ((438211.2189 4473607.1719 0,438212.6954 4473596.6514 0))",2718229,Verde,Batería,4
"MULTILINESTRING Z ((438213.8029 4473587.146 0,438215.0026 4473579.4864 0))",2718230,Verde,Batería,2
"MULTILINESTRING Z ((441122.1464 4476950.1563 0,441120.097 4476922.6008 0))",2718231,Verde,Batería,11
"MULTILINESTRING Z ((438215.8331 4473572.565 0,438216.2023 4473567.3048 0))",2718232,Verde,Batería,2
"MULTILINESTRING Z ((438216.6637 4473564.0748 0,438217.4943 4473556.3228 0,438218.7862 4473551.8009 0,438220.4474 4473547.4635 0,438222.6622 4473544.0489 0))",2718233,Verde,Batería,7
"MULTILINESTRING Z ((438216.2023 4473596.3745 0,438221.8317 4473554.9386 0))",2718234,Verde,Línea,9
"MULTILINESTRING Z ((438238.2584 4473536.7584 0,438256.6231 4473534.0822 0))",2718235,Verde,Línea,3
"MULTILINESTRING Z ((438246.4717 4473613.2627 0,438249.794 4473589.084 0))",2718236,Verde,Línea,5
"MULTILINESTRING Z ((438252.2857 4473597.8511 0,438255.1465 4473575.9795 0))",2718237,Verde,Línea,4
"MULTILINESTRING Z ((438251.4551 4473577.733 0,438251.8243 4473574.5953 0,438252.1011 4473573.5801 0,438252.5625 4473573.0264 0))",2718238,Verde,Línea,1
"MULTILINESTRING Z ((438258.6534 4473570.7193 0,438266.4053 4473563.7056 0))",2718239,Verde,Línea,2
"MULTILINESTRING Z ((438256.0694 4473567.9507 0,438264.2827 4473560.568 0))",2718240,Verde,Línea,2
"MULTILINESTRING Z ((438264.375 4473560.4757 0,438270.2813 4473555.2154 0))",2718241,Verde,Línea,2
"MULTILINESTRING Z ((440949.776 4476886.0576 0,440937.4057 4476886.9464 0))",2718242,Verde,Batería,4
"MULTILINESTRING Z ((438202.239 4475091.4927 0,438216.8223 4475096.2427 0,438231.739 4475100.9094 0,438233.989 4475103.2427 0))",2718251,Verde,Línea,7
"MULTILINESTRING Z ((438194.6557 4475088.9927 0,438189.1557 4475087.0761 0))",2718252,Verde,Línea,1
"MULTILINESTRING Z ((439376.489 4473807.4094 0,439383.6557 4473811.6594 0))",2718254,Verde,Línea,1
"MULTILINESTRING Z ((439388.6557 4473814.9094 0,439393.989 4473818.0761 0))",2718255,Verde,Línea,1
"MULTILINESTRING Z ((439374.239 4473799.4094 0,439373.6557 4473798.2427 0,439358.239 4473733.1594 0))",2718256,Verde,Línea,14
"MULTILINESTRING Z ((439398.4057 4473815.2427 0,439425.3223 4473832.1594 0))",2718257,Verde,Línea,6
"MULTILINESTRING Z ((439390.739 4473810.5761 0,439398.239 4473815.1594 0))",2718258,Verde,Línea,2
"MULTILINESTRING Z ((440699.8254 4476758.0822 0,440700.2452 4476764.0576 0))",2718259,Verde,Línea,1
"MULTILINESTRING Z ((441985.3223 4475558.0761 0,441983.0723 4475527.2427 0))",2718260,Azul,Línea,6
"MULTILINESTRING Z ((441985.9057 4475565.2427 0,441986.739 4475577.9927 0))",2718261,Azul,Línea,2
"MULTILINESTRING Z ((440759.702 4476660.1687 0,440766.9983 4476659.6131 0))",2718262,Verde,Línea,2
"MULTILINESTRING Z ((440711.7431 4476887.4897 0,440711.0847 4476877.4979 0))",2718263,Verde,Línea,2
"MULTILINESTRING Z ((440708.13 4476877.4353 0,440706.2205 4476849.7242 0))",2718268,Verde,Línea,5
"MULTILINESTRING Z ((444804.3223 4477094.6594 0,444811.3223 4477100.6594 0))",2718295,Verde,Línea,2
"MULTILINESTRING Z ((444863.5723 4477144.9927 0,444848.4057 4477132.0761 0))",2718297,Verde,Línea,4
"MULTILINESTRING Z ((444839.989 4477124.9094 0,444844.5723 4477128.8261 0))",2718298,Verde,Línea,1
"MULTILINESTRING Z ((444800.6557 4477192.2427 0,444806.989 4477192.5761 0))",2718301,Verde,Línea,1
"MULTILINESTRING Z ((444811.8223 4477191.2427 0,444819.0723 4477191.8261 0))",2718303,Verde,Línea,1
"MULTILINESTRING Z ((444823.5723 4477203.2427 0,444811.489 4477202.4094 0,444788.989 4477201.2427 0,444785.3223 4477201.4927 0))",2718305,Verde,Línea,8
"MULTILINESTRING Z ((444806.1557 4477590.0761 0,444845.8223 4477611.4094 0))",2718309,Verde,Línea,8
"MULTILINESTRING Z ((444848.989 4477335.2427 0,444839.1557 4477345.8261 0))",2718311,Verde,Línea,3
"MULTILINESTRING Z ((444789.6557 4477398.9094 0,444809.8223 4477377.0761 0,444836.739 4477348.2427 0))",2718312,Verde,Línea,15
"MULTILINESTRING Z ((444795.1557 4477049.7427 0,444786.1557 4477055.4927 0))",2718324,Verde,Línea,2
"MULTILINESTRING Z ((444891.489 4476969.4094 0,444849.239 4477002.2427 0))",2718325,Verde,Batería,20
"MULTILINESTRING Z ((444971.5723 4477029.8261 0,444961.8223 4477016.9927 0))",2718327,Verde,Línea,3
"MULTILINESTRING Z ((444951.6557 4477003.5761 0,444959.1557 4477013.4094 0))",2718330,Verde,Línea,2
"MULTILINESTRING Z ((444740.739 4476713.5761 0,444756.3223 4476723.3261 0))",2718331,Verde,Línea,4
"MULTILINESTRING Z ((444517.3223 4476540.6594 0,444523.9057 4476565.1594 0,444524.3223 4476565.9927 0))",2718342,Verde,Línea,4
"MULTILINESTRING Z ((444428.239 4476531.8261 0,444429.8223 4476524.9927 0))",2718343,Verde,Línea,1
"MULTILINESTRING Z ((444420.989 4476479.2427 0,444433.8223 4476501.4094 0,444434.5723 4476502.9927 0,444434.6557 4476504.2427 0,444430.9057 4476520.6594 0))",2718347,Verde,Línea,9
"MULTILINESTRING Z ((441356.2946 4477728.9958 0,441357.1834 4477739.9588 0))",2718349,Azul,Línea,2
"MULTILINESTRING Z ((444658.239 4476775.9927 0,444650.6557 4476788.0761 0))",2718351,Verde,Línea,3
"MULTILINESTRING Z ((444576.9057 4476744.7427 0,444644.9057 4476786.8261 0))",2718352,Verde,Batería,34
"MULTILINESTRING Z ((444641.489 4476658.1594 0,444625.1557 4476683.3261 0))",2718355,Verde,Línea,6
"MULTILINESTRING Z ((444622.6557 4476687.2427 0,444608.9057 4476708.6594 0))",2718357,Verde,Línea,5
"MULTILINESTRING Z ((440924.9612 4476773.8724 0,440939.4427 4476772.9094 0))",2718358,Verde,Línea,3
"MULTILINESTRING Z ((444510.739 4476673.5761 0,444540.3223 4476691.9094 0))",2718360,Verde,Batería,14
"MULTILINESTRING Z ((444491.5723 4476691.5761 0,444533.1557 4476717.3261 0,444560.8223 4476734.5761 0))",2718366,Verde,Batería,33
"MULTILINESTRING Z ((444505.1557 4476749.9927 0,444515.4057 4476733.5761 0))",2718370,Verde,Batería,7
"MULTILINESTRING Z ((444488.3223 4476755.5761 0,444482.3223 4476764.9094 0,444477.489 4476784.7427 0))",2718371,Verde,Batería,10
"MULTILINESTRING Z ((444695.9057 4476993.2427 0,444750.0723 4477039.4094 0))",2718372,Verde,Línea,15
"MULTILINESTRING Z ((444691.5723 4476998.4094 0,444754.9057 4477052.4094 0))",2718388,Verde,Línea,18
"MULTILINESTRING Z ((441108.739 4476769.0946 0,441111.2575 4476803.8353 0))",2718389,Verde,Batería,13
"MULTILINESTRING Z ((444695.1557 4476950.3261 0,444731.739 4476893.4094 0))",2718394,Verde,Línea,14
"MULTILINESTRING Z ((441116.0229 4476868.2633 0,441112.1053 4476815.4732 0))",2718398,Verde,Batería,20
"MULTILINESTRING Z ((444722.4057 4476889.4927 0,444709.3223 4476909.6594 0))",2718403,Verde,Línea,5
"MULTILINESTRING Z ((444686.739 4476944.6594 0,444707.739 4476912.1594 0))",2718412,Verde,Línea,9
"MULTILINESTRING Z ((441103.0792 4476694.4307 0,441099.5566 4476645.2016 0))",2718415,Verde,Batería,18
"MULTILINESTRING Z ((444689.1557 4476857.4094 0,444718.8223 4476875.9927 0))",2718417,Verde,Batería,15
"MULTILINESTRING Z ((444541.6557 4476810.3261 0,444536.739 4476818.4927 0))",2718441,Verde,Línea,2
"MULTILINESTRING Z ((444399.8223 4476930.5761 0,444383.5723 4476918.8261 0))",2718445,Verde,Línea,4
"MULTILINESTRING Z ((444374.739 4476913.0761 0,444377.8223 4476914.6594 0,444379.8223 4476916.0761 0))",2718447,Verde,Línea,1
"MULTILINESTRING Z ((444718.239 4477191.9094 0,444716.239 4477191.2427 0,444713.3223 4477189.9927 0,444709.989 4477188.2427 0))",2718492,Verde,Línea,2
"MULTILINESTRING Z ((444689.989 4477167.4927 0,444708.6557 4477183.6594 0,444719.0723 4477171.7427 0))",2718493,Verde,Batería,13
"MULTILINESTRING Z ((444708.1557 4477161.3261 0,444715.5723 4477167.4927 0))",2718497,Verde,Batería,3
"MULTILINESTRING Z ((444701.3223 4477158.8261 0,444705.989 4477162.5761 0))",2718498,Verde,Batería,2
"MULTILINESTRING Z ((442941.5168 4473115.7427 0,442939.5168 4473112.6316 0))",2718509,Verde,Batería,1
"MULTILINESTRING Z ((440161.9057 4476443.3261 0,440160.8223 4476427.1594 0))",2718515,Verde,Línea,3
"MULTILINESTRING Z ((439895.239 4476037.0761 0,439939.9057 4476033.0761 0))",2718516,Verde,Línea,8
"MULTILINESTRING Z ((440176.739 4476003.8261 0,440179.989 4475990.3261 0))",2718517,Verde,Línea,3
"MULTILINESTRING Z ((440031.9057 4476003.4927 0,440030.8223 4475994.4927 0))",2718518,Verde,Línea,2
"MULTILINESTRING Z ((440261.4057 4476470.6594 0,440261.0723 4476455.9094 0))",2718519,Azul,Línea,3
"MULTILINESTRING Z ((444541.489 4477139.9094 0,444531.1557 4477158.0761 0))",2718523,Verde,Línea,5
"MULTILINESTRING Z ((444523.489 4477170.8261 0,444507.1557 4477198.9927 0))",2718526,Verde,Línea,7
"MULTILINESTRING Z ((444491.5723 4477228.4927 0,444486.3223 4477238.7427 0))",2718532,Verde,Línea,2
"MULTILINESTRING Z ((444447.5723 4477243.4927 0,444465.4057 4477248.5761 0))",2718535,Verde,Línea,4
"MULTILINESTRING Z ((444420.1557 4477226.2427 0,444419.5723 4477228.3261 0,444419.739 4477230.5761 0,444420.489 4477232.9927 0,444421.8223 4477234.9094 0,444423.489 4477236.2427 0,444424.989 4477236.9927 0,444433.3223 4477239.4927 0))",2718537,Verde,Línea,4
"MULTILINESTRING Z ((444415.989 4477297.1594 0,444400.1557 4477290.3261 0))",2718545,Verde,Línea,3
"MULTILINESTRING Z ((444698.9057 4477518.3261 0,444707.1557 4477505.6594 0))",2718551,Verde,Línea,3
"MULTILINESTRING Z ((444709.739 4477501.6594 0,444723.489 4477480.4927 0))",2718554,Verde,Línea,5
"MULTILINESTRING Z ((444713.6557 4477394.7427 0,444667.9057 4477365.4094 0))",2718555,Verde,Línea,10
"MULTILINESTRING Z ((444650.5723 4477351.3261 0,444667.9057 4477362.4927 0,444668.3223 4477362.6594 0))",2718556,Verde,Línea,5
"MULTILINESTRING Z ((444625.5723 4477335.0761 0,444645.239 4477347.9094 0))",2718581,Verde,Línea,5
"MULTILINESTRING Z ((444577.8223 4477306.5761 0,444599.1557 4477320.4927 0))",2718583,Verde,Línea,5
"MULTILINESTRING Z ((444401.989 4477432.3261 0,444409.739 4477413.9927 0))",2718584,Azul,Línea,4
"MULTILINESTRING Z ((444414.9057 4477401.9094 0,444410.739 4477411.8261 0))",2718585,Azul,Línea,3
"MULTILINESTRING Z ((444194.1557 4477375.0761 0,444273.5723 4477344.4927 0))",2718590,Verde,Línea,18
"MULTILINESTRING Z ((444257.1557 4477288.1594 0,444261.3223 4477292.3261 0,444277.239 4477306.8261 0,444288.489 4477316.9094 0,444292.1557 4477319.9094 0,444295.239 4477321.9927 0,444296.6557 4477322.6594 0))",2718600,Verde,Línea,12
"MULTILINESTRING Z ((444271.739 4477192.3261 0,444278.989 4477195.3261 0))",2718601,Azul,Batería,4
"MULTILINESTRING Z ((444374.3223 4477217.4094 0,444389.1557 4477223.9927 0))",2718608,Verde,Batería,7
"MULTILINESTRING Z ((444293.6557 4477181.0761 0,444367.4057 4477214.2427 0))",2718609,Verde,Batería,32
"MULTILINESTRING Z ((444265.739 4477107.0761 0,444264.489 4477121.4927 0,444260.239 4477152.7427 0))",2718616,Verde,Línea,10
"MULTILINESTRING Z ((444299.739 4477054.9927 0,444388.6557 4477095.2427 0,444427.9057 4477112.8261 0))",2718621,Verde,Batería,51
"MULTILINESTRING Z ((440332.7913 4471601.4332 0,440338.7114 4471605.9555 0))",2718636,Verde,Línea,2
"MULTILINESTRING Z ((440344.6314 4471610.0666 0,440349.8115 4471614.0956 0))",2718637,Verde,Línea,1
"MULTILINESTRING Z ((440346.6048 4471604.311 0,440344.2203 4471602.5843 0))",2718638,Verde,Batería,1
"MULTILINESTRING Z ((440336.4091 4471596.9931 0,440340.3558 4471599.8709 0))",2718639,Verde,Batería,1
"MULTILINESTRING Z ((440321.1401 4471585.492 0,440327.1401 4471589.7698 0))",2718640,Verde,Batería,3
"MULTILINESTRING Z ((440302.9442 4471572.4906 0,440312.8932 4471579.4795 0))",2718641,Verde,Batería,3
"MULTILINESTRING Z ((440395.3632 4471592.4708 0,440386.2364 4471605.5443 0))",2718646,Verde,Línea,3
"MULTILINESTRING Z ((440398.0766 4471588.0308 0,440395.281 4471592.3886 0))",2718647,Verde,Línea,1
"MULTILINESTRING Z ((440403.9145 4471517.8943 0,440395.4455 4471510.412 0))",2718651,Verde,Línea,2
"MULTILINESTRING Z ((440388.8676 4471512.3031 0,440386.2364 4471510.2475 0))",2718654,Verde,Batería,1
"MULTILINESTRING Z ((440281.5924 4471496.4448 0,440274.7896 4471503.7743 0))",2718656,Azul,Línea,2
"MULTILINESTRING Z ((440261.9148 4471517.8943 0,440271.6994 4471506.7119 0))",2718657,Azul,Línea,3
"MULTILINESTRING Z ((440221.7619 4471512.139 0,440216.3579 4471503.7249 0))",2718664,Verde,Línea,2
"MULTILINESTRING Z ((440219.0021 4471500.504 0,440204.202 4471494.9039 0))",2718665,Verde,Línea,3
"MULTILINESTRING Z ((440200.528 4471493.5022 0,440186.4956 4471488.2022 0))",2718666,Verde,Línea,3
"MULTILINESTRING Z ((439826.6657 4471367.7956 0,439820.9922 4471370.0156 0))",2718679,Verde,Línea,1
"MULTILINESTRING Z ((439659.0534 4471274.5544 0,439653.1333 4471271.5943 0))",2718694,Verde,Línea,1
"MULTILINESTRING Z ((439752.1713 4471234.9638 0,439757.2281 4471235.4572 0))",2718699,Verde,Línea,1
"MULTILINESTRING Z ((439843.3345 4471140.9087 0,439860.3345 4471133.3254 0))",2718716,Verde,Línea,3
"MULTILINESTRING Z ((439876.6679 4471126.3254 0,439867.0845 4471130.3254 0))",2718717,Verde,Línea,2
"MULTILINESTRING Z ((439865.5899 4471091.25 0,439869.3811 4471101.5299 0))",2718723,Verde,Línea,2
"MULTILINESTRING Z ((439729.601 4471068.8316 0,439731.081 4471073.1483 0))",2718744,Verde,Batería,1
"MULTILINESTRING Z ((439678.5403 4471162.1962 0,439684.7071 4471159.6062 0))",2718748,Verde,Batería,2
"MULTILINESTRING Z ((440251.2258 4471529.9811 0,440261.7503 4471518.2232 0))",2718754,Azul,Línea,3
"MULTILINESTRING Z ((439667.4275 4471160.3467 0,439660.2247 4471143.8507 0))",2718756,Verde,Línea,3
"MULTILINESTRING Z ((439646.1233 4471095.8811 0,439650.838 4471106.9608 0))",2718760,Verde,Línea,2
"MULTILINESTRING Z ((439618.7777 4471094.5846 0,439626.3213 4471091.4021 0))",2718762,Verde,Línea,2
"MULTILINESTRING Z ((439964.8408 4471455.2635 0,439966.6089 4471438.2904 0))",2718768,Verde,Línea,3
"MULTILINESTRING Z ((439955.8828 4471427.4464 0,439971.5594 4471429.2145 0))",2718770,Verde,Línea,3
"MULTILINESTRING Z ((439976.5099 4471429.4502 0,439983.582 4471430.1574 0))",2718771,Verde,Línea,1
"MULTILINESTRING Z ((440063.8507 4471437.1117 0,440075.8734 4471439.2333 0))",2718786,Verde,Línea,2
"MULTILINESTRING Z ((440035.0209 4471406.0709 0,440040.8717 4471419.8828 0))",2718788,Verde,Línea,3
"MULTILINESTRING Z ((440045.5811 4471426.6213 0,440050.0601 4471431.2182 0,440055.2463 4471434.1649 0))",2718789,Verde,Línea,2
"MULTILINESTRING Z ((440064.5723 4471268.7427 0,440070.239 4471266.3261 0))",2718807,Verde,Línea,1
"MULTILINESTRING Z ((439966.8446 4471255.9471 0,439969.202 4471261.1334 0))",2718811,Verde,Línea,1
"MULTILINESTRING Z ((439955.8828 4471230.2517 0,439953.6433 4471224.4761 0))",2718814,Verde,Línea,1
"MULTILINESTRING Z ((439943.5066 4471200.4309 0,439949.9894 4471215.5181 0))",2718815,Verde,Línea,3
"MULTILINESTRING Z ((440078.5301 4471229.2252 0,440072.4394 4471214.139 0))",2718820,Verde,Línea,3
"MULTILINESTRING Z ((440082.9341 4471227.5386 0,440076.8434 4471212.5461 0))",2718821,Verde,Línea,3
"MULTILINESTRING Z ((440184.6021 4471468.6368 0,440199.0324 4471473.8842 0))",2718841,Verde,Línea,3
"MULTILINESTRING Z ((440204.0923 4471475.8519 0,440217.1171 4471480.8182 0))",2718842,Verde,Línea,3
"MULTILINESTRING Z ((440208.1216 4471410.9157 0,440212.6193 4471410.6345 0))",2718846,Verde,Batería,1
"MULTILINESTRING Z ((440256.7032 4471407.605 0,440251.7146 4471407.9416 0))",2718848,Verde,Batería,2
"MULTILINESTRING Z ((440224.3065 4471303.4025 0,440244.6577 4471294.6215 0))",2718858,Verde,Batería,9
"MULTILINESTRING Z ((440129.6314 4471286.9412 0,440156.8654 4471348.4089 0))",2718861,Azul,Batería,25
"MULTILINESTRING Z ((440130.7251 4471265.8321 0,440153.5842 4471316.8001 0))",2718862,Verde,Batería,19
"MULTILINESTRING Z ((440126.0221 4471277.6444 0,440121.9753 4471267.9102 0))",2718865,Azul,Batería,4
"MULTILINESTRING Z ((440308.3377 4471229.1102 0,440312.2539 4471232.2187 0))",2718880,Verde,Línea,1
"MULTILINESTRING Z ((440351.9057 4471267.2427 0,440348.9057 4471264.4094 0))",2718886,Verde,Batería,1
"MULTILINESTRING Z ((440367.739 4471187.0761 0,440361.9057 4471193.7427 0))",2718890,Verde,Batería,3
"MULTILINESTRING Z ((440305.739 4471167.0761 0,440313.4057 4471158.5761 0))",2718897,Verde,Línea,2
"MULTILINESTRING Z ((440313.989 4471157.9094 0,440321.4057 4471149.3261 0))",2718898,Verde,Línea,2
"MULTILINESTRING Z ((440301.0723 4471172.5761 0,440293.5723 4471181.4927 0))",2718899,Verde,Línea,2
"MULTILINESTRING Z ((440313.6557 4471096.6594 0,440322.4057 4471102.7427 0))",2718904,Verde,Línea,2
"MULTILINESTRING Z ((440337.239 4471112.4927 0,440332.6557 4471109.4094 0))",2718905,Verde,Línea,1
"MULTILINESTRING Z ((440353.0723 4471112.0761 0,440354.739 4471106.8261 0))",2718906,Verde,Línea,1
"MULTILINESTRING Z ((440357.4057 4471125.9927 0,440367.5723 4471133.1594 0))",2718911,Verde,Línea,2
"MULTILINESTRING Z ((440378.739 4471140.6594 0,440392.739 4471150.1594 0))",2718912,Verde,Línea,3
"MULTILINESTRING Z ((440402.1557 4471160.1594 0,440406.989 4471163.3261 0))",2718913,Verde,Línea,1
"MULTILINESTRING Z ((440405.739 4471158.7427 0,440410.8223 4471162.0761 0))",2718914,Verde,Línea,1
"MULTILINESTRING Z ((440403.9057 4471146.6594 0,440405.6557 4471141.1594 0))",2718915,Verde,Línea,1
"MULTILINESTRING Z ((440419.5307 4471097.5761 0,440423.5307 4471084.5761 0))",2718919,Verde,Línea,2
"MULTILINESTRING Z ((440430.5307 4471064.0761 0,440427.0307 4471075.0761 0))",2718920,Verde,Línea,2
"MULTILINESTRING Z ((440442.6557 4471187.9927 0,440429.3223 4471179.1594 0))",2718922,Verde,Línea,3
"MULTILINESTRING Z ((440417.3223 4471226.0761 0,440412.3223 4471231.7427 0))",2718925,Verde,Línea,1
"MULTILINESTRING Z ((440377.4901 4471278.3498 0,440384.0407 4471270.794 0))",2718928,Verde,Línea,2
"MULTILINESTRING Z ((440390.1898 4471306.4498 0,440395.778 4471311.4521 0))",2718931,Verde,Batería,3
"MULTILINESTRING Z ((440360.239 4471296.3261 0,440357.3223 4471299.6594 0))",2718934,Verde,Línea,1
"MULTILINESTRING Z ((440350.239 4471307.9094 0,440346.5723 4471311.9927 0))",2718935,Verde,Línea,1
"MULTILINESTRING Z ((440315.489 4471330.6594 0,440312.489 4471333.9927 0))",2718938,Azul,Batería,1
"MULTILINESTRING Z ((440398.6557 4471333.2427 0,440387.239 4471346.1594 0))",2718946,Azul,Línea,3
"MULTILINESTRING Z ((440282.9057 4471465.4927 0,440275.6557 4471473.4927 0))",2718952,Azul,Línea,2
"MULTILINESTRING Z ((440345.739 4471465.9094 0,440353.489 4471472.9094 0))",2718955,Verde,Línea,2
"MULTILINESTRING Z ((440548.9057 4471293.8261 0,440540.0307 4471287.8261 0))",2718960,Azul,Línea,2
"MULTILINESTRING Z ((440533.6557 4471283.9511 0,440528.0307 4471280.3261 0))",2718963,Azul,Línea,1
"MULTILINESTRING Z ((440500.7807 4471262.4511 0,440513.6557 4471271.5761 0))",2718964,Azul,Línea,3
"MULTILINESTRING Z ((440513.9057 4471271.7011 0,440520.1557 4471275.5761 0))",2718965,Azul,Línea,1
"MULTILINESTRING Z ((440596.5307 4471286.2011 0,440601.5307 4471276.5761 0))",2718966,Verde,Línea,2
"MULTILINESTRING Z ((440454.0307 4471195.5761 0,440468.1557 4471205.3261 0))",2718971,Verde,Línea,3
"MULTILINESTRING Z ((443093.239 4477500.3261 0,443066.0723 4477477.5761 0))",2718977,Verde,Línea,7
"MULTILINESTRING Z ((440503.1955 4471126.9821 0,440512.4208 4471116.6956 0))",2718978,Verde,Línea,3
"MULTILINESTRING Z ((440441.5307 4471107.7011 0,440454.1557 4471111.4511 0))",2718980,Verde,Línea,2
"MULTILINESTRING Z ((440463.6413 4471114.6138 0,440480.908 4471120.1244 0))",2718981,Verde,Línea,3
"MULTILINESTRING Z ((440462.0012 4471174.5754 0,440467.4179 4471168.242 0))",2718983,Verde,Línea,1
"MULTILINESTRING Z ((440459.3172 4471176.933 0,440450.6808 4471187.1805 0))",2718984,Verde,Línea,3
"MULTILINESTRING Z ((440518.6557 4471082.0761 0,440507.4057 4471078.7011 0))",2718985,Verde,Línea,2
"MULTILINESTRING Z ((440534.6557 4471082.7011 0,440539.5307 4471085.3261 0))",2718986,Verde,Línea,1
"MULTILINESTRING Z ((440608.7807 4471090.0761 0,440606.0307 4471094.3261 0))",2718990,Azul,Línea,1
"MULTILINESTRING Z ((440574.5012 4471129.3254 0,440567.5845 4471136.8254 0))",2718992,Azul,Línea,2
"MULTILINESTRING Z ((440592.9974 4471140.1959 0,440583.1199 4471151.4847 0))",2718993,Azul,Línea,3
"MULTILINESTRING Z ((440567.9057 4471183.2011 0,440579.9057 4471193.4511 0))",2718994,Verde,Línea,3
"MULTILINESTRING Z ((440505.6557 4471239.8261 0,440498.4057 4471248.7011 0))",2718998,Azul,Línea,2
"MULTILINESTRING Z ((440585.6557 4471307.0761 0,440592.9057 4471293.0761 0))",2719003,Verde,Línea,3
"MULTILINESTRING Z ((440633.1908 4471223.8571 0,440638.666 4471215.2827 0))",2719004,Verde,Línea,2
"MULTILINESTRING Z ((440662.6939 4471181.2043 0,440653.847 4471193.2321 0))",2719007,Verde,Línea,3
"MULTILINESTRING Z ((440657.6208 4471152.0923 0,440654.2848 4471155.9544 0))",2719010,Verde,Batería,2
"MULTILINESTRING Z ((440661.533 4471147.5432 0,440658.2076 4471151.41 0))",2719011,Verde,Batería,2
"MULTILINESTRING Z ((440665.4452 4471142.9941 0,440662.1198 4471146.8609 0))",2719012,Verde,Batería,2
"MULTILINESTRING Z ((440669.3505 4471138.4531 0,440666.0321 4471142.3117 0))",2719013,Verde,Batería,2
"MULTILINESTRING Z ((439660.898 4470765.05 0,439645.0899 4470762.8695 0))",2719015,Azul,Línea,3
"MULTILINESTRING Z ((439676.161 4470767.1395 0,439692.06 4470769.4108 0))",2719016,Azul,Línea,3
"MULTILINESTRING Z ((439712.9965 4470772.8968 0,439718.8965 4470773.5968 0))",2719017,Azul,Línea,1
"MULTILINESTRING Z ((439658.8084 4470805.0245 0,439657.2639 4470810.5664 0))",2719020,Verde,Línea,1
"MULTILINESTRING Z ((439652.358 4470824.3758 0,439654.7201 4470817.562 0))",2719022,Verde,Línea,1
"MULTILINESTRING Z ((439592.6687 4470814.0188 0,439582.5842 4470814.0188 0))",2719024,Verde,Línea,2
"MULTILINESTRING Z ((439571.2278 4470813.6554 0,439565.1407 4470813.6554 0))",2719025,Verde,Línea,1
"MULTILINESTRING Z ((439564.8682 4470809.8396 0,439574.4984 4470810.0213 0))",2719026,Verde,Línea,2
"MULTILINESTRING Z ((439580.1312 4470810.0213 0,439585.9457 4470809.7488 0))",2719027,Verde,Línea,1
"MULTILINESTRING Z ((439599.8459 4470809.4762 0,439608.9311 4470809.4762 0))",2719028,Verde,Línea,2
"MULTILINESTRING Z ((439702.1445 4470781.1306 0,439696.6025 4470795.7577 0))",2719030,Verde,Línea,3
"MULTILINESTRING Z ((439658.7176 4470860.7163 0,439664.532 4470863.8053 0))",2719032,Verde,Batería,2
"MULTILINESTRING Z ((439615.739 4471019.7427 0,439618.8223 4471034.7427 0))",2719038,Verde,Línea,3
"MULTILINESTRING Z ((443103.739 4477509.1594 0,443115.1557 4477518.8261 0))",2719039,Verde,Línea,2
"MULTILINESTRING Z ((439609.739 4470993.4927 0,439612.989 4471007.9094 0))",2719040,Verde,Línea,3
"MULTILINESTRING Z ((443201.0723 4477597.1594 0,443197.489 4477593.8261 0))",2719049,Verde,Línea,1
"MULTILINESTRING Z ((440341.239 4471225.4927 0,440346.489 4471219.3261 0))",2719051,Verde,Línea,2
"MULTILINESTRING Z ((439585.8223 4470941.6594 0,439595.739 4470940.7427 0))",2719055,Verde,Línea,2
"MULTILINESTRING Z ((439591.0723 4470862.3261 0,439601.239 4470862.0761 0))",2719061,Verde,Línea,2
"MULTILINESTRING Z ((439590.5723 4470862.4927 0,439574.0723 4470862.6594 0))",2719062,Verde,Línea,3
"MULTILINESTRING Z ((439594.9085 4470858.081 0,439600.9079 4470857.997 0))",2719065,Verde,Batería,2
"MULTILINESTRING Z ((439607.5723 4470858.2427 0,439611.1557 4470858.0761 0))",2719066,Verde,Batería,1
"MULTILINESTRING Z ((439618.9057 4470857.8261 0,439622.5723 4470857.7427 0))",2719067,Verde,Batería,1
"MULTILINESTRING Z ((439724.4057 4470835.1594 0,439722.9057 4470846.6594 0))",2719070,Verde,Línea,2
"MULTILINESTRING Z ((439721.0723 4470858.8261 0,439721.8223 4470853.6594 0))",2719071,Verde,Línea,1
"MULTILINESTRING Z ((439617.7807 4470911.7011 0,439624.2807 4470911.8261 0))",2719075,Verde,Línea,1
"MULTILINESTRING Z ((439620.739 4470976.2427 0,439636.5723 4470973.8261 0))",2719078,Verde,Línea,3
"MULTILINESTRING Z ((439620.739 4470972.4094 0,439630.239 4470971.1594 0))",2719083,Verde,Batería,3
"MULTILINESTRING Z ((439740.989 4470955.9094 0,439732.3223 4470956.9927 0))",2719086,Verde,Batería,3
"MULTILINESTRING Z ((439737.5966 4470776.2971 0,439756.4966 4470778.8973 0))",2719093,Azul,Línea,3
"MULTILINESTRING Z ((439749.989 4470885.9094 0,439747.5723 4470903.7427 0))",2719096,Verde,Línea,3
"MULTILINESTRING Z ((439758.0723 4470880.9094 0,439773.3223 4470883.0761 0))",2719097,Verde,Línea,3
"MULTILINESTRING Z ((439780.6557 4470884.0761 0,439790.9057 4470885.4927 0))",2719099,Verde,Línea,2
"MULTILINESTRING Z ((439771.989 4470781.4094 0,439783.8223 4470782.9927 0))",2719101,Azul,Línea,2
"MULTILINESTRING Z ((439940.4029 4470804.9016 0,439921.8339 4470802.3149 0))",2719104,Azul,Línea,3
"MULTILINESTRING Z ((439838.2025 4470800.6004 0,439836.221 4470815.469 0))",2719105,Verde,Línea,3
"MULTILINESTRING Z ((439748.739 4470926.9927 0,439749.8223 4470935.9094 0))",2719107,Verde,Línea,2
"MULTILINESTRING Z ((439752.8223 4470926.4094 0,439755.1557 4470941.4094 0))",2719108,Verde,Línea,3
"MULTILINESTRING Z ((439804.5723 4470914.3261 0,439815.9057 4470913.7427 0))",2719110,Verde,Línea,2
"MULTILINESTRING Z ((439836.989 4470968.5761 0,439832.8223 4470955.6594 0))",2719114,Verde,Línea,3
"MULTILINESTRING Z ((439815.3223 4470943.4927 0,439802.0723 4470945.4094 0))",2719116,Verde,Línea,2
"MULTILINESTRING Z ((439787.4057 4470947.3261 0,439793.6557 4470946.4927 0))",2719117,Verde,Línea,1
"MULTILINESTRING Z ((439768.239 4470950.0761 0,439781.4057 4470948.0761 0))",2719118,Verde,Línea,3
"MULTILINESTRING Z ((439844.8113 4471040.0689 0,439843.7906 4471036.4964 0))",2719132,Verde,Batería,1
"MULTILINESTRING Z ((439828.3223 4470899.2427 0,439826.489 4470890.9927 0,439826.489 4470887.9094 0))",2719167,Verde,Línea,2
"MULTILINESTRING Z ((439988.739 4470811.5761 0,439973.1557 4470809.3261 0))",2719177,Azul,Línea,3
"MULTILINESTRING Z ((440043.5723 4470828.9094 0,440041.239 4470845.5761 0))",2719184,Verde,Línea,3
"MULTILINESTRING Z ((440047.0723 4470829.9927 0,440045.489 4470840.5761 0))",2719185,Verde,Línea,2
"MULTILINESTRING Z ((440043.8501 4470852.6316 0,440045.4057 4470840.965 0))",2719186,Verde,Línea,2
"MULTILINESTRING Z ((440034.989 4470891.7427 0,440032.989 4470907.7427 0))",2719188,Verde,Línea,3
"MULTILINESTRING Z ((440094.1033 4470835.8033 0,440092.4482 4470847.0708 0))",2719191,Verde,Línea,2
"MULTILINESTRING Z ((440112.989 4470828.6594 0,440123.3223 4470829.9094 0))",2719193,Azul,Línea,2
"MULTILINESTRING Z ((440091.5723 4470876.4094 0,440092.739 4470868.5761 0))",2719194,Verde,Línea,1
"MULTILINESTRING Z ((440088.9057 4470896.0761 0,440089.8223 4470889.6594 0))",2719196,Verde,Línea,1
"MULTILINESTRING Z ((440128.002 4470958.6032 0,440129.4934 4470947.7048 0))",2719199,Verde,Línea,2
"MULTILINESTRING Z ((440131.739 4470959.1594 0,440133.739 4470944.6594 0))",2719200,Verde,Línea,3
"MULTILINESTRING Z ((440133.8223 4470944.3261 0,440135.0723 4470933.6594 0))",2719202,Verde,Línea,2
"MULTILINESTRING Z ((440130.3069 4470941.7602 0,440131.1204 4470935.8156 0))",2719204,Verde,Línea,1
"MULTILINESTRING Z ((440137.8057 4470913.2258 0,440135.8289 4470928.3316 0))",2719205,Verde,Línea,3
"MULTILINESTRING Z ((440134.8223 4470909.3261 0,440135.489 4470904.8261 0))",2719208,Verde,Línea,1
"MULTILINESTRING Z ((440136.0014 4470900.148 0,440138.3446 4470883.0253 0))",2719210,Verde,Línea,3
"MULTILINESTRING Z ((440139.0225 4470878.0715 0,440140.3783 4470868.1638 0))",2719211,Verde,Línea,2
"MULTILINESTRING Z ((440153.9436 4470834.264 0,440171.1671 4470836.6556 0))",2719213,Azul,Línea,3
"MULTILINESTRING Z ((440171.9652 4470836.7664 0,440188.8037 4470839.1044 0))",2719214,Azul,Línea,3
"MULTILINESTRING Z ((440197.0723 4470849.4927 0,440194.9057 4470865.0761 0))",2719216,Verde,Línea,3
"MULTILINESTRING Z ((440194.239 4470870.0761 0,440193.489 4470876.2427 0))",2719217,Verde,Línea,1
"MULTILINESTRING Z ((440189.3785 4470909.1363 0,440188.0491 4470919.0476 0))",2719220,Verde,Línea,2
"MULTILINESTRING Z ((440179.3915 4470956.6095 0,440177.8021 4470968.5038 0))",2719222,Verde,Línea,2
"MULTILINESTRING Z ((440228.1557 4470979.8261 0,440228.9057 4470975.4927 0))",2719224,Verde,Línea,1
"MULTILINESTRING Z ((440231.3223 4470977.6594 0,440232.6557 4470967.1594 0))",2719225,Verde,Línea,2
"MULTILINESTRING Z ((440230.6557 4470957.7427 0,440229.4057 4470968.0761 0))",2719227,Verde,Línea,2
"MULTILINESTRING Z ((440231.989 4470945.8261 0,440232.6557 4470940.4094 0))",2719229,Verde,Línea,1
"MULTILINESTRING Z ((440236.989 4470903.9094 0,440239.239 4470888.1594 0))",2719233,Verde,Línea,3
"MULTILINESTRING Z ((440241.1557 4470871.9094 0,440239.489 4470885.4927 0))",2719234,Verde,Línea,3
"MULTILINESTRING Z ((440243.3038 4470855.005 0,440241.6029 4470867.6009 0))",2719235,Verde,Línea,2
"MULTILINESTRING Z ((440256.489 4470848.0761 0,440262.6557 4470848.9927 0))",2719238,Azul,Línea,1
"MULTILINESTRING Z ((440332.3223 4470858.5761 0,440325.989 4470857.6594 0))",2719239,Azul,Línea,1
"MULTILINESTRING Z ((440300.739 4470874.1594 0,440301.9057 4470864.6594 0))",2719240,Verde,Batería,3
"MULTILINESTRING Z ((440297.0723 4470863.2427 0,440294.989 4470879.7427 0))",2719241,Verde,Línea,3
"MULTILINESTRING Z ((440283.739 4470972.5761 0,440284.239 4470968.5761 0))",2719244,Verde,Línea,1
"MULTILINESTRING Z ((440290.0032 4470919.6053 0,440288.5847 4470930.5887 0))",2719248,Verde,Línea,2
"MULTILINESTRING Z ((440291.8933 4470904.864 0,440290.6033 4470915.4053 0))",2719251,Verde,Línea,2
"MULTILINESTRING Z ((440347.0723 4470895.2427 0,440349.0723 4470877.4094 0))",2719252,Verde,Línea,3
"MULTILINESTRING Z ((440332.9057 4470978.6594 0,440330.8223 4470992.4094 0))",2719259,Verde,Línea,2
"MULTILINESTRING Z ((440332.1557 4471010.9927 0,440332.8223 4471004.6594 0))",2719261,Verde,Línea,1
"MULTILINESTRING Z ((440278.5723 4471052.5761 0,440281.6557 4471036.7427 0))",2719265,Azul,Línea,3
"MULTILINESTRING Z ((440369.7022 4471044.9057 0,440367.9772 4471050.6524 0))",2719269,Verde,Línea,1
"MULTILINESTRING Z ((440364.9057 4471071.9511 0,440369.2807 4471057.9511 0))",2719270,Verde,Línea,3
"MULTILINESTRING Z ((440373.5307 4471045.8261 0,440369.4057 4471057.7011 0))",2719271,Verde,Línea,3
"MULTILINESTRING Z ((440471.2807 4471063.5761 0,440476.7807 4471065.3261 0))",2719278,Verde,Línea,1
"MULTILINESTRING Z ((440541.239 4471015.3261 0,440540.3223 4471025.8261 0))",2719281,Verde,Línea,2
"MULTILINESTRING Z ((440511.9057 4470976.0761 0,440520.989 4470983.9094 0))",2719284,Azul,Línea,2
"MULTILINESTRING Z ((443229.9612 4477628.7427 0,443237.5168 4477636.465 0))",2719285,Verde,Línea,2
"MULTILINESTRING Z ((440521.3223 4470984.1594 0,440525.9057 4470987.9927 0))",2719286,Azul,Línea,1
"MULTILINESTRING Z ((440410.2807 4470990.5761 0,440401.1557 4471001.9511 0))",2719294,Verde,Línea,3
"MULTILINESTRING Z ((440381.9973 4471023.9988 0,440387.9036 4471017.2399 0))",2719295,Verde,Línea,2
"MULTILINESTRING Z ((443239.6279 4477636.3538 0,443246.9612 4477643.4094 0))",2719300,Verde,Línea,2
"MULTILINESTRING Z ((440487.0309 4471131.1458 0,440482.255 4471126.6148 0))",2719309,Verde,Línea,1
"MULTILINESTRING Z ((443273.9057 4477673.7427 0,443284.989 4477684.5761 0))",2719316,Verde,Línea,3
"MULTILINESTRING Z ((443287.239 4477684.2427 0,443291.3223 4477688.4094 0))",2719317,Verde,Línea,1
"MULTILINESTRING Z ((443332.9057 4477721.4927 0,443308.989 4477704.1594 0))",2719319,Verde,Línea,6
"MULTILINESTRING Z ((443373.9057 4477750.4927 0,443394.9057 4477765.3261 0))",2719325,Verde,Línea,5
"MULTILINESTRING Z ((440186.3516 4471781.8311 0,440193.3405 4471777.6377 0))",2719328,Verde,Línea,2
"MULTILINESTRING Z ((443225.989 4477603.0761 0,443235.989 4477613.2427 0))",2719333,Azul,Línea,3
"MULTILINESTRING Z ((443238.5723 4477611.2427 0,443245.9057 4477618.5761 0))",2719334,Azul,Línea,2
"MULTILINESTRING Z ((443243.739 4477621.0761 0,443261.6557 4477639.4927 0))",2719335,Azul,Línea,5
"MULTILINESTRING Z ((443264.5723 4477637.6594 0,443295.8223 4477669.2427 0))",2719337,Azul,Línea,9
"MULTILINESTRING Z ((443293.989 4477672.5761 0,443304.0723 4477682.3261 0))",2719340,Azul,Línea,3
"MULTILINESTRING Z ((443318.489 4477695.3261 0,443337.6557 4477709.3261 0))",2719345,Azul,Línea,4
"MULTILINESTRING Z ((443341.5723 4477708.2427 0,443348.9057 4477713.6594 0,443353.739 4477716.8261 0))",2719351,Azul,Línea,3
"MULTILINESTRING Z ((440165.8223 4471192.1594 0,440167.739 4471189.8261 0))",2719354,Azul,Batería,1
"MULTILINESTRING Z ((443196.8223 4477575.2427 0,443174.239 4477554.4927 0))",2719358,Azul,Línea,6
"MULTILINESTRING Z ((443107.1557 4477494.4927 0,443120.5723 4477505.4927 0))",2719360,Azul,Línea,4
"MULTILINESTRING Z ((443057.5723 4477454.1594 0,443069.9057 4477463.9927 0))",2719367,Verde,Línea,4
"MULTILINESTRING Z ((442408.989 4477400.9927 0,442401.0723 4477408.5761 0))",2719380,Verde,Línea,2
"MULTILINESTRING Z ((442393.9057 4477416.3261 0,442394.9057 4477415.4094 0,442398.5723 4477411.4927 0))",2719382,Verde,Línea,2
"MULTILINESTRING Z ((442346.739 4477349.7427 0,442355.989 4477340.9927 0))",2719388,Verde,Línea,2
"MULTILINESTRING Z ((442445.0723 4475366.9927 0,442444.1557 4475351.6594 0))",2719389,Verde,Batería,5
"MULTILINESTRING Z ((442389.1557 4477586.7427 0,442392.739 4477594.4094 0))",2719390,Verde,Línea,2
"MULTILINESTRING Z ((442380.0723 4477568.4927 0,442383.989 4477576.4927 0))",2719393,Verde,Línea,2
"MULTILINESTRING Z ((442372.8223 4477553.4927 0,442377.1557 4477562.5761 0))",2719395,Verde,Línea,2
"MULTILINESTRING Z ((442220.1557 4477293.7427 0,442211.989 4477305.4094 0))",2719401,Verde,Línea,3
"MULTILINESTRING Z ((444152.989 4476020.7427 0,444158.1557 4476019.7427 0))",2719407,Verde,Línea,1
"MULTILINESTRING Z ((444144.3223 4476022.5761 0,444138.239 4476023.4927 0))",2719408,Verde,Línea,1
"MULTILINESTRING Z ((442305.739 4478268.9094 0,442309.1557 4478271.7427 0))",2719409,Verde,Línea,1
"MULTILINESTRING Z ((442316.0723 4478277.6594 0,442327.739 4478287.4927 0))",2719410,Verde,Línea,3
"MULTILINESTRING Z ((444277.1557 4475604.4927 0,444277.989 4475610.6594 0))",2719423,Verde,Línea,1
"MULTILINESTRING Z ((444278.989 4475618.4927 0,444279.9057 4475624.9927 0))",2719425,Verde,Línea,1
"MULTILINESTRING Z ((444593.9057 4475025.2427 0,444596.4612 4475027.6316 0))",2719439,Verde,Línea,1
"MULTILINESTRING Z ((444567.739 4474994.0761 0,444568.7946 4474999.4094 0,444569.1279 4475000.6316 0,444569.7946 4475001.7427 0,444572.9612 4475004.9094 0,444585.4612 4475017.0205 0))",2719440,Verde,Línea,6
"MULTILINESTRING Z ((444861.4057 4475672.4927 0,444867.3223 4475673.4094 0))",2719447,Verde,Línea,1
"MULTILINESTRING Z ((444828.489 4475667.0761 0,444855.1557 4475671.4094 0))",2719448,Verde,Línea,6
"MULTILINESTRING Z ((444787.739 4475660.4094 0,444820.3223 4475665.7427 0))",2719450,Verde,Línea,7
"MULTILINESTRING Z ((444777.739 4475658.8261 0,444783.489 4475659.7427 0))",2719455,Verde,Línea,1
"MULTILINESTRING Z ((444386.989 4475450.8261 0,444358.6557 4475477.9094 0))",2719483,Verde,Línea,9
"MULTILINESTRING Z ((443625.5723 4476249.9094 0,443624.239 4476256.7427 0))",2719484,Verde,Línea,1
"MULTILINESTRING Z ((444829.739 4476901.5761 0,444825.239 4476905.4927 0))",2719486,Verde,Batería,3
"MULTILINESTRING Z ((444704.4057 4475281.2427 0,444680.8223 4475306.4927 0))",2719490,Verde,Línea,7
"MULTILINESTRING Z ((444717.489 4475288.9094 0,444721.239 4475292.4927 0))",2719493,Verde,Línea,1
"MULTILINESTRING Z ((441944.1557 4479680.3261 0,441948.4057 4479651.4094 0,441953.4057 4479618.7427 0))",2719517,Verde,Línea,13
"MULTILINESTRING Z ((441956.3223 4479599.9927 0,441954.989 4479608.6594 0))",2719523,Verde,Línea,2
"MULTILINESTRING Z ((443904.239 4477124.2427 0,443889.989 4477124.2427 0))",2719525,Verde,Línea,3
"MULTILINESTRING Z ((443913.1557 4477124.2427 0,443918.239 4477124.1594 0))",2719528,Verde,Línea,1
"MULTILINESTRING Z ((442704.739 4476893.0761 0,442751.6557 4476941.9927 0))",2719536,Verde,Línea,14
"MULTILINESTRING Z ((442291.0723 4479132.1594 0,442293.3223 4479141.9927 0))",2719544,Verde,Línea,2
"MULTILINESTRING Z ((442252.6557 4479984.9094 0,442267.5723 4479984.4094 0))",2719548,Verde,Línea,3
"MULTILINESTRING Z ((438549.8223 4473523.3261 0,438576.0723 4473527.3261 0))",2719619,Verde,Batería,11
"MULTILINESTRING Z ((438632.1279 4473681.8538 0,438633.7946 4473677.465 0))",2719620,Azul,Línea,1
"MULTILINESTRING Z ((438635.2443 4473666.7096 0,438634.9182 4473673.0153 0,438633.7223 4473677.5815 0))",2719621,Azul,Línea,2
"MULTILINESTRING Z ((439028.239 4473741.2427 0,438981.4057 4473739.9927 0))",2719706,Verde,Línea,9
"MULTILINESTRING Z ((438969.989 4473743.2427 0,439037.989 4473745.3261 0))",2719709,Verde,Batería,24
"MULTILINESTRING Z ((438945.1557 4473519.5761 0,438947.1557 4473573.5761 0))",2719710,Verde,Línea,11
"MULTILINESTRING Z ((438947.8223 4473581.3261 0,438948.239 4473594.4094 0))",2719712,Verde,Línea,2
"MULTILINESTRING Z ((438949.3223 4473632.7427 0,438948.9057 4473618.9927 0))",2719714,Verde,Línea,3
"MULTILINESTRING Z ((438949.3223 4473632.6594 0,438949.9057 4473647.5761 0))",2719716,Verde,Línea,3
"MULTILINESTRING Z ((438950.239 4473656.2427 0,438950.489 4473662.9927 0))",2719717,Verde,Línea,1
"MULTILINESTRING Z ((438953.8223 4473638.3261 0,438953.6557 4473627.2427 0))",2719723,Verde,Línea,2
"MULTILINESTRING Z ((438951.489 4473575.2427 0,438950.989 4473554.8261 0))",2719724,Verde,Línea,4
"MULTILINESTRING Z ((441045.1476 4475376.088 0,441054.933 4475390.3275 0))",2719726,Verde,Línea,3
"MULTILINESTRING Z ((441008.3223 4475317.7427 0,441012.9057 4475324.2427 0))",2719728,Verde,Línea,1
"MULTILINESTRING Z ((442405.239 4477291.2427 0,442371.739 4477325.6594 0))",2719877,Verde,Línea,10
"MULTILINESTRING Z ((444959.1557 4476669.3261 0,444954.9057 4476666.7427 0))",2719894,Verde,Línea,1
"MULTILINESTRING Z ((438425.739 4474021.1594 0,438461.8223 4474026.1594 0))",2719906,Verde,Batería,12
"MULTILINESTRING Z ((444593.989 4476725.4094 0,444654.6557 4476762.9927 0))",2719907,Verde,Batería,28
"MULTILINESTRING Z ((444595.489 4476776.7427 0,444631.739 4476799.6594 0))",2719920,Verde,Batería,18
"MULTILINESTRING Z ((440810.4921 4479861.5637 0,440801.5154 4479856.7901 0))",2719921,Verde,Línea,2
"MULTILINESTRING Z ((444690.239 4474883.7427 0,444712.5723 4474882.1594 0))",2719924,Verde,Línea,4
"MULTILINESTRING Z ((444727.6557 4475045.8261 0,444729.1557 4475044.2427 0))",2719926,Verde,Batería,1
"MULTILINESTRING Z ((444605.4057 4474904.3261 0,444609.5723 4474908.4927 0))",2719996,Verde,Batería,3
"MULTILINESTRING Z ((444475.0168 4475397.5205 0,444473.0168 4475416.5761 0,444472.6279 4475427.3538 0))",2720009,Verde,Línea,6
"MULTILINESTRING Z ((440456.6279 4477421.3909 0,440429.9983 4477423.3538 0,440428.3686 4477423.7613 0))",2720083,Verde,Batería,9
"MULTILINESTRING Z ((439871.9612 4480903.7983 0,439876.702 4480885.0576 0))",2720084,Verde,Línea,4
"MULTILINESTRING Z ((440936.824 4478266.8202 0,440934.3 4478267.0178 0))",2720104,Verde,Batería,1
"MULTILINESTRING Z ((440895.0353 4476650.5514 0,440931.1834 4476648.0576 0))",2720107,Verde,Línea,7
"MULTILINESTRING Z ((441575.9736 4480771.144 0,441561.4715 4480774.2551 0))",2720144,Rojo,Línea,3
"MULTILINESTRING Z ((444514.0723 4475304.7427 0,444517.239 4475307.4927 0))",2720146,Verde,Línea,1
"MULTILINESTRING Z ((444646.4057 4475328.8261 0,444649.3223 4475325.4927 0))",2720147,Verde,Línea,1
"MULTILINESTRING Z ((444641.5723 4475348.2427 0,444627.3223 4475362.9927 0))",2720148,Verde,Línea,3
"MULTILINESTRING Z ((444416.4057 4475764.7427 0,444440.8223 4475771.2427 0))",2720150,Verde,Línea,5
"MULTILINESTRING Z ((444413.989 4475725.6594 0,444467.9057 4475730.1594 0))",2720151,Verde,Línea,11
"MULTILINESTRING Z ((440954.1557 4471894.0761 0,440968.8223 4471866.0761 0))",2720153,Azul,Línea,6
"MULTILINESTRING Z ((440972.739 4471858.6594 0,440981.1557 4471842.4927 0))",2720154,Azul,Línea,4
"MULTILINESTRING Z ((444472.239 4475443.2427 0,444471.9057 4475450.9927 0))",2720158,Verde,Línea,1
"MULTILINESTRING Z ((444471.6557 4475457.2427 0,444471.5723 4475462.7427 0))",2720159,Verde,Línea,1
"MULTILINESTRING Z ((439029.0723 4475264.1594 0,439046.3223 4475241.6594 0))",2720167,Verde,Batería,8
"MULTILINESTRING Z ((444471.1557 4475501.2427 0,444470.489 4475517.3261 0))",2720168,Verde,Línea,3
"MULTILINESTRING Z ((444470.3223 4475521.5761 0,444469.739 4475539.5761 0))",2720170,Verde,Línea,3
"MULTILINESTRING Z ((445033.3223 4475733.3261 0,445031.5723 4475744.4094 0))",2720181,Verde,Línea,2
"MULTILINESTRING Z ((442497.5723 4477449.7427 0,442501.489 4477494.3261 0))",2720183,Alta Rotación,Línea,10
"MULTILINESTRING Z ((441680.239 4479905.1594 0,441682.989 4479904.6594 0,441685.3223 4479904.4094 0,441686.989 4479904.6594 0,441690.739 4479905.4094 0))",2720187,Verde,Línea,2
"MULTILINESTRING Z ((442561.7946 4476822.465 0,442593.7946 4476846.6872 0))",2720188,Verde,Línea,9
"MULTILINESTRING Z ((442812.9057 4478732.7427 0,442811.4057 4478758.7427 0))",2720199,Azul,Línea,5
"MULTILINESTRING Z ((444781.239 4476659.5761 0,444833.1557 4476691.6594 0))",2720227,Verde,Línea,14
"MULTILINESTRING Z ((442613.3501 4480278.0205 0,442617.1834 4480279.0205 0))",2720242,Verde,Línea,1
"MULTILINESTRING Z ((442534.1834 4477843.7983 0,442533.8501 4477840.3538 0))",2720247,Verde,Batería,1
"MULTILINESTRING Z ((443071.1829 4473006.5483 0,443078.6502 4473017.2307 0))",2720262,Azul,Línea,2
"MULTILINESTRING Z ((443065.0638 4472998.4587 0,443061.9524 4472993.8953 0))",2720263,Azul,Línea,1
"MULTILINESTRING Z ((443030.9423 4472949.2987 0,443014.4519 4472926.2745 0))",2720266,Azul,Línea,5
"MULTILINESTRING Z ((442992.9833 4472895.4717 0,443005.2215 4472913.5178 0))",2720267,Azul,Línea,4
"MULTILINESTRING Z ((442983.0269 4472881.5742 0,442986.7606 4472886.8636 0))",2720268,Azul,Línea,1
"MULTILINESTRING Z ((442943.0974 4472828.9918 0,442937.0821 4472820.0724 0))",2720269,Azul,Línea,2
"MULTILINESTRING Z ((442920.3843 4472796.2185 0,442911.5687 4472784.1878 0))",2720270,Azul,Línea,3
"MULTILINESTRING Z ((442902.442 4472771.6385 0,442907.5239 4472778.8984 0))",2720271,Azul,Línea,2
"MULTILINESTRING Z ((442895.8043 4472762.0969 0,442897.9823 4472765.1046 0))",2720272,Azul,Línea,1
"MULTILINESTRING Z ((442851.6226 4472696.8615 0,442856.0823 4472703.3954 0))",2720273,Azul,Línea,1
"MULTILINESTRING Z ((442815.2194 4472644.3828 0,442833.784 4472671.037 0))",2720274,Azul,Línea,9
"MULTILINESTRING Z ((442769.3783 4472580.1845 0,442791.7803 4472612.128 0))",2720275,Azul,Línea,8
"MULTILINESTRING Z ((442791.6766 4472576.9694 0,442787.3206 4472571.1614 0))",2720276,Azul,Línea,1
"MULTILINESTRING Z ((442797.3808 4472585.059 0,442803.811 4472594.082 0))",2720277,Azul,Línea,2
"MULTILINESTRING Z ((442830.6554 4472632.632 0,442836.8322 4472641.5438 0))",2720278,Alta Rotación,Línea,2
"MULTILINESTRING Z ((442840.2142 4472645.8693 0,442844.9159 4472653.0601 0))",2720281,Azul,Línea,1
"MULTILINESTRING Z ((443225.6557 4478398.1594 0,443223.9057 4478393.8261 0))",2720284,Verde,Línea,1
"MULTILINESTRING Z ((442920.7992 4472758.3633 0,442947.6608 4472796.9445 0))",2720290,Azul,Línea,9
"MULTILINESTRING Z ((442953.9873 4472805.7601 0,442950.6685 4472801.093 0))",2720291,Azul,Línea,1
"MULTILINESTRING Z ((442992.2574 4472860.0019 0,443013.3111 4472889.3527 0))",2720292,Alta Rotación,Línea,7
"MULTILINESTRING Z ((443013.6222 4472889.975 0,443022.4378 4472902.2131 0))",2720294,Azul,Línea,3
"MULTILINESTRING Z ((443022.6452 4472902.6279 0,443049.818 4472942.0388 0))",2720296,Alta Rotación,Línea,9
"MULTILINESTRING Z ((443057.0779 4472952.9287 0,443065.4787 4472964.4408 0))",2720298,Azul,Línea,2
"MULTILINESTRING Z ((443077.1982 4472980.9312 0,443102.7116 4473017.3344 0))",2720299,Azul,Línea,7
"MULTILINESTRING Z ((443228.6557 4478405.5761 0,443234.1557 4478419.5761 0))",2720302,Verde,Línea,3
"MULTILINESTRING Z ((443167.8223 4478495.4927 0,443183.9057 4478498.4927 0))",2720309,Verde,Línea,4
"MULTILINESTRING Z ((443197.239 4478500.9927 0,443188.3223 4478499.3261 0))",2720310,Verde,Línea,2
"MULTILINESTRING Z ((443249.989 4478418.7427 0,443242.239 4478422.0761 0))",2720323,Verde,Línea,2
"MULTILINESTRING Z ((443252.489 4478417.6594 0,443260.489 4478414.4094 0))",2720325,Verde,Línea,2
"MULTILINESTRING Z ((443311.6557 4478392.6594 0,443329.0723 4478385.3261 0))",2720329,Verde,Línea,4
"MULTILINESTRING Z ((443342.0723 4478379.7427 0,443334.1557 4478383.0761 0))",2720331,Verde,Línea,2
"MULTILINESTRING Z ((443345.489 4478378.3261 0,443365.489 4478370.0761 0))",2720332,Verde,Línea,4
"MULTILINESTRING Z ((443362.8223 4478346.2427 0,443367.8223 4478362.4094 0))",2720333,Verde,Línea,3
"MULTILINESTRING Z ((443358.6557 4478333.4094 0,443361.239 4478341.5761 0))",2720335,Verde,Línea,2
"MULTILINESTRING Z ((443364.4057 4478328.1594 0,443368.4057 4478340.9927 0))",2720336,Verde,Línea,3
"MULTILINESTRING Z ((443370.739 4478348.1594 0,443373.239 4478356.6594 0))",2720339,Verde,Línea,2
"MULTILINESTRING Z ((443375.5723 4478363.6594 0,443377.1557 4478368.4094 0,443377.8223 4478372.4927 0,443378.0723 4478373.4927 0))",2720340,Verde,Línea,2
"MULTILINESTRING Z ((443379.8223 4478382.9094 0,443378.489 4478374.7427 0))",2720342,Verde,Línea,2
"MULTILINESTRING Z ((440600.5723 4476263.0761 0,440605.3223 4476247.8261 0))",2720343,Verde,Batería,5
"MULTILINESTRING Z ((443380.739 4478388.7427 0,443381.8223 4478395.0761 0,443384.0723 4478409.6594 0))",2720344,Verde,Línea,5
"MULTILINESTRING Z ((443385.739 4478420.0761 0,443387.489 4478429.9094 0))",2720345,Verde,Línea,2
"MULTILINESTRING Z ((443348.239 4478413.9094 0,443346.239 4478419.0761 0,443340.489 4478436.4927 0,443339.6557 4478439.8261 0,443339.1557 4478442.3261 0))",2720348,Verde,Línea,5
"MULTILINESTRING Z ((443337.9057 4478448.4094 0,443336.9057 4478454.0761 0,443336.489 4478457.0761 0,443336.239 4478461.4094 0))",2720349,Verde,Línea,3
"MULTILINESTRING Z ((443285.3223 4478432.9927 0,443286.0723 4478425.1594 0))",2720350,Verde,Línea,2
"MULTILINESTRING Z ((443286.3223 4478419.7427 0,443286.239 4478423.2427 0))",2720351,Verde,Línea,1
"MULTILINESTRING Z ((444552.3686 4476867.7983 0,444563.5538 4476872.9094 0))",2720357,Verde,Batería,7
"MULTILINESTRING Z ((444547.0353 4476865.2427 0,444526.5168 4476855.7613 0))",2720358,Verde,Batería,8
"MULTILINESTRING Z ((444689.239 4475117.1594 0,444704.4057 4475131.9927 0))",2720360,Verde,Línea,5
"MULTILINESTRING Z ((444337.8223 4474919.6594 0,444375.489 4474955.3261 0))",2720367,Verde,Línea,11
"MULTILINESTRING Z ((444382.1557 4474961.6594 0,444453.9057 4475029.0761 0))",2720368,Verde,Línea,20
"MULTILINESTRING Z ((443140.989 4475848.5761 0,443159.3223 4475851.1594 0))",2720372,Verde,Batería,6
"MULTILINESTRING Z ((443185.9057 4475854.9927 0,443200.0723 4475856.9927 0))",2720385,Verde,Batería,5
"MULTILINESTRING Z ((440248.5538 4481109.502 0,440257.1464 4481076.502 0))",2720390,Verde,Línea,7
"MULTILINESTRING Z ((443336.989 4475867.5761 0,443351.3223 4475869.6594 0))",2720392,Verde,Línea,3
"MULTILINESTRING Z ((443373.0723 4475872.7427 0,443353.3223 4475869.9094 0))",2720396,Verde,Línea,4
"MULTILINESTRING Z ((440347.7267 4479388.0329 0,440342.3439 4479379.8847 0))",2720398,Verde,Línea,2
"MULTILINESTRING Z ((444588.4057 4478089.6594 0,444602.489 4478097.4927 0))",2720402,Verde,Línea,3
"MULTILINESTRING Z ((443292.1557 4475942.8261 0,443300.3223 4475943.9094 0))",2720415,Azul,Línea,2
"MULTILINESTRING Z ((443402.4057 4475913.3261 0,443399.9057 4475929.5761 0))",2720423,Verde,Línea,3
"MULTILINESTRING Z ((443521.6557 4475893.9927 0,443513.739 4475892.9094 0))",2720425,Verde,Línea,1
"MULTILINESTRING Z ((443484.6557 4475855.4927 0,443499.989 4475857.6594 0))",2720428,Verde,Línea,3
"MULTILINESTRING Z ((443507.989 4475984.1594 0,443502.739 4476003.3261 0))",2720432,Verde,Línea,4
"MULTILINESTRING Z ((443490.9057 4476047.1594 0,443494.0723 4476035.0761 0))",2720434,Verde,Línea,2
"MULTILINESTRING Z ((443502.0723 4476005.7427 0,443494.9057 4476032.1594 0))",2720437,Verde,Línea,5
"MULTILINESTRING Z ((443488.9057 4476054.6594 0,443486.4057 4476064.1594 0))",2720440,Verde,Línea,2
"MULTILINESTRING Z ((443485.989 4476065.7427 0,443480.239 4476087.5761 0))",2720442,Verde,Línea,5
"MULTILINESTRING Z ((443474.8223 4476108.1594 0,443479.739 4476089.4927 0))",2720443,Verde,Línea,4
"MULTILINESTRING Z ((440186.4427 4481097.5637 0,440208.2699 4481103.3909 0))",2720444,Verde,Batería,10
"MULTILINESTRING Z ((443291.4057 4476213.1594 0,443330.3223 4476237.9094 0))",2720458,Verde,Línea,9
"MULTILINESTRING Z ((439471.6401 4479534.4365 0,439470.029 4479536.4365 0,439467.7512 4479538.2698 0,439466.3623 4479539.1031 0))",2720462,Verde,Línea,1
"MULTILINESTRING Z ((441562.239 4477873.4094 0,441573.6557 4477884.9094 0))",2720465,Verde,Línea,3
"MULTILINESTRING Z ((439277.1917 4479406.4855 0,439282.1299 4479407.8683 0))",2720468,Azul,Línea,1
"MULTILINESTRING Z ((439285.1588 4479408.7407 0,439294.6238 4479411.4897 0))",2720469,Azul,Línea,2
"MULTILINESTRING Z ((443398.989 4476205.6594 0,443388.4057 4476199.2427 0))",2720475,Verde,Línea,2
"MULTILINESTRING Z ((443792.4057 4476930.0761 0,443801.739 4476925.1594 0,443808.739 4476921.0761 0,443816.3223 4476917.5761 0,443825.1557 4476913.7427 0,443832.1557 4476911.4094 0,443838.8223 4476909.6594 0,443845.989 4476908.1594 0,443851.989 4476907.3261 0,443857.739 4476907.1594 0))",2720478,Verde,Línea,15
"MULTILINESTRING Z ((443877.5723 4476907.0761 0,443862.5723 4476907.0761 0))",2720480,Verde,Línea,3
"MULTILINESTRING Z ((439337.4797 4479417.7613 0,439311.4797 4479414.7983 0))",2720484,Verde,Línea,6
"MULTILINESTRING Z ((439301.2246 4479431.9835 0,439301.06 4479436.5761 0))",2720486,Verde,Línea,1
"MULTILINESTRING Z ((439299.3271 4479488.4139 0,439300.9586 4479439.5727 0))",2720494,Verde,Línea,10
"MULTILINESTRING Z ((443707.518 4476949.8794 0,443715.0461 4476950.3289 0,443722.4618 4476950.3289 0,443729.0911 4476950.2165 0,443739.7652 4476949.0929 0))",2720497,Verde,Línea,6
"MULTILINESTRING Z ((443707.8551 4476954.7109 0,443699.9899 4476969.8794 0))",2720499,Verde,Batería,7
"MULTILINESTRING Z ((443722.3495 4476963.0255 0,443693.9225 4477014.4862 0))",2720501,Verde,Batería,22
"MULTILINESTRING Z ((443624.1472 4476979.43 0,443648.754 4476993.0255 0))",2720502,Verde,Batería,11
"MULTILINESTRING Z ((439640.7884 4479457.9835 0,439640.6896 4479457.3662 0,439641.3069 4479452.1316 0))",2720503,Verde,Batería,2
"MULTILINESTRING Z ((439642.1094 4479445.539 0,439644.2575 4479427.7983 0))",2720504,Verde,Batería,7
"MULTILINESTRING Z ((443615.5723 4476969.7427 0,443621.989 4476957.9094 0))",2720509,Verde,Batería,5
"MULTILINESTRING Z ((439631.1094 4479431.6872 0,439629.702 4479442.5267 0))",2720511,Verde,Batería,4
"MULTILINESTRING Z ((443727.5723 4477073.6594 0,443722.5723 4477082.4927 0))",2720513,Verde,Batería,4
"MULTILINESTRING Z ((443720.6557 4477086.2427 0,443702.239 4477119.9094 0,443697.739 4477128.4927 0))",2720515,Verde,Batería,20
"MULTILINESTRING Z ((443809.5723 4477097.7427 0,443830.6557 4477109.4094 0))",2720516,Verde,Batería,8
"MULTILINESTRING Z ((439588.9859 4478964.6748 0,439591.455 4478972.502 0))",2720517,Verde,Línea,1
"MULTILINESTRING Z ((443920.6014 4477063.7262 0,443920.5137 4477087.2556 0))",2720518,Verde,Batería,9
"MULTILINESTRING Z ((439669.1593 4478907.5079 0,439670.5786 4478913.3118 0,439670.247 4478915.3554 0,439670.7249 4478917.2185 0))",2720519,Verde,Batería,4
"MULTILINESTRING Z ((439672.5588 4478921.6715 0,439676.0363 4478936.518 0))",2720520,Verde,Batería,6
"MULTILINESTRING Z ((443273.9231 4476362.6141 0,443286.6243 4476367.0625 0))",2720522,Verde,Línea,3
"MULTILINESTRING Z ((443291.5994 4476368.8769 0,443303.5982 4476373.0326 0))",2720525,Verde,Línea,2
"MULTILINESTRING Z ((439677.1898 4478941.4416 0,439684.2929 4478971.3254 0))",2720531,Verde,Batería,13
"MULTILINESTRING Z ((443299.0328 4476458.5462 0,443298.4475 4476466.5064 0))",2720538,Verde,Línea,2
"MULTILINESTRING Z ((443203.7446 4476558.5755 0,443226.5716 4476565.8918 0))",2720539,Verde,Línea,5
"MULTILINESTRING Z ((443379.864 4476571.6279 0,443386.4194 4476542.8892 0,443391.3945 4476521.9937 0))",2720543,Verde,Batería,18
"MULTILINESTRING Z ((440132.5497 4480977.465 0,440135.4139 4480978.2222 0))",2720547,Verde,Batería,1
"MULTILINESTRING Z ((443407.9588 4476450.3812 0,443413.1388 4476423.5155 0))",2720548,Verde,Batería,7
"MULTILINESTRING Z ((443398.4768 4476375.4031 0,443397.3354 4476392.1722 0))",2720550,Verde,Batería,7
"MULTILINESTRING Z ((442771.989 4476344.4927 0,442784.239 4476357.5761 0))",2720553,Verde,Batería,7
"MULTILINESTRING Z ((439215.5353 4472978.1325 0,439222.5638 4472950.7018 0))",2720554,Azul,Línea,5
"MULTILINESTRING Z ((439141.9312 4472880.7096 0,439189.6665 4472886.7619 0))",2720555,Azul,Línea,9
"MULTILINESTRING Z ((442759.6279 4476333.7427 0,442745.4057 4476317.5761 0))",2720567,Verde,Línea,4
"MULTILINESTRING Z ((442656.1279 4476479.0761 0,442665.2946 4476484.965 0))",2720569,Verde,Línea,2
"MULTILINESTRING Z ((442767.5723 4476540.1594 0,442779.5723 4476547.8261 0))",2720577,Verde,Batería,5
"MULTILINESTRING Z ((443326.6557 4475639.6594 0,443310.0723 4475598.8261 0))",2720578,Verde,Batería,16
"MULTILINESTRING Z ((443296.8223 4475565.8261 0,443308.4057 4475594.9094 0))",2720580,Verde,Batería,14
"MULTILINESTRING Z ((443405.9057 4475781.4927 0,443410.489 4475792.3261 0))",2720581,Azul,Línea,3
"MULTILINESTRING Z ((443316.739 4475831.1594 0,443333.6557 4475833.6594 0))",2720585,Verde,Línea,3
"MULTILINESTRING Z ((443265.5723 4475823.8261 0,443284.5723 4475826.5761 0))",2720592,Verde,Línea,5
"MULTILINESTRING Z ((443248.1557 4475821.3261 0,443261.4057 4475823.0761 0))",2720596,Verde,Línea,2
"MULTILINESTRING Z ((443875.5723 4476404.3261 0,443877.739 4476403.9094 0,443905.0723 4476404.1594 0))",2720597,Verde,Batería,11
"MULTILINESTRING Z ((443715.6557 4476483.3261 0,443720.5723 4476492.9927 0))",2720601,Verde,Batería,5
"MULTILINESTRING Z ((443682.6557 4476324.6594 0,443682.4057 4476335.4094 0))",2720602,Verde,Línea,2
"MULTILINESTRING Z ((443606.239 4476393.0761 0,443610.6557 4476365.8261 0))",2720604,Verde,Batería,13
"MULTILINESTRING Z ((443612.0723 4476356.9094 0,443619.489 4476307.2427 0))",2720605,Verde,Batería,17
"MULTILINESTRING Z ((443541.8223 4476548.1594 0,443542.6557 4476558.6594 0))",2720608,Verde,Batería,5
"MULTILINESTRING Z ((443839.9057 4476104.5761 0,443836.8223 4476103.9927 0,443834.239 4476103.6594 0,443831.739 4476103.4927 0,443828.6557 4476103.4927 0,443824.4057 4476103.6594 0,443819.1557 4476104.3261 0,443800.8223 4476106.9094 0,443796.4057 4476107.2427 0,443789.489 4476107.5761 0))",2720617,Verde,Batería,20
"MULTILINESTRING Z ((443784.5723 4476107.9927 0,443774.6557 4476108.4927 0,443768.989 4476108.2427 0,443764.489 4476108.1594 0,443758.489 4476107.7427 0))",2720619,Verde,Batería,11
"MULTILINESTRING Z ((443691.3223 4476183.1594 0,443684.6557 4476220.7427 0))",2720620,Verde,Línea,8
"MULTILINESTRING Z ((443809.3345 4476279.242 0,443815.3345 4476279.1587 0))",2720621,Verde,Línea,1
"MULTILINESTRING Z ((443742.3223 4476365.8261 0,443748.0723 4476313.9094 0,443751.6557 4476285.7427 0))",2720622,Verde,Línea,16
"MULTILINESTRING Z ((443630.739 4476223.3261 0,443626.6557 4476244.4927 0))",2720629,Verde,Línea,4
"MULTILINESTRING Z ((443564.0723 4476280.4094 0,443603.489 4476287.0761 0))",2720631,Azul,Batería,16
"MULTILINESTRING Z ((438707.489 4473391.0761 0,438706.989 4473403.3261 0,438704.989 4473419.7427 0))",2720635,Verde,Línea,6
"MULTILINESTRING Z ((438704.9057 4473423.0761 0,438704.3223 4473428.2427 0))",2720636,Verde,Línea,1
"MULTILINESTRING Z ((438703.9057 4473431.4094 0,438704.489 4473427.4094 0))",2720637,Verde,Línea,1
"MULTILINESTRING Z ((443564.489 4476267.8261 0,443605.239 4476274.9927 0))",2720638,Verde,Línea,8
"MULTILINESTRING Z ((443558.739 4476260.0761 0,443566.4057 4476216.4927 0))",2720641,Verde,Batería,17
"MULTILINESTRING Z ((443567.1557 4476212.2427 0,443572.6557 4476181.6594 0))",2720643,Verde,Batería,12
"MULTILINESTRING Z ((443171.9057 4476619.7427 0,443185.489 4476625.0761 0))",2720644,Verde,Línea,3
"MULTILINESTRING Z ((443462.1557 4476576.4094 0,443484.489 4476583.7427 0))",2720646,Verde,Línea,4
"MULTILINESTRING Z ((443490.739 4476585.6594 0,443504.3223 4476589.4927 0))",2720648,Verde,Línea,3
"MULTILINESTRING Z ((443919.6557 4476497.3261 0,443920.1557 4476537.9094 0))",2720654,Verde,Línea,8
"MULTILINESTRING Z ((443920.4057 4476551.6594 0,443920.489 4476564.1594 0))",2720660,Verde,Línea,2
"MULTILINESTRING Z ((443920.489 4476567.7427 0,443920.739 4476587.9927 0))",2720662,Verde,Línea,4
"MULTILINESTRING Z ((443902.739 4476652.2427 0,443909.6557 4476652.3261 0))",2720663,Verde,Batería,3
"MULTILINESTRING Z ((442916.0723 4476102.5761 0,442927.9057 4476114.4094 0))",2720667,Verde,Batería,5
"MULTILINESTRING Z ((442954.5723 4476140.9927 0,442964.6557 4476151.3261 0))",2720680,Verde,Batería,4
"MULTILINESTRING Z ((442970.3223 4476157.0761 0,442987.739 4476174.9927 0))",2720689,Verde,Batería,9
"MULTILINESTRING Z ((443073.1557 4476261.8261 0,443092.8223 4476281.4927 0))",2720690,Verde,Batería,9
"MULTILINESTRING Z ((443062.3223 4476264.2427 0,443083.489 4476285.4927 0))",2720691,Verde,Línea,6
"MULTILINESTRING Z ((443117.5723 4476328.2427 0,443100.989 4476310.9094 0))",2720692,Verde,Batería,9
"MULTILINESTRING Z ((440123.739 4476278.6594 0,440078.0723 4476282.1594 0))",2720693,Azul,Línea,10
"MULTILINESTRING Z ((442582.2955 4475411.2504 0,442586.3588 4475411.0437 0))",2720695,Verde,Línea,1
"MULTILINESTRING Z ((439920.989 4476407.7427 0,439946.5723 4476406.5761 0))",2720697,Verde,Línea,5
"MULTILINESTRING Z ((441550.0723 4475276.9094 0,441551.489 4475282.9094 0))",2720699,Verde,Línea,1
"MULTILINESTRING Z ((441542.989 4475258.1594 0,441543.989 4475263.0761 0))",2720700,Verde,Línea,1
"MULTILINESTRING Z ((442842.6557 4476214.5761 0,442833.9057 4476205.9927 0))",2720701,Verde,Batería,4
"MULTILINESTRING Z ((443509.6557 4476591.0761 0,443534.1557 4476598.3261 0))",2720706,Verde,Línea,5
"MULTILINESTRING Z ((442908.739 4476622.6594 0,442900.989 4476618.5761 0))",2720710,Verde,Línea,1
"MULTILINESTRING Z ((444223.239 4474939.2427 0,444233.5723 4474949.0761 0))",2720721,Verde,Línea,2
"MULTILINESTRING Z ((444292.4057 4474903.4094 0,444286.989 4474909.4094 0))",2720725,Verde,Línea,1
"MULTILINESTRING Z ((442844.239 4476587.9927 0,442865.989 4476599.6594 0))",2720732,Verde,Línea,5
"MULTILINESTRING Z ((442867.489 4476600.4927 0,442871.6557 4476602.6594 0))",2720733,Verde,Línea,1
"MULTILINESTRING Z ((442873.0723 4476603.4927 0,442880.989 4476607.7427 0))",2720735,Verde,Línea,2
"MULTILINESTRING Z ((443120.1557 4475856.6594 0,443119.9057 4475849.9927 0))",2720736,Azul,Línea,1
"MULTILINESTRING Z ((443119.8223 4475847.9094 0,443119.3223 4475832.2427 0))",2720737,Azul,Línea,3
"MULTILINESTRING Z ((443119.3223 4475830.4094 0,443118.989 4475820.0761 0))",2720738,Azul,Línea,2
"MULTILINESTRING Z ((443118.9057 4475817.9927 0,443118.4057 4475802.9094 0))",2720739,Azul,Línea,3
"MULTILINESTRING Z ((443118.4057 4475800.6594 0,443117.989 4475788.3261 0))",2720740,Azul,Línea,2
"MULTILINESTRING Z ((443117.3223 4475773.4094 0,443117.739 4475780.3261 0))",2720742,Azul,Línea,1
"MULTILINESTRING Z ((443604.0723 4475923.5761 0,443600.9057 4475927.6594 0,443598.5723 4475931.0761 0))",2720766,Verde,Línea,1
"MULTILINESTRING Z ((443595.8223 4475935.3261 0,443590.8223 4475944.6594 0,443589.739 4475947.6594 0))",2720768,Verde,Línea,2
"MULTILINESTRING Z ((443634.9057 4475909.8261 0,443638.6557 4475905.4511 0,443649.6557 4475891.5761 0,443654.0307 4475885.7011 0))",2720780,Verde,Línea,8
"MULTILINESTRING Z ((443658.9057 4475878.9511 0,443665.0307 4475869.2011 0,443671.5307 4475856.9511 0,443674.9057 4475850.0761 0,443679.4057 4475839.8261 0,443682.4057 4475832.0761 0,443685.0307 4475823.5761 0))",2720781,Verde,Línea,13
"MULTILINESTRING Z ((444673.4057 4474695.1594 0,444678.239 4474704.0761 0,444679.989 4474708.1594 0,444681.0723 4474711.4094 0))",2720795,Verde,Línea,4
"MULTILINESTRING Z ((444663.4057 4474680.3261 0,444666.989 4474684.9094 0,444668.5723 4474687.1594 0))",2720798,Verde,Línea,1
"MULTILINESTRING Z ((440737.3895 4472936.2537 0,440785.2631 4472946.2982 0))",2720879,Verde,Línea,10
"MULTILINESTRING Z ((443243.9103 4474487.651 0,443242.0472 4474459.2994 0))",2720885,Azul,Línea,5
"MULTILINESTRING Z ((439690.1557 4476683.5761 0,439689.739 4476678.9927 0))",2720886,Verde,Línea,1
"MULTILINESTRING Z ((440973.989 4472854.9094 0,441024.3223 4472851.3261 0))",2720887,Verde,Línea,10
"MULTILINESTRING Z ((440759.9057 4472824.0761 0,440752.989 4472839.2427 0))",2720889,Verde,Línea,3
"MULTILINESTRING Z ((440933.0723 4472977.4927 0,440962.5723 4472983.4927 0))",2720891,Verde,Línea,6
"MULTILINESTRING Z ((441101.7733 4478530.1069 0,441102.2781 4478536.1426 0,441102.7829 4478546.502 0))",2721027,Azul,Batería,6
"MULTILINESTRING Z ((444113.5723 4475357.5761 0,444119.9057 4475357.5761 0))",2721051,Verde,Línea,1
"MULTILINESTRING Z ((444129.3223 4475357.4927 0,444150.989 4475357.1594 0))",2721052,Verde,Línea,4
"MULTILINESTRING Z ((440143.1557 4475749.8261 0,440153.3223 4475784.7427 0))",2721053,Azul,Línea,7
"MULTILINESTRING Z ((440153.3223 4475785.0761 0,440158.489 4475802.9927 0))",2721054,Azul,Línea,3
"MULTILINESTRING Z ((440415.489 4476424.3261 0,440409.9057 4476440.9927 0))",2721056,Azul,Línea,3
"MULTILINESTRING Z ((440265.4057 4476171.1594 0,440265.6557 4476184.6594 0))",2721058,Azul,Línea,2
"MULTILINESTRING Z ((440541.3223 4473156.4094 0,440554.239 4473127.9927 0))",2721059,Verde,Línea,6
"MULTILINESTRING Z ((440546.9057 4476459.1594 0,440553.489 4476435.4927 0))",2721061,Verde,Línea,5
"MULTILINESTRING Z ((440609.239 4476366.2427 0,440602.5723 4476366.8261 0))",2721063,Verde,Línea,1
"MULTILINESTRING Z ((440670.5723 4476361.4094 0,440654.1557 4476362.8261 0))",2721065,Verde,Línea,3
"MULTILINESTRING Z ((440623.489 4476365.0761 0,440645.4057 4476363.2427 0))",2721067,Verde,Línea,4
"MULTILINESTRING Z ((440033.8223 4475841.5761 0,440032.4057 4475824.4094 0))",2721068,Azul,Línea,4
"MULTILINESTRING Z ((440253.0106 4477099.4567 0,440259.562 4477098.9958 0))",2721069,Verde,Batería,3
"MULTILINESTRING Z ((440236.3686 4477100.5925 0,440247.7431 4477099.8189 0))",2721070,Verde,Batería,5
"MULTILINESTRING Z ((444461.4057 4475588.9927 0,444466.239 4475626.4927 0))",2721071,Verde,Línea,8
"MULTILINESTRING Z ((441021.9242 4478818.0576 0,441046.9983 4478816.2057 0))",2721247,Verde,Batería,10
"MULTILINESTRING Z ((439593.989 4476575.2427 0,439642.9057 4476571.9927 0))",2721249,Verde,Línea,10
"MULTILINESTRING Z ((439849.989 4473136.1594 0,439869.0723 4473141.4094 0))",2721253,Verde,Línea,4
"MULTILINESTRING Z ((439622.5723 4475830.0761 0,439619.989 4475795.7427 0))",2721255,Verde,Línea,7
"MULTILINESTRING Z ((440726.6557 4472493.4927 0,440735.6557 4472492.7427 0))",2721256,Azul,Línea,2
"MULTILINESTRING Z ((440664.6814 4479714.6008 0,440662.739 4479711.358 0))",2721267,Verde,Línea,1
"MULTILINESTRING Z ((440833.8223 4475619.7427 0,440802.489 4475614.9094 0))",2721274,Verde,Línea,6
"MULTILINESTRING Z ((441122.5908 4479703.8683 0,441130.6073 4479686.3703 0))",2721279,Verde,Línea,4
"MULTILINESTRING Z ((438885.239 4473155.8261 0,438896.5723 4473187.9927 0))",2721281,Verde,Batería,11
"MULTILINESTRING Z ((440923.739 4472451.9927 0,440922.8223 4472440.4927 0))",2721287,Verde,Línea,2
"MULTILINESTRING Z ((440922.0723 4472432.1594 0,440921.1557 4472422.3261 0))",2721288,Verde,Línea,2
"MULTILINESTRING Z ((442550.9057 4478026.6594 0,442552.3223 4478043.3261 0))",2721325,Verde,Batería,6
"MULTILINESTRING Z ((443027.489 4477898.3261 0,443051.739 4477893.4094 0))",2721402,Verde,Línea,5
"MULTILINESTRING Z ((443060.739 4477891.6594 0,443084.8223 4477887.2427 0,443086.9057 4477887.4927 0,443090.6557 4477888.5761 0))",2721403,Verde,Línea,7
"MULTILINESTRING Z ((442601.989 4478597.1594 0,442605.9057 4478639.4094 0))",2721422,Verde,Línea,8
"MULTILINESTRING Z ((439009.1557 4473515.0761 0,439022.739 4473552.9927 0))",2721540,Verde,Línea,7
"MULTILINESTRING Z ((440866.239 4472482.5761 0,440813.9057 4472486.7427 0))",2721681,Azul,Línea,10
"MULTILINESTRING Z ((442188.1557 4471495.0761 0,442240.7807 4471539.0761 0))",2721719,Azul,Batería,28
"MULTILINESTRING Z ((442244.9057 4471542.4511 0,442292.0307 4471581.4511 0))",2721721,Azul,Batería,27
"MULTILINESTRING Z ((441300.204 4478970.2825 0,441302.7719 4478970.1179 0))",2721745,Azul,Batería,1
"MULTILINESTRING Z ((442017.6557 4478431.1594 0,442019.8223 4478442.2427 0))",2721746,Verde,Línea,2
"MULTILINESTRING Z ((440742.3439 4479265.9094 0,440738.4921 4479258.9218 0))",2721747,Azul,Línea,2
"MULTILINESTRING Z ((443742.8223 4477687.8261 0,443729.489 4477713.7427 0))",2721748,Verde,Línea,5
"MULTILINESTRING Z ((441719.5723 4479096.1594 0,441740.0723 4479094.4927 0))",2721750,Verde,Batería,8
"MULTILINESTRING Z ((442802.6072 4478151.7323 0,442808.6076 4478235.925 0,442809.7327 4478256.1763 0,442810.6702 4478265.7394 0,442812.7329 4478288.8033 0))",2721759,Verde,Línea,31
"MULTILINESTRING Z ((439896.1557 4473410.5761 0,439919.739 4473418.5761 0))",2721796,Verde,Batería,7
"MULTILINESTRING Z ((439920.1557 4473418.4094 0,439929.239 4473421.7427 0))",2721797,Verde,Batería,6
"MULTILINESTRING Z ((441577.9057 4471823.2427 0,441583.8223 4471814.9094 0))",2721798,Verde,Línea,2
"MULTILINESTRING Z ((442081.3223 4472019.2427 0,442070.8223 4472031.8261 0))",2721800,Verde,Línea,2
"MULTILINESTRING Z ((442063.0723 4472041.3261 0,442070.9057 4472031.6594 0))",2721801,Verde,Línea,2
"MULTILINESTRING Z ((437644.3223 4475637.2427 0,437688.989 4475665.8261 0))",2721803,Verde,Línea,12
"MULTILINESTRING Z ((441223.5723 4472960.3261 0,441239.489 4472958.8261 0))",2721806,Verde,Línea,3
"MULTILINESTRING Z ((438490.9057 4473926.5761 0,438490.9057 4473914.4927 0))",2721820,Azul,Línea,2
"MULTILINESTRING Z ((438863.1557 4473581.9094 0,438862.8223 4473551.8261 0))",2721875,Verde,Línea,6
"MULTILINESTRING Z ((444175.9057 4475424.9094 0,444176.1557 4475455.1594 0))",2721932,Azul,Línea,5
"MULTILINESTRING Z ((442797.3223 4478190.2427 0,442800.3223 4478235.5761 0))",2721933,Azul,Línea,9
"MULTILINESTRING Z ((442795.489 4478165.5761 0,442796.1557 4478174.2427 0))",2721934,Azul,Línea,1
"MULTILINESTRING Z ((438163.5723 4474033.1594 0,438191.3223 4474046.6594 0))",2721943,Verde,Línea,6
"MULTILINESTRING Z ((444247.0723 4477164.7427 0,444239.4057 4477204.6594 0))",2722030,Azul,Línea,9
"MULTILINESTRING Z ((442904.8223 4478332.6594 0,442926.6557 4478331.9927 0))",2722031,Verde,Batería,9
"MULTILINESTRING Z ((442834.5723 4478403.2427 0,442834.989 4478411.9094 0,442835.3223 4478425.4927 0,442835.4057 4478446.1594 0))",2722032,Azul,Línea,9
"MULTILINESTRING Z ((440646.489 4478724.8261 0,440660.9057 4478720.5761 0))",2722099,Azul,Línea,3
"MULTILINESTRING Z ((442428.739 4479062.9094 0,442441.9057 4479063.2427 0))",2722104,Verde,Línea,2
"MULTILINESTRING Z ((442454.3223 4479063.3261 0,442459.3223 4479063.4094 0))",2722108,Verde,Línea,1
"MULTILINESTRING Z ((441223.739 4478979.0761 0,441235.0723 4478978.2427 0))",2722133,Azul,Batería,4
"MULTILINESTRING Z ((437950.5935 4473141.2274 0,437953.6687 4473148.183 0))",2722159,Verde,Línea,1
"MULTILINESTRING Z ((437960.4046 4473145.5472 0,437967.1406 4473152.3564 0))",2722160,Verde,Línea,2
"MULTILINESTRING Z ((442008.4057 4477579.1872 0,442019.9057 4477576.5761 0))",2722194,Verde,Línea,2
"MULTILINESTRING Z ((444365.0723 4475428.4094 0,444383.739 4475442.5761 0))",2722195,Verde,Línea,5
"MULTILINESTRING Z ((444421.0168 4475428.0205 0,444409.9612 4475438.6316 0))",2722198,Verde,Línea,3
"MULTILINESTRING Z ((444111.989 4475694.4927 0,444130.1557 4475694.4927 0))",2722207,Verde,Línea,3
"MULTILINESTRING Z ((442952.1557 4477649.6594 0,443002.5723 4477662.3261 0))",2722208,Azul,Batería,19
"MULTILINESTRING Z ((442526.739 4476423.1316 0,442528.0723 4476440.5761 0))",2722221,Verde,Línea,3
"MULTILINESTRING Z ((442490.9057 4476363.3538 0,442496.6834 4476362.9094 0))",2722223,Verde,Línea,1
"MULTILINESTRING Z ((439628.4057 4475907.3261 0,439627.1557 4475892.8261 0))",2722261,Verde,Línea,3
"MULTILINESTRING Z ((439627.239 4475892.5761 0,439626.9057 4475887.2427 0))",2722262,Verde,Línea,1
"MULTILINESTRING Z ((440784.4057 4475865.7427 0,440794.9057 4475828.0761 0))",2722263,Verde,Batería,19
"MULTILINESTRING Z ((439305.0723 4475936.4927 0,439369.739 4475933.0761 0))",2722267,Verde,Línea,13
"MULTILINESTRING Z ((439407.0723 4476270.6594 0,439404.739 4476228.9927 0))",2722273,Verde,Línea,9
"MULTILINESTRING Z ((439404.739 4476228.9094 0,439404.3223 4476221.9927 0))",2722274,Verde,Línea,1
"MULTILINESTRING Z ((443026.8223 4478703.4927 0,443027.8223 4478729.2427 0))",2722303,Verde,Batería,11
"MULTILINESTRING Z ((443029.0307 4478757.5761 0,443028.2807 4478743.4511 0))",2722304,Verde,Batería,6
"MULTILINESTRING Z ((440874.2946 4479158.9835 0,440894.4797 4479151.7242 0,440903.5168 4479148.6131 0,440921.3316 4479142.3538 0))",2722353,Verde,Batería,20
"MULTILINESTRING Z ((443340.4057 4479246.4511 0,443341.9057 4479281.8261 0))",2722372,Azul,Línea,7
"MULTILINESTRING Z ((443432.1557 4475095.4094 0,443430.4057 4475060.2427 0))",2722392,Verde,Línea,6
"MULTILINESTRING Z ((440648.97 4476556.1999 0,440638.9909 4476587.3727 0))",2722393,Verde,Línea,6
"MULTILINESTRING Z ((440665.8869 4476505.3541 0,440654.0071 4476541.1838 0))",2722396,Verde,Línea,7
"MULTILINESTRING Z ((443430.1557 4475051.7427 0,443429.739 4475045.7427 0))",2722399,Verde,Línea,1
"MULTILINESTRING Z ((439561.3837 4473126.0172 0,439565.281 4473127.3163 0,439568.7452 4473125.7285 0))",2722436,Verde,Batería,2
"MULTILINESTRING Z ((440604.6557 4478738.5761 0,440646.0723 4478726.3261 0))",2722521,Azul,Línea,9
"MULTILINESTRING Z ((440540.3316 4478756.6131 0,440554.6279 4478752.3538 0))",2722522,Azul,Línea,3
"MULTILINESTRING Z ((440062.0723 4472104.9094 0,440070.8223 4472103.0761 0))",2722529,Verde,Línea,1
"MULTILINESTRING Z ((442539.6557 4474644.9094 0,442571.3223 4474642.5761 0))",2722671,Verde,Línea,6
"MULTILINESTRING Z ((441294.5307 4475490.5761 0,441289.7807 4475449.2011 0))",2722685,Verde,Línea,9
"MULTILINESTRING Z ((442500.3223 4474982.7427 0,442514.4057 4474981.8261 0))",2722686,Verde,Línea,3
"MULTILINESTRING Z ((440168.9057 4476394.4094 0,440198.739 4476393.0761 0))",2722735,Verde,Línea,6
"MULTILINESTRING Z ((440991.3223 4476625.5761 0,440979.0723 4476626.3261 0))",2722896,Azul,Línea,2
"MULTILINESTRING Z ((439409.4057 4476064.8261 0,439453.6557 4476062.6594 0))",2722923,Verde,Línea,9
"MULTILINESTRING Z ((439210.739 4476253.3261 0,439210.1557 4476242.0761 0))",2722956,Verde,Línea,2
"MULTILINESTRING Z ((440799.1094 4479386.7613 0,440795.2205 4479372.2798 0))",2723024,Verde,Batería,6
"MULTILINESTRING Z ((440738.3439 4479022.5349 0,440743.0518 4479020.8724 0))",2723025,Verde,Batería,2
"MULTILINESTRING Z ((440744.8954 4479449.646 0,440749.2081 4479448.181 0))",2723033,Verde,Batería,2
"MULTILINESTRING Z ((440783.1557 4473199.5761 0,440776.4057 4473113.5761 0))",2723052,Verde,Batería,36
"MULTILINESTRING Z ((439572.8223 4476057.8261 0,439549.739 4476058.7427 0))",2723058,Verde,Batería,9
"MULTILINESTRING Z ((439606.239 4476056.4094 0,439577.989 4476057.8261 0))",2723060,Verde,Batería,11
"MULTILINESTRING Z ((437224.1557 4473098.7427 0,437205.989 4473100.0761 0))",2723069,Verde,Línea,3
"MULTILINESTRING Z ((437191.739 4473100.9927 0,437205.3223 4473099.9927 0))",2723070,Verde,Línea,3
"MULTILINESTRING Z ((444592.1711 4475918.6501 0,444593.3727 4475911.8683 0))",2723191,Verde,Línea,1
"MULTILINESTRING Z ((439489.3223 4475897.1594 0,439488.1557 4475880.9094 0))",2723227,Azul,Línea,3
"MULTILINESTRING Z ((440041.7807 4476175.8261 0,440046.2807 4476242.9511 0))",2723235,Verde,Línea,14
"MULTILINESTRING Z ((440751.5891 4471040.4369 0,440740.1643 4471030.7172 0))",2723313,Verde,Línea,3
"MULTILINESTRING Z ((440721.4648 4471007.9529 0,440755.8628 4471037.4593 0))",2723314,Verde,Línea,8
"MULTILINESTRING Z ((440783.0723 4471033.8261 0,440785.739 4471030.4927 0))",2723315,Verde,Batería,2
"MULTILINESTRING Z ((440792.739 4471023.0761 0,440794.239 4471020.8261 0))",2723317,Verde,Batería,1
"MULTILINESTRING Z ((440808.989 4471003.9094 0,440811.8223 4471000.4927 0))",2723320,Verde,Batería,2
"MULTILINESTRING Z ((440796.4057 4471026.3261 0,440800.8223 4471021.3261 0))",2723322,Verde,Batería,3
"MULTILINESTRING Z ((440802.1557 4471019.9927 0,440806.5723 4471014.7427 0))",2723323,Verde,Batería,3
"MULTILINESTRING Z ((440807.5723 4471013.6594 0,440811.989 4471008.4927 0))",2723324,Verde,Batería,3
"MULTILINESTRING Z ((440844.1557 4470970.5761 0,440847.7807 4470966.5761 0))",2723329,Verde,Batería,2
"MULTILINESTRING Z ((440845.0723 4470962.1594 0,440849.3223 4470957.1594 0))",2723333,Verde,Batería,3
"MULTILINESTRING Z ((440855.989 4470949.5761 0,440860.5723 4470944.4094 0))",2723337,Verde,Batería,3
"MULTILINESTRING Z ((440887.2946 4470920.965 0,440889.9612 4470917.6872 0))",2723344,Verde,Batería,2
"MULTILINESTRING Z ((440893.9057 4470913.6594 0,440897.4057 4470909.6594 0))",2723345,Verde,Batería,2
"MULTILINESTRING Z ((440862.989 4470926.6604 0,440825.3765 4470893.7165 0))",2723347,Verde,Línea,10
"MULTILINESTRING Z ((440865.0889 4470924.2265 0,440826.874 4470891.9834 0))",2723348,Verde,Línea,10
"MULTILINESTRING Z ((440868.739 4470858.7427 0,440872.4057 4470861.8261 0))",2723353,Verde,Batería,2
"MULTILINESTRING Z ((440899.823 4470878.5058 0,440861.9098 4470846.1711 0))",2723354,Verde,Línea,8
"MULTILINESTRING Z ((440770.0307 4470917.0761 0,440773.4057 4470913.2011 0))",2723361,Verde,Línea,1
"MULTILINESTRING Z ((440799.5307 4470905.2011 0,440789.4057 4470916.2011 0))",2723364,Verde,Línea,3
"MULTILINESTRING Z ((440827.8189 4470872.4108 0,440842.1784 4470855.1587 0))",2723365,Verde,Línea,4
"MULTILINESTRING Z ((440843.2807 4470829.3261 0,440840.0307 4470833.3261 0))",2723366,Verde,Línea,1
"MULTILINESTRING Z ((440866.989 4470802.7427 0,440856.5723 4470814.1594 0))",2723367,Verde,Línea,3
"MULTILINESTRING Z ((440861.4966 4470833.2579 0,440910.98 4470777.9893 0))",2723368,Verde,Línea,13
"MULTILINESTRING Z ((440877.2971 4470790.8987 0,440892.3974 4470773.0989 0))",2723369,Verde,Línea,4
"MULTILINESTRING Z ((440916.9057 4470710.7011 0,440915.7807 4470724.0761 0,440915.0307 4470731.4511 0,440914.0307 4470736.4511 0,440912.1557 4470743.8261 0,440911.0307 4470746.5761 0))",2723370,Verde,Línea,7
"MULTILINESTRING Z ((440919.3223 4470682.4094 0,440917.4057 4470705.6594 0))",2723371,Verde,Línea,4
"MULTILINESTRING Z ((440938.4057 4470663.7011 0,440937.6557 4470673.5761 0))",2723374,Verde,Línea,2
"MULTILINESTRING Z ((440939.1557 4470655.8261 0,440940.1557 4470640.5761 0))",2723375,Verde,Línea,2
"MULTILINESTRING Z ((440928.0723 4470639.9094 0,440928.3223 4470633.5761 0))",2723377,Verde,Línea,1
"MULTILINESTRING Z ((440991.9179 4470726.242 0,440975.3345 4470714.8254 0))",2723379,Verde,Línea,4
"MULTILINESTRING Z ((440948.3345 4470694.4087 0,440964.2512 4470705.0754 0))",2723380,Verde,Línea,4
"MULTILINESTRING Z ((440976.5845 4470712.742 0,440985.8345 4470718.992 0))",2723381,Verde,Línea,2
"MULTILINESTRING Z ((441038.5307 4470707.9511 0,441117.4057 4470622.0761 0))",2723382,Verde,Línea,22
"MULTILINESTRING Z ((441031.4057 4470704.4511 0,441090.9057 4470636.3261 0))",2723383,Verde,Línea,16
"MULTILINESTRING Z ((441098.7807 4470627.2011 0,441112.6557 4470611.2011 0))",2723384,Verde,Línea,4
"MULTILINESTRING Z ((441067.4057 4470546.0761 0,441081.7807 4470559.2011 0))",2723387,Verde,Línea,4
"MULTILINESTRING Z ((441072.1557 4470558.2011 0,441062.5307 4470549.0761 0))",2723388,Verde,Línea,2
"MULTILINESTRING Z ((441055.6557 4470532.9511 0,441062.7807 4470539.0761 0))",2723389,Verde,Línea,2
"MULTILINESTRING Z ((440926.5307 4470605.8261 0,440928.0307 4470585.5761 0))",2723390,Verde,Línea,4
"MULTILINESTRING Z ((440928.5723 4470579.9927 0,440929.0723 4470574.5761 0))",2723391,Verde,Línea,1
"MULTILINESTRING Z ((440930.7807 4470556.3261 0,440929.7807 4470566.5761 0))",2723392,Verde,Línea,2
"MULTILINESTRING Z ((441002.5723 4470499.7427 0,441012.739 4470489.3261 0))",2723393,Verde,Batería,5
"MULTILINESTRING Z ((441035.1834 4470401.6316 0,441059.7946 4470423.965 0))",2723395,Verde,Línea,7
"MULTILINESTRING Z ((440950.1557 4470290.3261 0,440951.0307 4470278.8261 0))",2723397,Azul,Línea,2
"MULTILINESTRING Z ((440948.6557 4470305.9511 0,440949.0307 4470300.3261 0))",2723398,Azul,Línea,1
"MULTILINESTRING Z ((440961.3223 4470327.9927 0,440963.4057 4470296.2427 0))",2723399,Azul,Línea,4
"MULTILINESTRING Z ((440959.9057 4470351.3261 0,440959.489 4470356.7427 0))",2723400,Azul,Línea,1
"MULTILINESTRING Z ((440947.4057 4470321.0761 0,440944.9057 4470357.0761 0))",2723401,Azul,Línea,7
"MULTILINESTRING Z ((440943.7512 4470378.9087 0,440944.6679 4470364.5754 0))",2723402,Azul,Línea,3
"MULTILINESTRING Z ((440958.489 4470378.9094 0,440955.9057 4470413.7427 0))",2723406,Azul,Línea,7
"MULTILINESTRING Z ((440953.239 4470448.2427 0,440953.8223 4470437.9927 0))",2723407,Azul,Línea,2
"MULTILINESTRING Z ((440938.2807 4470455.8261 0,440940.0307 4470432.0761 0))",2723408,Azul,Línea,4
"MULTILINESTRING Z ((440952.5307 4470454.9511 0,440952.1557 4470460.4511 0))",2723411,Azul,Línea,1
"MULTILINESTRING Z ((440951.6557 4470472.7011 0,440951.9057 4470467.0761 0))",2723413,Azul,Línea,1
"MULTILINESTRING Z ((440865.009 4470457.5347 0,440889.9057 4470459.0843 0))",2723415,Verde,Línea,5
"MULTILINESTRING Z ((440924.4011 4470461.8006 0,440903.001 4470460.4003 0))",2723416,Verde,Línea,4
"MULTILINESTRING Z ((440950.811 4470481.4908 0,440949.3081 4470502.0996 0))",2723417,Verde,Línea,4
"MULTILINESTRING Z ((440948.489 4470521.2427 0,440949.3223 4470506.9094 0))",2723418,Verde,Línea,3
"MULTILINESTRING Z ((440947.5307 4470537.3261 0,440947.9057 4470532.2011 0))",2723419,Verde,Línea,1
"MULTILINESTRING Z ((440795.8602 4470524.9559 0,440833.2626 4470528.4495 0))",2723420,Verde,Línea,7
"MULTILINESTRING Z ((440864.7053 4470531.1211 0,440919.1648 4470535.2312 0))",2723421,Verde,Línea,9
"MULTILINESTRING Z ((440794.1996 4470538.5987 0,440801.5996 4470539.1988 0))",2723422,Azul,Batería,3
"MULTILINESTRING Z ((440802.9996 4470539.2988 0,440812.6997 4470540.0989 0))",2723423,Azul,Batería,4
"MULTILINESTRING Z ((440814.1997 4470540.199 0,440823.7997 4470540.9991 0))",2723424,Azul,Batería,4
"MULTILINESTRING Z ((440824.8997 4470540.9991 0,440835.4997 4470541.8992 0))",2723425,Azul,Batería,4
"MULTILINESTRING Z ((440863.2998 4470544.1995 0,440873.0999 4470545.0996 0))",2723426,Azul,Batería,4
"MULTILINESTRING Z ((440874.5999 4470545.1997 0,440884.2999 4470546.0998 0))",2723427,Azul,Batería,4
"MULTILINESTRING Z ((440885.4999 4470546.1998 0,440895.4 4470547.0999 0))",2723428,Azul,Batería,4
"MULTILINESTRING Z ((440896.7 4470547.1999 0,440906.3 4470548.0 0))",2723429,Azul,Batería,4
"MULTILINESTRING Z ((440907.9057 4470548.0761 0,440912.5307 4470548.7011 0))",2723430,Azul,Batería,2
"MULTILINESTRING Z ((440777.1557 4470857.5761 0,440765.9057 4470847.7011 0))",2723433,Verde,Línea,3
"MULTILINESTRING Z ((440738.5168 4470824.0761 0,440757.7946 4470840.2983 0))",2723434,Verde,Línea,5
"MULTILINESTRING Z ((440688.2612 4470925.0794 0,440684.9001 4470939.698 0))",2723436,Verde,Línea,3
"MULTILINESTRING Z ((440694.3437 4470898.1548 0,440690.0488 4470916.7182 0))",2723437,Verde,Línea,4
"MULTILINESTRING Z ((440664.2807 4470916.5761 0,440674.2807 4470872.7011 0))",2723438,Verde,Línea,8
"MULTILINESTRING Z ((440701.5307 4470867.7011 0,440695.2807 4470895.5761 0))",2723439,Verde,Línea,5
"MULTILINESTRING Z ((440708.9057 4470836.0761 0,440705.739 4470850.4094 0))",2723440,Verde,Línea,3
"MULTILINESTRING Z ((440711.5016 4470823.9988 0,440709.2608 4470833.7445 0))",2723442,Verde,Línea,2
"MULTILINESTRING Z ((440683.7807 4470843.3261 0,440685.7807 4470833.0761 0))",2723446,Verde,Línea,2
"MULTILINESTRING Z ((440695.5875 4470774.5802 0,440690.1123 4470796.7909 0))",2723448,Verde,Línea,4
"MULTILINESTRING Z ((440695.8964 4470773.8966 0,440702.1968 4470745.9968 0))",2723449,Verde,Línea,5
"MULTILINESTRING Z ((440702.4968 4470745.2968 0,440709.0671 4470717.327 0))",2723450,Verde,Línea,5
"MULTILINESTRING Z ((440709.3272 4470716.5224 0,440715.5255 4470689.1463 0))",2723451,Verde,Línea,5
"MULTILINESTRING Z ((440743.1557 4470691.8261 0,440741.3223 4470700.8261 0))",2723452,Azul,Línea,2
"MULTILINESTRING Z ((440741.2807 4470701.8261 0,440736.5307 4470721.3261 0))",2723453,Azul,Línea,4
"MULTILINESTRING Z ((440733.9865 4470730.9288 0,440735.2372 4470725.9473 0))",2723454,Azul,Línea,1
"MULTILINESTRING Z ((440727.5307 4470756.4511 0,440731.1557 4470740.7011 0))",2723455,Azul,Línea,3
"MULTILINESTRING Z ((440724.1557 4470770.7011 0,440721.9057 4470780.0761 0))",2723456,Azul,Línea,2
"MULTILINESTRING Z ((440768.989 4470581.9927 0,440771.0723 4470571.4927 0))",2723458,Azul,Línea,2
"MULTILINESTRING Z ((440775.6557 4470550.8261 0,440777.5307 4470543.7011 0))",2723460,Azul,Línea,1
"MULTILINESTRING Z ((440748.5307 4470546.3261 0,440742.5307 4470572.5761 0))",2723462,Verde,Línea,5
"MULTILINESTRING Z ((440748.6557 4470544.2011 0,440754.9057 4470517.8261 0))",2723463,Verde,Línea,5
"MULTILINESTRING Z ((440755.0307 4470516.2011 0,440760.9057 4470489.5761 0))",2723464,Verde,Línea,5
"MULTILINESTRING Z ((440761.5307 4470487.7011 0,440762.7807 4470482.0761 0))",2723465,Verde,Línea,1
"MULTILINESTRING Z ((440781.981 4470517.0051 0,440785.7312 4470502.0042 0))",2723466,Verde,Línea,3
"MULTILINESTRING Z ((440786.4812 4470499.004 0,440796.0443 4470455.5013 0))",2723467,Verde,Línea,8
"MULTILINESTRING Z ((440798.7807 4470331.7011 0,440797.6557 4470337.3261 0))",2723468,Verde,Línea,1
"MULTILINESTRING Z ((440811.9057 4470274.2011 0,440814.0307 4470265.2011 0))",2723470,Verde,Línea,2
"MULTILINESTRING Z ((440824.1557 4470337.7011 0,440822.6557 4470343.0761 0))",2723471,Verde,Línea,1
"MULTILINESTRING Z ((440829.7807 4470311.7011 0,440824.2807 4470336.2011 0))",2723472,Verde,Línea,5
"MULTILINESTRING Z ((444534.4057 4475858.8261 0,444536.5723 4475846.0761 0))",2723473,Azul,Línea,2
"MULTILINESTRING Z ((440832.5307 4470297.9511 0,440830.1557 4470309.3261 0))",2723474,Verde,Línea,2
"MULTILINESTRING Z ((440835.9843 4470283.178 0,440832.9841 4470296.8663 0))",2723475,Verde,Línea,3
"MULTILINESTRING Z ((440838.797 4470269.1146 0,440836.3593 4470281.1154 0))",2723476,Verde,Línea,2
"MULTILINESTRING Z ((440906.2807 4470211.3261 0,440870.9057 4470187.4511 0))",2723477,Azul,Línea,7
"MULTILINESTRING Z ((440605.9612 4470984.965 0,440609.9057 4470988.2427 0))",2723478,Verde,Línea,1
"MULTILINESTRING Z ((440583.989 4470965.5761 0,440579.4057 4470961.9094 0))",2723479,Verde,Línea,1
"MULTILINESTRING Z ((440566.4057 4470950.4094 0,440575.239 4470957.9927 0))",2723480,Verde,Línea,2
"MULTILINESTRING Z ((440635.739 4470944.4927 0,440645.739 4470952.9927 0))",2723481,Verde,Línea,3
"MULTILINESTRING Z ((440601.5723 4470915.2427 0,440621.8223 4470932.4094 0))",2723482,Verde,Línea,5
"MULTILINESTRING Z ((440564.239 4470941.9094 0,440581.3223 4470922.2427 0))",2723483,Verde,Línea,5
"MULTILINESTRING Z ((440563.6557 4470885.6594 0,440567.989 4470888.9927 0))",2723485,Verde,Línea,1
"MULTILINESTRING Z ((440598.489 4470902.1594 0,440604.9057 4470894.6594 0))",2723486,Verde,Línea,2
"MULTILINESTRING Z ((440628.8207 4470867.3877 0,440608.5401 4470890.8333 0))",2723487,Verde,Línea,6
"MULTILINESTRING Z ((440645.4057 4470810.8261 0,440642.3223 4470824.6594 0))",2723489,Verde,Línea,3
"MULTILINESTRING Z ((440571.0723 4470862.1594 0,440581.6557 4470861.4927 0))",2723492,Verde,Línea,2
"MULTILINESTRING Z ((440588.7786 4470860.9634 0,440624.7007 4470858.5476 0))",2723493,Verde,Línea,7
"MULTILINESTRING Z ((442836.6557 4478569.9094 0,442838.739 4478549.3261 0))",2723494,Verde,Línea,4
"MULTILINESTRING Z ((440570.739 4470858.9094 0,440563.489 4470859.1594 0))",2723495,Verde,Línea,1
"MULTILINESTRING Z ((440588.6557 4470857.6594 0,440572.0723 4470858.8261 0))",2723496,Verde,Línea,3
"MULTILINESTRING Z ((440599.5893 4470856.8383 0,440630.5008 4470854.4977 0))",2723497,Verde,Línea,6
"MULTILINESTRING Z ((440511.2991 4470955.7959 0,440518.1417 4470947.8317 0))",2723498,Verde,Línea,2
"MULTILINESTRING Z ((440519.0534 4470946.7705 0,440538.9296 4470923.6364 0))",2723499,Verde,Línea,6
"MULTILINESTRING Z ((440542.9989 4470983.7962 0,440548.5034 4470929.0723 0))",2723500,Verde,Línea,10
"MULTILINESTRING Z ((440548.4057 4470921.0761 0,440549.3223 4470911.3261 0))",2723501,Verde,Línea,2
"MULTILINESTRING Z ((440552.0201 4470887.1367 0,440549.8098 4470908.4465 0))",2723502,Verde,Línea,4
"MULTILINESTRING Z ((440482.6114 4470903.2775 0,440479.3338 4470907.0534 0))",2723503,Azul,Línea,1
"MULTILINESTRING Z ((440532.8603 4470861.7365 0,440537.4326 4470865.6216 0))",2723505,Verde,Línea,1
"MULTILINESTRING Z ((440543.5878 4470870.8516 0,440548.1602 4470874.7367 0))",2723506,Verde,Línea,1
"MULTILINESTRING Z ((440546.4057 4470867.9927 0,440541.739 4470864.1594 0))",2723507,Azul,Línea,1
"MULTILINESTRING Z ((440505.425 4470834.5536 0,440520.5004 4470847.6965 0))",2723508,Azul,Línea,4
"MULTILINESTRING Z ((440493.2001 4470823.9009 0,440505.2608 4470834.4105 0))",2723509,Azul,Línea,3
"MULTILINESTRING Z ((440600.989 4470829.3261 0,440597.3223 4470846.3261 0))",2723511,Verde,Línea,3
"MULTILINESTRING Z ((440592.5723 4470851.1594 0,440600.989 4470813.2427 0))",2723512,Verde,Línea,7
"MULTILINESTRING Z ((440601.1557 4470812.2011 0,440603.9057 4470799.7011 0))",2723513,Verde,Línea,2
"MULTILINESTRING Z ((440604.1557 4470798.2011 0,440605.4057 4470792.9511 0))",2723514,Verde,Línea,1
"MULTILINESTRING Z ((440608.739 4470778.8261 0,440606.489 4470788.5761 0))",2723515,Verde,Línea,2
"MULTILINESTRING Z ((440428.6557 4470884.6594 0,440432.0723 4470880.7427 0))",2723516,Verde,Línea,1
"MULTILINESTRING Z ((440434.4057 4470877.9511 0,440453.1557 4470856.3261 0))",2723517,Verde,Línea,5
"MULTILINESTRING Z ((440463.239 4470844.5761 0,440456.989 4470851.7427 0))",2723518,Verde,Línea,2
"MULTILINESTRING Z ((440464.0284 4470843.6429 0,440471.9791 4470834.4395 0))",2723519,Verde,Línea,2
"MULTILINESTRING Z ((440478.5723 4470826.9094 0,440472.3223 4470833.9927 0))",2723520,Verde,Línea,2
"MULTILINESTRING Z ((440570.7343 4470763.8938 0,440574.2961 4470748.2953 0))",2723522,Verde,Línea,3
"MULTILINESTRING Z ((440490.9057 4470811.7011 0,440498.2807 4470803.4511 0))",2723523,Verde,Línea,2
"MULTILINESTRING Z ((440499.0411 4470802.4909 0,440518.9517 4470779.9185 0))",2723524,Verde,Línea,6
"MULTILINESTRING Z ((440523.1557 4470774.8261 0,440556.0307 4470737.5761 0))",2723525,Verde,Línea,9
"MULTILINESTRING Z ((440379.9057 4470850.7427 0,440386.5723 4470843.2427 0))",2723526,Verde,Línea,2
"MULTILINESTRING Z ((440414.489 4470811.9094 0,440435.3223 4470787.8261 0))",2723527,Verde,Línea,6
"MULTILINESTRING Z ((440465.0616 4470803.1662 0,440476.3002 4470813.1008 0))",2723530,Verde,Línea,3
"MULTILINESTRING Z ((440446.9057 4470787.0761 0,440458.5307 4470797.5761 0))",2723531,Verde,Línea,3
"MULTILINESTRING Z ((440408.4006 4470750.5002 0,440434.3004 4470772.9005 0))",2723532,Verde,Línea,6
"MULTILINESTRING Z ((440352.9593 4470846.4645 0,440354.8759 4470829.1093 0))",2723533,Verde,Línea,3
"MULTILINESTRING Z ((440391.2486 4470803.1959 0,440365.5255 4470799.2703 0))",2723535,Verde,Línea,5
"MULTILINESTRING Z ((440391.6619 4470798.1339 0,440366.042 4470794.6215 0))",2723536,Verde,Línea,5
"MULTILINESTRING Z ((440359.239 4470791.1594 0,440361.3223 4470776.8261 0))",2723538,Verde,Línea,3
"MULTILINESTRING Z ((440356.489 4470789.9094 0,440359.1557 4470769.1594 0))",2723539,Verde,Línea,4
"MULTILINESTRING Z ((440361.7966 4470773.5301 0,440362.542 4470765.864 0))",2723540,Verde,Línea,1
"MULTILINESTRING Z ((440363.239 4470761.0761 0,440364.489 4470751.2427 0))",2723541,Verde,Línea,2
"MULTILINESTRING Z ((440373.1005 4470741.1999 0,440391.9177 4470743.9603 0))",2723542,Verde,Línea,4
"MULTILINESTRING Z ((440302.489 4470839.8261 0,440304.4057 4470824.5761 0))",2723543,Verde,Línea,3
"MULTILINESTRING Z ((440307.739 4470799.8261 0,440310.5723 4470777.4927 0))",2723545,Verde,Línea,4
"MULTILINESTRING Z ((440311.739 4470771.0761 0,440312.8223 4470760.4094 0))",2723546,Verde,Línea,2
"MULTILINESTRING Z ((440314.8418 4470743.1851 0,440313.6706 4470753.4066 0))",2723547,Verde,Línea,2
"MULTILINESTRING Z ((440343.989 4470739.6594 0,440353.8223 4470740.9094 0))",2723548,Verde,Línea,2
"MULTILINESTRING Z ((440329.239 4470737.8261 0,440343.3223 4470739.5761 0))",2723549,Verde,Línea,3
"MULTILINESTRING Z ((440323.8223 4470737.1594 0,440328.4057 4470737.7427 0))",2723550,Verde,Línea,1
"MULTILINESTRING Z ((440456.1557 4470763.4927 0,440463.1557 4470755.4927 0))",2723552,Verde,Línea,2
"MULTILINESTRING Z ((440470.989 4470746.9927 0,440477.739 4470739.2427 0))",2723553,Verde,Línea,2
"MULTILINESTRING Z ((440413.0307 4470733.0761 0,440421.0307 4470723.4511 0))",2723555,Verde,Línea,2
"MULTILINESTRING Z ((440423.489 4470720.5761 0,440427.739 4470715.8261 0))",2723556,Verde,Línea,1
"MULTILINESTRING Z ((442810.4057 4477768.4927 0,442824.0723 4477768.2427 0,442832.989 4477769.4927 0))",2723557,Verde,Línea,4
"MULTILINESTRING Z ((440428.3223 4470715.1594 0,440444.0723 4470695.9927 0))",2723558,Verde,Línea,5
"MULTILINESTRING Z ((440249.739 4470832.6594 0,440252.4057 4470810.7427 0))",2723560,Verde,Línea,4
"MULTILINESTRING Z ((440246.239 4470832.4927 0,440248.9057 4470810.4094 0))",2723561,Verde,Línea,4
"MULTILINESTRING Z ((440249.5723 4470806.0761 0,440250.7807 4470795.9511 0))",2723562,Verde,Línea,2
"MULTILINESTRING Z ((440251.2693 4470790.1794 0,440253.2321 4470775.3033 0))",2723564,Verde,Línea,3
"MULTILINESTRING Z ((440254.3648 4470767.7095 0,440255.9264 4470755.0747 0))",2723565,Verde,Línea,2
"MULTILINESTRING Z ((440258.3043 4470762.0309 0,440261.4985 4470736.7967 0))",2723566,Verde,Línea,5
"MULTILINESTRING Z ((440256.2807 4470750.4511 0,440258.4057 4470736.2011 0))",2723567,Verde,Línea,3
"MULTILINESTRING Z ((440271.9997 4470727.3036 0,440305.2003 4470731.7991 0))",2723568,Verde,Línea,6
"MULTILINESTRING Z ((440196.989 4470822.6594 0,440198.739 4470810.6594 0))",2723569,Verde,Línea,2
"MULTILINESTRING Z ((440198.8223 4470809.9927 0,440200.8223 4470794.9927 0))",2723570,Verde,Línea,3
"MULTILINESTRING Z ((440199.989 4470824.5761 0,440204.5723 4470788.6594 0))",2723571,Verde,Línea,7
"MULTILINESTRING Z ((440200.9594 4470791.0058 0,440202.8189 4470774.4769 0))",2723572,Verde,Línea,3
"MULTILINESTRING Z ((440206.3313 4470774.5802 0,440205.5048 4470779.7455 0))",2723573,Verde,Línea,1
"MULTILINESTRING Z ((440203.739 4470768.9927 0,440204.739 4470762.8261 0))",2723574,Verde,Línea,1
"MULTILINESTRING Z ((440208.8993 4470730.3028 0,440206.881 4470745.0622 0))",2723575,Verde,Línea,3
"MULTILINESTRING Z ((440221.6557 4470722.7427 0,440243.239 4470725.7427 0))",2723577,Verde,Línea,4
"MULTILINESTRING Z ((440149.8223 4470818.9094 0,440151.239 4470807.0761 0))",2723578,Verde,Línea,2
"MULTILINESTRING Z ((440146.5723 4470815.9094 0,440150.989 4470780.2427 0,440150.989 4470779.6594 0))",2723579,Verde,Línea,7
"MULTILINESTRING Z ((440152.1501 4470800.5744 0,440152.8954 4470794.0795 0))",2723580,Verde,Línea,1
"MULTILINESTRING Z ((440153.8223 4470787.8261 0,440154.989 4470778.9927 0))",2723581,Verde,Línea,2
"MULTILINESTRING Z ((440161.9057 4470725.1594 0,440155.489 4470774.5761 0))",2723582,Verde,Línea,9
"MULTILINESTRING Z ((440159.0172 4470718.5885 0,440152.1991 4470771.3777 0))",2723583,Verde,Línea,10
"MULTILINESTRING Z ((440135.5723 4470710.5761 0,440121.3223 4470708.6594 0))",2723584,Verde,Línea,2
"MULTILINESTRING Z ((440170.9993 4470713.5025 0,440186.7249 4470715.5889 0))",2723585,Verde,Línea,3
"MULTILINESTRING Z ((440186.9766 4470715.629 0,440202.4994 4470717.7028 0))",2723586,Verde,Línea,3
"MULTILINESTRING Z ((439601.3223 4470725.1594 0,439607.8223 4470704.6594 0))",2723594,Azul,Línea,4
"MULTILINESTRING Z ((439608.3223 4470703.5761 0,439615.0723 4470681.9094 0))",2723595,Azul,Línea,4
"MULTILINESTRING Z ((439625.5723 4470625.4927 0,439626.6557 4470612.0761 0))",2723606,Azul,Línea,3
"MULTILINESTRING Z ((439627.0307 4470610.4511 0,439627.7807 4470595.9511 0))",2723607,Azul,Línea,3
"MULTILINESTRING Z ((439701.7984 4470600.4974 0,439685.7024 4470598.2332 0))",2723610,Verde,Línea,3
"MULTILINESTRING Z ((439651.0723 4470619.5761 0,439651.6557 4470614.3261 0))",2723612,Verde,Línea,1
"MULTILINESTRING Z ((439649.4057 4470630.2427 0,439650.239 4470623.9094 0))",2723613,Verde,Línea,1
"MULTILINESTRING Z ((439636.989 4470715.7427 0,439642.3223 4470678.4094 0))",2723623,Verde,Línea,8
"MULTILINESTRING Z ((439634.8223 4470732.9094 0,439635.5723 4470726.9927 0))",2723626,Verde,Línea,1
"MULTILINESTRING Z ((439673.989 4470751.5761 0,439679.0723 4470726.9094 0))",2723628,Verde,Línea,5
"MULTILINESTRING Z ((439696.8739 4470643.0348 0,439695.5442 4470649.1874 0))",2723631,Verde,Línea,1
"MULTILINESTRING Z ((439701.6557 4470621.9927 0,439699.6557 4470631.9927 0))",2723632,Verde,Línea,2
"MULTILINESTRING Z ((439704.5723 4470606.8261 0,439703.4057 4470612.0761 0))",2723633,Verde,Línea,1
"MULTILINESTRING Z ((439734.3068 4470638.4273 0,439739.9234 4470639.1111 0))",2723635,Verde,Línea,1
"MULTILINESTRING Z ((439743.3223 4470639.6594 0,439748.4057 4470640.2427 0))",2723636,Verde,Línea,1
"MULTILINESTRING Z ((439716.9967 4470759.1969 0,439721.9779 4470742.1642 0))",2723641,Verde,Línea,3
"MULTILINESTRING Z ((439722.3223 4470741.4094 0,439724.739 4470732.6594 0))",2723642,Verde,Línea,2
"MULTILINESTRING Z ((439725.533 4470729.2441 0,439728.7752 4470718.4539 0))",2723643,Verde,Línea,2
"MULTILINESTRING Z ((439729.893 4470714.7424 0,439734.4918 4470698.6772 0))",2723644,Verde,Línea,3
"MULTILINESTRING Z ((439765.5723 4470642.4094 0,439770.989 4470643.1594 0))",2723646,Verde,Línea,1
"MULTILINESTRING Z ((439782.239 4470644.4094 0,439787.9057 4470645.1594 0))",2723647,Verde,Línea,1
"MULTILINESTRING Z ((439791.239 4470645.6594 0,439800.6557 4470646.9927 0))",2723648,Verde,Línea,2
"MULTILINESTRING Z ((439799.1557 4470642.9094 0,439779.1557 4470640.7427 0))",2723649,Verde,Línea,4
"MULTILINESTRING Z ((439771.6557 4470639.4094 0,439765.989 4470638.8261 0))",2723650,Verde,Línea,1
"MULTILINESTRING Z ((439819.4057 4470645.9094 0,439849.739 4470650.0761 0))",2723651,Verde,Línea,6
"MULTILINESTRING Z ((439821.4057 4470649.9094 0,439841.8223 4470652.6594 0))",2723652,Verde,Línea,4
"MULTILINESTRING Z ((439775.6557 4470648.4927 0,439772.3223 4470673.4927 0))",2723654,Verde,Línea,5
"MULTILINESTRING Z ((439764.0265 4470738.8969 0,439765.2009 4470728.5404 0))",2723658,Verde,Línea,2
"MULTILINESTRING Z ((439760.739 4470764.9094 0,439763.489 4470743.9927 0))",2723660,Verde,Línea,4
"MULTILINESTRING Z ((439769.9057 4470738.6594 0,439790.6557 4470741.4927 0))",2723679,Verde,Línea,4
"MULTILINESTRING Z ((439792.5773 4470735.4879 0,439794.0277 4470724.5439 0))",2723681,Verde,Línea,2
"MULTILINESTRING Z ((439794.5723 4470720.9927 0,439795.489 4470714.8261 0))",2723684,Verde,Línea,1
"MULTILINESTRING Z ((439802.0158 4470692.925 0,439800.0468 4470708.7663 0))",2723685,Verde,Línea,3
"MULTILINESTRING Z ((440114.5307 4470696.9511 0,440116.6557 4470680.3261 0))",2723687,Verde,Línea,3
"MULTILINESTRING Z ((440117.239 4470676.1594 0,440121.3223 4470645.0761 0))",2723689,Verde,Línea,6
"MULTILINESTRING Z ((440121.8501 4470640.8538 0,440123.9057 4470625.1316 0))",2723690,Verde,Línea,3
"MULTILINESTRING Z ((439806.0723 4470662.4927 0,439807.489 4470651.5761 0))",2723691,Verde,Línea,2
"MULTILINESTRING Z ((440125.239 4470618.5761 0,440128.739 4470588.6594 0))",2723693,Verde,Línea,6
"MULTILINESTRING Z ((440129.739 4470582.1594 0,440130.4057 4470576.9927 0))",2723695,Verde,Línea,1
"MULTILINESTRING Z ((440131.228 4470571.8943 0,440132.571 4470560.7372 0))",2723697,Verde,Línea,2
"MULTILINESTRING Z ((439837.8223 4470748.2427 0,439801.489 4470743.2427 0))",2723698,Verde,Línea,8
"MULTILINESTRING Z ((440161.2994 4470703.3024 0,440164.3997 4470680.1025 0))",2723700,Verde,Línea,4
"MULTILINESTRING Z ((440164.489 4470704.0761 0,440166.3223 4470689.0761 0))",2723701,Verde,Línea,3
"MULTILINESTRING Z ((439841.2971 4470775.5983 0,439844.1243 4470753.192 0))",2723704,Verde,Línea,4
"MULTILINESTRING Z ((439844.6557 4470749.2011 0,439846.2807 4470737.7011 0))",2723706,Verde,Línea,2
"MULTILINESTRING Z ((440165.0998 4470674.6026 0,440169.9955 4470632.9193 0))",2723708,Verde,Línea,7
"MULTILINESTRING Z ((440173.4057 4470627.4094 0,440172.739 4470632.9094 0))",2723709,Verde,Línea,1
"MULTILINESTRING Z ((440177.8223 4470594.7427 0,440175.989 4470609.5761 0))",2723712,Verde,Línea,3
"MULTILINESTRING Z ((440174.3223 4470600.9094 0,440175.1557 4470594.8261 0))",2723713,Verde,Línea,1
"MULTILINESTRING Z ((440180.0723 4470576.5761 0,440178.0723 4470591.2427 0))",2723715,Verde,Línea,3
"MULTILINESTRING Z ((439843.0723 4470737.5761 0,439844.989 4470721.2427 0))",2723716,Verde,Línea,3
"MULTILINESTRING Z ((440175.489 4470590.7427 0,440178.1557 4470568.9094 0))",2723717,Verde,Línea,4
"MULTILINESTRING Z ((439847.239 4470731.4927 0,439850.1557 4470707.8261 0))",2723718,Verde,Línea,5
"MULTILINESTRING Z ((440183.3223 4470558.5761 0,440182.8223 4470564.0761 0))",2723719,Verde,Línea,1
"MULTILINESTRING Z ((440179.489 4470557.8261 0,440178.8223 4470563.1594 0))",2723720,Verde,Línea,1
"MULTILINESTRING Z ((439850.4057 4470681.1594 0,439846.8223 4470709.2427 0))",2723721,Verde,Línea,6
"MULTILINESTRING Z ((440213.7496 4470710.693 0,440217.507 4470680.7516 0))",2723722,Azul,Línea,6
"MULTILINESTRING Z ((440212.6329 4470695.7579 0,440211.1867 4470708.3612 0))",2723723,Verde,Línea,2
"MULTILINESTRING Z ((439855.0903 4470674.4735 0,439853.0924 4470689.3638 0))",2723724,Verde,Línea,3
"MULTILINESTRING Z ((440214.4057 4470679.4927 0,440218.739 4470644.9927 0))",2723725,Verde,Línea,7
"MULTILINESTRING Z ((440223.6557 4470634.9927 0,440226.239 4470613.4094 0))",2723728,Verde,Línea,4
"MULTILINESTRING Z ((439855.489 4470668.6594 0,439856.9057 4470658.1594 0))",2723729,Verde,Línea,2
"MULTILINESTRING Z ((440219.3223 4470641.4094 0,440227.489 4470574.9927 0))",2723730,Verde,Línea,12
"MULTILINESTRING Z ((439856.5723 4470692.8261 0,439866.489 4470694.1594 0))",2723732,Verde,Línea,2
"MULTILINESTRING Z ((439894.6557 4470697.9094 0,439870.6557 4470694.7427 0))",2723735,Verde,Línea,5
"MULTILINESTRING Z ((440230.5723 4470579.4927 0,440231.989 4470565.4927 0))",2723738,Verde,Línea,3
"MULTILINESTRING Z ((440228.8223 4470565.2427 0,440227.989 4470571.0761 0))",2723739,Verde,Línea,1
"MULTILINESTRING Z ((439892.8786 4470767.8489 0,439895.1072 4470751.621 0))",2723743,Verde,Línea,3
"MULTILINESTRING Z ((440260.8952 4470717.312 0,440262.4568 4470702.0508 0))",2723746,Azul,Línea,3
"MULTILINESTRING Z ((440262.8223 4470698.4927 0,440263.9057 4470687.3261 0))",2723747,Azul,Línea,2
"MULTILINESTRING Z ((440263.9759 4470717.5554 0,440264.6991 4470711.5637 0))",2723749,Verde,Línea,1
"MULTILINESTRING Z ((439894.9057 4470729.6594 0,439895.6557 4470723.8261 0))",2723750,Verde,Línea,1
"MULTILINESTRING Z ((440265.3316 4470704.4287 0,440266.8222 4470693.3555 0))",2723752,Verde,Línea,2
"MULTILINESTRING Z ((439896.1137 4470718.7588 0,439898.2654 4470703.9139 0))",2723755,Verde,Línea,3
"MULTILINESTRING Z ((439925.4016 4470704.9843 0,439905.5793 4470702.3242 0))",2723756,Verde,Línea,4
"MULTILINESTRING Z ((439929.6557 4470705.0761 0,439936.239 4470706.0761 0))",2723758,Verde,Línea,1
"MULTILINESTRING Z ((439949.5718 4470708.0673 0,439954.7017 4470708.6189 0))",2723761,Verde,Línea,1
"MULTILINESTRING Z ((439940.691 4470706.7434 0,439945.4348 4470707.4605 0))",2723763,Verde,Línea,1
"MULTILINESTRING Z ((439905.1557 4470743.7427 0,439910.4057 4470744.4927 0))",2723772,Verde,Línea,1
"MULTILINESTRING Z ((440263.989 4470686.4927 0,440265.239 4470675.9094 0))",2723775,Verde,Línea,2
"MULTILINESTRING Z ((440267.3223 4470662.4094 0,440268.6557 4470648.4094 0))",2723777,Verde,Línea,3
"MULTILINESTRING Z ((440275.5307 4470626.2011 0,440276.0307 4470620.7011 0))",2723779,Verde,Línea,1
"MULTILINESTRING Z ((440275.5307 4470593.7011 0,440276.6557 4470584.8261 0))",2723781,Verde,Línea,2
"MULTILINESTRING Z ((440279.885 4470590.5926 0,440282.261 4470572.5141 0))",2723782,Verde,Línea,3
"MULTILINESTRING Z ((440277.989 4470572.7427 0,440277.239 4470577.8261 0))",2723783,Verde,Línea,1
"MULTILINESTRING Z ((439975.989 4470752.7427 0,439986.0723 4470754.2427 0))",2723784,Verde,Línea,2
"MULTILINESTRING Z ((440317.239 4470724.5761 0,440319.0723 4470709.7427 0))",2723785,Verde,Línea,3
"MULTILINESTRING Z ((440314.1557 4470724.4094 0,440318.6557 4470687.4094 0))",2723786,Verde,Línea,7
"MULTILINESTRING Z ((440321.239 4470692.4094 0,440322.4057 4470681.8261 0))",2723787,Verde,Línea,2
"MULTILINESTRING Z ((440319.239 4470683.4094 0,440320.9057 4470668.5761 0))",2723788,Verde,Línea,3
"MULTILINESTRING Z ((440322.9057 4470677.6594 0,440324.239 4470665.9094 0))",2723789,Verde,Línea,2
"MULTILINESTRING Z ((440327.1557 4470643.9511 0,440324.7807 4470662.2011 0))",2723790,Verde,Línea,3
"MULTILINESTRING Z ((440325.0723 4470633.4094 0,440322.8223 4470652.1594 0))",2723791,Verde,Línea,4
"MULTILINESTRING Z ((439986.8223 4470754.3261 0,440026.739 4470759.4927 0))",2723792,Verde,Línea,8
"MULTILINESTRING Z ((440328.5307 4470632.3261 0,440331.0307 4470610.9511 0))",2723793,Verde,Línea,4
"MULTILINESTRING Z ((440325.6557 4470628.5761 0,440327.4057 4470613.9094 0))",2723794,Verde,Línea,3
"MULTILINESTRING Z ((440042.9782 4470761.6907 0,440033.0601 4470760.4131 0))",2723795,Verde,Línea,2
"MULTILINESTRING Z ((440328.239 4470608.5761 0,440328.9057 4470601.9927 0))",2723796,Verde,Línea,1
"MULTILINESTRING Z ((440331.5723 4470606.2427 0,440332.239 4470596.4094 0,440332.1557 4470586.2427 0))",2723797,Verde,Línea,4
"MULTILINESTRING Z ((440329.1557 4470589.5761 0,440328.1557 4470578.1594 0))",2723799,Verde,Línea,2
"MULTILINESTRING Z ((440331.7807 4470582.7011 0,440330.6557 4470570.5761 0))",2723800,Verde,Línea,2
"MULTILINESTRING Z ((440326.7018 4470561.2049 0,440327.484 4470573.9324 0))",2723803,Verde,Línea,2
"MULTILINESTRING Z ((440330.1019 4470560.905 0,440330.65 4470567.5907 0))",2723804,Verde,Línea,1
"MULTILINESTRING Z ((440364.739 4470723.2427 0,440365.9057 4470712.4927 0))",2723806,Verde,Línea,2
"MULTILINESTRING Z ((440368.989 4470714.5761 0,440370.9057 4470698.0761 0))",2723807,Verde,Línea,3
"MULTILINESTRING Z ((440367.239 4470702.2983 0,440369.0168 4470688.1872 0))",2723808,Verde,Línea,3
"MULTILINESTRING Z ((440371.9612 4470690.2983 0,440373.8501 4470674.7983 0))",2723809,Verde,Línea,3
"MULTILINESTRING Z ((440370.239 4470680.5761 0,440372.739 4470660.1594 0))",2723810,Verde,Línea,4
"MULTILINESTRING Z ((440375.1058 4470665.2109 0,440375.8157 4470659.4614 0))",2723811,Verde,Línea,1
"MULTILINESTRING Z ((440377.6557 4470584.9927 0,440377.9057 4470605.0761 0))",2723814,Verde,Línea,4
"MULTILINESTRING Z ((440374.739 4470601.6594 0,440374.5723 4470596.3261 0))",2723815,Verde,Línea,1
"MULTILINESTRING Z ((440376.989 4470555.3261 0,440377.6557 4470580.4094 0))",2723816,Verde,Línea,5
"MULTILINESTRING Z ((440047.9057 4470799.4094 0,440049.1557 4470789.9094 0))",2723817,Verde,Línea,2
"MULTILINESTRING Z ((440049.4057 4470788.8261 0,440052.0723 4470766.8261 0))",2723818,Verde,Línea,4
"MULTILINESTRING Z ((440373.1172 4470545.9051 0,440374.3028 4470588.1039 0))",2723819,Verde,Línea,7
"MULTILINESTRING Z ((440376.3223 4470539.6594 0,440376.739 4470549.8261 0))",2723820,Verde,Línea,2
"MULTILINESTRING Z ((440053.1091 4470756.9749 0,440057.7712 4470723.1951 0))",2723821,Verde,Línea,7
"MULTILINESTRING Z ((440444.9057 4470618.3261 0,440446.6557 4470603.0761 0))",2723823,Verde,Línea,3
"MULTILINESTRING Z ((440058.3223 4470714.9094 0,440060.5723 4470697.7427 0))",2723824,Verde,Línea,4
"MULTILINESTRING Z ((440472.1557 4470517.7011 0,440482.6557 4470518.9511 0))",2723825,Verde,Batería,4
"MULTILINESTRING Z ((440507.4057 4470522.0761 0,440489.4057 4470520.0761 0))",2723826,Verde,Batería,6
"MULTILINESTRING Z ((440071.239 4470699.8261 0,440077.739 4470700.6594 0))",2723828,Verde,Línea,1
"MULTILINESTRING Z ((440468.6557 4470563.7011 0,440472.5307 4470564.2011 0))",2723829,Verde,Batería,1
"MULTILINESTRING Z ((440484.9057 4470565.8261 0,440477.1557 4470564.9511 0))",2723831,Verde,Batería,3
"MULTILINESTRING Z ((440100.989 4470784.8261 0,440098.239 4470805.4094 0))",2723833,Verde,Línea,4
"MULTILINESTRING Z ((440101.5723 4470780.5761 0,440103.9057 4470760.5761 0))",2723834,Verde,Línea,4
"MULTILINESTRING Z ((440106.7563 4470737.1951 0,440107.5543 4470731.2484 0))",2723837,Verde,Línea,1
"MULTILINESTRING Z ((440107.9057 4470728.1594 0,440108.5723 4470722.9927 0))",2723838,Verde,Línea,1
"MULTILINESTRING Z ((440576.4057 4470577.9511 0,440565.9057 4470576.7011 0))",2723839,Verde,Batería,4
"MULTILINESTRING Z ((440590.4057 4470579.7011 0,440582.2807 4470578.9511 0))",2723840,Verde,Batería,3
"MULTILINESTRING Z ((440480.9057 4470648.4511 0,440492.9057 4470633.3261 0,440501.0307 4470578.8261 0))",2723843,Verde,Línea,14
"MULTILINESTRING Z ((440115.4057 4470668.7427 0,440118.0723 4470648.4927 0))",2723844,Verde,Línea,4
"MULTILINESTRING Z ((440478.0723 4470660.6594 0,440496.9057 4470675.5761 0))",2723845,Azul,Línea,5
"MULTILINESTRING Z ((440501.739 4470680.3261 0,440509.0723 4470686.1594 0))",2723846,Azul,Línea,2
"MULTILINESTRING Z ((440525.4057 4470699.3261 0,440557.6557 4470726.2427 0))",2723847,Azul,Línea,8
"MULTILINESTRING Z ((440118.5307 4470644.5761 0,440119.6557 4470635.2011 0))",2723848,Verde,Línea,2
"MULTILINESTRING Z ((440121.239 4470623.9094 0,440120.4057 4470630.4927 0))",2723852,Verde,Línea,1
"MULTILINESTRING Z ((440565.7807 4470725.9511 0,440578.6557 4470711.5761 0))",2723853,Verde,Línea,4
"MULTILINESTRING Z ((440565.8963 4470733.6952 0,440571.6962 4470738.3953 0))",2723855,Verde,Línea,1
"MULTILINESTRING Z ((440620.0723 4470782.6594 0,440623.0723 4470778.8261 0,440607.9057 4470765.3261 0))",2723856,Verde,Batería,7
"MULTILINESTRING Z ((440074.6505 4470620.0828 0,440078.402 4470590.3183 0))",2723858,Verde,Línea,6
"MULTILINESTRING Z ((440083.0723 4470587.6594 0,440121.489 4470593.2427 0))",2723864,Verde,Línea,8
"MULTILINESTRING Z ((440056.2852 4470678.2947 0,440042.7393 4470676.3305 0))",2723865,Verde,Línea,3
"MULTILINESTRING Z ((440023.3223 4470677.4094 0,440032.489 4470678.8261 0))",2723867,Verde,Línea,2
"MULTILINESTRING Z ((439998.489 4470673.4927 0,440019.489 4470676.4094 0))",2723868,Verde,Línea,4
"MULTILINESTRING Z ((440036.239 4470675.3261 0,439992.489 4470669.3261 0))",2723869,Verde,Línea,9
"MULTILINESTRING Z ((440040.8007 4470654.0507 0,440038.2526 4470673.8877 0))",2723870,Verde,Línea,4
"MULTILINESTRING Z ((439916.5987 4470662.0997 0,439959.9989 4470668.6001 0))",2723875,Verde,Línea,9
"MULTILINESTRING Z ((439973.739 4470631.5761 0,439971.4057 4470649.0761 0))",2723877,Verde,Batería,7
"MULTILINESTRING Z ((440676.489 4470683.9927 0,440672.989 4470674.1594 0))",2723878,Verde,Línea,2
"MULTILINESTRING Z ((439942.4057 4470617.7427 0,439972.3223 4470621.5761 0))",2723879,Verde,Línea,6
"MULTILINESTRING Z ((440695.0828 4470657.1971 0,440674.2926 4470663.7668 0))",2723881,Verde,Batería,8
"MULTILINESTRING Z ((439924.489 4470615.1594 0,439934.489 4470616.4927 0))",2723882,Verde,Línea,2
"MULTILINESTRING Z ((439908.4057 4470654.0761 0,439910.3223 4470638.1594 0))",2723884,Verde,Línea,3
"MULTILINESTRING Z ((440651.489 4470639.4927 0,440641.739 4470642.5761 0))",2723885,Verde,Batería,4
"MULTILINESTRING Z ((440642.7982 4470636.667 0,440647.2404 4470635.324 0))",2723886,Verde,Batería,1
"MULTILINESTRING Z ((440659.0723 4470626.9094 0,440669.1557 4470624.0761 0))",2723887,Verde,Batería,4
"MULTILINESTRING Z ((440642.0307 4470587.8261 0,440649.4057 4470585.5761 0))",2723890,Verde,Batería,3
"MULTILINESTRING Z ((440675.5987 4470570.2972 0,440653.8985 4470577.0969 0))",2723891,Verde,Batería,7
"MULTILINESTRING Z ((440637.6557 4470537.7011 0,440643.9057 4470534.0761 0))",2723896,Verde,Batería,3
"MULTILINESTRING Z ((440653.0723 4470468.4927 0,440662.4057 4470496.9927 0))",2723898,Verde,Batería,10
"MULTILINESTRING Z ((440681.0723 4470478.9094 0,440678.9057 4470471.9094 0))",2723903,Verde,Batería,3
"MULTILINESTRING Z ((439917.6557 4470581.8261 0,439919.0723 4470569.9927 0))",2723905,Verde,Línea,3
"MULTILINESTRING Z ((439916.8223 4470558.4927 0,439913.989 4470581.4094 0))",2723906,Verde,Línea,5
"MULTILINESTRING Z ((440740.2807 4470402.4511 0,440741.9057 4470407.5761 0))",2723908,Verde,Línea,1
"MULTILINESTRING Z ((440733.4057 4470382.7011 0,440738.2807 4470397.0761 0))",2723909,Verde,Línea,3
"MULTILINESTRING Z ((440729.0307 4470375.4511 0,440735.7807 4470373.2011 0))",2723910,Verde,Batería,3
"MULTILINESTRING Z ((439921.1557 4470551.9094 0,439920.0723 4470561.2427 0))",2723911,Verde,Línea,2
"MULTILINESTRING Z ((439917.1557 4470555.9094 0,439920.0723 4470534.3261 0))",2723912,Verde,Línea,4
"MULTILINESTRING Z ((439923.2002 4470534.7003 0,439921.1681 4470551.2154 0))",2723913,Verde,Línea,3
"MULTILINESTRING Z ((440709.9057 4470301.9511 0,440705.1557 4470292.9511 0))",2723914,Verde,Línea,2
"MULTILINESTRING Z ((439948.489 4470570.9094 0,439929.239 4470568.1594 0))",2723915,Verde,Línea,4
"MULTILINESTRING Z ((439969.6557 4470573.9094 0,439963.239 4470573.0761 0))",2723916,Verde,Línea,1
"MULTILINESTRING Z ((439965.0723 4470565.5761 0,439970.1557 4470531.6594 0))",2723919,Verde,Línea,6
"MULTILINESTRING Z ((440652.5169 4470242.9413 0,440660.2848 4470257.9134 0))",2723925,Verde,Línea,3
"MULTILINESTRING Z ((440030.239 4470572.6594 0,440034.6557 4470538.5761 0))",2723926,Verde,Línea,7
"MULTILINESTRING Z ((440666.4057 4470219.5761 0,440669.2807 4470225.4511 0))",2723928,Verde,Línea,1
"MULTILINESTRING Z ((440652.3315 4470194.2427 0,440663.4591 4470214.6433 0))",2723930,Verde,Línea,4
"MULTILINESTRING Z ((440059.739 4470582.4094 0,440065.739 4470583.1594 0))",2723934,Verde,Línea,1
"MULTILINESTRING Z ((440083.489 4470551.6594 0,440084.0723 4470546.4094 0))",2723940,Verde,Línea,1
"MULTILINESTRING Z ((440077.989 4470562.5761 0,440079.4057 4470552.5761 0))",2723942,Verde,Línea,2
"MULTILINESTRING Z ((440699.489 4470156.9927 0,440695.9057 4470145.5761 0))",2723946,Verde,Línea,2
"MULTILINESTRING Z ((440699.9612 4470147.1316 0,440698.239 4470142.5761 0,440697.9057 4470141.3538 0))",2723947,Verde,Línea,1
"MULTILINESTRING Z ((440692.9057 4470137.0761 0,440685.8223 4470116.7427 0))",2723949,Verde,Línea,5
"MULTILINESTRING Z ((440763.2807 4470123.3261 0,440718.0307 4470098.8261 0))",2723950,Azul,Línea,9
"MULTILINESTRING Z ((440691.2807 4470084.2011 0,440696.6557 4470086.8261 0))",2723951,Azul,Línea,1
"MULTILINESTRING Z ((440677.1557 4470095.0761 0,440672.4057 4470092.4511 0))",2723953,Verde,Línea,1
"MULTILINESTRING Z ((440663.2807 4470087.4511 0,440668.9057 4470090.4511 0))",2723954,Verde,Línea,1
"MULTILINESTRING Z ((443141.989 4477525.6594 0,443137.739 4477521.6594 0))",2723956,Azul,Línea,1
"MULTILINESTRING Z ((440020.989 4470532.7427 0,440010.489 4470531.4927 0))",2723957,Verde,Línea,2
"MULTILINESTRING Z ((440138.8894 4470515.077 0,440136.4012 4470535.1128 0))",2723958,Verde,Línea,4
"MULTILINESTRING Z ((440140.3223 4470504.1594 0,440139.4057 4470510.0761 0))",2723960,Verde,Línea,1
"MULTILINESTRING Z ((440150.2807 4470429.4511 0,440143.2807 4470483.3261 0))",2723962,Verde,Línea,10
"MULTILINESTRING Z ((439978.5106 4470526.991 0,439987.9006 4470528.6011 0))",2723963,Verde,Línea,2
"MULTILINESTRING Z ((440178.0483 4470505.5963 0,440143.2416 4470501.9229 0))",2723964,Verde,Línea,7
"MULTILINESTRING Z ((440183.8018 4470502.4035 0,440177.8251 4470501.8753 0))",2723966,Verde,Línea,1
"MULTILINESTRING Z ((440182.8223 4470540.9094 0,440185.5723 4470525.1594 0))",2723967,Verde,Línea,3
"MULTILINESTRING Z ((439853.8223 4470647.4094 0,439855.989 4470632.2427 0))",2723968,Verde,Línea,3
"MULTILINESTRING Z ((439859.3223 4470609.1594 0,439857.4057 4470624.3261 0))",2723970,Verde,Línea,3
"MULTILINESTRING Z ((440186.6086 4470518.5207 0,440187.6017 4470512.6035 0))",2723971,Verde,Línea,1
"MULTILINESTRING Z ((440199.1019 4470504.5037 0,440228.702 4470507.104 0))",2723973,Verde,Línea,5
"MULTILINESTRING Z ((439860.989 4470596.3261 0,439863.989 4470572.8261 0))",2723974,Verde,Línea,4
"MULTILINESTRING Z ((440244.9057 4470508.8261 0,440273.1557 4470511.7011 0))",2723975,Verde,Línea,5
"MULTILINESTRING Z ((439864.3501 4470568.965 0,439865.2946 4470562.5205 0))",2723979,Verde,Línea,1
"MULTILINESTRING Z ((440341.1557 4470520.7011 0,440356.9057 4470522.0761 0))",2723980,Verde,Línea,3
"MULTILINESTRING Z ((440341.7807 4470517.9511 0,440357.2807 4470519.2011 0))",2723981,Verde,Línea,3
"MULTILINESTRING Z ((439871.4002 4470520.4997 0,439869.9171 4470531.2936 0))",2723985,Verde,Línea,2
"MULTILINESTRING Z ((440194.5723 4470468.0761 0,440195.1557 4470462.4094 0))",2723987,Verde,Línea,1
"MULTILINESTRING Z ((440199.0723 4470458.8261 0,440202.1557 4470432.9927 0))",2723988,Verde,Línea,5
"MULTILINESTRING Z ((439809.1557 4470640.0761 0,439810.239 4470630.1594 0))",2723989,Verde,Línea,2
"MULTILINESTRING Z ((440203.5723 4470422.6594 0,440204.239 4470417.6594 0))",2723990,Verde,Línea,1
"MULTILINESTRING Z ((439810.6557 4470624.9094 0,439811.239 4470619.6594 0))",2723991,Verde,Línea,1
"MULTILINESTRING Z ((440196.739 4470450.4927 0,440197.489 4470445.0761 0))",2723992,Verde,Línea,1
"MULTILINESTRING Z ((439812.1557 4470615.2427 0,439812.739 4470610.3261 0))",2723993,Verde,Línea,1
"MULTILINESTRING Z ((440200.6557 4470417.3261 0,440200.0723 4470422.3261 0))",2723994,Verde,Línea,1
"MULTILINESTRING Z ((440151.8223 4470412.6594 0,440151.239 4470417.6594 0))",2723997,Verde,Línea,1
"MULTILINESTRING Z ((439804.739 4470639.7427 0,439807.1557 4470621.0761 0))",2723999,Verde,Línea,4
"MULTILINESTRING Z ((440161.4305 4470403.9812 0,440195.503 4470408.404 0))",2724000,Verde,Línea,6
"MULTILINESTRING Z ((440161.818 4470400.7947 0,440195.603 4470404.804 0))",2724001,Verde,Línea,6
"MULTILINESTRING Z ((439809.989 4470601.1594 0,439808.0723 4470616.8261 0))",2724002,Verde,Línea,3
"MULTILINESTRING Z ((439805.0723 4470597.7427 0,439794.489 4470596.4927 0))",2724003,Verde,Línea,2
"MULTILINESTRING Z ((440212.303 4470410.7042 0,440239.6031 4470414.5045 0))",2724004,Verde,Línea,5
"MULTILINESTRING Z ((440221.6557 4470408.4511 0,440239.7807 4470410.5761 0))",2724005,Verde,Línea,3
"MULTILINESTRING Z ((439805.989 4470593.9094 0,439800.989 4470593.1594 0))",2724006,Verde,Línea,1
"MULTILINESTRING Z ((439792.239 4470591.8261 0,439797.1557 4470592.5761 0))",2724008,Verde,Línea,1
"MULTILINESTRING Z ((439773.3223 4470592.8261 0,439779.3223 4470593.7427 0))",2724010,Verde,Línea,1
"MULTILINESTRING Z ((440245.5031 4470422.8046 0,440243.6132 4470438.9952 0))",2724011,Verde,Línea,3
"MULTILINESTRING Z ((439772.489 4470588.9094 0,439786.5723 4470590.9927 0))",2724012,Verde,Línea,3
"MULTILINESTRING Z ((440230.6015 4470548.2039 0,440231.3504 4470542.2508 0))",2724013,Verde,Línea,1
"MULTILINESTRING Z ((440234.606 4470542.4454 0,440233.9015 4470548.4039 0))",2724015,Verde,Línea,1
"MULTILINESTRING Z ((440236.3103 4470528.0683 0,440235.2026 4470537.8167 0))",2724016,Verde,Línea,2
"MULTILINESTRING Z ((439764.4988 4470595.9981 0,439763.5904 4470603.7872 0,439761.4866 4470610.7101 0))",2724017,Verde,Línea,3
"MULTILINESTRING Z ((440237.6557 4470516.6594 0,440236.9057 4470521.9094 0))",2724018,Verde,Línea,1
"MULTILINESTRING Z ((440232.6049 4470532.2789 0,440234.6019 4470516.404 0))",2724019,Verde,Línea,3
"MULTILINESTRING Z ((440280.1017 4470554.5044 0,440280.7944 4470548.5445 0))",2724020,Verde,Línea,1
"MULTILINESTRING Z ((440281.489 4470542.8261 0,440282.739 4470532.4094 0))",2724021,Verde,Línea,2
"MULTILINESTRING Z ((440283.8223 4470522.1594 0,440283.239 4470527.2427 0))",2724022,Verde,Línea,1
"MULTILINESTRING Z ((440287.4021 4470522.3046 0,440283.6017 4470555.0045 0))",2724023,Verde,Línea,6
"MULTILINESTRING Z ((440285.8023 4470506.5047 0,440287.0459 4470495.5752 0))",2724024,Verde,Línea,2
"MULTILINESTRING Z ((440290.674 4470495.3785 0,440289.4023 4470506.3047 0))",2724025,Verde,Línea,2
"MULTILINESTRING Z ((440287.9429 4470487.2868 0,440289.0792 4470477.2662 0))",2724027,Verde,Línea,2
"MULTILINESTRING Z ((439818.2681 4470566.0015 0,439820.4069 4470549.6409 0))",2724029,Verde,Línea,3
"MULTILINESTRING Z ((440294.9512 4470458.6302 0,440291.4829 4470488.429 0))",2724030,Verde,Línea,6
"MULTILINESTRING Z ((439821.0723 4470545.9927 0,439824.739 4470518.9094 0))",2724031,Verde,Línea,5
"MULTILINESTRING Z ((440294.8032 4470430.1051 0,440289.8641 4470470.8065 0))",2724032,Verde,Línea,7
"MULTILINESTRING Z ((440298.4057 4470430.3261 0,440295.9057 4470450.3261 0))",2724033,Verde,Línea,4
"MULTILINESTRING Z ((439811.489 4470589.3261 0,439813.5723 4470572.9094 0))",2724034,Verde,Línea,3
"MULTILINESTRING Z ((439818.0723 4470541.0761 0,439814.739 4470565.8261 0))",2724035,Verde,Línea,5
"MULTILINESTRING Z ((440332.4057 4470512.9927 0,440331.9057 4470496.4927 0))",2724036,Verde,Línea,3
"MULTILINESTRING Z ((440331.5723 4470489.4927 0,440331.4057 4470483.7427 0))",2724037,Verde,Línea,1
"MULTILINESTRING Z ((439818.0045 4470537.1573 0,439819.7249 4470525.5903 0))",2724038,Verde,Línea,2
"MULTILINESTRING Z ((440331.5723 4470479.7427 0,440331.239 4470474.4927 0,440331.3223 4470474.2427 0))",2724039,Verde,Línea,1
"MULTILINESTRING Z ((439821.7 4470512.0992 0,439820.0377 4470524.1313 0))",2724040,Verde,Línea,3
"MULTILINESTRING Z ((440330.6557 4470457.9927 0,440330.489 4470452.4927 0))",2724041,Verde,Línea,1
"MULTILINESTRING Z ((440330.3281 4470444.5122 0,440330.4896 4470448.7038 0))",2724042,Verde,Línea,1
"MULTILINESTRING Z ((440326.5723 4470435.9927 0,440327.739 4470471.9094 0))",2724043,Verde,Línea,7
"MULTILINESTRING Z ((439764.9057 4470583.3261 0,439766.489 4470568.7427 0))",2724045,Verde,Línea,3
"MULTILINESTRING Z ((440256.0032 4470416.8047 0,440291.1944 4470421.6967 0))",2724046,Verde,Línea,7
"MULTILINESTRING Z ((439768.3223 4470584.4094 0,439770.739 4470563.6594 0))",2724047,Verde,Línea,4
"MULTILINESTRING Z ((439768.0723 4470559.8261 0,439769.5723 4470549.9094 0))",2724048,Verde,Línea,2
"MULTILINESTRING Z ((440256.7032 4470413.4047 0,440291.5922 4470418.3176 0))",2724049,Verde,Línea,7
"MULTILINESTRING Z ((439772.1557 4470556.9927 0,439774.9057 4470536.5761 0))",2724050,Verde,Línea,4
"MULTILINESTRING Z ((440305.4057 4470423.5761 0,440321.4057 4470425.7011 0))",2724051,Verde,Línea,3
"MULTILINESTRING Z ((439770.0723 4470545.7427 0,439772.739 4470525.9927 0))",2724052,Verde,Línea,4
"MULTILINESTRING Z ((440337.1164 4470423.9604 0,440306.0214 4470420.0347 0))",2724053,Verde,Línea,6
"MULTILINESTRING Z ((439775.5723 4470530.8261 0,439776.3223 4470525.7427 0))",2724054,Verde,Línea,1
"MULTILINESTRING Z ((440156.0214 4470380.0554 0,440154.0586 4470396.3777 0))",2724055,Verde,Línea,3
"MULTILINESTRING Z ((440157.1557 4470374.6594 0,440159.1557 4470358.4094 0))",2724056,Verde,Línea,3
"MULTILINESTRING Z ((439778.5723 4470506.3261 0,439776.989 4470521.4094 0))",2724058,Verde,Línea,3
"MULTILINESTRING Z ((439774.5723 4470514.1594 0,439773.8223 4470519.2427 0))",2724059,Verde,Línea,1
"MULTILINESTRING Z ((440164.0307 4470320.9511 0,440161.0307 4470345.4511 0))",2724061,Verde,Línea,5
"MULTILINESTRING Z ((439759.239 4470591.1594 0,439734.0723 4470587.4927 0))",2724062,Verde,Línea,5
"MULTILINESTRING Z ((440168.239 4470286.4094 0,440171.9612 4470255.465 0))",2724063,Verde,Línea,6
"MULTILINESTRING Z ((440173.6557 4470240.9511 0,440177.0307 4470211.3261 0))",2724065,Verde,Línea,6
"MULTILINESTRING Z ((439706.6557 4470597.3261 0,439709.989 4470582.5761 0,439712.4057 4470563.6594 0))",2724067,Verde,Línea,7
"MULTILINESTRING Z ((439714.6488 4470574.6376 0,439719.1384 4470539.9268 0))",2724068,Verde,Línea,7
"MULTILINESTRING Z ((439712.6557 4470562.6594 0,439714.5723 4470546.7427 0))",2724069,Verde,Línea,3
"MULTILINESTRING Z ((439722.989 4470509.8261 0,439724.4057 4470499.6594 0))",2724072,Verde,Línea,2
"MULTILINESTRING Z ((439709.5723 4470540.6594 0,439692.1557 4470538.8261 0))",2724073,Verde,Línea,3
"MULTILINESTRING Z ((439686.739 4470537.7427 0,439681.3223 4470537.2427 0))",2724075,Verde,Línea,1
"MULTILINESTRING Z ((439669.989 4470535.9094 0,439675.239 4470536.4927 0))",2724076,Verde,Línea,1
"MULTILINESTRING Z ((439661.739 4470534.6594 0,439645.5723 4470532.6594 0))",2724077,Verde,Línea,3
"MULTILINESTRING Z ((439663.989 4470531.7427 0,439684.489 4470534.1594 0))",2724078,Verde,Línea,4
"MULTILINESTRING Z ((439629.6279 4470557.6316 0,439630.0168 4470541.6316 0))",2724084,Azul,Línea,3
"MULTILINESTRING Z ((439630.9057 4470521.6594 0,439630.9057 4470510.9094 0))",2724089,Azul,Línea,2
"MULTILINESTRING Z ((440193.6557 4470302.3261 0,440178.6557 4470300.4511 0))",2724090,Verde,Línea,3
"MULTILINESTRING Z ((440210.1042 4470304.8046 0,440200.1869 4470303.5216 0))",2724091,Verde,Línea,2
"MULTILINESTRING Z ((440209.9057 4470301.4511 0,440179.1557 4470297.0761 0))",2724093,Verde,Línea,6
"MULTILINESTRING Z ((439631.739 4470494.5761 0,439631.6557 4470499.7427 0))",2724094,Azul,Línea,1
"MULTILINESTRING Z ((440247.8223 4470404.9927 0,440248.489 4470398.9927 0))",2724095,Verde,Línea,1
"MULTILINESTRING Z ((440258.1557 4470318.9511 0,440248.9057 4470391.5761 0))",2724096,Verde,Línea,13
"MULTILINESTRING Z ((440226.0307 4470306.2011 0,440255.0307 4470310.4511 0))",2724099,Verde,Línea,5
"MULTILINESTRING Z ((440226.9843 4470303.4848 0,440241.8423 4470305.5439 0))",2724100,Verde,Línea,3
"MULTILINESTRING Z ((440267.1557 4470311.9511 0,440299.9057 4470316.5761 0))",2724102,Verde,Línea,6
"MULTILINESTRING Z ((440300.1034 4470412.4052 0,440302.5955 4470389.7418 0))",2724104,Verde,Línea,4
"MULTILINESTRING Z ((440307.8223 4470344.2427 0,440306.239 4470356.3261 0))",2724107,Verde,Línea,2
"MULTILINESTRING Z ((440308.3223 4470312.2427 0,440314.239 4470304.3261 0))",2724108,Verde,Línea,2
"MULTILINESTRING Z ((440328.1557 4470293.7011 0,440336.5307 4470281.2011 0))",2724109,Azul,Línea,3
"MULTILINESTRING Z ((440368.9057 4470333.5761 0,440328.4057 4470306.0761 0))",2724110,Verde,Línea,9
"MULTILINESTRING Z ((440365.4057 4470340.0761 0,440340.9057 4470322.7011 0,440316.1557 4470319.2011 0))",2724111,Verde,Línea,10
"MULTILINESTRING Z ((440372.6557 4470515.2427 0,440371.8223 4470490.4927 0))",2724113,Verde,Línea,5
"MULTILINESTRING Z ((440371.5723 4470483.9094 0,440371.3223 4470463.0761 0))",2724115,Verde,Línea,4
"MULTILINESTRING Z ((440374.489 4470473.5761 0,440374.239 4470463.5761 0))",2724116,Verde,Línea,2
"MULTILINESTRING Z ((440373.739 4470441.4927 0,440373.9057 4470456.6594 0))",2724117,Verde,Línea,3
"MULTILINESTRING Z ((440370.1242 4470422.7093 0,440370.0273 4470418.2549 0))",2724119,Verde,Línea,1
"MULTILINESTRING Z ((440369.5723 4470403.7427 0,440369.9057 4470413.9094 0))",2724121,Verde,Línea,2
"MULTILINESTRING Z ((440368.4181 4470361.7703 0,440368.9346 4470384.8075 0))",2724124,Verde,Línea,4
"MULTILINESTRING Z ((440371.8223 4470378.5761 0,440371.489 4470361.7427 0))",2724125,Verde,Línea,3
"MULTILINESTRING Z ((440384.1557 4470335.3261 0,440373.5723 4470350.4927 0,440371.8223 4470353.6594 0,440371.989 4470355.2427 0))",2724127,Verde,Línea,4
"MULTILINESTRING Z ((440398.1557 4470314.7427 0,440386.8223 4470331.4094 0))",2724128,Verde,Línea,4
"MULTILINESTRING Z ((440395.0723 4470311.9094 0,440377.4057 4470336.5761 0))",2724129,Verde,Línea,6
"MULTILINESTRING Z ((440355.9057 4470273.5761 0,440360.1557 4470276.8261 0))",2724132,Azul,Línea,1
"MULTILINESTRING Z ((440385.239 4470294.4927 0,440376.6557 4470288.3261 0))",2724133,Azul,Línea,2
"MULTILINESTRING Z ((440371.5307 4470275.5761 0,440384.1557 4470284.4511 0))",2724134,Azul,Línea,3
"MULTILINESTRING Z ((440402.5307 4470297.0761 0,440407.1557 4470300.4511 0))",2724135,Azul,Línea,1
"MULTILINESTRING Z ((439628.9057 4470316.0761 0,439628.6557 4470289.4927 0))",2724136,Azul,Línea,5
"MULTILINESTRING Z ((440414.2807 4470305.3261 0,440419.4057 4470309.3261 0))",2724137,Azul,Línea,1
"MULTILINESTRING Z ((440420.5307 4470309.8261 0,440424.6557 4470312.4511 0))",2724139,Azul,Línea,1
"MULTILINESTRING Z ((439628.5843 4470273.9603 0,439626.9689 4470264.0916 0))",2724140,Azul,Línea,2
"MULTILINESTRING Z ((440414.7807 4470214.0761 0,440396.2807 4470202.0761 0))",2724147,Azul,Línea,4
"MULTILINESTRING Z ((440464.4057 4470245.5761 0,440486.4057 4470259.4511 0))",2724149,Azul,Línea,5
"MULTILINESTRING Z ((440379.989 4470432.1594 0,440389.8223 4470433.4094 0))",2724158,Verde,Línea,2
"MULTILINESTRING Z ((440397.489 4470434.6594 0,440402.9057 4470435.4094 0))",2724159,Verde,Línea,1
"MULTILINESTRING Z ((440424.489 4470437.7427 0,440449.4057 4470440.9094 0))",2724161,Verde,Línea,5
"MULTILINESTRING Z ((439610.7807 4470159.2011 0,439614.2807 4470180.4511 0))",2724162,Azul,Línea,4
"MULTILINESTRING Z ((440416.739 4470444.5761 0,440415.5723 4470454.6594 0))",2724164,Azul,Línea,2
"MULTILINESTRING Z ((439608.6557 4470148.9511 0,439604.0307 4470126.7011 0))",2724165,Azul,Línea,4
"MULTILINESTRING Z ((439602.8845 4470120.1763 0,439594.2281 4470087.4932 0))",2724168,Azul,Línea,7
"MULTILINESTRING Z ((439589.9057 4470069.8261 0,439592.2807 4470079.9511 0))",2724170,Azul,Línea,2
"MULTILINESTRING Z ((440412.489 4470475.0761 0,440413.239 4470470.0761 0))",2724172,Azul,Línea,1
"MULTILINESTRING Z ((439587.5307 4470063.5761 0,439586.1557 4470058.2011 0))",2724176,Azul,Línea,1
"MULTILINESTRING Z ((440418.0723 4470425.1594 0,440420.3223 4470409.8261 0))",2724179,Verde,Línea,3
"MULTILINESTRING Z ((440423.5723 4470400.8261 0,440434.9057 4470384.2427 0))",2724180,Verde,Línea,4
"MULTILINESTRING Z ((440453.989 4470356.1594 0,440448.239 4470364.4094 0))",2724182,Verde,Línea,2
"MULTILINESTRING Z ((440478.4057 4470346.8261 0,440466.6557 4470339.0761 0))",2724187,Azul,Batería,5
"MULTILINESTRING Z ((440493.4057 4470370.4511 0,440488.7807 4470367.4511 0))",2724189,Verde,Batería,2
"MULTILINESTRING Z ((440499.9057 4470363.0761 0,440493.4057 4470358.4511 0))",2724190,Verde,Batería,3
"MULTILINESTRING Z ((440508.0307 4470380.5761 0,440512.1557 4470383.5761 0))",2724193,Verde,Batería,2
"MULTILINESTRING Z ((440516.5307 4470386.7011 0,440519.4057 4470388.3261 0))",2724195,Verde,Batería,1
"MULTILINESTRING Z ((439780.9057 4470296.7011 0,439792.6557 4470274.5761 0))",2724196,Azul,Línea,5
"MULTILINESTRING Z ((440527.5307 4470394.3261 0,440522.6557 4470390.9511 0))",2724197,Verde,Batería,2
"MULTILINESTRING Z ((439760.8223 4470346.7427 0,439764.5723 4470333.0761 0))",2724201,Azul,Línea,3
"MULTILINESTRING Z ((440594.2807 4470332.5761 0,440615.4057 4470347.7011 0))",2724212,Verde,Línea,5
"MULTILINESTRING Z ((439750.0011 4470386.9989 0,439743.5224 4470412.1787 0))",2724214,Verde,Línea,5
"MULTILINESTRING Z ((440558.4057 4470402.3261 0,440553.6557 4470399.3261 0))",2724218,Verde,Batería,2
"MULTILINESTRING Z ((440549.7999 4470409.5964 0,440559.3257 4470416.0392 0))",2724220,Verde,Batería,4
"MULTILINESTRING Z ((440563.2807 4470418.7011 0,440568.7807 4470422.2011 0))",2724221,Verde,Batería,2
"MULTILINESTRING Z ((440602.2807 4470433.3261 0,440589.5307 4470424.2011 0))",2724222,Verde,Batería,6
"MULTILINESTRING Z ((440559.9057 4470510.9511 0,440567.2807 4470454.5761 0,440575.7807 4470440.7011 0))",2724224,Verde,Línea,13
"MULTILINESTRING Z ((440519.2328 4479009.8106 0,440530.4921 4479001.5143 0))",2724228,Verde,Línea,2
"MULTILINESTRING Z ((440625.5307 4470341.9511 0,440628.6557 4470310.3261 0))",2724229,Verde,Línea,6
"MULTILINESTRING Z ((440584.529 4470265.2142 0,440590.3068 4470265.992 0))",2724231,Verde,Línea,1
"MULTILINESTRING Z ((440613.8576 4470265.3425 0,440621.4174 4470266.2835 0))",2724235,Verde,Batería,4
"MULTILINESTRING Z ((440218.0307 4470294.3261 0,440220.4057 4470274.5761 0))",2724241,Verde,Línea,4
"MULTILINESTRING Z ((440632.3223 4470300.8261 0,440633.1557 4470285.6594 0))",2724242,Verde,Línea,3
"MULTILINESTRING Z ((439848.7982 4470183.7988 0,439864.7985 4470156.9991 0))",2724245,Verde,Línea,6
"MULTILINESTRING Z ((439910.0307 4470157.8261 0,439890.1557 4470155.0761 0))",2724246,Verde,Línea,4
"MULTILINESTRING Z ((439879.9987 4470149.8993 0,439910.3414 4470154.313 0))",2724248,Verde,Línea,6
"MULTILINESTRING Z ((439855.5723 4470199.4094 0,439865.1557 4470204.7427 0))",2724249,Verde,Línea,2
"MULTILINESTRING Z ((439850.3981 4470192.2988 0,439872.2986 4470204.3556 0))",2724250,Verde,Línea,5
"MULTILINESTRING Z ((439874.739 4470224.7427 0,439878.3223 4470214.9094 0))",2724253,Verde,Línea,2
"MULTILINESTRING Z ((439869.8223 4470239.4927 0,439864.4057 4470253.6594 0))",2724254,Verde,Línea,3
"MULTILINESTRING Z ((439859.1557 4470269.5761 0,439860.7807 4470263.7011 0))",2724255,Verde,Línea,1
"MULTILINESTRING Z ((439844.3223 4470309.3261 0,439849.239 4470294.3261 0))",2724256,Verde,Línea,3
"MULTILINESTRING Z ((439839.3223 4470322.9927 0,439842.5723 4470313.2427 0))",2724257,Verde,Línea,2
"MULTILINESTRING Z ((439776.9057 4470316.1594 0,439798.1557 4470320.5761 0))",2724259,Verde,Línea,4
"MULTILINESTRING Z ((439865.5723 4470335.0761 0,439878.8223 4470337.9094 0))",2724261,Verde,Línea,3
"MULTILINESTRING Z ((439900.8024 4470342.8008 0,439920.3722 4470346.9266 0))",2724262,Verde,Línea,4
"MULTILINESTRING Z ((439937.6557 4470350.5761 0,439926.5723 4470348.4094 0))",2724263,Verde,Línea,2
"MULTILINESTRING Z ((439768.4057 4470486.4927 0,439773.739 4470462.1594 0))",2724267,Verde,Línea,5
"MULTILINESTRING Z ((439771.1866 4470487.1863 0,439777.1954 4470460.147 0))",2724269,Verde,Línea,5
"MULTILINESTRING Z ((439778.6011 4470453.373 0,439783.8357 4470427.9054 0))",2724271,Verde,Línea,5
"MULTILINESTRING Z ((439789.1011 4470406.4992 0,439786.7925 4470416.8523 0))",2724273,Verde,Línea,2
"MULTILINESTRING Z ((439789.5307 4470403.4511 0,439791.6557 4470393.2011 0))",2724274,Verde,Línea,2
"MULTILINESTRING Z ((439819.989 4470429.9927 0,439813.989 4470427.9927 0))",2724275,Verde,Línea,1
"MULTILINESTRING Z ((439862.9057 4470445.4927 0,439845.0723 4470439.0761 0))",2724276,Verde,Línea,4
"MULTILINESTRING Z ((439873.7004 4470500.1998 0,439874.5065 4470493.93 0))",2724277,Verde,Línea,1
"MULTILINESTRING Z ((439875.5723 4470483.9094 0,439876.4057 4470478.1594 0))",2724278,Verde,Línea,1
"MULTILINESTRING Z ((439877.1557 4470472.6594 0,439877.9057 4470467.4927 0))",2724279,Verde,Línea,1
"MULTILINESTRING Z ((439877.0723 4470500.9094 0,439877.989 4470494.3261 0))",2724280,Verde,Línea,1
"MULTILINESTRING Z ((439803.3223 4470368.9094 0,439799.4057 4470368.1594 0))",2724284,Verde,Batería,1
"MULTILINESTRING Z ((439809.9057 4470370.6594 0,439812.9057 4470371.2427 0))",2724285,Verde,Batería,1
"MULTILINESTRING Z ((439819.4057 4470372.4927 0,439822.1557 4470373.0761 0))",2724286,Verde,Batería,1
"MULTILINESTRING Z ((439844.739 4470378.1594 0,439830.0723 4470374.9094 0))",2724287,Verde,Batería,6
"MULTILINESTRING Z ((439849.9057 4470378.7427 0,439854.989 4470379.6594 0))",2724288,Verde,Batería,2
"MULTILINESTRING Z ((439798.0307 4470392.7011 0,439805.5307 4470394.3261 0))",2724290,Verde,Batería,3
"MULTILINESTRING Z ((439809.5723 4470395.1594 0,439812.739 4470395.6594 0))",2724291,Verde,Batería,1
"MULTILINESTRING Z ((439844.3223 4470402.7427 0,439854.239 4470404.8261 0))",2724294,Verde,Batería,4
"MULTILINESTRING Z ((439870.9057 4470408.7427 0,439876.3223 4470409.8261 0))",2724295,Verde,Batería,2
"MULTILINESTRING Z ((439925.1557 4470499.3261 0,439927.489 4470478.9927 0))",2724301,Verde,Línea,4
"MULTILINESTRING Z ((439938.4057 4470469.5761 0,439959.3223 4470472.2427 0))",2724306,Verde,Línea,4
"MULTILINESTRING Z ((439947.8678 4470467.4939 0,439972.662 4470470.6956 0))",2724307,Verde,Línea,5
"MULTILINESTRING Z ((439977.7011 4470480.3012 0,439972.3007 4470513.4009 0))",2724308,Verde,Línea,6
"MULTILINESTRING Z ((439938.0723 4470392.9927 0,439941.1557 4470369.1594 0))",2724310,Verde,Línea,5
"MULTILINESTRING Z ((439941.4057 4470367.8261 0,439942.5723 4470358.5761 0))",2724312,Verde,Línea,2
"MULTILINESTRING Z ((440018.1279 4470479.7983 0,440001.239 4470477.7983 0))",2724320,Verde,Línea,3
"MULTILINESTRING Z ((440034.739 4470482.4094 0,440029.6557 4470481.6594 0))",2724322,Verde,Línea,1
"MULTILINESTRING Z ((439521.5321 4470986.0911 0,439522.2589 4470999.8097 0))",2724323,Verde,Línea,3
"MULTILINESTRING Z ((440000.1557 4470474.1594 0,440012.489 4470475.5761 0))",2724324,Verde,Línea,2
"MULTILINESTRING Z ((439529.9813 4470978.0962 0,439528.2551 4470955.4742 0))",2724325,Verde,Línea,4
"MULTILINESTRING Z ((440037.3223 4470517.4927 0,440036.489 4470523.8261 0))",2724326,Verde,Línea,1
"MULTILINESTRING Z ((439521.1687 4470985.7277 0,439520.0785 4470970.1921 0))",2724327,Verde,Línea,3
"MULTILINESTRING Z ((439526.1655 4470929.945 0,439526.6198 4470935.5778 0))",2724329,Verde,Línea,1
"MULTILINESTRING Z ((439525.3479 4470919.6788 0,439526.1655 4470929.945 0))",2724330,Verde,Línea,2
"MULTILINESTRING Z ((439538.6122 4470834.8237 0,439547.3339 4470818.4705 0))",2724334,Verde,Batería,6
"MULTILINESTRING Z ((439560.5982 4470794.1224 0,439566.9578 4470781.9483 0))",2724335,Verde,Batería,5
"MULTILINESTRING Z ((439536.1592 4470824.1941 0,439531.7075 4470832.2799 0))",2724336,Verde,Batería,3
"MULTILINESTRING Z ((439499.326 4470836.1688 0,439499.0622 4470819.0229 0))",2724338,Verde,Batería,7
"MULTILINESTRING Z ((439493.1271 4470839.7299 0,439492.8633 4470819.5505 0))",2724339,Verde,Batería,8
"MULTILINESTRING Z ((439464.7998 4470841.3005 0,439464.19 4470819.8406 0))",2724340,Verde,Batería,8
"MULTILINESTRING Z ((439459.0991 4470841.5763 0,439458.8354 4470820.4737 0))",2724341,Verde,Batería,8
"MULTILINESTRING Z ((439430.8996 4470842.9001 0,439430.2298 4470821.4802 0))",2724342,Verde,Batería,8
"MULTILINESTRING Z ((439425.0996 4470842.8001 0,439424.7998 4470821.6901 0))",2724344,Verde,Batería,8
"MULTILINESTRING Z ((440042.4057 4470477.4094 0,440042.9057 4470471.8261 0))",2724345,Verde,Línea,1
"MULTILINESTRING Z ((440044.3223 4470462.5761 0,440045.5723 4470452.6594 0))",2724348,Verde,Línea,2
"MULTILINESTRING Z ((440046.3223 4470448.4094 0,440048.9057 4470427.9094 0))",2724350,Verde,Línea,4
"MULTILINESTRING Z ((439979.1013 4470465.0012 0,439980.3625 4470455.0811 0))",2724352,Verde,Línea,2
"MULTILINESTRING Z ((439982.239 4470443.4094 0,439984.239 4470428.1594 0))",2724354,Verde,Línea,3
"MULTILINESTRING Z ((440041.102 4470432.7021 0,440011.32 4470429.0918 0))",2724356,Verde,Línea,6
"MULTILINESTRING Z ((439991.6018 4470426.7015 0,440002.5219 4470428.0253 0))",2724358,Verde,Línea,2
"MULTILINESTRING Z ((439223.6731 4470810.0543 0,439247.2817 4470809.5267 0))",2724360,Verde,Línea,5
"MULTILINESTRING Z ((439211.2754 4470810.3181 0,439216.9467 4470810.0543 0))",2724361,Verde,Línea,1
"MULTILINESTRING Z ((439157.589 4470776.9004 0,439159.4486 4470784.8037 0,439166.1121 4470796.5811 0))",2724363,Verde,Batería,9
"MULTILINESTRING Z ((439989.0723 4470389.4927 0,439990.739 4470376.4094 0))",2724364,Verde,Línea,3
"MULTILINESTRING Z ((440050.8223 4470414.9094 0,440051.4057 4470410.0761 0))",2724366,Verde,Línea,1
"MULTILINESTRING Z ((440052.489 4470402.4094 0,440053.8223 4470391.9094 0))",2724368,Verde,Línea,2
"MULTILINESTRING Z ((439229.2126 4470857.799 0,439236.0709 4470857.6671 0))",2724369,Verde,Línea,1
"MULTILINESTRING Z ((440047.0025 4470387.0024 0,440041.5565 4470386.234 0))",2724370,Verde,Línea,1
"MULTILINESTRING Z ((439258.3606 4470856.6119 0,439243.5887 4470857.1395 0))",2724371,Verde,Línea,3
"MULTILINESTRING Z ((440025.7847 4470384.0258 0,440035.605 4470385.3889 0))",2724372,Verde,Línea,2
"MULTILINESTRING Z ((439221.0353 4470866.6357 0,439236.8623 4470865.4487 0))",2724374,Verde,Batería,5
"MULTILINESTRING Z ((439993.0026 4470361.3018 0,439991.6916 4470371.2155 0))",2724375,Verde,Línea,2
"MULTILINESTRING Z ((439225.9135 4470875.5947 0,439240.8998 4470874.9538 0))",2724376,Verde,Batería,5
"MULTILINESTRING Z ((439395.158 4470892.5143 0,439447.7609 4470890.5156 0))",2724383,Verde,Batería,20
"MULTILINESTRING Z ((439962.0307 4470350.7011 0,439990.7807 4470353.9511 0))",2724384,Verde,Línea,6
"MULTILINESTRING Z ((440055.2841 4470381.6838 0,440058.2203 4470356.8568 0))",2724386,Verde,Línea,5
"MULTILINESTRING Z ((440060.489 4470339.9927 0,440059.1557 4470351.2427 0))",2724388,Verde,Línea,2
"MULTILINESTRING Z ((439256.9098 4470891.1675 0,439263.9 4470891.0356 0))",2724391,Verde,Línea,1
"MULTILINESTRING Z ((440054.4032 4470334.5027 0,440039.5315 4470332.5449 0))",2724392,Verde,Línea,3
"MULTILINESTRING Z ((440022.4057 4470330.5761 0,440032.739 4470331.8261 0))",2724394,Verde,Línea,2
"MULTILINESTRING Z ((440003.503 4470327.8021 0,440008.4602 4470328.4547 0))",2724396,Verde,Línea,1
"MULTILINESTRING Z ((439994.4057 4470351.1594 0,439996.239 4470335.9927 0))",2724398,Verde,Línea,3
"MULTILINESTRING Z ((439994.003 4470326.602 0,439979.1332 4470324.6297 0))",2724400,Verde,Línea,3
"MULTILINESTRING Z ((439956.3029 4470321.6016 0,439976.1292 4470324.2313 0))",2724402,Verde,Línea,4
"MULTILINESTRING Z ((439384.3364 4471077.14 0,439387.1652 4471081.1475 0))",2724403,Verde,Batería,1
"MULTILINESTRING Z ((439944.0723 4470347.5761 0,439945.4057 4470337.0761 0))",2724404,Verde,Línea,2
"MULTILINESTRING Z ((439948.1209 4470346.4275 0,439950.6375 4470326.5865 0))",2724405,Verde,Línea,4
"MULTILINESTRING Z ((439946.239 4470332.6594 0,439948.5723 4470312.3261 0))",2724406,Verde,Línea,4
"MULTILINESTRING Z ((439484.5969 4471143.1946 0,439464.7968 4471140.8944 0))",2724410,Verde,Línea,3
"MULTILINESTRING Z ((439465.2043 4470906.142 0,439466.2037 4470925.675 0))",2724419,Verde,Batería,7
"MULTILINESTRING Z ((439949.9057 4470305.6594 0,439950.6557 4470300.2427 0))",2724424,Verde,Línea,1
"MULTILINESTRING Z ((439951.989 4470292.0761 0,439953.3223 4470280.9927 0))",2724425,Verde,Línea,2
"MULTILINESTRING Z ((439953.989 4470275.4094 0,439955.3223 4470264.7427 0))",2724427,Verde,Línea,2
"MULTILINESTRING Z ((439892.9057 4470337.6594 0,439896.4057 4470310.9094 0))",2724429,Verde,Línea,5
"MULTILINESTRING Z ((439896.739 4470338.9927 0,439898.989 4470323.4094 0))",2724430,Verde,Línea,3
"MULTILINESTRING Z ((439899.9057 4470317.4094 0,439900.4057 4470312.1594 0))",2724431,Verde,Línea,1
"MULTILINESTRING Z ((439901.489 4470304.4927 0,439902.4057 4470294.6594 0))",2724432,Verde,Línea,2
"MULTILINESTRING Z ((439903.3223 4470286.9094 0,439904.8223 4470274.4094 0))",2724433,Verde,Línea,3
"MULTILINESTRING Z ((439911.3223 4470221.4094 0,439910.989 4470226.1594 0))",2724436,Verde,Línea,1
"MULTILINESTRING Z ((439909.5723 4470211.9094 0,439911.3223 4470196.8261 0))",2724437,Verde,Línea,3
"MULTILINESTRING Z ((439912.1557 4470192.3261 0,439915.9057 4470163.7427 0))",2724438,Verde,Línea,6
"MULTILINESTRING Z ((439924.0723 4470128.8261 0,439921.5723 4470148.9094 0))",2724440,Verde,Línea,4
"MULTILINESTRING Z ((439922.0723 4470117.4927 0,439919.739 4470137.6594 0))",2724441,Verde,Línea,4
"MULTILINESTRING Z ((439926.1557 4470086.2427 0,439923.0723 4470109.4094 0))",2724442,Verde,Línea,4
"MULTILINESTRING Z ((439929.4057 4470086.7011 0,439926.4057 4470112.5761 0))",2724443,Verde,Línea,5
"MULTILINESTRING Z ((439920.4057 4470219.0761 0,439931.5723 4470220.4094 0))",2724444,Verde,Línea,2
"MULTILINESTRING Z ((439954.3223 4470223.0761 0,439939.739 4470221.3261 0))",2724445,Verde,Línea,3
"MULTILINESTRING Z ((439969.4179 4470184.5754 0,439970.0429 4470179.0754 0))",2724449,Verde,Línea,1
"MULTILINESTRING Z ((439975.6557 4470138.8261 0,439972.3223 4470163.9927 0))",2724451,Verde,Línea,5
"MULTILINESTRING Z ((439970.0723 4470153.5761 0,439971.989 4470138.4927 0))",2724452,Verde,Línea,3
"MULTILINESTRING Z ((439974.9057 4470116.2011 0,439976.0307 4470106.7011 0))",2724453,Verde,Línea,2
"MULTILINESTRING Z ((439976.9057 4470101.0761 0,439978.1557 4470090.8261 0))",2724454,Verde,Línea,2
"MULTILINESTRING Z ((439978.6557 4470116.5761 0,439982.1557 4470091.4511 0))",2724455,Verde,Línea,5
"MULTILINESTRING Z ((439929.4057 4470124.4927 0,439969.5723 4470129.8261 0))",2724456,Verde,Línea,9
"MULTILINESTRING Z ((439929.489 4470120.9094 0,439934.739 4470121.4927 0))",2724457,Verde,Línea,1
"MULTILINESTRING Z ((439955.3223 4470124.6594 0,439944.3223 4470123.3261 0))",2724458,Verde,Línea,2
"MULTILINESTRING Z ((439959.4057 4470125.2427 0,439969.9057 4470126.6594 0))",2724459,Verde,Línea,2
"MULTILINESTRING Z ((439980.489 4470132.0761 0,440018.8223 4470137.0761 0))",2724460,Verde,Línea,8
"MULTILINESTRING Z ((439980.5958 4470128.1132 0,440005.3407 4470131.6761 0))",2724461,Verde,Línea,5
"MULTILINESTRING Z ((440019.1394 4470133.5929 0,440009.2147 4470132.3677 0))",2724462,Verde,Línea,2
"MULTILINESTRING Z ((440004.8956 4470270.1204 0,440003.5263 4470280.0262 0))",2724464,Verde,Línea,2
"MULTILINESTRING Z ((440005.4057 4470265.5761 0,440006.6557 4470254.2427 0))",2724465,Verde,Línea,2
"MULTILINESTRING Z ((440008.9283 4470238.8904 0,440007.4219 4470249.7868 0))",2724466,Verde,Línea,2
"MULTILINESTRING Z ((440010.6557 4470223.1594 0,440011.5723 4470217.4094 0))",2724467,Verde,Línea,1
"MULTILINESTRING Z ((440017.1557 4470173.7427 0,440014.9057 4470190.2427 0))",2724469,Verde,Línea,3
"MULTILINESTRING Z ((440021.739 4470143.3261 0,440018.0723 4470169.9094 0))",2724470,Verde,Línea,5
"MULTILINESTRING Z ((440022.989 4470130.3261 0,440024.989 4470113.9094 0))",2724471,Verde,Línea,3
"MULTILINESTRING Z ((440025.1256 4470107.8314 0,440026.6094 4470096.9319 0))",2724472,Verde,Línea,2
"MULTILINESTRING Z ((440026.239 4470130.5761 0,440029.989 4470096.9927 0))",2724473,Verde,Línea,7
"MULTILINESTRING Z ((440023.5723 4470183.6594 0,440029.4057 4470184.3261 0))",2724474,Verde,Línea,1
"MULTILINESTRING Z ((440044.739 4470139.6594 0,440029.5723 4470138.2427 0))",2724477,Verde,Línea,3
"MULTILINESTRING Z ((440049.9057 4470140.0761 0,440079.3223 4470142.8261 0))",2724478,Verde,Línea,7
"MULTILINESTRING Z ((440039.6557 4470135.8261 0,440029.9057 4470134.8261 0))",2724479,Verde,Línea,2
"MULTILINESTRING Z ((440059.239 4470137.6594 0,440070.9057 4470138.5761 0))",2724480,Verde,Línea,2
"MULTILINESTRING Z ((440075.239 4470138.9094 0,440079.989 4470139.3261 0))",2724481,Verde,Línea,1
"MULTILINESTRING Z ((440030.6557 4470233.0761 0,440050.489 4470235.7427 0))",2724482,Verde,Línea,4
"MULTILINESTRING Z ((440055.5723 4470236.4094 0,440065.5723 4470237.7427 0))",2724483,Verde,Línea,2
"MULTILINESTRING Z ((440038.489 4470278.1594 0,440027.989 4470276.9094 0))",2724486,Verde,Línea,2
"MULTILINESTRING Z ((440062.8223 4470280.6594 0,440043.1557 4470278.3261 0))",2724487,Verde,Línea,4
"MULTILINESTRING Z ((440066.6979 4470291.4009 0,440061.7033 4470329.0028 0))",2724488,Verde,Línea,8
"MULTILINESTRING Z ((440070.3223 4470263.2427 0,440071.5723 4470253.2427 0))",2724489,Verde,Línea,2
"MULTILINESTRING Z ((440072.489 4470248.2427 0,440073.239 4470242.0761 0))",2724490,Verde,Línea,1
"MULTILINESTRING Z ((440078.989 4470196.5761 0,440077.9057 4470207.2427 0))",2724491,Verde,Línea,2
"MULTILINESTRING Z ((440079.739 4470191.0761 0,440080.989 4470180.6594 0))",2724492,Verde,Línea,2
"MULTILINESTRING Z ((440085.239 4470148.9927 0,440082.0723 4470174.7427 0))",2724493,Verde,Línea,5
"MULTILINESTRING Z ((440095.6557 4470460.5761 0,440092.239 4470486.9927 0))",2724496,Verde,Línea,5
"MULTILINESTRING Z ((440088.1427 4470481.6751 0,440089.5715 4470471.7777 0))",2724497,Verde,Línea,2
"MULTILINESTRING Z ((440094.1966 4470435.0801 0,440091.0544 4470459.8819 0))",2724498,Verde,Línea,5
"MULTILINESTRING Z ((440097.0723 4470444.5761 0,440101.0723 4470415.4927 0))",2724499,Verde,Línea,6
"MULTILINESTRING Z ((440095.1557 4470431.1594 0,440098.239 4470406.6594 0))",2724500,Verde,Línea,5
"MULTILINESTRING Z ((440103.1557 4470398.3261 0,440101.5723 4470411.4927 0))",2724501,Verde,Línea,3
"MULTILINESTRING Z ((440099.8223 4470396.2427 0,440102.739 4470374.3261 0))",2724502,Verde,Línea,4
"MULTILINESTRING Z ((440104.8223 4470389.9094 0,440106.989 4470374.0761 0))",2724503,Verde,Línea,3
"MULTILINESTRING Z ((440106.5723 4470344.8261 0,440103.4057 4470369.3261 0))",2724504,Verde,Línea,5
"MULTILINESTRING Z ((440108.0723 4470362.9094 0,440111.489 4470338.1594 0))",2724505,Verde,Línea,5
"MULTILINESTRING Z ((440111.1557 4470310.8261 0,440112.4057 4470300.9927 0))",2724508,Verde,Línea,2
"MULTILINESTRING Z ((440121.239 4470260.8261 0,440119.0723 4470277.8261 0))",2724511,Verde,Línea,3
"MULTILINESTRING Z ((440111.6557 4470397.3261 0,440130.739 4470399.9927 0))",2724512,Verde,Línea,4
"MULTILINESTRING Z ((440140.239 4470401.1594 0,440134.8223 4470400.5761 0))",2724513,Verde,Línea,1
"MULTILINESTRING Z ((440112.0112 4470394.4189 0,440142.0575 4470398.2456 0))",2724514,Verde,Línea,6
"MULTILINESTRING Z ((440124.9057 4470292.9927 0,440145.489 4470295.6594 0))",2724515,Verde,Línea,4
"MULTILINESTRING Z ((440136.239 4470291.4094 0,440131.0723 4470290.8261 0))",2724516,Verde,Línea,1
"MULTILINESTRING Z ((440148.9057 4470293.2427 0,440154.4057 4470293.9927 0))",2724517,Verde,Línea,1
"MULTILINESTRING Z ((440116.1557 4470271.5761 0,440117.739 4470260.6594 0))",2724518,Verde,Línea,2
"MULTILINESTRING Z ((440134.739 4470513.5761 0,440136.1557 4470502.6594 0))",2724525,Verde,Línea,2
"MULTILINESTRING Z ((440142.489 4470456.7427 0,440144.8223 4470440.6594 0))",2724527,Verde,Línea,3
"MULTILINESTRING Z ((440145.3223 4470434.4927 0,440148.4057 4470411.7427 0))",2724528,Verde,Línea,4
"MULTILINESTRING Z ((440158.489 4470339.4094 0,440159.0723 4470333.7427 0))",2724531,Verde,Línea,1
"MULTILINESTRING Z ((440160.3223 4470323.5761 0,440161.5723 4470313.8261 0))",2724532,Verde,Línea,2
"MULTILINESTRING Z ((439914.1557 4470069.0761 0,439924.489 4470070.0761 0))",2724533,Verde,Línea,2
"MULTILINESTRING Z ((439929.9057 4470070.8261 0,439934.8223 4470071.4094 0))",2724535,Verde,Línea,1
"MULTILINESTRING Z ((439941.0723 4470071.9927 0,439959.9057 4470074.3261 0))",2724536,Verde,Línea,4
"MULTILINESTRING Z ((439968.0723 4470082.4094 0,439948.489 4470079.9094 0))",2724537,Verde,Línea,4
"MULTILINESTRING Z ((440008.0723 4470032.6594 0,439985.9057 4470065.2427 0))",2724538,Verde,Línea,8
"MULTILINESTRING Z ((439982.4002 4470063.5009 0,440008.2262 4470026.196 0,440014.8559 4470024.5196 0,440021.0863 4470027.5531 0,440025.1343 4470030.4879 0))",2724539,Verde,Línea,14
"MULTILINESTRING Z ((439993.239 4470085.4094 0,439998.5723 4470086.0761 0))",2724540,Verde,Línea,1
"MULTILINESTRING Z ((440017.1557 4470088.3261 0,440009.0723 4470087.4094 0))",2724542,Verde,Línea,2
"MULTILINESTRING Z ((440049.739 4470085.0761 0,440019.9057 4470081.6594 0))",2724543,Verde,Línea,6
"MULTILINESTRING Z ((440086.239 4470096.7427 0,440051.3223 4470092.7427 0))",2724544,Verde,Línea,6
"MULTILINESTRING Z ((440087.0723 4470089.6594 0,440065.989 4470087.1594 0))",2724545,Verde,Línea,4
"MULTILINESTRING Z ((440049.8223 4470047.1594 0,440036.6557 4470037.9927 0))",2724546,Verde,Línea,3
"MULTILINESTRING Z ((440062.4057 4470061.3261 0,440024.8223 4470035.0761 0))",2724547,Verde,Línea,10
"MULTILINESTRING Z ((440094.739 4470083.0761 0,440069.6557 4470065.9094 0))",2724549,Verde,Línea,7
"MULTILINESTRING Z ((440083.9057 4470136.4927 0,440085.9057 4470120.9927 0))",2724550,Verde,Línea,3
"MULTILINESTRING Z ((440096.7718 4470108.7041 0,440090.7506 4470117.5207 0,440089.0377 4470122.4763 0,440087.5495 4470136.7317 0))",2724551,Verde,Línea,6
"MULTILINESTRING Z ((440093.489 4470107.3261 0,440087.8223 4470115.6594 0))",2724552,Verde,Línea,2
"MULTILINESTRING Z ((440112.0307 4469976.5761 0,440102.6557 4469989.7011 0))",2724555,Verde,Línea,3
"MULTILINESTRING Z ((440118.0307 4469974.4511 0,440121.2807 4469969.8261 0))",2724556,Verde,Línea,1
"MULTILINESTRING Z ((440114.9057 4469971.8261 0,440118.1557 4469967.3261 0))",2724557,Verde,Línea,1
"MULTILINESTRING Z ((440164.4057 4470003.0761 0,440167.1557 4469998.5761 0))",2724562,Verde,Línea,1
"MULTILINESTRING Z ((440181.4057 4469983.9511 0,440172.2807 4469996.8261 0))",2724563,Verde,Línea,3
"MULTILINESTRING Z ((440181.989 4469977.2427 0,440173.3223 4469988.9094 0))",2724564,Verde,Línea,3
"MULTILINESTRING Z ((440089.6557 4470140.6594 0,440094.3223 4470143.3261 0))",2724565,Verde,Línea,1
"MULTILINESTRING Z ((440111.3223 4470104.4094 0,440125.8223 4470114.6594 0))",2724569,Verde,Línea,3
"MULTILINESTRING Z ((440115.4057 4470098.7427 0,440120.239 4470102.3261 0))",2724570,Verde,Línea,1
"MULTILINESTRING Z ((440133.739 4470119.8261 0,440138.489 4470122.9927 0))",2724571,Verde,Línea,1
"MULTILINESTRING Z ((440142.9057 4470141.7427 0,440135.8223 4470152.6594 0,440135.3223 4470156.8261 0))",2724573,Verde,Línea,3
"MULTILINESTRING Z ((440139.9057 4470138.8261 0,440133.6557 4470147.3261 0))",2724574,Verde,Línea,2
"MULTILINESTRING Z ((440165.489 4470189.0761 0,440169.8223 4470191.8261 0))",2724576,Verde,Línea,1
"MULTILINESTRING Z ((440191.2807 4470173.9511 0,440182.5307 4470186.4511 0))",2724577,Verde,Línea,3
"MULTILINESTRING Z ((440188.5307 4470171.4511 0,440181.6557 4470181.2011 0))",2724578,Verde,Línea,2
"MULTILINESTRING Z ((440158.9001 4470137.6026 0,440167.1209 4470143.2964 0))",2724579,Verde,Línea,2
"MULTILINESTRING Z ((440162.8223 4470131.5761 0,440171.0723 4470137.3261 0))",2724580,Verde,Línea,2
"MULTILINESTRING Z ((440189.9057 4470150.3261 0,440177.489 4470141.7427 0))",2724581,Verde,Línea,3
"MULTILINESTRING Z ((440300.1464 4481672.1316 0,440323.455 4481681.1687 0))",2724583,Verde,Línea,5
"MULTILINESTRING Z ((440185.9 4470156.3029 0,440177.6793 4470150.6091 0))",2724584,Verde,Línea,2
"MULTILINESTRING Z ((440228.989 4470010.2427 0,440231.739 4470005.8261 0))",2724589,Verde,Línea,1
"MULTILINESTRING Z ((440232.5723 4470012.8261 0,440235.1557 4470008.5761 0))",2724590,Verde,Línea,1
"MULTILINESTRING Z ((440240.4057 4470000.2011 0,440238.5307 4470000.3261 0,440235.5307 4470001.8261 0))",2724591,Verde,Línea,1
"MULTILINESTRING Z ((440278.1557 4470029.7011 0,440245.0307 4470006.7011 0))",2724592,Verde,Línea,9
"MULTILINESTRING Z ((440245.1557 4470002.0761 0,440282.9057 4470028.0761 0))",2724593,Verde,Línea,10
"MULTILINESTRING Z ((440285.1557 4470039.8261 0,440286.6557 4470035.0761 0,440286.4057 4470033.7011 0))",2724594,Verde,Línea,1
"MULTILINESTRING Z ((440279.0723 4470047.4927 0,440282.0723 4470042.9927 0))",2724595,Verde,Línea,1
"MULTILINESTRING Z ((440275.239 4470045.2427 0,440278.0723 4470040.9927 0))",2724596,Verde,Línea,1
"MULTILINESTRING Z ((440195.1263 4470207.6553 0,440211.6798 4470219.6834 0))",2724598,Verde,Línea,4
"MULTILINESTRING Z ((440229.739 4470229.4094 0,440231.4057 4470217.9094 0,440238.0723 4470207.2427 0))",2724600,Verde,Línea,5
"MULTILINESTRING Z ((440235.5723 4470205.4094 0,440232.489 4470209.9927 0))",2724601,Verde,Línea,1
"MULTILINESTRING Z ((440207.1557 4470170.7011 0,440212.1557 4470174.2011 0))",2724602,Verde,Línea,1
"MULTILINESTRING Z ((440233.7807 4470189.2011 0,440217.1557 4470177.7011 0))",2724603,Verde,Línea,4
"MULTILINESTRING Z ((440232.1557 4470179.5761 0,440219.5307 4470171.2011 0))",2724604,Verde,Línea,3
"MULTILINESTRING Z ((440254.1557 4470203.2011 0,440270.7807 4470214.9511 0))",2724605,Verde,Línea,4
"MULTILINESTRING Z ((440248.9057 4470248.6594 0,440236.739 4470239.7427 0))",2724607,Verde,Línea,3
"MULTILINESTRING Z ((440310.989 4470293.9094 0,440262.1557 4470258.6594 0))",2724608,Verde,Línea,13
"MULTILINESTRING Z ((440354.7807 4470140.5761 0,440357.7807 4470136.0761 0))",2724613,Verde,Línea,1
"MULTILINESTRING Z ((440351.9057 4470138.7011 0,440354.7807 4470134.0761 0))",2724614,Verde,Línea,1
"MULTILINESTRING Z ((440361.1557 4470132.4094 0,440362.6557 4470130.4927 0,440362.739 4470129.5761 0,440362.739 4470127.4094 0))",2724615,Verde,Línea,1
"MULTILINESTRING Z ((440307.6557 4470107.4927 0,440310.739 4470103.0761 0))",2724616,Verde,Línea,1
"MULTILINESTRING Z ((440311.4057 4470096.4094 0,440320.1557 4470083.8261 0))",2724617,Verde,Línea,3
"MULTILINESTRING Z ((440328.989 4470077.1594 0,440320.6557 4470089.6594 0))",2724618,Verde,Línea,3
"MULTILINESTRING Z ((440321.239 4470098.8261 0,440359.1557 4470124.9094 0))",2724620,Verde,Línea,10
"MULTILINESTRING Z ((440360.489 4470121.9927 0,440327.239 4470098.0761 0))",2724621,Verde,Línea,9
"MULTILINESTRING Z ((440334.4057 4470259.0761 0,440321.7807 4470250.0761 0))",2724625,Verde,Línea,3
"MULTILINESTRING Z ((440305.9057 4470231.0761 0,440327.5307 4470245.8261 0))",2724626,Verde,Línea,5
"MULTILINESTRING Z ((440297.4057 4470233.4511 0,440310.2807 4470242.4511 0))",2724627,Verde,Línea,3
"MULTILINESTRING Z ((440531.8779 4471072.3556 0,440534.2664 4471063.5452 0,440534.8332 4471058.1844 0,440538.0423 4471021.8961 0))",2724632,Verde,Línea,11
"MULTILINESTRING Z ((440233.5723 4470933.8261 0,440236.3223 4470909.5761 0))",2724634,Verde,Línea,5
"MULTILINESTRING Z ((440385.9024 4471036.3059 0,440422.3976 4471047.8944 0))",2724641,Verde,Línea,8
"MULTILINESTRING Z ((440384.1557 4471039.3261 0,440421.0307 4471051.0761 0))",2724642,Verde,Línea,8
"MULTILINESTRING Z ((440013.7812 4471071.9914 0,440026.3374 4471105.256 0))",2724646,Verde,Línea,7
"MULTILINESTRING Z ((440369.6881 4471365.629 0,440348.4535 4471390.43 0))",2724652,Azul,Línea,7
"MULTILINESTRING Z ((440533.0307 4471178.0761 0,440511.0307 4471203.0761 0))",2724656,Azul,Línea,7
"MULTILINESTRING Z ((440539.4057 4471201.8261 0,440544.4057 4471195.7011 0))",2724657,Azul,Línea,2
"MULTILINESTRING Z ((440544.9057 4471164.2011 0,440533.4057 4471177.9511 0))",2724658,Azul,Línea,4
"MULTILINESTRING Z ((440185.3024 4471364.2681 0,440237.036 4471303.894 0))",2724661,Verde,Línea,16
"MULTILINESTRING Z ((440129.6314 4471286.7224 0,440125.8033 4471277.7538 0))",2724663,Azul,Batería,3
"MULTILINESTRING Z ((442583.1557 4479639.2427 0,442617.739 4479643.5761 0))",2724665,Verde,Línea,7
"MULTILINESTRING Z ((440283.6557 4471079.9094 0,440330.5723 4471112.4094 0))",2724666,Verde,Línea,12
"MULTILINESTRING Z ((440226.002 4471002.0042 0,440222.4881 4471031.8531 0,440223.077 4471036.2085 0,440224.2965 4471038.8969 0,440227.9479 4471042.0359 0,440230.8925 4471043.9978 0,440251.1253 4471058.1009 0))",2724670,Verde,Línea,14
"MULTILINESTRING Z ((439698.5206 4471231.7571 0,439707.0307 4471230.2771 0,439712.0875 4471229.6604 0,439719.2409 4471230.0304 0,439724.5443 4471230.6471 0,439746.8679 4471233.8538 0))",2724675,Verde,Línea,11
"MULTILINESTRING Z ((439587.2725 4471123.839 0,439601.2093 4471155.5361 0,439613.5428 4471182.6698 0))",2724677,Verde,Línea,14
"MULTILINESTRING Z ((439588.839 4471107.668 0,439614.6522 4471096.7062 0))",2724678,Verde,Línea,5
"MULTILINESTRING Z ((439704.0723 4471063.9094 0,439774.239 4471042.4094 0))",2724679,Verde,Línea,14
"MULTILINESTRING Z ((439780.1557 4471040.5761 0,439847.0723 4471019.9927 0))",2724682,Verde,Línea,17
"MULTILINESTRING Z ((440042.5165 4471399.7472 0,440075.8734 4471385.8387 0))",2724688,Verde,Batería,13
"MULTILINESTRING Z ((442172.6557 4477990.7427 0,442191.0723 4478028.4094 0))",2724694,Azul,Línea,10
"MULTILINESTRING Z ((439731.3964 4470784.2969 0,439725.2283 4470828.8737 0))",2724697,Verde,Línea,10
"MULTILINESTRING Z ((440349.4057 4471477.6594 0,440382.739 4471507.0761 0))",2724698,Verde,Batería,15
"MULTILINESTRING Z ((440146.9834 4470843.0939 0,440138.4195 4470908.5359 0))",2724701,Verde,Línea,14
"MULTILINESTRING Z ((439681.989 4471025.8261 0,439760.1557 4471001.7427 0))",2724721,Verde,Línea,17
"MULTILINESTRING Z ((440388.4057 4471264.9927 0,440419.1557 4471229.4927 0))",2724724,Verde,Línea,10
"MULTILINESTRING Z ((440278.489 4471373.7427 0,440304.4057 4471343.5761 0))",2724726,Azul,Batería,17
"MULTILINESTRING Z ((440283.989 4471383.9094 0,440340.6557 4471318.4094 0))",2724727,Verde,Línea,18
"MULTILINESTRING Z ((440342.739 4471130.4094 0,440294.4057 4471187.0761 0))",2724733,Verde,Línea,14
"MULTILINESTRING Z ((440390.6557 4471013.5761 0,440396.4057 4471006.2011 0))",2724736,Verde,Línea,2
"MULTILINESTRING Z ((439709.4057 4470911.5761 0,439644.0307 4470911.8261 0))",2724741,Verde,Línea,14
"MULTILINESTRING Z ((439674.1623 4470858.1725 0,439696.4208 4470796.2119 0))",2724745,Verde,Línea,15
"MULTILINESTRING Z ((440533.5307 4471389.4511 0,440503.1557 4471434.2011 0))",2724747,Azul,Línea,11
"MULTILINESTRING Z ((440468.9057 4471490.0761 0,440531.9057 4471399.3261 0))",2724748,Azul,Línea,16
"MULTILINESTRING Z ((440573.1808 4471328.0273 0,440537.23 4471384.9565 0))",2724749,Azul,Línea,15
"MULTILINESTRING Z ((439852.489 4470792.7427 0,439913.1557 4470800.8261 0))",2724750,Azul,Línea,14
"MULTILINESTRING Z ((440228.239 4471148.4927 0,440266.0723 4471181.1594 0))",2724756,Verde,Batería,19
"MULTILINESTRING Z ((440125.5599 4471225.3406 0,440209.071 4471130.6729 0))",2724767,Azul,Batería,53
"MULTILINESTRING Z ((440032.6557 4470938.5761 0,440043.9057 4470853.0761 0))",2724771,Verde,Línea,18
"MULTILINESTRING Z ((440082.6557 4470920.3261 0,440085.4057 4470898.5761 0))",2724775,Verde,Línea,4
"MULTILINESTRING Z ((440340.9057 4470914.4094 0,440333.1557 4470971.9094 0))",2724776,Verde,Línea,12
"MULTILINESTRING Z ((439729.231 4471139.7492 0,439690.2572 4471156.6461 0))",2724790,Verde,Batería,16
"MULTILINESTRING Z ((439539.989 4470988.0761 0,439596.6557 4470979.7427 0))",2724792,Verde,Línea,12
"MULTILINESTRING Z ((440183.3223 4470929.5761 0,440193.3223 4470849.9094 0))",2724801,Verde,Línea,17
"MULTILINESTRING Z ((439608.5723 4470962.6594 0,439604.1557 4470917.4927 0))",2724802,Verde,Batería,16
"MULTILINESTRING Z ((439539.989 4470941.8261 0,439594.8223 4470936.5761 0))",2724805,Verde,Línea,12
"MULTILINESTRING Z ((440497.0307 4471269.5761 0,440535.7807 4471295.2011 0))",2724806,Azul,Línea,10
"MULTILINESTRING Z ((439751.8013 4471354.4754 0,439793.9819 4471375.9357 0,439818.4022 4471388.8859 0))",2724808,Verde,Línea,16
"MULTILINESTRING Z ((440205.6081 4471408.1546 0,440255.2982 4471404.229 0))",2724813,Verde,Línea,11
"MULTILINESTRING Z ((440205.2312 4471400.5708 0,440251.826 4471397.5083 0))",2724814,Verde,Batería,18
"MULTILINESTRING Z ((440198.0273 4471775.2533 0,440224.9965 4471760.2064 0))",2724817,Verde,Línea,7
"MULTILINESTRING Z ((440535.9057 4471066.9927 0,440537.239 4471060.9094 0,440537.9057 4471051.8261 0,440540.239 4471025.9094 0))",2724818,Verde,Línea,8
"MULTILINESTRING Z ((440246.6038 4470855.4051 0,440242.809 4470886.1719 0))",2724819,Verde,Línea,6
"MULTILINESTRING Z ((440188.239 4470982.2427 0,440218.1557 4470988.2427 0))",2724822,Verde,Línea,6
"MULTILINESTRING Z ((440240.8021 4470994.8044 0,440266.3022 4471002.6047 0))",2724823,Verde,Línea,5
"MULTILINESTRING Z ((440363.2023 4471033.2057 0,440337.9129 4471025.2574 0))",2724826,Verde,Línea,5
"MULTILINESTRING Z ((440443.0307 4471058.0761 0,440461.4057 4471063.7011 0))",2724828,Verde,Línea,4
"MULTILINESTRING Z ((440471.9057 4471067.2011 0,440502.7807 4471076.8261 0))",2724829,Verde,Línea,7
"MULTILINESTRING Z ((440442.4057 4471054.0761 0,440466.5307 4471061.8261 0))",2724830,Verde,Línea,5
"MULTILINESTRING Z ((440519.5307 4471078.2011 0,440483.9057 4471067.2011 0))",2724831,Verde,Línea,7
"MULTILINESTRING Z ((439975.239 4470947.2427 0,439981.739 4470968.3261 0))",2724834,Verde,Línea,5
"MULTILINESTRING Z ((440001.0723 4471030.1594 0,440008.9057 4471055.9094 0))",2724835,Verde,Línea,5
"MULTILINESTRING Z ((440287.989 4471459.2427 0,440300.989 4471444.4927 0))",2724840,Azul,Línea,4
"MULTILINESTRING Z ((440287.8223 4471489.7427 0,440315.0723 4471459.4927 0))",2724841,Azul,Línea,8
"MULTILINESTRING Z ((440472.6557 4471247.5761 0,440488.7807 4471228.8261 0))",2724842,Azul,Línea,5
"MULTILINESTRING Z ((440602.1557 4471129.8261 0,440618.1557 4471111.2011 0))",2724843,Azul,Línea,5
"MULTILINESTRING Z ((440538.9057 4471202.0761 0,440514.4057 4471229.9511 0))",2724844,Azul,Línea,8
"MULTILINESTRING Z ((440028.3989 4471217.6061 0,440057.9154 4471205.4246 0))",2724845,Verde,Línea,6
"MULTILINESTRING Z ((439815.5754 4471114.1429 0,439824.8346 4471134.9945 0))",2724846,Verde,Línea,5
"MULTILINESTRING Z ((440158.7247 4471352.5651 0,440173.162 4471385.8146 0))",2724850,Verde,Línea,7
"MULTILINESTRING Z ((440162.2247 4471337.7997 0,440157.1935 4471326.2062 0))",2724851,Verde,Batería,5
"MULTILINESTRING Z ((440285.6701 4471077.4728 0,440306.4346 4471091.8323 0))",2724853,Verde,Línea,6
"MULTILINESTRING Z ((440415.6557 4471165.6594 0,440446.0723 4471186.5761 0))",2724854,Verde,Línea,8
"MULTILINESTRING Z ((440456.5307 4471193.3261 0,440489.7807 4471216.2011 0))",2724855,Verde,Línea,8
"MULTILINESTRING Z ((440035.5622 4471421.4351 0,440027.4292 4471401.751 0))",2724856,Verde,Línea,4
"MULTILINESTRING Z ((439990.0648 4471312.4063 0,440002.7946 4471342.6397 0))",2724859,Verde,Línea,6
"MULTILINESTRING Z ((439994.4849 4471310.1079 0,440002.6178 4471328.6723 0))",2724860,Verde,Línea,4
"MULTILINESTRING Z ((439960.5976 4471228.4837 0,439948.2213 4471199.7236 0))",2724896,Verde,Línea,5
"MULTILINESTRING Z ((439622.0475 4471202.4733 0,439629.7343 4471219.8835 0))",2724915,Verde,Línea,4
"MULTILINESTRING Z ((439567.8583 4471080.3224 0,439578.938 4471106.1357 0))",2724918,Verde,Línea,5
"MULTILINESTRING Z ((439748.5946 4471088.5652 0,439788.9252 4471070.6816 0))",2724923,Verde,Línea,8
"MULTILINESTRING Z ((439826.8223 4471053.9094 0,439802.1557 4471064.9927 0))",2724925,Verde,Línea,5
"MULTILINESTRING Z ((439661.9177 4471077.0221 0,439691.6207 4471067.5926 0))",2724927,Verde,Línea,6
"MULTILINESTRING Z ((439786.4838 4471049.2181 0,439793.9532 4471065.9443 0))",2724928,Verde,Línea,4
"MULTILINESTRING Z ((440077.7322 4471389.8393 0,440093.4899 4471382.8177 0))",2724929,Verde,Batería,7
"MULTILINESTRING Z ((439755.4057 4470967.1594 0,439762.989 4470991.6594 0))",2724930,Verde,Línea,5
"MULTILINESTRING Z ((439766.3223 4470990.9094 0,439758.739 4470966.6594 0))",2724931,Verde,Línea,5
"MULTILINESTRING Z ((439758.489 4470823.1594 0,439762.8223 4470789.5761 0))",2724933,Verde,Línea,6
"MULTILINESTRING Z ((439755.8223 4470842.9927 0,439751.989 4470871.2427 0))",2724934,Verde,Línea,6
"MULTILINESTRING Z ((439573.9057 4470862.5761 0,439553.3223 4470862.9927 0))",2724936,Verde,Línea,4
"MULTILINESTRING Z ((440040.9975 4471336.3396 0,440017.9861 4471346.1108 0))",2724938,Verde,Línea,5
"MULTILINESTRING Z ((440046.2522 4471333.8208 0,440083.1734 4471318.4316 0))",2724939,Verde,Línea,8
"MULTILINESTRING Z ((439717.6557 4470883.6594 0,439720.4057 4470863.6594 0))",2724944,Verde,Línea,4
"MULTILINESTRING Z ((440370.9429 4471488.3761 0,440388.9498 4471504.4919 0))",2724945,Verde,Línea,5
"MULTILINESTRING Z ((440411.2323 4471532.8589 0,440395.8566 4471518.5521 0))",2724946,Verde,Batería,8
"MULTILINESTRING Z ((440340.8223 4471469.6594 0,440348.8223 4471476.9927 0))",2724947,Verde,Batería,4
"MULTILINESTRING Z ((439902.0233 4471384.0758 0,439891.5399 4471388.6392 0))",2724948,Verde,Batería,4
"MULTILINESTRING Z ((439902.1467 4471384.0758 0,439905.97 4471393.3259 0))",2724949,Verde,Batería,4
"MULTILINESTRING Z ((439896.9666 4471396.4093 0,439907.8201 4471397.6427 0))",2724950,Verde,Batería,5
"MULTILINESTRING Z ((439907.4501 4471401.2194 0,439917.1935 4471402.2061 0))",2724951,Verde,Batería,4
"MULTILINESTRING Z ((440141.0562 4470863.21 0,440143.9034 4470842.4039 0))",2724953,Verde,Línea,4
"MULTILINESTRING Z ((439851.4459 4471060.3372 0,439857.4972 4471074.627 0))",2724954,Verde,Batería,6
"MULTILINESTRING Z ((439847.5818 4471035.4028 0,439852.3937 4471050.8592 0))",2724956,Verde,Batería,6
"MULTILINESTRING Z ((439833.362 4470835.6402 0,439836.1687 4470815.8381 0))",2724957,Verde,Línea,4
"MULTILINESTRING Z ((439826.489 4470886.9927 0,439831.8223 4470849.5761 0))",2724960,Verde,Línea,7
"MULTILINESTRING Z ((439641.1698 4471226.2071 0,439680.267 4471208.4468 0))",2724961,Verde,Línea,8
"MULTILINESTRING Z ((439649.68 4471227.3171 0,439681.007 4471213.3802 0))",2724963,Verde,Línea,5
"MULTILINESTRING Z ((440003.0991 4471069.3677 0,439979.3922 4471079.8624 0))",2724964,Verde,Línea,5
"MULTILINESTRING Z ((439734.1989 4471067.498 0,439742.1036 4471085.8696 0))",2724965,Verde,Línea,4
"MULTILINESTRING Z ((439748.2567 4471099.1278 0,439759.474 4471123.3139 0))",2724966,Verde,Línea,6
"MULTILINESTRING Z ((439804.9587 4471108.1755 0,439765.9848 4471125.319 0))",2724967,Verde,Línea,7
"MULTILINESTRING Z ((439730.9577 4471073.5184 0,439735.2744 4471083.8785 0))",2724968,Verde,Batería,4
"MULTILINESTRING Z ((439635.739 4471040.3261 0,439659.989 4471032.9094 0))",2724969,Verde,Línea,5
"MULTILINESTRING Z ((440442.9057 4471197.4094 0,440423.9057 4471219.3261 0))",2724972,Verde,Línea,5
"MULTILINESTRING Z ((440445.5013 4471199.421 0,440422.4438 4471225.7526 0))",2724973,Verde,Línea,7
"MULTILINESTRING Z ((440385.5322 4471262.8847 0,440408.5236 4471236.4954 0))",2724974,Verde,Línea,7
"MULTILINESTRING Z ((440528.7486 4471098.4084 0,440512.3391 4471116.6956 0))",2724979,Verde,Línea,5
"MULTILINESTRING Z ((440490.2807 4471142.0761 0,440467.6557 4471167.9511 0))",2724981,Verde,Línea,7
"MULTILINESTRING Z ((440578.1984 4471045.6963 0,440554.8835 4471074.4264 0))",2724982,Verde,Línea,7
"MULTILINESTRING Z ((440335.6557 4471132.8261 0,440321.989 4471148.6594 0))",2724983,Verde,Línea,4
"MULTILINESTRING Z ((439840.902 4470842.8003 0,439865.6736 4470846.1716 0))",2724986,Verde,Línea,5
"MULTILINESTRING Z ((439534.1557 4470905.5761 0,439552.5723 4470905.4094 0))",2724987,Verde,Batería,7
"MULTILINESTRING Z ((439618.4057 4470908.9511 0,439655.5307 4470908.9511 0))",2724988,Verde,Línea,8
"MULTILINESTRING Z ((439670.2807 4470908.8261 0,439708.9057 4470908.5761 0))",2724989,Verde,Línea,7
"MULTILINESTRING Z ((439764.6557 4470916.9927 0,439795.4057 4470914.8261 0))",2724990,Verde,Línea,7
"MULTILINESTRING Z ((439616.7495 4471248.654 0,439626.9863 4471256.4241 0,439635.4964 4471262.2209 0,439640.3065 4471265.4276 0,439645.2399 4471267.7709 0))",2724992,Verde,Línea,7
"MULTILINESTRING Z ((440414.1102 4471563.1993 0,440404.1611 4471578.2462 0))",2724997,Verde,Línea,4
"MULTILINESTRING Z ((440598.0307 4471290.3261 0,440612.2807 4471263.7011 0))",2724998,Verde,Línea,6
"MULTILINESTRING Z ((440641.0307 4471211.5761 0,440653.6557 4471193.4511 0))",2725000,Verde,Línea,5
"MULTILINESTRING Z ((440681.4812 4471156.751 0,440666.4713 4471175.9359 0))",2725001,Verde,Línea,5
"MULTILINESTRING Z ((439603.6617 4470757.055 0,439644.3631 4470762.597 0))",2725002,Azul,Línea,8
"MULTILINESTRING Z ((440005.6557 4470813.8261 0,440025.6557 4470816.4094 0))",2725004,Azul,Línea,4
"MULTILINESTRING Z ((440054.6633 4470820.3329 0,440087.1034 4470824.9033 0))",2725005,Azul,Línea,6
"MULTILINESTRING Z ((440205.5037 4470841.3046 0,440233.2038 4470845.1049 0))",2725006,Azul,Línea,5
"MULTILINESTRING Z ((440270.489 4470850.0761 0,440290.739 4470852.8261 0))",2725007,Azul,Línea,4
"MULTILINESTRING Z ((440440.5307 4471112.0761 0,440477.4057 4471123.3261 0))",2725010,Verde,Línea,7
"MULTILINESTRING Z ((439644.7265 4470814.0188 0,439603.2983 4470813.9279 0))",2725011,Verde,Línea,8
"MULTILINESTRING Z ((439618.743 4470809.2945 0,439635.2779 4470809.1128 0,439651.1769 4470809.8396 0))",2725012,Verde,Línea,6
"MULTILINESTRING Z ((439660.0503 4470800.3033 0,439667.9015 4470776.6463 0))",2725013,Verde,Línea,5
"MULTILINESTRING Z ((440019.7678 4471434.5186 0,439995.8404 4471432.1612 0))",2725014,Verde,Línea,5
"MULTILINESTRING Z ((440286.4 4471211.2038 0,440300.7003 4471223.4992 0))",2725016,Verde,Batería,8
"MULTILINESTRING Z ((440316.489 4471235.3261 0,440333.6557 4471249.7427 0))",2725018,Verde,Línea,4
"MULTILINESTRING Z ((440372.4999 4471291.1997 0,440388.1299 4471304.8598 0))",2725019,Verde,Batería,8
"MULTILINESTRING Z ((439939.489 4470897.5761 0,439938.0723 4470880.5761 0,439939.239 4470871.2427 0))",2725021,Verde,Línea,5
"MULTILINESTRING Z ((440270.8223 4471050.9094 0,440276.5723 4471021.0761 0))",2725024,Verde,Línea,5
"MULTILINESTRING Z ((440349.6557 4471215.7427 0,440363.739 4471199.4927 0))",2725025,Verde,Línea,4
"MULTILINESTRING Z ((440373.0723 4471183.0761 0,440386.489 4471166.9927 0))",2725026,Verde,Línea,4
"MULTILINESTRING Z ((440416.4057 4471097.0761 0,440408.739 4471121.3261 0))",2725028,Verde,Línea,5
"MULTILINESTRING Z ((440415.739 4471109.5761 0,440409.1557 4471129.9927 0))",2725030,Verde,Línea,4
"MULTILINESTRING Z ((440479.7817 4470992.2455 0,440494.1412 4470975.51 0))",2725031,Verde,Línea,5
"MULTILINESTRING Z ((440474.489 4470997.7427 0,440452.1557 4471023.9927 0))",2725032,Verde,Línea,7
"MULTILINESTRING Z ((440434.2977 4471044.1946 0,440448.0777 4471028.3481 0))",2725033,Verde,Línea,4
"MULTILINESTRING Z ((440040.239 4470855.1594 0,440035.489 4470889.0761 0))",2725039,Verde,Línea,6
"MULTILINESTRING Z ((440028.989 4470938.2427 0,440032.8223 4470908.3261 0))",2725040,Verde,Línea,6
"MULTILINESTRING Z ((440060.3223 4470992.4094 0,440065.989 4470986.9094 0,440069.489 4470982.5761 0,440072.1557 4470977.6594 0,440074.1557 4470972.4927 0,440074.989 4470968.9927 0))",2725041,Verde,Línea,5
"MULTILINESTRING Z ((440094.0723 4470857.1594 0,440097.0723 4470835.6594 0))",2725044,Verde,Línea,4
"MULTILINESTRING Z ((440086.2753 4470890.4784 0,440091.6081 4470850.8502 0))",2725045,Verde,Línea,8
"MULTILINESTRING Z ((439672.9974 4471158.3516 0,439656.9672 4471121.1051 0))",2725046,Verde,Línea,8
"MULTILINESTRING Z ((440341.7652 4470906.3984 0,440344.9676 4470882.3281 0))",2725048,Verde,Línea,5
"MULTILINESTRING Z ((440345.3223 4470904.9094 0,440341.5723 4470934.1594 0))",2725049,Verde,Línea,6
"MULTILINESTRING Z ((440336.5723 4470972.8261 0,440339.5723 4470950.8261 0))",2725050,Verde,Línea,4
"MULTILINESTRING Z ((439644.398 4471112.2967 0,439637.6981 4471097.5967 0))",2725053,Verde,Batería,6
"MULTILINESTRING Z ((439669.1459 4470968.8631 0,439644.1963 4470972.5823 0))",2725054,Verde,Línea,6
"MULTILINESTRING Z ((439677.4057 4470967.9927 0,439697.8223 4470965.0761 0))",2725055,Verde,Línea,4
"MULTILINESTRING Z ((439742.9057 4470958.5761 0,439709.5723 4470963.4094 0))",2725056,Verde,Línea,6
"MULTILINESTRING Z ((440182.9057 4470956.5761 0,440187.489 4470922.9094 0))",2725057,Verde,Línea,7
"MULTILINESTRING Z ((440182.4655 4470933.605 0,440179.8166 4470953.4288 0))",2725058,Verde,Línea,4
"MULTILINESTRING Z ((439612.9057 4470987.9094 0,439617.989 4471012.0761 0))",2725061,Verde,Batería,8
"MULTILINESTRING Z ((439623.489 4471033.1594 0,439619.5723 4471018.2427 0))",2725062,Verde,Batería,5
"MULTILINESTRING Z ((439604.8223 4470963.4927 0,439602.6557 4470943.1594 0))",2725063,Verde,Línea,4
"MULTILINESTRING Z ((439599.9057 4470915.9927 0,439601.9057 4470933.5761 0))",2725064,Verde,Línea,3
"MULTILINESTRING Z ((439607.1557 4470900.9094 0,439606.8223 4470872.5761 0))",2725065,Verde,Línea,5
"MULTILINESTRING Z ((439609.9057 4470872.3261 0,439610.4057 4470900.4927 0))",2725066,Verde,Línea,5
"MULTILINESTRING Z ((440347.9057 4470974.3261 0,440370.239 4470948.4094 0))",2725068,Verde,Línea,7
"MULTILINESTRING Z ((440285.7596 4471559.2526 0,440298.6686 4471568.8727 0))",2725069,Verde,Batería,8
"MULTILINESTRING Z ((440256.9814 4471539.3546 0,440269.6438 4471548.3991 0))",2725070,Verde,Batería,5
"MULTILINESTRING Z ((440220.7715 4471410.0723 0,440241.5736 4471408.5731 0))",2725076,Verde,Batería,7
"MULTILINESTRING Z ((440237.0236 4471394.7374 0,440220.617 4471395.8311 0))",2725077,Azul,Batería,5
"MULTILINESTRING Z ((437178.7264 4473046.0338 0,437208.9806 4473044.5748 0))",2725132,Verde,Línea,6
"MULTILINESTRING Z ((437161.91 4473047.1856 0,437153.617 4473047.6463 0))",2725133,Verde,Línea,1
"MULTILINESTRING Z ((437394.4049 4473082.7352 0,437408.8025 4473081.4723 0))",2725162,Verde,Línea,3
"MULTILINESTRING Z ((437946.2472 4473431.1824 0,437917.0417 4473429.6733 0))",2725180,Verde,Línea,6
"MULTILINESTRING Z ((437896.2892 4473497.2791 0,437920.8538 4473528.9165 0))",2725194,Verde,Línea,8
"MULTILINESTRING Z ((440366.1557 4476382.8261 0,440379.6557 4476381.8261 0))",2725232,Verde,Línea,2
"MULTILINESTRING Z ((440483.0353 4481751.0576 0,440527.3316 4481773.539 0))",2725238,Verde,Línea,9
"MULTILINESTRING Z ((440506.5538 4481774.2057 0,440522.2205 4481782.2427 0))",2725241,Verde,Línea,3
"MULTILINESTRING Z ((440590.1464 4481807.7613 0,440620.8501 4481825.2798 0))",2725250,Verde,Línea,7
"MULTILINESTRING Z ((440582.0723 4481815.4094 0,440615.0723 4481834.0205 0))",2725255,Azul,Línea,6
"MULTILINESTRING Z ((440621.6032 4481837.7366 0,440646.5415 4481852.0082 0))",2725256,Azul,Línea,6
"MULTILINESTRING Z ((437179.0096 4473098.6483 0,437188.4185 4473097.9537 0))",2725290,Verde,Línea,2
"MULTILINESTRING Z ((437075.8901 4473109.6991 0,437086.4357 4473109.0045 0))",2725291,Verde,Línea,2
"MULTILINESTRING Z ((440246.8223 4470306.1594 0,440242.3223 4470305.4927 0))",2725298,Verde,Línea,1
"MULTILINESTRING Z ((439270.5168 4478835.8538 0,439273.8501 4478845.0761 0))",2725402,Azul,Línea,2
"MULTILINESTRING Z ((442901.5723 4474954.7427 0,442913.489 4474953.9094 0))",2725409,Verde,Línea,2
"MULTILINESTRING Z ((442890.5723 4474955.7427 0,442901.0723 4474954.8261 0))",2725410,Verde,Línea,2
"MULTILINESTRING Z ((440530.489 4470294.0761 0,440543.0723 4470302.4094 0))",2725411,Verde,Línea,3
"MULTILINESTRING Z ((440550.989 4470307.2427 0,440563.239 4470315.5761 0))",2725412,Verde,Línea,3
"MULTILINESTRING Z ((443330.5723 4474286.0761 0,443319.8223 4474303.0761 0))",2725445,Verde,Línea,4
"MULTILINESTRING Z ((442625.9057 4479904.4094 0,442623.4612 4479904.6872 0,442616.239 4479904.965 0,442583.6279 4479907.0761 0,442576.4057 4479907.6872 0))",2725564,Verde,Línea,13
"MULTILINESTRING Z ((445045.1557 4476201.7427 0,445074.489 4476219.8261 0))",2725622,Verde,Línea,10
"MULTILINESTRING Z ((439077.5307 4476253.3261 0,439074.9057 4476258.5761 0))",2725624,Azul,Línea,1
"MULTILINESTRING Z ((439077.0723 4476283.4094 0,439074.489 4476262.9927 0,439074.8223 4476258.9094 0))",2725626,Azul,Línea,5
"MULTILINESTRING Z ((439111.6557 4474753.0761 0,439099.5723 4474752.9094 0))",2725628,Verde,Línea,2
"MULTILINESTRING Z ((437948.739 4473548.7427 0,437983.9057 4473567.4927 0))",2725630,Verde,Línea,8
"MULTILINESTRING Z ((438022.1557 4473587.6594 0,438016.4057 4473584.7427 0))",2725633,Verde,Línea,1
"MULTILINESTRING Z ((441679.739 4474732.5761 0,441657.489 4474733.8261 0))",2725641,Verde,Línea,4
"MULTILINESTRING Z ((439878.8223 4470489.1594 0,439880.989 4470473.3261 0,439881.5723 4470471.5761 0,439892.489 4470457.9927 0))",2725667,Verde,Línea,6
"MULTILINESTRING Z ((440698.2452 4478781.2839 0,440742.9201 4478767.0617 0))",2725720,Verde,Línea,9
"MULTILINESTRING Z ((440035.9077 4477741.5308 0,440043.5785 4477709.7942 0))",2725733,Verde,Línea,7
"MULTILINESTRING Z ((440426.9612 4477311.9588 0,440576.6402 4477300.8971 0))",2725736,Verde,Línea,30
"MULTILINESTRING Z ((440485.3686 4477501.0205 0,440486.3316 4477510.7242 0))",2725738,Azul,Línea,2
"MULTILINESTRING Z ((440573.239 4470401.3261 0,440591.1557 4470375.4927 0))",2725811,Verde,Línea,6
"MULTILINESTRING Z ((440596.239 4470368.8261 0,440606.4057 4470353.5761 0))",2725812,Verde,Línea,4
"MULTILINESTRING Z ((439663.6557 4473223.6594 0,439709.4057 4473225.2427 0))",2725868,Verde,Línea,9
"MULTILINESTRING Z ((440190.739 4470495.9927 0,440193.239 4470475.1594 0))",2725870,Verde,Línea,5
"MULTILINESTRING Z ((443927.1557 4478500.9927 0,443920.1557 4478498.5761 0))",2725881,Verde,Batería,3
"MULTILINESTRING Z ((442972.6557 4478189.6594 0,442982.3223 4478192.4927 0))",2725883,Verde,Línea,2
"MULTILINESTRING Z ((444196.2946 4474924.8538 0,444204.8501 4474933.0205 0))",2725886,Verde,Línea,2
"MULTILINESTRING Z ((442777.4057 4481140.3261 0,442772.5723 4481158.6594 0))",2725887,Verde,Batería,8
"MULTILINESTRING Z ((442606.7807 4478500.2011 0,442801.2807 4478487.0761 0))",2725905,Verde,Línea,43
"MULTILINESTRING Z ((442801.989 4478484.6594 0,442811.8223 4478483.9927 0))",2725907,Verde,Línea,2
"MULTILINESTRING Z ((441621.739 4479091.8538 0,441635.6279 4479090.6872 0))",2725908,Verde,Línea,3
"MULTILINESTRING Z ((441636.0723 4479088.0205 0,441641.1834 4479087.6872 0))",2725909,Verde,Línea,1
"MULTILINESTRING Z ((443461.989 4475894.7427 0,443469.9057 4475895.8261 0))",2725928,Azul,Batería,3
"MULTILINESTRING Z ((439197.1557 4476017.9511 0,439194.0307 4475965.3261 0))",2725940,Azul,Línea,11
"MULTILINESTRING Z ((439971.9057 4471267.9927 0,439974.3223 4471273.9094 0))",2725963,Verde,Línea,1
"MULTILINESTRING Z ((440542.9612 4478153.1687 0,440547.9489 4478152.0822 0))",2726021,Verde,Línea,1
"MULTILINESTRING Z ((440585.1464 4478144.0205 0,440603.702 4478140.0205 0))",2726022,Verde,Línea,4
"MULTILINESTRING Z ((440845.4057 4477081.2427 0,440846.739 4477099.6594 0))",2726023,Verde,Línea,3
"MULTILINESTRING Z ((440842.989 4477115.9927 0,440842.1557 4477100.0761 0))",2726024,Verde,Línea,3
"MULTILINESTRING Z ((439802.3068 4470343.0476 0,439805.529 4470328.6031 0))",2726028,Verde,Línea,3
"MULTILINESTRING Z ((439831.489 4476117.4927 0,439867.489 4476113.1594 0))",2726081,Verde,Línea,7
"MULTILINESTRING Z ((440237.6557 4476362.4094 0,440214.6557 4476362.8261 0))",2726082,Verde,Línea,4
"MULTILINESTRING Z ((441268.4057 4475308.9511 0,441280.0168 4475410.6872 0))",2726083,Verde,Línea,21
"MULTILINESTRING Z ((441427.489 4475880.2427 0,441429.739 4475891.2427 0))",2726084,Verde,Línea,2
"MULTILINESTRING Z ((441428.739 4475859.4094 0,441427.1557 4475851.4927 0))",2726085,Verde,Línea,1
"MULTILINESTRING Z ((439574.0412 4471023.8867 0,439607.6855 4471013.564 0))",2726090,Verde,Línea,8
"MULTILINESTRING Z ((439916.9861 4471449.1343 0,439939.6169 4471467.5219 0))",2726098,Verde,Batería,8
"MULTILINESTRING Z ((441529.989 4471235.4927 0,441539.3223 4471239.5761 0))",2726104,Verde,Línea,2
"MULTILINESTRING Z ((440548.4057 4478151.9835 0,440570.2946 4478147.2427 0))",2726230,Verde,Línea,4
"MULTILINESTRING Z ((439767.0847 4478901.4156 0,439771.595 4478900.6913 0))",2726231,Verde,Línea,1
"MULTILINESTRING Z ((443554.239 4475123.1594 0,443553.239 4475132.4927 0))",2726232,Verde,Línea,2
"MULTILINESTRING Z ((440891.989 4475840.9094 0,440910.9057 4475843.2427 0))",2726233,Verde,Línea,4
"MULTILINESTRING Z ((441401.1557 4475909.4927 0,441417.1557 4475909.6594 0))",2726234,Verde,Línea,3
"MULTILINESTRING Z ((441376.6557 4476405.9094 0,441376.239 4476375.8261 0))",2726235,Azul,Línea,6
"MULTILINESTRING Z ((441217.239 4476419.9094 0,441214.5723 4476380.4927 0))",2726236,Verde,Línea,8
"MULTILINESTRING Z ((441214.5723 4476380.4094 0,441214.0723 4476371.9094 0))",2726237,Verde,Línea,2
"MULTILINESTRING Z ((440399.239 4475915.1594 0,440379.989 4475909.1594 0))",2726238,Verde,Línea,3
"MULTILINESTRING Z ((440691.5723 4476142.4927 0,440661.239 4476132.7427 0))",2726240,Verde,Línea,6
"MULTILINESTRING Z ((440274.989 4475873.4094 0,440297.3223 4475871.4927 0))",2726241,Verde,Batería,8
"MULTILINESTRING Z ((441583.739 4471208.0761 0,441580.6557 4471205.2427 0))",2726242,Azul,Línea,1
"MULTILINESTRING Z ((441576.989 4471201.7427 0,441558.989 4471183.1594 0))",2726243,Azul,Línea,5
"MULTILINESTRING Z ((439915.489 4471121.1594 0,439945.6557 4471193.6594 0))",2726244,Verde,Línea,16
"MULTILINESTRING Z ((442707.9057 4480616.6594 0,442706.3223 4480638.6594 0))",2726298,Verde,Línea,5
"MULTILINESTRING Z ((443281.8223 4478781.0761 0,443285.6557 4478785.6594 0,443290.0723 4478791.2427 0))",2726301,Verde,Batería,6
"MULTILINESTRING Z ((442787.239 4474522.4927 0,442800.989 4474521.5761 0))",2726321,Verde,Batería,5
"MULTILINESTRING Z ((442824.739 4474515.9927 0,442813.739 4474516.8261 0))",2726322,Verde,Línea,2
"MULTILINESTRING Z ((442786.9057 4474518.8261 0,442812.239 4474517.0761 0))",2726323,Verde,Línea,5
"MULTILINESTRING Z ((440488.239 4476487.9927 0,440474.3223 4476489.7427 0))",2726327,Verde,Línea,3
"MULTILINESTRING Z ((443549.989 4475158.7427 0,443551.8223 4475144.9927 0))",2726332,Verde,Línea,2
"MULTILINESTRING Z ((440932.5723 4472533.0761 0,440930.739 4472515.1594 0))",2726437,Azul,Línea,4
"MULTILINESTRING Z ((440579.989 4475608.5761 0,440581.8223 4475594.8261 0))",2726453,Verde,Línea,3
"MULTILINESTRING Z ((440487.8223 4470343.6594 0,440512.1557 4470307.9927 0))",2726464,Verde,Línea,8
"MULTILINESTRING Z ((441111.8223 4472096.6594 0,441098.239 4472098.0761 0))",2726489,Verde,Batería,6
"MULTILINESTRING Z ((440392.239 4477193.4094 0,440407.6557 4477192.4094 0))",2726506,Verde,Línea,3
"MULTILINESTRING Z ((440416.239 4477191.6594 0,440421.8223 4477191.4927 0))",2726507,Verde,Línea,1
"MULTILINESTRING Z ((441600.6834 4481392.0761 0,441600.7946 4481382.6316 0))",2726511,Rojo,Línea,2
"MULTILINESTRING Z ((440026.9057 4478971.9927 0,440038.489 4478950.3261 0))",2726544,Azul,Línea,5
"MULTILINESTRING Z ((442798.239 4474147.2427 0,442774.4057 4474143.2427 0))",2726556,Verde,Línea,4
"MULTILINESTRING Z ((439455.739 4478648.8261 0,439463.5723 4478658.9094 0))",2726581,Verde,Línea,3
"MULTILINESTRING Z ((440821.702 4479749.7119 0,440830.3439 4479745.7119 0))",2726594,Verde,Batería,4
"MULTILINESTRING Z ((441685.9983 4479336.0946 0,441685.776 4479332.9835 0))",2726599,Verde,Batería,1
"MULTILINESTRING Z ((440023.6279 4477990.0946 0,440021.3316 4477971.6872 0))",2726604,Verde,Línea,4
"MULTILINESTRING Z ((441881.7512 4480871.4087 0,441929.5845 4480861.4087 0))",2726648,Azul,Batería,17
"MULTILINESTRING Z ((440816.0723 4480807.8106 0,440826.1217 4480802.4279 0))",2726655,Verde,Batería,5
"MULTILINESTRING Z ((439044.3501 4477499.965 0,439050.0168 4477495.4094 0,439054.0723 4477492.3538 0,439055.739 4477490.965 0,439061.5723 4477487.2983 0,439066.739 4477484.1316 0,439073.3501 4477480.6316 0,439077.1834 4477478.8538 0,439079.0723 4477477.8538 0,439081.4057 4477477.0761 0))",2726659,Verde,Línea,8
"MULTILINESTRING Z ((439117.4797 4477423.8106 0,439119.776 4477434.502 0,439120.2452 4477437.7859 0,439120.7143 4477442.1316 0,439120.1464 4477445.465 0,439119.6773 4477446.8971 0,439118.6402 4477449.2427 0,439117.1094 4477451.539 0,439101.8995 4477469.5884 0,439100.7884 4477470.823 0,439099.8254 4477471.465 0,439099.0106 4477471.7859 0,439092.1217 4477473.539 0,439087.0106 4477475.144 0))",2726662,Verde,Línea,13
"MULTILINESTRING Z ((439112.1464 4477477.0576 0,439117.6649 4477476.6872 0,439123.6649 4477476.6872 0,439126.2205 4477476.7983 0,439133.8131 4477477.5761 0,439139.0353 4477478.4279 0,439144.3316 4477479.465 0,439156.2205 4477482.2057 0))",2726663,Verde,Línea,9
"MULTILINESTRING Z ((439168.4057 4477485.3538 0,439161.5908 4477483.6131 0))",2726664,Verde,Línea,1
"MULTILINESTRING Z ((439114.418 4477469.8106 0,439121.06 4477469.4897 0,439130.3933 4477469.8847 0))",2726666,Verde,Línea,3
"MULTILINESTRING Z ((439144.9983 4477472.3909 0,439134.6279 4477470.539 0))",2726667,Verde,Línea,2
"MULTILINESTRING Z ((439170.2946 4477478.5761 0,439155.3316 4477474.8724 0))",2726668,Verde,Línea,3
"MULTILINESTRING Z ((439124.8186 4477451.1604 0,439125.1917 4477450.6008 0,439126.6841 4477445.8161 0,439127.156 4477440.823 0))",2726669,Verde,Línea,2
"MULTILINESTRING Z ((439220.3192 4477396.0822 0,439213.9242 4477396.5267 0))",2726670,Verde,Línea,1
"MULTILINESTRING Z ((439224.0723 4477395.8353 0,439238.9859 4477394.8477 0))",2726671,Verde,Línea,3
"MULTILINESTRING Z ((439302.1711 4477390.6501 0,439282.418 4477391.9588 0))",2726672,Verde,Línea,4
"MULTILINESTRING Z ((439242.6649 4477394.6008 0,439257.4797 4477393.6131 0))",2726673,Verde,Línea,3
"MULTILINESTRING Z ((439266.2946 4477393.0452 0,439278.4674 4477392.2304 0))",2726675,Verde,Línea,2
"MULTILINESTRING Z ((439276.7856 4477516.62 0,439279.1999 4477501.9588 0))",2726676,Azul,Línea,3
"MULTILINESTRING Z ((439283.06 4477477.3415 0,439279.8995 4477497.4403 0))",2726677,Azul,Línea,4
"MULTILINESTRING Z ((439283.9736 4477471.4156 0,439284.6896 4477466.8477 0))",2726681,Azul,Línea,1
"MULTILINESTRING Z ((439289.2575 4477444.3909 0,439288.776 4477445.8724 0,439287.2205 4477452.4279 0,439285.5908 4477461.0205 0,439285.1464 4477463.8353 0))",2726682,Azul,Línea,4
"MULTILINESTRING Z ((439277.776 4477467.6501 0,439279.8871 4477455.7983 0))",2726706,Alta Rotación,Línea,2
"MULTILINESTRING Z ((439280.5908 4477452.2798 0,439282.4427 4477443.8353 0,439283.1094 4477441.0576 0,439284.1464 4477437.3168 0,439286.3316 4477430.6131 0,439287.8871 4477426.465 0,439289.0723 4477423.5761 0))",2726711,Alta Rotación,Línea,6
"MULTILINESTRING Z ((439291.0723 4477419.1316 0,439297.0723 4477407.6501 0))",2726713,Alta Rotación,Línea,2
"MULTILINESTRING Z ((441111.0723 4475788.4094 0,441098.9057 4475789.5761 0))",2726723,Verde,Línea,2
"MULTILINESTRING Z ((439964.9612 4477464.5761 0,439935.239 4477440.4927 0))",2726724,Azul,Batería,14
"MULTILINESTRING Z ((438815.2807 4474753.0761 0,438829.0307 4474738.5761 0))",2726726,Azul,Línea,4
"MULTILINESTRING Z ((440019.4797 4477516.3538 0,440026.2946 4477504.9464 0))",2726732,Verde,Batería,5
"MULTILINESTRING Z ((440034.536 4477491.0946 0,440029.4112 4477499.6982 0))",2726737,Verde,Batería,4
"MULTILINESTRING Z ((439260.3686 4477386.3292 0,439273.3316 4477385.465 0))",2726744,Verde,Línea,2
"MULTILINESTRING Z ((439263.9571 4477233.2345 0,439250.2452 4477231.5061 0,439239.6114 4477230.0082 0,439231.5291 4477229.3168 0,439229.5209 4477229.1851 0,439223.776 4477229.1028 0,439217.5867 4477229.3333 0))",2726751,Verde,Línea,9
"MULTILINESTRING Z ((439185.702 4477232.9464 0,439180.5538 4477233.6131 0))",2726755,Verde,Línea,1
"MULTILINESTRING Z ((439210.8131 4477229.9835 0,439190.6279 4477232.3538 0))",2726756,Verde,Línea,4
"MULTILINESTRING Z ((439138.8131 4477239.1934 0,439163.9242 4477235.9588 0))",2726759,Verde,Línea,5
"MULTILINESTRING Z ((441964.5723 4475266.7427 0,441963.6557 4475251.8261 0))",2726760,Azul,Línea,3
"MULTILINESTRING Z ((441963.239 4475242.2427 0,441963.489 4475247.2427 0))",2726761,Azul,Línea,1
"MULTILINESTRING Z ((440157.0929 4478282.2386 0,440164.2863 4478281.1687 0))",2726793,Verde,Línea,1
"MULTILINESTRING Z ((439190.9612 4477155.4403 0,439175.8748 4477156.2304 0))",2726800,Azul,Línea,3
"MULTILINESTRING Z ((440668.5723 4475658.8261 0,440683.8223 4475660.5761 0))",2726804,Verde,Batería,5
"MULTILINESTRING Z ((440719.739 4475664.4094 0,440689.9057 4475661.2427 0))",2726806,Verde,Batería,11
"MULTILINESTRING Z ((440603.455 4477406.4032 0,440601.06 4477374.2551 0))",2726813,Verde,Batería,12
"MULTILINESTRING Z ((440457.5168 4477421.3168 0,440484.702 4477419.0946 0))",2726824,Verde,Batería,11
"MULTILINESTRING Z ((440477.1341 4477509.1193 0,440478.2205 4477519.7859 0))",2726828,Verde,Batería,5
"MULTILINESTRING Z ((439347.903 4477387.3778 0,439367.9319 4477386.0569 0))",2726842,Verde,Línea,4
"MULTILINESTRING Z ((439334.6938 4477388.2994 0,439344.2474 4477387.6235 0))",2726843,Verde,Línea,2
"MULTILINESTRING Z ((440054.1094 4478757.3168 0,440065.6279 4478758.7983 0))",2726879,Verde,Línea,2
"MULTILINESTRING Z ((439802.1217 4478999.3168 0,439809.455 4479013.1934 0))",2726880,Verde,Línea,3
"MULTILINESTRING Z ((439813.702 4479021.1934 0,439818.2452 4479029.8106 0))",2726882,Verde,Línea,2
"MULTILINESTRING Z ((439502.1834 4477247.3909 0,439462.3316 4477250.4279 0))",2726894,Verde,Línea,8
"MULTILINESTRING Z ((439450.9983 4477251.2798 0,439456.9983 4477250.8353 0))",2726895,Verde,Línea,1
"MULTILINESTRING Z ((440370.8223 4470450.9094 0,440370.9057 4470440.5761 0))",2726899,Verde,Línea,2
"MULTILINESTRING Z ((439788.1834 4477297.465 0,439810.1094 4477315.2798 0))",2726900,Verde,Línea,6
"MULTILINESTRING Z ((440157.1557 4470348.4927 0,440157.8223 4470343.5761 0))",2726902,Verde,Línea,1
"MULTILINESTRING Z ((440711.2575 4479914.539 0,440736.8871 4479923.9094 0))",2726907,Verde,Línea,5
"MULTILINESTRING Z ((441171.9242 4479134.2057 0,441202.4057 4479130.465 0))",2726909,Verde,Batería,11
"MULTILINESTRING Z ((440224.9667 4479888.2633 0,440259.5307 4479929.8261 0))",2726917,Verde,Batería,20
"MULTILINESTRING Z ((439794.7143 4477176.7489 0,439800.776 4477169.7242 0))",2726930,Verde,Línea,2
"MULTILINESTRING Z ((439744.2946 4477235.0699 0,439782.418 4477190.9464 0))",2726931,Verde,Línea,12
"MULTILINESTRING Z ((439171.8007 4477145.3168 0,439219.7267 4477142.8724 0))",2726933,Verde,Batería,16
"MULTILINESTRING Z ((439360.4839 4477134.5843 0,439411.5785 4477131.9067 0))",2726946,Verde,Batería,18
"MULTILINESTRING Z ((439463.3316 4477129.2427 0,439438.8871 4477130.465 0))",2726947,Verde,Batería,9
"MULTILINESTRING Z ((439428.4235 4476980.2249 0,439442.4921 4476964.203 0))",2726951,Verde,Línea,4
"MULTILINESTRING Z ((439681.7267 4476975.4897 0,439688.2452 4476965.9341 0,439690.0229 4476962.8477 0,439692.097 4476958.6995 0,439693.0847 4476956.2057 0,439693.9489 4476953.5884 0,439694.9859 4476949.7366 0,439695.3316 4476948.0082 0,439696.3439 4476942.0576 0,439699.1094 4476924.3785 0))",2726955,Verde,Batería,18
"MULTILINESTRING Z ((439764.5826 4477560.8888 0,439764.7801 4477564.2139 0))",2726962,Verde,Línea,1
"MULTILINESTRING Z ((439334.3604 4477127.0123 0,439340.9448 4477119.4073 0))",2726968,Verde,Línea,2
"MULTILINESTRING Z ((440805.9036 4471007.3718 0,440808.0943 4471004.8001 0))",2726997,Verde,Batería,1
"MULTILINESTRING Z ((442604.5723 4473499.7427 0,442647.3223 4473476.9094 0))",2727019,Verde,Línea,10
"MULTILINESTRING Z ((439556.3439 4476849.86 0,439559.4304 4476898.9958 0))",2727049,Azul,Línea,10
"MULTILINESTRING Z ((439340.0996 4470806.1992 0,439349.099 4470806.0984 0))",2727062,Azul,Batería,3
"MULTILINESTRING Z ((438530.989 4473130.4927 0,438531.489 4473133.9927 0))",2727065,Verde,Batería,1
"MULTILINESTRING Z ((438580.7807 4473358.0761 0,438573.1557 4473332.5761 0))",2727066,Verde,Línea,5
"MULTILINESTRING Z ((438625.239 4473014.4927 0,438624.1557 4472999.6594 0))",2727067,Verde,Línea,3
"MULTILINESTRING Z ((438699.739 4473306.6594 0,438703.8223 4473332.9927 0))",2727070,Verde,Línea,5
"MULTILINESTRING Z ((439842.2946 4476852.3168 0,439900.8871 4476848.0946 0))",2727072,Verde,Batería,23
"MULTILINESTRING Z ((444721.739 4475858.2427 0,444736.6557 4475861.0761 0))",2727073,Verde,Línea,3
"MULTILINESTRING Z ((439897.776 4476839.2798 0,439925.3686 4476837.3168 0))",2727074,Verde,Línea,6
"MULTILINESTRING Z ((444099.739 4475334.4094 0,444099.989 4475342.4927 0))",2727076,Verde,Batería,2
"MULTILINESTRING Z ((441438.0723 4475902.1594 0,441431.239 4475869.5761 0))",2727077,Verde,Línea,6
"MULTILINESTRING Z ((441430.989 4475868.4927 0,441429.9057 4475863.2427 0))",2727078,Verde,Línea,1
"MULTILINESTRING Z ((439958.3847 4476834.7771 0,439982.6728 4476833.082 0))",2727080,Verde,Línea,5
"MULTILINESTRING Z ((439986.0476 4476842.0905 0,440014.9584 4476839.9178 0))",2727095,Verde,Línea,6
"MULTILINESTRING Z ((439714.5538 4476873.0576 0,439705.1094 4476892.3538 0))",2727104,Verde,Línea,5
"MULTILINESTRING Z ((439865.3705 4476896.3868 0,439773.9189 4476853.0472 0))",2727115,Azul,Línea,22
"MULTILINESTRING Z ((439986.5168 4476892.9958 0,440001.4304 4476891.8353 0))",2727135,Verde,Línea,3
"MULTILINESTRING Z ((440083.3974 4476844.0987 0,440085.1423 4476874.93 0))",2727147,Verde,Línea,7
"MULTILINESTRING Z ((440036.3439 4476706.7489 0,440054.0229 4476705.86 0))",2727151,Azul,Línea,4
"MULTILINESTRING Z ((438557.239 4473071.3261 0,438597.6557 4473065.1594 0))",2727219,Verde,Línea,8
"MULTILINESTRING Z ((438623.0723 4472985.9094 0,438621.489 4472941.7427 0))",2727228,Verde,Línea,9
"MULTILINESTRING Z ((442799.1557 4473389.4927 0,442812.5723 4473382.0761 0))",2727385,Verde,Línea,3
"MULTILINESTRING Z ((439917.7807 4476574.5761 0,439916.5307 4476558.9511 0))",2727678,Verde,Línea,3
"MULTILINESTRING Z ((443758.0359 4475666.9053 0,443771.026 4475658.2965 0))",2727679,Azul,Línea,3
"MULTILINESTRING Z ((443733.0723 4475682.9927 0,443727.9057 4475686.3261 0))",2727680,Verde,Línea,1
"MULTILINESTRING Z ((443705.6557 4475700.8261 0,443726.989 4475686.8261 0))",2727681,Verde,Línea,5
"MULTILINESTRING Z ((440097.6834 4476933.1316 0,440096.1279 4476907.1872 0))",2727706,Verde,Línea,5
"MULTILINESTRING Z ((439790.9048 4477196.4777 0,439845.7233 4477133.4737 0))",2727770,Verde,Línea,17
"MULTILINESTRING Z ((444481.702 4475162.6501 0,444485.1834 4475158.8724 0))",2727822,Verde,Línea,1
"MULTILINESTRING Z ((441203.5168 4481576.3168 0,441203.9612 4481590.3909 0))",2727833,Verde,Batería,6
"MULTILINESTRING Z ((444855.4057 4476706.1594 0,444907.9057 4476738.6594 0))",2727886,Verde,Línea,13
"MULTILINESTRING Z ((444859.6557 4476698.9927 0,444872.739 4476707.0761 0))",2727889,Verde,Línea,3
"MULTILINESTRING Z ((441554.239 4477101.7427 0,441564.9057 4477111.7427 0))",2727905,Azul,Línea,3
"MULTILINESTRING Z ((441563.989 4477113.9927 0,441587.6557 4477135.8261 0))",2727906,Azul,Línea,6
"MULTILINESTRING Z ((440689.0168 4470113.5761 0,440695.6279 4470133.6872 0))",2727917,Verde,Línea,5
"MULTILINESTRING Z ((443491.0776 4473171.9218 0,443465.8142 4473172.5973 0))",2727920,Verde,Línea,5
"MULTILINESTRING Z ((440332.4057 4477710.0761 0,440344.0723 4477708.8261 0))",2727963,Verde,Línea,2
"MULTILINESTRING Z ((440344.3223 4477706.1594 0,440351.4057 4477705.3261 0))",2727964,Verde,Línea,1
"MULTILINESTRING Z ((441418.239 4471026.9927 0,441456.8223 4471066.4927 0))",2727966,Verde,Línea,12
"MULTILINESTRING Z ((442447.7807 4475353.4511 0,442446.9057 4475340.7011 0))",2727971,Verde,Línea,2
"MULTILINESTRING Z ((440902.9057 4472119.8261 0,440926.739 4472117.8261 0))",2727974,Verde,Batería,10
"MULTILINESTRING Z ((440930.489 4472117.5761 0,440950.1557 4472115.9094 0))",2727975,Verde,Batería,8
"MULTILINESTRING Z ((440989.4057 4472111.3261 0,440954.6557 4472114.6594 0))",2727976,Verde,Batería,12
"MULTILINESTRING Z ((443419.3223 4475542.8261 0,443424.6557 4475533.7427 0))",2727978,Verde,Batería,5
"MULTILINESTRING Z ((442030.1557 4472193.5761 0,442049.0723 4472170.5761 0))",2727980,Verde,Línea,6
"MULTILINESTRING Z ((442205.2807 4472231.7011 0,442186.4057 4472216.4511 0))",2727992,Verde,Línea,5
"MULTILINESTRING Z ((442180.5307 4472211.3261 0,442153.7807 4472188.8261 0))",2727993,Verde,Línea,7
"MULTILINESTRING Z ((443704.3223 4477029.2427 0,443691.4057 4477022.3261 0))",2728003,Verde,Línea,3
"MULTILINESTRING Z ((443712.6557 4477033.9094 0,443715.1557 4477035.1594 0))",2728004,Verde,Línea,1
"MULTILINESTRING Z ((443796.4057 4476508.5761 0,443796.6557 4476526.9927 0))",2728017,Verde,Batería,8
"MULTILINESTRING Z ((443619.1557 4477006.8261 0,443586.239 4477064.8261 0))",2728036,Verde,Batería,24
"MULTILINESTRING Z ((441865.8345 4475888.992 0,441885.8345 4475887.6587 0))",2728047,Verde,Línea,4
"MULTILINESTRING Z ((444713.9057 4476525.4927 0,444772.489 4476562.1594 0))",2728057,Verde,Línea,15
"MULTILINESTRING Z ((443549.489 4478592.2427 0,443540.5723 4478601.5761 0))",2728157,Verde,Línea,2
"MULTILINESTRING Z ((443276.989 4478775.6594 0,443272.9057 4478771.1594 0,443269.0723 4478767.1594 0,443260.989 4478759.5761 0,443256.0723 4478755.0761 0,443250.4057 4478750.0761 0,443245.5723 4478745.9927 0,443241.6557 4478742.9927 0,443235.989 4478738.7427 0,443226.4057 4478731.9094 0))",2728165,Verde,Batería,23
"MULTILINESTRING Z ((443305.1557 4478812.4927 0,443295.239 4478798.4927 0))",2728182,Verde,Batería,5
"MULTILINESTRING Z ((442836.239 4478574.3261 0,442831.3223 4478621.5761 0))",2728184,Verde,Línea,11
"MULTILINESTRING Z ((442839.739 4478695.2427 0,442896.1557 4478692.5761 0))",2728186,Verde,Línea,12
"MULTILINESTRING Z ((443029.9057 4478777.4511 0,443032.2807 4478838.3261 0))",2728193,Verde,Batería,24
"MULTILINESTRING Z ((443189.989 4478711.3261 0,443174.5723 4478704.3261 0,443159.239 4478698.5761 0,443138.739 4478692.4094 0))",2728200,Verde,Batería,19
"MULTILINESTRING Z ((441725.6557 4478512.4094 0,441711.739 4478513.5761 0))",2728209,Verde,Línea,3
"MULTILINESTRING Z ((441692.5723 4478515.0761 0,441708.989 4478513.8261 0))",2728210,Verde,Línea,4
"MULTILINESTRING Z ((441671.5429 4478397.7004 0,441711.0429 4478394.3254 0))",2728225,Verde,Línea,8
"MULTILINESTRING Z ((441657.2929 4478398.8254 0,441664.9179 4478398.3254 0))",2728227,Verde,Línea,1
"MULTILINESTRING Z ((441664.6679 4478387.3254 0,441713.6679 4478383.9087 0))",2728238,Verde,Batería,18
"MULTILINESTRING Z ((441568.6679 4478395.242 0,441616.5845 4478391.492 0))",2728249,Azul,Batería,17
"MULTILINESTRING Z ((441586.1679 4478407.9504 0,441604.9179 4478406.5754 0))",2728268,Verde,Batería,7
"MULTILINESTRING Z ((441617.4179 4478405.4504 0,441626.5429 4478404.9504 0))",2728270,Verde,Batería,4
"MULTILINESTRING Z ((441572.2929 4478408.8254 0,441583.6679 4478407.8254 0))",2728274,Verde,Línea,2
"MULTILINESTRING Z ((442071.3223 4478673.4927 0,442098.1557 4478668.1594 0))",2728283,Verde,Línea,5
"MULTILINESTRING Z ((442033.6557 4478660.3261 0,442050.8223 4478663.6594 0))",2728292,Verde,Línea,3
"MULTILINESTRING Z ((442153.6557 4478684.1594 0,442153.6557 4478665.9927 0))",2728296,Verde,Línea,3
"MULTILINESTRING Z ((439410.1557 4476238.9927 0,439409.8223 4476230.9927 0))",2728297,Verde,Línea,1
"MULTILINESTRING Z ((443419.1396 4473003.9323 0,443414.684 4473005.696 0))",2728303,Verde,Batería,2
"MULTILINESTRING Z ((443424.0593 4473014.4215 0,443420.1607 4473004.4892 0))",2728304,Verde,Batería,4
"MULTILINESTRING Z ((443424.5168 4473015.4606 0,443416.1279 4473018.6273 0))",2728305,Verde,Batería,3
"MULTILINESTRING Z ((443415.9057 4473018.7384 0,443412.0168 4473020.0718 0))",2728306,Verde,Batería,2
"MULTILINESTRING Z ((443410.4057 4473018.7427 0,443408.739 4473018.5761 0,443406.9057 4473017.8261 0,443405.989 4473016.7427 0,443397.739 4472996.4094 0))",2728308,Verde,Línea,5
"MULTILINESTRING Z ((443393.8501 4472986.1316 0,443396.1834 4472992.5205 0))",2728309,Verde,Línea,1
"MULTILINESTRING Z ((442360.5723 4478598.9094 0,442350.3223 4478636.8261 0))",2728311,Azul,Batería,14
"MULTILINESTRING Z ((444975.989 4476689.3261 0,445013.489 4476712.6594 0))",2728326,Verde,Línea,9
"MULTILINESTRING Z ((440773.9983 4480308.181 0,440775.8223 4480306.4927 0))",2728340,Azul,Línea,1
"MULTILINESTRING Z ((444831.239 4476760.1594 0,444844.4057 4476769.6594 0))",2728341,Verde,Línea,3
"MULTILINESTRING Z ((443798.489 4476472.0761 0,443798.5723 4476454.2427 0))",2728344,Verde,Línea,3
"MULTILINESTRING Z ((443807.989 4476482.1594 0,443808.0723 4476490.7427 0))",2728346,Verde,Línea,2
"MULTILINESTRING Z ((443881.4057 4476887.8261 0,443886.3223 4476887.8261 0))",2728350,Verde,Línea,1
"MULTILINESTRING Z ((442032.739 4478411.3261 0,442045.739 4478424.6594 0))",2728376,Verde,Línea,3
"MULTILINESTRING Z ((441781.989 4478613.5761 0,441786.489 4478619.9927 0))",2728377,Verde,Línea,1
"MULTILINESTRING Z ((441815.3223 4478661.9927 0,441788.8223 4478623.2427 0))",2728379,Verde,Línea,9
"MULTILINESTRING Z ((441823.739 4478674.2427 0,441835.0723 4478690.4927 0))",2728382,Verde,Línea,4
"MULTILINESTRING Z ((441851.3223 4478713.9094 0,441836.739 4478692.9927 0))",2728383,Verde,Línea,5
"MULTILINESTRING Z ((441944.489 4478676.4094 0,441963.739 4478666.4927 0))",2728384,Verde,Línea,4
"MULTILINESTRING Z ((441995.5723 4478652.5761 0,441991.989 4478651.8261 0,441987.989 4478653.9927 0))",2728386,Verde,Línea,1
"MULTILINESTRING Z ((442004.5723 4478654.4094 0,442010.6557 4478655.6594 0))",2728391,Verde,Línea,1
"MULTILINESTRING Z ((442012.239 4478655.9094 0,442031.5723 4478659.7427 0))",2728392,Verde,Línea,4
"MULTILINESTRING Z ((441610.5723 4478611.4094 0,441620.9057 4478610.5761 0))",2728393,Verde,Batería,3
"MULTILINESTRING Z ((441591.739 4478598.1594 0,441616.6557 4478596.1594 0))",2728394,Verde,Batería,9
"MULTILINESTRING Z ((441636.5723 4478573.6594 0,441637.5723 4478584.4927 0))",2728395,Verde,Línea,1
"MULTILINESTRING Z ((443603.9057 4478882.3261 0,443608.1557 4478865.9094 0))",2728397,Verde,Línea,3
"MULTILINESTRING Z ((443392.989 4478855.6594 0,443385.4057 4478864.2427 0))",2728400,Azul,Línea,2
"MULTILINESTRING Z ((443367.5723 4478817.7427 0,443357.1557 4478829.5761 0))",2728401,Verde,Batería,5
"MULTILINESTRING Z ((443357.8223 4478810.1594 0,443334.1557 4478836.6594 0))",2728402,Verde,Batería,12
"MULTILINESTRING Z ((443351.1557 4478837.4094 0,443337.5723 4478849.9094 0))",2728403,Verde,Batería,6
"MULTILINESTRING Z ((443295.6557 4478826.0761 0,443289.989 4478829.2427 0,443289.5723 4478829.5761 0,443285.3223 4478842.5761 0))",2728407,Verde,Línea,4
"MULTILINESTRING Z ((441865.1557 4480458.5761 0,441860.1557 4480448.0761 0))",2728497,Verde,Línea,2
"MULTILINESTRING Z ((441849.6557 4480426.4927 0,441858.9057 4480445.3261 0))",2728506,Verde,Línea,4
"MULTILINESTRING Z ((444945.1557 4476660.4927 0,444953.1557 4476665.5761 0))",2728519,Verde,Línea,2
"MULTILINESTRING Z ((443456.7637 4484280.9218 0,443447.085 4484289.5534 0))",2728521,,,0
"MULTILINESTRING Z ((441757.8223 4479772.6594 0,441765.9057 4479774.6594 0))",2728522,Verde,Línea,1
"MULTILINESTRING Z ((441782.9057 4479779.1594 0,441809.3223 4479786.0761 0))",2728526,Verde,Línea,5
"MULTILINESTRING Z ((443646.3223 4477849.3261 0,443662.489 4477848.9927 0))",2728529,Verde,Línea,3
"MULTILINESTRING Z ((443467.8223 4478192.7427 0,443481.8223 4478273.8261 0))",2728535,Verde,Línea,18
"MULTILINESTRING Z ((440400.1615 4476146.6441 0,440402.5915 4476133.0649 0))",2728536,Verde,Línea,2
"MULTILINESTRING Z ((440408.8093 4476102.1901 0,440412.0969 4476083.9654 0))",2728538,Verde,Línea,3
"MULTILINESTRING Z ((440419.2445 4476047.7173 0,440427.8189 4476000.9198 0))",2728539,Verde,Línea,9
"MULTILINESTRING Z ((440435.5746 4475977.0829 0,440434.181 4475985.3377 0))",2728540,Verde,Línea,1
"MULTILINESTRING Z ((440439.3268 4475940.7407 0,440434.181 4475966.2553 0))",2728541,Verde,Línea,5
"MULTILINESTRING Z ((440432.2513 4475978.2622 0,440433.4305 4475972.1515 0))",2728542,Verde,Línea,1
"MULTILINESTRING Z ((440500.9691 4475918.5495 0,440509.4383 4475890.462 0))",2728544,Verde,Línea,6
"MULTILINESTRING Z ((440509.5455 4475890.462 0,440514.048 4475875.8822 0))",2728545,Verde,Línea,3
"MULTILINESTRING Z ((440513.9408 4475875.775 0,440519.6226 4475857.3359 0))",2728546,Verde,Línea,4
"MULTILINESTRING Z ((440514.739 4475886.0761 0,440521.9057 4475862.6594 0))",2728547,Verde,Línea,4
"MULTILINESTRING Z ((440560.253 4475862.6961 0,440574.0823 4475867.3059 0))",2728548,Verde,Línea,3
"MULTILINESTRING Z ((440548.675 4475853.9054 0,440574.7256 4475863.125 0))",2728549,Verde,Línea,5
"MULTILINESTRING Z ((440531.8439 4475847.6876 0,440547.6029 4475853.3694 0))",2728550,Verde,Línea,3
"MULTILINESTRING Z ((440579.9786 4475912.6533 0,440587.3756 4475890.6764 0))",2728553,Azul,Línea,4
"MULTILINESTRING Z ((443494.9057 4478275.3261 0,443541.4057 4478259.9927 0))",2728554,Verde,Línea,9
"MULTILINESTRING Z ((440571.0806 4475909.6515 0,440573.0103 4475904.3985 0))",2728555,Azul,Batería,1
"MULTILINESTRING Z ((440631.4365 4475991.3411 0,440651.1621 4475997.6661 0))",2728556,Verde,Línea,3
"MULTILINESTRING Z ((440666.5995 4476002.3831 0,440660.5961 4476000.5606 0))",2728557,Verde,Línea,1
"MULTILINESTRING Z ((440629.221 4476122.5589 0,440623.2176 4476120.6292 0))",2728560,Verde,Línea,1
"MULTILINESTRING Z ((440619.0723 4476119.1284 0,440611.9254 4476117.0558 0))",2728561,Verde,Línea,1
"MULTILINESTRING Z ((440579.9071 4476120.129 0,440563.9694 4476172.3016 0))",2728563,Verde,Línea,11
"MULTILINESTRING Z ((440556.6795 4476195.3862 0,440558.8236 4476188.7396 0))",2728566,Verde,Línea,1
"MULTILINESTRING Z ((440495.9305 4476171.98 0,440497.5386 4476167.263 0))",2728572,Azul,Línea,1
"MULTILINESTRING Z ((442814.6557 4478306.3261 0,442815.5723 4478310.4927 0,442817.3223 4478317.4927 0,442818.8223 4478322.3261 0))",2728573,Verde,Línea,3
"MULTILINESTRING Z ((440412.5972 4475749.0598 0,440427.3914 4475753.3479 0))",2728577,Verde,Línea,3
"MULTILINESTRING Z ((440429.6069 4475753.9912 0,440437.1827 4475756.1352 0))",2728578,Verde,Línea,2
"MULTILINESTRING Z ((440439.6841 4475756.6355 0,440455.193 4475760.7808 0))",2728579,Verde,Línea,3
"MULTILINESTRING Z ((440457.48 4475761.5669 0,440464.5555 4475763.3537 0))",2728580,Verde,Línea,1
"MULTILINESTRING Z ((440486.568 4475769.7144 0,440494.1438 4475772.0015 0))",2728581,Verde,Línea,2
"MULTILINESTRING Z ((440496.3594 4475772.3588 0,440504.078 4475774.4314 0))",2728582,Verde,Línea,2
"MULTILINESTRING Z ((440506.0792 4475775.0746 0,440514.0123 4475777.1473 0))",2728583,Verde,Línea,2
"MULTILINESTRING Z ((442954.239 4478306.4927 0,442959.8223 4478299.0761 0,442964.9057 4478292.9927 0,442972.4057 4478284.4094 0))",2728587,Verde,Línea,6
"MULTILINESTRING Z ((439433.2469 4475047.3589 0,439442.171 4475034.8152 0))",2728596,Verde,Línea,3
"MULTILINESTRING Z ((439431.9988 4475049.1063 0,439427.2559 4475055.9086 0))",2728597,Verde,Línea,2
"MULTILINESTRING Z ((439367.3458 4475141.2181 0,439377.3932 4475127.0519 0))",2728598,Verde,Línea,3
"MULTILINESTRING Z ((439363.7262 4475146.5851 0,439366.4097 4475142.9031 0))",2728599,Verde,Línea,1
"MULTILINESTRING Z ((439335.7057 4475186.65 0,439338.4516 4475182.8432 0))",2728602,Verde,Línea,1
"MULTILINESTRING Z ((442949.4057 4478172.5761 0,442955.989 4478179.2427 0))",2728605,Verde,Línea,1
"MULTILINESTRING Z ((443038.5723 4478162.6594 0,443027.989 4478159.5761 0))",2728611,Verde,Línea,2
"MULTILINESTRING Z ((443462.739 4474772.1594 0,443452.0723 4474772.8261 0))",2728613,Verde,Línea,2
"MULTILINESTRING Z ((443509.989 4474768.6594 0,443517.739 4474768.1594 0))",2728615,Verde,Línea,1
"MULTILINESTRING Z ((442106.9057 4478131.0761 0,442071.239 4478132.9094 0))",2728628,Verde,Línea,7
"MULTILINESTRING Z ((442032.5723 4478135.1594 0,442068.6557 4478133.1594 0))",2728629,Verde,Línea,8
"MULTILINESTRING Z ((442254.5723 4478218.2427 0,442252.989 4478220.6594 0,442251.5723 4478223.4094 0,442249.9057 4478228.0761 0,442249.5723 4478228.7427 0))",2728631,Azul,Batería,4
"MULTILINESTRING Z ((443510.4057 4476345.2427 0,443515.6557 4476348.5761 0))",2728633,Verde,Batería,3
"MULTILINESTRING Z ((444670.5845 4476400.1587 0,444723.3345 4476433.0754 0))",2728634,Verde,Línea,13
"MULTILINESTRING Z ((444750.1557 4476450.0761 0,444765.239 4476459.4927 0))",2728635,Verde,Línea,3
"MULTILINESTRING Z ((442261.5723 4478234.2427 0,442261.9057 4478238.3261 0,442263.739 4478242.9094 0,442266.8223 4478246.9927 0,442269.739 4478249.4094 0,442273.3223 4478251.1594 0))",2728644,Verde,Batería,8
"MULTILINESTRING Z ((442308.239 4478228.4927 0,442307.3223 4478225.4927 0))",2728649,Verde,Batería,1
"MULTILINESTRING Z ((442301.6557 4478215.3261 0,442303.489 4478217.5761 0))",2728652,Verde,Batería,1
"MULTILINESTRING Z ((442304.0723 4478218.5761 0,442305.5723 4478220.9927 0))",2728656,Verde,Batería,1
"MULTILINESTRING Z ((442305.8223 4478221.5761 0,442306.9057 4478224.3261 0))",2728657,Verde,Batería,1
"MULTILINESTRING Z ((442246.239 4478268.1594 0,442237.9057 4478276.4927 0,442232.8223 4478282.2427 0,442227.489 4478288.9094 0,442224.1557 4478293.8261 0))",2728658,Verde,Línea,6
"MULTILINESTRING Z ((442241.489 4478305.3261 0,442226.1557 4478305.5761 0))",2728659,Verde,Línea,4
"MULTILINESTRING Z ((444091.1557 4478307.8261 0,444060.239 4478354.7427 0))",2728676,Verde,Línea,12
"MULTILINESTRING Z ((443443.239 4474773.8261 0,443433.239 4474774.4094 0))",2728693,Verde,Línea,2
"MULTILINESTRING Z ((440628.8223 4475360.0162 0,440602.239 4475348.2662 0))",2728694,Verde,Línea,6
"MULTILINESTRING Z ((443173.989 4478598.5761 0,443170.3223 4478601.5761 0))",2728705,Verde,Batería,1
"MULTILINESTRING Z ((443166.5307 4478529.7011 0,443173.7807 4478597.4511 0))",2728706,Verde,Batería,28
"MULTILINESTRING Z ((442460.5723 4478398.2427 0,442495.4057 4478427.3261 0))",2728717,Verde,Línea,9
"MULTILINESTRING Z ((442542.0723 4478486.4927 0,442546.739 4478492.5761 0,442549.6557 4478497.0761 0,442552.5723 4478502.1594 0,442554.4057 4478506.1594 0,442558.4057 4478517.0761 0,442559.739 4478522.7427 0))",2728732,Verde,Línea,8
"MULTILINESTRING Z ((442146.4057 4478387.9927 0,442164.239 4478386.4927 0))",2728736,Verde,Línea,4
"MULTILINESTRING Z ((442201.489 4478383.9094 0,442167.489 4478386.3261 0))",2728737,Verde,Línea,8
"MULTILINESTRING Z ((442334.5723 4478449.1594 0,442338.6557 4478434.2427 0))",2728758,Verde,Línea,3
"MULTILINESTRING Z ((442378.8871 4478533.5761 0,442378.3316 4478535.539 0))",2728760,Azul,Batería,1
"MULTILINESTRING Z ((443536.5307 4474434.8261 0,443534.0307 4474429.0761 0))",2728767,Azul,Línea,1
"MULTILINESTRING Z ((442390.5723 4478537.8261 0,442380.489 4478574.5761 0))",2728769,Verde,Batería,16
"MULTILINESTRING Z ((440132.489 4470534.8261 0,440134.4057 4470519.1594 0))",2728777,Verde,Línea,3
"MULTILINESTRING Z ((440084.739 4470287.7427 0,440069.739 4470285.9094 0))",2728781,Verde,Línea,3
"MULTILINESTRING Z ((440485.4057 4472421.5761 0,440502.3223 4472435.4094 0))",2728785,Verde,Línea,4
"MULTILINESTRING Z ((442662.1557 4478701.9927 0,442679.739 4478700.9927 0))",2728786,Verde,Batería,7
"MULTILINESTRING Z ((442662.489 4478721.6594 0,442686.9057 4478720.1594 0))",2728787,Azul,Batería,8
"MULTILINESTRING Z ((442623.0723 4478701.6594 0,442637.739 4478700.6594 0))",2728788,Verde,Batería,7
"MULTILINESTRING Z ((442180.0836 4472286.9391 0,442138.7208 4472332.5443 0))",2728791,Verde,Línea,12
"MULTILINESTRING Z ((442130.5012 4472342.4872 0,442134.3459 4472337.582 0))",2728792,Verde,Línea,1
"MULTILINESTRING Z ((443467.3223 4474771.9094 0,443505.1557 4474769.1594 0))",2728793,Verde,Línea,7
"MULTILINESTRING Z ((443561.1557 4474765.0761 0,443532.0723 4474767.0761 0))",2728794,Verde,Línea,5
"MULTILINESTRING Z ((442658.1557 4478721.9927 0,442637.8223 4478723.1594 0))",2728795,Azul,Batería,7
"MULTILINESTRING Z ((442531.239 4478708.7427 0,442579.4057 4478705.7427 0))",2728797,Verde,Batería,19
"MULTILINESTRING Z ((440608.3711 4475798.2956 0,440604.0852 4475811.5818 0))",2728800,Azul,Línea,2
"MULTILINESTRING Z ((443540.9057 4478333.9927 0,443546.6557 4478369.5761 0))",2728820,Verde,Línea,7
"MULTILINESTRING Z ((440720.418 4478865.9094 0,440725.7267 4478883.3662 0))",2728863,Verde,Batería,7
"MULTILINESTRING Z ((440709.1557 4470179.6594 0,440703.6557 4470162.5761 0))",2728943,Verde,Línea,4
"MULTILINESTRING Z ((440119.989 4470245.4094 0,440127.1557 4470189.8261 0))",2729004,Verde,Línea,11
"MULTILINESTRING Z ((439571.3223 4473489.4927 0,439558.489 4473469.3261 0,439553.1557 4473460.6594 0))",2729008,Verde,Línea,7
"MULTILINESTRING Z ((441149.3223 4475244.8261 0,441142.739 4475220.8261 0))",2729017,Verde,Línea,5
"MULTILINESTRING Z ((442119.7807 4471611.2011 0,442114.1557 4471608.7011 0))",2729023,Azul,Batería,2
"MULTILINESTRING Z ((442126.6557 4471614.3261 0,442120.9057 4471611.7011 0))",2729024,Azul,Batería,3
"MULTILINESTRING Z ((442133.4057 4471617.7011 0,442127.4057 4471614.5761 0))",2729025,Azul,Batería,3
"MULTILINESTRING Z ((442140.9057 4471620.8261 0,442134.6557 4471618.0761 0))",2729026,Azul,Batería,3
"MULTILINESTRING Z ((442147.5307 4471624.5761 0,442141.2807 4471621.3261 0))",2729027,Azul,Batería,3
"MULTILINESTRING Z ((442154.2807 4471627.3261 0,442148.0307 4471624.7011 0))",2729028,Azul,Batería,3
"MULTILINESTRING Z ((442143.9057 4471563.0761 0,442137.4057 4471577.3261 0))",2729029,Azul,Batería,5
"MULTILINESTRING Z ((443033.8223 4479920.2427 0,443017.6557 4479921.9094 0))",2729103,Verde,Línea,3
"MULTILINESTRING Z ((443024.739 4479913.5761 0,443040.8223 4479911.9094 0))",2729106,Verde,Línea,3
"MULTILINESTRING Z ((444565.5723 4476342.7427 0,444557.9057 4476355.0761 0))",2729110,Verde,Línea,3
"MULTILINESTRING Z ((444712.4057 4476560.9927 0,444762.489 4476592.3261 0))",2729114,Verde,Línea,12
"MULTILINESTRING Z ((439302.6557 4470812.7427 0,439285.1557 4470812.9927 0))",2729121,Verde,Batería,7
"MULTILINESTRING Z ((439294.3669 4470806.757 0,439304.3906 4470806.3614 0))",2729139,Azul,Batería,3
"MULTILINESTRING Z ((440165.06 4478575.7119 0,440176.3439 4478588.7242 0))",2729221,Azul,Línea,3
"MULTILINESTRING Z ((440581.6279 4478821.1934 0,440586.4921 4478819.5143 0))",2729222,Verde,Línea,1
"MULTILINESTRING Z ((445362.989 4475828.9094 0,445352.4057 4475846.2427 0))",2729268,Verde,Línea,4
"MULTILINESTRING Z ((443993.739 4478505.0761 0,444006.989 4478528.4927 0))",2729270,Verde,Línea,5
"MULTILINESTRING Z ((444010.4057 4478534.4927 0,444034.3223 4478576.7427 0))",2729272,Verde,Línea,11
"MULTILINESTRING Z ((442606.989 4477014.3261 0,442599.1557 4477024.9927 0))",2729306,Verde,Línea,3
"MULTILINESTRING Z ((439978.1557 4474253.4927 0,439950.239 4474209.2427 0))",2729328,Verde,Línea,8
"MULTILINESTRING Z ((439983.239 4474262.6594 0,439978.4057 4474253.9927 0))",2729332,Verde,Línea,2
"MULTILINESTRING Z ((440369.2424 4475441.7305 0,440362.9839 4475443.3631 0))",2729339,Verde,Línea,1
"MULTILINESTRING Z ((440244.5723 4476270.1594 0,440204.6557 4476273.0761 0))",2729340,Azul,Línea,8
"MULTILINESTRING Z ((442497.1539 4473370.0812 0,442505.5123 4473385.5814 0))",2729344,Verde,Línea,4
"MULTILINESTRING Z ((439860.739 4474466.8261 0,439907.1557 4474507.0761 0))",2729384,Verde,Línea,10
"MULTILINESTRING Z ((439915.3223 4474514.9927 0,439910.9057 4474510.8261 0))",2729385,Verde,Línea,1
"MULTILINESTRING Z ((439014.0307 4472816.7011 0,439012.2807 4472831.9511 0))",2729390,Verde,Batería,6
"MULTILINESTRING Z ((441443.6557 4475955.4511 0,441448.2807 4475977.0761 0))",2729502,Verde,Línea,4
"MULTILINESTRING Z ((444610.8223 4476086.9927 0,444617.1557 4476087.9927 0))",2729506,Verde,Línea,1
"MULTILINESTRING Z ((439808.2946 4478153.3168 0,439833.3686 4478164.9464 0))",2729516,Azul,Batería,8
"MULTILINESTRING Z ((439841.5538 4478168.7901 0,439838.8707 4478167.5226 0))",2729517,Azul,Batería,1
"MULTILINESTRING Z ((440436.2946 4480768.4279 0,440442.4057 4480745.0205 0))",2729640,Verde,Línea,5
"MULTILINESTRING Z ((439202.6962 4470817.1507 0,439203.3161 4470841.3255 0))",2729668,Verde,Línea,5
"MULTILINESTRING Z ((440194.2946 4479401.3827 0,440195.0024 4479406.6337 0,440196.0394 4479413.4485 0,440196.0723 4479414.2057 0,440196.204 4479414.5678 0,440197.2081 4479421.4979 0,440197.3234 4479422.8641 0,440200.7472 4479445.9917 0))",2729682,Verde,Batería,18
"MULTILINESTRING Z ((440204.7308 4479473.4979 0,440204.204 4479470.2222 0,440202.5579 4479458.502 0))",2729683,Verde,Batería,6
"MULTILINESTRING Z ((440115.0128 4479604.5922 0,440122.0491 4479604.3039 0,440125.0275 4479604.0113 0))",2729723,Verde,Línea,2
"MULTILINESTRING Z ((440164.1596 4479576.8481 0,440166.8616 4479572.6178 0))",2729743,Verde,Línea,1
"MULTILINESTRING Z ((440834.739 4479413.3662 0,440841.2822 4479410.7242 0,440851.6526 4479405.86 0))",2729755,Verde,Línea,3
"MULTILINESTRING Z ((441058.097 4479217.2427 0,441049.4304 4479224.2304 0))",2729784,Verde,Línea,2
"MULTILINESTRING Z ((437628.7839 4472948.2821 0,437543.091 4472946.0319 0))",2729797,Verde,Línea,17
"MULTILINESTRING Z ((440277.2822 4479004.823 0,440282.1711 4478992.0822 0))",2729859,Verde,Línea,2
"MULTILINESTRING Z ((440250.0763 4478890.5194 0,440256.3241 4478866.4646 0))",2729871,Verde,Línea,5
"MULTILINESTRING Z ((440707.381 4478346.3292 0,440706.3686 4478337.6378 0))",2729874,Verde,Línea,1
"MULTILINESTRING Z ((440896.6814 4478943.2427 0,440887.595 4478918.2551 0))",2729880,Verde,Línea,5
"MULTILINESTRING Z ((439860.6896 4478139.8353 0,439871.9983 4478139.6131 0))",2729891,Verde,Línea,2
"MULTILINESTRING Z ((439931.702 4478151.3168 0,439931.5044 4478162.8724 0))",2729896,Verde,Línea,2
"MULTILINESTRING Z ((439931.3481 4478171.8847 0,439930.8542 4478198.6501 0))",2729902,Verde,Línea,5
"MULTILINESTRING Z ((440142.6567 4479730.3209 0,440145.1588 4479726.1892 0))",2729918,Verde,Línea,1
"MULTILINESTRING Z ((440137.1588 4479189.6872 0,440140.1711 4479181.7859 0))",2729937,Verde,Línea,1
"MULTILINESTRING Z ((440212.5168 4478399.4403 0,440216.1958 4478395.1934 0))",2729941,Verde,Línea,1
"MULTILINESTRING Z ((442633.739 4476243.6594 0,442634.489 4476254.8261 0))",2730071,Verde,Batería,4
"MULTILINESTRING Z ((440069.6654 4479336.2206 0,440068.3522 4479341.0041 0))",2730082,Verde,Línea,1
"MULTILINESTRING Z ((445197.4057 4476305.0761 0,445218.9057 4476318.4094 0))",2730150,Verde,Línea,5
"MULTILINESTRING Z ((445168.1557 4476286.8261 0,445192.739 4476302.0761 0))",2730151,Verde,Línea,6
"MULTILINESTRING Z ((440010.6128 4478895.7366 0,440018.4372 4478896.3731 0))",2730176,Verde,Línea,1
"MULTILINESTRING Z ((440872.1557 4471646.9094 0,440855.9057 4471629.6594 0))",2730362,Verde,Línea,5
"MULTILINESTRING Z ((443403.9057 4475196.0761 0,443369.0723 4475198.4094 0))",2730447,Verde,Línea,7
"MULTILINESTRING Z ((440126.6275 4472246.0507 0,440143.6911 4472235.175 0))",2730511,Verde,Batería,6
"MULTILINESTRING Z ((440086.3125 4472274.74 0,440117.8144 4472253.1761 0))",2730513,Verde,Batería,12
"MULTILINESTRING Z ((440071.499 4472284.6781 0,440078.2495 4472280.5528 0))",2730514,Verde,Batería,3
"MULTILINESTRING Z ((440130.0307 4472234.8261 0,440097.7807 4472257.5761 0))",2730516,Verde,Línea,7
"MULTILINESTRING Z ((440065.1557 4472281.0761 0,440052.0307 4472289.9511 0))",2730518,Verde,Línea,3
"MULTILINESTRING Z ((440033.1557 4472287.7011 0,440028.0307 4472258.8261 0))",2730520,Verde,Línea,6
"MULTILINESTRING Z ((440027.9057 4472258.2011 0,440026.0307 4472247.2011 0))",2730522,Verde,Línea,2
"MULTILINESTRING Z ((440020.5307 4472223.0761 0,440014.2807 4472187.8261 0))",2730524,Verde,Línea,7
"MULTILINESTRING Z ((440003.5307 4472162.4511 0,440005.5307 4472172.9511 0))",2730525,Verde,Batería,4
"MULTILINESTRING Z ((440009.5307 4472196.4511 0,440008.5307 4472190.9511 0))",2730526,Verde,Batería,2
"MULTILINESTRING Z ((440025.0307 4472276.2011 0,440027.9057 4472294.9511 0,440030.0307 4472297.7011 0))",2730528,Verde,Batería,9
"MULTILINESTRING Z ((437781.5723 4475587.2662 0,437789.989 4475575.5995 0))",2730537,Verde,Línea,3
"MULTILINESTRING Z ((439585.9057 4475920.7427 0,439591.1557 4475920.5761 0))",2730706,Verde,Línea,1
"MULTILINESTRING Z ((440081.4057 4470929.4094 0,440082.739 4470920.7427 0))",2730707,Verde,Línea,2
"MULTILINESTRING Z ((440524.6557 4475838.7011 0,440535.9057 4475801.7011 0))",2730996,Verde,Línea,8
"MULTILINESTRING Z ((440536.1557 4475800.7011 0,440538.2807 4475794.0761 0))",2730998,Verde,Línea,1
"MULTILINESTRING Z ((441075.5723 4476409.7427 0,441074.6557 4476397.3261 0))",2731007,Verde,Línea,2
"MULTILINESTRING Z ((439835.0168 4481583.2983 0,439840.1834 4481584.6872 0))",2731042,Verde,Línea,1
"MULTILINESTRING Z ((440343.3837 4479145.1203 0,440351.5222 4479145.4552 0))",2731044,Verde,Línea,1
"MULTILINESTRING Z ((439019.6002 4474983.8326 0,439027.7345 4474985.0441 0,439035.6957 4474984.1787 0,439079.8286 4474969.2947 0,439092.2897 4474963.4103 0,439111.5005 4474948.3532 0,439128.1153 4474934.5075 0,439181.2478 4474896.4321 0))",2731257,Naranja,Línea,38
"MULTILINESTRING Z ((438982.7362 4475099.3281 0,439002.697 4475174.9021 0,439008.9275 4475198.9012 0,439011.9274 4475209.0547 0,439013.7735 4475214.8237 0,439015.2734 4475219.0927 0,439017.8118 4475222.5541 0,439021.8501 4475226.5925 0,439026.0038 4475228.7847 0,439029.8113 4475230.4 0))",2731263,Naranja,Línea,29
"MULTILINESTRING Z ((441661.3223 4477219.8261 0,441656.239 4477215.0761 0))",2731303,Verde,Línea,1
"MULTILINESTRING Z ((440235.989 4472491.5761 0,440240.989 4472482.6594 0))",2731818,Azul,Batería,4
"MULTILINESTRING Z ((440257.9057 4472452.3261 0,440245.489 4472475.4094 0))",2731824,Azul,Batería,9
"MULTILINESTRING Z ((440493.9057 4472630.4927 0,440507.6557 4472641.7427 0))",2731838,Verde,Línea,4
"MULTILINESTRING Z ((440533.989 4472662.9094 0,440507.989 4472642.0761 0))",2731841,Verde,Línea,7
"MULTILINESTRING Z ((442004.2512 4472265.742 0,442015.3345 4472275.1587 0))",2731846,Verde,Batería,6
"MULTILINESTRING Z ((441996.8345 4472258.992 0,442000.2512 4472262.492 0))",2731847,Verde,Batería,2
"MULTILINESTRING Z ((442048.7686 4472302.4788 0,442038.6926 4472294.6125 0))",2731848,Verde,Batería,6
"MULTILINESTRING Z ((442025.3463 4472283.3875 0,442023.4902 4472281.443 0))",2731849,Verde,Batería,1
"MULTILINESTRING Z ((442070.6883 4472320.9515 0,442089.8681 4472336.6843 0))",2731851,Verde,Batería,10
"MULTILINESTRING Z ((442068.8322 4472319.3606 0,442062.9103 4472314.5877 0))",2731853,Verde,Batería,3
"MULTILINESTRING Z ((442060.082 4472302.3905 0,442103.4796 4472338.7171 0))",2731854,Verde,Batería,18
"MULTILINESTRING Z ((442107.6337 4472342.7829 0,442105.6008 4472340.9268 0))",2731856,Verde,Batería,1
"MULTILINESTRING Z ((442001.3936 4472253.7781 0,442003.3381 4472255.1923 0))",2731857,Verde,Batería,1
"MULTILINESTRING Z ((442007.0845 4472258.1587 0,442010.8345 4472261.3254 0))",2731858,Verde,Batería,2
"MULTILINESTRING Z ((442024.0012 4472272.5754 0,442012.0012 4472262.4087 0))",2731859,Verde,Batería,6
"MULTILINESTRING Z ((442039.6679 4472285.9087 0,442024.4179 4472272.8254 0))",2731861,Verde,Batería,8
"MULTILINESTRING Z ((443375.489 4476642.0761 0,443377.5723 4476656.9927 0))",2732041,Verde,Línea,3
"MULTILINESTRING Z ((443372.8223 4476636.2427 0,443373.3223 4476641.4094 0))",2732044,Verde,Línea,1
"MULTILINESTRING Z ((443739.0723 4477018.4927 0,443731.0723 4477032.9927 0))",2732046,Azul,Línea,3
"MULTILINESTRING Z ((443762.0723 4476975.5761 0,443759.739 4476980.9094 0,443743.5723 4477010.3261 0))",2732047,Azul,Línea,9
"MULTILINESTRING Z ((443715.489 4476633.7427 0,443702.6557 4476640.0761 0))",2732115,Verde,Línea,3
"MULTILINESTRING Z ((443686.0723 4476995.1594 0,443687.4057 4476992.5761 0))",2732124,Verde,Batería,1
"MULTILINESTRING Z ((443683.4179 4477000.4087 0,443680.9179 4477005.242 0))",2732128,Verde,Batería,2
"MULTILINESTRING Z ((440033.739 4472235.5761 0,440052.3223 4472231.9094 0))",2732129,Verde,Batería,9
"MULTILINESTRING Z ((440988.1557 4474337.8261 0,440990.9057 4474319.4511 0))",2732130,Verde,Línea,4
"MULTILINESTRING Z ((440994.2807 4474286.7011 0,440991.9057 4474305.8261 0))",2732131,Verde,Línea,4
"MULTILINESTRING Z ((443335.489 4475005.7427 0,443383.8223 4475002.4094 0))",2732154,Verde,Línea,11
"MULTILINESTRING Z ((442563.239 4474417.8261 0,442554.739 4474418.7427 0))",2732160,Verde,Línea,2
"MULTILINESTRING Z ((442530.239 4474420.7427 0,442524.239 4474421.3261 0))",2732162,Verde,Línea,1
"MULTILINESTRING Z ((440668.4057 4470803.6594 0,440680.989 4470806.5761 0))",2732166,Verde,Línea,2
"MULTILINESTRING Z ((441974.2807 4476526.7011 0,441965.9057 4476413.5761 0))",2732321,Verde,Línea,25
"MULTILINESTRING Z ((444669.489 4475169.0761 0,444687.0723 4475185.6594 0))",2732342,Azul,Batería,8
"MULTILINESTRING Z ((444658.0723 4475158.3261 0,444665.489 4475165.2427 0))",2732354,Azul,Batería,3
"MULTILINESTRING Z ((439726.4057 4480961.3538 0,439731.5908 4480941.2798 0))",2732432,Verde,Línea,4
"MULTILINESTRING Z ((441691.4057 4477597.7427 0,441679.6557 4477601.3261 0))",2732703,Verde,Línea,3
"MULTILINESTRING Z ((441692.4057 4477599.9927 0,441725.6557 4477589.2427 0))",2732709,Verde,Línea,7
"MULTILINESTRING Z ((440220.4179 4471152.242 0,440262.7512 4471188.492 0))",2732838,Verde,Línea,12
"MULTILINESTRING Z ((440941.9179 4473097.7004 0,440962.1679 4473038.3254 0,440972.6679 4473010.2004 0))",2732853,Verde,Línea,19
"MULTILINESTRING Z ((442905.1679 4474949.3254 0,442891.2512 4474950.492 0))",2732952,Verde,Línea,3
"MULTILINESTRING Z ((442979.8345 4477392.9087 0,442996.0012 4477405.3254 0))",2733031,Verde,Línea,5
"MULTILINESTRING Z ((445212.3345 4476080.5754 0,445199.4179 4476102.5754 0))",2733162,Verde,Línea,5
"MULTILINESTRING Z ((439342.0012 4476702.1587 0,439341.5845 4476696.1587 0))",2733192,Verde,Línea,1
"MULTILINESTRING Z ((439340.9179 4476687.4087 0,439340.6679 4476681.742 0))",2733193,Verde,Línea,1
"MULTILINESTRING Z ((439207.0429 4476091.4504 0,439209.4179 4476133.0754 0))",2733194,Verde,Línea,8
"MULTILINESTRING Z ((439213.1679 4476198.8254 0,439210.2929 4476149.4504 0))",2733195,Verde,Línea,10
"MULTILINESTRING Z ((440009.7636 4478630.5784 0,440005.887 4478635.1463 0))",2733196,Verde,Batería,2
"MULTILINESTRING Z ((440313.0228 4478155.8871 0,440324.1586 4478156.4797 0))",2733198,Verde,Línea,2
"MULTILINESTRING Z ((439849.1679 4470331.242 0,439855.5845 4470332.6587 0))",2733199,Verde,Línea,1
"MULTILINESTRING Z ((440646.1339 4478806.3562 0,440682.85 4478793.6896 0))",2733200,Verde,Línea,8
"MULTILINESTRING Z ((440642.4179 4478800.1587 0,440680.1586 4478786.8624 0))",2733201,Verde,Línea,8
"MULTILINESTRING Z ((439935.2512 4470419.9087 0,439937.4179 4470404.6587 0))",2733203,Verde,Línea,3
"MULTILINESTRING Z ((440953.5413 4479203.7389 0,440979.0969 4479194.3562 0))",2733207,Verde,Línea,5
"MULTILINESTRING Z ((440953.6401 4478898.1957 0,440959.6031 4478915.3439 0))",2733209,Verde,Batería,9
"MULTILINESTRING Z ((440947.8253 4478881.6772 0,440951.6401 4478892.4179 0))",2733210,Verde,Batería,4
"MULTILINESTRING Z ((440980.7512 4479433.1587 0,440995.9364 4479423.8254 0))",2733211,Verde,Línea,3
"MULTILINESTRING Z ((443655.1679 4475287.8254 0,443671.0012 4475281.6587 0))",2733250,Verde,Línea,3
"MULTILINESTRING Z ((437171.5012 4473499.992 0,437166.6679 4473496.5754 0))",2733251,Verde,Línea,1
"MULTILINESTRING Z ((439797.2697 4478648.3068 0,439810.3438 4478643.6402 0))",2733263,Verde,Línea,3
"MULTILINESTRING Z ((440058.9981 4478573.8459 0,440071.3603 4478559.3933 0))",2733266,Verde,Batería,7
"MULTILINESTRING Z ((443418.6679 4475198.3254 0,443390.0012 4475200.3254 0))",2733274,Verde,Línea,5
"MULTILINESTRING Z ((439654.4919 4478491.455 0,439672.1957 4478482.6772 0))",2733275,Verde,Línea,4
"MULTILINESTRING Z ((439696.566 4478459.6031 0,439697.566 4478457.6402 0,439698.4919 4478455.492 0,439699.3438 4478453.1587 0,439700.0845 4478450.6402 0,439701.1216 4478446.5661 0,439701.4919 4478444.7142 0,439702.0475 4478439.8994 0))",2733281,Verde,Línea,4
"MULTILINESTRING Z ((439701.6771 4478429.2698 0,439702.0105 4478432.492 0,439702.1216 4478435.8624 0))",2733286,Verde,Línea,1
"MULTILINESTRING Z ((439678.9981 4478375.5414 0,439681.0475 4478380.3068 0))",2733288,Verde,Línea,1
"MULTILINESTRING Z ((439688.4179 4478396.1957 0,439682.2697 4478383.1957 0))",2733289,Verde,Línea,3
"MULTILINESTRING Z ((439683.6771 4478335.7513 0,439681.1216 4478341.6031 0))",2733291,Verde,Línea,1
"MULTILINESTRING Z ((439680.0105 4478344.3439 0,439679.3438 4478346.0476 0,439678.7142 4478348.1957 0,439678.1957 4478351.2328 0,439678.0475 4478353.6402 0,439678.1216 4478355.7142 0,439678.3808 4478357.0105 0,439678.8253 4478358.2698 0,439679.8253 4478360.1957 0))",2733295,Verde,Línea,3
"MULTILINESTRING Z ((439682.1957 4478362.5291 0,439703.7882 4478375.2698 0))",2733298,Verde,Línea,5
"MULTILINESTRING Z ((439708.029 4478377.8809 0,439730.8623 4478391.3809 0))",2733300,Verde,Línea,5
"MULTILINESTRING Z ((439742.0599 4478526.134 0,439746.3808 4478507.2204 0))",2733304,Verde,Línea,4
"MULTILINESTRING Z ((439749.994 4478491.4591 0,439747.0146 4478504.5126 0))",2733306,Verde,Línea,3
"MULTILINESTRING Z ((439159.6538 4472688.1428 0,439159.5476 4472693.1337 0))",2733308,Verde,Línea,1
"MULTILINESTRING Z ((439159.5476 4472685.7004 0,439159.4414 4472676.1432 0))",2733309,Verde,Línea,2
"MULTILINESTRING Z ((439159.6538 4472674.4441 0,439159.5476 4472664.5684 0))",2733310,Verde,Línea,2
"MULTILINESTRING Z ((439159.4414 4472662.6569 0,439159.4414 4472657.666 0))",2733312,Verde,Línea,1
"MULTILINESTRING Z ((439166.2377 4472697.8061 0,439166.1315 4472687.8242 0))",2733313,Verde,Línea,2
"MULTILINESTRING Z ((439166.0253 4472686.4437 0,439166.0253 4472676.3556 0))",2733314,Verde,Línea,2
"MULTILINESTRING Z ((439166.2377 4472674.1256 0,439166.1315 4472664.6746 0))",2733315,Verde,Línea,2
"MULTILINESTRING Z ((439166.2377 4472662.7631 0,439166.2377 4472658.4093 0))",2733316,Verde,Línea,1
"MULTILINESTRING Z ((439166.3439 4472653.0998 0,439166.3439 4472657.3474 0))",2733317,Verde,Línea,1
"MULTILINESTRING Z ((439166.4501 4472616.7825 0,439166.2377 4472606.8005 0))",2733318,Verde,Línea,2
"MULTILINESTRING Z ((439166.3439 4472604.5705 0,439166.3439 4472595.0133 0))",2733320,Verde,Línea,2
"MULTILINESTRING Z ((439159.5476 4472616.2515 0,439159.6538 4472606.8005 0))",2733321,Verde,Línea,2
"MULTILINESTRING Z ((439159.6538 4472604.6767 0,439159.8662 4472596.7124 0,439159.5476 4472595.5443 0))",2733322,Verde,Línea,2
"MULTILINESTRING Z ((439732.9734 4478566.5538 0,439738.8006 4478540.5291 0))",2733323,Verde,Línea,6
"MULTILINESTRING Z ((439740.529 4478532.8994 0,439739.4179 4478537.7389 0))",2733325,Verde,Línea,1
"MULTILINESTRING Z ((439760.9734 4478442.7883 0,439762.0845 4478437.9365 0))",2733328,Verde,Línea,1
"MULTILINESTRING Z ((439762.7512 4478434.9365 0,439764.0475 4478429.2328 0,439765.7512 4478422.5291 0,439767.0475 4478418.9365 0,439770.3808 4478411.3809 0))",2733331,Verde,Línea,5
"MULTILINESTRING Z ((439771.566 4478408.7019 0,439773.5907 4478404.0846 0))",2733333,Verde,Línea,1
"MULTILINESTRING Z ((439776.9734 4478396.6031 0,439782.6957 4478383.992 0))",2733340,Verde,Línea,3
"MULTILINESTRING Z ((439785.9117 4478376.6937 0,439783.9364 4478381.1546 0))",2733341,Verde,Línea,1
"MULTILINESTRING Z ((439787.8253 4478372.3809 0,439793.6031 4478359.1217 0))",2733349,Verde,Línea,3
"MULTILINESTRING Z ((439794.8253 4478356.2821 0,439796.7512 4478351.7883 0))",2733351,Verde,Línea,1
"MULTILINESTRING Z ((440528.8345 4470371.6587 0,440553.0845 4470336.4087 0))",2733358,Verde,Línea,8
"MULTILINESTRING Z ((440093.8623 4478533.0723 0,440090.1833 4478537.3439 0))",2733359,Verde,Batería,2
"MULTILINESTRING Z ((439689.1545 4478324.9735 0,439693.9117 4478315.5167 0))",2733366,Verde,Línea,2
"MULTILINESTRING Z ((439697.7389 4478307.8871 0,439695.4673 4478312.4056 0))",2733378,Verde,Línea,1
"MULTILINESTRING Z ((439704.1216 4478295.2328 0,439714.8253 4478273.7883 0))",2733381,Verde,Línea,6
"MULTILINESTRING Z ((439700.924 4478301.5661 0,439703.1216 4478297.1957 0))",2733383,Verde,Línea,1
"MULTILINESTRING Z ((440166.9364 4478479.8624 0,440172.7512 4478473.0476 0))",2733396,Verde,Línea,1
"MULTILINESTRING Z ((439952.7512 4478395.7513 0,439971.1216 4478377.3809 0))",2733403,Verde,Línea,5
"MULTILINESTRING Z ((439985.7142 4478381.7142 0,439999.566 4478397.3439 0))",2733415,Verde,Línea,4
"MULTILINESTRING Z ((439992.7142 4478374.8994 0,440000.8623 4478384.3439 0))",2733418,Verde,Línea,2
"MULTILINESTRING Z ((439935.3068 4478324.3439 0,439936.9364 4478326.2328 0))",2733427,Azul,Batería,1
"MULTILINESTRING Z ((440232.1216 4478389.455 0,440249.2327 4478369.8994 0))",2733433,Verde,Línea,5
"MULTILINESTRING Z ((440233.4673 4478390.5153 0,440250.5866 4478370.8939 0))",2733434,Verde,Línea,5
"MULTILINESTRING Z ((440258.4179 4478361.9365 0,440266.0475 4478353.1957 0,440267.5012 4478351.6587 0))",2733435,Verde,Línea,3
"MULTILINESTRING Z ((440272.7512 4478304.9982 0,440276.8747 4478333.4426 0))",2733440,Azul,Línea,6
"MULTILINESTRING Z ((439636.6771 4478264.6031 0,439636.1957 4478265.455 0,439636.1586 4478265.6772 0,439634.6031 4478268.8254 0))",2733446,Verde,Línea,1
"MULTILINESTRING Z ((440398.4057 4470916.4094 0,440406.1557 4470907.0761 0))",2733450,Verde,Línea,3
"MULTILINESTRING Z ((440391.3223 4470924.4094 0,440372.5723 4470945.9094 0))",2733452,Verde,Línea,7
"MULTILINESTRING Z ((439632.0845 4478274.0846 0,439610.2574 4478319.2698 0))",2733456,Verde,Línea,12
"MULTILINESTRING Z ((440496.6679 4470962.492 0,440482.6679 4470950.6587 0))",2733458,Azul,Línea,4
"MULTILINESTRING Z ((440482.0845 4470950.242 0,440470.8345 4470940.0754 0))",2733459,Azul,Línea,3
"MULTILINESTRING Z ((440466.3345 4470935.4087 0,440470.4179 4470939.0754 0))",2733460,Azul,Línea,1
"MULTILINESTRING Z ((439719.2512 4478224.5476 0,439715.1401 4478225.5476 0,439710.529 4478226.1031 0,439706.0845 4478226.3254 0,439703.9734 4478226.3254 0))",2733474,Verde,Línea,4
"MULTILINESTRING Z ((439738.8829 4478203.0805 0,439746.5701 4478187.0805 0))",2733479,Verde,Línea,3
"MULTILINESTRING Z ((439786.3561 4478231.2204 0,439788.208 4478236.9488 0))",2733480,Verde,Línea,1
"MULTILINESTRING Z ((439994.0723 4478143.1773 0,440009.6679 4478197.992 0))",2733486,Verde,Línea,12
"MULTILINESTRING Z ((442469.9179 4478996.3254 0,442488.4179 4478996.492 0))",2733487,Verde,Línea,3
"MULTILINESTRING Z ((442381.4179 4478994.9087 0,442435.6679 4478995.8254 0))",2733489,Verde,Línea,11
"MULTILINESTRING Z ((442294.4179 4478993.9087 0,442316.5845 4478994.0754 0))",2733490,Verde,Línea,4
"MULTILINESTRING Z ((440120.1557 4470163.2427 0,440128.489 4470168.4094 0))",2733491,Azul,Línea,2
"MULTILINESTRING Z ((438588.4179 4474235.992 0,438574.4179 4474229.5754 0))",2733492,Verde,Línea,3
"MULTILINESTRING Z ((440065.6648 4478242.7842 0,440062.4055 4478215.0805 0))",2733494,Verde,Línea,6
"MULTILINESTRING Z ((438026.1679 4473968.4504 0,437991.1679 4473951.0754 0))",2733496,Verde,Línea,8
"MULTILINESTRING Z ((437873.6679 4473895.7004 0,437913.2929 4473914.0754 0))",2733498,Verde,Línea,9
"MULTILINESTRING Z ((440059.9117 4478195.5414 0,440060.8994 4478203.6031 0))",2733500,Verde,Línea,1
"MULTILINESTRING Z ((440059.6401 4478268.3562 0,440062.6278 4478293.3439 0))",2733501,Verde,Batería,10
"MULTILINESTRING Z ((437771.2929 4473846.9504 0,437748.7929 4473836.0754 0))",2733504,Verde,Línea,5
"MULTILINESTRING Z ((437669.5429 4473798.0754 0,437681.1679 4473803.8254 0))",2733507,Verde,Línea,2
"MULTILINESTRING Z ((437561.2929 4473746.4504 0,437575.5429 4473753.3254 0))",2733509,Verde,Línea,3
"MULTILINESTRING Z ((440002.4549 4478295.455 0,439999.1957 4478293.7883 0,439979.8253 4478283.9365 0))",2733510,Verde,Batería,10
"MULTILINESTRING Z ((437475.2929 4473705.5754 0,437468.2929 4473702.3254 0))",2733512,Verde,Línea,1
"MULTILINESTRING Z ((437458.6679 4473697.5754 0,437449.9179 4473693.4504 0))",2733514,Verde,Línea,2
"MULTILINESTRING Z ((438257.4179 4474078.0754 0,438217.4179 4474058.9504 0))",2733518,Verde,Línea,9
"MULTILINESTRING Z ((440098.0818 4478073.5003 0,440107.2341 4478075.6841 0))",2733532,Verde,Línea,2
"MULTILINESTRING Z ((440216.3068 4478273.8254 0,440247.3808 4478269.6031 0))",2733534,Verde,Línea,7
"MULTILINESTRING Z ((442493.0845 4477376.242 0,442495.0012 4477395.742 0))",2733539,Azul,Línea,4
"MULTILINESTRING Z ((439949.1435 4478340.134 0,439958.9734 4478351.3439 0))",2733540,Azul,Batería,5
"MULTILINESTRING Z ((440250.8253 4478206.9735 0,440255.9117 4478206.8007 0))",2733541,Verde,Línea,1
"MULTILINESTRING Z ((440277.7142 4478206.0352 0,440261.1957 4478206.6278 0))",2733542,Verde,Línea,3
"MULTILINESTRING Z ((439325.0446 4470812.7287 0,439331.5297 4470812.6354 0))",2733551,Verde,Batería,2
"MULTILINESTRING Z ((440302.6031 4478183.3439 0,440299.3068 4478160.9365 0))",2733553,Verde,Línea,5
"MULTILINESTRING Z ((440330.2245 4478159.3439 0,440349.6977 4478160.6114 0))",2733554,Verde,Línea,4
"MULTILINESTRING Z ((444581.1216 4475296.7019 0,444577.6648 4475293.6155 0))",2733560,Verde,Línea,1
"MULTILINESTRING Z ((439794.2697 4478510.1217 0,439804.2697 4478494.1587 0))",2733617,Verde,Línea,4
"MULTILINESTRING Z ((439813.4426 4478479.4673 0,439806.5043 4478490.5538 0))",2733618,Verde,Línea,2
"MULTILINESTRING Z ((439819.9117 4478468.7513 0,439826.3808 4478458.4797 0))",2733619,Verde,Línea,2
"MULTILINESTRING Z ((439830.5043 4478451.92 0,439834.3891 4478445.7472 0))",2733621,Verde,Línea,1
"MULTILINESTRING Z ((439836.9364 4478441.6772 0,439842.0105 4478433.5291 0,439848.7512 4478422.7883 0))",2733622,Verde,Línea,4
"MULTILINESTRING Z ((439855.4179 4478412.0105 0,439851.3191 4478418.6525 0))",2733623,Verde,Línea,1
"MULTILINESTRING Z ((442688.5845 4473025.6587 0,442674.7512 4473034.992 0))",2733657,Verde,Línea,3
"MULTILINESTRING Z ((442651.0012 4473050.742 0,442674.1679 4473035.5754 0))",2733658,Verde,Línea,5
"MULTILINESTRING Z ((439877.0064 4478217.8953 0,439881.6483 4478223.8377 0))",2733659,Azul,Batería,3
"MULTILINESTRING Z ((443799.4829 4475328.8013 0,443795.9766 4475315.4442 0))",2733660,Verde,Batería,5
"MULTILINESTRING Z ((443797.7019 4475341.101 0,443780.616 4475345.3307 0))",2733661,Verde,Batería,6
"MULTILINESTRING Z ((439897.3932 4478247.1463 0,439890.5043 4478236.6525 0))",2733662,Azul,Batería,5
"MULTILINESTRING Z ((439913.4673 4478269.3686 0,439921.4673 4478284.5044 0))",2733668,Azul,Batería,6
"MULTILINESTRING Z ((439957.4179 4478323.7883 0,439973.3438 4478347.1957 0,439975.0475 4478349.8624 0,439978.9364 4478355.455 0))",2733669,Azul,Línea,7
"MULTILINESTRING Z ((439958.4549 4478321.7883 0,439952.8253 4478313.3068 0))",2733670,Azul,Línea,2
"MULTILINESTRING Z ((439971.6401 4478292.8994 0,439969.245 4478291.5908 0))",2733676,Verde,Batería,1
"MULTILINESTRING Z ((441900.4179 4479535.992 0,441898.0012 4479552.5754 0))",2733685,Azul,Línea,4
"MULTILINESTRING Z ((440052.208 4478062.5784 0,440047.2697 4478061.3933 0))",2733686,Verde,Línea,1
"MULTILINESTRING Z ((440059.566 4478064.3068 0,440077.0105 4478068.455 0))",2733688,Verde,Línea,4
"MULTILINESTRING Z ((440019.4673 4478015.5661 0,440030.7018 4478072.2328 0))",2733691,Verde,Batería,23
"MULTILINESTRING Z ((440001.8376 4477881.2451 0,440007.4426 4477928.8007 0))",2733692,Verde,Batería,19
"MULTILINESTRING Z ((439865.9611 4477948.6937 0,439922.0708 4477917.3411 0))",2733701,Verde,Línea,14
"MULTILINESTRING Z ((439923.2697 4477785.4179 0,439922.0845 4477787.1587 0,439917.6771 4477792.7883 0,439888.3808 4477832.5291 0))",2733714,Verde,Línea,13
"MULTILINESTRING Z ((440292.9734 4477942.7677 0,440304.6771 4477941.3521 0))",2733731,Azul,Línea,3
"MULTILINESTRING Z ((440016.4179 4477765.8994 0,440017.9364 4477760.8994 0))",2733740,Verde,Línea,1
"MULTILINESTRING Z ((440057.7142 4477651.1217 0,440051.7882 4477675.6031 0))",2733743,Azul,Línea,5
"MULTILINESTRING Z ((440265.8253 4477681.7883 0,440274.7882 4477681.8624 0))",2733746,Verde,Línea,2
"MULTILINESTRING Z ((440232.1092 4477679.5167 0,440257.3932 4477679.7883 0,440265.2203 4477679.9118 0))",2733749,Verde,Línea,6
"MULTILINESTRING Z ((441212.8994 4479437.813 0,441230.6031 4479460.0105 0))",2733755,Verde,Batería,13
"MULTILINESTRING Z ((439562.1833 4479500.9735 0,439560.2821 4479513.8624 0))",2733756,Verde,Línea,2
"MULTILINESTRING Z ((440034.4549 4478601.8871 0,440041.1463 4478594.3315 0))",2733757,Verde,Batería,5
"MULTILINESTRING Z ((439440.0105 4477142.5044 0,439470.1339 4477141.0229 0))",2733761,Verde,Batería,9
"MULTILINESTRING Z ((441138.7018 4478629.9118 0,441136.6607 4478630.0764 0))",2733763,Azul,Batería,1
"MULTILINESTRING Z ((440615.6648 4480238.5784 0,440608.2327 4480228.9735 0))",2733778,Verde,Línea,3
"MULTILINESTRING Z ((441282.8171 4481740.776 0,441281.4014 4481734.4385 0,441279.7059 4481725.4838 0,441278.5043 4481716.2986 0,441278.1915 4481702.5702 0,441279.0804 4481687.9694 0,441281.2203 4481674.3891 0,441290.0434 4481634.6854 0,441297.6319 4481605.4838 0,441305.385 4481580.8418 0,441311.2944 4481565.3356 0,441314.2574 4481558.8336 0))",2733785,Verde,Línea,40
"MULTILINESTRING Z ((441009.2697 4479352.4056 0,441000.6524 4479337.3686 0,440989.3932 4479317.0723 0))",2733786,Verde,Línea,8
"MULTILINESTRING Z ((443389.6679 4474313.242 0,443414.9179 4474328.8254 0))",2733787,Azul,Línea,6
"MULTILINESTRING Z ((443425.6679 4474335.6587 0,443420.4179 4474332.6587 0))",2733789,Azul,Línea,1
"MULTILINESTRING Z ((440300.4549 4479272.134 0,440301.9858 4479276.7266 0))",2733821,Azul,Línea,1
"MULTILINESTRING Z ((440303.9364 4479282.6278 0,440307.0722 4479292.0846 0))",2733822,Azul,Línea,2
"MULTILINESTRING Z ((439296.6614 4479539.7268 0,439297.2337 4479534.4702 0))",2733829,Verde,Línea,1
"MULTILINESTRING Z ((439313.1304 4479543.0477 0,439319.1945 4479543.6622 0))",2733830,Verde,Batería,2
"MULTILINESTRING Z ((439330.4187 4479544.8165 0,439336.7679 4479545.3996 0))",2733832,Verde,Batería,2
"MULTILINESTRING Z ((439356.1667 4479545.0205 0,439364.6401 4479544.7142 0))",2733835,Verde,Batería,3
"MULTILINESTRING Z ((439396.0692 4479528.4982 0,439386.8345 4479527.4087 0))",2733838,Verde,Batería,4
"MULTILINESTRING Z ((439388.1495 4479515.569 0,439405.1104 4479517.5199 0))",2733840,Verde,Línea,4
"MULTILINESTRING Z ((439414.5259 4479526.3357 0,439443.2929 4479529.4504 0))",2733841,Verde,Batería,10
"MULTILINESTRING Z ((439420.9672 4479516.2551 0,439430.6119 4479517.1449 0))",2733846,Verde,Línea,2
"MULTILINESTRING Z ((443721.3345 4476592.492 0,443725.6679 4476600.8254 0))",2733855,Verde,Línea,2
"MULTILINESTRING Z ((443711.5012 4476574.4087 0,443716.6679 4476583.742 0))",2733857,Verde,Línea,2
"MULTILINESTRING Z ((443703.6679 4476559.0754 0,443707.3345 4476566.1587 0))",2733861,Verde,Línea,2
"MULTILINESTRING Z ((441875.1679 4478807.3254 0,441876.1679 4478821.4087 0))",2733866,Azul,Línea,3
"MULTILINESTRING Z ((441876.9179 4478830.742 0,441880.9179 4478877.492 0))",2733867,Azul,Línea,10
"MULTILINESTRING Z ((440761.5845 4470926.742 0,440764.9179 4470922.8254 0))",2733873,Verde,Línea,1
"MULTILINESTRING Z ((440754.8345 4470934.492 0,440761.1679 4470927.4087 0))",2733874,Verde,Línea,2
"MULTILINESTRING Z ((443601.4734 4477952.7142 0,443594.6401 4477945.3254 0))",2733875,Azul,Línea,2
"MULTILINESTRING Z ((443203.3623 4477927.5476 0,443206.9734 4477908.4365 0))",2733902,Verde,Batería,7
"MULTILINESTRING Z ((443293.3345 4477918.9087 0,443243.8345 4477885.5754 0))",2733904,Azul,Línea,13
"MULTILINESTRING Z ((443201.4179 4477856.9087 0,443240.5845 4477883.4087 0))",2733905,Azul,Línea,10
"MULTILINESTRING Z ((443135.4179 4477816.8254 0,443155.5012 4477820.1587 0))",2733915,Azul,Línea,4
"MULTILINESTRING Z ((443206.8345 4477794.3254 0,443197.7512 4477803.992 0))",2733923,Verde,Línea,2
"MULTILINESTRING Z ((443210.6679 4477729.5754 0,443197.4179 4477722.242 0))",2733929,Verde,Batería,6
"MULTILINESTRING Z ((443164.0012 4477703.9087 0,443191.8345 4477719.3254 0))",2733930,Verde,Batería,11
"MULTILINESTRING Z ((443259.4179 4477756.992 0,443270.3345 4477764.1587 0))",2733963,Azul,Batería,5
"MULTILINESTRING Z ((443278.5845 4477769.8254 0,443282.2512 4477772.242 0))",2733965,Azul,Batería,1
"MULTILINESTRING Z ((443362.9179 4477742.6587 0,443369.5012 4477747.3254 0))",2733967,Verde,Línea,1
"MULTILINESTRING Z ((443420.6679 4477813.3254 0,443417.5845 4477818.4087 0))",2733975,Verde,Línea,1
"MULTILINESTRING Z ((443400.3345 4477846.492 0,443403.4179 4477841.3254 0))",2733981,Verde,Línea,1
"MULTILINESTRING Z ((443416.0012 4477820.8254 0,443404.7512 4477839.1587 0))",2733983,Verde,Línea,4
"MULTILINESTRING Z ((443376.7512 4477896.992 0,443385.5845 4477877.1587 0))",2733990,Verde,Línea,4
"MULTILINESTRING Z ((443394.0012 4477858.0754 0,443391.7512 4477862.9087 0,443386.9179 4477874.3254 0))",2733992,Verde,Línea,3
"MULTILINESTRING Z ((443121.0012 4477534.0754 0,443108.1679 4477549.242 0))",2733995,Verde,Batería,7
"MULTILINESTRING Z ((443072.3345 4477592.3254 0,443021.0012 4477653.5754 0))",2734031,Verde,Batería,30
"MULTILINESTRING Z ((443112.8345 4477562.492 0,443072.3345 4477610.8254 0))",2734056,Verde,Línea,14
"MULTILINESTRING Z ((442970.0012 4477496.992 0,442985.4179 4477506.9087 0))",2734063,Verde,Línea,4
"MULTILINESTRING Z ((442840.5012 4477464.9087 0,442835.0845 4477463.6587 0))",2734072,Verde,Línea,1
"MULTILINESTRING Z ((442826.5845 4477461.492 0,442831.8345 4477462.8254 0))",2734073,Verde,Línea,1
"MULTILINESTRING Z ((443020.0012 4477673.6587 0,442992.6679 4477705.992 0))",2734085,Verde,Línea,8
"MULTILINESTRING Z ((439913.5679 4471324.0754 0,439968.259 4471300.8552 0))",2734087,Verde,Línea,10
"MULTILINESTRING Z ((439978.0845 4470574.492 0,440024.5845 4470580.8254 0))",2734090,Verde,Línea,10
"MULTILINESTRING Z ((440037.6557 4470579.3261 0,440047.4057 4470580.4927 0))",2734093,Verde,Línea,1
"MULTILINESTRING Z ((442970.6679 4477732.242 0,442988.1679 4477711.4087 0))",2734095,Verde,Línea,5
"MULTILINESTRING Z ((439525.3345 4470919.0754 0,439524.7512 4470913.5754 0))",2734096,Verde,Línea,1
"MULTILINESTRING Z ((439630.2929 4471191.5754 0,439747.0429 4471139.8254 0))",2734101,Verde,Línea,27
"MULTILINESTRING Z ((443057.1679 4477716.242 0,443047.3345 4477726.242 0))",2734102,Verde,Línea,3
"MULTILINESTRING Z ((439627.973 4471187.1099 0,439667.8102 4471169.5963 0))",2734103,Verde,Línea,9
"MULTILINESTRING Z ((443043.0012 4477730.5754 0,443045.9179 4477727.6587 0))",2734105,Verde,Línea,1
"MULTILINESTRING Z ((443409.7512 4477775.742 0,443403.6679 4477771.5754 0))",2734296,Verde,Línea,1
"MULTILINESTRING Z ((440352.989 4471292.7427 0,440270.5723 4471387.4927 0))",2734300,Verde,Batería,45
"MULTILINESTRING Z ((439977.237 4471235.1285 0,440057.9154 4471201.208 0))",2734302,Verde,Batería,30
"MULTILINESTRING Z ((439777.455 4471276.8977 0,439788.0618 4471302.4281 0))",2734306,Verde,Batería,5
"MULTILINESTRING Z ((439802.9021 4471309.6001 0,439946.2979 4471249.3995 0))",2734307,Verde,Batería,51
"MULTILINESTRING Z ((439841.3345 4471136.0754 0,439872.6679 4471122.242 0))",2734309,Verde,Línea,5
"MULTILINESTRING Z ((439640.489 4471043.0761 0,439774.9057 4471002.4927 0))",2734310,Verde,Batería,51
"MULTILINESTRING Z ((439211.9348 4470814.9343 0,439270.6265 4470813.6154 0))",2734313,Verde,Batería,23
"MULTILINESTRING Z ((439400.6091 4470888.426 0,439500.0004 4470884.7011 0))",2734314,Verde,Batería,35
"MULTILINESTRING Z ((444732.0845 4475265.1587 0,444745.0012 4475277.3254 0))",2734315,Azul,Línea,3
"MULTILINESTRING Z ((440021.7715 4471349.8887 0,440087.1888 4471322.8967 0))",2734316,Verde,Batería,21
"MULTILINESTRING Z ((440355.0038 4470251.1794 0,440383.1784 4470209.6127 0))",2734321,Verde,Batería,20
"MULTILINESTRING Z ((443013.4179 4477799.9087 0,443007.3345 4477798.8254 0))",2734326,Azul,Línea,1
"MULTILINESTRING Z ((443025.9179 4477801.992 0,443036.9179 4477803.8254 0))",2734329,Azul,Línea,2
"MULTILINESTRING Z ((439938.6679 4470416.9504 0,439940.9179 4470401.4504 0))",2734332,Verde,Línea,3
"MULTILINESTRING Z ((442974.7512 4477921.0754 0,442968.8345 4477911.6587 0))",2734333,Verde,Línea,2
"MULTILINESTRING Z ((442860.5845 4477752.492 0,442867.2512 4477726.3254 0))",2734335,Verde,Línea,5
"MULTILINESTRING Z ((442556.5845 4478083.4087 0,442556.3345 4478080.742 0))",2734352,Verde,Batería,1
"MULTILINESTRING Z ((442555.3345 4478069.5754 0,442555.5845 4478072.6587 0))",2734355,Verde,Batería,1
"MULTILINESTRING Z ((442555.6679 4478074.1587 0,442556.2512 4478079.3254 0))",2734357,Verde,Batería,2
"MULTILINESTRING Z ((442546.0845 4477970.992 0,442544.5012 4477952.5754 0))",2734358,Verde,Batería,7
"MULTILINESTRING Z ((442848.4179 4478092.5754 0,442862.0012 4478093.0754 0,442870.4179 4478093.742 0,442875.7512 4478094.3254 0,442881.6679 4478095.242 0,442886.1679 4478096.0754 0,442889.6679 4478096.8254 0))",2734360,Verde,Línea,8
"MULTILINESTRING Z ((443340.2512 4473458.742 0,443344.7512 4473451.8254 0))",2734373,Verde,Línea,1
"MULTILINESTRING Z ((443347.0012 4473460.992 0,443352.5012 4473456.242 0))",2734374,Verde,Línea,1
"MULTILINESTRING Z ((442902.0012 4478088.992 0,442905.0012 4478078.8254 0,442908.4179 4478068.492 0,442909.9179 4478064.8254 0))",2734386,Verde,Línea,5
"MULTILINESTRING Z ((442915.4179 4478054.992 0,442918.8345 4478050.9087 0,442923.3345 4478045.992 0,442932.4179 4478037.1587 0))",2734390,Verde,Línea,5
"MULTILINESTRING Z ((442957.0012 4478012.8254 0,442943.7512 4478025.992 0))",2734391,Verde,Línea,4
"MULTILINESTRING Z ((442975.1957 4477994.992 0,442963.4734 4478006.4365 0))",2734393,Verde,Línea,3
"MULTILINESTRING Z ((442982.5845 4477984.6587 0,442984.7512 4477973.0476 0,442985.3068 4477969.4365 0))",2734394,Verde,Línea,3
"MULTILINESTRING Z ((442965.7512 4478020.492 0,442979.9179 4478034.492 0))",2734397,Verde,Línea,4
"MULTILINESTRING Z ((443005.3345 4478052.492 0,443034.4179 4478061.242 0))",2734400,Verde,Línea,6
"MULTILINESTRING Z ((443038.8345 4478062.5754 0,443065.0845 4478070.492 0))",2734404,Verde,Línea,6
"MULTILINESTRING Z ((443072.3345 4478072.6587 0,443101.0845 4478081.492 0,443125.0012 4478088.742 0))",2734405,Verde,Línea,11
"MULTILINESTRING Z ((443117.2512 4477989.492 0,443128.1679 4477991.492 0))",2734412,Verde,Batería,4
"MULTILINESTRING Z ((443100.7512 4477972.3254 0,443112.9179 4477974.6587 0))",2734415,Verde,Batería,5
"MULTILINESTRING Z ((442710.9179 4477850.0754 0,442743.5845 4477849.0754 0))",2734420,Verde,Batería,12
"MULTILINESTRING Z ((442825.8345 4477847.1587 0,442746.3345 4477848.992 0))",2734421,Verde,Batería,35
"MULTILINESTRING Z ((442660.3623 4477741.2698 0,442658.8068 4477722.2698 0))",2734433,Verde,Línea,3
"MULTILINESTRING Z ((442659.9734 4477715.3809 0,442658.9179 4477703.0476 0,442658.3068 4477697.2698 0,442657.7512 4477689.992 0,442657.6957 4477686.9365 0,442657.9179 4477683.8254 0,442658.529 4477679.9365 0))",2734447,Verde,Línea,8
"MULTILINESTRING Z ((444303.5012 4476346.492 0,444322.9179 4476343.1587 0))",2734448,Verde,Línea,5
"MULTILINESTRING Z ((442570.2512 4477544.492 0,442572.9179 4477534.5754 0))",2734451,Verde,Línea,2
"MULTILINESTRING Z ((442579.4179 4477511.242 0,442574.0012 4477530.492 0))",2734452,Verde,Línea,4
"MULTILINESTRING Z ((441035.7636 4477312.9488 0,441035.3438 4477304.9488 0))",2734455,Verde,Línea,1
"MULTILINESTRING Z ((441331.9117 4479885.1463 0,441338.5429 4479880.7004 0))",2734460,Verde,Línea,1
"MULTILINESTRING Z ((442713.9179 4477511.742 0,442708.0012 4477528.4087 0))",2734462,Verde,Línea,3
"MULTILINESTRING Z ((442735.0845 4477628.0754 0,442741.2512 4477603.3254 0))",2734465,Verde,Línea,5
"MULTILINESTRING Z ((442726.0012 4477665.492 0,442724.4179 4477672.0754 0))",2734484,Verde,Línea,1
"MULTILINESTRING Z ((442725.7512 4477673.8254 0,442724.0845 4477681.0754 0))",2734488,Verde,Línea,1
"MULTILINESTRING Z ((443244.0845 4478067.1587 0,443251.4179 4478065.5754 0))",2734495,Verde,Línea,1
"MULTILINESTRING Z ((443239.3345 4478068.3254 0,443224.0845 4478071.5754 0))",2734510,Verde,Línea,3
"MULTILINESTRING Z ((443147.9179 4478089.4087 0,443209.9179 4478074.6587 0))",2734525,Verde,Línea,13
"MULTILINESTRING Z ((443328.0012 4477971.9087 0,443316.3345 4477988.492 0))",2734601,Azul,Línea,4
"MULTILINESTRING Z ((443304.4179 4478005.8254 0,443313.5845 4477992.5754 0))",2734612,Azul,Línea,3
"MULTILINESTRING Z ((440493.7851 4472087.2175 0,440484.274 4472088.4942 0))",2734618,Verde,Línea,2
"MULTILINESTRING Z ((441827.7512 4477809.6587 0,441828.5012 4477821.242 0))",2734623,Verde,Línea,2
"MULTILINESTRING Z ((440434.8345 4471290.5754 0,440458.0012 4471263.3254 0))",2734629,Azul,Línea,7
"MULTILINESTRING Z ((442652.5012 4475993.992 0,442668.3345 4475992.9087 0))",2734637,Azul,Línea,3
"MULTILINESTRING Z ((443632.9179 4478375.742 0,443652.5845 4478430.3254 0))",2734659,Azul,Línea,12
"MULTILINESTRING Z ((443410.7512 4478758.0754 0,443386.1679 4478761.9087 0))",2734676,Verde,Línea,5
"MULTILINESTRING Z ((443419.5012 4478756.6587 0,443427.5012 4478755.3254 0))",2734677,Verde,Línea,2
"MULTILINESTRING Z ((441969.6679 4481131.242 0,441973.5845 4481150.3254 0))",2734686,Verde,Línea,4
"MULTILINESTRING Z ((441975.5845 4481159.0754 0,441983.5845 4481197.0754 0,441995.6679 4481252.0754 0))",2734687,Verde,Línea,20
"MULTILINESTRING Z ((441459.5845 4476788.992 0,441461.1679 4476793.1587 0,441462.4179 4476797.242 0,441463.3345 4476801.3254 0,441463.8345 4476805.742 0,441464.0012 4476811.742 0,441463.6679 4476816.492 0,441462.8345 4476822.742 0,441459.4179 4476835.742 0))",2734704,Azul,Batería,19
"MULTILINESTRING Z ((441453.3345 4476777.5754 0,441454.0012 4476778.3254 0,441456.1679 4476781.8254 0))",2734708,Azul,Batería,2
"MULTILINESTRING Z ((441427.5012 4476757.992 0,441433.9179 4476760.992 0,441438.2512 4476763.4087 0,441441.5845 4476765.742 0,441446.0012 4476769.242 0,441449.7512 4476772.8254 0,441452.6679 4476776.4087 0))",2734709,Verde,Batería,14
"MULTILINESTRING Z ((443346.4179 4476306.6587 0,443341.1679 4476314.5754 0))",2734860,Verde,Línea,2
"MULTILINESTRING Z ((442982.7512 4475598.992 0,442983.0845 4475604.1587 0))",2734871,Verde,Batería,2
"MULTILINESTRING Z ((442974.0845 4475606.4087 0,442975.8345 4475631.5754 0))",2734872,Verde,Línea,5
"MULTILINESTRING Z ((442971.3345 4475564.742 0,442972.0845 4475576.742 0))",2734873,Verde,Línea,2
"MULTILINESTRING Z ((439770.6557 4470306.8261 0,439782.9057 4470285.0761 0))",2734874,Azul,Línea,7
"MULTILINESTRING Z ((441484.9179 4472833.2004 0,441422.9179 4472908.0754 0))",2734875,Verde,Línea,22
"MULTILINESTRING Z ((443742.9179 4473833.242 0,443752.6679 4473822.4087 0))",2734877,Verde,Batería,7
"MULTILINESTRING Z ((442372.4179 4472892.5754 0,442353.5845 4472860.742 0))",2734878,Verde,Línea,7
"MULTILINESTRING Z ((442353.3345 4472860.242 0,442345.4179 4472846.9087 0))",2734879,Verde,Línea,3
"MULTILINESTRING Z ((442345.1679 4472846.4087 0,442336.9179 4472831.8254 0))",2734880,Verde,Línea,5
"MULTILINESTRING Z ((440381.9179 4476246.9087 0,440388.9179 4476217.742 0))",2734882,Verde,Línea,6
"MULTILINESTRING Z ((440391.0845 4476209.492 0,440394.5012 4476195.4087 0))",2734883,Verde,Línea,3
"MULTILINESTRING Z ((443466.9179 4478056.1587 0,443477.3345 4478056.9087 0))",2734884,Verde,Línea,2
"MULTILINESTRING Z ((443481.5012 4478057.0754 0,443564.1679 4478062.8254 0))",2734886,Verde,Línea,18
"MULTILINESTRING Z ((438492.0006 4472784.0011 0,438490.0962 4472712.3941 0))",2734887,Verde,Batería,24
"MULTILINESTRING Z ((438489.6963 4472697.8942 0,438489.6963 4472669.6027 0,438488.2268 4472650.1244 0))",2734888,Verde,Batería,16
"MULTILINESTRING Z ((438481.4813 4472628.5562 0,438454.982 4472549.3683 0))",2734889,Verde,Batería,23
"MULTILINESTRING Z ((438452.9057 4472547.5761 0,438435.4057 4472494.0761 0))",2734890,Verde,Línea,11
"MULTILINESTRING Z ((440650.3808 4479289.0229 0,440643.7389 4479292.7019 0))",2734894,Verde,Línea,1
"MULTILINESTRING Z ((440630.0599 4479295.9858 0,440627.566 4479292.1093 0))",2734895,Verde,Línea,1
"MULTILINESTRING Z ((442468.4179 4477136.9087 0,442469.0845 4477145.0754 0))",2734899,Azul,Línea,1
"MULTILINESTRING Z ((442471.5845 4477172.992 0,442469.3345 4477147.992 0))",2734902,Azul,Línea,5
"MULTILINESTRING Z ((440675.6557 4470860.8261 0,440679.6557 4470851.6594 0))",2734917,Verde,Línea,2
"MULTILINESTRING Z ((439121.1679 4474753.2004 0,439247.2929 4474754.2004 0))",2734921,Verde,Línea,25
"MULTILINESTRING Z ((442534.1679 4477254.3254 0,442534.5012 4477260.3254 0,442534.4179 4477262.242 0,442534.1679 4477263.742 0))",2734925,Verde,Línea,1
"MULTILINESTRING Z ((442827.8345 4477418.742 0,442797.5845 4477397.5754 0))",2734937,Verde,Línea,7
"MULTILINESTRING Z ((442827.3345 4477433.5754 0,442806.3345 4477463.0754 0))",2734961,Verde,Línea,8
"MULTILINESTRING Z ((441033.0012 4472469.992 0,441039.0845 4472469.5754 0))",2734969,Verde,Línea,1
"MULTILINESTRING Z ((442789.6679 4475694.4087 0,442797.5845 4475693.8254 0))",2735014,Azul,Línea,1
"MULTILINESTRING Z ((438824.1415 4473856.6836 0,438822.2359 4473842.5683 0))",2735021,Verde,Batería,6
"MULTILINESTRING Z ((442374.0012 4477106.492 0,442366.0845 4477114.3254 0))",2735030,Verde,Línea,2
"MULTILINESTRING Z ((439888.3561 4479410.85 0,439908.1833 4479370.7513 0))",2735109,Verde,Línea,9
"MULTILINESTRING Z ((440301.2443 4471009.0609 0,440320.7691 4471014.9493 0))",2735111,Verde,Batería,7
"MULTILINESTRING Z ((439730.3561 4478578.1587 0,439732.4055 4478569.097 0))",2735113,Verde,Línea,2
"MULTILINESTRING Z ((439841.5173 4479364.4992 0,439846.1084 4479362.4486 0))",2735119,Verde,Línea,1
"MULTILINESTRING Z ((439821.6895 4479278.7266 0,439852.8006 4479347.1463 0))",2735121,Verde,Línea,15
"MULTILINESTRING Z ((439818.7804 4479335.4313 0,439825.9179 4479355.7698 0))",2735123,Verde,Línea,4
"MULTILINESTRING Z ((439776.0597 4479239.378 0,439782.1339 4479252.8007 0))",2735124,Verde,Línea,3
"MULTILINESTRING Z ((439718.1401 4479146.5476 0,439720.5845 4479173.8809 0,439720.9734 4479175.7142 0,439724.0845 4479181.2142 0,439736.3623 4479195.2142 0,439753.4179 4479214.4365 0))",2735127,Verde,Batería,29
"MULTILINESTRING Z ((439866.9117 4479486.5535 0,439868.0845 4479471.242 0))",2735128,Verde,Línea,3
"MULTILINESTRING Z ((439815.2286 4479325.6978 0,439797.1679 4479285.9504 0))",2735129,Verde,Línea,9
"MULTILINESTRING Z ((439704.1614 4478972.8693 0,439720.3699 4478969.1381 0))",2735133,Verde,Línea,3
"MULTILINESTRING Z ((439747.566 4478957.0105 0,439729.3068 4478966.3068 0))",2735134,Verde,Línea,4
"MULTILINESTRING Z ((439687.4383 4478930.2819 0,439685.1679 4478920.492 0))",2735135,Azul,Batería,5
"MULTILINESTRING Z ((439685.5413 4478990.5538 0,439686.208 4478993.3933 0))",2735136,Verde,Batería,1
"MULTILINESTRING Z ((443109.2512 4475088.3254 0,443117.0012 4475087.5754 0))",2735195,Verde,Línea,1
"MULTILINESTRING Z ((443160.322 4475084.7734 0,443137.9626 4475086.2033 0))",2735196,Verde,Línea,4
"MULTILINESTRING Z ((439142.9179 4476070.3254 0,439163.0012 4476068.1587 0))",2735197,Verde,Batería,7
"MULTILINESTRING Z ((439851.8345 4473374.5754 0,439850.2512 4473344.0754 0))",2735198,Verde,Línea,6
"MULTILINESTRING Z ((439849.6679 4473335.4087 0,439849.0012 4473316.3254 0))",2735200,Verde,Línea,4
"MULTILINESTRING Z ((443433.0845 4478312.8254 0,443437.6679 4478340.242 0))",2735211,Verde,Línea,6
"MULTILINESTRING Z ((440535.4179 4481789.6587 0,440566.1679 4481806.492 0))",2735277,Verde,Línea,7
"MULTILINESTRING Z ((441444.7512 4476889.0754 0,441440.5845 4476904.492 0,441438.3345 4476912.0754 0,441437.0012 4476915.6587 0,441434.6679 4476920.3254 0,441430.3345 4476927.3254 0,441424.2512 4476933.8254 0,441421.1679 4476936.492 0,441415.0012 4476940.5754 0))",2735294,Azul,Batería,24
"MULTILINESTRING Z ((442256.5845 4475715.242 0,442270.5845 4475714.4087 0))",2735312,Azul,Línea,3
"MULTILINESTRING Z ((441587.8345 4479390.4087 0,441589.0845 4479405.5754 0))",2735313,Verde,Línea,3
"MULTILINESTRING Z ((441586.8345 4479378.3254 0,441587.8345 4479389.742 0))",2735314,Verde,Línea,2
"MULTILINESTRING Z ((438174.3345 4475508.9087 0,438151.5012 4475536.9087 0))",2735388,Verde,Línea,8
"MULTILINESTRING Z ((439113.1679 4476542.9504 0,439118.9179 4476584.3254 0))",2735389,Azul,Línea,8
"MULTILINESTRING Z ((439120.6679 4476597.2004 0,439119.1679 4476585.0754 0))",2735390,Azul,Línea,2
"MULTILINESTRING Z ((439558.9179 4473263.242 0,439563.8345 4473255.242 0))",2735391,Verde,Línea,2
"MULTILINESTRING Z ((442710.5845 4480734.1587 0,442712.1679 4480744.3254 0))",2735392,Verde,Línea,2
"MULTILINESTRING Z ((441087.1216 4479225.6155 0,441111.2944 4479255.9365 0))",2735396,Verde,Línea,8
"MULTILINESTRING Z ((439918.4549 4478688.3974 0,439936.4796 4478681.7636 0))",2735402,Verde,Batería,7
"MULTILINESTRING Z ((440101.4549 4478655.8624 0,440099.6031 4478627.455 0))",2735403,Verde,Línea,8
"MULTILINESTRING Z ((437681.5845 4473307.6587 0,437677.9179 4473303.5754 0))",2735406,Verde,Línea,1
"MULTILINESTRING Z ((437657.6679 4473280.242 0,437673.2512 4473298.492 0))",2735408,Verde,Línea,5
"MULTILINESTRING Z ((437716.2512 4473300.8254 0,437697.0845 4473317.8254 0))",2735409,Verde,Línea,5
"MULTILINESTRING Z ((443392.2512 4477747.992 0,443424.8345 4477770.6587 0))",2735411,Azul,Línea,8
"MULTILINESTRING Z ((442888.8345 4472878.9087 0,442893.2512 4472875.992 0))",2735424,Azul,Línea,1
"MULTILINESTRING Z ((442762.8345 4481025.6587 0,442761.6679 4481037.0754 0,442762.0845 4481038.5754 0,442763.1679 4481039.4087 0,442764.5012 4481039.8254 0,442771.4179 4481040.3254 0,442783.8345 4481041.4087 0))",2735456,Verde,Línea,7
"MULTILINESTRING Z ((444060.6679 4478616.1587 0,444069.0012 4478621.5754 0))",2735460,Verde,Línea,2
"MULTILINESTRING Z ((444620.1679 4475839.492 0,444648.3345 4475844.5754 0))",2735463,Verde,Línea,6
"MULTILINESTRING Z ((444639.5012 4475781.742 0,444685.9179 4475789.9087 0))",2735465,Verde,Línea,9
"MULTILINESTRING Z ((444545.4179 4476420.1587 0,444570.3345 4476435.5754 0))",2735468,Verde,Línea,6
"MULTILINESTRING Z ((437779.1679 4475645.5754 0,437773.0845 4475654.5754 0))",2735518,Verde,Línea,2
"MULTILINESTRING Z ((444310.7512 4478160.5754 0,444319.2512 4478166.6587 0))",2735531,Verde,Línea,2
"MULTILINESTRING Z ((444219.1679 4478214.5754 0,444196.0012 4478199.492 0))",2735533,Verde,Línea,5
"MULTILINESTRING Z ((444185.3345 4478192.8254 0,444191.6679 4478196.8254 0))",2735534,Verde,Línea,2
"MULTILINESTRING Z ((444186.9179 4478309.5754 0,444211.2512 4478325.4087 0))",2735536,Verde,Línea,6
"MULTILINESTRING Z ((444340.3345 4478182.9087 0,444400.8345 4478225.8254 0,444422.0845 4478240.6587 0))",2735538,Verde,Línea,19
"MULTILINESTRING Z ((444186.0012 4478389.6587 0,444160.6679 4478426.6587 0))",2735539,Verde,Línea,9
"MULTILINESTRING Z ((444188.4179 4478386.1587 0,444213.3345 4478349.242 0))",2735540,Verde,Línea,10
"MULTILINESTRING Z ((444271.0012 4478376.1587 0,444299.5845 4478394.5754 0))",2735541,Verde,Línea,8
"MULTILINESTRING Z ((444363.0845 4478497.1587 0,444353.0845 4478512.4087 0))",2735542,Azul,Línea,3
"MULTILINESTRING Z ((444399.0845 4478443.242 0,444431.4179 4478395.8254 0))",2735545,Azul,Línea,13
"MULTILINESTRING Z ((444125.3345 4478255.0754 0,444123.3345 4478257.992 0))",2735547,Verde,Línea,1
"MULTILINESTRING Z ((444189.5012 4478159.242 0,444181.1679 4478171.4087 0))",2735548,Verde,Línea,3
"MULTILINESTRING Z ((444496.0012 4478030.492 0,444532.3345 4478050.242 0))",2735549,Verde,Línea,8
"MULTILINESTRING Z ((444552.1679 4478217.3254 0,444510.9179 4478278.4087 0))",2735550,Azul,Línea,15
"MULTILINESTRING Z ((440744.4961 4477393.0393 0,440740.1998 4477332.0023 0))",2735552,Verde,Línea,12
"MULTILINESTRING Z ((440606.8829 4478505.6813 0,440608.4961 4478512.1834 0))",2735606,Verde,Batería,2
"MULTILINESTRING Z ((440602.2245 4478487.492 0,440604.0429 4478494.4504 0))",2735609,Verde,Batería,2
"MULTILINESTRING Z ((439721.0878 4477761.1649 0,439742.7966 4477768.1345 0))",2735620,Verde,Línea,4
"MULTILINESTRING Z ((439753.3608 4477771.4998 0,439765.2614 4477775.2846 0))",2735621,Verde,Línea,2
"MULTILINESTRING Z ((439801.4179 4477786.8665 0,439814.5208 4477791.097 0))",2735622,Verde,Línea,2
"MULTILINESTRING Z ((439817.4679 4477792.0186 0,439822.6427 4477793.6573 0))",2735623,Verde,Línea,1
"MULTILINESTRING Z ((440159.256 4471591.5614 0,440109.4052 4471625.6058 0,440064.0863 4471653.3498 0))",2735633,Azul,Línea,18
"MULTILINESTRING Z ((440091.0566 4471609.4679 0,440051.8171 4471634.559 0))",2735634,Verde,Línea,8
"MULTILINESTRING Z ((440183.1037 4471545.8913 0,440121.6829 4471585.1118 0))",2735635,Verde,Línea,12
"MULTILINESTRING Z ((439980.2177 4471508.6442 0,439968.2542 4471493.474 0,439963.3208 4471487.4305 0,439957.6474 4471482.0038 0,439954.4407 4471478.7971 0,439952.4673 4471477.0704 0,439943.9572 4471470.1636 0))",2735636,Verde,Batería,20
"MULTILINESTRING Z ((440137.4698 4471521.471 0,440089.8625 4471511.6042 0))",2735637,Verde,Línea,9
"MULTILINESTRING Z ((440144.5378 4471522.6849 0,440151.3927 4471524.0853 0,440153.825 4471523.6431 0,440156.1837 4471522.6849 0,440157.8053 4471521.0633 0,440159.5006 4471513.6925 0))",2735638,Verde,Línea,5
"MULTILINESTRING Z ((440171.8121 4471476.0536 0,440164.8017 4471509.3833 0))",2735639,Verde,Línea,6
"MULTILINESTRING Z ((440165.9621 4471474.4535 0,440159.9418 4471502.0801 0))",2735640,Verde,Línea,5
"MULTILINESTRING Z ((440185.9018 4471512.4036 0,440190.1865 4471492.5873 0))",2735641,Verde,Batería,9
"MULTILINESTRING Z ((440231.8211 4471544.5346 0,440217.1853 4471554.8948 0,440211.8408 4471558.5126 0,440165.4668 4471587.6197 0))",2735642,Azul,Línea,20
"MULTILINESTRING Z ((440196.6495 4471537.6476 0,440190.7529 4471541.1856 0))",2735643,Verde,Línea,1
"MULTILINESTRING Z ((440214.4869 4471525.7806 0,440204.0941 4471532.6355 0))",2735644,Verde,Línea,2
"MULTILINESTRING Z ((440188.2018 4471514.3036 0,440207.3104 4471502.4247 0))",2735645,Verde,Batería,9
"MULTILINESTRING Z ((440227.0911 4471503.2996 0,440231.5135 4471504.8475 0))",2735646,Verde,Línea,1
"MULTILINESTRING Z ((440233.9459 4471511.3338 0,440242.3487 4471503.5207 0))",2735647,Verde,Línea,2
"MULTILINESTRING Z ((440262.987 4471551.2837 0,440270.7263 4471556.6644 0))",2735648,Verde,Línea,2
"MULTILINESTRING Z ((440316.2781 4471589.3171 0,440278.2446 4471562.4136 0))",2735649,Verde,Línea,9
"MULTILINESTRING Z ((440404.4078 4471585.0707 0,440451.3573 4471514.7698 0,440457.0307 4471506.7119 0))",2735651,Verde,Línea,19
"MULTILINESTRING Z ((440407.1603 4471520.7685 0,440414.0889 4471527.1811 0))",2735652,Verde,Línea,2
"MULTILINESTRING Z ((439794.802 4471318.8 0,439810.5016 4471356.0999 0))",2735653,Verde,Batería,9
"MULTILINESTRING Z ((439803.2509 4471303.4434 0,439828.5688 4471293.1615 0))",2735654,Verde,Batería,12
"MULTILINESTRING Z ((439991.5318 4471465.0796 0,440021.1614 4471464.5268 0))",2735660,Verde,Batería,12
"MULTILINESTRING Z ((439830.2345 4471394.7967 0,439855.4585 4471407.173 0,439876.2034 4471419.4313 0,439890.3477 4471430.1574 0,439914.5108 4471447.9556 0))",2735661,Verde,Línea,22
"MULTILINESTRING Z ((439924.8833 4471426.032 0,439954.822 4471429.2145 0))",2735662,Verde,Batería,12
"MULTILINESTRING Z ((439975.943 4471434.455 0,439982.466 4471435.1183 0))",2735663,Verde,Línea,1
"MULTILINESTRING Z ((440018.8397 4471438.7668 0,439996.9491 4471436.445 0))",2735664,Verde,Línea,4
"MULTILINESTRING Z ((440027.2526 4471439.7163 0,440045.5012 4471441.6759 0))",2735667,Verde,Línea,2
"MULTILINESTRING Z ((440164.7465 4471462.925 0,440074.3411 4471444.3017 0,440063.0257 4471443.2409 0))",2735668,Verde,Línea,21
"MULTILINESTRING Z ((440163.2142 4471457.9745 0,440084.3599 4471441.4728 0))",2735669,Verde,Línea,16
"MULTILINESTRING Z ((440016.0549 4471360.6737 0,440029.1383 4471392.6751 0))",2735671,Verde,Línea,6
"MULTILINESTRING Z ((440011.7527 4471362.147 0,440024.3646 4471393.5002 0))",2735672,Verde,Línea,6
"MULTILINESTRING Z ((439928.4019 4471383.8012 0,439997.7833 4471355.3192 0))",2735673,Verde,Línea,12
"MULTILINESTRING Z ((439945.3925 4471383.0098 0,439917.5754 4471394.9146 0))",2735674,Verde,Batería,12
"MULTILINESTRING Z ((439831.6995 4471365.0729 0,439974.5834 4471305.6317 0))",2735675,Verde,Línea,30
"MULTILINESTRING Z ((439840.4792 4471354.7221 0,439904.6134 4471328.0817 0))",2735676,Verde,Línea,13
"MULTILINESTRING Z ((440003.1482 4471294.4903 0,440059.9611 4471270.7986 0))",2735677,Verde,Línea,11
"MULTILINESTRING Z ((440049.9422 4471266.3196 0,440009.3953 4471283.6463 0))",2735680,Verde,Línea,9
"MULTILINESTRING Z ((439857.8667 4471281.1106 0,439841.0619 4471288.2969 0))",2735681,Verde,Batería,8
"MULTILINESTRING Z ((440240.7303 4471484.66 0,440186.1013 4471463.8579 0))",2735696,Verde,Línea,14
"MULTILINESTRING Z ((440177.5348 4471450.3085 0,440183.5932 4471420.7916 0))",2735698,Verde,Línea,5
"MULTILINESTRING Z ((440171.2239 4471448.921 0,440177.2823 4471419.4041 0))",2735699,Verde,Línea,5
"MULTILINESTRING Z ((440183.6618 4471359.6744 0,440207.9427 4471332.003 0))",2735702,Verde,Batería,12
"MULTILINESTRING Z ((440297.6186 4471432.2173 0,440272.6076 4471409.9773 0))",2735703,Verde,Línea,6
"MULTILINESTRING Z ((444271.4179 4477917.6587 0,444282.8345 4477938.9087 0))",2735757,Verde,Línea,5
"MULTILINESTRING Z ((444267.5012 4477916.3254 0,444254.1679 4477923.6587 0))",2735770,Verde,Batería,6
"MULTILINESTRING Z ((440345.73 4471394.2878 0,440334.3407 4471406.9739 0))",2735788,Azul,Línea,4
"MULTILINESTRING Z ((440374.6947 4471360.3006 0,440380.2732 4471354.1022 0))",2735789,Azul,Línea,1
"MULTILINESTRING Z ((440429.5501 4471296.7675 0,440418.9096 4471308.751 0))",2735790,Azul,Línea,3
"MULTILINESTRING Z ((444233.9179 4477848.5754 0,444235.0012 4477849.3254 0,444239.0012 4477856.492 0,444261.2512 4477897.9087 0))",2735791,Verde,Línea,12
"MULTILINESTRING Z ((440294.9206 4471423.0296 0,440275.2327 4471405.8209 0))",2735797,Verde,Línea,4
"MULTILINESTRING Z ((440379.239 4471284.1594 0,440406.5723 4471307.2427 0))",2735798,Verde,Batería,15
"MULTILINESTRING Z ((444203.8345 4477899.8254 0,444205.4179 4477896.0754 0))",2735799,Verde,Línea,1
"MULTILINESTRING Z ((440343.1995 4471320.0991 0,440336.0057 4471328.4208 0))",2735800,Verde,Batería,5
"MULTILINESTRING Z ((440303.9057 4471365.6594 0,440323.4057 4471343.0761 0))",2735801,Verde,Batería,11
"MULTILINESTRING Z ((440289.489 4471382.4927 0,440299.3223 4471370.9927 0))",2735802,Verde,Batería,4
"MULTILINESTRING Z ((440332.5723 4471311.1594 0,440325.0723 4471319.8261 0))",2735803,Azul,Batería,3
"MULTILINESTRING Z ((444324.0012 4478043.0754 0,444317.1679 4478038.3254 0))",2735805,Azul,Línea,1
"MULTILINESTRING Z ((444305.1679 4478029.6587 0,444312.0012 4478034.6587 0))",2735807,Azul,Línea,1
"MULTILINESTRING Z ((444384.3345 4478068.6587 0,444387.4179 4478063.9087 0))",2735809,Verde,Batería,2
"MULTILINESTRING Z ((444423.5845 4478008.492 0,444389.5845 4478060.492 0))",2735810,Verde,Batería,24
"MULTILINESTRING Z ((442814.9179 4474955.8254 0,442875.2512 4474951.6587 0))",2735812,Verde,Línea,12
"MULTILINESTRING Z ((439476.7344 4471183.3706 0,439481.7527 4471188.0937 0))",2735818,Verde,Batería,2
"MULTILINESTRING Z ((439454.2464 4471160.5198 0,439465.322 4471171.8443 0))",2735819,Verde,Batería,5
"MULTILINESTRING Z ((439450.4608 4471156.7015 0,439441.5028 4471146.6826 0))",2735820,Verde,Batería,7
"MULTILINESTRING Z ((439457.6968 4471134.8944 0,439482.5239 4471137.8293 0))",2735821,Verde,Batería,10
"MULTILINESTRING Z ((439436.4344 4471140.082 0,439414.9823 4471113.5615 0))",2735822,Verde,Batería,13
"MULTILINESTRING Z ((439396.1233 4471091.9914 0,439401.8988 4471099.2993 0))",2735823,Verde,Batería,4
"MULTILINESTRING Z ((439777.3317 4471242.2406 0,439790.0352 4471243.9673 0,439798.1753 4471244.7073 0,439801.1353 4471245.0773 0))",2735826,Verde,Batería,11
"MULTILINESTRING Z ((439840.1817 4471235.4247 0,439813.9349 4471245.4859 0,439812.0758 4471245.5953 0))",2735827,Verde,Línea,6
"MULTILINESTRING Z ((439846.5226 4471231.3871 0,439852.0727 4471229.0438 0))",2735828,Verde,Línea,1
"MULTILINESTRING Z ((439853.0593 4471228.5504 0,439863.5428 4471223.8637 0))",2735829,Verde,Línea,4
"MULTILINESTRING Z ((439870.5729 4471221.1503 0,439923.7303 4471198.95 0))",2735830,Verde,Línea,11
"MULTILINESTRING Z ((444479.6679 4477905.0754 0,444504.2512 4477856.3254 0,444520.5012 4477823.8254 0))",2735831,Verde,Batería,31
"MULTILINESTRING Z ((439863.4195 4471279.1178 0,439906.5867 4471260.6175 0))",2735832,Verde,Batería,15
"MULTILINESTRING Z ((439689.0238 4471209.6802 0,439724.421 4471193.8933 0))",2735833,Verde,Línea,6
"MULTILINESTRING Z ((441433.0845 4474216.3254 0,441453.0845 4474217.8254 0))",2735835,Verde,Batería,8
"MULTILINESTRING Z ((441454.1679 4474217.9087 0,441459.3345 4474218.242 0))",2735836,Verde,Batería,2
"MULTILINESTRING Z ((439686.989 4471205.2427 0,439731.489 4471185.5761 0))",2735837,Verde,Línea,9
"MULTILINESTRING Z ((439738.989 4471181.8261 0,439770.8223 4471167.8261 0))",2735838,Verde,Línea,7
"MULTILINESTRING Z ((439731.9444 4471190.5632 0,439773.2616 4471171.9397 0))",2735839,Verde,Línea,7
"MULTILINESTRING Z ((439813.3455 4471154.1794 0,439785.9651 4471166.3896 0))",2735840,Verde,Línea,3
"MULTILINESTRING Z ((439779.9236 4471163.5743 0,439812.732 4471149.4666 0))",2735841,Verde,Línea,4
"MULTILINESTRING Z ((439745.8812 4471132.2258 0,439737.0011 4471136.0492 0))",2735842,Verde,Batería,2
"MULTILINESTRING Z ((439806.8087 4471112.8622 0,439752.6647 4471137.7759 0))",2735843,Verde,Línea,10
"MULTILINESTRING Z ((439817.9084 4471107.9458 0,439849.8419 4471093.9475 0))",2735844,Verde,Línea,6
"MULTILINESTRING Z ((439815.7212 4471103.061 0,439847.8734 4471088.7711 0))",2735845,Verde,Línea,6
"MULTILINESTRING Z ((439869.7457 4471102.1861 0,439873.0994 4471109.9872 0))",2735846,Verde,Batería,3
"MULTILINESTRING Z ((439877.6926 4471108.6749 0,439859.8302 4471068.9403 0))",2735847,Verde,Batería,17
"MULTILINESTRING Z ((440667.3345 4476072.492 0,440677.4179 4476075.8254 0))",2735849,Verde,Línea,2
"MULTILINESTRING Z ((439798.7919 4471076.3551 0,439809.6454 4471100.8987 0))",2735850,Verde,Línea,6
"MULTILINESTRING Z ((439750.8146 4471092.7586 0,439790.8985 4471075.245 0))",2735851,Verde,Línea,5
"MULTILINESTRING Z ((439750.938 4471117.6723 0,439738.3578 4471089.7986 0))",2735852,Verde,Batería,12
"MULTILINESTRING Z ((439648.5985 4471121.1051 0,439652.9596 4471131.2418 0))",2735854,Verde,Batería,5
"MULTILINESTRING Z ((439630.4467 4471089.5162 0,439648.8342 4471081.1475 0,439657.0851 4471078.6723 0))",2735855,Verde,Línea,5
"MULTILINESTRING Z ((439944.3316 4471244.2781 0,439914.2751 4471257.3616 0))",2735856,Verde,Batería,9
"MULTILINESTRING Z ((439982.8748 4471281.9962 0,439971.5594 4471254.1791 0))",2735857,Verde,Línea,5
"MULTILINESTRING Z ((439976.2741 4471239.4455 0,440021.0643 4471220.9401 0))",2735858,Verde,Línea,9
"MULTILINESTRING Z ((439910.3916 4471120.814 0,439930.7328 4471169.3704 0))",2735859,Verde,Línea,9
"MULTILINESTRING Z ((439924.718 4471104.7379 0,439965.291 4471086.3652 0))",2735861,Verde,Línea,9
"MULTILINESTRING Z ((440001.4124 4471065.151 0,439943.5976 4471090.3572 0,439920.6403 4471100.6645 0))",2735862,Verde,Línea,16
"MULTILINESTRING Z ((440063.8256 4471193.9767 0,440056.9358 4471177.7912 0))",2735863,Verde,Línea,3
"MULTILINESTRING Z ((440030.0856 4471114.3452 0,440041.9859 4471142.2687 0))",2735864,Verde,Línea,5
"MULTILINESTRING Z ((440019.098 4471072.5868 0,440032.1461 4471107.1154 0))",2735865,Verde,Línea,7
"MULTILINESTRING Z ((440049.3899 4471146.6233 0,440068.7468 4471193.5393 0))",2735867,Verde,Línea,8
"MULTILINESTRING Z ((440134.1157 4471227.8796 0,440165.5059 4471192.3333 0))",2735868,Azul,Batería,15
"MULTILINESTRING Z ((440181.1029 4471173.0311 0,440201.6673 4471150.6071 0))",2735869,Azul,Línea,5
"MULTILINESTRING Z ((440242.6009 4471106.3038 0,440223.3006 4471128.1035 0))",2735870,Verde,Batería,11
"MULTILINESTRING Z ((440215.5723 4471122.4927 0,440250.989 4471082.6594 0))",2735871,Azul,Batería,20
"MULTILINESTRING Z ((440271.2456 4471196.3123 0,440282.721 4471205.9722 0))",2735872,Verde,Línea,3
"MULTILINESTRING Z ((440317.8223 4471224.9927 0,440301.5723 4471211.4094 0))",2735873,Verde,Batería,8
"MULTILINESTRING Z ((440344.228 4471247.4544 0,440359.5386 4471260.9058 0))",2735874,Verde,Batería,9
"MULTILINESTRING Z ((440498.9304 4471137.7781 0,440455.303 4471188.4505 0))",2735875,Verde,Línea,14
"MULTILINESTRING Z ((444611.7512 4477856.4087 0,444663.9179 4477884.3254 0))",2735876,Verde,Línea,12
"MULTILINESTRING Z ((440365.3348 4471135.2497 0,440388.7381 4471150.9977 0))",2735877,Verde,Línea,5
"MULTILINESTRING Z ((440488.6557 4471219.2011 0,440473.1557 4471208.7011 0))",2735878,Verde,Línea,3
"MULTILINESTRING Z ((440390.5972 4471167.9487 0,440373.7556 4471187.5244 0))",2735879,Verde,Línea,4
"MULTILINESTRING Z ((440341.4057 4471217.2427 0,440357.1557 4471198.5761 0))",2735880,Verde,Batería,10
"MULTILINESTRING Z ((440427.239 4471063.4094 0,440418.3223 4471092.6594 0))",2735881,Verde,Línea,5
"MULTILINESTRING Z ((440349.989 4471110.0761 0,440365.9057 4471058.5761 0))",2735882,Verde,Línea,10
"MULTILINESTRING Z ((440356.039 4471100.6915 0,440364.4599 4471072.9137 0))",2735883,Verde,Línea,6
"MULTILINESTRING Z ((440506.0307 4471208.5761 0,440501.7807 4471213.7011 0))",2735884,Azul,Línea,1
"MULTILINESTRING Z ((440616.2807 4471225.0761 0,440583.7807 4471196.9511 0))",2735885,Verde,Línea,9
"MULTILINESTRING Z ((440657.3261 4471166.9896 0,440673.0319 4471148.4011 0))",2735888,Verde,Batería,9
"MULTILINESTRING Z ((440574.1557 4471109.7011 0,440554.7807 4471098.9511 0))",2735889,Verde,Línea,4
"MULTILINESTRING Z ((440554.0307 4471093.3261 0,440568.0307 4471101.8261 0))",2735890,Verde,Línea,4
"MULTILINESTRING Z ((440505.9734 4471128.9067 0,440534.0793 4471096.7545 0))",2735891,Verde,Línea,9
"MULTILINESTRING Z ((439366.5381 4471054.3913 0,439381.8611 4471073.7218 0))",2735893,Verde,Batería,12
"MULTILINESTRING Z ((439358.598 4471044.8209 0,439347.651 4471031.3679 0))",2735894,Verde,Batería,9
"MULTILINESTRING Z ((439338.9462 4471020.0253 0,439318.2392 4470994.5703 0))",2735895,Verde,Batería,11
"MULTILINESTRING Z ((439311.1171 4470986.1292 0,439305.7095 4470979.6665 0))",2735896,Verde,Batería,2
"MULTILINESTRING Z ((439251.8032 4470912.8049 0,439295.1388 4470966.6772 0))",2735897,Verde,Batería,27
"MULTILINESTRING Z ((439329.1862 4470888.2659 0,439274.9789 4470890.508 0))",2735898,Verde,Línea,11
"MULTILINESTRING Z ((439354.7988 4470880.7991 0,439258.8335 4470884.7151 0))",2735899,Verde,Batería,37
"MULTILINESTRING Z ((439465.7494 4470889.7888 0,439495.367 4470889.0619 0))",2735900,Verde,Batería,11
"MULTILINESTRING Z ((439464.6592 4470938.3942 0,439495.7304 4470935.9412 0))",2735901,Verde,Batería,14
"MULTILINESTRING Z ((439472.0182 4470931.3078 0,439496.4572 4470929.945 0))",2735902,Verde,Batería,10
"MULTILINESTRING Z ((439462.2289 4470931.7282 0,439460.8072 4470900.3415 0))",2735903,Verde,Línea,7
"MULTILINESTRING Z ((439519.8968 4470970.283 0,439518.534 4470953.3846 0))",2735905,Verde,Línea,2
"MULTILINESTRING Z ((439515.9902 4470901.6903 0,439517.0804 4470917.9527 0))",2735906,Verde,Línea,2
"MULTILINESTRING Z ((439522.7057 4470872.4544 0,439522.9244 4470880.1097 0))",2735908,Verde,Línea,1
"MULTILINESTRING Z ((439523.4712 4470899.7947 0,439522.9244 4470880.7659 0))",2735909,Verde,Línea,3
"MULTILINESTRING Z ((439570.4842 4471072.2042 0,439621.0007 4471049.4769 0,439625.3395 4471048.2372 0))",2735910,Verde,Línea,12
"MULTILINESTRING Z ((444602.7512 4478088.492 0,444572.1679 4478071.9087 0))",2735914,Verde,Línea,8
"MULTILINESTRING Z ((444214.2512 4477978.0754 0,444265.3345 4478014.1587 0,444301.5845 4478039.9087 0,444318.2512 4478051.1587 0))",2735928,Verde,Línea,26
"MULTILINESTRING Z ((444392.5845 4477613.3254 0,444397.4179 4477616.0754 0))",2735933,Azul,Línea,1
"MULTILINESTRING Z ((439567.3124 4471029.4686 0,439604.7034 4471018.2283 0))",2735936,Verde,Línea,7
"MULTILINESTRING Z ((439539.3223 4470984.9927 0,439594.3223 4470976.9927 0))",2735937,Verde,Batería,20
"MULTILINESTRING Z ((439634.6557 4470970.4094 0,439668.239 4470965.8261 0))",2735938,Verde,Batería,13
"MULTILINESTRING Z ((439726.739 4470957.4927 0,439679.4057 4470963.4927 0))",2735939,Verde,Batería,15
"MULTILINESTRING Z ((439542.5723 4470945.8261 0,439581.0723 4470942.0761 0))",2735940,Verde,Línea,8
"MULTILINESTRING Z ((439558.239 4470905.4094 0,439600.989 4470905.9094 0))",2735942,Verde,Batería,17
"MULTILINESTRING Z ((439803.489 4471069.7427 0,439833.9057 4471056.4094 0))",2735945,Verde,Línea,5
"MULTILINESTRING Z ((439969.0723 4470981.9927 0,439909.489 4471000.7427 0))",2735946,Verde,Línea,12
"MULTILINESTRING Z ((439931.3223 4471041.8261 0,439987.1557 4471024.4927 0))",2735947,Verde,Batería,15
"MULTILINESTRING Z ((439988.1557 4471018.3261 0,439868.0723 4471055.1594 0))",2735948,Verde,Línea,17
"MULTILINESTRING Z ((439993.6885 4471006.9688 0,439992.0116 4471001.5737 0))",2735949,Verde,Línea,1
"MULTILINESTRING Z ((440038.2017 4470949.4022 0,440070.1018 4470955.5025 0))",2735950,Azul,Línea,6
"MULTILINESTRING Z ((440012.7903 4471015.7177 0,440039.3286 4471007.8437 0,440049.8273 4471004.49 0,440057.5555 4471000.9175 0,440063.7527 4470996.1056 0,440068.6375 4470991.0021 0,440072.0641 4470986.7734 0,440075.1992 4470982.4719 0))",2735951,Verde,Línea,10
"MULTILINESTRING Z ((440080.0111 4470970.1505 0,440078.0425 4470975.9831 0))",2735952,Verde,Línea,1
"MULTILINESTRING Z ((440053.9831 4470996.7618 0,440049.317 4470999.1677 0))",2735954,Verde,Línea,1
"MULTILINESTRING Z ((440033.8936 4471003.8203 0,440044.0778 4471000.6713 0))",2735955,Verde,Línea,2
"MULTILINESTRING Z ((439869.3223 4471058.6594 0,439929.9057 4471040.2427 0))",2735956,Verde,Línea,13
"MULTILINESTRING Z ((440089.1679 4470144.4087 0,440109.1679 4470156.742 0))",2736048,Verde,Línea,5
"MULTILINESTRING Z ((441906.0845 4481095.8254 0,441901.1679 4481072.992 0))",2736067,Verde,Batería,9
"MULTILINESTRING Z ((439744.3808 4478950.85 0,439726.0599 4478960.134 0,439724.1586 4478960.8254 0,439722.9734 4478961.2204 0,439719.566 4478962.1093 0,439702.1339 4478966.1093 0))",2736084,Verde,Línea,10
"MULTILINESTRING Z ((439764.2713 4478970.6175 0,439768.3756 4478978.5187 0))",2736087,Verde,Línea,1
"MULTILINESTRING Z ((439678.7609 4470871.9282 0,439706.6008 4470888.1985 0))",2736125,Verde,Batería,12
"MULTILINESTRING Z ((439618.0012 4470861.742 0,439640.8345 4470861.3254 0))",2736126,Verde,Línea,4
"MULTILINESTRING Z ((439221.1679 4476422.742 0,439222.0845 4476438.6587 0))",2736150,Verde,Línea,3
"MULTILINESTRING Z ((439760.5537 4478920.0599 0,439769.8129 4478937.7142 0))",2736159,Verde,Línea,4
"MULTILINESTRING Z ((439781.3685 4478959.7636 0,439786.1092 4478968.8254 0))",2736160,Verde,Línea,2
"MULTILINESTRING Z ((439030.7512 4475837.8254 0,439034.9179 4475840.1587 0))",2736186,Azul,Línea,1
"MULTILINESTRING Z ((439078.5012 4475863.5754 0,439042.4179 4475844.0754 0))",2736187,Azul,Línea,8
"MULTILINESTRING Z ((438022.5429 4475448.2004 0,438085.1679 4475381.5754 0))",2736201,Verde,Batería,36
"MULTILINESTRING Z ((441225.4179 4476536.8254 0,441224.6679 4476526.5754 0))",2736208,Verde,Línea,2
"MULTILINESTRING Z ((438582.0012 4473327.992 0,438580.3345 4473322.0754 0))",2736210,Verde,Línea,1
"MULTILINESTRING Z ((439166.7512 4475905.6587 0,439142.1679 4475892.742 0))",2736228,Azul,Línea,5
"MULTILINESTRING Z ((445316.6679 4476032.4087 0,445302.8345 4476059.8254 0))",2736317,Verde,Línea,6
"MULTILINESTRING Z ((440982.7929 4474381.7004 0,440984.2929 4474371.4504 0))",2736331,Verde,Línea,2
"MULTILINESTRING Z ((440979.9179 4474402.5754 0,440975.5845 4474428.0754 0))",2736332,Verde,Línea,5
"MULTILINESTRING Z ((440975.3345 4474428.5754 0,440971.1679 4474452.9087 0))",2736333,Verde,Línea,5
"MULTILINESTRING Z ((440789.9179 4475825.9087 0,440793.0012 4475814.242 0))",2736355,Verde,Línea,2
"MULTILINESTRING Z ((440779.0012 4475865.742 0,440785.4179 4475841.9087 0))",2736356,Verde,Línea,5
"MULTILINESTRING Z ((444455.0845 4478143.4087 0,444459.5012 4478146.1587 0))",2736395,Verde,Línea,1
"MULTILINESTRING Z ((444405.5845 4478061.4087 0,444395.8345 4478076.3254 0))",2736403,Verde,Línea,3
"MULTILINESTRING Z ((444478.9021 4478030.0362 0,444487.6904 4478034.741 0))",2736409,Verde,Línea,2
"MULTILINESTRING Z ((444509.3504 4478046.5475 0,444491.4188 4478036.8715 0))",2736411,Verde,Línea,4
"MULTILINESTRING Z ((444561.0149 4478075.0428 0,444575.0406 4478082.4108 0))",2736429,Verde,Línea,3
"MULTILINESTRING Z ((444407.7512 4478097.5754 0,444464.2512 4478133.5754 0,444467.0012 4478135.4087 0))",2736435,Verde,Batería,27
"MULTILINESTRING Z ((444488.8345 4478149.4087 0,444469.6679 4478137.1587 0))",2736436,Verde,Batería,9
"MULTILINESTRING Z ((444701.3345 4477731.992 0,444685.5845 4477760.8254 0))",2736443,Verde,Batería,11
"MULTILINESTRING Z ((444040.7512 4478300.8254 0,444037.3345 4478306.3254 0))",2736483,Verde,Batería,2
"MULTILINESTRING Z ((443097.0183 4475014.3833 0,443113.0537 4475013.2229 0))",2736490,Verde,Línea,3
"MULTILINESTRING Z ((443118.3285 4475012.6954 0,443138.3728 4475011.5349 0))",2736491,Verde,Línea,4
"MULTILINESTRING Z ((443140.1663 4475011.3239 0,443145.6521 4475010.7964 0))",2736494,Verde,Línea,1
"MULTILINESTRING Z ((443147.8675 4475010.48 0,443163.059 4475009.214 0))",2736495,Verde,Línea,3
"MULTILINESTRING Z ((443167.1733 4475009.214 0,443186.5847 4475007.7371 0))",2736496,Verde,Línea,3
"MULTILINESTRING Z ((443191.121 4475007.1041 0,443201.8816 4475006.4711 0))",2736499,Verde,Línea,2
"MULTILINESTRING Z ((443206.629 4475005.8381 0,443217.2841 4475005.2051 0))",2736501,Verde,Línea,2
"MULTILINESTRING Z ((443243.7637 4475003.2007 0,443222.0314 4475005.0996 0))",2736502,Verde,Línea,4
"MULTILINESTRING Z ((441768.5845 4480433.1587 0,441761.8345 4480434.6587 0))",2736504,Verde,Línea,1
"MULTILINESTRING Z ((444254.3345 4478280.8254 0,444226.1679 4478322.1587 0))",2736530,Verde,Línea,11
"MULTILINESTRING Z ((444175.6679 4477746.6587 0,444167.1679 4477764.242 0))",2736573,Verde,Línea,4
"MULTILINESTRING Z ((440069.0969 4477679.7389 0,440111.3932 4477680.1587 0))",2736580,Verde,Línea,8
"MULTILINESTRING Z ((440120.4302 4477680.2575 0,440142.3561 4477680.4797 0))",2736591,Verde,Línea,4
"MULTILINESTRING Z ((444246.6646 4477695.6067 0,444254.8296 4477705.5277 0))",2736601,Azul,Línea,3
"MULTILINESTRING Z ((443948.3345 4477653.1587 0,443946.9179 4477661.1587 0))",2736638,Verde,Batería,3
"MULTILINESTRING Z ((444159.5845 4477587.0754 0,444184.5012 4477617.242 0))",2736650,Azul,Línea,8
"MULTILINESTRING Z ((444144.4179 4477587.0754 0,444161.5012 4477608.1587 0))",2736660,Azul,Línea,5
"MULTILINESTRING Z ((444186.4179 4477638.492 0,444163.8345 4477611.0754 0))",2736662,Azul,Línea,7
"MULTILINESTRING Z ((443988.2512 4477987.9087 0,444018.5845 4477993.492 0))",2736679,Verde,Línea,6
"MULTILINESTRING Z ((444025.1401 4477994.8254 0,444034.5845 4477996.4365 0))",2736684,Verde,Línea,1
"MULTILINESTRING Z ((444042.5845 4477997.9087 0,444063.3345 4478001.5754 0))",2736685,Verde,Línea,4
"MULTILINESTRING Z ((443949.6679 4477980.5754 0,443982.9179 4477986.8254 0))",2736690,Verde,Línea,8
"MULTILINESTRING Z ((443901.0845 4477823.492 0,443882.4179 4477925.1587 0))",2736701,Verde,Línea,20
"MULTILINESTRING Z ((443881.5845 4477929.5754 0,443877.8345 4477950.4087 0,443877.2512 4477952.742 0,443877.4179 4477955.3254 0,443877.9179 4477957.3254 0,443878.5845 4477959.242 0,443880.0012 4477962.242 0,443882.6679 4477965.5754 0))",2736704,Verde,Línea,8
"MULTILINESTRING Z ((439918.0429 4476575.3254 0,439919.7929 4476603.3254 0))",2736709,Verde,Línea,6
"MULTILINESTRING Z ((439430.3345 4476678.742 0,439429.4179 4476666.1587 0))",2736710,Verde,Línea,2
"MULTILINESTRING Z ((443914.3345 4477753.9087 0,443904.5845 4477805.5754 0))",2736714,Verde,Línea,11
"MULTILINESTRING Z ((443901.9179 4477818.992 0,443903.8345 4477808.992 0))",2736717,Verde,Línea,2
"MULTILINESTRING Z ((443921.4179 4477755.242 0,443911.5845 4477808.0754 0))",2736722,Verde,Línea,10
"MULTILINESTRING Z ((440094.7347 4479262.3727 0,440092.9076 4479261.1546 0))",2736724,Verde,Batería,1
"MULTILINESTRING Z ((440099.2615 4479265.4015 0,440100.743 4479266.3891 0))",2736725,Verde,Batería,1
"MULTILINESTRING Z ((443978.4179 4478174.742 0,443978.8345 4478186.492 0,443978.9179 4478200.9087 0))",2736729,Verde,Línea,5
"MULTILINESTRING Z ((443978.8345 4478205.242 0,443978.6679 4478233.1587 0))",2736737,Verde,Línea,6
"MULTILINESTRING Z ((443923.7512 4478304.992 0,443914.7512 4478301.9087 0))",2736741,Verde,Línea,2
"MULTILINESTRING Z ((443900.1679 4478296.992 0,443912.5012 4478301.1587 0))",2736742,Verde,Línea,3
"MULTILINESTRING Z ((443893.5845 4478294.742 0,443884.9179 4478291.9087 0,443883.0845 4478291.1587 0))",2736745,Verde,Línea,2
"MULTILINESTRING Z ((443869.6679 4478224.6587 0,443871.0012 4478227.242 0,443878.7512 4478244.5754 0,443880.8345 4478250.5754 0,443881.2512 4478253.492 0,443881.0012 4478258.242 0,443878.5845 4478265.492 0))",2736748,Verde,Línea,9
"MULTILINESTRING Z ((444113.3345 4477927.242 0,444126.1679 4477948.242 0))",2736753,Verde,Línea,5
"MULTILINESTRING Z ((444132.5845 4477959.1587 0,444128.3345 4477952.0754 0))",2736756,Verde,Línea,1
"MULTILINESTRING Z ((444114.6679 4477865.742 0,444129.2512 4477834.5754 0))",2736758,Verde,Línea,7
"MULTILINESTRING Z ((439516.0352 4480363.278 0,439516.6442 4480351.1628 0))",2736760,Verde,Batería,5
"MULTILINESTRING Z ((441868.3345 4480086.0754 0,441855.0845 4480095.5754 0))",2736766,Verde,Línea,3
"MULTILINESTRING Z ((441964.8345 4480052.6587 0,441947.1679 4480053.992 0,441935.1679 4480054.992 0))",2736774,Verde,Línea,6
"MULTILINESTRING Z ((441925.8345 4480055.6587 0,441931.6679 4480055.242 0))",2736775,Verde,Línea,1
"MULTILINESTRING Z ((441987.5012 4480061.242 0,441991.3345 4480113.5754 0))",2736779,Verde,Línea,11
"MULTILINESTRING Z ((444589.8345 4475931.8254 0,444588.7512 4475938.1587 0))",2736856,Verde,Línea,1
"MULTILINESTRING Z ((442198.0012 4480118.6587 0,442198.4179 4480125.9087 0))",2736867,Verde,Línea,1
"MULTILINESTRING Z ((442768.2512 4472273.5754 0,442782.0845 4472264.0754 0))",2736875,Verde,Línea,3
"MULTILINESTRING Z ((442790.7512 4472257.8254 0,442782.6679 4472263.492 0))",2736877,Verde,Línea,2
"MULTILINESTRING Z ((442233.7512 4480060.0754 0,442235.7512 4480111.8254 0))",2736882,Verde,Línea,11
"MULTILINESTRING Z ((440672.0845 4471734.8254 0,440683.5012 4471723.742 0))",2736885,Verde,Línea,3
"MULTILINESTRING Z ((443473.9179 4473546.3254 0,443480.1679 4473539.242 0))",2736887,Verde,Línea,2
"MULTILINESTRING Z ((443480.5845 4473538.492 0,443485.0012 4473532.992 0))",2736888,Verde,Línea,2
"MULTILINESTRING Z ((440727.9734 4478954.6402 0,440701.4179 4478962.2328 0))",2736894,Verde,Línea,5
"MULTILINESTRING Z ((440700.4179 4478960.455 0,440690.8623 4478963.3439 0))",2736896,Verde,Línea,2
"MULTILINESTRING Z ((443818.8623 4476669.2142 0,443811.1957 4476673.0476 0))",2736898,Verde,Línea,2
"MULTILINESTRING Z ((440439.8683 4478434.6109 0,440451.5012 4478432.9087 0))",2736902,Verde,Línea,2
"MULTILINESTRING Z ((440360.3149 4477931.8504 0,440371.4179 4477930.0754 0))",2736906,Verde,Línea,2
"MULTILINESTRING Z ((440376.5043 4477931.3686 0,440372.5043 4477931.9858 0))",2736907,Verde,Línea,1
"MULTILINESTRING Z ((442243.4179 4480074.4087 0,442276.4179 4480073.242 0))",2736911,Verde,Línea,7
"MULTILINESTRING Z ((442281.5012 4480160.742 0,442281.9179 4480167.9087 0,442281.9179 4480169.1587 0))",2736913,Verde,Línea,1
"MULTILINESTRING Z ((441805.9179 4479927.9087 0,441814.9179 4479890.992 0))",2736947,Azul,Línea,8
"MULTILINESTRING Z ((441817.0845 4479882.242 0,441815.9179 4479887.3254 0))",2736956,Azul,Línea,1
"MULTILINESTRING Z ((442743.8345 4480990.742 0,442744.8345 4481007.992 0,442745.1679 4481021.4087 0,442744.7512 4481035.6587 0,442744.3345 4481040.3254 0))",2736965,Verde,Línea,10
"MULTILINESTRING Z ((442752.6679 4481002.992 0,442752.5012 4481017.492 0))",2736974,Verde,Línea,3
"MULTILINESTRING Z ((442741.9179 4481150.0754 0,442748.5429 4481080.0754 0,442752.1679 4481044.4504 0,442752.4179 4481039.2004 0,442752.5429 4481022.3254 0))",2736986,Verde,Línea,26
"MULTILINESTRING Z ((442784.7512 4481167.992 0,442790.8345 4481144.492 0))",2737001,Verde,Línea,5
"MULTILINESTRING Z ((442796.4179 4481046.1587 0,442799.4179 4481091.9087 0,442799.7512 4481102.492 0,442799.6679 4481108.6587 0,442799.2512 4481111.4087 0,442797.5845 4481118.8254 0,442791.7512 4481140.9087 0))",2737003,Verde,Línea,21
"MULTILINESTRING Z ((442798.6679 4481226.6587 0,442813.8345 4481224.4087 0))",2737005,Verde,Batería,6
"MULTILINESTRING Z ((442778.4179 4481320.1587 0,442803.8345 4481314.242 0))",2737006,Verde,Línea,5
"MULTILINESTRING Z ((442827.8345 4481338.242 0,442829.3345 4481343.6587 0,442831.1679 4481353.0754 0,442832.2512 4481359.5754 0))",2737015,Verde,Línea,4
"MULTILINESTRING Z ((442744.6679 4481358.0754 0,442741.5845 4481361.742 0,442739.7512 4481364.4087 0,442738.2512 4481367.3254 0,442735.2512 4481376.3254 0))",2737027,Verde,Línea,4
"MULTILINESTRING Z ((442725.9179 4481372.6587 0,442729.5012 4481360.5754 0))",2737040,Verde,Batería,5
"MULTILINESTRING Z ((443787.3345 4476021.8254 0,443797.1679 4476015.742 0,443806.0845 4476007.992 0))",2737043,Azul,Batería,11
"MULTILINESTRING Z ((442731.5012 4481388.742 0,442730.7512 4481393.0754 0,442730.4179 4481401.4087 0,442730.8345 4481431.742 0))",2737056,Verde,Línea,8
"MULTILINESTRING Z ((440835.6566 4479184.9241 0,440841.2533 4479182.9653 0))",2737087,Verde,Línea,1
"MULTILINESTRING Z ((441243.4179 4479587.6402 0,441237.8253 4479601.8254 0))",2737105,Verde,Línea,3
"MULTILINESTRING Z ((442723.5429 4481405.0754 0,442723.5429 4481420.8254 0,442723.9179 4481467.4504 0,442724.1401 4481483.1031 0,442724.3623 4481510.1031 0,442724.529 4481519.7142 0,442724.6401 4481536.6587 0,442724.9179 4481538.9365 0,442725.3068 4481540.492 0,442726.0845 4481542.8809 0,442726.8068 4481544.4365 0))",2737121,Verde,Línea,28
"MULTILINESTRING Z ((442726.9179 4481546.5754 0,442731.5845 4481551.5754 0))",2737124,Verde,Batería,3
"MULTILINESTRING Z ((439645.239 4470660.8261 0,439648.489 4470636.8261 0))",2737128,Verde,Línea,7
"MULTILINESTRING Z ((439664.0012 4473032.992 0,439660.5845 4473055.3254 0))",2737147,Verde,Batería,7
"MULTILINESTRING Z ((438529.2929 4473097.3254 0,438530.1679 4473103.7004 0))",2737153,Verde,Línea,1
"MULTILINESTRING Z ((443024.8345 4478139.9087 0,443029.8345 4478141.4087 0))",2737158,Verde,Línea,1
"MULTILINESTRING Z ((443034.1679 4478142.8254 0,443053.3345 4478148.5754 0))",2737160,Verde,Línea,4
"MULTILINESTRING Z ((439664.4802 4471276.6511 0,439670.8936 4471279.3644 0,439675.7036 4471280.8444 0,439687.0505 4471282.5711 0))",2737204,Azul,Línea,5
"MULTILINESTRING Z ((439665.9602 4471273.691 0,439673.1136 4471276.4044 0,439683.7204 4471278.2544 0))",2737205,Azul,Batería,6
"MULTILINESTRING Z ((439689.2705 4471265.1809 0,439692.4772 4471246.1873 0))",2737206,Azul,Línea,4
"MULTILINESTRING Z ((439694.6972 4471265.9209 0,439697.4106 4471250.134 0))",2737207,Azul,Batería,6
"MULTILINESTRING Z ((442752.0012 4481545.742 0,442748.1679 4481546.242 0,442744.3345 4481546.1587 0,442740.5012 4481545.3254 0,442737.5012 4481543.492 0,442734.3345 4481540.3254 0,442732.4179 4481535.8254 0,442732.0012 4481532.6587 0,442731.8345 4481518.242 0,442731.8345 4481509.1587 0))",2737223,Verde,Línea,10
"MULTILINESTRING Z ((442731.0012 4481438.992 0,442731.4179 4481481.492 0,442731.8345 4481505.4087 0))",2737226,Verde,Línea,14
"MULTILINESTRING Z ((443739.0845 4476639.7142 0,443741.9179 4476645.4365 0))",2737248,Verde,Batería,3
"MULTILINESTRING Z ((442605.8345 4480661.492 0,442614.5845 4480689.742 0))",2737266,Verde,Línea,6
"MULTILINESTRING Z ((442706.3345 4480522.5754 0,442704.9179 4480539.742 0))",2737270,Azul,Línea,3
"MULTILINESTRING Z ((441997.5012 4480720.5754 0,442002.5012 4480749.5754 0))",2737294,Verde,Línea,6
"MULTILINESTRING Z ((441744.9179 4480282.242 0,441772.9179 4480276.0754 0))",2737299,Verde,Línea,6
"MULTILINESTRING Z ((441782.4734 4480273.9365 0,441777.1401 4480275.1031 0))",2737300,Verde,Línea,1
"MULTILINESTRING Z ((441138.5012 4472668.4087 0,441137.4179 4472655.3254 0))",2737314,Verde,Línea,3
"MULTILINESTRING Z ((441136.0845 4472641.992 0,441136.6679 4472647.992 0))",2737315,Verde,Línea,1
"MULTILINESTRING Z ((441162.7512 4472920.742 0,441164.7512 4472939.8254 0))",2737317,Azul,Línea,4
"MULTILINESTRING Z ((444490.5845 4476446.1031 0,444500.1957 4476480.1031 0))",2737318,Verde,Línea,8
"MULTILINESTRING Z ((442933.029 4477504.992 0,442928.3623 4477523.6587 0))",2737319,Verde,Línea,4
"MULTILINESTRING Z ((441883.9179 4480885.6587 0,441898.8068 4480882.492 0))",2737322,Verde,Línea,3
"MULTILINESTRING Z ((441857.1957 4480949.0476 0,441862.5845 4480974.1587 0))",2737323,Azul,Batería,10
"MULTILINESTRING Z ((441905.6401 4480891.4365 0,441908.8068 4480905.8809 0))",2737329,Verde,Línea,3
"MULTILINESTRING Z ((441923.8623 4480975.2698 0,441909.4734 4480908.5476 0))",2737330,Verde,Línea,15
"MULTILINESTRING Z ((440126.5537 4477724.776 0,440126.1531 4477707.3 0))",2737332,Verde,Línea,3
"MULTILINESTRING Z ((441944.4179 4480872.5754 0,441928.4179 4480875.9087 0))",2737335,Verde,Línea,3
"MULTILINESTRING Z ((441924.7512 4480876.742 0,441918.9179 4480877.992 0))",2737339,Verde,Línea,1
"MULTILINESTRING Z ((437762.3129 4472950.2461 0,437730.6673 4472930.5141 0,437674.4499 4472894.9594 0,437651.3672 4472881.9289 0,437613.2064 4472866.2922 0,437582.4916 4472857.5432 0,437560.1535 4472853.4478 0))",2737356,Verde,Línea,45
"MULTILINESTRING Z ((439690.4179 4473020.0754 0,439727.5845 4473006.5754 0))",2737363,Verde,Línea,5
"MULTILINESTRING Z ((442828.3345 4480365.492 0,442810.0012 4480377.8254 0))",2737364,Verde,Línea,4
"MULTILINESTRING Z ((442830.0845 4480366.6587 0,442838.4179 4480361.0754 0))",2737365,Verde,Línea,2
"MULTILINESTRING Z ((440521.8129 4479622.134 0,440527.6648 4479648.7513 0))",2737375,Verde,Línea,5
"MULTILINESTRING Z ((442900.3345 4479815.6587 0,442859.1679 4479836.6587 0))",2737377,Azul,Línea,9
"MULTILINESTRING Z ((440292.9899 4478928.9406 0,440299.8047 4478929.4893 0))",2737379,Verde,Línea,1
"MULTILINESTRING Z ((441939.9179 4481049.492 0,441924.3623 4480977.3254 0))",2737381,Verde,Línea,15
"MULTILINESTRING Z ((440906.0434 4480243.1134 0,440885.9446 4480262.455 0))",2737382,Verde,Línea,6
"MULTILINESTRING Z ((443049.9179 4472976.492 0,443053.3345 4472981.6587 0))",2737393,Azul,Línea,1
"MULTILINESTRING Z ((443061.2512 4472992.992 0,443053.5845 4472981.992 0))",2737394,Azul,Línea,3
"MULTILINESTRING Z ((442150.8345 4475867.992 0,442155.0845 4475867.6587 0))",2737395,Verde,Línea,1
"MULTILINESTRING Z ((440746.8994 4479008.9982 0,440739.9364 4479011.492 0))",2737398,Verde,Línea,1
"MULTILINESTRING Z ((441997.4179 4481149.742 0,441998.0845 4481153.1587 0))",2737409,Verde,Batería,1
"MULTILINESTRING Z ((441826.7512 4480328.9087 0,441838.9179 4480384.5754 0,441841.5845 4480396.4087 0))",2737427,Verde,Línea,14
"MULTILINESTRING Z ((442032.1679 4480339.9087 0,442041.5845 4480368.5754 0))",2737429,Azul,Línea,7
"MULTILINESTRING Z ((442321.3345 4478197.992 0,442326.2512 4478202.1587 0,442329.4179 4478202.6587 0))",2737443,Verde,Línea,2
"MULTILINESTRING Z ((441999.489 4475523.8261 0,441998.9057 4475515.1594 0))",2737456,Azul,Línea,2
"MULTILINESTRING Z ((442284.0845 4478661.6587 0,442328.6679 4478673.992 0))",2737478,Verde,Línea,10
"MULTILINESTRING Z ((441956.1679 4481125.6587 0,441960.4179 4481145.3254 0))",2737490,Verde,Línea,4
"MULTILINESTRING Z ((441961.1679 4481149.0754 0,441968.3345 4481182.742 0,441973.6679 4481207.242 0))",2737492,Verde,Línea,12
"MULTILINESTRING Z ((441991.0012 4481287.1587 0,441985.0012 4481259.4087 0,441982.4179 4481247.8254 0))",2737494,Verde,Línea,8
"MULTILINESTRING Z ((441981.4179 4481243.1587 0,441974.5012 4481211.492 0))",2737499,Verde,Línea,7
"MULTILINESTRING Z ((444334.1679 4478417.1587 0,444351.5012 4478428.4087 0))",2737511,Verde,Línea,4
"MULTILINESTRING Z ((441967.2512 4479870.1587 0,441967.5845 4479880.8254 0))",2737512,Verde,Línea,2
"MULTILINESTRING Z ((442112.0012 4479861.242 0,442118.7512 4479861.9087 0))",2737515,Azul,Línea,1
"MULTILINESTRING Z ((439835.8376 4478645.2451 0,439834.7018 4478645.6155 0,439833.5907 4478645.5167 0))",2737565,Verde,Batería,1
"MULTILINESTRING Z ((444779.1679 4475811.4087 0,444831.5012 4475811.6587 0))",2737569,Verde,Batería,18
"MULTILINESTRING Z ((444264.5012 4475552.8254 0,444263.9179 4475555.492 0,444263.9179 4475560.1587 0,444267.9179 4475594.992 0))",2737572,Verde,Línea,8
"MULTILINESTRING Z ((439657.9179 4470863.5754 0,439666.4179 4470868.4504 0))",2737603,Verde,Línea,2
"MULTILINESTRING Z ((439714.9179 4470896.7004 0,439677.1679 4470874.4504 0))",2737606,Verde,Línea,8
"MULTILINESTRING Z ((439813.9007 4478893.9447 0,439853.9775 4478887.2945 0,439887.5907 4478888.957 0))",2737607,Verde,Línea,15
"MULTILINESTRING Z ((439777.0845 4470996.6587 0,439803.4179 4470988.5754 0))",2737608,Verde,Línea,6
"MULTILINESTRING Z ((439897.5002 4478889.4893 0,439892.0022 4478889.171 0))",2737610,Verde,Línea,1
"MULTILINESTRING Z ((439813.3345 4470985.5754 0,439830.0012 4470980.4087 0))",2737615,Verde,Línea,4
"MULTILINESTRING Z ((439872.5407 4470971.55 0,439961.8771 4470944.5498 0))",2737618,Verde,Batería,26
"MULTILINESTRING Z ((439849.4057 4470974.4094 0,439960.1557 4470940.4094 0))",2737620,Verde,Línea,23
"MULTILINESTRING Z ((439833.1009 4470936.2998 0,439834.6007 4470950.8998 0))",2737622,Verde,Batería,7
"MULTILINESTRING Z ((439829.7512 4470920.3254 0,439829.7512 4470933.6587 0))",2737623,Verde,Línea,3
"MULTILINESTRING Z ((439832.7512 4470969.8254 0,439830.8345 4470963.9087 0))",2737624,Verde,Línea,1
"MULTILINESTRING Z ((439824.3223 4470920.3261 0,439824.3223 4470936.8261 0))",2737626,Verde,Línea,4
"MULTILINESTRING Z ((439767.3223 4470953.2427 0,439815.4057 4470946.6594 0))",2737627,Verde,Batería,17
"MULTILINESTRING Z ((439815.4057 4470888.9094 0,439795.739 4470886.0761 0))",2737628,Verde,Línea,4
"MULTILINESTRING Z ((439815.9057 4470908.6594 0,439764.9057 4470912.5761 0))",2737629,Verde,Línea,10
"MULTILINESTRING Z ((439840.3345 4470911.1587 0,439872.0012 4470910.992 0))",2737630,Verde,Línea,5
"MULTILINESTRING Z ((439880.7512 4470911.0754 0,439925.9179 4470910.742 0))",2737631,Verde,Línea,7
"MULTILINESTRING Z ((439838.4057 4470906.6594 0,439933.9057 4470905.9094 0))",2737636,Verde,Línea,18
"MULTILINESTRING Z ((439871.9057 4470869.4927 0,439929.9057 4470877.3261 0))",2737637,Verde,Línea,11
"MULTILINESTRING Z ((439982.9676 4470906.6759 0,439984.2849 4470896.388 0))",2737655,Verde,Línea,2
"MULTILINESTRING Z ((439986.2506 4470909.4125 0,439995.3783 4470834.8084 0))",2737656,Verde,Línea,13
"MULTILINESTRING Z ((439996.8841 4470822.3861 0,439995.5666 4470834.5261 0))",2737657,Verde,Línea,2
"MULTILINESTRING Z ((439984.4617 4470895.2263 0,439994.0608 4470822.1037 0))",2737659,Verde,Línea,14
"MULTILINESTRING Z ((442087.1679 4479857.6587 0,442079.4179 4479856.242 0,442072.9179 4479854.742 0,442027.4179 4479842.992 0))",2737660,Azul,Línea,13
"MULTILINESTRING Z ((439979.6622 4470946.3273 0,439983.7089 4470961.1965 0))",2737661,Verde,Línea,3
"MULTILINESTRING Z ((439985.9675 4470966.5607 0,439990.9552 4470983.5944 0))",2737662,Verde,Línea,3
"MULTILINESTRING Z ((439998.2957 4471004.9571 0,439996.4135 4470998.3695 0))",2737664,Verde,Línea,1
"MULTILINESTRING Z ((442019.1679 4479856.3254 0,442019.7929 4479895.9504 0))",2737674,Verde,Línea,8
"MULTILINESTRING Z ((442019.9734 4479900.4365 0,442020.3068 4479929.5476 0,442020.9179 4479968.7142 0,442022.529 4480102.3809 0))",2737676,Verde,Línea,41
"MULTILINESTRING Z ((441774.0845 4480091.6587 0,441772.3345 4480083.742 0))",2737677,Verde,Línea,1
"MULTILINESTRING Z ((441769.5845 4480070.6587 0,441771.0845 4480078.4087 0))",2737678,Verde,Línea,1
"MULTILINESTRING Z ((439930.0763 4481841.1052 0,439962.0763 4481813.3356 0))",2737682,Verde,Línea,8
"MULTILINESTRING Z ((441822.8345 4480178.3254 0,441827.4179 4480198.9087 0))",2737684,Verde,Línea,4
"MULTILINESTRING Z ((440078.7237 4470948.3171 0,440081.3063 4470930.4452 0))",2737685,Verde,Línea,3
"MULTILINESTRING Z ((440082.3223 4470947.4927 0,440088.4057 4470901.1594 0))",2737686,Verde,Línea,10
"MULTILINESTRING Z ((441828.4179 4480202.8254 0,441838.2512 4480247.8254 0))",2737688,Verde,Línea,11
"MULTILINESTRING Z ((440100.5723 4470965.1594 0,440111.0723 4470967.3261 0))",2737689,Verde,Línea,1
"MULTILINESTRING Z ((440090.3018 4470959.5028 0,440119.3019 4470965.2031 0))",2737690,Verde,Línea,5
"MULTILINESTRING Z ((440122.6286 4470969.1849 0,440172.2154 4470978.9989 0))",2737691,Verde,Línea,10
"MULTILINESTRING Z ((440138.002 4470968.8033 0,440169.902 4470975.2036 0))",2737693,Verde,Línea,5
"MULTILINESTRING Z ((440189.0542 4470978.8956 0,440200.2113 4470981.2716 0))",2737694,Verde,Línea,2
"MULTILINESTRING Z ((440205.1699 4470982.3047 0,440217.2567 4470984.3708 0))",2737695,Verde,Línea,2
"MULTILINESTRING Z ((440241.0022 4470990.0044 0,440267.6022 4470998.5047 0))",2737696,Verde,Línea,5
"MULTILINESTRING Z ((440226.8642 4471020.8378 0,440225.6245 4471030.8584 0,440227.484 4471036.7468 0,440228.517 4471038.6063 0,440252.5873 4471054.8254 0))",2737698,Verde,Línea,9
"MULTILINESTRING Z ((440132.9592 4470923.4204 0,440134.3022 4470913.0898 0))",2737699,Verde,Línea,2
"MULTILINESTRING Z ((440190.1679 4470902.0754 0,440190.9179 4470894.992 0))",2737700,Verde,Línea,1
"MULTILINESTRING Z ((440233.1658 4470963.9163 0,440234.4055 4470953.3791 0))",2737701,Verde,Línea,2
"MULTILINESTRING Z ((440242.0723 4470894.0761 0,440236.4057 4470941.0761 0))",2737703,Verde,Línea,9
"MULTILINESTRING Z ((440328.739 4471008.9927 0,440330.9057 4470992.7427 0))",2737705,Verde,Línea,3
"MULTILINESTRING Z ((439644.3808 4481478.8747 0,439643.9858 4481481.2451 0,439636.4302 4481506.9735 0))",2737715,Verde,Batería,13
"MULTILINESTRING Z ((440280.9964 4470993.1518 0,440282.9592 4470978.689 0))",2737723,Verde,Línea,2
"MULTILINESTRING Z ((440285.1286 4470962.5733 0,440285.8518 4470955.5485 0))",2737724,Verde,Línea,1
"MULTILINESTRING Z ((440286.9881 4470943.9782 0,440287.9179 4470937.1601 0))",2737725,Verde,Línea,1
"MULTILINESTRING Z ((440285.0024 4470989.3049 0,440292.6535 4470931.2561 0))",2737726,Verde,Batería,22
"MULTILINESTRING Z ((440293.1299 4470926.4815 0,440293.8147 4470921.5286 0))",2737727,Verde,Batería,1
"MULTILINESTRING Z ((440294.951 4470916.3792 0,440295.6358 4470911.4263 0))",2737728,Verde,Batería,1
"MULTILINESTRING Z ((440292.7732 4470897.6973 0,440295.046 4470880.2386 0))",2737730,Verde,Línea,3
"MULTILINESTRING Z ((440297.422 4471011.9535 0,440303.3104 4471013.7097 0))",2737732,Azul,Línea,1
"MULTILINESTRING Z ((440331.3063 4471023.2138 0,440312.298 4471017.0154 0))",2737734,Azul,Línea,4
"MULTILINESTRING Z ((440346.9612 4471023.8847 0,440364.3439 4471029.2921 0))",2737736,Verde,Línea,4
"MULTILINESTRING Z ((440410.2512 4470990.4087 0,440448.9179 4470946.242 0))",2737737,Verde,Línea,11
"MULTILINESTRING Z ((442343.8345 4478703.0754 0,442341.5845 4478714.8254 0))",2737738,Verde,Línea,2
"MULTILINESTRING Z ((439152.1651 4470786.6633 0,439162.5479 4470800.3003 0))",2737739,Verde,Línea,3
"MULTILINESTRING Z ((439165.9331 4470808.5234 0,439190.0205 4470837.8256 0))",2737740,Verde,Batería,15
"MULTILINESTRING Z ((439191.7588 4470833.1075 0,439168.0439 4470804.0536 0))",2737741,Verde,Batería,14
"MULTILINESTRING Z ((439259.6795 4470807.6803 0,439291.0696 4470807.0208 0))",2737742,Verde,Batería,12
"MULTILINESTRING Z ((439356.2239 4470805.9657 0,439383.2616 4470805.7019 0))",2737744,Verde,Batería,9
"MULTILINESTRING Z ((439264.6741 4470856.2716 0,439285.5418 4470855.5485 0))",2737745,Verde,Línea,4
"MULTILINESTRING Z ((439293.0832 4470855.032 0,439314.2609 4470854.3088 0))",2737746,Verde,Línea,3
"MULTILINESTRING Z ((439323.765 4470853.8956 0,439356.7195 4470852.5526 0))",2737747,Verde,Línea,4
"MULTILINESTRING Z ((439323.9716 4470849.5568 0,439354.86 4470848.4204 0))",2737748,Verde,Batería,8
"MULTILINESTRING Z ((440413.2929 4471342.5754 0,440364.0429 4471399.2004 0))",2737749,Azul,Línea,13
"MULTILINESTRING Z ((440712.2156 4471122.6006 0,440698.0531 4471137.7214 0))",2737750,Verde,Línea,6
"MULTILINESTRING Z ((439392.2302 4470807.2846 0,439537.3107 4470804.5149 0))",2737751,Verde,Línea,28
"MULTILINESTRING Z ((440572.9057 4470892.6594 0,440585.8223 4470902.4927 0))",2737752,Verde,Línea,4
"MULTILINESTRING Z ((439367.5034 4470847.9557 0,439382.4847 4470847.2657 0))",2737753,Verde,Batería,4
"MULTILINESTRING Z ((439405.2523 4470846.2801 0,439387.2156 4470847.4628 0))",2737754,Verde,Batería,5
"MULTILINESTRING Z ((439378.1973 4470851.6024 0,439383.5196 4470851.1589 0))",2737755,Verde,Línea,1
"MULTILINESTRING Z ((440732.0307 4470982.7011 0,440749.0307 4470963.0761 0))",2737756,Verde,Línea,5
"MULTILINESTRING Z ((439387.7084 4470851.4053 0,439407.5192 4470850.7154 0))",2737757,Verde,Línea,4
"MULTILINESTRING Z ((440706.1247 4470989.1463 0,440733.1908 4470958.981 0))",2737758,Verde,Línea,8
"MULTILINESTRING Z ((439496.4705 4470846.5758 0,439415.3055 4470850.124 0))",2737759,Verde,Línea,17
"MULTILINESTRING Z ((440791.2985 4470891.4277 0,440786.4159 4470897.3822 0))",2737760,Verde,Batería,3
"MULTILINESTRING Z ((439684.0022 4481542.0599 0,439697.4343 4481545.6649 0))",2737761,Verde,Línea,2
"MULTILINESTRING Z ((440777.6032 4470930.4893 0,440781.6522 4470926.202 0))",2737762,Verde,Línea,1
"MULTILINESTRING Z ((440725.2946 4471017.0205 0,440731.9612 4471022.9094 0))",2737763,Verde,Línea,1
"MULTILINESTRING Z ((440787.1557 4471029.3261 0,440791.489 4471024.1594 0))",2737764,Verde,Batería,3
"MULTILINESTRING Z ((439589.0723 4470858.6594 0,439551.739 4470859.2427 0))",2737765,Verde,Batería,13
"MULTILINESTRING Z ((440790.9057 4471032.7427 0,440795.3223 4471027.3261 0))",2737766,Verde,Batería,3
"MULTILINESTRING Z ((440812.739 4471007.1594 0,440820.1557 4470998.4927 0))",2737767,Verde,Batería,5
"MULTILINESTRING Z ((440827.0307 4470990.9511 0,440831.4057 4470986.0761 0))",2737768,Verde,Batería,3
"MULTILINESTRING Z ((440832.4057 4470984.8261 0,440836.7807 4470979.7011 0))",2737769,Verde,Batería,3
"MULTILINESTRING Z ((440838.2807 4470977.9511 0,440843.0307 4470971.9511 0))",2737770,Verde,Batería,3
"MULTILINESTRING Z ((440848.9057 4470965.5761 0,440853.239 4470960.5205 0))",2737771,Verde,Batería,3
"MULTILINESTRING Z ((440854.2946 4470959.1316 0,440858.6279 4470954.2427 0))",2737772,Verde,Batería,3
"MULTILINESTRING Z ((440859.8501 4470952.5205 0,440864.1834 4470947.6316 0))",2737773,Verde,Batería,3
"MULTILINESTRING Z ((440828.5307 4470981.2011 0,440832.6557 4470976.2011 0))",2737774,Verde,Batería,3
"MULTILINESTRING Z ((440834.2807 4470974.0761 0,440837.9057 4470970.2011 0))",2737775,Verde,Batería,3
"MULTILINESTRING Z ((440798.3223 4471016.2427 0,440802.489 4471011.2427 0))",2737776,Verde,Batería,3
"MULTILINESTRING Z ((440839.7807 4470968.7011 0,440843.5307 4470964.0761 0))",2737777,Verde,Batería,3
"MULTILINESTRING Z ((440850.6557 4470955.8261 0,440854.739 4470950.9094 0))",2737778,Verde,Batería,3
"MULTILINESTRING Z ((440865.4057 4470946.5205 0,440869.6834 4470941.5205 0))",2737779,Verde,Batería,3
"MULTILINESTRING Z ((441804.8345 4480626.0754 0,441825.6679 4480623.242 0))",2737780,Verde,Línea,4
"MULTILINESTRING Z ((440870.9612 4470939.9094 0,440875.3501 4470934.965 0))",2737781,Verde,Batería,3
"MULTILINESTRING Z ((440876.2946 4470933.6872 0,440880.7946 4470928.6872 0))",2737782,Verde,Batería,3
"MULTILINESTRING Z ((440881.9612 4470927.2983 0,440886.239 4470922.3538 0))",2737783,Verde,Batería,3
"MULTILINESTRING Z ((439784.1557 4470782.9927 0,439816.239 4470787.4927 0))",2737784,Azul,Línea,6
"MULTILINESTRING Z ((440898.7807 4470908.0761 0,440903.1557 4470903.3261 0))",2737785,Verde,Batería,3
"MULTILINESTRING Z ((441841.8345 4480621.1587 0,441830.6679 4480622.5754 0))",2737786,Verde,Línea,2
"MULTILINESTRING Z ((439765.2957 4470832.0873 0,439786.5848 4470834.9456 0))",2737787,Verde,Línea,4
"MULTILINESTRING Z ((439792.5971 4470835.9312 0,439811.7179 4470838.1981 0))",2737788,Verde,Línea,3
"MULTILINESTRING Z ((440211.5393 4470730.6829 0,440209.061 4470750.057 0))",2737789,Verde,Línea,4
"MULTILINESTRING Z ((439931.4057 4470854.9094 0,439874.1557 4470847.0761 0))",2737790,Verde,Línea,12
"MULTILINESTRING Z ((440254.9179 4470793.0754 0,440257.4179 4470769.2004 0))",2737791,Verde,Línea,4
"MULTILINESTRING Z ((440304.489 4470823.6594 0,440306.8223 4470806.3261 0))",2737793,Verde,Línea,4
"MULTILINESTRING Z ((440350.4057 4470839.0761 0,440354.739 4470805.4094 0))",2737794,Verde,Línea,7
"MULTILINESTRING Z ((440355.6557 4470824.3261 0,440358.1557 4470803.5761 0))",2737795,Verde,Línea,5
"MULTILINESTRING Z ((440366.7929 4470731.0754 0,440368.5429 4470718.2004 0))",2737796,Verde,Línea,3
"MULTILINESTRING Z ((439697.0228 4481549.385 0,439731.5578 4481558.6525 0))",2737797,Verde,Línea,7
"MULTILINESTRING Z ((440511.0834 4470700.2 0,440481.9511 4470733.0513 0))",2737798,Verde,Línea,9
"MULTILINESTRING Z ((439789.8112 4481570.0483 0,439784.2804 4481568.6144 0))",2737799,Verde,Línea,1
"MULTILINESTRING Z ((440483.5429 4470902.0754 0,440510.0429 4470871.7004 0))",2737800,Azul,Línea,8
"MULTILINESTRING Z ((440531.6679 4470846.5754 0,440541.5429 4470834.5754 0))",2737802,Verde,Línea,3
"MULTILINESTRING Z ((440544.9179 4470830.8254 0,440558.9179 4470814.2004 0,440570.6679 4470764.7004 0))",2737803,Verde,Línea,14
"MULTILINESTRING Z ((440553.7929 4470860.2004 0,440555.4179 4470834.9504 0))",2737804,Verde,Batería,9
"MULTILINESTRING Z ((440680.489 4470810.5761 0,440653.6557 4470805.1594 0))",2737805,Verde,Línea,5
"MULTILINESTRING Z ((440632.9057 4470683.9511 0,440640.6557 4470708.7011 0))",2737807,Verde,Batería,12
"MULTILINESTRING Z ((440639.0307 4470682.3261 0,440648.4057 4470711.9511 0))",2737808,Verde,Batería,13
"MULTILINESTRING Z ((439814.6524 4481566.0352 0,439827.6154 4481569.4673 0))",2737814,Verde,Línea,2
"MULTILINESTRING Z ((440760.5017 4470833.8994 0,440793.0015 4470861.6996 0))",2737815,Verde,Línea,8
"MULTILINESTRING Z ((440762.1877 4470691.2377 0,440859.697 4470788.5985 0))",2737816,Verde,Línea,27
"MULTILINESTRING Z ((440864.4971 4470785.5986 0,440764.5482 4470685.9514 0,440754.5677 4470683.2777 0))",2737817,Verde,Línea,30
"MULTILINESTRING Z ((440873.8223 4470863.1594 0,440878.4057 4470867.3261 0))",2737818,Verde,Batería,3
"MULTILINESTRING Z ((440880.1557 4470868.4094 0,440884.989 4470872.6594 0))",2737819,Verde,Batería,3
"MULTILINESTRING Z ((440886.6557 4470874.0761 0,440891.489 4470878.3261 0))",2737820,Verde,Batería,3
"MULTILINESTRING Z ((440928.4179 4470749.0754 0,440930.1679 4470743.4504 0))",2737821,Verde,Línea,1
"MULTILINESTRING Z ((440934.0845 4470717.9087 0,440932.4179 4470735.9087 0,440932.0012 4470737.1587 0))",2737822,Verde,Línea,4
"MULTILINESTRING Z ((440936.4179 4470693.4504 0,440934.6679 4470710.3254 0))",2737823,Verde,Línea,3
"MULTILINESTRING Z ((440970.5429 4470711.7004 0,440953.4179 4470701.0754 0))",2737824,Verde,Línea,4
"MULTILINESTRING Z ((440943.5429 4470695.3254 0,440948.4179 4470698.7004 0))",2737825,Verde,Línea,1
"MULTILINESTRING Z ((440166.9179 4470681.3254 0,440170.2929 4470657.0754 0))",2737827,Verde,Línea,4
"MULTILINESTRING Z ((440175.6679 4470613.2004 0,440174.7929 4470618.8254 0))",2737828,Verde,Línea,1
"MULTILINESTRING Z ((440171.2929 4470622.2004 0,440172.6679 4470611.5754 0))",2737830,Verde,Línea,2
"MULTILINESTRING Z ((440186.239 4470541.3261 0,440189.3223 4470521.4094 0))",2737832,Verde,Línea,5
"MULTILINESTRING Z ((440194.239 4470496.2427 0,440196.0723 4470482.3261 0))",2737833,Verde,Línea,2
"MULTILINESTRING Z ((439927.2697 4481533.3439 0,439919.6031 4481562.2698 0))",2737834,Verde,Línea,6
"MULTILINESTRING Z ((441975.5012 4481311.242 0,441952.4179 4481316.492 0,441950.2512 4481316.492 0,441948.0845 4481316.1587 0,441946.2512 4481315.5754 0,441944.3345 4481314.492 0,441942.8345 4481312.992 0))",2737835,Verde,Línea,6
"MULTILINESTRING Z ((440218.8223 4470673.4927 0,440223.1557 4470639.5761 0))",2737836,Verde,Línea,7
"MULTILINESTRING Z ((440227.0429 4470607.8254 0,440227.7929 4470602.5754 0))",2737838,Verde,Línea,1
"MULTILINESTRING Z ((440228.2929 4470596.5754 0,440229.6679 4470585.9504 0))",2737839,Verde,Línea,2
"MULTILINESTRING Z ((439914.3808 4481581.7142 0,439917.4549 4481570.1217 0))",2737841,Verde,Línea,2
"MULTILINESTRING Z ((440269.6557 4470644.0761 0,440273.5723 4470609.7427 0))",2737844,Verde,Línea,6
"MULTILINESTRING Z ((440269.1679 4470676.0754 0,440268.2929 4470682.3254 0))",2737847,Verde,Línea,1
"MULTILINESTRING Z ((440274.9179 4470630.5754 0,440271.4179 4470661.7004 0))",2737848,Verde,Línea,6
"MULTILINESTRING Z ((440144.5429 4470497.5754 0,440164.2929 4470499.9504 0))",2737849,Verde,Línea,4
"MULTILINESTRING Z ((440291.0307 4470512.7011 0,440302.0307 4470513.9511 0))",2737850,Verde,Línea,2
"MULTILINESTRING Z ((440290.5723 4470516.2427 0,440314.5723 4470518.5761 0))",2737851,Verde,Línea,4
"MULTILINESTRING Z ((440321.6679 4470660.3254 0,440322.4179 4470656.2004 0))",2737852,Verde,Línea,1
"MULTILINESTRING Z ((440329.1681 4470512.2696 0,440328.2306 4470496.7061 0))",2737853,Verde,Línea,3
"MULTILINESTRING Z ((440376.0627 4470635.324 0,440375.6495 4470609.9108 0))",2737854,Verde,Línea,6
"MULTILINESTRING Z ((440376.3223 4470654.9927 0,440378.3223 4470639.7427 0,440378.9057 4470634.1594 0,440378.5723 4470615.5761 0))",2737855,Verde,Línea,8
"MULTILINESTRING Z ((440376.0723 4470518.9927 0,440374.739 4470479.0761 0))",2737856,Verde,Línea,9
"MULTILINESTRING Z ((440447.4179 4470598.0754 0,440452.0429 4470560.2004 0))",2737857,Verde,Línea,7
"MULTILINESTRING Z ((440453.0429 4470554.3254 0,440455.2929 4470535.9504 0))",2737858,Verde,Línea,3
"MULTILINESTRING Z ((440464.6679 4470645.8254 0,440469.1679 4470649.5754 0))",2737859,Verde,Línea,1
"MULTILINESTRING Z ((440448.0723 4470690.5761 0,440468.989 4470665.1594 0))",2737860,Verde,Línea,7
"MULTILINESTRING Z ((440530.0453 4470673.6096 0,440538.8209 4470663.859 0,440548.7109 4470586.1323 0))",2737861,Verde,Línea,18
"MULTILINESTRING Z ((440501.6557 4470567.9511 0,440489.2807 4470566.5761 0))",2737862,Verde,Batería,6
"MULTILINESTRING Z ((440510.6557 4470569.0761 0,440533.0307 4470571.9511 0))",2737863,Verde,Batería,10
"MULTILINESTRING Z ((440566.2807 4470529.9511 0,440535.4057 4470526.0761 0))",2737864,Verde,Batería,12
"MULTILINESTRING Z ((440645.6557 4470532.7011 0,440662.0307 4470522.7011 0))",2737865,Verde,Batería,7
"MULTILINESTRING Z ((440663.0723 4470473.0761 0,440671.8223 4470500.4094 0))",2737866,Verde,Batería,10
"MULTILINESTRING Z ((440771.1557 4470570.8261 0,440775.1557 4470552.3261 0))",2737868,Azul,Línea,4
"MULTILINESTRING Z ((440698.1877 4470667.2771 0,440677.5274 4470673.8632 0))",2737869,Verde,Batería,9
"MULTILINESTRING Z ((440693.6557 4470616.5761 0,440671.6557 4470623.5761 0))",2737870,Verde,Batería,10
"MULTILINESTRING Z ((440657.5723 4470622.0761 0,440691.6557 4470610.8261 0))",2737871,Verde,Batería,15
"MULTILINESTRING Z ((440715.0723 4470581.6594 0,440689.489 4470589.8261 0))",2737872,Verde,Batería,11
"MULTILINESTRING Z ((440712.4057 4470573.6594 0,440688.5723 4470581.6594 0))",2737873,Verde,Batería,10
"MULTILINESTRING Z ((440671.5723 4470470.4927 0,440680.4057 4470497.1594 0))",2737874,Verde,Batería,10
"MULTILINESTRING Z ((440742.2807 4470574.5761 0,440739.4057 4470587.3261 0))",2737876,Verde,Línea,2
"MULTILINESTRING Z ((441985.0845 4481296.992 0,441965.0845 4481301.242 0))",2737877,Verde,Línea,4
"MULTILINESTRING Z ((441952.2512 4481303.9087 0,441959.6679 4481302.3254 0))",2737878,Verde,Línea,1
"MULTILINESTRING Z ((441122.8773 4470601.5729 0,441084.0623 4470566.6957 0))",2737879,Verde,Línea,10
"MULTILINESTRING Z ((441125.6679 4470598.0754 0,441099.4179 4470573.3254 0))",2737880,Verde,Línea,7
"MULTILINESTRING Z ((440196.7929 4470473.9504 0,440198.5429 4470461.2004 0))",2737882,Verde,Línea,3
"MULTILINESTRING Z ((440203.7031 4470400.7042 0,440207.1781 4470375.3955 0))",2737884,Verde,Línea,5
"MULTILINESTRING Z ((440218.8042 4470311.8047 0,440206.6031 4470400.2042 0))",2737885,Verde,Línea,17
"MULTILINESTRING Z ((440215.7929 4470311.0754 0,440208.2929 4470364.0754 0))",2737886,Verde,Línea,8
"MULTILINESTRING Z ((440221.0307 4470293.7011 0,440227.1557 4470248.7011 0))",2737887,Verde,Línea,9
"MULTILINESTRING Z ((440236.4021 4470501.4041 0,440242.4045 4470449.4848 0))",2737888,Verde,Línea,10
"MULTILINESTRING Z ((440248.5031 4470423.3046 0,440239.3021 4470501.6042 0))",2737889,Verde,Línea,14
"MULTILINESTRING Z ((440251.0307 4470406.4511 0,440256.1557 4470363.2011 0))",2737890,Verde,Línea,7
"MULTILINESTRING Z ((440257.0307 4470353.0761 0,440261.0307 4470317.8261 0))",2737891,Verde,Línea,7
"MULTILINESTRING Z ((440306.5307 4470328.5761 0,440297.7807 4470403.9511 0))",2737892,Verde,Línea,15
"MULTILINESTRING Z ((440303.989 4470375.3261 0,440305.0723 4470364.9094 0))",2737893,Verde,Línea,2
"MULTILINESTRING Z ((440264.2703 4470308.4928 0,440300.353 4470313.3639 0))",2737894,Verde,Línea,7
"MULTILINESTRING Z ((440373.4057 4470424.2427 0,440372.4057 4470383.6594 0))",2737895,Verde,Línea,8
"MULTILINESTRING Z ((440472.0429 4470357.0754 0,440479.5429 4470362.0754 0))",2737897,Verde,Batería,3
"MULTILINESTRING Z ((440518.4057 4470375.7011 0,440504.7807 4470366.7011 0))",2737898,Verde,Batería,6
"MULTILINESTRING Z ((440471.5307 4470430.3261 0,440473.2807 4470417.3261 0,440494.5307 4470385.0761 0))",2737899,Verde,Línea,10
"MULTILINESTRING Z ((440462.6557 4470499.7011 0,440470.4057 4470439.3261 0))",2737900,Verde,Línea,12
"MULTILINESTRING Z ((440509.2807 4470508.2011 0,440518.6557 4470436.4511 0,440534.7807 4470411.3261 0))",2737902,Verde,Línea,19
"MULTILINESTRING Z ((440493.7807 4470341.2011 0,440523.7807 4470297.0761 0))",2737903,Verde,Línea,10
"MULTILINESTRING Z ((440566.001 4470323.9969 0,440532.021 4470373.4475 0))",2737904,Verde,Línea,12
"MULTILINESTRING Z ((440575.7807 4470391.4511 0,440603.2807 4470350.9511 0))",2737905,Verde,Línea,10
"MULTILINESTRING Z ((440505.0307 4470276.0761 0,440521.4057 4470286.8261 0))",2737907,Verde,Línea,3
"MULTILINESTRING Z ((440571.5307 4470321.5761 0,440604.9057 4470344.2011 0))",2737909,Verde,Línea,8
"MULTILINESTRING Z ((440613.2225 4470350.1233 0,440621.4441 4470355.8158 0))",2737910,Verde,Línea,2
"MULTILINESTRING Z ((440507.1557 4470273.2011 0,440583.9057 4470326.0761 0))",2737911,Verde,Línea,19
"MULTILINESTRING Z ((440619.9708 4470429.9997 0,440631.9716 4470309.0546 0))",2737912,Verde,Línea,23
"MULTILINESTRING Z ((440674.6557 4470465.3261 0,440656.739 4470471.0761 0))",2737913,Verde,Batería,9
"MULTILINESTRING Z ((440739.5011 4470384.9987 0,440751.1007 4470419.9987 0))",2737914,Verde,Batería,13
"MULTILINESTRING Z ((440691.5446 4470316.9249 0,440684.779 4470303.8321 0))",2737915,Verde,Línea,2
"MULTILINESTRING Z ((440671.4983 4470278.3983 0,440679.0783 4470292.9319 0))",2737916,Verde,Línea,3
"MULTILINESTRING Z ((440654.9057 4470239.9511 0,440693.2807 4470313.0761 0))",2737917,Verde,Batería,28
"MULTILINESTRING Z ((440668.6968 4470232.0965 0,440707.6018 4470305.2987 0))",2737918,Verde,Batería,28
"MULTILINESTRING Z ((440811.1557 4470276.8261 0,440799.2807 4470329.3261 0))",2737919,Verde,Línea,10
"MULTILINESTRING Z ((440855.2807 4470461.2011 0,440924.5307 4470466.2011 0))",2737920,Verde,Línea,11
"MULTILINESTRING Z ((440940.7929 4470425.9504 0,440943.0429 4470395.9504 0))",2737921,Azul,Línea,6
"MULTILINESTRING Z ((440944.1679 4470379.7004 0,440943.1679 4470395.5754 0))",2737922,Azul,Línea,3
"MULTILINESTRING Z ((440967.4179 4470365.7004 0,440998.1679 4470366.8254 0,441025.1679 4470392.2004 0))",2737924,Verde,Línea,12
"MULTILINESTRING Z ((441062.9057 4470436.6594 0,441016.0723 4470485.1594 0))",2737925,Verde,Línea,14
"MULTILINESTRING Z ((440363.0307 4470249.5761 0,440387.2807 4470213.8261 0))",2737926,Verde,Batería,16
"MULTILINESTRING Z ((440406.0307 4470214.4511 0,440398.7807 4470209.5761 0))",2737927,Azul,Batería,4
"MULTILINESTRING Z ((440408.2807 4470215.5761 0,440413.1557 4470218.7011 0))",2737928,Azul,Batería,3
"MULTILINESTRING Z ((440432.5307 4470230.9511 0,440424.7807 4470225.9511 0))",2737929,Azul,Batería,4
"MULTILINESTRING Z ((440440.7807 4470236.0761 0,440433.5307 4470231.3261 0))",2737930,Azul,Batería,4
"MULTILINESTRING Z ((440449.1557 4470241.7011 0,440442.0307 4470236.9511 0))",2737931,Azul,Batería,4
"MULTILINESTRING Z ((440450.6557 4470242.7011 0,440458.1557 4470247.5761 0))",2737933,Azul,Batería,4
"MULTILINESTRING Z ((440466.5307 4470253.0761 0,440459.2807 4470248.3261 0))",2737934,Azul,Batería,4
"MULTILINESTRING Z ((440474.9057 4470258.5761 0,440468.2807 4470254.2011 0))",2737935,Azul,Batería,4
"MULTILINESTRING Z ((440483.7807 4470264.0761 0,440476.9057 4470259.8261 0))",2737936,Azul,Batería,4
"MULTILINESTRING Z ((440627.9966 4470237.196 0,440564.8839 4470228.9422 0))",2737938,Verde,Batería,24
"MULTILINESTRING Z ((440609.1557 4470264.4511 0,440559.1557 4470258.0761 0))",2737939,Verde,Batería,21
"MULTILINESTRING Z ((440672.0307 4470231.0761 0,440699.1557 4470281.9511 0,440702.5307 4470287.9511 0))",2737940,Verde,Línea,12
"MULTILINESTRING Z ((440650.5307 4470197.9511 0,440666.1557 4470227.5761 0))",2737941,Verde,Batería,11
"MULTILINESTRING Z ((440653.2807 4470234.0761 0,440636.4057 4470204.9511 0))",2737942,Verde,Batería,11
"MULTILINESTRING Z ((440615.2807 4470158.0761 0,440589.7807 4470133.9511 0))",2737943,Verde,Batería,15
"MULTILINESTRING Z ((440564.2807 4470111.8261 0,440582.1557 4470128.0761 0))",2737944,Verde,Batería,8
"MULTILINESTRING Z ((440713.4057 4470178.8261 0,440706.0307 4470155.9511 0))",2737946,Verde,Batería,10
"MULTILINESTRING Z ((440693.6874 4470102.9423 0,440724.8416 4470118.3713 0))",2737947,Verde,Línea,8
"MULTILINESTRING Z ((440648.0307 4470079.9511 0,440597.7807 4470053.8261 0))",2737948,Verde,Línea,11
"MULTILINESTRING Z ((440752.5429 4470133.7004 0,440742.4179 4470127.4504 0))",2737949,Verde,Línea,2
"MULTILINESTRING Z ((440764.9179 4470152.0754 0,440762.0429 4470141.8254 0))",2737950,Verde,Batería,4
"MULTILINESTRING Z ((440758.7929 4470137.4504 0,440763.2929 4470139.7004 0))",2737951,Verde,Línea,1
"MULTILINESTRING Z ((440599.7375 4470031.2581 0,440637.2769 4470054.823 0))",2737952,Azul,Línea,9
"MULTILINESTRING Z ((441997.6679 4481261.1587 0,442002.7512 4481284.3254 0))",2737955,Verde,Línea,4
"MULTILINESTRING Z ((438714.2512 4474865.5754 0,438717.7512 4474861.242 0))",2737958,Azul,Línea,1
"MULTILINESTRING Z ((443151.3623 4478195.992 0,443158.4734 4478197.3809 0,443162.9179 4478198.1031 0))",2738001,Verde,Línea,2
"MULTILINESTRING Z ((443146.8345 4478194.992 0,443138.5012 4478192.992 0,443127.1679 4478189.742 0))",2738009,Verde,Línea,5
"MULTILINESTRING Z ((443124.5845 4477244.8254 0,443129.8623 4477244.5476 0))",2738016,Verde,Batería,2
"MULTILINESTRING Z ((443141.1679 4477243.9087 0,443133.2512 4477244.3254 0))",2738017,Verde,Batería,3
"MULTILINESTRING Z ((442716.6957 4476734.6031 0,442771.3068 4476776.492 0))",2738033,Azul,Batería,25
"MULTILINESTRING Z ((442459.0012 4477338.992 0,442466.8345 4477421.9087 0))",2738054,Azul,Línea,17
"MULTILINESTRING Z ((442724.4179 4476715.9087 0,442725.0012 4476709.742 0))",2738061,Azul,Línea,1
"MULTILINESTRING Z ((438520.4179 4473043.5754 0,438521.3345 4473048.5754 0))",2738065,Verde,Línea,1
"MULTILINESTRING Z ((438161.8345 4473416.5754 0,438175.9179 4473432.3254 0))",2738069,Verde,Batería,8
"MULTILINESTRING Z ((438779.1962 4475103.494 0,438852.7008 4475020.8014 0))",2738070,Naranja,Línea,22
"MULTILINESTRING Z ((438856.4511 4475016.8636 0,438892.6408 4474976.5486 0))",2738071,Naranja,Línea,11
"MULTILINESTRING Z ((438683.3777 4475205.1254 0,438830.0119 4475040.1151 0,438849.7006 4475018.3637 0))",2738073,Naranja,Línea,53
"MULTILINESTRING Z ((438853.0759 4475013.6759 0,438893.3909 4474967.3605 0,438912.142 4474948.0468 0,438934.4559 4474928.5456 0))",2738074,Naranja,Línea,24
"MULTILINESTRING Z ((442168.029 4476461.992 0,442168.8623 4476473.3254 0))",2738075,Verde,Línea,2
"MULTILINESTRING Z ((442169.6401 4476482.2698 0,442173.3623 4476530.492 0))",2738076,Verde,Línea,11
"MULTILINESTRING Z ((442707.4179 4476781.0754 0,442722.7512 4476792.6587 0))",2738084,Verde,Línea,4
"MULTILINESTRING Z ((443416.5845 4475000.0754 0,443403.6679 4475001.0754 0))",2738085,Verde,Línea,2
"MULTILINESTRING Z ((442927.4179 4476932.742 0,442935.7512 4476940.9087 0))",2738090,Verde,Línea,2
"MULTILINESTRING Z ((442899.0845 4476993.6587 0,442901.0845 4476995.6587 0))",2738097,Verde,Batería,1
"MULTILINESTRING Z ((443100.6679 4479791.492 0,443103.8345 4479790.9087 0,443107.9179 4479790.6587 0,443110.9179 4479790.6587 0,443112.9179 4479790.9087 0))",2738121,Azul,Batería,3
"MULTILINESTRING Z ((442853.3345 4476964.5754 0,442858.6679 4476969.9087 0))",2738136,Verde,Línea,1
"MULTILINESTRING Z ((440704.1175 4478317.7142 0,440704.6278 4478322.2904 0))",2738148,Verde,Línea,1
"MULTILINESTRING Z ((440017.0335 4481475.029 0,440013.1957 4481474.0846 0,439983.6679 4481465.992 0))",2738156,Verde,Batería,14
"MULTILINESTRING Z ((437745.1679 4475495.9087 0,437747.5012 4475492.1587 0))",2738165,Verde,Línea,1
"MULTILINESTRING Z ((437777.0012 4475446.4087 0,437757.0012 4475478.1587 0))",2738166,Verde,Línea,7
"MULTILINESTRING Z ((439932.0012 4481449.6086 0,439941.2339 4481452.0619 0))",2738190,Verde,Línea,2
"MULTILINESTRING Z ((439898.062 4481432.7119 0,439936.6378 4481443.1083 0,439937.0673 4481443.3104 0,439937.2185 4481443.2646 0,439937.3187 4481443.374 0,439937.8623 4481443.5249 0,439964.315 4481450.6196 0))",2738201,Verde,Línea,14
"MULTILINESTRING Z ((439974.2327 4481453.2945 0,440065.8129 4481477.8871 0))",2738205,Verde,Línea,19
"MULTILINESTRING Z ((440075.5907 4481480.5784 0,440088.529 4481484.134 0,440162.6031 4481504.1093 0))",2738207,Verde,Línea,18
"MULTILINESTRING Z ((441387.4179 4477085.6587 0,441388.7512 4477101.3254 0))",2738208,Azul,Línea,3
"MULTILINESTRING Z ((440160.6442 4481511.4262 0,440151.2615 4481509.0723 0))",2738213,Verde,Línea,2
"MULTILINESTRING Z ((440032.7512 4481479.2142 0,440060.7512 4481486.7142 0))",2738214,Verde,Batería,12
"MULTILINESTRING Z ((440146.5629 4481509.9407 0,440072.4179 4481489.8809 0))",2738217,Verde,Batería,31
"MULTILINESTRING Z ((441814.0012 4479039.4087 0,441795.3345 4479040.8254 0))",2738225,Verde,Línea,3
"MULTILINESTRING Z ((440713.739 4470179.3261 0,440714.3223 4470181.6594 0))",2738227,Verde,Batería,1
"MULTILINESTRING Z ((440023.7389 4481472.2821 0,440033.1463 4481474.8007 0))",2738230,Verde,Línea,2
"MULTILINESTRING Z ((439633.3098 4481372.6873 0,439605.8068 4481365.6587 0))",2738233,Verde,Línea,5
"MULTILINESTRING Z ((439644.0352 4481375.3686 0,439677.0228 4481383.7636 0))",2738241,Verde,Línea,7
"MULTILINESTRING Z ((439656.5043 4481391.4179 0,439675.7636 4481397.5908 0))",2738243,Verde,Batería,8
"MULTILINESTRING Z ((439605.8684 4481357.9774 0,439738.9179 4481391.8254 0))",2738247,Verde,Línea,28
"MULTILINESTRING Z ((439748.4549 4481394.1957 0,439775.8253 4481401.1217 0,439788.1957 4481404.3439 0,439817.2697 4481411.6772 0))",2738248,Verde,Línea,14
"MULTILINESTRING Z ((439734.2512 4481400.742 0,439721.5845 4481397.4087 0))",2738256,Verde,Batería,5
"MULTILINESTRING Z ((439745.1074 4481403.4597 0,439755.3345 4481406.0754 0))",2738261,Verde,Batería,4
"MULTILINESTRING Z ((439761.1627 4481407.5407 0,439808.3996 4481419.7339 0))",2738265,Verde,Batería,20
"MULTILINESTRING Z ((439827.1792 4481414.2081 0,439842.7183 4481418.1697 0))",2738275,Verde,Línea,3
"MULTILINESTRING Z ((439982.7677 4475015.4139 0,439983.4285 4475025.7981 0))",2738309,Verde,Línea,2
"MULTILINESTRING Z ((440791.7512 4476307.492 0,440793.5012 4476333.4087 0))",2738310,Azul,Línea,5
"MULTILINESTRING Z ((440794.5845 4476344.992 0,440793.6679 4476333.9087 0))",2738311,Azul,Línea,2
"MULTILINESTRING Z ((438774.9057 4475828.8261 0,438780.989 4475820.9927 0))",2738312,Verde,Línea,2
"MULTILINESTRING Z ((438792.5845 4475791.242 0,438797.8345 4475783.9087 0))",2738313,Verde,Línea,2
"MULTILINESTRING Z ((438798.1679 4475783.4087 0,438803.6679 4475776.1587 0))",2738314,Verde,Línea,2
"MULTILINESTRING Z ((438757.1679 4473002.492 0,438802.2512 4473005.3254 0))",2738315,Verde,Línea,9
"MULTILINESTRING Z ((442609.0012 4473174.6587 0,442597.8345 4473175.992 0))",2738319,Azul,Línea,2
"MULTILINESTRING Z ((438222.2512 4475224.4087 0,438235.8345 4475209.492 0))",2738340,Verde,Línea,4
"MULTILINESTRING Z ((443661.0845 4478412.492 0,443659.4179 4478407.5754 0))",2738343,Verde,Línea,1
"MULTILINESTRING Z ((443664.1679 4478420.9087 0,443671.0845 4478440.242 0,443669.3345 4478451.1587 0))",2738345,Verde,Línea,6
"MULTILINESTRING Z ((440990.9734 4476643.6402 0,441000.1586 4476642.9982 0))",2738346,Verde,Línea,2
"MULTILINESTRING Z ((441000.7265 4476645.0229 0,441015.566 4476643.8624 0))",2738347,Verde,Línea,3
"MULTILINESTRING Z ((442801.5429 4478253.0754 0,442802.9179 4478274.0754 0,442804.0429 4478289.4504 0,442805.5429 4478299.9504 0,442808.0429 4478312.7004 0,442810.0429 4478319.7004 0,442814.6679 4478334.5754 0,442827.4179 4478373.4504 0))",2738348,Azul,Línea,27
"MULTILINESTRING Z ((442825.6957 4478374.9365 0,442828.529 4478383.8254 0))",2738349,Azul,Línea,2
"MULTILINESTRING Z ((439885.9133 4481437.191 0,439857.5429 4481429.5754 0,439839.5845 4481425.1031 0))",2738350,Verde,Línea,10
"MULTILINESTRING Z ((439825.2533 4481421.4344 0,439834.8829 4481423.8542 0))",2738351,Verde,Línea,2
"MULTILINESTRING Z ((439865.8994 4481424.044 0,439887.7929 4481429.9504 0))",2738352,Verde,Línea,4
"MULTILINESTRING Z ((439640.2574 4481285.4179 0,439719.9858 4481305.5908 0))",2738354,Azul,Batería,34
"MULTILINESTRING Z ((439722.7759 4481308.455 0,439732.3068 4481310.9488 0))",2738368,Azul,Línea,2
"MULTILINESTRING Z ((437617.5845 4475679.992 0,437617.4179 4475685.242 0))",2738400,Verde,Línea,1
"MULTILINESTRING Z ((437617.2512 4475689.6587 0,437616.9179 4475701.492 0))",2738401,Verde,Línea,2
"MULTILINESTRING Z ((442559.7512 4473104.1587 0,442543.0845 4473113.6587 0))",2738411,Verde,Línea,4
"MULTILINESTRING Z ((442536.0012 4473117.8254 0,442526.0012 4473122.992 0))",2738412,Verde,Línea,2
"MULTILINESTRING Z ((442536.3345 4474103.4087 0,442541.8345 4474104.6587 0))",2738416,Verde,Línea,1
"MULTILINESTRING Z ((442604.0845 4473197.492 0,442647.8345 4473192.1587 0))",2738421,Azul,Línea,7
"MULTILINESTRING Z ((439741.9282 4481311.0311 0,439800.9899 4481326.0435 0))",2738428,Azul,Batería,27
"MULTILINESTRING Z ((439849.4179 4481340.6772 0,439867.8994 4481345.3809 0))",2738429,Azul,Línea,4
"MULTILINESTRING Z ((439928.0105 4481359.0105 0,439972.566 4481370.8254 0,440042.7512 4481389.7513 0))",2738432,Azul,Batería,49
"MULTILINESTRING Z ((439998.6679 4481111.242 0,440067.0012 4481129.242 0))",2738438,Verde,Batería,27
"MULTILINESTRING Z ((439984.3345 4481104.492 0,439999.0012 4481108.3254 0))",2738439,Verde,Batería,6
"MULTILINESTRING Z ((442162.6679 4472757.492 0,442170.2512 4472772.492 0))",2738496,Verde,Línea,3
"MULTILINESTRING Z ((442174.6679 4472779.6587 0,442180.0012 4472790.6587 0))",2738497,Verde,Línea,2
"MULTILINESTRING Z ((441822.6679 4473078.492 0,441850.7512 4473083.742 0))",2738502,Azul,Línea,6
"MULTILINESTRING Z ((441499.5012 4472688.3254 0,441479.5012 4472689.6587 0))",2738515,Verde,Batería,8
"MULTILINESTRING Z ((441464.3345 4472690.8254 0,441478.4179 4472689.8254 0))",2738516,Verde,Batería,6
"MULTILINESTRING Z ((441051.9179 4471944.0754 0,441049.0012 4471909.9087 0))",2738517,Verde,Línea,7
"MULTILINESTRING Z ((442769.2512 4476964.992 0,442762.5012 4476977.742 0))",2738521,Verde,Línea,3
"MULTILINESTRING Z ((440085.0798 4481400.8211 0,440125.0845 4481411.6587 0))",2738522,Azul,Batería,17
"MULTILINESTRING Z ((440133.4426 4481413.8871 0,440163.7636 4481422.0352 0))",2738526,Azul,Línea,6
"MULTILINESTRING Z ((443579.9179 4474382.492 0,443590.5845 4474388.4087 0,443595.7512 4474391.9087 0,443602.4179 4474399.5754 0))",2738528,Azul,Línea,6
"MULTILINESTRING Z ((442855.5012 4477046.992 0,442885.2512 4477077.742 0))",2738532,Verde,Línea,9
"MULTILINESTRING Z ((439780.7512 4471000.1587 0,439815.3345 4470989.492 0))",2738550,Verde,Batería,10
"MULTILINESTRING Z ((439820.0845 4470987.6587 0,439869.5012 4470972.5754 0))",2738551,Verde,Batería,15
"MULTILINESTRING Z ((441786.9179 4480013.9087 0,441798.2512 4480029.4087 0))",2738571,Verde,Línea,4
"MULTILINESTRING Z ((440250.7732 4481381.4728 0,440249.0064 4481388.2218 0))",2738575,Azul,Línea,1
"MULTILINESTRING Z ((439491.7059 4481070.5702 0,439497.1216 4481050.2081 0))",2738577,Verde,Batería,10
"MULTILINESTRING Z ((442746.5845 4477015.992 0,442748.7512 4477017.992 0))",2738578,Verde,Batería,1
"MULTILINESTRING Z ((442766.4179 4477035.8254 0,442758.4179 4477027.8254 0))",2738579,Verde,Batería,4
"MULTILINESTRING Z ((442756.8345 4477026.242 0,442751.0012 4477020.242 0))",2738581,Verde,Batería,3
"MULTILINESTRING Z ((439874.7638 4481105.9769 0,439882.1679 4481107.9087 0))",2738582,Azul,Línea,1
"MULTILINESTRING Z ((439983.859 4481094.1909 0,439993.7648 4481060.0182 0))",2738583,Verde,Batería,15
"MULTILINESTRING Z ((439820.6387 4481017.6429 0,439820.0022 4481020.123 0))",2738585,Verde,Batería,1
"MULTILINESTRING Z ((442723.2512 4477074.992 0,442735.2512 4477087.242 0))",2738587,Verde,Línea,4
"MULTILINESTRING Z ((442739.0845 4477090.9087 0,442757.3345 4477109.4087 0))",2738588,Verde,Línea,5
"MULTILINESTRING Z ((443012.1679 4476965.492 0,443013.4179 4476966.742 0))",2738629,Verde,Batería,1
"MULTILINESTRING Z ((443147.9179 4476934.3254 0,443150.8345 4476936.492 0))",2738630,Azul,Batería,1
"MULTILINESTRING Z ((441004.743 4477396.2328 0,441006.3232 4477422.2904 0))",2738632,Verde,Línea,5
"MULTILINESTRING Z ((439947.4612 4473773.8538 0,439943.0723 4473762.0761 0))",2738652,Verde,Batería,4
"MULTILINESTRING Z ((439546.2512 4472988.242 0,439551.8345 4473002.9087 0))",2738656,Verde,Batería,6
"MULTILINESTRING Z ((439552.2512 4473003.6587 0,439557.5012 4473018.4087 0))",2738657,Verde,Batería,6
"MULTILINESTRING Z ((439555.6679 4472928.0754 0,439559.9179 4472939.9087 0))",2738659,Azul,Batería,5
"MULTILINESTRING Z ((439424.9179 4472659.2004 0,439443.0429 4472708.0754 0))",2738660,Verde,Batería,16
"MULTILINESTRING Z ((439443.5429 4472708.9504 0,439446.7929 4472718.3254 0))",2738661,Verde,Batería,4
"MULTILINESTRING Z ((439472.1957 4472699.8809 0,439471.3068 4472697.1587 0))",2738663,Azul,Batería,1
"MULTILINESTRING Z ((439472.6957 4472701.1587 0,439476.2512 4472710.9365 0))",2738664,Azul,Batería,4
"MULTILINESTRING Z ((440086.3068 4478859.9735 0,440095.1586 4478848.3068 0))",2738674,Azul,Línea,3
"MULTILINESTRING Z ((440099.9179 4478846.1587 0,440097.5012 4478849.6587 0))",2738676,Azul,Línea,1
"MULTILINESTRING Z ((443174.0845 4475925.992 0,443191.1679 4475928.3254 0))",2738716,Azul,Línea,3
"MULTILINESTRING Z ((443281.5012 4477070.9087 0,443258.2512 4477102.4087 0))",2738740,Verde,Batería,15
"MULTILINESTRING Z ((443251.7512 4477111.1587 0,443238.2512 4477129.0754 0))",2738751,Verde,Batería,8
"MULTILINESTRING Z ((443263.2512 4477154.5754 0,443260.7512 4477151.992 0))",2738765,Azul,Batería,1
"MULTILINESTRING Z ((443284.4179 4476952.9087 0,443251.2512 4476996.6587 0))",2738767,Verde,Línea,11
"MULTILINESTRING Z ((440176.8994 4481788.4797 0,440197.6401 4481795.3439 0))",2738768,Verde,Línea,4
"MULTILINESTRING Z ((441019.2697 4478288.3068 0,441019.887 4478297.4673 0))",2738769,Verde,Línea,2
"MULTILINESTRING Z ((440150.422 4481087.8048 0,440129.8459 4481082.455 0))",2738771,Verde,Batería,10
"MULTILINESTRING Z ((444648.4179 4475509.5754 0,444661.5012 4475528.242 0))",2738772,Verde,Línea,4
"MULTILINESTRING Z ((440170.2697 4481131.6402 0,440175.566 4481111.4179 0))",2738773,Verde,Batería,6
"MULTILINESTRING Z ((440271.0475 4481116.1217 0,440303.3438 4481124.3439 0))",2738780,Verde,Batería,13
"MULTILINESTRING Z ((440255.064 4481115.6072 0,440274.6524 4481120.8747 0))",2738786,Verde,Batería,8
"MULTILINESTRING Z ((442932.5845 4477353.8254 0,442943.0845 4477361.992 0))",2738787,Azul,Línea,2
"MULTILINESTRING Z ((440308.1175 4481094.0599 0,440278.5208 4481086.2739 0,440282.0105 4481073.1052 0,440307.1957 4481079.6731 0,440307.3438 4481079.7225 0))",2738792,Verde,Batería,19
"MULTILINESTRING Z ((440316.112 4481079.075 0,440324.0059 4481048.9273 0))",2738794,Verde,Batería,11
"MULTILINESTRING Z ((440364.529 4480945.9392 0,440351.8541 4480994.0051 0))",2738795,Verde,Línea,10
"MULTILINESTRING Z ((440243.2121 4480958.2739 0,440248.0022 4480940.5784 0))",2738823,Verde,Batería,8
"MULTILINESTRING Z ((440123.2512 4480937.6587 0,440117.3345 4480959.8254 0))",2738831,Verde,Línea,4
"MULTILINESTRING Z ((439612.7485 4480827.2671 0,439668.2327 4480842.016 0))",2738867,Verde,Batería,23
"MULTILINESTRING Z ((439691.8129 4480844.5538 0,439695.2697 4480831.8624 0))",2738879,Verde,Línea,2
"MULTILINESTRING Z ((439830.0105 4480776.5291 0,439817.9734 4480770.2328 0))",2738910,Verde,Batería,5
"MULTILINESTRING Z ((439832.3561 4480777.5908 0,439834.5537 4480778.5538 0))",2738921,Verde,Batería,1
"MULTILINESTRING Z ((439985.8788 4480753.6155 0,439993.8972 4480753.4096 0))",2738927,Verde,Línea,1
"MULTILINESTRING Z ((440130.3438 4480935.3439 0,440143.7512 4480884.5661 0))",2738928,Verde,Línea,11
"MULTILINESTRING Z ((440265.0887 4480896.8089 0,440289.2039 4480903.278 0))",2738929,Verde,Línea,5
"MULTILINESTRING Z ((443297.5012 4476953.992 0,443293.2512 4476959.6587 0))",2738931,Azul,Línea,1
"MULTILINESTRING Z ((439996.3808 4480823.8871 0,440026.5784 4480831.9118 0))",2738933,Verde,Batería,12
"MULTILINESTRING Z ((442469.9057 4475269.4094 0,442474.0723 4475269.1594 0))",2738934,Verde,Línea,1
"MULTILINESTRING Z ((443287.9179 4476967.0754 0,443283.2512 4476973.4087 0))",2738935,Azul,Línea,2
"MULTILINESTRING Z ((440326.647 4480785.4893 0,440370.7957 4480796.7248 0))",2738937,Verde,Batería,19
"MULTILINESTRING Z ((440366.7457 4480783.3603 0,440383.2286 4480787.3329 0))",2738939,Verde,Batería,7
"MULTILINESTRING Z ((440318.422 4480748.7595 0,440323.9693 4480727.9529 0))",2738941,Verde,Batería,9
"MULTILINESTRING Z ((440337.1545 4480743.6566 0,440344.1216 4480717.1587 0))",2738942,Verde,Batería,11
"MULTILINESTRING Z ((440345.4673 4480712.3068 0,440351.7389 4480688.4303 0))",2738945,Verde,Batería,10
"MULTILINESTRING Z ((443275.7512 4476983.6587 0,443256.3345 4477009.8254 0))",2738959,Azul,Línea,7
"MULTILINESTRING Z ((443351.1679 4476984.6587 0,443367.0012 4476996.3254 0))",2738960,Azul,Línea,4
"MULTILINESTRING Z ((440331.3603 4480765.8295 0,440335.9035 4480748.6937 0))",2738962,Verde,Batería,7
"MULTILINESTRING Z ((443147.2512 4477084.5754 0,443168.5845 4477101.8254 0))",2738964,Azul,Batería,11
"MULTILINESTRING Z ((443081.8345 4477095.6587 0,443081.6679 4477113.9087 0))",2738971,Verde,Línea,3
"MULTILINESTRING Z ((444371.5845 4475878.6587 0,444368.0845 4475899.0754 0))",2739019,Verde,Línea,4
"MULTILINESTRING Z ((439377.4343 4480843.5579 0,439366.8335 4480840.7266 0))",2739054,Verde,Batería,4
"MULTILINESTRING Z ((440932.9487 4479339.5908 0,440939.8623 4479333.0723 0))",2739125,Verde,Línea,2
"MULTILINESTRING Z ((440933.6895 4479341.0229 0,440926.5043 4479347.9365 0))",2739131,Verde,Línea,2
"MULTILINESTRING Z ((439452.3561 4480770.8747 0,439493.3932 4480781.7636 0))",2739135,Verde,Batería,18
"MULTILINESTRING Z ((439519.9858 4480860.5949 0,439526.8116 4480862.3946 0))",2739136,Verde,Línea,1
"MULTILINESTRING Z ((439542.7677 4480880.5455 0,439555.673 4480883.8706 0))",2739140,Verde,Batería,5
"MULTILINESTRING Z ((439429.6895 4480817.3933 0,439465.6648 4480827.3686 0))",2739142,Verde,Batería,15
"MULTILINESTRING Z ((439426.016 4480832.4138 0,439446.1751 4480837.5167 0))",2739143,Verde,Batería,8
"MULTILINESTRING Z ((439390.6689 4480586.5702 0,439462.0434 4480605.204 0))",2739146,Verde,Línea,31
"MULTILINESTRING Z ((439468.7101 4480605.1546 0,439481.4014 4480556.2328 0))",2739147,Verde,Línea,12
"MULTILINESTRING Z ((439568.1998 4480685.2863 0,439578.7841 4480688.0846 0))",2739148,Verde,Batería,4
"MULTILINESTRING Z ((439629.1216 4480531.2451 0,439627.278 4480531.5085 0,439615.5578 4480532.4632 0))",2739150,Verde,Línea,2
"MULTILINESTRING Z ((442698.7512 4477573.3254 0,442711.1679 4477575.242 0))",2739164,Verde,Línea,2
"MULTILINESTRING Z ((439877.245 4480632.9241 0,439883.4426 4480630.3562 0,439886.1092 4480629.4426 0,439888.7018 4480628.6772 0,439890.85 4480628.1587 0,439896.4549 4480627.1957 0,439898.6031 4480626.9241 0,439905.9858 4480626.5044 0,439954.2574 4480625.3933 0))",2739170,Verde,Línea,16
"MULTILINESTRING Z ((439640.743 4480457.4344 0,439638.85 4480448.7431 0))",2739190,Azul,Batería,4
"MULTILINESTRING Z ((439839.4179 4480678.1587 0,439829.8253 4480676.1217 0,439825.4179 4480675.3809 0))",2739192,Verde,Línea,3
"MULTILINESTRING Z ((440164.529 4480638.3891 0,440147.3932 4480637.4673 0))",2739196,Verde,Batería,7
"MULTILINESTRING Z ((440171.3685 4480623.4179 0,440198.8994 4480625.5167 0,440214.3068 4480626.7883 0,440219.7512 4480627.3068 0))",2739200,Verde,Línea,10
"MULTILINESTRING Z ((440319.3932 4480658.8007 0,440304.1092 4480655.1463 0))",2739201,Verde,Batería,7
"MULTILINESTRING Z ((440347.3191 4480685.9118 0,440351.6648 4480669.492 0))",2739204,Verde,Línea,3
"MULTILINESTRING Z ((440335.8047 4480683.0476 0,440339.5907 4480668.9241 0))",2739210,Verde,Batería,6
"MULTILINESTRING Z ((443030.0012 4477177.1587 0,443027.9179 4477144.5754 0))",2739211,Verde,Línea,6
"MULTILINESTRING Z ((439570.1957 4480447.8809 0,439598.4734 4480449.1587 0))",2739223,Verde,Línea,6
"MULTILINESTRING Z ((439622.7512 4480454.7513 0,439615.6895 4480433.9365 0))",2739225,Verde,Línea,5
"MULTILINESTRING Z ((443020.6679 4477133.9087 0,443027.2512 4477140.742 0,443027.5845 4477141.242 0))",2739228,Verde,Línea,2
"MULTILINESTRING Z ((439667.3438 4480403.1217 0,439694.7512 4480406.1587 0))",2739229,Verde,Línea,5
"MULTILINESTRING Z ((439991.4919 4480449.3686 0,439986.2821 4480448.8254 0))",2739233,Verde,Línea,1
"MULTILINESTRING Z ((443038.6679 4477149.6587 0,443038.1679 4477142.5754 0,443037.7512 4477139.992 0,443037.1679 4477138.6587 0,443034.4179 4477134.6587 0))",2739235,Verde,Batería,5
"MULTILINESTRING Z ((439947.171 4480429.8377 0,439933.6648 4480428.3315 0))",2739236,Verde,Batería,6
"MULTILINESTRING Z ((439995.6072 4480435.2945 0,440006.7347 4480436.5291 0))",2739238,Verde,Batería,5
"MULTILINESTRING Z ((443039.0845 4477155.6587 0,443040.0012 4477167.242 0))",2739242,Verde,Batería,3
"MULTILINESTRING Z ((443183.8345 4477181.1587 0,443170.5845 4477197.242 0))",2739245,Verde,Línea,5
"MULTILINESTRING Z ((443162.3345 4477266.3254 0,443150.9179 4477280.4087 0))",2739271,Verde,Batería,7
"MULTILINESTRING Z ((443147.7512 4477284.1587 0,443139.4179 4477294.492 0))",2739278,Verde,Batería,4
"MULTILINESTRING Z ((443135.6679 4477299.1587 0,443122.9179 4477315.242 0))",2739298,Verde,Batería,7
"MULTILINESTRING Z ((443115.0845 4477324.992 0,443120.5012 4477318.1587 0))",2739306,Verde,Batería,3
"MULTILINESTRING Z ((443110.7512 4477330.4087 0,443104.1679 4477338.5754 0))",2739327,Verde,Batería,3
"MULTILINESTRING Z ((443129.1679 4477321.9087 0,443114.8345 4477339.9087 0))",2739375,Verde,Línea,5
"MULTILINESTRING Z ((443215.0012 4477358.8254 0,443212.0845 4477363.1587 0))",2739376,Verde,Batería,2
"MULTILINESTRING Z ((443207.6679 4477395.492 0,443220.7512 4477376.5754 0))",2739440,Verde,Batería,9
"MULTILINESTRING Z ((443227.2512 4477367.0754 0,443222.3345 4477374.3254 0))",2739442,Verde,Batería,4
"MULTILINESTRING Z ((442723.1679 4477737.4087 0,442724.6679 4477754.5754 0))",2739449,Verde,Línea,3
"MULTILINESTRING Z ((444766.7512 4475873.5754 0,444791.5845 4475877.4087 0))",2739458,Verde,Línea,5
"MULTILINESTRING Z ((444714.5845 4475673.3254 0,444702.2512 4475676.5754 0))",2739467,Verde,Línea,3
"MULTILINESTRING Z ((440815.1679 4476628.9504 0,440810.4179 4476559.2004 0))",2739468,Verde,Línea,14
"MULTILINESTRING Z ((442982.7512 4477354.1587 0,442979.4179 4477362.3254 0))",2739469,Verde,Línea,1
"MULTILINESTRING Z ((441144.6679 4475844.242 0,441137.9179 4475845.242 0))",2739490,Verde,Línea,1
"MULTILINESTRING Z ((442594.0723 4474762.9094 0,442605.239 4474762.1594 0))",2739509,Verde,Línea,2
"MULTILINESTRING Z ((443252.4179 4477565.4087 0,443226.5012 4477590.9087 0))",2739561,Verde,Línea,7
"MULTILINESTRING Z ((443336.3345 4477520.1587 0,443298.1679 4477528.492 0,443291.1679 4477530.1587 0,443288.5845 4477531.1587 0,443285.0012 4477533.5754 0,443257.0012 4477560.992 0))",2739563,Verde,Línea,19
"MULTILINESTRING Z ((443279.5845 4477526.9087 0,443263.9179 4477542.5754 0))",2739564,Verde,Línea,4
"MULTILINESTRING Z ((443278.0012 4477471.4087 0,443275.1679 4477458.0754 0,443275.4179 4477456.992 0,443276.0012 4477456.3254 0,443276.7512 4477455.742 0,443303.5012 4477449.992 0))",2739569,Verde,Línea,8
"MULTILINESTRING Z ((443447.0845 4477642.8254 0,443463.0845 4477639.492 0))",2739573,Verde,Batería,6
"MULTILINESTRING Z ((443655.6679 4478686.3254 0,443653.4179 4478695.0754 0))",2739577,Verde,Línea,2
"MULTILINESTRING Z ((443439.5012 4477644.4087 0,443431.4179 4477646.0754 0))",2739591,Verde,Batería,3
"MULTILINESTRING Z ((444705.5012 4475749.8254 0,444701.8345 4475777.0754 0))",2739612,Verde,Línea,5
"MULTILINESTRING Z ((444798.5845 4475871.5754 0,444810.4179 4475873.242 0))",2739622,Azul,Línea,2
"MULTILINESTRING Z ((443390.9179 4477639.992 0,443399.1679 4477638.4087 0))",2739629,Verde,Batería,4
"MULTILINESTRING Z ((443412.8345 4477635.5754 0,443406.8345 4477636.8254 0))",2739638,Verde,Batería,2
"MULTILINESTRING Z ((443405.6679 4477636.992 0,443403.0845 4477637.5754 0))",2739642,Verde,Batería,1
"MULTILINESTRING Z ((442790.8345 4477651.492 0,442868.7512 4477669.3254 0))",2739645,Verde,Línea,17
"MULTILINESTRING Z ((443595.8345 4477612.9087 0,443613.5012 4477609.3254 0))",2739646,Verde,Línea,3
"MULTILINESTRING Z ((443680.0845 4477600.242 0,443676.5012 4477600.3254 0,443671.4179 4477599.9087 0,443670.5012 4477599.9087 0,443669.5012 4477600.1587 0))",2739650,Verde,Batería,4
"MULTILINESTRING Z ((443703.6679 4477585.8254 0,443702.2512 4477588.4087 0,443699.7512 4477591.6587 0,443697.4179 4477593.6587 0,443693.9179 4477595.992 0,443690.7512 4477597.6587 0,443687.5012 4477598.742 0,443684.5845 4477599.492 0,443682.7512 4477599.8254 0))",2739651,Verde,Batería,10
"MULTILINESTRING Z ((443430.6679 4477509.3254 0,443422.7512 4477510.8254 0))",2739653,Verde,Batería,3
"MULTILINESTRING Z ((443430.2512 4477424.242 0,443432.8345 4477435.492 0))",2739660,Verde,Línea,2
"MULTILINESTRING Z ((443437.9179 4477446.7004 0,443440.7929 4477459.0754 0))",2739661,Verde,Línea,4
"MULTILINESTRING Z ((438737.7561 4475150.747 0,438706.6292 4475183.9365 0))",2739663,Naranja,Línea,9
"MULTILINESTRING Z ((443386.1679 4477414.3254 0,443412.7512 4477408.8254 0))",2739668,Verde,Batería,9
"MULTILINESTRING Z ((443369.7512 4477421.3254 0,443381.1679 4477418.8254 0))",2739672,Verde,Batería,4
"MULTILINESTRING Z ((443342.0012 4477408.3254 0,443359.2512 4477404.742 0))",2739673,Verde,Batería,6
"MULTILINESTRING Z ((443395.2512 4477397.3254 0,443414.4179 4477393.3254 0))",2739677,Verde,Batería,7
"MULTILINESTRING Z ((443624.1679 4477245.242 0,443638.6679 4477252.242 0,443666.7512 4477264.0754 0,443690.7512 4477274.742 0))",2739688,Azul,Batería,28
"MULTILINESTRING Z ((443450.8345 4477374.4087 0,443455.3345 4477395.8254 0))",2739700,Verde,Línea,4
"MULTILINESTRING Z ((443380.0845 4477400.492 0,443363.5845 4477403.8254 0))",2739701,Verde,Batería,6
"MULTILINESTRING Z ((443661.8345 4477680.492 0,443664.5845 4477700.1587 0))",2739748,Verde,Línea,4
"MULTILINESTRING Z ((443665.4179 4477703.3254 0,443670.1679 4477727.3254 0))",2739751,Verde,Línea,5
"MULTILINESTRING Z ((443429.7512 4477646.4087 0,443419.6679 4477648.492 0))",2739754,Verde,Batería,4
"MULTILINESTRING Z ((443397.9179 4477653.0754 0,443405.1679 4477651.492 0))",2739755,Verde,Batería,3
"MULTILINESTRING Z ((443418.2512 4477648.8254 0,443406.7512 4477651.242 0))",2739756,Verde,Batería,7
"MULTILINESTRING Z ((442551.7512 4475177.9087 0,442553.5845 4475206.742 0))",2739815,Verde,Línea,6
"MULTILINESTRING Z ((443396.6679 4477689.3254 0,443452.5845 4477726.9087 0))",2739818,Azul,Batería,25
"MULTILINESTRING Z ((443437.5845 4477740.992 0,443445.9179 4477746.492 0))",2739821,Verde,Batería,4
"MULTILINESTRING Z ((443446.8345 4477747.1587 0,443451.0845 4477749.9087 0))",2739822,Verde,Batería,3
"MULTILINESTRING Z ((443459.1679 4477795.1587 0,443455.2512 4477792.5754 0))",2739824,Azul,Línea,1
"MULTILINESTRING Z ((440094.771 4479660.7659 0,440096.0586 4479661.7999 0))",2739831,Verde,Batería,1
"MULTILINESTRING Z ((440092.3315 4479658.8336 0,440089.3026 4479656.3644 0))",2739832,Verde,Batería,2
"MULTILINESTRING Z ((440086.7649 4479654.3059 0,440083.5312 4479651.7088 0))",2739835,Verde,Batería,2
"MULTILINESTRING Z ((440061.1326 4479633.6319 0,440064.5016 4479636.3425 0))",2739837,Verde,Batería,2
"MULTILINESTRING Z ((440066.5835 4479638.0334 0,440069.9734 4479640.7698 0))",2739838,Verde,Batería,2
"MULTILINESTRING Z ((440072.3712 4479642.6972 0,440075.6291 4479645.3192 0))",2739842,Verde,Batería,2
"MULTILINESTRING Z ((440077.8955 4479647.1583 0,440081.3389 4479649.9334 0))",2739843,Verde,Batería,2
"MULTILINESTRING Z ((440214.0845 4479854.6031 0,440196.0012 4479832.4087 0))",2739844,Verde,Batería,9
"MULTILINESTRING Z ((440448.1833 4479625.492 0,440465.4179 4479626.2081 0,440488.1833 4479625.171 0))",2739850,Verde,Batería,16
"MULTILINESTRING Z ((440192.3752 4479558.3185 0,440204.8478 4479579.7738 0))",2739853,Verde,Línea,5
"MULTILINESTRING Z ((443769.9179 4477425.3254 0,443773.8345 4477422.6587 0,443775.3345 4477421.242 0,443779.6679 4477413.6587 0,443784.5845 4477403.9087 0,443788.5012 4477393.4087 0,443790.4179 4477384.6587 0,443791.0845 4477377.742 0,443790.5845 4477368.992 0,443789.7512 4477362.8254 0,443788.0845 4477356.6587 0,443786.5845 4477352.4087 0,443783.5012 4477345.9087 0))",2739854,Verde,Línea,16
"MULTILINESTRING Z ((443782.0012 4477343.0754 0,443778.8345 4477338.4087 0,443775.9179 4477334.5754 0,443771.3345 4477329.5754 0,443768.5012 4477327.0754 0,443758.6679 4477320.5754 0,443754.2512 4477318.0754 0,443741.9179 4477312.8254 0))",2739858,Verde,Línea,12
"MULTILINESTRING Z ((442495.8345 4476630.5754 0,442502.1679 4476635.4087 0,442502.5845 4476635.9087 0))",2739905,Verde,Línea,1
"MULTILINESTRING Z ((442535.5845 4476660.8254 0,442505.8345 4476638.242 0))",2739907,Verde,Línea,7
"MULTILINESTRING Z ((439616.0845 4470678.3254 0,439620.7512 4470656.742 0))",2739992,Azul,Línea,4
"MULTILINESTRING Z ((439621.2668 4470654.6221 0,439622.8867 4470644.7542 0))",2739993,Azul,Línea,2
"MULTILINESTRING Z ((439632.5964 4470746.9959 0,439634.5016 4470734.1781 0))",2739994,Verde,Línea,2
"MULTILINESTRING Z ((439682.0723 4470717.9094 0,439691.489 4470673.1594 0))",2739995,Verde,Línea,10
"MULTILINESTRING Z ((439744.2512 4470667.4087 0,439750.6679 4470647.4087 0))",2739997,Verde,Línea,4
"MULTILINESTRING Z ((439771.239 4470680.0761 0,439765.739 4470723.9094 0))",2739998,Verde,Línea,8
"MULTILINESTRING Z ((439796.9179 4470733.742 0,439799.1679 4470712.992 0))",2739999,Verde,Línea,4
"MULTILINESTRING Z ((439796.6557 4470702.5761 0,439803.239 4470651.9094 0))",2740000,Verde,Línea,10
"MULTILINESTRING Z ((439804.1557 4470675.6594 0,439805.0723 4470667.0761 0))",2740001,Verde,Línea,1
"MULTILINESTRING Z ((439838.0012 4470774.9087 0,439840.6679 4470753.6587 0))",2740002,Verde,Línea,4
"MULTILINESTRING Z ((439850.5845 4470677.5754 0,439853.1679 4470659.1587 0))",2740003,Verde,Línea,3
"MULTILINESTRING Z ((439755.0845 4470632.9087 0,439758.4179 4470620.992 0))",2740004,Verde,Línea,2
"MULTILINESTRING Z ((439890.7972 4470782.7988 0,439892.4092 4470770.8923 0))",2740005,Verde,Línea,2
"MULTILINESTRING Z ((439897.6557 4470735.8261 0,439901.739 4470703.9927 0))",2740007,Verde,Línea,6
"MULTILINESTRING Z ((439899.4057 4470695.7427 0,439903.489 4470663.1594 0))",2740008,Verde,Línea,6
"MULTILINESTRING Z ((439902.5723 4470696.9094 0,439907.0723 4470663.7427 0))",2740009,Verde,Línea,6
"MULTILINESTRING Z ((439904.8223 4470652.3261 0,439909.8223 4470614.6594 0))",2740010,Verde,Línea,7
"MULTILINESTRING Z ((439912.5429 4470625.7004 0,439913.4179 4470618.3254 0))",2740011,Verde,Línea,1
"MULTILINESTRING Z ((439930.4179 4470746.8254 0,439919.5429 4470745.7004 0))",2740012,Verde,Línea,2
"MULTILINESTRING Z ((440037.6557 4470757.4927 0,439976.0723 4470749.2427 0))",2740013,Verde,Línea,13
"MULTILINESTRING Z ((440049.4926 4470716.8786 0,439984.9751 4470708.9733 0))",2740015,Verde,Línea,13
"MULTILINESTRING Z ((440049.2929 4470720.5754 0,440019.4179 4470716.8254 0))",2740016,Verde,Línea,6
"MULTILINESTRING Z ((440012.6679 4470715.8254 0,439998.0429 4470714.2004 0))",2740018,Verde,Línea,3
"MULTILINESTRING Z ((439863.9179 4470655.5754 0,439899.0429 4470660.2004 0))",2740019,Verde,Línea,7
"MULTILINESTRING Z ((439864.9179 4470651.8254 0,439899.7929 4470656.3254 0))",2740020,Verde,Línea,7
"MULTILINESTRING Z ((439917.0429 4470658.8254 0,439957.0429 4470664.2004 0))",2740021,Verde,Línea,8
"MULTILINESTRING Z ((439998.5429 4470625.7004 0,440010.1679 4470627.2004 0))",2740023,Verde,Línea,2
"MULTILINESTRING Z ((440063.5307 4470675.2011 0,440074.2807 4470590.5761 0))",2740024,Verde,Línea,16
"MULTILINESTRING Z ((440096.5723 4470703.3261 0,440089.5723 4470702.4094 0))",2740025,Verde,Línea,1
"MULTILINESTRING Z ((440104.489 4470755.9927 0,440105.8223 4470744.4927 0))",2740026,Verde,Línea,2
"MULTILINESTRING Z ((440111.2992 4470697.4018 0,440112.9053 4470684.6094 0))",2740027,Verde,Línea,2
"MULTILINESTRING Z ((439628.0429 4470584.8254 0,439628.4179 4470578.3254 0))",2740032,Azul,Línea,1
"MULTILINESTRING Z ((439633.1557 4470590.1594 0,439682.0723 4470597.8261 0))",2740033,Verde,Línea,10
"MULTILINESTRING Z ((439636.9179 4470528.2004 0,439652.1679 4470529.8254 0))",2740035,Verde,Línea,3
"MULTILINESTRING Z ((439710.4057 4470537.2427 0,439692.5723 4470535.3261 0))",2740036,Verde,Línea,3
"MULTILINESTRING Z ((439681.405 4470482.5632 0,439705.0157 4470485.4543 0))",2740037,Verde,Batería,9
"MULTILINESTRING Z ((439719.7929 4470534.8254 0,439722.5429 4470514.0754 0))",2740038,Verde,Línea,4
"MULTILINESTRING Z ((439716.489 4470533.9094 0,439720.489 4470499.4927 0))",2740039,Verde,Línea,7
"MULTILINESTRING Z ((439725.6 4470479.3982 0,439739.143 4470428.6128 0))",2740040,Azul,Línea,10
"MULTILINESTRING Z ((439717.5387 4470581.3576 0,439759.1949 4470587.4447 0))",2740041,Verde,Línea,8
"MULTILINESTRING Z ((439817.6679 4470575.8254 0,439816.7929 4470581.4504 0))",2740042,Verde,Línea,1
"MULTILINESTRING Z ((439783.6679 4470416.2004 0,439782.1679 4470422.7004 0))",2740043,Verde,Línea,1
"MULTILINESTRING Z ((439860.9612 4470627.6872 0,439866.4612 4470586.465 0))",2740044,Verde,Línea,8
"MULTILINESTRING Z ((439867.239 4470579.7427 0,439868.989 4470566.7427 0))",2740045,Verde,Línea,2
"MULTILINESTRING Z ((439866.1679 4470555.4504 0,439868.7929 4470536.2004 0))",2740046,Verde,Línea,4
"MULTILINESTRING Z ((439876.9057 4470450.6594 0,439886.8223 4470454.4094 0,439891.239 4470453.5761 0,439898.239 4470444.6594 0))",2740047,Verde,Línea,6
"MULTILINESTRING Z ((439908.239 4470415.9927 0,439890.239 4470412.5761 0))",2740048,Verde,Batería,7
"MULTILINESTRING Z ((439863.3223 4470401.4094 0,439913.5723 4470412.8261 0))",2740049,Verde,Batería,19
"MULTILINESTRING Z ((439912.5429 4470593.0754 0,439910.6679 4470606.4504 0))",2740050,Verde,Línea,2
"MULTILINESTRING Z ((439914.4179 4470608.8254 0,439916.6679 4470592.5754 0))",2740051,Verde,Línea,3
"MULTILINESTRING Z ((439927.9179 4470499.9504 0,439931.4179 4470473.7004 0))",2740052,Verde,Línea,5
"MULTILINESTRING Z ((439932.6679 4470461.992 0,439933.4179 4470456.5754 0))",2740053,Verde,Línea,1
"MULTILINESTRING Z ((439995.7807 4470529.4511 0,440009.1557 4470531.3261 0))",2740055,Verde,Línea,2
"MULTILINESTRING Z ((439934.2684 4470429.5769 0,439931.0807 4470450.5782 0))",2740056,Verde,Línea,4
"MULTILINESTRING Z ((440045.2807 4470625.9511 0,440049.0307 4470595.5761 0))",2740057,Verde,Línea,6
"MULTILINESTRING Z ((440039.0429 4470505.2004 0,440041.0429 4470489.0754 0))",2740058,Verde,Línea,3
"MULTILINESTRING Z ((439986.5012 4470476.1013 0,439995.1283 4470477.2473 0))",2740059,Verde,Línea,1
"MULTILINESTRING Z ((439987.1557 4470472.7011 0,439995.7807 4470473.7011 0))",2740060,Verde,Línea,1
"MULTILINESTRING Z ((440077.6679 4470563.5754 0,440076.4179 4470572.9504 0))",2740069,Verde,Línea,2
"MULTILINESTRING Z ((440086.739 4470527.9927 0,440091.3223 4470492.7427 0))",2740071,Verde,Línea,7
"MULTILINESTRING Z ((440082.5307 4470527.5761 0,440087.7807 4470485.7011 0))",2740072,Verde,Línea,8
"MULTILINESTRING Z ((440129.901 4470552.5026 0,440125.051 4470588.1745 0))",2740073,Verde,Línea,7
"MULTILINESTRING Z ((440138.1804 4470492.5755 0,440139.8375 4470478.002 0))",2740074,Verde,Línea,3
"MULTILINESTRING Z ((442729.5845 4477692.992 0,442791.2512 4477703.0754 0))",2740097,Verde,Línea,12
"MULTILINESTRING Z ((443672.7512 4476299.992 0,443672.6679 4476305.5754 0))",2740115,Verde,Batería,2
"MULTILINESTRING Z ((439629.2512 4470355.742 0,439628.9179 4470340.742 0))",2740118,Azul,Línea,3
"MULTILINESTRING Z ((439629.2512 4470334.1587 0,439629.1679 4470328.1587 0))",2740122,Azul,Línea,1
"MULTILINESTRING Z ((439625.6557 4470256.7011 0,439615.2807 4470187.7011 0))",2740124,Azul,Línea,15
"MULTILINESTRING Z ((439642.9392 4470280.9321 0,439672.9935 4470280.9303 0,439682.2962 4470283.0964 0))",2740127,Azul,Línea,6
"MULTILINESTRING Z ((439751.2929 4470307.0754 0,439699.4179 4470288.4504 0))",2740128,Azul,Batería,21
"MULTILINESTRING Z ((437436.2512 4473510.0754 0,437443.1679 4473496.3254 0))",2740193,Verde,Línea,3
"MULTILINESTRING Z ((440113.7512 4470680.6587 0,440114.6679 4470674.0754 0))",2740204,Verde,Línea,1
"MULTILINESTRING Z ((439764.9057 4470332.4094 0,439767.0723 4470324.9927 0))",2740216,Azul,Línea,1
"MULTILINESTRING Z ((439833.0723 4470328.0761 0,439826.489 4470326.9094 0))",2740217,Verde,Línea,1
"MULTILINESTRING Z ((439759.4057 4470383.9511 0,439783.2807 4470389.0761 0))",2740218,Verde,Batería,10
"MULTILINESTRING Z ((439762.2807 4470378.8261 0,439784.1557 4470384.0761 0))",2740219,Verde,Batería,8
"MULTILINESTRING Z ((439765.6557 4470366.7011 0,439786.7807 4470371.5761 0))",2740220,Verde,Batería,8
"MULTILINESTRING Z ((439765.2807 4470361.2011 0,439784.0307 4470365.5761 0))",2740221,Verde,Batería,8
"MULTILINESTRING Z ((439816.9057 4470396.7011 0,439837.0307 4470400.8261 0))",2740222,Verde,Batería,7
"MULTILINESTRING Z ((439848.3223 4470398.0761 0,439798.739 4470387.0761 0))",2740223,Verde,Batería,19
"MULTILINESTRING Z ((439850.1557 4470385.0761 0,439809.1557 4470375.9094 0))",2740224,Verde,Batería,16
"MULTILINESTRING Z ((439917.489 4470399.2427 0,439869.4057 4470389.3261 0))",2740225,Verde,Batería,20
"MULTILINESTRING Z ((439873.739 4470384.7427 0,439895.489 4470389.4094 0))",2740228,Verde,Batería,7
"MULTILINESTRING Z ((439899.9981 4470212.1993 0,439880.5674 4470207.4611 0))",2740229,Verde,Batería,8
"MULTILINESTRING Z ((439884.5429 4470219.8254 0,439896.6679 4470222.7004 0))",2740230,Verde,Batería,6
"MULTILINESTRING Z ((440037.7512 4476168.6587 0,440037.5845 4476165.492 0))",2740275,Verde,Batería,1
"MULTILINESTRING Z ((440775.7512 4472504.8254 0,440796.5012 4472503.3254 0))",2740276,Azul,Línea,4
"MULTILINESTRING Z ((440125.0845 4470596.0754 0,440121.7512 4470621.4087 0))",2740277,Verde,Línea,5
"MULTILINESTRING Z ((440325.9179 4475710.2004 0,440318.0429 4475662.5754 0))",2740279,Verde,Línea,10
"MULTILINESTRING Z ((442700.4179 4478728.492 0,442703.6679 4478763.8254 0))",2740313,Verde,Batería,15
"MULTILINESTRING Z ((441891.2512 4480239.6587 0,441881.6679 4480246.6587 0))",2740379,Verde,Línea,2
"MULTILINESTRING Z ((441875.7512 4480250.992 0,441872.1679 4480253.242 0,441869.1679 4480254.8254 0,441865.5845 4480256.0754 0,441854.0845 4480258.5754 0))",2740380,Verde,Línea,4
"MULTILINESTRING Z ((440241.6679 4471105.0754 0,440250.0012 4471095.1587 0))",2740438,Verde,Línea,3
"MULTILINESTRING Z ((443616.1679 4477450.4087 0,443617.9179 4477458.9087 0))",2740456,Verde,Línea,2
"MULTILINESTRING Z ((439651.5012 4470839.4087 0,439651.5845 4470829.242 0))",2740461,Verde,Línea,2
"MULTILINESTRING Z ((442889.9179 4477241.992 0,442897.6679 4477250.1587 0))",2740467,Verde,Línea,2
"MULTILINESTRING Z ((440212.5012 4475989.492 0,440209.6679 4475980.1587 0))",2740469,Azul,Línea,2
"MULTILINESTRING Z ((443070.6679 4477381.5754 0,443058.1679 4477397.3254 0))",2740478,Verde,Batería,7
"MULTILINESTRING Z ((439958.13 4479240.4861 0,439967.7501 4479243.0497 0))",2740531,Verde,Línea,2
"MULTILINESTRING Z ((439686.7512 4479578.134 0,439722.0845 4479565.9118 0))",2740562,Verde,Batería,16
"MULTILINESTRING Z ((438781.0714 4473235.6898 0,438764.0078 4473186.7492 0))",2740576,Azul,Línea,10
"MULTILINESTRING Z ((438744.3191 4473129.7457 0,438759.5075 4473173.0609 0))",2740577,Azul,Línea,9
"MULTILINESTRING Z ((445133.3345 4475685.242 0,445183.2512 4475693.0754 0))",2740621,Verde,Línea,10
"MULTILINESTRING Z ((437421.2512 4473071.0754 0,437422.1679 4473056.0754 0))",2740645,Verde,Línea,3
"MULTILINESTRING Z ((440580.4179 4470264.9504 0,440552.6679 4470261.4504 0))",2740647,Verde,Línea,5
"MULTILINESTRING Z ((440551.9179 4470259.9504 0,440552.6679 4470254.3254 0))",2740648,Verde,Línea,1
"MULTILINESTRING Z ((440628.9179 4470232.2004 0,440558.9179 4470223.0754 0,440556.9179 4470223.2004 0,440556.4179 4470224.3254 0,440552.4179 4470253.3254 0))",2740649,Verde,Línea,20
"MULTILINESTRING Z ((440408.0062 4474905.2695 0,440405.2417 4474892.686 0))",2740650,Verde,Línea,2
"MULTILINESTRING Z ((440069.0941 4476041.1259 0,440076.4278 4476044.5484 0))",2740665,Azul,Batería,3
"MULTILINESTRING Z ((441115.4057 4474970.9094 0,441115.739 4474980.9094 0))",2740671,Verde,Línea,2
"MULTILINESTRING Z ((441115.5012 4474968.242 0,441114.9179 4474954.9087 0))",2740672,Verde,Línea,3
"MULTILINESTRING Z ((438518.0528 4473084.0603 0,438515.4113 4473066.5599 0))",2740681,Verde,Línea,3
"MULTILINESTRING Z ((443256.8345 4478143.8254 0,443265.3345 4478143.492 0))",2740686,Verde,Línea,1
"MULTILINESTRING Z ((442940.6679 4476945.5754 0,442960.5845 4476965.0754 0))",2740687,Verde,Línea,6
"MULTILINESTRING Z ((441886.7512 4479916.992 0,441887.2512 4479926.8254 0))",2740690,Verde,Línea,2
"MULTILINESTRING Z ((439360.8284 4473764.1079 0,439367.9475 4473794.7107 0))",2740692,Verde,Línea,6
"MULTILINESTRING Z ((439371.091 4473802.0147 0,439376.0836 4473807.1922 0))",2740693,Verde,Línea,1
"MULTILINESTRING Z ((439756.2512 4476193.242 0,439757.4179 4476223.1587 0))",2740710,Verde,Batería,12
"MULTILINESTRING Z ((439758.2512 4476237.6587 0,439757.6679 4476228.992 0))",2740711,Verde,Batería,3
"MULTILINESTRING Z ((440224.5845 4475970.0754 0,440214.3345 4475933.492 0))",2740713,Azul,Línea,7
"MULTILINESTRING Z ((444532.0845 4475872.492 0,444530.0012 4475883.9087 0))",2740719,Azul,Línea,2
"MULTILINESTRING Z ((445194.3345 4476387.9087 0,445179.5845 4476412.492 0))",2740722,Verde,Línea,6
"MULTILINESTRING Z ((439571.5012 4475301.6587 0,439562.0012 4475311.992 0))",2740729,Verde,Línea,3
"MULTILINESTRING Z ((441272.529 4478501.5167 0,441277.1051 4478501.1217 0))",2740732,Verde,Batería,2
"MULTILINESTRING Z ((441224.4796 4478505.5908 0,441266.7018 4478502.0105 0))",2740739,Verde,Batería,18
"MULTILINESTRING Z ((441299.2615 4478447.7554 0,441299.7389 4478452.3315 0))",2740741,Verde,Batería,1
"MULTILINESTRING Z ((439891.3345 4476551.0754 0,439904.6679 4476550.1587 0))",2740808,Verde,Batería,5
"MULTILINESTRING Z ((444134.1915 4475147.3439 0,444151.2121 4475130.0599 0))",2740827,Verde,Línea,5
"MULTILINESTRING Z ((439943.9215 4479727.5529 0,439947.8844 4479717.6054 0))",2740843,Verde,Línea,2
"MULTILINESTRING Z ((443131.6679 4472548.1587 0,443138.4179 4472571.242 0))",2740848,Verde,Línea,5
"MULTILINESTRING Z ((443141.9179 4472583.992 0,443140.0012 4472578.1587 0))",2740849,Verde,Línea,1
"MULTILINESTRING Z ((439900.6557 4470390.4927 0,439922.1557 4470394.7427 0))",2740910,Verde,Batería,7
"MULTILINESTRING Z ((439940.9179 4470400.9504 0,439946.7929 4470356.7004 0))",2740911,Verde,Línea,9
"MULTILINESTRING Z ((439956.0723 4470260.4927 0,439959.8223 4470231.2427 0))",2740913,Verde,Línea,5
"MULTILINESTRING Z ((439966.0723 4470208.2427 0,439965.0723 4470215.9927 0))",2740914,Verde,Línea,1
"MULTILINESTRING Z ((439896.7807 4470306.9511 0,439906.2807 4470237.4511 0))",2740915,Verde,Línea,15
"MULTILINESTRING Z ((439905.989 4470265.9927 0,439909.6557 4470232.9927 0))",2740916,Verde,Línea,7
"MULTILINESTRING Z ((439971.7929 4470225.7004 0,440002.0429 4470229.3254 0))",2740918,Verde,Línea,6
"MULTILINESTRING Z ((439987.5429 4470402.2004 0,439986.6679 4470407.9504 0))",2740919,Verde,Línea,1
"MULTILINESTRING Z ((440007.5429 4470381.3254 0,440018.0429 4470382.7004 0))",2740920,Verde,Línea,2
"MULTILINESTRING Z ((440066.9032 4470336.0028 0,440103.0033 4470340.5032 0))",2740921,Verde,Línea,7
"MULTILINESTRING Z ((439998.0429 4470320.5754 0,440002.1679 4470290.0754 0))",2740922,Verde,Línea,6
"MULTILINESTRING Z ((440008.8223 4470278.9927 0,440060.6557 4470285.6594 0))",2740961,Verde,Línea,10
"MULTILINESTRING Z ((440010.5429 4470274.0754 0,440021.2929 4470275.4504 0))",2740962,Verde,Línea,2
"MULTILINESTRING Z ((440102.9179 4470286.0754 0,440074.5429 4470282.2004 0))",2740963,Verde,Línea,6
"MULTILINESTRING Z ((440107.989 4470334.3261 0,440109.739 4470320.8261 0))",2740964,Verde,Línea,2
"MULTILINESTRING Z ((440112.7929 4470332.2004 0,440114.2929 4470319.9504 0))",2740965,Verde,Línea,2
"MULTILINESTRING Z ((440128.7807 4470204.0761 0,440122.2807 4470253.5761 0))",2740966,Verde,Línea,10
"MULTILINESTRING Z ((440151.489 4470390.3261 0,440152.489 4470383.2427 0))",2740969,Verde,Línea,1
"MULTILINESTRING Z ((440154.0307 4470373.2011 0,440156.7807 4470352.9511 0))",2740970,Verde,Línea,4
"MULTILINESTRING Z ((440226.4179 4470225.492 0,440227.6679 4470219.492 0))",2740978,Verde,Línea,1
"MULTILINESTRING Z ((440285.5845 4470216.6587 0,440277.0845 4470210.742 0))",2740979,Verde,Línea,2
"MULTILINESTRING Z ((440286.2814 4470225.863 0,440296.4217 4470232.7591 0))",2740980,Verde,Línea,2
"MULTILINESTRING Z ((439841.0471 4470189.7971 0,439903.8636 4470089.2909 0))",2740981,Azul,Línea,26
"MULTILINESTRING Z ((439874.0307 4470143.2011 0,439906.2807 4470091.2011 0))",2740982,Azul,Línea,10
"MULTILINESTRING Z ((439913.3223 4470212.1594 0,439919.9057 4470161.9094 0))",2740983,Verde,Línea,10
"MULTILINESTRING Z ((439966.9179 4470201.8254 0,439969.1679 4470184.9504 0))",2740984,Verde,Línea,3
"MULTILINESTRING Z ((439964.739 4470195.2427 0,439967.6557 4470171.1594 0))",2740985,Verde,Línea,4
"MULTILINESTRING Z ((440129.4179 4470199.3254 0,440132.6679 4470174.8254 0))",2740988,Verde,Línea,5
"MULTILINESTRING Z ((440127.489 4470186.2427 0,440129.0723 4470172.3261 0))",2740989,Verde,Línea,3
"MULTILINESTRING Z ((440160.5723 4470185.6594 0,440135.5723 4470168.9927 0))",2740990,Verde,Línea,5
"MULTILINESTRING Z ((440124.489 4470161.5761 0,440099.1557 4470146.5761 0))",2740991,Verde,Línea,6
"MULTILINESTRING Z ((440142.4179 4470117.2004 0,440125.9179 4470106.3254 0))",2740992,Verde,Línea,4
"MULTILINESTRING Z ((440070.0723 4470061.5761 0,440092.5723 4470077.4094 0))",2740993,Verde,Línea,5
"MULTILINESTRING Z ((440062.0307 4470048.3261 0,440097.5307 4469996.9511 0))",2740994,Verde,Línea,12
"MULTILINESTRING Z ((440065.1557 4470050.4511 0,440114.6557 4469979.7011 0))",2740995,Verde,Línea,15
"MULTILINESTRING Z ((440109.7807 4470080.9511 0,440156.6557 4470013.3261 0))",2740996,Verde,Línea,16
"MULTILINESTRING Z ((440112.9057 4470082.5761 0,440169.4057 4470002.2011 0))",2740997,Verde,Línea,19
"MULTILINESTRING Z ((440158.0307 4470113.5761 0,440221.4057 4470022.3261 0))",2740998,Verde,Línea,21
"MULTILINESTRING Z ((440160.3796 4470115.355 0,440228.8214 4470018.0364 0))",2740999,Verde,Línea,23
"MULTILINESTRING Z ((440205.1557 4470145.8261 0,440273.0307 4470048.7011 0))",2741000,Verde,Línea,20
"MULTILINESTRING Z ((440208.5701 4470148.5446 0,440276.4494 4470051.0385 0))",2741001,Verde,Línea,20
"MULTILINESTRING Z ((440253.0307 4470179.5761 0,440306.2807 4470103.3261 0))",2741002,Verde,Línea,19
"MULTILINESTRING Z ((440255.9057 4470181.2011 0,440302.0307 4470115.3261 0))",2741003,Verde,Línea,16
"MULTILINESTRING Z ((440300.0307 4470212.5761 0,440348.7807 4470142.9511 0))",2741004,Verde,Línea,17
"MULTILINESTRING Z ((440303.4057 4470214.8261 0,440352.1557 4470145.2011 0))",2741005,Verde,Línea,17
"MULTILINESTRING Z ((440129.2929 4469965.9504 0,440165.6679 4469990.7004 0))",2741006,Verde,Línea,9
"MULTILINESTRING Z ((440129.1679 4469961.0754 0,440165.9179 4469986.0754 0))",2741007,Verde,Línea,9
"MULTILINESTRING Z ((441383.1679 4474212.742 0,441387.5845 4474213.0754 0))",2741019,Verde,Batería,2
"MULTILINESTRING Z ((443575.5845 4475256.0754 0,443545.3345 4475268.4087 0))",2741022,Azul,Línea,7
"MULTILINESTRING Z ((439901.5012 4471003.242 0,439861.4179 4471015.5754 0))",2741044,Verde,Línea,9
"MULTILINESTRING Z ((439860.9179 4471015.742 0,439855.1679 4471017.3254 0))",2741045,Verde,Línea,1
"MULTILINESTRING Z ((440616.6679 4470429.8254 0,440620.9179 4470386.7004 0))",2741059,Verde,Línea,9
"MULTILINESTRING Z ((440621.9179 4470377.7004 0,440623.4179 4470361.5754 0))",2741060,Verde,Línea,3
"MULTILINESTRING Z ((440273.3191 4478853.1875 0,440269.2203 4478852.1175 0))",2741061,Verde,Línea,1
"MULTILINESTRING Z ((439343.0048 4472093.4852 0,439362.1164 4472081.2951 0))",2741076,Verde,Línea,4
"MULTILINESTRING Z ((439385.4635 4472081.3984 0,439394.8643 4472075.51 0))",2741077,Azul,Línea,2
"MULTILINESTRING Z ((439409.3272 4472066.1091 0,439395.4842 4472075.0967 0))",2741078,Azul,Línea,3
"MULTILINESTRING Z ((439380.7114 4472069.2083 0,439389.2858 4472064.043 0))",2741079,Verde,Línea,2
"MULTILINESTRING Z ((439402.509 4472055.5719 0,439389.2858 4472064.043 0))",2741080,Verde,Línea,3
"MULTILINESTRING Z ((439426.8223 4472055.1594 0,439421.9057 4472058.1594 0))",2741081,Azul,Línea,1
"MULTILINESTRING Z ((439368.0723 4472069.3261 0,439364.8223 4472064.9094 0))",2741082,Verde,Línea,1
"MULTILINESTRING Z ((439362.5723 4472061.3261 0,439359.1557 4472057.4094 0))",2741083,Verde,Línea,1
"MULTILINESTRING Z ((439354.5501 4472045.1146 0,439369.5294 4472063.2964 0,439372.0088 4472066.9121 0))",2741084,Verde,Línea,5
"MULTILINESTRING Z ((439347.4057 4472038.8261 0,439354.4057 4472045.0761 0))",2741088,Verde,Línea,2
"MULTILINESTRING Z ((439356.6557 4472054.6594 0,439346.9057 4472045.1594 0,439342.4057 4472040.9927 0,439338.5723 4472038.3261 0,439324.3223 4472030.8261 0))",2741089,Verde,Línea,8
"MULTILINESTRING Z ((439307.8809 4472024.6835 0,439316.2486 4472027.0595 0,439319.0379 4472028.2992 0))",2741090,Verde,Línea,2
"MULTILINESTRING Z ((439309.3272 4472019.105 0,439324.5131 4472023.8571 0,439335.4635 4472030.9852 0))",2741091,Verde,Línea,5
"MULTILINESTRING Z ((439291.4553 4472057.7414 0,439300.5462 4472027.2662 0))",2741092,Verde,Línea,5
"MULTILINESTRING Z ((439304.3223 4472014.7427 0,439309.8223 4471994.7427 0))",2741093,Verde,Línea,4
"MULTILINESTRING Z ((439312.1557 4471986.3261 0,439310.7807 4471991.3261 0))",2741094,Verde,Línea,1
"MULTILINESTRING Z ((439394.3942 4471984.6593 0,439399.457 4471985.9719 0))",2741096,Azul,Línea,1
"MULTILINESTRING Z ((439402.2807 4471975.5761 0,439390.9057 4471973.2011 0))",2741097,Azul,Batería,4
"MULTILINESTRING Z ((439307.8223 4471910.5761 0,439309.1557 4471915.2427 0))",2741099,Verde,Línea,1
"MULTILINESTRING Z ((439307.5723 4471909.7427 0,439304.989 4471900.9094 0))",2741100,Verde,Línea,2
"MULTILINESTRING Z ((439304.6557 4471899.9094 0,439301.9057 4471890.9094 0))",2741101,Verde,Línea,2
"MULTILINESTRING Z ((439348.0723 4471881.9094 0,439400.5723 4471897.4094 0))",2741102,Verde,Línea,10
"MULTILINESTRING Z ((439412.989 4471900.9094 0,439426.6557 4471905.0761 0))",2741103,Verde,Línea,3
"MULTILINESTRING Z ((439348.8501 4471877.9094 0,439357.6279 4471880.5205 0))",2741104,Verde,Línea,2
"MULTILINESTRING Z ((439385.6834 4471888.5205 0,439363.5168 4471882.0205 0))",2741105,Verde,Línea,5
"MULTILINESTRING Z ((439405.6557 4471894.3261 0,439386.6557 4471888.8261 0))",2741106,Verde,Línea,3
"MULTILINESTRING Z ((439406.6279 4471894.6316 0,439424.9612 4471899.7427 0))",2741107,Verde,Línea,4
"MULTILINESTRING Z ((439434.4057 4471943.0761 0,439437.4057 4471923.5761 0))",2741110,Verde,Línea,4
"MULTILINESTRING Z ((439439.2807 4471913.7011 0,439438.1557 4471919.3261 0))",2741111,Verde,Línea,1
"MULTILINESTRING Z ((439431.1557 4471953.4094 0,439430.4057 4471947.1594 0,439430.4057 4471943.1594 0,439434.4057 4471913.4927 0))",2741112,Verde,Línea,8
"MULTILINESTRING Z ((439437.3223 4471892.7427 0,439441.6557 4471862.9927 0))",2741113,Verde,Línea,6
"MULTILINESTRING Z ((439441.1557 4471798.6594 0,439436.1557 4471801.4094 0))",2741118,Verde,Línea,1
"MULTILINESTRING Z ((439350.2946 4471855.3538 0,439410.6834 4471821.6872 0))",2741119,Verde,Línea,13
"MULTILINESTRING Z ((439393.8223 4471825.0761 0,439408.3223 4471816.9927 0))",2741120,Verde,Línea,3
"MULTILINESTRING Z ((439370.739 4471838.0761 0,439364.989 4471841.4094 0))",2741121,Verde,Línea,1
"MULTILINESTRING Z ((439358.739 4471844.7427 0,439345.489 4471852.1594 0))",2741122,Verde,Línea,3
"MULTILINESTRING Z ((439294.1557 4471862.8261 0,439289.9057 4471848.5761 0))",2741123,Verde,Línea,3
"MULTILINESTRING Z ((439289.9057 4471691.3261 0,439291.989 4471681.0761 0))",2741125,Verde,Línea,2
"MULTILINESTRING Z ((439293.0723 4471676.0761 0,439296.9057 4471653.7427 0,439297.739 4471647.0761 0))",2741126,Verde,Línea,6
"MULTILINESTRING Z ((439298.8223 4471631.2427 0,439298.0723 4471641.4927 0))",2741127,Verde,Línea,2
"MULTILINESTRING Z ((439299.3223 4471623.8261 0,439299.8223 4471618.2427 0))",2741128,Verde,Línea,1
"MULTILINESTRING Z ((439391.8911 4471483.6858 0,439394.3265 4471474.1559 0))",2741134,Verde,Línea,2
"MULTILINESTRING Z ((439396.3383 4471466.3202 0,439409.2566 4471417.1885 0))",2741136,Verde,Línea,9
"MULTILINESTRING Z ((439317.1346 4471439.319 0,439328.041 4471482.2033 0))",2741143,Verde,Línea,8
"MULTILINESTRING Z ((439314.9057 4471431.9094 0,439307.9057 4471404.8261 0))",2741144,Verde,Línea,5
"MULTILINESTRING Z ((439278.2714 4471440.4797 0,439279.9092 4471447.3819 0))",2741148,Verde,Línea,1
"MULTILINESTRING Z ((439274.0384 4471421.3181 0,439268.0029 4471398.87 0))",2741149,Verde,Línea,4
"MULTILINESTRING Z ((439304.8674 4471390.3383 0,439302.5994 4471375.9743 0))",2741150,Verde,Línea,3
"MULTILINESTRING Z ((439252.2308 4471340.3478 0,439257.5228 4471359.9093 0))",2741152,Verde,Línea,4
"MULTILINESTRING Z ((439299.0084 4471345.7028 0,439300.7094 4471358.5548 0))",2741155,Verde,Línea,2
"MULTILINESTRING Z ((439310.0307 4471338.8261 0,439321.1557 4471337.0761 0))",2741156,Verde,Línea,2
"MULTILINESTRING Z ((439408.723 4471383.7233 0,439429.891 4471385.8023 0))",2741157,Verde,Línea,4
"MULTILINESTRING Z ((439437.3223 4471386.7427 0,439476.4057 4471391.1594 0))",2741158,Verde,Línea,8
"MULTILINESTRING Z ((439477.0723 4471391.2427 0,439483.8223 4471392.0761 0))",2741159,Verde,Línea,1
"MULTILINESTRING Z ((439476.6279 4471386.0761 0,439479.9057 4471386.4094 0))",2741160,Verde,Batería,1
"MULTILINESTRING Z ((439488.2606 4471353.8298 0,439458.7765 4471350.6168 0))",2741162,Verde,Línea,6
"MULTILINESTRING Z ((439421.9845 4471346.6478 0,439441.4515 4471348.5378 0))",2741163,Verde,Línea,4
"MULTILINESTRING Z ((439329.8784 4471336.4418 0,439411.2745 4471345.2618 0))",2741164,Verde,Línea,15
"MULTILINESTRING Z ((439487.0307 4471347.2011 0,439480.7807 4471346.5761 0))",2741165,Verde,Línea,1
"MULTILINESTRING Z ((439473.2666 4471345.7028 0,439479.6296 4471346.5218 0))",2741166,Verde,Batería,2
"MULTILINESTRING Z ((439465.6436 4471345.0098 0,439472.0696 4471345.5768 0))",2741167,Verde,Batería,2
"MULTILINESTRING Z ((439458.0205 4471344.0648 0,439464.3836 4471344.7578 0))",2741170,Verde,Batería,2
"MULTILINESTRING Z ((439450.5865 4471343.1828 0,439456.8865 4471343.9388 0))",2741171,Verde,Batería,2
"MULTILINESTRING Z ((439442.9635 4471342.4268 0,439449.4525 4471343.0568 0))",2741172,Verde,Batería,2
"MULTILINESTRING Z ((439435.4035 4471341.5448 0,439441.8295 4471342.2378 0))",2741174,Verde,Batería,2
"MULTILINESTRING Z ((439427.9695 4471340.6628 0,439434.2065 4471341.2928 0))",2741175,Verde,Batería,2
"MULTILINESTRING Z ((439419.4645 4471339.7808 0,439426.5205 4471340.5998 0))",2741176,Verde,Batería,3
"MULTILINESTRING Z ((439411.2115 4471338.5838 0,439404.5335 4471337.8278 0))",2741177,Verde,Batería,2
"MULTILINESTRING Z ((439403.3365 4471337.8908 0,439399.4305 4471337.4498 0))",2741178,Verde,Batería,1
"MULTILINESTRING Z ((439395.7765 4471337.0718 0,439389.3505 4471336.3158 0))",2741179,Verde,Batería,2
"MULTILINESTRING Z ((439381.7275 4471335.5598 0,439388.0905 4471336.1898 0))",2741180,Verde,Batería,2
"MULTILINESTRING Z ((439374.2305 4471334.5518 0,439380.7195 4471335.3078 0))",2741181,Verde,Batería,2
"MULTILINESTRING Z ((439366.7965 4471333.8588 0,439373.0335 4471334.5518 0))",2741182,Verde,Batería,2
"MULTILINESTRING Z ((439359.1734 4471332.9138 0,439365.4735 4471333.5438 0))",2741183,Verde,Batería,2
"MULTILINESTRING Z ((439351.8654 4471332.0318 0,439357.9764 4471332.7878 0))",2741184,Verde,Batería,2
"MULTILINESTRING Z ((439336.4934 4471330.3307 0,439342.8564 4471331.0238 0))",2741185,Verde,Batería,2
"MULTILINESTRING Z ((439328.7444 4471329.4487 0,439334.7924 4471330.0787 0))",2741186,Verde,Batería,2
"MULTILINESTRING Z ((439256.1683 4471313.3207 0,439264.7364 4471311.1157 0))",2741188,Verde,Batería,3
"MULTILINESTRING Z ((439269.2724 4471310.1077 0,439281.9354 4471306.9577 0))",2741189,Verde,Batería,4
"MULTILINESTRING Z ((439255.239 4471308.3261 0,439282.0723 4471301.9927 0))",2741190,Verde,Batería,9
"MULTILINESTRING Z ((439300.9614 4471304.3117 0,439316.5224 4471302.4217 0))",2741191,Verde,Línea,3
"MULTILINESTRING Z ((439301.0723 4471297.7427 0,439322.0723 4471295.2427 0))",2741192,Verde,Batería,8
"MULTILINESTRING Z ((439329.4998 4471287.7992 0,439321.0343 4471253.8384 0))",2741193,Verde,Línea,7
"MULTILINESTRING Z ((439325.8001 4471256.9993 0,439333.3998 4471287.8492 0))",2741194,Verde,Batería,9
"MULTILINESTRING Z ((439328.7444 4471246.7297 0,439333.1544 4471245.4697 0))",2741195,Verde,Línea,1
"MULTILINESTRING Z ((439342.7934 4471283.8367 0,439334.7924 4471252.1477 0))",2741196,Verde,Batería,10
"MULTILINESTRING Z ((439349.9505 4471292.3306 0,439420.0638 4471283.0057 0))",2741198,Verde,Batería,22
"MULTILINESTRING Z ((439413.6557 4471289.7427 0,439428.4057 4471287.8261 0))",2741199,Verde,Línea,3
"MULTILINESTRING Z ((439428.4105 4471282.0727 0,439432.1905 4471281.5687 0))",2741200,Verde,Batería,1
"MULTILINESTRING Z ((439438.6795 4471280.6237 0,439451.9725 4471278.8597 0))",2741201,Verde,Batería,4
"MULTILINESTRING Z ((439435.9057 4471286.9094 0,439452.1557 4471284.7427 0))",2741202,Verde,Línea,3
"MULTILINESTRING Z ((439458.489 4471283.9094 0,439469.5723 4471282.4094 0))",2741203,Verde,Línea,2
"MULTILINESTRING Z ((439486.518 4471286.7829 0,439500.0922 4471335.5317 0))",2741204,Verde,Línea,9
"MULTILINESTRING Z ((439492.7029 4471274.353 0,439504.059 4471313.4979 0))",2741205,Verde,Línea,8
"MULTILINESTRING Z ((439455.9057 4471233.4927 0,439447.0723 4471225.4927 0))",2741206,Verde,Batería,4
"MULTILINESTRING Z ((439327.6811 4471181.2951 0,439333.1219 4471186.1849 0,439336.1522 4471188.4576 0,439338.9759 4471189.5595 0,439340.8354 4471189.5595 0,439347.998 4471188.1133 0))",2741208,Verde,Línea,5
"MULTILINESTRING Z ((439271.7924 4471221.8446 0,439289.0859 4471288.4672 0))",2741209,Verde,Línea,13
"MULTILINESTRING Z ((439265.8389 4471197.7471 0,439267.5399 4471204.2676 0))",2741210,Verde,Línea,1
"MULTILINESTRING Z ((439238.0117 4471191.2813 0,439258.1219 4471186.116 0))",2741211,Verde,Línea,4
"MULTILINESTRING Z ((439226.7858 4471194.3116 0,439236.4966 4471191.7634 0))",2741212,Verde,Línea,2
"MULTILINESTRING Z ((439239.1898 4471288.7507 0,439233.7088 4471268.7167 0))",2741213,Verde,Línea,4
"MULTILINESTRING Z ((439220.0063 4471215.2296 0,439222.8413 4471227.4201 0))",2741215,Verde,Línea,2
"MULTILINESTRING Z ((439207.8198 4471165.8848 0,439205.0462 4471156.1775 0))",2741216,Verde,Línea,2
"MULTILINESTRING Z ((439205.0462 4471155.7614 0,439202.8274 4471146.1927 0))",2741217,Verde,Línea,2
"MULTILINESTRING Z ((439200.3312 4471138.0108 0,439199.0831 4471132.4637 0))",2741219,Verde,Línea,1
"MULTILINESTRING Z ((439381.469 4471153.6091 0,439392.4194 4471167.1078 0))",2741220,Verde,Batería,6
"MULTILINESTRING Z ((439199.739 4471100.8261 0,439210.4057 4471097.7427 0,439215.989 4471098.4094 0,439230.3223 4471101.8261 0,439231.739 4471101.8261 0,439311.8223 4471081.4094 0))",2741223,Verde,Línea,23
"MULTILINESTRING Z ((439229.1557 4471044.9927 0,439233.0723 4471044.0761 0,439236.3223 4471045.7427 0,439237.4057 4471048.4094 0,439237.4057 4471051.0761 0,439236.1557 4471053.2427 0,439233.3223 4471054.4094 0,439230.739 4471054.6594 0))",2741225,Verde,Batería,7
"MULTILINESTRING Z ((439174.739 4471045.3261 0,439173.3223 4471040.1594 0))",2741228,Verde,Línea,1
"MULTILINESTRING Z ((439173.0723 4471039.2427 0,439170.4057 4471029.5761 0))",2741229,Verde,Línea,2
"MULTILINESTRING Z ((439154.989 4470971.6594 0,439160.6557 4470993.8261 0))",2741231,Verde,Línea,4
"MULTILINESTRING Z ((439576.3726 4471313.8364 0,439596.0007 4471323.6505 0))",2741233,Verde,Línea,4
"MULTILINESTRING Z ((439597.0338 4471323.9604 0,439609.947 4471330.6752 0))",2741234,Verde,Línea,3
"MULTILINESTRING Z ((439617.2817 4471334.3943 0,439642.5916 4471347.5141 0))",2741235,Verde,Línea,5
"MULTILINESTRING Z ((439642.9015 4471347.6174 0,439672.447 4471362.3901 0))",2741236,Verde,Línea,7
"MULTILINESTRING Z ((439678.2321 4471365.1794 0,439681.9511 4471367.1422 0))",2741237,Verde,Línea,1
"MULTILINESTRING Z ((439688.3561 4471370.1381 0,439705.2982 4471379.0224 0))",2741238,Verde,Línea,4
"MULTILINESTRING Z ((439728.7486 4471391.2124 0,439718.5214 4471385.9438 0))",2741239,Verde,Línea,2
"MULTILINESTRING Z ((439527.3223 4471397.4927 0,439538.489 4471375.1594 0))",2741240,Verde,Batería,8
"MULTILINESTRING Z ((439496.9057 4471384.4511 0,439498.9057 4471366.0761 0))",2741241,Verde,Línea,3
"MULTILINESTRING Z ((439527.1557 4471416.7427 0,439526.3223 4471411.5761 0))",2741242,Verde,Línea,1
"MULTILINESTRING Z ((439529.0152 4471432.1186 0,439529.7564 4471437.8366 0))",2741243,Verde,Línea,1
"MULTILINESTRING Z ((439530.9211 4471443.978 0,439534.7331 4471468.3321 0))",2741244,Verde,Línea,5
"MULTILINESTRING Z ((439535.489 4471472.8261 0,439536.9057 4471482.6594 0))",2741245,Verde,Línea,2
"MULTILINESTRING Z ((439502.8501 4471404.1316 0,439502.1279 4471414.0761 0))",2741246,Verde,Batería,3
"MULTILINESTRING Z ((439495.6557 4471475.6594 0,439500.739 4471432.9094 0))",2741248,Verde,Batería,12
"MULTILINESTRING Z ((439489.989 4471520.0761 0,439495.0723 4471479.9927 0))",2741250,Verde,Línea,8
"MULTILINESTRING Z ((439484.8223 4471565.2427 0,439488.489 4471534.1594 0))",2741252,Verde,Línea,6
"MULTILINESTRING Z ((439479.8223 4471564.4094 0,439481.739 4471548.8261 0))",2741253,Verde,Batería,5
"MULTILINESTRING Z ((439514.3223 4471512.1594 0,439528.3223 4471503.0761 0))",2741254,Verde,Línea,3
"MULTILINESTRING Z ((439502.7551 4471519.7934 0,439509.8495 4471514.9225 0))",2741255,Verde,Línea,2
"MULTILINESTRING Z ((439495.239 4471524.4094 0,439499.489 4471521.6594 0))",2741256,Verde,Línea,1
"MULTILINESTRING Z ((439540.9387 4471503.1959 0,439542.5916 4471513.2166 0))",2741257,Verde,Línea,2
"MULTILINESTRING Z ((439545.5723 4471534.7427 0,439543.9057 4471523.5761 0))",2741258,Verde,Línea,2
"MULTILINESTRING Z ((439507.6557 4471565.5761 0,439532.0723 4471549.8261 0))",2741259,Verde,Línea,6
"MULTILINESTRING Z ((439488.4603 4471576.8666 0,439490.578 4471576.3372 0,439503.7081 4471567.8662 0))",2741260,Verde,Línea,3
"MULTILINESTRING Z ((439553.3692 4471585.4435 0,439551.1456 4471570.5134 0))",2741261,Verde,Línea,3
"MULTILINESTRING Z ((439482.7807 4471584.7011 0,439479.1557 4471614.8261 0))",2741262,Verde,Línea,6
"MULTILINESTRING Z ((439478.6834 4471619.5761 0,439477.9057 4471625.4094 0))",2741264,Verde,Línea,1
"MULTILINESTRING Z ((439474.2032 4471626.9562 0,439477.3024 4471649.6835 0))",2741265,Verde,Línea,4
"MULTILINESTRING Z ((439544.1776 4471608.2165 0,439514.7707 4471626.9904 0))",2741266,Verde,Línea,7
"MULTILINESTRING Z ((439482.2902 4471648.2564 0,439511.4479 4471629.7317 0))",2741267,Verde,Línea,7
"MULTILINESTRING Z ((439559.489 4471621.9927 0,439556.3223 4471603.3261 0))",2741268,Verde,Línea,3
"MULTILINESTRING Z ((439559.739 4471624.5761 0,439561.239 4471632.9094 0))",2741269,Verde,Línea,2
"MULTILINESTRING Z ((439567.239 4471674.2427 0,439563.239 4471650.2427 0))",2741271,Verde,Línea,5
"MULTILINESTRING Z ((439567.239 4471674.4927 0,439569.4057 4471690.7427 0))",2741273,Verde,Línea,3
"MULTILINESTRING Z ((439570.1557 4471695.8261 0,439569.489 4471690.6594 0))",2741274,Verde,Línea,1
"MULTILINESTRING Z ((439524.3065 4471667.3144 0,439551.4415 4471650.2345 0))",2741277,Verde,Línea,6
"MULTILINESTRING Z ((439512.3919 4471674.8901 0,439521.3451 4471669.1739 0))",2741278,Verde,Línea,2
"MULTILINESTRING Z ((439508.989 4471677.2427 0,439489.239 4471689.5761 0))",2741279,Verde,Línea,5
"MULTILINESTRING Z ((439477.5899 4471676.2883 0,439476.4684 4471690.7079 0))",2741280,Verde,Batería,5
"MULTILINESTRING Z ((439510.1557 4471679.9094 0,439551.6557 4471653.4927 0))",2741281,Verde,Línea,9
"MULTILINESTRING Z ((439506.0723 4471682.4094 0,439490.8223 4471691.9927 0))",2741282,Verde,Línea,3
"MULTILINESTRING Z ((439480.0723 4471708.1594 0,439480.4057 4471699.8261 0))",2741283,Verde,Línea,2
"MULTILINESTRING Z ((439479.9057 4471713.7011 0,439480.2807 4471719.5761 0))",2741284,Verde,Línea,1
"MULTILINESTRING Z ((439476.7807 4471749.5761 0,439479.1557 4471741.3261 0,439480.0307 4471724.9511 0))",2741285,Verde,Línea,5
"MULTILINESTRING Z ((439468.739 4471764.6594 0,439473.4057 4471749.9094 0))",2741290,Verde,Línea,3
"MULTILINESTRING Z ((439477.9612 4471763.1316 0,439503.3501 4471747.1872 0))",2741291,Verde,Línea,6
"MULTILINESTRING Z ((439511.7721 4471741.6945 0,439526.9236 4471732.2593 0))",2741292,Verde,Línea,3
"MULTILINESTRING Z ((439538.5168 4471724.965 0,439543.3501 4471721.8538 0))",2741293,Verde,Línea,1
"MULTILINESTRING Z ((439553.3501 4471715.6872 0,439548.5723 4471718.5761 0))",2741294,Verde,Línea,1
"MULTILINESTRING Z ((439576.239 4471726.4094 0,439574.4057 4471715.7427 0))",2741295,Verde,Línea,2
"MULTILINESTRING Z ((439461.8736 4471786.0959 0,439466.7644 4471770.5473 0))",2741296,Verde,Línea,3
"MULTILINESTRING Z ((439463.8223 4471793.0761 0,439471.3223 4471768.4094 0))",2741297,Verde,Línea,5
"MULTILINESTRING Z ((439457.6965 4471812.6402 0,439462.2078 4471798.1872 0))",2741298,Verde,Línea,3
"MULTILINESTRING Z ((439465.9732 4471817.3832 0,439472.9291 4471812.7689 0))",2741299,Verde,Línea,2
"MULTILINESTRING Z ((439475.0641 4471811.3226 0,439482.0889 4471806.9149 0))",2741300,Verde,Línea,2
"MULTILINESTRING Z ((439482.6557 4471806.4094 0,439486.739 4471803.9094 0))",2741301,Verde,Línea,1
"MULTILINESTRING Z ((439488.9612 4471802.5205 0,439497.0168 4471797.2983 0))",2741302,Verde,Línea,2
"MULTILINESTRING Z ((439502.9043 4471793.4076 0,439507.6308 4471790.3635 0))",2741303,Verde,Línea,1
"MULTILINESTRING Z ((439511.7946 4471787.8538 0,439516.4612 4471784.8538 0))",2741304,Verde,Línea,1
"MULTILINESTRING Z ((439520.239 4471782.4094 0,439546.2946 4471765.965 0))",2741305,Verde,Línea,6
"MULTILINESTRING Z ((439550.739 4471763.0761 0,439555.4057 4471760.1872 0))",2741306,Verde,Línea,1
"MULTILINESTRING Z ((439559.1834 4471757.7427 0,439567.739 4471752.0205 0))",2741307,Verde,Línea,2
"MULTILINESTRING Z ((439582.989 4471771.7427 0,439580.4057 4471755.4094 0))",2741310,Verde,Línea,3
"MULTILINESTRING Z ((439587.739 4471801.2427 0,439583.1557 4471772.8261 0))",2741318,Verde,Línea,6
"MULTILINESTRING Z ((442940.0022 4477051.3603 0,442948.6607 4477060.2821 0))",2741417,Verde,Línea,3
"MULTILINESTRING Z ((442933.5166 4477044.6772 0,442915.4426 4477026.0599 0))",2741419,Verde,Línea,5
"MULTILINESTRING Z ((439592.1457 4471827.8545 0,439594.6291 4471843.9563 0))",2741429,Verde,Línea,3
"MULTILINESTRING Z ((439571.239 4471818.6594 0,439576.8223 4471815.2427 0))",2741430,Verde,Línea,1
"MULTILINESTRING Z ((439556.4057 4471828.2427 0,439565.0723 4471822.4927 0))",2741431,Verde,Línea,2
"MULTILINESTRING Z ((439545.6557 4471834.8261 0,439549.5723 4471832.5761 0))",2741432,Verde,Línea,1
"MULTILINESTRING Z ((439516.7 4471853.3212 0,439538.6884 4471839.4414 0))",2741433,Verde,Línea,5
"MULTILINESTRING Z ((439486.2376 4471872.5337 0,439497.7066 4471865.3016 0))",2741434,Verde,Línea,2
"MULTILINESTRING Z ((439450.6616 4471895.1796 0,439470.8968 4471882.2495 0))",2741435,Verde,Línea,5
"MULTILINESTRING Z ((439446.739 4471947.2427 0,439456.4057 4471940.9927 0))",2741436,Verde,Línea,2
"MULTILINESTRING Z ((439468.3223 4471933.4094 0,439486.739 4471921.8261 0))",2741437,Verde,Línea,4
"MULTILINESTRING Z ((439492.4057 4471918.1594 0,439504.739 4471910.4094 0))",2741438,Verde,Línea,3
"MULTILINESTRING Z ((439508.9057 4471907.6594 0,439534.489 4471891.2427 0))",2741439,Verde,Línea,6
"MULTILINESTRING Z ((439540.489 4471887.6594 0,439573.6557 4471866.9927 0))",2741440,Verde,Línea,8
"MULTILINESTRING Z ((439559.1279 4471913.1316 0,439586.9057 4471895.2427 0,439591.3501 4471892.2983 0,439594.1279 4471889.4094 0,439596.739 4471885.5205 0,439598.2946 4471881.1316 0,439598.7946 4471877.6316 0,439598.8501 4471874.6316 0,439598.5723 4471872.5205 0))",2741441,Verde,Línea,12
"MULTILINESTRING Z ((439547.1557 4471920.5761 0,439551.4057 4471917.9511 0))",2741442,Verde,Línea,1
"MULTILINESTRING Z ((439506.2807 4471946.7011 0,439544.4057 4471922.5761 0))",2741444,Verde,Línea,9
"MULTILINESTRING Z ((439489.6279 4471957.5205 0,439501.7946 4471949.7983 0))",2741445,Verde,Línea,3
"MULTILINESTRING Z ((439459.6557 4471976.4094 0,439485.4057 4471960.1594 0))",2741447,Verde,Línea,6
"MULTILINESTRING Z ((439451.7959 4471977.4855 0,439447.5552 4471980.1344 0))",2741448,Verde,Línea,1
"MULTILINESTRING Z ((439443.9057 4471985.9094 0,439448.8223 4471983.1594 0))",2741449,Verde,Línea,1
"MULTILINESTRING Z ((439449.239 4472041.0761 0,439452.8223 4472038.9927 0))",2741450,Azul,Línea,1
"MULTILINESTRING Z ((439453.4057 4472038.7427 0,439465.4057 4472031.2427 0))",2741451,Azul,Línea,3
"MULTILINESTRING Z ((439469.2789 4472013.5954 0,439473.5489 4472010.9783 0))",2741453,Verde,Línea,1
"MULTILINESTRING Z ((439478.1231 4472007.9336 0,439496.0588 4471996.8251 0))",2741454,Verde,Línea,4
"MULTILINESTRING Z ((439510.7807 4472002.0761 0,439528.1557 4471991.2011 0))",2741456,Azul,Línea,4
"MULTILINESTRING Z ((439533.5307 4471987.5761 0,439538.4057 4471984.5761 0))",2741457,Azul,Línea,1
"MULTILINESTRING Z ((439556.7807 4471973.0761 0,439543.7807 4471981.3261 0))",2741458,Azul,Línea,3
"MULTILINESTRING Z ((439568.7271 4471974.7237 0,439609.4584 4472038.945 0))",2741459,Verde,Línea,14
"MULTILINESTRING Z ((439547.4357 4471964.3095 0,439584.2328 4471941.2824 0))",2741460,Verde,Línea,9
"MULTILINESTRING Z ((439573.6193 4471962.3565 0,439577.8473 4471959.6873 0))",2741461,Azul,Línea,1
"MULTILINESTRING Z ((439598.3499 4471946.6052 0,439581.3399 4471957.5981 0))",2741462,Azul,Línea,3
"MULTILINESTRING Z ((439662.1083 4472019.6207 0,439667.5468 4472015.9179 0))",2741463,Verde,Línea,1
"MULTILINESTRING Z ((439616.7807 4471920.4511 0,439591.0307 4471936.9511 0))",2741465,Verde,Línea,6
"MULTILINESTRING Z ((439617.6557 4471919.5761 0,439628.6557 4471912.8261 0))",2741466,Verde,Línea,2
"MULTILINESTRING Z ((439610.8223 4471937.9927 0,439618.9057 4471933.4094 0))",2741467,Azul,Línea,2
"MULTILINESTRING Z ((439681.4057 4471983.6594 0,439668.989 4471964.4927 0))",2741468,Verde,Batería,9
"MULTILINESTRING Z ((439689.0696 4471986.5265 0,439668.5883 4471955.3995 0))",2741469,Verde,Batería,13
"MULTILINESTRING Z ((439704.691 4471993.4694 0,439717.5353 4471986.0637 0))",2741470,Verde,Línea,3
"MULTILINESTRING Z ((439718.3223 4471985.6594 0,439727.6557 4471980.5761 0))",2741471,Verde,Línea,2
"MULTILINESTRING Z ((439732.8223 4471977.5761 0,439760.4057 4471963.2427 0,439788.3223 4471950.4094 0))",2741472,Verde,Línea,11
"MULTILINESTRING Z ((439651.3469 4471927.8596 0,439660.2569 4471942.0924 0))",2741473,Verde,Batería,6
"MULTILINESTRING Z ((439647.76 4471930.1576 0,439653.5514 4471939.5096 0))",2741474,Verde,Batería,4
"MULTILINESTRING Z ((439654.5869 4471911.6596 0,439676.1097 4471897.8897 0))",2741475,Azul,Línea,5
"MULTILINESTRING Z ((439681.5482 4471894.4182 0,439699.4839 4471883.194 0))",2741476,Azul,Línea,4
"MULTILINESTRING Z ((439671.4057 4471885.7011 0,439662.7807 4471891.2011 0))",2741477,Verde,Línea,2
"MULTILINESTRING Z ((439725.8223 4471866.8261 0,439705.1557 4471880.0761 0))",2741478,Azul,Línea,4
"MULTILINESTRING Z ((439735.2395 4471860.6298 0,439726.3295 4471866.4155 0))",2741479,Azul,Línea,2
"MULTILINESTRING Z ((439698.1557 4471868.7011 0,439676.7807 4471882.0761 0))",2741480,Verde,Línea,5
"MULTILINESTRING Z ((439752.6544 4471849.9641 0,439740.8385 4471857.4268 0))",2741481,Azul,Línea,3
"MULTILINESTRING Z ((439704.2282 4471864.7955 0,439709.0881 4471861.7869 0))",2741482,Verde,Línea,1
"MULTILINESTRING Z ((439732.2309 4471847.0912 0,439727.1395 4471850.4469 0))",2741483,Verde,Línea,1
"MULTILINESTRING Z ((439754.9316 4471832.6794 0,439741.3015 4471841.0592 0))",2741484,Verde,Línea,3
"MULTILINESTRING Z ((439766.598 4471852.6455 0,439776.2022 4471868.3826 0))",2741485,Verde,Batería,6
"MULTILINESTRING Z ((439776.8223 4471869.4094 0,439779.8223 4471874.3261 0))",2741486,Verde,Batería,2
"MULTILINESTRING Z ((439786.9057 4471884.0761 0,439806.3223 4471914.6594 0))",2741487,Verde,Batería,13
"MULTILINESTRING Z ((439791.0136 4471883.5411 0,439807.445 4471910.2711 0))",2741488,Verde,Batería,10
"MULTILINESTRING Z ((439775.7394 4471860.1669 0,439786.9636 4471877.9869 0))",2741489,Verde,Batería,8
"MULTILINESTRING Z ((439834.239 4471933.0761 0,439848.9057 4471927.7427 0))",2741490,Verde,Línea,3
"MULTILINESTRING Z ((439849.4057 4471927.4927 0,439861.989 4471923.0761 0))",2741491,Verde,Línea,2
"MULTILINESTRING Z ((439862.489 4471922.8261 0,439871.989 4471919.4094 0))",2741492,Verde,Línea,2
"MULTILINESTRING Z ((439884.1557 4471915.0761 0,439888.9057 4471913.4094 0))",2741493,Verde,Línea,1
"MULTILINESTRING Z ((439892.239 4471912.1594 0,439897.0723 4471910.4094 0))",2741494,Verde,Línea,1
"MULTILINESTRING Z ((439919.989 4471900.8261 0,439905.8223 4471906.0761 0))",2741495,Verde,Línea,3
"MULTILINESTRING Z ((439935.1557 4471895.6594 0,439929.6557 4471897.5761 0))",2741496,Verde,Línea,1
"MULTILINESTRING Z ((439940.9057 4471871.0761 0,439934.5723 4471851.9927 0))",2741497,Verde,Batería,7
"MULTILINESTRING Z ((439946.8419 4471876.1878 0,439926.9182 4471822.5634 0))",2741498,Verde,Batería,20
"MULTILINESTRING Z ((439917.0623 4471795.4332 0,439925.4345 4471817.4765 0))",2741500,Verde,Batería,9
"MULTILINESTRING Z ((439774.4665 4471835.6355 0,439780.3679 4471831.9327 0))",2741503,Azul,Línea,1
"MULTILINESTRING Z ((439785.8065 4471828.1141 0,439811.7264 4471811.567 0))",2741507,Azul,Línea,6
"MULTILINESTRING Z ((439767.5237 4471824.527 0,439784.3022 4471813.7656 0))",2741508,Verde,Línea,4
"MULTILINESTRING Z ((439794.7165 4471807.2856 0,439800.155 4471804.0456 0))",2741509,Verde,Línea,1
"MULTILINESTRING Z ((439804.205 4471801.4999 0,439813.925 4471795.1357 0))",2741510,Verde,Línea,2
"MULTILINESTRING Z ((439862.6254 4471779.466 0,439857.1146 4471782.9986 0))",2741512,Azul,Línea,1
"MULTILINESTRING Z ((439874.4948 4471772.2596 0,439869.3373 4471775.3682 0))",2741513,Azul,Línea,1
"MULTILINESTRING Z ((439874.2122 4471772.3302 0,439892.6522 4471760.6021 0))",2741514,Azul,Línea,4
"MULTILINESTRING Z ((439839.9463 4471779.466 0,439826.8051 4471787.7322 0))",2741515,Verde,Línea,3
"MULTILINESTRING Z ((439861.3537 4471765.7596 0,439866.7232 4471762.3684 0))",2741516,Verde,Línea,1
"MULTILINESTRING Z ((439878.31 4471755.0206 0,439872.8698 4471758.4825 0))",2741517,Verde,Línea,1
"MULTILINESTRING Z ((439930.4154 4471720.5074 0,439935.3963 4471717.2221 0))",2741518,Verde,Línea,1
"MULTILINESTRING Z ((439955.426 4471703.975 0,439944.4044 4471711.0754 0))",2741519,Verde,Línea,3
"MULTILINESTRING Z ((439955.7379 4471703.7366 0,439968.6049 4471695.6535 0))",2741520,Verde,Línea,3
"MULTILINESTRING Z ((439980.7545 4471762.6863 0,439989.5506 4471776.8872 0))",2741521,Verde,Línea,3
"MULTILINESTRING Z ((439992.2001 4471780.7024 0,439999.4065 4471792.0419 0))",2741522,Verde,Línea,2
"MULTILINESTRING Z ((440008.1557 4471806.4927 0,440003.1557 4471798.1594 0))",2741523,Verde,Línea,2
"MULTILINESTRING Z ((439961.3223 4471885.4927 0,439971.8223 4471881.9927 0))",2741524,Verde,Línea,2
"MULTILINESTRING Z ((439980.6557 4471878.0761 0,439991.8223 4471873.8261 0))",2741525,Verde,Línea,2
"MULTILINESTRING Z ((440005.3223 4471868.5761 0,439995.8223 4471872.3261 0))",2741526,Verde,Línea,2
"MULTILINESTRING Z ((440021.989 4471851.7427 0,440021.0723 4471846.3261 0))",2741527,Verde,Línea,1
"MULTILINESTRING Z ((440014.9057 4471814.0761 0,440020.239 4471842.4927 0))",2741528,Verde,Línea,6
"MULTILINESTRING Z ((440099.0723 4471825.9927 0,440132.239 4471810.7427 0))",2741530,Azul,Línea,7
"MULTILINESTRING Z ((440132.8161 4471810.5985 0,440151.4728 4471800.1507 0))",2741531,Azul,Línea,8
"MULTILINESTRING Z ((439982.1322 4471705.6706 0,439988.4909 4471701.7495 0))",2741532,Azul,Línea,1
"MULTILINESTRING Z ((439981.9203 4471687.0186 0,439990.9283 4471680.0241 0))",2741533,Verde,Línea,2
"MULTILINESTRING Z ((439988.7028 4471701.5375 0,440002.6918 4471692.2115 0))",2741534,Azul,Línea,3
"MULTILINESTRING Z ((440063.4167 4471653.6358 0,440023.8872 4471678.7524 0))",2741535,Azul,Línea,9
"MULTILINESTRING Z ((440013.904 4471659.4292 0,440050.1591 4471635.6644 0))",2741536,Verde,Línea,8
"MULTILINESTRING Z ((439607.9541 4471843.2727 0,439618.137 4471836.5613 0))",2741537,Verde,Línea,2
"MULTILINESTRING Z ((439624.0723 4471832.9094 0,439641.8223 4471821.6594 0))",2741538,Verde,Línea,4
"MULTILINESTRING Z ((439646.8223 4471818.4927 0,439651.1557 4471815.6594 0))",2741539,Verde,Línea,1
"MULTILINESTRING Z ((439657.6557 4471811.4927 0,439662.6557 4471808.3261 0))",2741540,Verde,Línea,1
"MULTILINESTRING Z ((439672.3223 4471802.1594 0,439681.8223 4471796.1594 0))",2741541,Verde,Línea,2
"MULTILINESTRING Z ((439701.2014 4471783.9082 0,439692.4035 4471789.4069 0))",2741542,Verde,Línea,2
"MULTILINESTRING Z ((439701.1557 4471783.8261 0,439710.4057 4471778.0761 0))",2741544,Verde,Línea,2
"MULTILINESTRING Z ((439729.8009 4471764.1243 0,439747.158 4471753.2472 0))",2741545,Verde,Línea,4
"MULTILINESTRING Z ((439775.9057 4471736.2427 0,439805.4057 4471717.4094 0))",2741546,Verde,Línea,7
"MULTILINESTRING Z ((439816.1557 4471692.9094 0,439824.6557 4471687.4927 0))",2741547,Verde,Línea,2
"MULTILINESTRING Z ((439829.4057 4471684.4927 0,439868.489 4471660.3261 0))",2741548,Verde,Línea,9
"MULTILINESTRING Z ((439892.239 4471682.5761 0,439895.239 4471687.2427 0))",2741549,Verde,Batería,2
"MULTILINESTRING Z ((439901.6557 4471680.9927 0,439908.1557 4471691.2427 0))",2741550,Verde,Línea,2
"MULTILINESTRING Z ((439881.9057 4471667.2427 0,439887.6557 4471675.4927 0))",2741551,Verde,Batería,4
"MULTILINESTRING Z ((439968.0373 4471632.5111 0,439980.3306 4471624.6688 0))",2741554,Verde,Línea,3
"MULTILINESTRING Z ((439922.3223 4471654.8261 0,439949.989 4471637.2427 0))",2741555,Verde,Línea,5
"MULTILINESTRING Z ((439955.3907 4471633.9948 0,439972.1351 4471623.0438 0))",2741556,Verde,Línea,4
"MULTILINESTRING Z ((439961.8853 4471601.7358 0,439973.2537 4471617.2703 0))",2741557,Verde,Línea,4
"MULTILINESTRING Z ((439954.6829 4471591.5677 0,439958.0722 4471596.5105 0))",2741558,Verde,Línea,1
"MULTILINESTRING Z ((439950.9405 4471586.4837 0,439954.8241 4471583.9417 0))",2741559,Verde,Batería,2
"MULTILINESTRING Z ((439912.489 4471653.7427 0,439909.6557 4471649.4927 0))",2741560,Verde,Línea,1
"MULTILINESTRING Z ((439906.288 4471644.3805 0,439900.0706 4471635.5491 0))",2741561,Verde,Línea,2
"MULTILINESTRING Z ((439888.8223 4471629.7427 0,439893.739 4471626.1594 0))",2741562,Verde,Batería,2
"MULTILINESTRING Z ((439873.5723 4471613.4927 0,439886.6557 4471604.2427 0))",2741564,Verde,Línea,3
"MULTILINESTRING Z ((439910.7625 4471573.0675 0,439914.0813 4471577.6573 0,439915.6347 4471580.5523 0,439916.1996 4471583.4474 0,439915.5641 4471587.2604 0,439914.7874 4471589.4494 0))",2741565,Verde,Línea,3
"MULTILINESTRING Z ((439902.6422 4471561.2048 0,439908.0087 4471569.3251 0))",2741567,Verde,Línea,2
"MULTILINESTRING Z ((439883.0122 4471532.6778 0,439882.0237 4471535.4316 0,439881.8824 4471538.3267 0,439882.5179 4471541.2924 0,439883.5771 4471543.5519 0,439892.9684 4471558.3803 0,439902.7128 4471573.1381 0))",2741568,Verde,Línea,9
"MULTILINESTRING Z ((439909.4209 4471516.3665 0,439890.9913 4471533.3839 0,439888.9436 4471535.9259 0,439888.3081 4471538.2561 0,439888.1669 4471540.2332 0,439888.7317 4471541.8572 0,439900.0296 4471557.8154 0))",2741569,Verde,Línea,10
"MULTILINESTRING Z ((439883.0723 4471532.5205 0,439884.6834 4471529.8538 0,439887.6834 4471526.465 0,439892.5168 4471521.8538 0))",2741570,Verde,Línea,3
"MULTILINESTRING Z ((439892.7975 4471521.5562 0,439900.2338 4471515.1823 0))",2741571,Verde,Línea,2
"MULTILINESTRING Z ((439920.5775 4471514.7424 0,439939.1484 4471532.0422 0))",2741572,Verde,Línea,4
"MULTILINESTRING Z ((439880.682 4471478.4481 0,439893.5333 4471489.0398 0,439903.3483 4471497.5838 0))",2741573,Verde,Línea,6
"MULTILINESTRING Z ((439784.5213 4471419.3063 0,439822.0054 4471439.1072 0,439838.3121 4471448.3194 0,439863.4074 4471464.8378 0,439869.6547 4471469.2851 0))",2741574,Verde,Línea,16
"MULTILINESTRING Z ((439845.6638 4471512.9519 0,439854.6451 4471507.3976 0))",2741575,Verde,Batería,4
"MULTILINESTRING Z ((439844.5947 4471493.3215 0,439852.2186 4471505.8162 0))",2741576,Verde,Línea,3
"MULTILINESTRING Z ((439842.3358 4471517.605 0,439838.2415 4471511.3224 0))",2741579,Verde,Batería,3
"MULTILINESTRING Z ((439844.1712 4471522.6876 0,439841.5593 4471518.5933 0))",2741580,Verde,Línea,1
"MULTILINESTRING Z ((439835.9734 4471535.2279 0,439843.8911 4471530.56 0))",2741581,Verde,Línea,2
"MULTILINESTRING Z ((439813.7564 4471548.8181 0,439830.6555 4471538.4187 0))",2741582,Verde,Línea,4
"MULTILINESTRING Z ((439806.4295 4471553.5451 0,439810.7429 4471550.8271 0))",2741583,Verde,Línea,1
"MULTILINESTRING Z ((439831.0442 4471615.8373 0,439833.3051 4471617.6036 0))",2741584,Verde,Batería,1
"MULTILINESTRING Z ((439813.9562 4471594.4355 0,439808.1953 4471585.6612 0))",2741588,Verde,Batería,4
"MULTILINESTRING Z ((439791.09 4471560.402 0,439798.6234 4471571.392 0))",2741589,Verde,Batería,4
"MULTILINESTRING Z ((439792.2421 4471632.5459 0,439812.9813 4471619.6947 0))",2741590,Verde,Batería,9
"MULTILINESTRING Z ((439781.2522 4471635.4707 0,439816.3492 4471613.0476 0))",2741591,Verde,Línea,8
"MULTILINESTRING Z ((439791.2675 4471680.2008 0,439769.9307 4471693.6245 0))",2741592,Verde,Línea,5
"MULTILINESTRING Z ((439739.6558 4471712.8581 0,439760.7312 4471699.376 0))",2741593,Verde,Línea,5
"MULTILINESTRING Z ((439740.739 4471701.9927 0,439727.989 4471682.3261 0))",2741594,Verde,Línea,5
"MULTILINESTRING Z ((439721.1557 4471670.9927 0,439727.9057 4471681.9927 0))",2741595,Verde,Línea,2
"MULTILINESTRING Z ((439707.1557 4471734.0761 0,439717.9057 4471727.2427 0))",2741596,Verde,Línea,2
"MULTILINESTRING Z ((439688.5723 4471745.4927 0,439701.739 4471737.0761 0))",2741597,Verde,Línea,3
"MULTILINESTRING Z ((439674.0723 4471754.7427 0,439683.239 4471748.9094 0))",2741598,Verde,Línea,2
"MULTILINESTRING Z ((439659.1557 4471764.1594 0,439668.8223 4471758.0761 0))",2741599,Verde,Línea,2
"MULTILINESTRING Z ((439623.239 4471787.0761 0,439637.1557 4471778.1594 0))",2741600,Verde,Línea,3
"MULTILINESTRING Z ((439607.9057 4471796.7427 0,439617.989 4471790.4094 0))",2741601,Verde,Línea,2
"MULTILINESTRING Z ((439597.989 4471802.9927 0,439603.0723 4471799.9094 0))",2741602,Verde,Línea,1
"MULTILINESTRING Z ((439591.4057 4471742.7427 0,439615.4057 4471727.9927 0))",2741605,Verde,Batería,9
"MULTILINESTRING Z ((439589.4057 4471739.6594 0,439604.3223 4471729.9927 0))",2741606,Verde,Línea,3
"MULTILINESTRING Z ((439607.894 4471728.0879 0,439617.6432 4471721.7953 0))",2741607,Verde,Línea,2
"MULTILINESTRING Z ((439631.989 4471718.3261 0,439641.0723 4471712.4927 0))",2741608,Verde,Batería,4
"MULTILINESTRING Z ((439622.3405 4471718.6046 0,439631.8238 4471712.5778 0))",2741609,Verde,Línea,2
"MULTILINESTRING Z ((439642.739 4471705.9927 0,439646.6557 4471703.3261 0))",2741610,Verde,Línea,1
"MULTILINESTRING Z ((439659.4057 4471701.3261 0,439654.3223 4471704.4094 0))",2741611,Verde,Batería,2
"MULTILINESTRING Z ((439656.239 4471697.4094 0,439659.6557 4471695.2427 0))",2741612,Verde,Línea,1
"MULTILINESTRING Z ((439663.239 4471698.1594 0,439675.3223 4471690.4927 0))",2741613,Verde,Batería,5
"MULTILINESTRING Z ((439679.9057 4471687.3261 0,439697.5723 4471676.3261 0))",2741614,Verde,Batería,8
"MULTILINESTRING Z ((439671.3223 4471687.4927 0,439676.1557 4471684.4927 0))",2741615,Verde,Línea,1
"MULTILINESTRING Z ((439694.2186 4471672.9607 0,439684.2921 4471679.1647 0))",2741616,Verde,Línea,2
"MULTILINESTRING Z ((439719.6551 4471656.5644 0,439699.359 4471669.5928 0))",2741617,Verde,Línea,5
"MULTILINESTRING Z ((439759.0063 4471636.0911 0,439726.5681 4471657.8052 0))",2741619,Verde,Batería,14
"MULTILINESTRING Z ((439741.9896 4471642.561 0,439724.7069 4471653.551 0))",2741620,Verde,Línea,4
"MULTILINESTRING Z ((439756.6133 4471632.9005 0,439751.7387 4471636.1797 0))",2741621,Verde,Línea,1
"MULTILINESTRING Z ((439737.489 4471599.0761 0,439727.0723 4471605.4927 0))",2741622,Verde,Línea,2
"MULTILINESTRING Z ((439717.739 4471611.3261 0,439712.489 4471614.4927 0))",2741624,Verde,Línea,1
"MULTILINESTRING Z ((439706.739 4471618.4094 0,439701.8223 4471621.3261 0))",2741625,Verde,Línea,1
"MULTILINESTRING Z ((439683.239 4471633.1594 0,439692.4057 4471627.4094 0))",2741626,Verde,Línea,2
"MULTILINESTRING Z ((439663.739 4471645.5761 0,439680.0723 4471635.1594 0))",2741629,Verde,Línea,4
"MULTILINESTRING Z ((439645.239 4471657.4094 0,439659.4057 4471648.2427 0))",2741630,Verde,Línea,3
"MULTILINESTRING Z ((439633.489 4471664.7427 0,439637.9057 4471661.6594 0))",2741631,Verde,Línea,1
"MULTILINESTRING Z ((439618.6557 4471674.0761 0,439628.1557 4471667.9927 0))",2741632,Verde,Línea,2
"MULTILINESTRING Z ((439587.739 4471693.7427 0,439613.989 4471677.0761 0))",2741633,Verde,Línea,6
"MULTILINESTRING Z ((439579.6557 4471698.8261 0,439584.0723 4471696.0761 0))",2741634,Verde,Línea,1
"MULTILINESTRING Z ((439571.1424 4471640.9439 0,439579.5213 4471635.4855 0))",2741636,Verde,Línea,2
"MULTILINESTRING Z ((439570.6793 4471637.5237 0,439579.9533 4471631.6082 0))",2741637,Verde,Línea,2
"MULTILINESTRING Z ((439584.239 4471632.8261 0,439617.8223 4471611.4927 0))",2741638,Verde,Línea,8
"MULTILINESTRING Z ((439619.239 4471606.4927 0,439592.489 4471623.9927 0))",2741639,Verde,Línea,6
"MULTILINESTRING Z ((439637.2482 4471599.0207 0,439632.6412 4471601.9507 0))",2741640,Verde,Línea,1
"MULTILINESTRING Z ((439646.2896 4471593.2065 0,439641.6826 4471596.1365 0))",2741641,Verde,Línea,1
"MULTILINESTRING Z ((439623.989 4471603.9927 0,439642.9057 4471591.6594 0))",2741642,Verde,Línea,4
"MULTILINESTRING Z ((439651.6557 4471589.8261 0,439694.8223 4471562.4927 0))",2741643,Verde,Línea,9
"MULTILINESTRING Z ((439665.0804 4471577.8196 0,439674.0455 4471572.1017 0))",2741644,Verde,Línea,2
"MULTILINESTRING Z ((439699.5723 4471559.4927 0,439707.989 4471554.1594 0))",2741647,Verde,Línea,2
"MULTILINESTRING Z ((439678.8457 4471569.0663 0,439701.8586 4471554.3126 0))",2741648,Verde,Línea,5
"MULTILINESTRING Z ((439720.1557 4471546.8261 0,439732.8223 4471538.4927 0))",2741649,Verde,Línea,3
"MULTILINESTRING Z ((439744.239 4471531.0761 0,439757.489 4471522.4094 0))",2741650,Verde,Línea,3
"MULTILINESTRING Z ((439790.0032 4471547.5182 0,439787.3442 4471543.1457 0))",2741652,Verde,Batería,2
"MULTILINESTRING Z ((439744.4264 4471488.7423 0,439753.8693 4471502.7885 0))",2741654,Verde,Batería,6
"MULTILINESTRING Z ((439717.7503 4471457.2267 0,439732.5048 4471472.6894 0))",2741656,Verde,Línea,4
"MULTILINESTRING Z ((439734.3223 4471487.6594 0,439725.1557 4471493.3261 0))",2741657,Verde,Línea,2
"MULTILINESTRING Z ((439716.989 4471498.4927 0,439697.739 4471510.7427 0))",2741658,Verde,Línea,4
"MULTILINESTRING Z ((439671.239 4471528.0761 0,439685.4057 4471519.1594 0))",2741659,Verde,Línea,3
"MULTILINESTRING Z ((439666.489 4471531.1594 0,439649.5723 4471541.6594 0))",2741660,Verde,Línea,4
"MULTILINESTRING Z ((439635.7143 4471550.2183 0,439640.3027 4471547.3947 0))",2741661,Verde,Línea,1
"MULTILINESTRING Z ((439616.4428 4471562.6424 0,439629.0787 4471554.9479 0))",2741662,Verde,Línea,3
"MULTILINESTRING Z ((439570.4171 4471591.585 0,439610.1601 4471566.9485 0))",2741663,Verde,Línea,9
"MULTILINESTRING Z ((439558.1342 4471533.2057 0,439569.7818 4471525.6525 0))",2741664,Verde,Línea,3
"MULTILINESTRING Z ((439574.1557 4471522.9094 0,439587.1557 4471514.6594 0))",2741665,Verde,Línea,3
"MULTILINESTRING Z ((439590.3239 4471512.593 0,439594.4888 4471509.9811 0))",2741666,Verde,Línea,1
"MULTILINESTRING Z ((439615.031 4471496.9217 0,439609.1719 4471500.7336 0))",2741667,Verde,Línea,1
"MULTILINESTRING Z ((439619.0723 4471494.4094 0,439635.8223 4471483.4927 0))",2741668,Verde,Línea,4
"MULTILINESTRING Z ((439639.0723 4471481.4094 0,439647.0723 4471476.1594 0))",2741669,Verde,Línea,2
"MULTILINESTRING Z ((439655.9057 4471470.6594 0,439651.3223 4471473.4927 0))",2741670,Verde,Línea,1
"MULTILINESTRING Z ((439714.9175 4471455.6922 0,439705.9467 4471449.3183 0,439695.5596 4471442.3542 0))",2741673,Verde,Batería,9
"MULTILINESTRING Z ((439631.5723 4471435.5761 0,439635.0723 4471427.9927 0))",2741678,Verde,Batería,3
"MULTILINESTRING Z ((439629.5898 4471400.08 0,439611.961 4471390.8756 0))",2741680,Verde,Batería,7
"MULTILINESTRING Z ((439617.1557 4471446.9927 0,439621.489 4471444.1594 0))",2741683,Verde,Línea,1
"MULTILINESTRING Z ((439598.9057 4471458.4927 0,439607.5723 4471452.9094 0))",2741684,Verde,Línea,2
"MULTILINESTRING Z ((439566.239 4471479.1594 0,439595.6557 4471460.4927 0))",2741685,Verde,Línea,7
"MULTILINESTRING Z ((439546.6557 4471491.8261 0,439562.989 4471481.2427 0))",2741686,Verde,Línea,4
"MULTILINESTRING Z ((439737.1897 4471395.2698 0,439773.8267 4471413.906 0))",2741687,Verde,Línea,8
"MULTILINESTRING Z ((439702.1557 4471673.4094 0,439706.239 4471670.7427 0))",2741688,Verde,Batería,2
"MULTILINESTRING Z ((443150.8828 4473563.5136 0,443145.1604 4473487.3608 0))",2741689,Azul,Línea,14
"MULTILINESTRING Z ((439102.1679 4473413.9087 0,439105.7512 4473399.492 0))",2741690,Azul,Línea,3
"MULTILINESTRING Z ((437965.2512 4475498.992 0,437969.7512 4475494.492 0))",2741691,Verde,Línea,1
"MULTILINESTRING Z ((443103.0845 4473531.9087 0,443104.8345 4473553.992 0))",2741708,Verde,Batería,9
"MULTILINESTRING Z ((439176.7101 4477680.3974 0,439183.7059 4477693.5826 0))",2741715,Azul,Línea,3
"MULTILINESTRING Z ((440358.9981 4477466.9159 0,440367.278 4477441.6649 0))",2741716,Verde,Línea,6
"MULTILINESTRING Z ((440367.4919 4477703.5085 0,440372.3973 4477702.9324 0))",2741719,Verde,Línea,1
"MULTILINESTRING Z ((440354.2245 4479498.0435 0,440356.7924 4479504.3809 0))",2741720,Verde,Línea,1
"MULTILINESTRING Z ((442955.8994 4478773.3809 0,442968.7882 4478772.8994 0,443010.8994 4478771.5291 0))",2741721,Verde,Línea,11
"MULTILINESTRING Z ((440821.6209 4479418.0452 0,440826.3982 4479416.3772 0))",2741722,Verde,Línea,1
"MULTILINESTRING Z ((438130.0845 4475563.6587 0,438135.5012 4475557.0754 0))",2741799,Verde,Línea,1
"MULTILINESTRING Z ((438920.3345 4475489.492 0,438964.5012 4475514.1587 0))",2741800,Verde,Línea,11
"MULTILINESTRING Z ((440653.5012 4476077.4087 0,440648.5012 4476094.4087 0))",2741801,Verde,Línea,3
"MULTILINESTRING Z ((440646.5012 4476101.742 0,440644.0845 4476110.1587 0))",2741802,Verde,Línea,2
"MULTILINESTRING Z ((440641.1679 4476118.242 0,440643.7512 4476110.242 0))",2741803,Verde,Línea,1
"MULTILINESTRING Z ((438303.2169 4475087.0884 0,438328.2825 4475116.5704 0))",2741934,Verde,Línea,7
"MULTILINESTRING Z ((438293.7874 4475087.4465 0,438319.9273 4475116.9285 0))",2741935,Verde,Línea,8
"MULTILINESTRING Z ((438275.8834 4475038.5088 0,438277.4351 4475033.257 0,438278.1512 4475028.0051 0,438277.077 4475021.0822 0))",2741936,Azul,Línea,3
"MULTILINESTRING Z ((438266.5733 4475049.3706 0,438266.9314 4475043.1639 0,438267.6475 4475036.599 0))",2741939,Azul,Línea,2
"MULTILINESTRING Z ((444514.9981 4475926.3727 0,444518.4549 4475906.5044 0))",2742029,Verde,Línea,4
"MULTILINESTRING Z ((438348.4146 4475109.6873 0,438379.2891 4475075.3115 0))",2742037,Verde,Batería,20
"MULTILINESTRING Z ((438348.0963 4475101.4912 0,438378.7321 4475067.8316 0))",2742038,Verde,Línea,9
"MULTILINESTRING Z ((445451.5249 4475748.4138 0,445523.7553 4475787.3768 0))",2742052,Verde,Batería,31
"MULTILINESTRING Z ((440653.7142 4481813.0105 0,440666.9734 4481789.7142 0))",2742063,Verde,Línea,5
"MULTILINESTRING Z ((441048.1092 4479256.3809 0,441039.1463 4479245.1957 0))",2742233,Azul,Batería,7
"MULTILINESTRING Z ((441165.7512 4473125.1587 0,441166.4179 4473131.6587 0))",2742243,Azul,Línea,1
"MULTILINESTRING Z ((442776.4919 4479079.4179 0,442761.4549 4479080.3439 0))",2742259,Azul,Línea,3
"MULTILINESTRING Z ((440341.2203 4480145.7636 0,440345.7142 4480161.385 0))",2742270,Verde,Línea,3
"MULTILINESTRING Z ((440325.0228 4480140.9461 0,440288.0012 4480149.5754 0))",2742271,Verde,Línea,7
"MULTILINESTRING Z ((440190.8171 4479908.5126 0,440196.4302 4479927.3768 0))",2742282,Verde,Línea,4
"MULTILINESTRING Z ((440265.4673 4479991.5908 0,440261.4673 4480007.5167 0))",2742287,Verde,Línea,3
"MULTILINESTRING Z ((440231.7306 4480110.6317 0,440235.8709 4480112.8758 0,440239.2062 4480114.8688 0))",2742296,Verde,Línea,2
"MULTILINESTRING Z ((440176.029 4480136.992 0,440179.6679 4480136.5754 0,440185.8345 4480136.242 0))",2742311,Verde,Línea,2
"MULTILINESTRING Z ((440304.4467 4479987.9858 0,440296.2327 4479977.2863 0))",2742321,Verde,Batería,7
"MULTILINESTRING Z ((440307.2203 4479973.6896 0,440302.6524 4479968.1834 0))",2742324,Verde,Línea,1
"MULTILINESTRING Z ((440324.101 4479939.1957 0,440318.5372 4479943.4097 0,440317.6812 4479943.9529 0,440315.9693 4479944.776 0,440314.2903 4479945.2863 0,440312.7594 4479946.0435 0,440311.3438 4479946.85 0,440297.3191 4479958.1751 0))",2742332,Verde,Línea,6
"MULTILINESTRING Z ((440287.566 4479897.5661 0,440308.0105 4479925.7883 0))",2742336,Verde,Línea,6
"MULTILINESTRING Z ((443857.0845 4474360.5754 0,443865.4179 4474368.0754 0))",2742338,Verde,Línea,2
"MULTILINESTRING Z ((437271.3345 4473166.0754 0,437312.5012 4473152.4087 0))",2742341,Verde,Línea,10
"MULTILINESTRING Z ((440352.1504 4479918.3398 0,440335.1792 4479931.6566 0))",2742347,Verde,Línea,5
"MULTILINESTRING Z ((440348.4796 4479963.0311 0,440390.0434 4480018.5373 0))",2742353,Verde,Línea,14
"MULTILINESTRING Z ((440370.1586 4480044.8624 0,440420.2697 4480012.1957 0))",2742369,Verde,Línea,12
"MULTILINESTRING Z ((440370.4302 4480062.455 0,440376.3315 4480073.2698 0))",2742377,Verde,Línea,2
"MULTILINESTRING Z ((442276.2512 4476482.242 0,442277.4179 4476495.4087 0))",2742398,Verde,Línea,2
"MULTILINESTRING Z ((440505.6031 4480049.5291 0,440511.1586 4480056.3809 0))",2742399,Verde,Línea,1
"MULTILINESTRING Z ((442285.9179 4476492.1587 0,442285.4179 4476485.992 0))",2742401,Verde,Batería,2
"MULTILINESTRING Z ((442282.9179 4476451.242 0,442285.3345 4476484.9087 0))",2742404,Verde,Línea,7
"MULTILINESTRING Z ((440486.7128 4479955.728 0,440456.9954 4479904.3809 0))",2742408,Verde,Línea,12
"MULTILINESTRING Z ((442316.4179 4476367.6587 0,442353.6679 4476364.8254 0))",2742412,Verde,Batería,14
"MULTILINESTRING Z ((440579.5166 4480078.134 0,440604.9981 4480113.5167 0))",2742413,Verde,Línea,9
"MULTILINESTRING Z ((441953.9179 4476246.6587 0,441951.2512 4476206.6587 0))",2742431,Verde,Línea,8
"MULTILINESTRING Z ((442041.3345 4476082.992 0,442043.9179 4476121.5754 0))",2742441,Azul,Línea,8
"MULTILINESTRING Z ((442040.1679 4476066.9087 0,442041.0012 4476078.3254 0))",2742442,Azul,Línea,2
"MULTILINESTRING Z ((440052.7759 4479856.1834 0,440065.4673 4479855.4673 0))",2742445,Verde,Línea,2
"MULTILINESTRING Z ((440093.4179 4479692.0476 0,440101.9734 4479677.8254 0))",2742454,Verde,Línea,3
"MULTILINESTRING Z ((439930.8623 4479798.8809 0,439930.9179 4479805.7142 0,439931.029 4479808.992 0))",2742461,Verde,Línea,2
"MULTILINESTRING Z ((442010.7512 4476035.242 0,442013.0845 4476035.242 0,442014.6679 4476035.5754 0,442016.0012 4476035.992 0,442017.1679 4476036.9087 0))",2742463,Azul,Línea,2
"MULTILINESTRING Z ((439933.566 4479833.7883 0,439934.6771 4479839.7883 0,439934.7142 4479840.3809 0,439935.0475 4479841.5291 0,439938.0845 4479854.3068 0))",2742464,Verde,Línea,4
"MULTILINESTRING Z ((439938.8623 4479857.1587 0,439942.4919 4479868.8254 0))",2742471,Verde,Línea,2
"MULTILINESTRING Z ((440336.4796 4479890.8007 0,440334.4878 4479888.2986 0))",2742475,Verde,Línea,1
"MULTILINESTRING Z ((440304.7943 4479851.0606 0,440308.0206 4479855.1063 0))",2742476,Verde,Línea,1
"MULTILINESTRING Z ((442019.5845 4476059.1587 0,442021.5012 4476085.8254 0))",2742478,Verde,Línea,4
"MULTILINESTRING Z ((442021.8819 4476092.1913 0,442022.3189 4476098.4289 0))",2742481,Verde,Línea,1
"MULTILINESTRING Z ((442023.3122 4476112.3343 0,442023.9081 4476120.6776 0))",2742483,Verde,Línea,1
"MULTILINESTRING Z ((440372.0862 4479869.2407 0,440367.9454 4479862.0418 0))",2742484,Verde,Línea,2
"MULTILINESTRING Z ((439751.4179 4478403.6587 0,439735.9734 4478394.5476 0))",2742486,Verde,Línea,3
"MULTILINESTRING Z ((440811.2697 4479697.8624 0,440801.1463 4479703.6896 0))",2742489,Verde,Batería,4
"MULTILINESTRING Z ((437144.8345 4473297.6587 0,437179.5012 4473286.0754 0))",2742504,Verde,Línea,7
"MULTILINESTRING Z ((440580.924 4479735.2698 0,440597.4919 4479753.9365 0))",2742506,Verde,Línea,5
"MULTILINESTRING Z ((440621.2039 4479780.6443 0,440627.064 4479787.2451 0))",2742507,Verde,Línea,2
"MULTILINESTRING Z ((440590.5701 4479804.6937 0,440584.1339 4479797.7472 0))",2742509,Verde,Línea,2
"MULTILINESTRING Z ((440549.78 4479761.2863 0,440580.0845 4479793.3686 0))",2742510,Verde,Línea,9
"MULTILINESTRING Z ((440499.6072 4479796.1998 0,440522.6854 4479779.0805 0))",2742512,Verde,Línea,6
"MULTILINESTRING Z ((440376.8994 4479868.7883 0,440383.9734 4479863.2328 0))",2742522,Verde,Línea,1
"MULTILINESTRING Z ((440444.4796 4479881.9365 0,440448.5537 4479889.2451 0))",2742523,Verde,Línea,1
"MULTILINESTRING Z ((440926.2327 4479709.0723 0,440936.7759 4479726.5784 0))",2742524,Verde,Batería,9
"MULTILINESTRING Z ((440790.7265 4479851.097 0,440797.245 4479854.5538 0))",2742526,Verde,Línea,1
"MULTILINESTRING Z ((440757.171 4479833.3192 0,440783.7389 4479847.3933 0))",2742527,Verde,Línea,6
"MULTILINESTRING Z ((440244.8994 4479545.1957 0,440251.7636 4479559.4426 0))",2742539,Verde,Línea,3
"MULTILINESTRING Z ((440252.1092 4479563.7883 0,440250.3561 4479569.4179 0))",2742545,Verde,Línea,1
"MULTILINESTRING Z ((440214.0845 4479610.8007 0,440202.7265 4479630.0105 0))",2742546,Verde,Línea,4
"MULTILINESTRING Z ((440236.7759 4479641.3933 0,440242.208 4479653.9858 0))",2742548,Verde,Línea,2
"MULTILINESTRING Z ((440435.9364 4479512.5291 0,440439.6031 4479535.455 0))",2742549,Verde,Línea,4
"MULTILINESTRING Z ((440422.7265 4479445.1463 0,440409.385 4479419.2122 0))",2742550,Verde,Línea,6
"MULTILINESTRING Z ((440489.9734 4479439.9735 0,440495.1957 4479456.7513 0,440495.529 4479462.5661 0))",2742551,Verde,Línea,5
"MULTILINESTRING Z ((440515.1957 4479587.2698 0,440516.9981 4479598.9241 0))",2742558,Verde,Línea,2
"MULTILINESTRING Z ((440656.4919 4479572.6772 0,440651.3808 4479561.9735 0))",2742567,Verde,Batería,5
"MULTILINESTRING Z ((440631.3767 4479584.3809 0,440648.101 4479580.6937 0))",2742572,Verde,Línea,3
"MULTILINESTRING Z ((440653.1545 4479577.7965 0,440648.2512 4479578.8254 0))",2742574,Verde,Línea,1
"MULTILINESTRING Z ((440607.7636 4479589.5661 0,440624.8747 4479585.813 0))",2742580,Verde,Línea,3
"MULTILINESTRING Z ((440557.0969 4479436.8747 0,440557.6401 4479441.9118 0))",2742588,Verde,Línea,1
"MULTILINESTRING Z ((440629.7512 4479499.7513 0,440634.1586 4479509.3068 0))",2742595,Verde,Línea,2
"MULTILINESTRING Z ((440652.2697 4479547.7513 0,440648.4179 4479539.7513 0))",2742611,Verde,Línea,1
"MULTILINESTRING Z ((440627.171 4479427.9118 0,440631.9364 4479426.0846 0))",2742613,Verde,Línea,1
"MULTILINESTRING Z ((440644.7265 4479421.1875 0,440636.1668 4479424.4797 0))",2742614,Verde,Línea,2
"MULTILINESTRING Z ((437091.4179 4473315.992 0,437113.0012 4473308.8254 0))",2742615,Verde,Línea,4
"MULTILINESTRING Z ((437223.1679 4473240.8254 0,437253.0845 4473230.6587 0))",2742616,Verde,Línea,6
"MULTILINESTRING Z ((441546.0845 4475554.6587 0,441543.1679 4475540.5754 0))",2742618,Azul,Línea,3
"MULTILINESTRING Z ((441540.9179 4475532.9087 0,441534.6679 4475500.492 0))",2742619,Azul,Línea,6
"MULTILINESTRING Z ((441305.3438 4480494.1957 0,441336.3068 4480479.6772 0))",2742621,Verde,Línea,7
"MULTILINESTRING Z ((440898.6771 4479604.6772 0,440903.1216 4479603.4179 0))",2742624,Verde,Línea,1
"MULTILINESTRING Z ((441001.2697 4479624.7883 0,441008.0475 4479635.8994 0))",2742627,Verde,Línea,2
"MULTILINESTRING Z ((443580.0012 4474381.4087 0,443567.6679 4474378.242 0,443556.1679 4474377.992 0,443550.5012 4474378.4087 0))",2742629,Alta Rotación,Línea,6
"MULTILINESTRING Z ((440678.0701 4479616.0021 0,440697.0477 4479656.1276 0))",2742632,Verde,Batería,17
"MULTILINESTRING Z ((440684.3808 4479598.4179 0,440693.4179 4479594.0476 0))",2742635,Azul,Línea,1
"MULTILINESTRING Z ((440701.3191 4479590.2739 0,440703.031 4479589.4509 0))",2742637,Azul,Línea,1
"MULTILINESTRING Z ((440453.2203 4479359.6072 0,440419.7718 4479383.7554 0))",2742644,Azul,Línea,8
"MULTILINESTRING Z ((440655.3685 4479354.8747 0,440651.1957 4479347.0229 0))",2742648,Verde,Línea,1
"MULTILINESTRING Z ((439436.0681 4477186.6361 0,439436.0104 4477185.6644 0,439436.5981 4477183.7525 0))",2742649,Verde,Batería,1
"MULTILINESTRING Z ((440718.9158 4479179.311 0,440744.8253 4479160.4179 0))",2742654,Azul,Batería,12
"MULTILINESTRING Z ((440792.6113 4479396.7431 0,440790.0105 4479387.064 0))",2742655,Verde,Línea,2
"MULTILINESTRING Z ((440755.4755 4479294.8336 0,440751.6401 4479289.8789 0))",2742662,Azul,Línea,1
"MULTILINESTRING Z ((440741.3438 4479276.6772 0,440744.8253 4479281.1463 0))",2742663,Azul,Línea,1
"MULTILINESTRING Z ((441205.1216 4480185.4426 0,441201.8376 4480178.4303 0))",2742699,Verde,Línea,1
"MULTILINESTRING Z ((441228.0599 4480233.3439 0,441220.1833 4480216.8994 0))",2742700,Verde,Línea,3
"MULTILINESTRING Z ((437354.4179 4473142.492 0,437443.7512 4473113.5754 0))",2742701,Verde,Línea,19
"MULTILINESTRING Z ((437342.8345 4473143.4087 0,437381.0845 4473130.742 0))",2742702,Verde,Línea,6
"MULTILINESTRING Z ((441254.6278 4480289.171 0,441245.245 4480269.3933 0))",2742703,Verde,Línea,4
"MULTILINESTRING Z ((441266.471 4480312.1764 0,441283.5802 4480348.7443 0))",2742704,Verde,Línea,8
"MULTILINESTRING Z ((441305.0373 4480395.4577 0,441315.2929 4480417.3254 0))",2742706,Verde,Línea,4
"MULTILINESTRING Z ((441347.2203 4480485.0229 0,441347.2944 4480485.3192 0,441349.4673 4480489.9365 0))",2742707,Verde,Línea,1
"MULTILINESTRING Z ((439990.4302 4478653.4426 0,439987.566 4478656.8254 0))",2742709,Verde,Batería,2
"MULTILINESTRING Z ((439996.6771 4478646.0599 0,439999.0969 4478643.1957 0))",2742710,Verde,Batería,2
"MULTILINESTRING Z ((443638.4179 4476182.5754 0,443634.7512 4476201.992 0))",2742719,Verde,Línea,4
"MULTILINESTRING Z ((443283.4179 4475782.9087 0,443296.3345 4475784.742 0))",2742722,Verde,Línea,2
"MULTILINESTRING Z ((442912.7512 4476111.242 0,442946.0012 4476145.1587 0))",2742724,Azul,Línea,10
"MULTILINESTRING Z ((443601.0012 4477971.6587 0,443586.1679 4478007.992 0))",2742745,Azul,Línea,9
"MULTILINESTRING Z ((443581.5845 4478014.8254 0,443575.5845 4478033.492 0))",2742746,Azul,Batería,9
"MULTILINESTRING Z ((442344.6679 4478221.3254 0,442332.6679 4478235.8254 0))",2742751,Verde,Batería,8
"MULTILINESTRING Z ((440080.1679 4470576.3254 0,440082.1679 4470561.0754 0))",2742755,Verde,Línea,3
"MULTILINESTRING Z ((442371.1957 4478231.8809 0,442365.4734 4478238.7142 0))",2742757,Verde,Línea,2
"MULTILINESTRING Z ((442363.4734 4478241.2698 0,442357.7512 4478248.2142 0))",2742758,Verde,Línea,2
"MULTILINESTRING Z ((442356.4179 4478249.8254 0,442347.2512 4478261.0476 0))",2742759,Verde,Línea,3
"MULTILINESTRING Z ((442370.8345 4478245.6587 0,442356.9179 4478261.1587 0))",2742760,Verde,Batería,8
"MULTILINESTRING Z ((442401.0845 4478225.8254 0,442415.6679 4478226.492 0))",2742773,Verde,Línea,3
"MULTILINESTRING Z ((442395.6679 4478225.4087 0,442399.9179 4478225.8254 0))",2742774,Verde,Línea,1
"MULTILINESTRING Z ((442384.3345 4478225.0754 0,442389.6679 4478225.242 0))",2742775,Verde,Línea,1
"MULTILINESTRING Z ((442375.3345 4478204.1587 0,442374.6679 4478215.0754 0))",2742779,Verde,Línea,2
"MULTILINESTRING Z ((442406.6679 4478198.742 0,442416.4179 4478199.3254 0))",2742780,Verde,Línea,2
"MULTILINESTRING Z ((439805.4549 4481060.455 0,439791.529 4481056.8254 0))",2742781,Verde,Batería,6
"MULTILINESTRING Z ((439785.6319 4481055.278 0,439750.0269 4481045.8789 0))",2742782,Verde,Batería,14
"MULTILINESTRING Z ((442402.1401 4478198.492 0,442388.029 4478197.7698 0))",2742784,Verde,Línea,3
"MULTILINESTRING Z ((442381.029 4478197.4365 0,442386.1401 4478197.6587 0))",2742786,Verde,Línea,1
"MULTILINESTRING Z ((442349.529 4478201.3809 0,442346.3623 4478205.1587 0,442344.1957 4478208.1587 0))",2742792,Verde,Línea,2
"MULTILINESTRING Z ((442340.7512 4478298.492 0,442388.0845 4478337.6587 0))",2742793,Verde,Línea,14
"MULTILINESTRING Z ((442382.1679 4478594.0754 0,442470.7929 4478618.9504 0))",2742794,Verde,Línea,21
"MULTILINESTRING Z ((440143.5845 4475890.992 0,440156.2512 4475889.992 0))",2742796,Verde,Línea,2
"MULTILINESTRING Z ((440478.2574 4478562.8994 0,440486.8006 4478560.3809 0))",2742798,Verde,Línea,1
"MULTILINESTRING Z ((440539.4673 4478544.8254 0,440530.85 4478547.3686 0))",2742807,Verde,Línea,1
"MULTILINESTRING Z ((439263.539 4473948.4218 0,439332.3558 4473946.5467 0))",2742809,Verde,Línea,14
"MULTILINESTRING Z ((439345.2941 4473946.7342 0,439461.1764 4473945.6092 0))",2742810,Verde,Línea,23
"MULTILINESTRING Z ((440557.5496 4478547.6896 0,440570.9158 4478543.8377 0))",2742811,Verde,Línea,3
"MULTILINESTRING Z ((442111.4179 4476140.1587 0,442094.3345 4476141.242 0))",2742814,Verde,Línea,3
"MULTILINESTRING Z ((442116.0012 4476139.9087 0,442129.2512 4476139.0754 0))",2742815,Verde,Línea,3
"MULTILINESTRING Z ((440484.8623 4478481.6772 0,440499.2697 4478478.0105 0))",2742819,Verde,Línea,3
"MULTILINESTRING Z ((440517.529 4478473.3809 0,440503.529 4478476.8809 0))",2742820,Verde,Línea,3
"MULTILINESTRING Z ((440585.2697 4478461.5291 0,440568.7882 4478464.3809 0))",2742826,Verde,Línea,3
"MULTILINESTRING Z ((442121.1679 4475801.6587 0,442122.9179 4475824.5754 0))",2742827,Verde,Batería,8
"MULTILINESTRING Z ((440983.459 4478648.0682 0,440936.2985 4478652.0188 0,440929.138 4478649.7636 0))",2742830,Azul,Línea,11
"MULTILINESTRING Z ((440782.0434 4478596.2492 0,440783.8376 4478602.0928 0))",2742837,Verde,Línea,1
"MULTILINESTRING Z ((442251.5845 4475869.8254 0,442332.3345 4475864.742 0))",2742840,Verde,Batería,30
"MULTILINESTRING Z ((441816.2512 4475715.3254 0,441818.7512 4475735.8254 0))",2742841,Verde,Línea,3
"MULTILINESTRING Z ((439986.0429 4470909.5754 0,439984.6679 4470919.7004 0))",2742842,Verde,Línea,2
"MULTILINESTRING Z ((440751.673 4478461.0229 0,440771.5249 4478525.2698 0))",2742847,Verde,Línea,13
"MULTILINESTRING Z ((442005.3345 4475859.0754 0,442005.5845 4475862.1587 0))",2742848,Verde,Línea,1
"MULTILINESTRING Z ((440822.5043 4478518.5867 0,440820.6278 4478495.492 0))",2742849,Verde,Línea,4
"MULTILINESTRING Z ((440827.1216 4478487.1217 0,440828.566 4478504.7142 0))",2742850,Verde,Línea,4
"MULTILINESTRING Z ((440829.5166 4478516.2328 0,440828.743 4478506.9982 0))",2742851,Verde,Línea,2
"MULTILINESTRING Z ((440815.8212 4478436.0023 0,440817.6648 4478458.7184 0))",2742855,Verde,Línea,4
"MULTILINESTRING Z ((440661.8788 4478521.6429 0,440690.411 4478516.4083 0))",2742859,Verde,Línea,7
"MULTILINESTRING Z ((441937.2512 4475892.242 0,441945.1679 4475891.6587 0))",2742863,Verde,Batería,3
"MULTILINESTRING Z ((441997.0012 4475887.742 0,441948.2512 4475891.4087 0))",2742864,Verde,Batería,19
"MULTILINESTRING Z ((440616.8006 4478460.8994 0,440609.9364 4478462.134 0))",2742865,Verde,Línea,1
"MULTILINESTRING Z ((440723.2203 4478441.7883 0,440704.2327 4478445.1957 0))",2742867,Verde,Línea,4
"MULTILINESTRING Z ((440682.0845 4478449.1957 0,440701.245 4478445.7389 0))",2742868,Verde,Línea,4
"MULTILINESTRING Z ((441213.9858 4478623.9612 0,441216.1586 4478623.7883 0))",2742869,Azul,Batería,1
"MULTILINESTRING Z ((441106.4055 4478515.7225 0,441116.4961 4478514.883 0))",2742870,Verde,Batería,4
"MULTILINESTRING Z ((441161.8459 4478446.8336 0,441163.9035 4478473.6813 0))",2742871,Verde,Batería,10
"MULTILINESTRING Z ((441171.3438 4478445.3068 0,441203.4549 4478442.0846 0))",2742872,Verde,Batería,14
"MULTILINESTRING Z ((441179.4426 4478460.6525 0,441194.8994 4478459.2698 0))",2742873,Verde,Batería,11
"MULTILINESTRING Z ((441963.3345 4476499.242 0,441966.4179 4476541.4087 0))",2742890,Verde,Batería,15
"MULTILINESTRING Z ((445572.0845 4475679.242 0,445584.7512 4475685.9087 0))",2742901,Azul,Línea,3
"MULTILINESTRING Z ((445551.8345 4475665.8254 0,445572.5012 4475677.0754 0))",2742904,Azul,Línea,5
"MULTILINESTRING Z ((442051.3345 4476507.492 0,442050.5012 4476497.1587 0))",2742905,Azul,Línea,2
"MULTILINESTRING Z ((442047.0012 4476447.492 0,442050.3345 4476493.742 0))",2742906,Azul,Línea,9
"MULTILINESTRING Z ((442219.8345 4475680.9087 0,442221.6679 4475706.492 0))",2742926,Verde,Línea,5
"MULTILINESTRING Z ((441623.6679 4476520.492 0,441585.2512 4476439.9087 0))",2742933,Verde,Línea,18
"MULTILINESTRING Z ((441854.5845 4475625.3254 0,441849.4179 4475625.6587 0))",2742944,Verde,Línea,1
"MULTILINESTRING Z ((445317.8345 4476156.0754 0,445310.0845 4476169.0754 0))",2742957,Verde,Batería,6
"MULTILINESTRING Z ((445303.1679 4476181.1587 0,445308.2512 4476172.4087 0))",2742958,Verde,Batería,4
"MULTILINESTRING Z ((445209.7512 4475673.492 0,445264.9179 4475682.242 0))",2742969,Verde,Línea,12
"MULTILINESTRING Z ((445224.5012 4475699.5754 0,445231.0012 4475700.5754 0))",2742980,Verde,Línea,1
"MULTILINESTRING Z ((445240.1679 4475702.0754 0,445261.3345 4475705.242 0))",2742981,Verde,Línea,5
"MULTILINESTRING Z ((444880.4179 4476016.0754 0,444896.1679 4476018.8254 0))",2742990,Azul,Línea,3
"MULTILINESTRING Z ((445336.5012 4475849.492 0,445332.5845 4475856.3254 0))",2742991,Verde,Batería,4
"MULTILINESTRING Z ((445447.0012 4475938.4087 0,445436.0012 4475956.992 0))",2743001,Verde,Batería,9
"MULTILINESTRING Z ((445434.5012 4475959.492 0,445432.0012 4475963.8254 0))",2743008,Verde,Batería,3
"MULTILINESTRING Z ((439009.8357 4475289.6932 0,438975.521 4475337.1336 0,438940.6438 4475387.1993 0))",2743030,Verde,Batería,42
"MULTILINESTRING Z ((439018.7929 4475276.3254 0,439010.5429 4475288.4504 0))",2743031,Verde,Batería,6
"MULTILINESTRING Z ((445499.9179 4475849.0754 0,445493.4179 4475860.1587 0))",2743032,Verde,Línea,3
"MULTILINESTRING Z ((441114.7512 4479406.5754 0,441109.7512 4479410.0754 0))",2743041,Verde,Línea,1
"MULTILINESTRING Z ((441143.5845 4479386.492 0,441120.3345 4479402.6587 0))",2743046,Verde,Línea,6
"MULTILINESTRING Z ((445293.6679 4475921.242 0,445300.8345 4475909.3254 0))",2743051,Verde,Batería,5
"MULTILINESTRING Z ((445487.7512 4475754.242 0,445492.6679 4475756.8254 0))",2743062,Verde,Batería,3
"MULTILINESTRING Z ((444063.0845 4478673.992 0,444095.3345 4478694.492 0))",2743082,Verde,Línea,8
"MULTILINESTRING Z ((440558.1679 4479446.492 0,440559.8345 4479461.3254 0))",2743107,Verde,Línea,3
"MULTILINESTRING Z ((444071.0012 4478765.492 0,444072.8345 4478770.8254 0))",2743115,Verde,Línea,1
"MULTILINESTRING Z ((444082.5845 4478798.9087 0,444090.7512 4478822.4087 0))",2743117,Verde,Línea,5
"MULTILINESTRING Z ((444073.5012 4478772.6587 0,444081.5845 4478796.4087 0))",2743118,Verde,Línea,5
"MULTILINESTRING Z ((444068.6679 4478758.9087 0,444066.3345 4478751.992 0))",2743126,Azul,Línea,1
"MULTILINESTRING Z ((443919.5845 4478974.4087 0,443938.8345 4478995.992 0))",2743127,Verde,Línea,6
"MULTILINESTRING Z ((444041.5012 4478747.9087 0,444005.8345 4478760.742 0))",2743128,Verde,Línea,8
"MULTILINESTRING Z ((444055.1679 4478720.492 0,444060.1679 4478734.9087 0))",2743129,Verde,Línea,3
"MULTILINESTRING Z ((444052.9179 4478714.492 0,444043.7512 4478688.3254 0))",2743133,Verde,Línea,6
"MULTILINESTRING Z ((443974.5012 4478653.4087 0,444033.0012 4478668.492 0,444035.8345 4478669.492 0,444037.0845 4478670.492 0,444038.0845 4478671.9087 0,444042.8345 4478685.6587 0))",2743134,Verde,Línea,18
"MULTILINESTRING Z ((444180.4179 4478693.242 0,444197.6679 4478704.242 0))",2743145,Verde,Línea,4
"MULTILINESTRING Z ((444172.7512 4478677.8254 0,444205.5845 4478698.4087 0))",2743150,Verde,Línea,7
"MULTILINESTRING Z ((444047.8345 4478664.3254 0,444058.7512 4478671.242 0))",2743165,Verde,Batería,5
"MULTILINESTRING Z ((444060.0012 4478669.742 0,444064.0012 4478672.242 0))",2743169,Verde,Batería,2
"MULTILINESTRING Z ((443980.7512 4478647.5754 0,443985.9179 4478648.8254 0))",2743182,Verde,Línea,1
"MULTILINESTRING Z ((443988.4179 4478649.492 0,444002.6679 4478653.242 0))",2743185,Verde,Línea,3
"MULTILINESTRING Z ((444005.0012 4478653.6587 0,444032.3345 4478660.8254 0))",2743186,Verde,Línea,6
"MULTILINESTRING Z ((444035.6679 4478660.5754 0,444037.2512 4478659.742 0,444039.6679 4478657.5754 0,444043.0012 4478654.1587 0))",2743190,Verde,Línea,2
"MULTILINESTRING Z ((444055.5845 4478640.992 0,444044.1679 4478652.9087 0))",2743192,Verde,Línea,4
"MULTILINESTRING Z ((444066.4179 4478629.8254 0,444056.7512 4478639.742 0))",2743193,Verde,Línea,3
"MULTILINESTRING Z ((444218.0012 4478601.1587 0,444203.9179 4478592.242 0))",2743203,Verde,Línea,3
"MULTILINESTRING Z ((444188.0012 4478581.9087 0,444200.7512 4478590.242 0))",2743204,Verde,Línea,3
"MULTILINESTRING Z ((444244.3345 4478607.1587 0,444268.5012 4478622.5754 0))",2743208,Verde,Línea,6
"MULTILINESTRING Z ((444202.2512 4478478.992 0,444247.7512 4478508.3254 0))",2743210,Verde,Línea,10
"MULTILINESTRING Z ((444123.2512 4478484.1587 0,444104.4179 4478513.1587 0))",2743213,Verde,Línea,8
"MULTILINESTRING Z ((444082.4179 4478488.8254 0,444092.4179 4478496.4087 0))",2743216,Verde,Línea,2
"MULTILINESTRING Z ((444095.0012 4478498.4087 0,444100.0845 4478502.3254 0))",2743217,Verde,Línea,1
"MULTILINESTRING Z ((444065.7512 4478476.8254 0,444071.5845 4478481.0754 0))",2743218,Verde,Línea,1
"MULTILINESTRING Z ((444073.5012 4478482.492 0,444078.0012 4478485.742 0))",2743219,Verde,Línea,1
"MULTILINESTRING Z ((443853.2512 4479074.742 0,443844.2512 4479064.1587 0))",2743224,Verde,Línea,2
"MULTILINESTRING Z ((440495.7512 4479467.242 0,440496.0845 4479472.3254 0))",2743234,Verde,Línea,1
"MULTILINESTRING Z ((440496.4179 4479476.6587 0,440498.5012 4479513.8254 0))",2743237,Verde,Línea,8
"MULTILINESTRING Z ((443826.3345 4479052.992 0,443806.7512 4479029.9087 0))",2743242,Verde,Línea,6
"MULTILINESTRING Z ((443805.5012 4479028.4087 0,443786.5012 4479006.5754 0))",2743244,Verde,Línea,6
"MULTILINESTRING Z ((443785.2512 4479005.0754 0,443766.0845 4478983.0754 0))",2743247,Verde,Línea,6
"MULTILINESTRING Z ((443764.5845 4478981.4087 0,443745.5845 4478958.742 0))",2743248,Verde,Línea,6
"MULTILINESTRING Z ((443733.3345 4478943.492 0,443733.5845 4478944.242 0,443734.5012 4478945.742 0,443743.7512 4478956.492 0))",2743252,Verde,Línea,3
"MULTILINESTRING Z ((443733.0012 4478940.9087 0,443733.0012 4478939.992 0,443733.4179 4478938.242 0,443733.8345 4478937.242 0,443734.9179 4478935.0754 0))",2743253,Verde,Línea,1
"MULTILINESTRING Z ((442130.9057 4472073.8261 0,442142.2807 4472059.9511 0))",2743262,Verde,Línea,4
"MULTILINESTRING Z ((443812.3345 4478833.242 0,443811.2512 4478836.6587 0,443809.7512 4478839.9087 0,443806.9179 4478843.9087 0,443804.5012 4478846.992 0,443797.5845 4478853.8254 0,443791.3345 4478859.242 0))",2743272,Verde,Línea,7
"MULTILINESTRING Z ((443789.3345 4478860.9087 0,443781.8345 4478867.4087 0,443773.1679 4478875.1587 0,443764.7512 4478882.3254 0))",2743273,Verde,Línea,6
"MULTILINESTRING Z ((443763.0012 4478883.9087 0,443758.5845 4478888.0754 0,443756.7512 4478891.3254 0,443746.4179 4478912.3254 0))",2743274,Verde,Línea,6
"MULTILINESTRING Z ((443745.4179 4478914.242 0,443737.1679 4478930.5754 0))",2743275,Verde,Línea,3
"MULTILINESTRING Z ((439220.3809 4470953.919 0,439231.6412 4470967.8653 0))",2743278,Verde,Batería,6
"MULTILINESTRING Z ((439411.0834 4471189.2152 0,439418.0393 4471196.9976 0,439427.4057 4471206.7083 0,439437.3919 4471216.8323 0))",2743279,Verde,Batería,13
"MULTILINESTRING Z ((439516.6619 4471279.8488 0,439573.9966 4471312.8033 0))",2743280,Verde,Línea,13
"MULTILINESTRING Z ((439286.9057 4471036.4927 0,439239.3223 4470977.4094 0))",2743281,Verde,Batería,27
"MULTILINESTRING Z ((439325.8223 4471084.5761 0,439379.0723 4471150.6594 0))",2743282,Verde,Batería,25
"MULTILINESTRING Z ((439417.304 4471411.3647 0,439481.6835 4471418.5651 0))",2743283,Verde,Línea,13
"MULTILINESTRING Z ((439419.6557 4471408.3261 0,439482.0307 4471415.0761 0))",2743284,Verde,Línea,13
"MULTILINESTRING Z ((439311.9461 4471399.7171 0,439396.3383 4471409.0352 0))",2743285,Verde,Línea,17
"MULTILINESTRING Z ((439311.9057 4471395.8261 0,439413.0307 4471407.3261 0))",2743286,Verde,Línea,20
"MULTILINESTRING Z ((439287.5125 4471838.5877 0,439276.2618 4471800.8978 0,439272.6991 4471787.9595 0,439271.7616 4471781.3966 0,439273.2617 4471765.8332 0))",2743287,Verde,Línea,15
"MULTILINESTRING Z ((439162.739 4471000.6594 0,439170.239 4471028.8261 0))",2743288,Verde,Línea,7
"MULTILINESTRING Z ((439301.6557 4471602.4511 0,439303.1557 4471564.0761 0,439303.0307 4471551.5761 0,439302.6557 4471547.0761 0,439299.2807 4471524.5761 0))",2743289,Verde,Línea,16
"MULTILINESTRING Z ((439471.1557 4472026.9511 0,439505.4057 4472005.2011 0))",2743290,Azul,Línea,8
"MULTILINESTRING Z ((439500.4559 4471994.048 0,439542.8072 4471967.4337 0))",2743291,Verde,Línea,10
"MULTILINESTRING Z ((445236.0845 4476040.6587 0,445224.5012 4476060.1587 0))",2743297,Verde,Línea,4
"MULTILINESTRING Z ((439801.8345 4478200.9087 0,439783.0012 4478208.1587 0))",2743340,Verde,Línea,4
"MULTILINESTRING Z ((439772.0012 4478209.5754 0,439781.7512 4478206.6587 0))",2743341,Verde,Línea,2
"MULTILINESTRING Z ((440729.3345 4481605.242 0,440735.5845 4481608.3254 0))",2743342,Verde,Línea,1
"MULTILINESTRING Z ((442005.8345 4472221.9087 0,442025.9179 4472198.492 0))",2743364,Verde,Línea,8
"MULTILINESTRING Z ((442518.3345 4474720.3254 0,442517.0012 4474705.992 0))",2743392,Verde,Línea,3
"MULTILINESTRING Z ((441559.7462 4476730.8131 0,441564.0483 4476730.1107 0,441575.4618 4476729.4961 0,441580.2906 4476729.4961 0,441588.0166 4476729.8473 0,441594.1624 4476730.7253 0,441606.8929 4476733.6225 0))",2743405,Verde,Batería,18
"MULTILINESTRING Z ((440395.4179 4481874.8254 0,440425.5845 4481889.492 0))",2743409,Azul,Batería,13
"MULTILINESTRING Z ((439864.8623 4478803.2698 0,439867.2512 4478811.0476 0))",2743415,Verde,Línea,2
"MULTILINESTRING Z ((440037.6679 4470678.9087 0,440048.5845 4470680.492 0))",2743422,Verde,Línea,2
"MULTILINESTRING Z ((438959.9109 4473179.9632 0,438946.3343 4473276.166 0))",2743423,Verde,Línea,20
"MULTILINESTRING Z ((440396.0012 4477434.992 0,440380.7512 4477436.1587 0))",2743424,Verde,Línea,3
"MULTILINESTRING Z ((443881.9179 4478792.3254 0,443901.4179 4478814.9087 0))",2743430,Verde,Batería,11
"MULTILINESTRING Z ((443906.0012 4478820.242 0,443914.5845 4478830.1587 0))",2743431,Verde,Batería,4
"MULTILINESTRING Z ((443920.1679 4478836.492 0,443936.6679 4478854.992 0))",2743442,Verde,Batería,9
"MULTILINESTRING Z ((443962.8345 4478884.992 0,443941.2512 4478860.242 0))",2743444,Verde,Batería,12
"MULTILINESTRING Z ((441335.1679 4478898.8254 0,441334.6679 4478893.5754 0))",2743456,Verde,Batería,2
"MULTILINESTRING Z ((441134.0012 4481761.5754 0,441110.1679 4481770.0754 0))",2743479,Verde,Línea,5
"MULTILINESTRING Z ((443972.1679 4478895.492 0,444006.2512 4478933.4087 0))",2743480,Verde,Batería,19
"MULTILINESTRING Z ((440040.7512 4471395.6587 0,440061.7512 4471387.1587 0))",2743483,Verde,Línea,5
"MULTILINESTRING Z ((440070.4179 4471383.5754 0,440088.0012 4471376.4087 0))",2743484,Verde,Línea,4
"MULTILINESTRING Z ((443852.6679 4478813.3254 0,443835.5012 4478828.6587 0))",2743488,Verde,Línea,4
"MULTILINESTRING Z ((443833.1679 4478821.492 0,443828.5845 4478825.742 0))",2743489,Azul,Línea,1
"MULTILINESTRING Z ((438611.1589 4475541.0442 0,438649.57 4475490.454 0))",2743501,Naranja,Batería,14
"MULTILINESTRING Z ((438804.7134 4475201.3403 0,438728.4533 4475320.321 0,438705.7814 4475355.9215 0,438679.362 4475399.2042 0,438676.3641 4475403.5138 0,438674.4904 4475408.9475 0,438673.7409 4475413.6318 0,438674.8651 4475421.8761 0,438675.802 4475426.5604 0,438684.9832 4475445.1102 0))",2743502,Naranja,Línea,57
"MULTILINESTRING Z ((443921.8345 4478586.1587 0,443910.1679 4478573.992 0))",2743505,Verde,Línea,3
"MULTILINESTRING Z ((439318.0012 4473938.4087 0,439329.5845 4473938.3254 0))",2743508,Verde,Línea,2
"MULTILINESTRING Z ((443903.1679 4478566.5754 0,443907.5012 4478571.1587 0))",2743509,Verde,Línea,1
"MULTILINESTRING Z ((439416.5845 4473937.1587 0,439348.9179 4473937.5754 0))",2743519,Verde,Línea,13
"MULTILINESTRING Z ((439141.5012 4475496.6587 0,439135.4179 4475493.1587 0))",2743549,Verde,Línea,1
"MULTILINESTRING Z ((441180.5619 4478481.9502 0,441179.0914 4478461.9666 0))",2743551,Verde,Batería,8
"MULTILINESTRING Z ((441038.7759 4478533.8624 0,441042.208 4478576.8007 0))",2743552,Verde,Línea,9
"MULTILINESTRING Z ((441071.8994 4478497.8994 0,441058.4179 4478499.0105 0,441057.3068 4478499.1587 0,441050.4179 4478499.6772 0,441050.3068 4478499.7513 0,441049.4919 4478499.7883 0))",2743553,Verde,Batería,9
"MULTILINESTRING Z ((440983.7512 4478640.1217 0,440981.4549 4478610.8624 0))",2743582,Verde,Batería,12
"MULTILINESTRING Z ((443868.3345 4478530.1587 0,443892.9179 4478555.9087 0))",2743583,Verde,Línea,7
"MULTILINESTRING Z ((440997.1401 4478621.7142 0,440994.5845 4478590.992 0))",2743584,Verde,Batería,13
"MULTILINESTRING Z ((443899.9179 4478563.242 0,443895.0012 4478558.0754 0))",2743585,Verde,Línea,1
"MULTILINESTRING Z ((440981.2533 4478608.3809 0,440978.85 4478578.9324 0))",2743586,Verde,Batería,13
"MULTILINESTRING Z ((440978.6771 4478576.5784 0,440976.1339 4478544.2575 0))",2743587,Verde,Batería,13
"MULTILINESTRING Z ((440989.566 4478527.9735 0,440991.8253 4478557.455 0))",2743588,Verde,Batería,12
"MULTILINESTRING Z ((440992.1216 4478559.9735 0,440994.4179 4478588.9735 0))",2743589,Verde,Batería,12
"MULTILINESTRING Z ((440983.5249 4478458.7074 0,440983.6346 4478460.1559 0))",2743590,Verde,Batería,1
"MULTILINESTRING Z ((443848.0845 4478506.242 0,443859.0845 4478520.9087 0,443862.3345 4478523.992 0))",2743591,Verde,Línea,4
"MULTILINESTRING Z ((443845.1679 4478502.3254 0,443827.3345 4478478.742 0))",2743592,Verde,Línea,6
"MULTILINESTRING Z ((443806.1679 4478450.1587 0,443825.0845 4478475.742 0))",2743593,Verde,Línea,6
"MULTILINESTRING Z ((443842.6679 4478515.3254 0,443828.3345 4478496.242 0))",2743604,Verde,Línea,5
"MULTILINESTRING Z ((443822.0012 4478487.742 0,443825.7512 4478492.9087 0))",2743609,Verde,Línea,1
"MULTILINESTRING Z ((443853.8345 4478528.9087 0,443871.5012 4478547.742 0))",2743622,Verde,Línea,5
"MULTILINESTRING Z ((443883.6679 4478560.3254 0,443873.5012 4478549.8254 0))",2743623,Verde,Línea,3
"MULTILINESTRING Z ((443883.0012 4478562.5754 0,443891.1679 4478571.1587 0))",2743625,Verde,Línea,2
"MULTILINESTRING Z ((443881.8345 4478575.242 0,443837.7512 4478574.4087 0,443832.9179 4478569.742 0))",2743627,Verde,Línea,11
"MULTILINESTRING Z ((443821.2512 4478558.4087 0,443830.5012 4478567.4087 0))",2743628,Verde,Línea,3
"MULTILINESTRING Z ((443996.1679 4478390.3254 0,443995.7512 4478391.6587 0,443995.5012 4478394.1587 0,443995.3345 4478399.9087 0,443995.4179 4478420.0754 0))",2743631,Verde,Línea,6
"MULTILINESTRING Z ((442762.3345 4474288.242 0,442761.8345 4474277.742 0))",2743633,Verde,Línea,2
"MULTILINESTRING Z ((442760.9179 4474269.3254 0,442760.7512 4474263.9087 0))",2743634,Verde,Línea,1
"MULTILINESTRING Z ((443977.6679 4478421.242 0,443977.3345 4478445.5754 0))",2743635,Verde,Línea,5
"MULTILINESTRING Z ((443859.0845 4478412.4087 0,443870.2512 4478416.242 0,443881.3345 4478420.242 0))",2743636,Verde,Línea,5
"MULTILINESTRING Z ((443940.2512 4478458.4087 0,443938.3345 4478458.492 0,443935.4179 4478457.9087 0,443933.1679 4478456.6587 0,443922.6679 4478448.9087 0,443906.7512 4478435.8254 0,443898.5012 4478429.492 0,443889.5012 4478423.992 0,443886.6679 4478422.6587 0))",2743637,Verde,Línea,13
"MULTILINESTRING Z ((440431.6771 4478322.6402 0,440446.4919 4478321.0476 0))",2743640,Verde,Línea,3
"MULTILINESTRING Z ((440477.529 4478317.7142 0,440487.529 4478316.6402 0))",2743651,Verde,Línea,2
"MULTILINESTRING Z ((440505.1216 4478314.776 0,440490.208 4478316.3809 0))",2743653,Verde,Línea,3
"MULTILINESTRING Z ((440414.5537 4478247.5908 0,440401.2512 4478248.9087 0))",2743654,Verde,Línea,2
"MULTILINESTRING Z ((440515.566 4478239.0846 0,440528.7142 4478237.7142 0))",2743656,Verde,Línea,2
"MULTILINESTRING Z ((440345.7512 4476035.0754 0,440361.3345 4476040.242 0))",2743657,Verde,Línea,3
"MULTILINESTRING Z ((440369.1679 4476042.5754 0,440362.3345 4476040.492 0))",2743658,Verde,Línea,2
"MULTILINESTRING Z ((440664.566 4478297.2328 0,440671.4179 4478296.3439 0))",2743659,Verde,Línea,1
"MULTILINESTRING Z ((440626.4549 4478301.7142 0,440634.9734 4478300.7883 0))",2743670,Verde,Línea,2
"MULTILINESTRING Z ((440647.1957 4478297.7142 0,440637.2697 4478298.7513 0))",2743671,Verde,Línea,2
"MULTILINESTRING Z ((440655.8565 4478269.9562 0,440658.8926 4478296.352 0))",2743674,Verde,Línea,6
"MULTILINESTRING Z ((440752.2821 4478302.8665 0,440752.5016 4478305.588 0))",2743675,Verde,Línea,1
"MULTILINESTRING Z ((440767.0475 4478385.4179 0,440767.7718 4478394.2081 0))",2743677,Verde,Línea,1
"MULTILINESTRING Z ((440772.0475 4478396.455 0,440856.8623 4478389.6031 0))",2743678,Verde,Batería,34
"MULTILINESTRING Z ((440914.5866 4478402.6854 0,440959.7059 4478399.1134 0))",2743682,Verde,Batería,18
"MULTILINESTRING Z ((440907.7882 4478424.0476 0,440907.1586 4478416.455 0))",2743683,Verde,Batería,3
"MULTILINESTRING Z ((440906.9487 4478414.1916 0,440906.7018 4478411.1299 0))",2743685,Verde,Batería,1
"MULTILINESTRING Z ((440981.6401 4478397.4673 0,441001.4426 4478395.9612 0))",2743686,Verde,Batería,8
"MULTILINESTRING Z ((441072.5784 4478399.9858 0,441073.6154 4478412.776 0))",2743687,Verde,Batería,4
"MULTILINESTRING Z ((441173.8459 4478342.241 0,441182.0434 4478341.4015 0,441182.7347 4478341.5167 0,441183.6895 4478341.8953 0,441184.8911 4478342.8007 0,441185.4508 4478343.706 0,441185.6977 4478344.2821 0,441185.7965 4478344.8747 0,441187.0475 4478361.6155 0))",2743695,Azul,Línea,6
"MULTILINESTRING Z ((441273.9282 4478410.6361 0,441273.6319 4478406.5867 0))",2743698,Verde,Batería,1
"MULTILINESTRING Z ((441298.5372 4478439.9035 0,441297.9282 4478433.2369 0))",2743700,Azul,Batería,2
"MULTILINESTRING Z ((441113.4179 4478267.8254 0,441146.1679 4478265.0754 0))",2743701,Verde,Línea,7
"MULTILINESTRING Z ((441187.9882 4478261.5675 0,441150.9179 4478264.6587 0))",2743702,Verde,Línea,8
"MULTILINESTRING Z ((440915.2512 4474346.492 0,440923.5845 4474346.5754 0))",2743741,Verde,Línea,1
"MULTILINESTRING Z ((440938.5429 4474346.9504 0,440924.0429 4474346.7004 0))",2743742,Verde,Línea,3
"MULTILINESTRING Z ((440508.8253 4478077.6402 0,440503.6401 4478057.492 0))",2743812,Verde,Batería,9
"MULTILINESTRING Z ((440546.3781 4477987.9365 0,440574.3177 4477986.7952 0))",2743813,Verde,Línea,6
"MULTILINESTRING Z ((440613.4426 4478071.3933 0,440631.0475 4478066.6772 0))",2743814,Verde,Batería,8
"MULTILINESTRING Z ((440678.0653 4478049.4234 0,440675.9035 4478044.8912 0))",2743817,Azul,Batería,2
"MULTILINESTRING Z ((440757.8345 4476189.0754 0,440762.0012 4476176.3254 0))",2743821,Azul,Línea,3
"MULTILINESTRING Z ((443491.1679 4474595.8254 0,443480.2512 4474568.992 0))",2743850,Verde,Línea,6
"MULTILINESTRING Z ((443418.566 4476690.455 0,443422.8994 4476676.0846 0))",2743851,Verde,Línea,3
"MULTILINESTRING Z ((443434.0599 4476639.4673 0,443425.2697 4476668.2575 0))",2743852,Verde,Línea,6
"MULTILINESTRING Z ((440711.566 4477055.6155 0,440712.1586 4477063.5908 0))",2743855,Verde,Línea,1
"MULTILINESTRING Z ((442422.4549 4478098.8994 0,442367.1586 4478099.6031 0))",2743856,Azul,Línea,10
"MULTILINESTRING Z ((442358.6401 4478096.8994 0,442366.5845 4478096.9087 0))",2743857,Azul,Línea,1
"MULTILINESTRING Z ((440661.0475 4478040.5538 0,440661.8623 4478044.9735 0,440665.8623 4478053.8624 0,440666.5043 4478055.097 0,440666.7512 4478055.8377 0,440666.8994 4478056.7019 0,440667.4179 4478062.0105 0))",2743858,Verde,Línea,4
"MULTILINESTRING Z ((440654.8623 4477961.492 0,440653.2327 4477941.0846 0))",2743859,Verde,Línea,4
"MULTILINESTRING Z ((440700.0022 4478206.3068 0,440696.0845 4478176.4961 0))",2743860,Verde,Línea,6
"MULTILINESTRING Z ((440695.3164 4478170.6745 0,440687.1627 4478114.7293 0))",2743866,Verde,Línea,13
"MULTILINESTRING Z ((443601.1679 4479406.4087 0,443596.4179 4479423.5754 0,443589.8345 4479449.992 0,443586.5845 4479465.4087 0))",2743872,Verde,Línea,12
"MULTILINESTRING Z ((440583.7636 4478374.9241 0,440580.5043 4478360.9488 0))",2743874,Verde,Línea,3
"MULTILINESTRING Z ((440580.0105 4478358.85 0,440578.7265 4478353.3439 0))",2743876,Verde,Línea,1
"MULTILINESTRING Z ((440578.208 4478351.1463 0,440575.9734 4478341.492 0))",2743877,Verde,Línea,2
"MULTILINESTRING Z ((440572.4179 4478324.492 0,440575.3438 4478337.8624 0))",2743878,Verde,Línea,3
"MULTILINESTRING Z ((441070.4796 4478098.9735 0,441071.1957 4478108.2821 0))",2743893,Azul,Línea,2
"MULTILINESTRING Z ((441111.3438 4478185.2369 0,441146.6031 4478182.3068 0))",2743898,Verde,Línea,7
"MULTILINESTRING Z ((441218.8335 4478176.2821 0,441212.1833 4478176.7924 0))",2743899,Verde,Línea,1
"MULTILINESTRING Z ((440975.2697 4478196.9241 0,440986.9734 4478195.9118 0))",2743911,Verde,Línea,2
"MULTILINESTRING Z ((440448.3479 4477871.3933 0,440443.7882 4477832.9982 0))",2743934,Verde,Batería,13
"MULTILINESTRING Z ((440451.0901 4477872.4548 0,440454.4186 4477900.8435 0))",2743935,Verde,Batería,11
"MULTILINESTRING Z ((440442.3356 4477745.0358 0,440429.7917 4477745.7992 0))",2743936,Verde,Batería,5
"MULTILINESTRING Z ((443640.7512 4476170.2328 0,443645.4549 4476145.6772 0))",2743951,Verde,Línea,5
"MULTILINESTRING Z ((442787.6566 4476606.0435 0,442791.2944 4476600.3644 0))",2743955,Verde,Línea,1
"MULTILINESTRING Z ((442779.3109 4476619.0805 0,442782.8994 4476613.4838 0))",2743956,Verde,Línea,1
"MULTILINESTRING Z ((440492.3863 4477839.2506 0,440481.0941 4477839.2177 0))",2743957,Verde,Batería,4
"MULTILINESTRING Z ((440505.3093 4477846.7003 0,440505.9458 4477851.7263 0))",2743958,Verde,Línea,1
"MULTILINESTRING Z ((440506.1806 4477853.5387 0,440506.8061 4477858.5757 0))",2743963,Verde,Línea,1
"MULTILINESTRING Z ((440507.687 4477865.5778 0,440507.0475 4477860.5181 0))",2743964,Verde,Línea,1
"MULTILINESTRING Z ((440508.6381 4477873.1327 0,440507.9803 4477867.8816 0))",2743965,Verde,Línea,1
"MULTILINESTRING Z ((440512.1504 4477901.0558 0,440511.5084 4477895.8871 0))",2743966,Verde,Línea,1
"MULTILINESTRING Z ((440510.4919 4477887.5661 0,440511.2327 4477893.4179 0))",2743967,Verde,Línea,1
"MULTILINESTRING Z ((440510.1092 4477884.7924 0,440508.924 4477875.3603 0))",2743968,Verde,Línea,2
"MULTILINESTRING Z ((440503.1792 4477812.2328 0,440503.7882 4477817.2863 0))",2743974,Verde,Línea,1
"MULTILINESTRING Z ((440504.0599 4477819.7389 0,440504.7018 4477824.9982 0))",2743975,Verde,Línea,1
"MULTILINESTRING Z ((440501.0969 4477811.1217 0,440499.7142 4477800.6772 0))",2743977,Verde,Línea,2
"MULTILINESTRING Z ((440498.2574 4477785.3686 0,440498.9734 4477792.1834 0))",2743978,Verde,Línea,1
"MULTILINESTRING Z ((440779.7389 4477948.8418 0,440778.5866 4477932.6607 0))",2743979,Verde,Batería,7
"MULTILINESTRING Z ((440774.6031 4477875.7883 0,440773.4179 4477858.9365 0))",2743981,Verde,Batería,9
"MULTILINESTRING Z ((440604.85 4477739.492 0,440609.1463 4477739.1463 0))",2743985,Verde,Batería,2
"MULTILINESTRING Z ((440611.6648 4477738.9488 0,440629.7882 4477737.5661 0))",2743986,Verde,Batería,8
"MULTILINESTRING Z ((440666.3561 4477733.7307 0,440672.9734 4477733.2698 0))",2743990,Verde,Batería,2
"MULTILINESTRING Z ((439726.4179 4470463.8254 0,439731.2512 4470445.3254 0))",2743993,Verde,Línea,4
"MULTILINESTRING Z ((440460.2435 4477805.4856 0,440476.1503 4477803.5875 0))",2743994,Verde,Línea,3
"MULTILINESTRING Z ((440611.1957 4477905.6813 0,440625.3356 4477904.1505 0))",2743996,Verde,Línea,3
"MULTILINESTRING Z ((440727.673 4477730.7842 0,440733.3356 4477730.4714 0))",2743997,Verde,Batería,2
"MULTILINESTRING Z ((440890.7512 4477749.0887 0,440889.8788 4477739.2286 0))",2743998,Verde,Línea,2
"MULTILINESTRING Z ((441045.5825 4477780.145 0,441043.4974 4477752.3919 0))",2744094,Azul,Línea,6
"MULTILINESTRING Z ((444068.3345 4476119.6587 0,444113.5845 4476111.6587 0))",2744098,Verde,Línea,9
"MULTILINESTRING Z ((442778.6679 4476636.9087 0,442773.2512 4476645.4087 0))",2744101,Verde,Batería,4
"MULTILINESTRING Z ((440889.4426 4477703.9365 0,440887.5166 4477682.3315 0))",2744102,Verde,Línea,5
"MULTILINESTRING Z ((444063.0845 4476122.4087 0,444113.9179 4476113.492 0))",2744105,Verde,Línea,11
"MULTILINESTRING Z ((441012.0845 4477680.8254 0,441013.0475 4477693.8624 0))",2744107,Verde,Línea,2
"MULTILINESTRING Z ((444151.6679 4476055.1587 0,444136.4179 4476057.9087 0))",2744108,Verde,Línea,4
"MULTILINESTRING Z ((444134.0845 4476036.4087 0,444136.1679 4476048.5754 0))",2744109,Verde,Línea,3
"MULTILINESTRING Z ((444229.0845 4476071.742 0,444214.2512 4476058.1587 0))",2744113,Verde,Línea,5
"MULTILINESTRING Z ((444207.5845 4476051.9087 0,444212.5012 4476056.5754 0))",2744114,Verde,Línea,2
"MULTILINESTRING Z ((444078.6679 4475890.0754 0,444099.0012 4475914.0754 0))",2744118,Verde,Línea,6
"MULTILINESTRING Z ((444207.9179 4475932.4087 0,444196.3345 4475998.1587 0))",2744124,Verde,Batería,25
"MULTILINESTRING Z ((444207.5012 4475994.4087 0,444211.6679 4475970.5754 0))",2744142,Azul,Línea,5
"MULTILINESTRING Z ((444219.6679 4475925.242 0,444212.2512 4475967.0754 0))",2744143,Azul,Línea,9
"MULTILINESTRING Z ((444359.3345 4475927.3254 0,444375.0012 4475929.9087 0))",2744151,Azul,Línea,3
"MULTILINESTRING Z ((444258.0845 4476008.242 0,444257.2512 4476013.1587 0))",2744153,Verde,Línea,1
"MULTILINESTRING Z ((444268.1679 4476350.1587 0,444286.6679 4476346.9087 0))",2744165,Verde,Línea,3
"MULTILINESTRING Z ((444294.9179 4476302.242 0,444305.7512 4476300.4087 0))",2744171,Verde,Batería,4
"MULTILINESTRING Z ((444090.5845 4476239.1587 0,444135.3345 4476231.4087 0))",2744178,Verde,Batería,15
"MULTILINESTRING Z ((444135.6679 4476229.3254 0,444138.7512 4476228.742 0))",2744183,Verde,Batería,1
"MULTILINESTRING Z ((444127.0012 4476133.6587 0,444130.5845 4476153.742 0,444131.1679 4476155.492 0))",2744189,Verde,Línea,5
"MULTILINESTRING Z ((444042.2512 4476168.742 0,444047.5012 4476198.992 0))",2744201,Verde,Línea,7
"MULTILINESTRING Z ((439906.0845 4471774.8254 0,439908.6679 4471781.5754 0))",2744212,Verde,Batería,3
"MULTILINESTRING Z ((439928.4057 4471835.0761 0,439914.2807 4471796.9511 0))",2744213,Verde,Batería,14
"MULTILINESTRING Z ((444301.5845 4476204.8254 0,444273.1679 4476209.742 0))",2744269,Verde,Línea,6
"MULTILINESTRING Z ((444384.3276 4475847.4787 0,444377.9775 4475884.5049 0))",2744288,Verde,Línea,8
"MULTILINESTRING Z ((444105.5845 4476378.0754 0,444113.0012 4476376.992 0))",2744294,Verde,Batería,3
"MULTILINESTRING Z ((444115.1679 4476376.5754 0,444127.7512 4476374.4087 0))",2744295,Verde,Batería,5
"MULTILINESTRING Z ((444665.3345 4476401.992 0,444652.0012 4476423.3254 0))",2744302,Verde,Línea,5
"MULTILINESTRING Z ((444639.9179 4476469.8254 0,444664.4179 4476484.9087 0))",2744313,Verde,Línea,6
"MULTILINESTRING Z ((444696.8345 4476504.9087 0,444688.3345 4476499.6587 0))",2744314,Verde,Línea,2
"MULTILINESTRING Z ((444666.0012 4476485.8254 0,444687.0012 4476498.742 0))",2744315,Verde,Línea,5
"MULTILINESTRING Z ((444711.0012 4476513.992 0,444716.0012 4476516.992 0))",2744333,Verde,Línea,1
"MULTILINESTRING Z ((444718.0012 4476518.3254 0,444739.1679 4476531.6587 0))",2744334,Verde,Línea,6
"MULTILINESTRING Z ((444747.1679 4476536.8254 0,444763.7512 4476547.1587 0))",2744335,Verde,Línea,4
"MULTILINESTRING Z ((444766.0845 4476548.5754 0,444783.8345 4476559.492 0))",2744336,Verde,Línea,4
"MULTILINESTRING Z ((444632.7512 4476252.742 0,444639.2512 4476256.742 0))",2744340,Verde,Línea,2
"MULTILINESTRING Z ((444739.4179 4476434.3254 0,444773.2512 4476455.492 0))",2744349,Verde,Línea,8
"MULTILINESTRING Z ((444777.1679 4476457.9087 0,444823.5845 4476486.9087 0))",2744351,Verde,Línea,11
"MULTILINESTRING Z ((444490.4179 4476357.0754 0,444485.7512 4476364.742 0))",2744359,Verde,Línea,1
"MULTILINESTRING Z ((440596.0845 4470709.1587 0,440620.8345 4470701.3254 0))",2744376,Verde,Batería,10
"MULTILINESTRING Z ((440674.4057 4470710.3261 0,440649.9057 4470718.2427 0))",2744377,Verde,Batería,11
"MULTILINESTRING Z ((440667.4065 4470663.5334 0,440668.3564 4470666.8055 0))",2744378,Verde,Batería,1
"MULTILINESTRING Z ((444494.0012 4476378.5754 0,444512.7512 4476390.4087 0))",2744379,Verde,Línea,5
"MULTILINESTRING Z ((444515.0012 4476391.6587 0,444520.1679 4476394.992 0))",2744380,Verde,Línea,1
"MULTILINESTRING Z ((444535.4179 4476375.8254 0,444530.2512 4476384.1587 0))",2744384,Verde,Línea,2
"MULTILINESTRING Z ((444524.6679 4476393.1587 0,444529.2512 4476385.8254 0))",2744385,Verde,Línea,2
"MULTILINESTRING Z ((437978.0012 4473622.5754 0,437985.2512 4473607.992 0))",2744388,Verde,Línea,3
"MULTILINESTRING Z ((440153.5845 4476352.5754 0,440153.3345 4476347.242 0))",2744389,Verde,Batería,2
"MULTILINESTRING Z ((442330.5845 4475158.6587 0,442337.6679 4475158.242 0))",2744390,Azul,Línea,1
"MULTILINESTRING Z ((439724.0845 4470471.992 0,439726.0845 4470464.492 0))",2744391,Verde,Línea,1
"MULTILINESTRING Z ((444542.4179 4476379.492 0,444536.0012 4476390.1587 0))",2744392,Verde,Línea,3
"MULTILINESTRING Z ((444505.1679 4476333.492 0,444507.9179 4476329.0754 0))",2744393,Verde,Línea,1
"MULTILINESTRING Z ((444511.8345 4476322.8254 0,444509.0012 4476327.1587 0))",2744394,Verde,Línea,1
"MULTILINESTRING Z ((444549.0012 4476324.4087 0,444561.9179 4476332.4087 0))",2744400,Verde,Línea,3
"MULTILINESTRING Z ((444558.7512 4476338.6587 0,444553.5012 4476347.0754 0))",2744401,Verde,Línea,2
"MULTILINESTRING Z ((444546.6679 4476357.992 0,444552.1679 4476349.242 0))",2744402,Verde,Línea,2
"MULTILINESTRING Z ((444609.0012 4476361.742 0,444639.2512 4476380.5754 0))",2744405,Verde,Línea,8
"MULTILINESTRING Z ((444590.9179 4476438.9087 0,444607.1679 4476448.992 0))",2744414,Verde,Línea,4
"MULTILINESTRING Z ((444608.8345 4476450.0754 0,444616.8345 4476455.0754 0))",2744420,Verde,Línea,2
"MULTILINESTRING Z ((444583.0845 4476433.992 0,444562.1679 4476420.9087 0))",2744423,Verde,Línea,5
"MULTILINESTRING Z ((444560.9179 4476420.1587 0,444545.2512 4476410.4087 0))",2744426,Verde,Línea,4
"MULTILINESTRING Z ((444539.6679 4476406.992 0,444543.9179 4476409.5754 0))",2744427,Verde,Línea,1
"MULTILINESTRING Z ((444497.5845 4476330.242 0,444501.8345 4476323.992 0))",2744429,Verde,Línea,2
"MULTILINESTRING Z ((444467.3345 4476362.742 0,444444.6679 4476343.8254 0))",2744431,Verde,Línea,6
"MULTILINESTRING Z ((444419.7512 4476323.5754 0,444443.0012 4476342.3254 0))",2744432,Verde,Línea,6
"MULTILINESTRING Z ((444408.5012 4476313.992 0,444418.0845 4476322.242 0))",2744433,Verde,Línea,2
"MULTILINESTRING Z ((444522.0845 4476463.4087 0,444513.9179 4476465.742 0))",2744438,Verde,Línea,2
"MULTILINESTRING Z ((444537.0845 4476556.6587 0,444558.8345 4476550.5754 0))",2744442,Verde,Línea,5
"MULTILINESTRING Z ((444567.7512 4476525.8254 0,444574.3345 4476529.9087 0))",2744443,Verde,Línea,2
"MULTILINESTRING Z ((444567.0845 4476479.3254 0,444559.3345 4476474.742 0))",2744444,Verde,Línea,2
"MULTILINESTRING Z ((444580.3345 4476441.992 0,444612.6679 4476462.0754 0))",2744447,Verde,Línea,8
"MULTILINESTRING Z ((444548.6679 4476573.3254 0,444554.9179 4476563.3254 0))",2744448,Verde,Línea,3
"MULTILINESTRING Z ((444558.5845 4476572.9087 0,444565.8345 4476561.3254 0))",2744450,Verde,Línea,2
"MULTILINESTRING Z ((444652.9179 4476583.992 0,444645.6679 4476595.742 0))",2744451,Verde,Línea,3
"MULTILINESTRING Z ((444674.8345 4476537.492 0,444662.4179 4476529.742 0))",2744457,Verde,Línea,3
"MULTILINESTRING Z ((444659.4179 4476527.742 0,444612.2512 4476498.4087 0))",2744469,Verde,Línea,12
"MULTILINESTRING Z ((443672.0845 4476346.742 0,443671.9179 4476357.492 0))",2744508,Verde,Batería,4
"MULTILINESTRING Z ((443672.6679 4476310.992 0,443672.1679 4476342.0754 0))",2744509,Verde,Batería,12
"MULTILINESTRING Z ((444642.5012 4476641.742 0,444662.5012 4476654.1587 0))",2744510,Verde,Línea,4
"MULTILINESTRING Z ((444659.5845 4476588.0754 0,444652.3345 4476599.742 0))",2744529,Verde,Línea,3
"MULTILINESTRING Z ((444795.9179 4476659.242 0,444824.0012 4476676.5754 0))",2744530,Verde,Línea,8
"MULTILINESTRING Z ((439785.7512 4478501.1031 0,439802.4179 4478474.3809 0,439808.4179 4478464.5476 0))",2744550,Verde,Batería,16
"MULTILINESTRING Z ((444937.8345 4476811.3254 0,444913.5845 4476832.0754 0))",2744551,Verde,Línea,6
"MULTILINESTRING Z ((444970.8345 4476711.8254 0,444984.3345 4476720.242 0))",2744556,Verde,Batería,7
"MULTILINESTRING Z ((444840.4179 4476727.992 0,444851.3345 4476734.8254 0))",2744557,Verde,Línea,3
"MULTILINESTRING Z ((444880.5845 4476712.1587 0,444925.6679 4476740.5754 0))",2744562,Verde,Línea,11
"MULTILINESTRING Z ((444877.4179 4476673.992 0,444889.0012 4476681.1587 0))",2744567,Verde,Línea,2
"MULTILINESTRING Z ((444846.8345 4476551.742 0,444911.7512 4476592.6587 0))",2744582,Verde,Línea,15
"MULTILINESTRING Z ((444913.4179 4476590.992 0,444920.7512 4476595.5754 0))",2744586,Verde,Línea,2
"MULTILINESTRING Z ((442706.9179 4474968.3254 0,442727.2929 4474966.9504 0))",2744594,Verde,Línea,4
"MULTILINESTRING Z ((444871.8345 4476614.6587 0,444882.1679 4476620.992 0))",2744598,Verde,Línea,3
"MULTILINESTRING Z ((444883.1679 4476621.6587 0,444886.0845 4476623.492 0))",2744600,Verde,Línea,1
"MULTILINESTRING Z ((444864.0845 4476609.8254 0,444843.0845 4476596.742 0))",2744602,Verde,Línea,5
"MULTILINESTRING Z ((444814.0012 4476578.6587 0,444840.7512 4476595.3254 0))",2744603,Verde,Línea,6
"MULTILINESTRING Z ((444902.0845 4476633.6587 0,444907.2512 4476636.8254 0))",2744767,Verde,Línea,1
"MULTILINESTRING Z ((444909.8345 4476638.4087 0,444937.0012 4476655.492 0))",2744768,Verde,Línea,6
"MULTILINESTRING Z ((444980.5012 4476682.8254 0,444985.0845 4476685.6587 0))",2744769,Verde,Línea,1
"MULTILINESTRING Z ((444986.7512 4476686.742 0,445008.4179 4476700.1587 0))",2744770,Verde,Línea,6
"MULTILINESTRING Z ((445014.0845 4476703.742 0,445010.0845 4476701.3254 0))",2744771,Verde,Línea,1
"MULTILINESTRING Z ((445021.9179 4476708.492 0,445026.7512 4476711.492 0))",2744775,Verde,Línea,1
"MULTILINESTRING Z ((445032.8068 4476715.2698 0,445028.4179 4476712.5476 0))",2744776,Verde,Línea,1
"MULTILINESTRING Z ((444953.8068 4476629.6587 0,444974.529 4476642.7142 0))",2744782,Verde,Línea,5
"MULTILINESTRING Z ((445144.6679 4476572.8254 0,445139.5012 4476569.5754 0))",2744785,Azul,Línea,1
"MULTILINESTRING Z ((445030.9179 4476502.0754 0,445105.6679 4476548.7004 0,445134.2929 4476566.3254 0))",2744787,Azul,Línea,27
"MULTILINESTRING Z ((441138.7512 4475206.0754 0,441126.6679 4475162.3254 0))",2744801,Verde,Línea,9
"MULTILINESTRING Z ((437788.4179 4473854.9087 0,437803.5012 4473862.0754 0))",2744803,Verde,Línea,3
"MULTILINESTRING Z ((437819.6679 4473869.8254 0,437815.2512 4473867.9087 0))",2744804,Verde,Línea,1
"MULTILINESTRING Z ((440833.6679 4472159.242 0,440819.6679 4472185.9087 0))",2744805,Azul,Batería,11
"MULTILINESTRING Z ((443295.0845 4478972.0754 0,443288.0012 4478979.6587 0,443278.7512 4478988.1587 0))",2744806,Azul,Línea,4
"MULTILINESTRING Z ((443135.0845 4473350.492 0,443134.8345 4473345.992 0))",2744807,Azul,Línea,1
"MULTILINESTRING Z ((442556.5012 4472737.5754 0,442567.7512 4472754.4087 0))",2744809,Verde,Batería,8
"MULTILINESTRING Z ((442570.9179 4472766.8254 0,442564.8345 4472756.9087 0))",2744811,Verde,Línea,2
"MULTILINESTRING Z ((442574.1679 4472764.6587 0,442571.5012 4472759.8254 0))",2744812,Verde,Batería,2
"MULTILINESTRING Z ((444964.6679 4476460.3254 0,444976.3345 4476467.5754 0))",2744813,Azul,Línea,3
"MULTILINESTRING Z ((444907.5012 4476424.6587 0,444960.3345 4476457.5754 0))",2744814,Azul,Línea,13
"MULTILINESTRING Z ((439555.5121 4479930.7137 0,439564.2977 4479940.878 0))",2744817,Verde,Línea,2
"MULTILINESTRING Z ((439520.7413 4479881.9516 0,439523.1117 4479884.8975 0))",2744821,Verde,Línea,1
"MULTILINESTRING Z ((439498.132 4479846.9941 0,439500.8778 4479851.6229 0))",2744822,Verde,Línea,1
"MULTILINESTRING Z ((439472.0709 4479807.6153 0,439468.5958 4479799.9701 0))",2744823,Verde,Línea,1
"MULTILINESTRING Z ((439463.6389 4479789.0041 0,439461.5538 4479784.4608 0))",2744825,Verde,Línea,1
"MULTILINESTRING Z ((439478.5192 4479821.8725 0,439480.2929 4479825.8254 0))",2744827,Verde,Línea,1
"MULTILINESTRING Z ((439441.0001 4479732.3197 0,439435.7912 4479713.986 0))",2744828,Verde,Línea,3
"MULTILINESTRING Z ((439431.461 4479698.4732 0,439434.7266 4479709.8139 0))",2744829,Verde,Línea,2
"MULTILINESTRING Z ((439417.7973 4479646.0972 0,439422.0429 4479657.9504 0))",2744830,Verde,Línea,2
"MULTILINESTRING Z ((439488.1834 4479666.3538 0,439487.6279 4479656.9464 0))",2744832,Verde,Línea,2
"MULTILINESTRING Z ((439490.0421 4479681.6559 0,439494.6304 4479701.0012 0))",2744833,Verde,Línea,4
"MULTILINESTRING Z ((439500.5723 4479723.1872 0,439496.1279 4479706.1316 0))",2744834,Verde,Línea,3
"MULTILINESTRING Z ((439502.9817 4479750.5867 0,439507.064 4479762.5208 0))",2744835,Verde,Línea,2
"MULTILINESTRING Z ((439546.85 4479738.2081 0,439548.1586 4479743.0229 0))",2744841,Verde,Línea,1
"MULTILINESTRING Z ((439543.566 4479705.3439 0,439546.8623 4479719.4179 0))",2744842,Verde,Línea,2
"MULTILINESTRING Z ((439540.6649 4479679.4279 0,439541.1464 4479687.6501 0,439541.9242 4479695.6131 0,439542.4797 4479699.7983 0))",2744845,Verde,Línea,4
"MULTILINESTRING Z ((439572.0168 4479649.465 0,439574.4057 4479653.0205 0,439583.4057 4479663.7427 0))",2744847,Verde,Línea,3
"MULTILINESTRING Z ((439602.0599 4479686.0599 0,439613.7389 4479699.6402 0))",2744850,Verde,Línea,3
"MULTILINESTRING Z ((439640.9981 4479733.097 0,439647.1463 4479740.455 0))",2744852,Verde,Línea,1
"MULTILINESTRING Z ((439588.0105 4479808.0476 0,439566.566 4479845.6772 0))",2744855,Verde,Línea,8
"MULTILINESTRING Z ((439515.2946 4479738.2798 0,439540.5538 4479731.0205 0))",2744858,Verde,Línea,5
"MULTILINESTRING Z ((439518.2946 4479729.432 0,439538.9859 4479723.7036 0))",2744859,Verde,Línea,4
"MULTILINESTRING Z ((439582.7143 4479672.3785 0,439548.9365 4479673.3415 0))",2744861,Verde,Línea,6
"MULTILINESTRING Z ((439436.1053 4479669.7942 0,439454.6896 4479669.3333 0))",2744862,Verde,Línea,3
"MULTILINESTRING Z ((439349.9242 4479629.9835 0,439350.418 4479620.7983 0))",2744863,Verde,Línea,1
"MULTILINESTRING Z ((439348.7018 4479652.9735 0,439348.4302 4479657.9858 0))",2744866,Verde,Línea,1
"MULTILINESTRING Z ((439353.274 4479673.037 0,439361.1557 4479673.4511 0))",2744867,Verde,Línea,1
"MULTILINESTRING Z ((439375.5888 4479674.4856 0,439369.5919 4479674.1293 0))",2744868,Verde,Línea,1
"MULTILINESTRING Z ((439393.817 4479675.5543 0,439398.3295 4479675.9106 0))",2744869,Verde,Línea,1
"MULTILINESTRING Z ((439407.2359 4479676.2668 0,439414.5984 4479676.7418 0))",2744870,Verde,Línea,1
"MULTILINESTRING Z ((439358.702 4479740.3538 0,439348.0353 4479738.1316 0))",2744873,Verde,Batería,4
"MULTILINESTRING Z ((439367.06 4479742.3045 0,439369.5538 4479742.7983 0))",2744874,Verde,Batería,1
"MULTILINESTRING Z ((439373.1586 4479743.5291 0,439399.4179 4479749.0105 0))",2744875,Verde,Batería,11
"MULTILINESTRING Z ((439345.9612 4479750.9464 0,439368.2575 4479755.502 0))",2744876,Verde,Línea,4
"MULTILINESTRING Z ((439389.8995 4479760.0576 0,439370.9612 4479756.1316 0))",2744878,Verde,Línea,4
"MULTILINESTRING Z ((439325.2975 4479746.4501 0,439303.4721 4479741.8618 0))",2744879,Verde,Línea,4
"MULTILINESTRING Z ((439274.9503 4479735.9094 0,439301.426 4479741.4278 0))",2744881,Verde,Línea,5
"MULTILINESTRING Z ((439257.994 4479732.3809 0,439266.4055 4479734.0928 0))",2744882,Verde,Línea,1
"MULTILINESTRING Z ((439220.5537 4479724.7266 0,439241.3191 4479728.9488 0))",2744884,Verde,Línea,4
"MULTILINESTRING Z ((439244.4961 4479729.599 0,439253.4179 4479731.4426 0))",2744885,Verde,Línea,1
"MULTILINESTRING Z ((439224.1833 4479712.6525 0,439219.3191 4479711.6402 0))",2744886,Verde,Batería,2
"MULTILINESTRING Z ((439170.4921 4479695.9094 0,439182.5908 4479698.9711 0))",2744890,Verde,Batería,5
"MULTILINESTRING Z ((439206.3808 4479699.3686 0,439208.1833 4479690.8747 0))",2744892,Verde,Línea,1
"MULTILINESTRING Z ((439177.1957 4479683.6402 0,439190.2697 4479682.455 0))",2744894,Verde,Línea,2
"MULTILINESTRING Z ((439190.0475 4479659.0105 0,439190.8994 4479672.1587 0))",2744895,Verde,Línea,2
"MULTILINESTRING Z ((439209.0722 4479535.9612 0,439194.6524 4479537.097 0,439191.6401 4479536.7019 0))",2744903,Verde,Línea,3
"MULTILINESTRING Z ((439199.9734 4479511.3809 0,439216.7142 4479509.9735 0))",2744905,Verde,Línea,3
"MULTILINESTRING Z ((439161.5785 4479446.3045 0,439172.5415 4479445.539 0))",2744911,Verde,Línea,2
"MULTILINESTRING Z ((439156.1957 4479433.9735 0,439189.6031 4479431.7142 0))",2744913,Verde,Batería,14
"MULTILINESTRING Z ((439203.2697 4479430.8254 0,439193.8623 4479431.4426 0))",2744914,Verde,Batería,4
"MULTILINESTRING Z ((439186.6524 4479388.7266 0,439186.9734 4479394.2821 0))",2744917,Verde,Batería,2
"MULTILINESTRING Z ((439226.1586 4479394.0476 0,439192.6401 4479385.0105 0))",2744918,Verde,Batería,14
"MULTILINESTRING Z ((439232.6401 4479394.0476 0,439254.529 4479400.1957 0))",2744919,Verde,Línea,4
"MULTILINESTRING Z ((439209.0557 4479387.5579 0,439214.0599 4479388.9406 0))",2744920,Verde,Línea,1
"MULTILINESTRING Z ((439164.8994 4479380.7513 0,439156.2327 4479378.5291 0))",2744923,Verde,Batería,4
"MULTILINESTRING Z ((439150.1641 4479431.1738 0,439149.791 4479425.8075 0))",2744924,Verde,Línea,1
"MULTILINESTRING Z ((439147.3068 4479390.4365 0,439148.8623 4479413.3809 0))",2744925,Verde,Línea,4
"MULTILINESTRING Z ((439138.6771 4479432.0105 0,439137.6031 4479416.0105 0))",2744927,Verde,Línea,3
"MULTILINESTRING Z ((439143.566 4479510.1587 0,439144.2697 4479523.6031 0))",2744928,Azul,Línea,3
"MULTILINESTRING Z ((439145.1094 4479504.2139 0,439145.455 4479509.3004 0))",2744929,Azul,Línea,1
"MULTILINESTRING Z ((439141.8129 4479454.9982 0,439144.4302 4479493.9365 0))",2744930,Azul,Línea,8
"MULTILINESTRING Z ((439120.9118 4479529.2674 0,439127.9983 4479529.0946 0,439129.4057 4479529.1687 0,439132.097 4479529.6872 0,439133.5538 4479530.4279 0,439135.4304 4479531.218 0))",2744931,Verde,Línea,3
"MULTILINESTRING Z ((439151.9858 4479457.2204 0,439154.208 4479489.6649 0))",2744932,Verde,Línea,7
"MULTILINESTRING Z ((439157.1586 4479532.5291 0,439159.529 4479561.4179 0))",2744937,Verde,Línea,5
"MULTILINESTRING Z ((439150.924 4479582.3562 0,439151.3438 4479589.0723 0))",2744938,Verde,Línea,1
"MULTILINESTRING Z ((439154.2327 4479633.6031 0,439155.4179 4479652.2328 0))",2744941,Verde,Línea,3
"MULTILINESTRING Z ((439073.566 4479591.8994 0,439098.3438 4479591.1217 0))",2744945,Verde,Línea,5
"MULTILINESTRING Z ((439107.566 4479585.7883 0,439107.1957 4479573.6402 0))",2744948,Verde,Línea,2
"MULTILINESTRING Z ((439118.3068 4479548.8624 0,439118.7882 4479563.3439 0))",2744950,Verde,Batería,6
"MULTILINESTRING Z ((439106.0845 4479535.2142 0,439106.9179 4479562.992 0))",2744951,Verde,Línea,5
"MULTILINESTRING Z ((439061.9612 4479570.3538 0,439061.0168 4479542.465 0))",2744953,Verde,Línea,5
"MULTILINESTRING Z ((439060.0596 4479509.7325 0,439060.9302 4479537.4233 0))",2744955,Verde,Línea,5
"MULTILINESTRING Z ((439067.0046 4479509.4383 0,439067.6679 4479530.6587 0))",2744956,Verde,Línea,4
"MULTILINESTRING Z ((439058.2903 4479454.3288 0,439058.4878 4479460.3096 0))",2744957,Verde,Línea,1
"MULTILINESTRING Z ((439058.7229 4479467.7716 0,439059.4121 4479489.2044 0))",2744958,Verde,Línea,3
"MULTILINESTRING Z ((439065.2368 4479454.1203 0,439066.4 4479490.8062 0))",2744959,Verde,Línea,7
"MULTILINESTRING Z ((439079.4549 4479448.6772 0,439098.2697 4479448.1217 0))",2744963,Verde,Línea,3
"MULTILINESTRING Z ((439045.4057 4479451.1193 0,439052.2699 4479450.8971 0))",2744964,Verde,Batería,2
"MULTILINESTRING Z ((439034.7882 4479449.9735 0,439039.7142 4479449.7883 0))",2744965,Verde,Batería,2
"MULTILINESTRING Z ((439080.4549 4479399.6155 0,439080.8068 4479409.7698 0))",2744969,Verde,Línea,2
"MULTILINESTRING Z ((439079.2512 4479371.9365 0,439080.1957 4479394.9365 0))",2744970,Verde,Línea,5
"MULTILINESTRING Z ((439046.5168 4479430.2427 0,439045.9057 4479412.4094 0))",2744978,Verde,Línea,3
"MULTILINESTRING Z ((439032.208 4479368.1093 0,439032.0012 4479357.5754 0))",2744980,Verde,Batería,5
"MULTILINESTRING Z ((439013.5044 4479537.9341 0,439013.2822 4479530.9958 0))",2744986,Verde,Batería,3
"MULTILINESTRING Z ((439013.3556 4479529.2502 0,439013.1696 4479522.7398 0))",2744987,Verde,Batería,3
"MULTILINESTRING Z ((439013.1075 4479520.8796 0,439012.8595 4479513.8732 0))",2744989,Verde,Batería,3
"MULTILINESTRING Z ((439012.7355 4479512.0751 0,439012.6115 4479505.3166 0))",2744991,Verde,Batería,3
"MULTILINESTRING Z ((439029.0168 4479545.7427 0,439028.7946 4479539.465 0))",2744993,Verde,Batería,3
"MULTILINESTRING Z ((439011.9915 4479488.0795 0,439012.3015 4479494.9 0))",2744995,Verde,Batería,3
"MULTILINESTRING Z ((439011.9858 4479486.0599 0,439011.7389 4479479.9365 0))",2744996,Verde,Batería,3
"MULTILINESTRING Z ((439011.6815 4479477.9109 0,439011.6195 4479473.3226 0))",2744997,Verde,Batería,2
"MULTILINESTRING Z ((439028.8131 4479537.1316 0,439028.6279 4479530.6872 0))",2744998,Verde,Batería,3
"MULTILINESTRING Z ((439028.3808 4479523.6772 0,439028.529 4479528.3809 0))",2744999,Verde,Batería,2
"MULTILINESTRING Z ((439028.3316 4479521.3168 0,439028.1464 4479514.2427 0))",2745000,Verde,Batería,3
"MULTILINESTRING Z ((439027.8871 4479505.502 0,439028.0723 4479512.1316 0))",2745001,Verde,Batería,3
"MULTILINESTRING Z ((439027.6279 4479496.6501 0,439027.8131 4479503.1687 0))",2745002,Verde,Batería,3
"MULTILINESTRING Z ((439027.3686 4479488.2057 0,439027.5538 4479494.2057 0))",2745003,Verde,Batería,3
"MULTILINESTRING Z ((439027.1094 4479479.1316 0,439027.2946 4479485.7242 0))",2745004,Verde,Batería,3
"MULTILINESTRING Z ((439026.8871 4479472.6255 0,439027.0188 4479477.0534 0))",2745007,Verde,Batería,2
"MULTILINESTRING Z ((439869.2512 4470563.242 0,439873.2512 4470532.9087 0))",2745031,Verde,Línea,6
"MULTILINESTRING Z ((444415.7512 4476052.742 0,444444.5012 4476057.742 0))",2745046,Verde,Línea,5
"MULTILINESTRING Z ((444410.6679 4475991.492 0,444432.0845 4475995.1587 0))",2745047,Verde,Línea,4
"MULTILINESTRING Z ((444436.5845 4475995.9087 0,444487.0845 4476004.492 0))",2745049,Verde,Línea,11
"MULTILINESTRING Z ((444478.9179 4475948.242 0,444492.7512 4475950.6587 0))",2745050,Azul,Línea,3
"MULTILINESTRING Z ((444954.8345 4476155.0754 0,444971.6679 4476165.4087 0))",2745053,Verde,Línea,4
"MULTILINESTRING Z ((445018.3345 4476194.0754 0,444976.7512 4476168.492 0))",2745054,Verde,Línea,9
"MULTILINESTRING Z ((444945.2512 4476216.492 0,444961.7512 4476226.492 0))",2745083,Verde,Línea,4
"MULTILINESTRING Z ((444988.9179 4476242.992 0,444965.8345 4476228.9087 0))",2745084,Verde,Línea,5
"MULTILINESTRING Z ((444932.2512 4476263.492 0,444933.0012 4476258.4087 0))",2745085,Verde,Línea,1
"MULTILINESTRING Z ((439237.7142 4479406.6402 0,439214.4179 4479408.1957 0))",2745087,Verde,Batería,10
"MULTILINESTRING Z ((444940.1679 4476218.1587 0,444933.6679 4476255.1587 0))",2745088,Verde,Línea,8
"MULTILINESTRING Z ((439201.8129 4479400.134 0,439188.6031 4479400.9241 0))",2745093,Verde,Batería,5
"MULTILINESTRING Z ((439209.6154 4479399.6155 0,439203.4426 4479400.0352 0))",2745094,Verde,Línea,1
"MULTILINESTRING Z ((439227.1024 4479392.5236 0,439222.8445 4479391.3494 0))",2745097,Verde,Línea,1
"MULTILINESTRING Z ((439173.0722 4479377.7389 0,439184.8253 4479380.9488 0))",2745101,Verde,Línea,2
"MULTILINESTRING Z ((439155.1586 4479380.7513 0,439148.566 4479378.9735 0))",2745102,Verde,Batería,3
"MULTILINESTRING Z ((439192.566 4479443.7883 0,439238.6031 4479440.5291 0))",2745104,Verde,Línea,9
"MULTILINESTRING Z ((439206.0105 4479433.0723 0,439237.9858 4479430.8747 0))",2745105,Verde,Batería,11
"MULTILINESTRING Z ((439174.8225 4479450.1038 0,439176.2272 4479468.8693 0,439176.9515 4479471.481 0,439178.1147 4479473.3247 0,439179.6072 4479475.0037 0,439179.8376 4479475.1573 0))",2745106,Verde,Línea,5
"MULTILINESTRING Z ((439186.1216 4479478.7142 0,439202.6401 4479477.6031 0))",2745107,Verde,Batería,6
"MULTILINESTRING Z ((439211.2944 4479477.0476 0,439228.6278 4479475.8871 0))",2745108,Verde,Batería,7
"MULTILINESTRING Z ((440355.3345 4478621.9087 0,440385.0012 4478621.4087 0))",2745110,Verde,Línea,6
"MULTILINESTRING Z ((439189.1957 4479467.7513 0,439233.3068 4479464.6402 0))",2745111,Verde,Batería,16
"MULTILINESTRING Z ((439193.3356 4479500.3644 0,439237.352 4479497.1052 0))",2745114,Verde,Batería,15
"MULTILINESTRING Z ((439191.0228 4479504.3315 0,439187.887 4479504.5538 0,439186.85 4479504.85 0))",2745116,Verde,Línea,1
"MULTILINESTRING Z ((439182.6689 4479507.8706 0,439181.2039 4479509.7801 0,439180.5948 4479511.0147 0,439180.1998 4479512.7924 0,439180.2985 4479517.3192 0,439182.9981 4479552.5291 0,439182.9981 4479554.4221 0,439182.8664 4479555.1957 0,439181.8623 4479556.6278 0))",2745119,Verde,Línea,10
"MULTILINESTRING Z ((439167.7142 4479557.7883 0,439179.566 4479557.2204 0))",2745127,Verde,Batería,4
"MULTILINESTRING Z ((439189.7142 4479534.7513 0,439189.4919 4479534.2698 0,439188.4549 4479518.8624 0,439188.3068 4479516.9365 0,439188.1216 4479516.0476 0))",2745128,Verde,Línea,4
"MULTILINESTRING Z ((439172.0845 4479568.9735 0,439179.1216 4479568.492 0,439181.1586 4479568.492 0,439182.566 4479569.0846 0))",2745129,Verde,Batería,4
"MULTILINESTRING Z ((439191.2327 4479545.2698 0,439191.6771 4479544.8994 0,439192.3068 4479544.7142 0,439227.6771 4479541.9365 0))",2745131,Verde,Línea,7
"MULTILINESTRING Z ((439217.8129 4479532.2081 0,439232.1833 4479531.0476 0))",2745133,Verde,Batería,5
"MULTILINESTRING Z ((439192.1586 4479573.7883 0,439190.2327 4479547.1217 0))",2745134,Verde,Línea,5
"MULTILINESTRING Z ((439156.2327 4479518.9488 0,439154.4796 4479493.3192 0))",2745135,Verde,Línea,5
"MULTILINESTRING Z ((439061.5534 4479600.5769 0,439075.0012 4479602.3254 0))",2745136,Verde,Batería,5
"MULTILINESTRING Z ((439072.4357 4479585.6649 0,439071.887 4479567.8432 0))",2745138,Verde,Batería,8
"MULTILINESTRING Z ((439071.6566 4479560.2382 0,439070.9542 4479537.8075 0))",2745140,Verde,Batería,10
"MULTILINESTRING Z ((438994.566 4479439.492 0,438993.2697 4479389.9365 0,438993.0105 4479383.5291 0,438993.0475 4479382.6402 0,438993.1586 4479381.1587 0,438993.566 4479378.7142 0,438994.4179 4479375.6772 0,438995.0845 4479374.1217 0,438995.7512 4479373.2698 0,438997.1216 4479372.1957 0,438997.6771 4479371.8994 0,438998.7142 4479371.5291 0,438999.6031 4479371.3809 0,439000.8253 4479371.3809 0,439001.8994 4479371.5661 0,439002.9734 4479372.0105 0,439004.0105 4479372.6772 0,439004.8994 4479373.5291 0,439005.529 4479374.455 0,439005.9364 4479375.3439 0,439006.2697 4479376.6402 0,439007.1586 4479407.8994 0,439008.1586 4479438.6402 0))",2745151,Verde,Batería,54
"MULTILINESTRING Z ((439044.2217 4479449.6539 0,439042.1806 4479449.7197 0))",2745152,Verde,Batería,1
"MULTILINESTRING Z ((439071.1463 4479438.8747 0,439075.9364 4479438.6525 0))",2745153,Verde,Línea,1
"MULTILINESTRING Z ((439065.7389 4479439.0723 0,439046.2929 4479439.7004 0))",2745154,Verde,Línea,4
"MULTILINESTRING Z ((439101.9364 4479448.0105 0,439125.9734 4479447.3068 0))",2745155,Verde,Línea,5
"MULTILINESTRING Z ((439034.7512 4479378.7513 0,439036.2929 4479423.4504 0))",2745156,Verde,Batería,15
"MULTILINESTRING Z ((439046.5768 4479368.3497 0,439046.2512 4479357.6031 0))",2745157,Verde,Batería,5
"MULTILINESTRING Z ((439014.4302 4479565.6896 0,439013.9364 4479548.5784 0))",2745162,Verde,Batería,7
"MULTILINESTRING Z ((439029.4919 4479560.4056 0,439029.0969 4479548.2821 0))",2745163,Verde,Batería,5
"MULTILINESTRING Z ((439013.7882 4479546.1093 0,439013.6154 4479539.7142 0))",2745167,Verde,Batería,3
"MULTILINESTRING Z ((439012.4961 4479503.311 0,439012.315 4479496.7101 0))",2745168,Verde,Batería,3
"MULTILINESTRING Z ((439137.7142 4479390.6278 0,439139.3932 4479415.9612 0))",2745174,Verde,Línea,5
"MULTILINESTRING Z ((439111.5249 4479374.9159 0,439113.2697 4479423.4426 0))",2745175,Verde,Línea,10
"MULTILINESTRING Z ((439091.4096 4479361.6813 0,439089.9611 4479361.204 0))",2745179,Verde,Batería,1
"MULTILINESTRING Z ((439081.4179 4479428.8912 0,439080.9076 4479413.7472 0))",2745181,Verde,Línea,3
"MULTILINESTRING Z ((439160.0681 4479568.7924 0,439162.1586 4479601.3439 0))",2745182,Verde,Línea,7
"MULTILINESTRING Z ((439163.245 4479618.2575 0,439166.1092 4479662.5784 0))",2745183,Verde,Línea,9
"MULTILINESTRING Z ((439166.6524 4479670.669 0,439166.9487 4479674.7513 0))",2745185,Verde,Línea,1
"MULTILINESTRING Z ((439166.4055 4479692.2657 0,439166.3068 4479695.492 0,439166.3726 4479696.2163 0))",2745187,Verde,Línea,1
"MULTILINESTRING Z ((439149.245 4479556.2081 0,439150.4796 4479575.4179 0))",2745195,Verde,Línea,4
"MULTILINESTRING Z ((439151.6895 4479594.4303 0,439153.4673 4479621.8377 0))",2745198,Verde,Línea,5
"MULTILINESTRING Z ((439155.6511 4479655.8103 0,439156.8911 4479675.0805 0,439156.7882 4479679.6772 0))",2745201,Verde,Línea,5
"MULTILINESTRING Z ((439189.5166 4479649.8871 0,439184.3808 4479572.9735 0,439184.3068 4479572.0105 0,439183.7512 4479570.2698 0))",2745203,Verde,Línea,17
"MULTILINESTRING Z ((439197.3932 4479580.3315 0,439197.7142 4479585.2945 0))",2745204,Verde,Batería,2
"MULTILINESTRING Z ((439198.1339 4479591.5661 0,439201.0475 4479636.455 0))",2745205,Verde,Batería,19
"MULTILINESTRING Z ((439203.1792 4479668.0517 0,439201.529 4479643.2328 0))",2745206,Verde,Batería,12
"MULTILINESTRING Z ((439201.6867 4479703.7444 0,439187.4755 4479700.1669 0))",2745207,Verde,Batería,5
"MULTILINESTRING Z ((439335.3191 4479721.3933 0,439338.7759 4479699.9365 0))",2745208,Verde,Línea,4
"MULTILINESTRING Z ((439269.769 4479722.1367 0,439250.3561 4479718.0435 0))",2745209,Verde,Batería,9
"MULTILINESTRING Z ((439277.9858 4479723.6649 0,439295.7142 4479727.3933 0))",2745210,Verde,Batería,8
"MULTILINESTRING Z ((439304.1957 4479728.9735 0,439320.8253 4479732.6031 0))",2745211,Verde,Batería,7
"MULTILINESTRING Z ((439343.8047 4479722.4879 0,439347.278 4479700.5784 0))",2745212,Verde,Línea,5
"MULTILINESTRING Z ((439349.6483 4479635.311 0,439349.1463 4479644.5784 0))",2745214,Verde,Línea,1
"MULTILINESTRING Z ((439412.2492 4479630.7677 0,439415.3767 4479639.1299 0))",2745216,Verde,Línea,1
"MULTILINESTRING Z ((439464.1092 4479755.5908 0,439486.7759 4479748.1093 0))",2745221,Verde,Línea,4
"MULTILINESTRING Z ((439503.0779 4479855.3827 0,439505.1679 4479858.8254 0))",2745224,Verde,Línea,1
"MULTILINESTRING Z ((439324.1679 4471491.6587 0,439307.9179 4471489.9087 0))",2745225,Verde,Línea,3
"MULTILINESTRING Z ((439332.1706 4471492.5803 0,439375.7962 4471497.3452 0))",2745229,Verde,Línea,11
"MULTILINESTRING Z ((439511.673 4479776.0023 0,439512.9076 4479779.5579 0,439518.9487 4479792.9077 0,439525.2039 4479805.3192 0))",2745231,Verde,Línea,6
"MULTILINESTRING Z ((441580.4179 4476414.3254 0,441588.3345 4476418.5754 0))",2745232,Verde,Línea,2
"MULTILINESTRING Z ((439528.5454 4479811.2451 0,439532.9789 4479818.3233 0,439540.0352 4479828.7046 0,439551.5797 4479844.4961 0))",2745233,Verde,Línea,8
"MULTILINESTRING Z ((441672.0845 4478018.9087 0,441671.4179 4478012.5754 0))",2745234,Verde,Línea,1
"MULTILINESTRING Z ((439652.8006 4479747.2451 0,439669.8623 4479767.4179 0))",2745235,Verde,Línea,5
"MULTILINESTRING Z ((439620.6278 4479714.5291 0,439622.7759 4479713.9365 0,439623.5413 4479713.8377 0,439624.529 4479713.9365 0,439625.3932 4479714.2081 0,439625.9364 4479714.4797 0,439626.8006 4479715.1463 0,439631.1957 4479720.6772 0))",2745239,Verde,Línea,2
"MULTILINESTRING Z ((439594.6771 4479796.6031 0,439596.4302 4479793.9612 0,439597.3932 4479792.1587 0,439630.3561 4479735.9858 0))",2745240,Verde,Línea,15
"MULTILINESTRING Z ((439568.3561 4479855.5414 0,439568.9487 4479856.3562 0,439571.1463 4479858.455 0,439573.566 4479860.6772 0,439580.3561 4479866.5784 0,439586.9981 4479871.6155 0))",2745254,Verde,Línea,5
"MULTILINESTRING Z ((442967.3345 4476971.742 0,442978.7512 4476982.992 0))",2745256,Verde,Línea,3
"MULTILINESTRING Z ((439558.7759 4479731.6155 0,439616.7512 4479715.5908 0))",2745258,Verde,Línea,12
"MULTILINESTRING Z ((439508.7882 4479732.0105 0,439505.3068 4479732.9735 0))",2745260,Verde,Línea,1
"MULTILINESTRING Z ((439529.8253 4479673.455 0,439493.1679 4479674.4504 0))",2745263,Verde,Línea,7
"MULTILINESTRING Z ((441664.9179 4477998.5754 0,441676.3345 4477997.742 0,441677.7512 4477997.242 0,441679.0845 4477996.3254 0,441697.4179 4477980.6587 0))",2745267,Verde,Línea,8
"MULTILINESTRING Z ((439562.2697 4479717.0476 0,439604.1586 4479705.455 0))",2745268,Verde,Línea,9
"MULTILINESTRING Z ((439587.6236 4479672.1834 0,439588.5948 4479672.1175 0,439589.78 4479672.2986 0,439590.9158 4479672.8089 0,439591.5578 4479673.3027 0,439592.0187 4479673.7801 0,439599.0475 4479682.5044 0))",2745274,Verde,Línea,3
"MULTILINESTRING Z ((442617.6679 4479645.992 0,442644.2512 4479649.492 0))",2745277,Verde,Línea,5
"MULTILINESTRING Z ((444379.8345 4476174.492 0,444385.0845 4476178.6587 0,444395.2512 4476185.742 0))",2745300,Verde,Línea,4
"MULTILINESTRING Z ((441146.6401 4479379.1217 0,441133.2697 4479362.3439 0))",2745302,Verde,Batería,9
"MULTILINESTRING Z ((441163.3068 4476871.0105 0,441126.2697 4476873.6772 0))",2745303,Verde,Batería,14
"MULTILINESTRING Z ((444904.8345 4474893.742 0,444908.4179 4474898.5754 0,444915.0845 4474909.0754 0,444924.4179 4474925.4087 0,444927.9179 4474932.242 0))",2745304,Verde,Batería,18
"MULTILINESTRING Z ((439436.4138 4477177.599 0,439434.9817 4477157.0393 0))",2745307,Verde,Batería,7
"MULTILINESTRING Z ((443046.1679 4476105.242 0,443036.4179 4476121.5754 0))",2745311,Verde,Línea,3
"MULTILINESTRING Z ((443043.9179 4476253.992 0,443012.3345 4476285.8254 0))",2745316,Verde,Línea,9
"MULTILINESTRING Z ((443120.2512 4475858.5754 0,443120.3345 4475864.4087 0))",2745323,Azul,Línea,1
"MULTILINESTRING Z ((441181.0475 4479399.3439 0,441183.6895 4479402.7266 0))",2745337,Verde,Línea,1
"MULTILINESTRING Z ((443345.9179 4479182.0754 0,443341.4179 4479226.9504 0))",2745340,Verde,Línea,9
"MULTILINESTRING Z ((441057.3795 4479267.9804 0,441091.8925 4479311.1299 0))",2745341,Azul,Batería,21
"MULTILINESTRING Z ((441260.1957 4479549.0476 0,441265.8623 4479535.0476 0))",2745344,Verde,Línea,3
"MULTILINESTRING Z ((441231.0229 4479484.6031 0,441264.6442 4479526.7184 0))",2745352,Verde,Batería,20
"MULTILINESTRING Z ((441322.5537 4479523.2286 0,441310.4549 4479524.1834 0))",2745360,Azul,Batería,4
"MULTILINESTRING Z ((441282.9734 4479526.3068 0,441299.2697 4479525.0476 0))",2745361,Azul,Batería,6
"MULTILINESTRING Z ((444397.4179 4476111.4087 0,444416.5845 4476114.742 0))",2745363,Verde,Línea,4
"MULTILINESTRING Z ((444422.4179 4476115.8254 0,444446.2512 4476119.8254 0))",2745366,Verde,Línea,5
"MULTILINESTRING Z ((439870.9179 4471621.3254 0,439897.2929 4471602.5754 0))",2745368,Verde,Línea,6
"MULTILINESTRING Z ((439895.1574 4471597.6403 0,439902.854 4471592.4857 0,439908.2205 4471588.1078 0,439908.9266 4471586.3425 0,439909.2797 4471584.436 0,439908.7854 4471582.3882 0,439905.1136 4471576.8099 0))",2745372,Verde,Línea,8
"MULTILINESTRING Z ((441109.4919 4479147.3933 0,441126.4796 4479143.0229 0))",2745375,Verde,Batería,7
"MULTILINESTRING Z ((441023.3808 4479169.5291 0,441054.2327 4479161.6031 0))",2745383,Verde,Batería,13
"MULTILINESTRING Z ((441144.1339 4479176.9735 0,441148.529 4479215.4673 0))",2745387,Verde,Batería,15
"MULTILINESTRING Z ((441152.0297 4479246.1093 0,441151.7443 4479243.4975 0))",2745388,Verde,Batería,1
"MULTILINESTRING Z ((444498.1679 4476015.492 0,444495.9179 4476029.3254 0))",2745392,Verde,Línea,3
"MULTILINESTRING Z ((441263.4096 4479138.9653 0,441300.9076 4479134.3233 0))",2745394,Azul,Batería,17
"MULTILINESTRING Z ((441309.887 4479133.2451 0,441326.7759 4479131.2698 0))",2745398,Azul,Batería,7
"MULTILINESTRING Z ((441215.7389 4479128.85 0,441218.8747 4479128.455 0))",2745399,Verde,Batería,1
"MULTILINESTRING Z ((444648.0845 4476039.6587 0,444657.7512 4476041.3254 0))",2745400,Verde,Línea,2
"MULTILINESTRING Z ((440766.5866 4478854.455 0,440761.9117 4478838.3727 0))",2745401,Verde,Línea,3
"MULTILINESTRING Z ((440693.245 4478810.6525 0,440696.4055 4478821.0229 0))",2745402,Verde,Línea,2
"MULTILINESTRING Z ((440806.1586 4478827.0805 0,440842.9323 4478827.4591 0))",2745405,Verde,Línea,8
"MULTILINESTRING Z ((444592.6679 4476022.9087 0,444599.2512 4476023.992 0))",2745406,Verde,Línea,2
"MULTILINESTRING Z ((440977.5989 4478919.4756 0,440980.7265 4478918.4714 0,440985.2203 4478917.5332 0,440987.7882 4478917.204 0,441060.4961 4478911.492 0))",2745407,Verde,Batería,34
"MULTILINESTRING Z ((441070.2697 4478943.0476 0,441072.3438 4478967.0846 0))",2745408,Verde,Línea,5
"MULTILINESTRING Z ((441068.9734 4478927.455 0,441069.3438 4478931.1957 0,441069.8253 4478937.5291 0))",2745409,Verde,Línea,2
"MULTILINESTRING Z ((440870.7512 4478838.2575 0,440894.0352 4478902.8007 0))",2745411,Verde,Línea,14
"MULTILINESTRING Z ((440906.2327 4478937.3068 0,440897.6401 4478913.0105 0))",2745412,Verde,Línea,5
"MULTILINESTRING Z ((439871.5845 4474382.9087 0,439880.5012 4474403.1587 0))",2745413,Verde,Línea,4
"MULTILINESTRING Z ((441019.3685 4479007.4673 0,441009.7882 4479011.6402 0))",2745417,Verde,Línea,2
"MULTILINESTRING Z ((441000.0352 4479015.9365 0,441004.9981 4479013.7389 0))",2745420,Verde,Línea,1
"MULTILINESTRING Z ((442567.4883 4475402.3661 0,442566.3519 4475386.9735 0))",2745430,Verde,Línea,3
"MULTILINESTRING Z ((442566.3519 4475386.3537 0,442565.9387 4475380.6718 0))",2745431,Verde,Línea,1
"MULTILINESTRING Z ((441034.2738 4479027.1463 0,441067.5084 4479013.0229 0))",2745434,Azul,Batería,13
"MULTILINESTRING Z ((441078.6031 4479008.3068 0,441088.3315 4479004.1834 0))",2745436,Azul,Batería,5
"MULTILINESTRING Z ((441091.1463 4479002.9817 0,441099.064 4478999.6237 0))",2745437,Azul,Batería,4
"MULTILINESTRING Z ((440922.3808 4478953.6402 0,440933.7142 4478949.4179 0))",2745442,Verde,Batería,5
"MULTILINESTRING Z ((440917.245 4478966.5291 0,440928.2327 4478997.0476 0))",2745445,Verde,Línea,7
"MULTILINESTRING Z ((441465.7142 4479067.3933 0,441464.8747 4479056.6525 0))",2745451,Verde,Línea,2
"MULTILINESTRING Z ((441461.6483 4479015.1957 0,441464.4467 4479051.1793 0))",2745457,Verde,Línea,7
"MULTILINESTRING Z ((440753.2039 4478769.5332 0,440753.6319 4478775.1793 0))",2745459,Verde,Línea,1
"MULTILINESTRING Z ((440756.7759 4478814.0846 0,440754.0105 4478780.0105 0))",2745460,Verde,Línea,7
"MULTILINESTRING Z ((441102.5043 4478764.0188 0,441103.9693 4478781.7965 0))",2745462,Azul,Batería,6
"MULTILINESTRING Z ((441098.6031 4478716.5661 0,441100.0105 4478733.3809 0))",2745463,Azul,Batería,6
"MULTILINESTRING Z ((440907.3685 4478781.6155 0,440907.8623 4478787.2204 0))",2745464,Verde,Batería,2
"MULTILINESTRING Z ((440856.2574 4478685.0229 0,440861.5413 4478701.7142 0))",2745466,Verde,Línea,3
"MULTILINESTRING Z ((441434.6195 4478785.7527 0,441418.6085 4478786.9708 0))",2745470,Verde,Batería,8
"MULTILINESTRING Z ((440904.6031 4479162.2698 0,440923.1679 4479155.6587 0))",2745473,Verde,Línea,4
"MULTILINESTRING Z ((437726.4179 4475636.8254 0,437694.7512 4475616.8254 0))",2745526,Verde,Línea,7
"MULTILINESTRING Z ((437687.1679 4475611.6587 0,437658.0012 4475593.0754 0))",2745527,Verde,Línea,7
"MULTILINESTRING Z ((439309.5845 4471064.4087 0,439308.0012 4471062.4087 0))",2745531,Verde,Batería,1
"MULTILINESTRING Z ((439252.4745 4471101.0609 0,439295.7252 4471089.9039 0))",2745534,Verde,Batería,13
"MULTILINESTRING Z ((438611.2929 4472717.7004 0,438549.5429 4472701.8254 0))",2745570,Verde,Batería,24
"MULTILINESTRING Z ((443505.4179 4478561.5754 0,443504.8345 4478569.992 0))",2745605,Verde,Línea,1
"MULTILINESTRING Z ((441919.7512 4481122.9087 0,441928.8345 4481121.0754 0))",2745610,Azul,Línea,1
"MULTILINESTRING Z ((441928.8345 4481118.742 0,441946.8345 4481114.992 0))",2745611,Azul,Línea,4
"MULTILINESTRING Z ((442838.6679 4481479.242 0,442840.0012 4481508.1587 0))",2745615,Verde,Línea,6
"MULTILINESTRING Z ((444502.0012 4476007.242 0,444515.6679 4476009.5754 0))",2745626,Verde,Línea,3
"MULTILINESTRING Z ((444538.8345 4475956.4087 0,444549.5845 4475958.1587 0))",2745628,Azul,Línea,2
"MULTILINESTRING Z ((444580.2512 4475963.5754 0,444555.0012 4475959.0754 0))",2745629,Azul,Línea,5
"MULTILINESTRING Z ((444344.0012 4475922.242 0,444351.3345 4475923.4087 0))",2745631,Azul,Línea,1
"MULTILINESTRING Z ((442467.0012 4473139.0754 0,442472.1679 4473136.492 0))",2745633,Verde,Línea,1
"MULTILINESTRING Z ((442759.0845 4472963.742 0,442788.7512 4472944.5754 0))",2745634,Azul,Línea,8
"MULTILINESTRING Z ((442744.0012 4472973.6587 0,442736.7512 4472978.4087 0))",2745635,Azul,Línea,2
"MULTILINESTRING Z ((442495.1679 4474542.3254 0,442425.3345 4474547.4087 0))",2745637,Verde,Batería,25
"MULTILINESTRING Z ((444623.0012 4475971.0754 0,444631.1679 4475972.6587 0))",2745640,Azul,Línea,2
"MULTILINESTRING Z ((444630.9179 4475974.8254 0,444641.1679 4475976.5754 0))",2745641,Azul,Línea,2
"MULTILINESTRING Z ((444563.0845 4476139.6587 0,444617.2512 4476148.992 0))",2745647,Verde,Línea,11
"MULTILINESTRING Z ((440368.9179 4476304.9087 0,440373.4179 4476285.1587 0))",2745648,Verde,Línea,4
"MULTILINESTRING Z ((437188.1679 4472974.242 0,437204.9179 4472973.1587 0))",2745654,Verde,Línea,3
"MULTILINESTRING Z ((437331.6679 4473090.4087 0,437336.6679 4473089.992 0))",2745664,Verde,Línea,1
"MULTILINESTRING Z ((444479.8345 4476123.242 0,444482.3345 4476108.492 0))",2745665,Verde,Línea,3
"MULTILINESTRING Z ((444485.9179 4476086.1587 0,444482.9179 4476104.0754 0))",2745666,Verde,Línea,3
"MULTILINESTRING Z ((437935.5845 4473759.4087 0,437945.1679 4473763.992 0))",2745671,Verde,Línea,2
"MULTILINESTRING Z ((437947.6679 4473765.4087 0,437956.6679 4473769.742 0))",2745673,Verde,Línea,2
"MULTILINESTRING Z ((444639.5012 4476162.6587 0,444635.4179 4476185.9087 0))",2745680,Verde,Línea,5
"MULTILINESTRING Z ((444632.3345 4476203.6587 0,444634.5845 4476190.8254 0))",2745682,Verde,Línea,3
"MULTILINESTRING Z ((439956.8345 4475620.992 0,439958.8345 4475637.492 0))",2745686,Verde,Línea,4
"MULTILINESTRING Z ((439968.6679 4475674.5754 0,439962.1679 4475626.3254 0))",2745687,Verde,Línea,9
"MULTILINESTRING Z ((439792.5651 4473504.51 0,439761.5463 4473521.0491 0))",2745727,Verde,Línea,8
"MULTILINESTRING Z ((440041.7512 4470649.492 0,440042.4179 4470644.242 0))",2745777,Verde,Línea,1
"MULTILINESTRING Z ((442711.1679 4472981.9504 0,442674.2929 4472925.2004 0))",2745797,Verde,Línea,18
"MULTILINESTRING Z ((442670.4179 4472917.8254 0,442662.4179 4472904.9504 0))",2745798,Verde,Línea,3
"MULTILINESTRING Z ((444745.0845 4475277.6587 0,444750.0012 4475281.9087 0))",2745861,Azul,Batería,2
"MULTILINESTRING Z ((444761.0012 4475292.742 0,444756.2512 4475288.242 0))",2745862,Azul,Línea,1
"MULTILINESTRING Z ((439633.6679 4479513.742 0,439635.5012 4479497.242 0))",2745894,Azul,Línea,3
"MULTILINESTRING Z ((442385.4179 4471532.5754 0,442337.6679 4471493.3254 0))",2745895,Verde,Línea,13
"MULTILINESTRING Z ((442324.5429 4471483.0754 0,442337.2929 4471492.9504 0))",2745897,Verde,Línea,3
"MULTILINESTRING Z ((442436.5429 4471576.4504 0,442417.0429 4471560.5754 0))",2745898,Verde,Línea,5
"MULTILINESTRING Z ((442416.5429 4471560.0754 0,442404.0429 4471549.8254 0))",2745899,Verde,Línea,3
"MULTILINESTRING Z ((444754.0845 4476244.3254 0,444660.2512 4476227.492 0))",2745903,Azul,Línea,20
"MULTILINESTRING Z ((444645.0012 4476224.742 0,444656.2512 4476226.742 0))",2745905,Azul,Línea,2
"MULTILINESTRING Z ((444657.9179 4476162.4087 0,444689.5012 4476168.0754 0))",2745926,Verde,Línea,7
"MULTILINESTRING Z ((439226.0012 4471238.242 0,439228.5012 4471247.6587 0))",2746077,Verde,Línea,2
"MULTILINESTRING Z ((439228.5845 4471248.0754 0,439230.8345 4471256.5754 0))",2746078,Verde,Línea,2
"MULTILINESTRING Z ((441374.3345 4476226.9087 0,441374.7512 4476249.4087 0))",2746081,Azul,Línea,4
"MULTILINESTRING Z ((441375.4179 4476321.5754 0,441375.3345 4476304.3254 0))",2746082,Azul,Línea,4
"MULTILINESTRING Z ((440975.0307 4471884.9511 0,440979.7807 4471875.2011 0))",2746083,Azul,Batería,4
"MULTILINESTRING Z ((444898.9179 4476144.8254 0,444914.3345 4476147.4087 0))",2746084,Verde,Línea,3
"MULTILINESTRING Z ((444917.5012 4476148.0754 0,444930.5845 4476150.3254 0))",2746085,Verde,Línea,2
"MULTILINESTRING Z ((444902.2512 4476207.0754 0,444925.6679 4476211.3254 0))",2746095,Verde,Línea,5
"MULTILINESTRING Z ((440609.0012 4472885.992 0,440618.9179 4472889.8254 0))",2746105,Verde,Línea,2
"MULTILINESTRING Z ((440637.8345 4472896.742 0,440632.7512 4472894.742 0))",2746106,Verde,Línea,1
"MULTILINESTRING Z ((440666.1679 4472907.4087 0,440677.5845 4472911.8254 0))",2746107,Verde,Línea,2
"MULTILINESTRING Z ((444912.3345 4476078.9087 0,444947.6679 4476085.242 0))",2746108,Verde,Línea,8
"MULTILINESTRING Z ((440700.2512 4472920.1587 0,440696.1679 4472918.5754 0))",2746109,Verde,Línea,1
"MULTILINESTRING Z ((440730.1679 4472854.992 0,440716.9179 4472850.1587 0))",2746111,Verde,Línea,3
"MULTILINESTRING Z ((440650.2512 4472820.4087 0,440644.4179 4472818.4087 0))",2746112,Verde,Línea,1
"MULTILINESTRING Z ((440632.0845 4472813.992 0,440643.8345 4472818.242 0))",2746113,Verde,Línea,2
"MULTILINESTRING Z ((444827.9179 4476124.4087 0,444885.5845 4476134.492 0,444934.5845 4476143.1587 0))",2746114,Verde,Línea,20
"MULTILINESTRING Z ((441530.6679 4472311.7004 0,441549.4179 4472310.3254 0))",2746116,Verde,Línea,3
"MULTILINESTRING Z ((444745.0012 4476049.1587 0,444736.8345 4476047.9087 0))",2746117,Verde,Línea,1
"MULTILINESTRING Z ((444821.4179 4476076.9087 0,444815.3345 4476113.4087 0))",2746120,Verde,Línea,7
"MULTILINESTRING Z ((445096.6679 4476172.6587 0,445163.7512 4476214.0754 0))",2746157,Verde,Línea,16
"MULTILINESTRING Z ((445166.5012 4476190.4087 0,445209.3345 4476216.9087 0))",2746178,Verde,Línea,10
"MULTILINESTRING Z ((444291.0845 4475372.9087 0,444294.0845 4475374.742 0,444301.0012 4475379.8254 0,444326.1679 4475398.6587 0))",2746186,Verde,Línea,8
"MULTILINESTRING Z ((444808.4179 4475609.3254 0,444822.5012 4475611.4087 0))",2746193,Verde,Línea,3
"MULTILINESTRING Z ((439152.2512 4473645.992 0,439163.0012 4473647.1587 0))",2746198,Verde,Batería,4
"MULTILINESTRING Z ((440989.9179 4477156.492 0,440991.5012 4477175.8254 0))",2746219,Verde,Línea,4
"MULTILINESTRING Z ((440989.0845 4477176.5754 0,440989.6679 4477184.3254 0))",2746221,Verde,Línea,2
"MULTILINESTRING Z ((441866.5845 4479473.6587 0,441875.9179 4479472.9087 0))",2746225,Verde,Línea,1
"MULTILINESTRING Z ((441882.6679 4479388.8254 0,441875.7512 4479389.492 0))",2746227,Verde,Línea,1
"MULTILINESTRING Z ((439601.2203 4477512.5126 0,439600.6442 4477504.2821 0))",2746240,Verde,Línea,1
"MULTILINESTRING Z ((439183.9529 4479449.3686 0,439185.4919 4479469.1217 0))",2746285,Verde,Línea,4
"MULTILINESTRING Z ((440739.2777 4479130.6881 0,440748.6523 4479125.3328 0))",2746462,Azul,Línea,2
"MULTILINESTRING Z ((443415.1679 4477803.3254 0,443409.0845 4477813.0754 0))",2746470,Verde,Línea,2
"MULTILINESTRING Z ((444570.5398 4477719.1797 0,444575.0332 4477721.6726 0))",2746665,Verde,Línea,1
"MULTILINESTRING Z ((444529.455 4478190.9205 0,444547.8401 4478202.6925 0))",2746671,Verde,Línea,4
"MULTILINESTRING Z ((442430.0845 4478238.6278 0,442425.7929 4478312.2004 0))",2746689,Verde,Batería,27
"MULTILINESTRING Z ((443269.1679 4473984.8254 0,443226.9179 4473987.2004 0))",2746706,Verde,Línea,8
"MULTILINESTRING Z ((443304.6679 4473981.5754 0,443277.5429 4473983.5754 0))",2746708,Verde,Línea,5
"MULTILINESTRING Z ((443333.2929 4473980.3254 0,443365.6679 4473978.0754 0,443369.2929 4473979.4504 0,443373.5429 4473982.3254 0,443377.1679 4473987.5754 0))",2746709,Verde,Línea,10
"MULTILINESTRING Z ((440816.0723 4472756.6594 0,440802.9057 4472758.5761 0))",2746724,Verde,Línea,3
"MULTILINESTRING Z ((445008.8345 4476255.242 0,445026.0012 4476265.9087 0))",2746820,Verde,Línea,4
"MULTILINESTRING Z ((445041.2512 4476275.492 0,445028.5012 4476267.5754 0))",2746822,Verde,Línea,3
"MULTILINESTRING Z ((442231.6679 4477244.6587 0,442225.4179 4477250.9087 0,442224.4179 4477252.0754 0))",2746832,Verde,Línea,2
"MULTILINESTRING Z ((445026.3345 4476317.492 0,445031.4179 4476309.242 0))",2746839,Verde,Línea,2
"MULTILINESTRING Z ((445045.3345 4476286.5754 0,445032.6679 4476307.1587 0))",2746841,Verde,Línea,5
"MULTILINESTRING Z ((445093.4179 4476307.242 0,445086.5012 4476302.992 0))",2746843,Verde,Línea,2
"MULTILINESTRING Z ((445065.9179 4476290.3254 0,445083.5845 4476301.1587 0))",2746855,Verde,Línea,4
"MULTILINESTRING Z ((445082.3345 4476350.6587 0,445105.7512 4476327.5754 0))",2746884,Verde,Línea,7
"MULTILINESTRING Z ((445111.5845 4476321.9087 0,445107.5845 4476325.742 0))",2746886,Verde,Línea,1
"MULTILINESTRING Z ((445281.7512 4476365.8254 0,445267.7512 4476389.242 0))",2746894,Verde,Batería,10
"MULTILINESTRING Z ((444455.2512 4478263.992 0,444428.3345 4478245.242 0))",2746904,Verde,Línea,6
"MULTILINESTRING Z ((439338.1548 4470806.2295 0,439312.436 4470806.8889 0))",2746937,Azul,Batería,7
"MULTILINESTRING Z ((440538.5429 4476643.2004 0,440538.4179 4476628.3254 0))",2746995,Verde,Batería,5
"MULTILINESTRING Z ((442987.1679 4475546.3254 0,442997.0012 4475545.5754 0))",2747039,Verde,Línea,2
"MULTILINESTRING Z ((442997.5012 4475543.1587 0,443011.8345 4475542.242 0))",2747040,Verde,Línea,3
"MULTILINESTRING Z ((442270.3345 4478458.742 0,442291.6679 4478464.8254 0))",2747041,Verde,Línea,4
"MULTILINESTRING Z ((439225.5012 4470738.1587 0,439225.0845 4470728.1587 0))",2747053,Verde,Línea,2
"MULTILINESTRING Z ((439199.5012 4470707.4087 0,439218.1679 4470713.492 0))",2747054,Verde,Batería,9
"MULTILINESTRING Z ((439183.6679 4470734.0754 0,439191.5429 4470710.0754 0))",2747055,Verde,Batería,12
"MULTILINESTRING Z ((439177.1679 4470732.2004 0,439186.0429 4470703.2004 0))",2747056,Verde,Batería,14
"MULTILINESTRING Z ((439228.7929 4470729.9504 0,439228.9179 4470692.3254 0,439229.4179 4470690.8254 0,439231.2929 4470682.9504 0))",2747057,Verde,Línea,11
"MULTILINESTRING Z ((439224.8345 4470701.992 0,439224.8345 4470691.8254 0,439226.8345 4470683.3254 0,439230.8345 4470671.6587 0,439234.0845 4470666.4087 0))",2747058,Verde,Línea,8
"MULTILINESTRING Z ((439233.1679 4470664.7004 0,439239.1679 4470648.7004 0))",2747059,Verde,Batería,7
"MULTILINESTRING Z ((439293.2929 4470737.5754 0,439292.2929 4470700.3254 0))",2747060,Verde,Batería,17
"MULTILINESTRING Z ((439298.6679 4470742.0754 0,439297.7929 4470707.5754 0))",2747061,Verde,Batería,16
"MULTILINESTRING Z ((439351.4179 4470739.7004 0,439350.9179 4470702.3254 0))",2747063,Verde,Batería,16
"MULTILINESTRING Z ((439358.2929 4470730.8254 0,439357.9179 4470698.8254 0))",2747064,Verde,Batería,13
"MULTILINESTRING Z ((439378.2929 4470729.8254 0,439377.4179 4470694.4504 0))",2747065,Verde,Línea,8
"MULTILINESTRING Z ((439385.6679 4470709.2004 0,439408.5429 4470723.2004 0))",2747066,Verde,Batería,13
"MULTILINESTRING Z ((439418.5429 4470720.5754 0,439384.5429 4470701.9504 0))",2747067,Verde,Batería,18
"MULTILINESTRING Z ((439375.4179 4470692.5754 0,439375.2929 4470687.4504 0))",2747068,Verde,Batería,2
"MULTILINESTRING Z ((439370.9179 4470654.5754 0,439333.5429 4470640.8254 0))",2747070,Verde,Batería,17
"MULTILINESTRING Z ((439375.0429 4470682.5754 0,439374.9179 4470663.3254 0))",2747071,Verde,Batería,11
"MULTILINESTRING Z ((439376.7929 4470646.3254 0,439378.5429 4470623.3254 0))",2747072,Verde,Batería,10
"MULTILINESTRING Z ((439257.4179 4470645.7004 0,439250.6679 4470638.7004 0))",2747074,Verde,Batería,4
"MULTILINESTRING Z ((439243.7929 4470633.2004 0,439241.0429 4470643.3254 0))",2747075,Verde,Línea,2
"MULTILINESTRING Z ((439502.0429 4469967.5754 0,439476.2929 4469972.9504 0))",2747076,Verde,Línea,6
"MULTILINESTRING Z ((439465.7929 4469975.3254 0,439447.4179 4469978.7004 0))",2747077,Verde,Línea,3
"MULTILINESTRING Z ((439245.5429 4470626.8254 0,439253.6679 4470610.8254 0,439256.0429 4470603.8254 0,439258.1679 4470593.5754 0))",2747078,Verde,Línea,8
"MULTILINESTRING Z ((439293.8 4470628.1085 0,439312.8002 4470610.4086 0))",2747079,Verde,Batería,13
"MULTILINESTRING Z ((439277.0999 4470635.4083 0,439306.106 4470608.6672 0))",2747080,Verde,Batería,18
"MULTILINESTRING Z ((439259.0429 4470581.7004 0,439262.9179 4470572.8254 0,439266.0429 4470568.0754 0,439272.0429 4470562.5754 0,439275.4179 4470559.9504 0))",2747081,Verde,Línea,7
"MULTILINESTRING Z ((439280.1679 4470557.3254 0,439285.9179 4470555.0754 0,439299.7929 4470552.7004 0))",2747083,Verde,Batería,9
"MULTILINESTRING Z ((439473.5521 4469986.2992 0,439476.3648 4469978.6112 0))",2747084,Verde,Batería,3
"MULTILINESTRING Z ((439299.1679 4470556.3254 0,439304.6679 4470555.8254 0,439309.2929 4470555.8254 0,439315.1679 4470556.7004 0,439319.2929 4470557.7004 0,439323.5429 4470558.9504 0,439327.5429 4470560.9504 0,439331.6679 4470563.3254 0,439336.7929 4470567.0754 0,439341.5429 4470570.7004 0,439349.2929 4470577.2004 0))",2747085,Verde,Línea,13
"MULTILINESTRING Z ((439463.4265 4470022.6765 0,439472.6146 4469988.7368 0))",2747086,Verde,Batería,15
"MULTILINESTRING Z ((439455.551 4470020.0513 0,439466.0517 4469978.7987 0))",2747087,Verde,Batería,17
"MULTILINESTRING Z ((439533.2991 4470711.2737 0,439557.25 4470725.1938 0,439562.2654 4470727.6503 0))",2747088,Verde,Línea,7
"MULTILINESTRING Z ((439380.5429 4469992.8254 0,439406.6679 4469987.4504 0))",2747089,Verde,Línea,6
"MULTILINESTRING Z ((439373.5429 4469994.2004 0,439352.6679 4469998.3254 0))",2747090,Verde,Línea,4
"MULTILINESTRING Z ((439442.5429 4470597.0754 0,439445.0429 4470604.7004 0,439475.6679 4470660.7004 0,439483.5429 4470674.3254 0,439489.4179 4470680.8254 0,439494.1679 4470685.5754 0,439501.6679 4470691.9504 0,439520.1679 4470703.5754 0))",2747091,Azul,Línea,32
"MULTILINESTRING Z ((439342.0429 4470000.4504 0,439351.9179 4469998.7004 0))",2747092,Verde,Línea,2
"MULTILINESTRING Z ((439438.6679 4470578.2004 0,439437.4179 4470573.3254 0,439436.2929 4470564.8254 0,439436.7929 4470558.9504 0,439439.5429 4470547.7004 0))",2747093,Azul,Línea,7
"MULTILINESTRING Z ((439442.1016 4470540.4446 0,439444.4557 4470535.3269 0,439446.2981 4470530.1068 0,439447.5264 4470523.6585 0,439446.9122 4470497.1488 0,439446.4005 4470484.2522 0))",2747094,Verde,Línea,12
"MULTILINESTRING Z ((439321.2929 4470004.9504 0,439341.2929 4470000.9504 0))",2747096,Verde,Línea,4
"MULTILINESTRING Z ((439514.2929 4470706.5754 0,439507.6679 4470701.9504 0))",2747097,Verde,Batería,3
"MULTILINESTRING Z ((439504.4179 4470700.0754 0,439499.5429 4470696.4504 0))",2747102,Verde,Batería,2
"MULTILINESTRING Z ((439492.7929 4470691.2004 0,439496.6679 4470694.7004 0))",2747105,Verde,Batería,2
"MULTILINESTRING Z ((439487.7929 4470686.0754 0,439491.4179 4470689.8254 0))",2747107,Verde,Batería,2
"MULTILINESTRING Z ((439399.1679 4470059.2004 0,439400.4179 4470054.3254 0))",2747108,Verde,Batería,2
"MULTILINESTRING Z ((439482.6679 4470681.2004 0,439485.9179 4470685.0754 0))",2747110,Verde,Batería,2
"MULTILINESTRING Z ((439265.0429 4470025.3254 0,439301.9179 4470009.9504 0))",2747111,Verde,Línea,8
"MULTILINESTRING Z ((439478.6679 4470674.9504 0,439481.2929 4470679.2004 0))",2747112,Verde,Batería,2
"MULTILINESTRING Z ((439236.4179 4470107.0754 0,439238.9179 4470091.3254 0))",2747115,Verde,Línea,3
"MULTILINESTRING Z ((439233.5429 4470123.0754 0,439229.4179 4470152.7004 0))",2747116,Verde,Línea,7
"MULTILINESTRING Z ((439474.9179 4470668.4504 0,439477.5429 4470672.9504 0))",2747117,Verde,Batería,2
"MULTILINESTRING Z ((439227.7929 4470166.0754 0,439228.4179 4470160.9504 0))",2747118,Verde,Línea,1
"MULTILINESTRING Z ((439471.9179 4470662.5754 0,439474.1679 4470666.9504 0))",2747119,Verde,Batería,2
"MULTILINESTRING Z ((439185.6973 4470147.8009 0,439210.4171 4470148.108 0))",2747120,Azul,Línea,6
"MULTILINESTRING Z ((439464.6679 4470649.7004 0,439470.5429 4470661.0754 0))",2747121,Verde,Batería,6
"MULTILINESTRING Z ((439144.9179 4470148.0754 0,439179.0429 4470147.8254 0))",2747122,Azul,Línea,8
"MULTILINESTRING Z ((439458.5429 4470639.3254 0,439463.5429 4470648.0754 0))",2747123,Verde,Batería,4
"MULTILINESTRING Z ((439106.2929 4470149.2004 0,439132.4179 4470148.0754 0))",2747124,Azul,Línea,6
"MULTILINESTRING Z ((439452.2929 4470628.0754 0,439457.2929 4470637.4504 0))",2747125,Verde,Batería,4
"MULTILINESTRING Z ((439264.0429 4470132.2004 0,439250.9179 4470125.2004 0))",2747126,Verde,Línea,3
"MULTILINESTRING Z ((439291.6679 4470140.3254 0,439277.0429 4470136.3254 0))",2747127,Verde,Línea,3
"MULTILINESTRING Z ((439439.2929 4470600.4504 0,439440.7929 4470606.2004 0,439451.2929 4470625.7004 0))",2747128,Verde,Batería,13
"MULTILINESTRING Z ((439269.4179 4470141.0754 0,439268.4179 4470149.2004 0,439267.4179 4470158.5754 0,439266.7929 4470168.5754 0,439266.9179 4470175.3254 0))",2747129,Verde,Línea,8
"MULTILINESTRING Z ((439267.0429 4470183.0754 0,439266.9179 4470178.2004 0))",2747130,Verde,Línea,1
"MULTILINESTRING Z ((439261.0429 4470190.3254 0,439251.6679 4470190.0754 0))",2747131,Verde,Línea,2
"MULTILINESTRING Z ((439597.5429 4470714.5754 0,439608.9179 4470679.8254 0,439616.2929 4470647.0754 0,439617.5429 4470638.8254 0))",2747132,Azul,Línea,17
"MULTILINESTRING Z ((439273.7929 4470190.0754 0,439285.4179 4470190.3254 0))",2747133,Verde,Línea,2
"MULTILINESTRING Z ((439305.5429 4470190.3254 0,439290.0429 4470189.9504 0))",2747135,Verde,Línea,3
"MULTILINESTRING Z ((439308.1679 4470147.7004 0,439307.7929 4470152.9504 0))",2747136,Verde,Línea,1
"MULTILINESTRING Z ((439622.6679 4470563.7004 0,439622.7929 4470558.2004 0))",2747140,Azul,Línea,1
"MULTILINESTRING Z ((439622.9179 4470551.0754 0,439622.9179 4470532.3254 0))",2747141,Azul,Línea,4
"MULTILINESTRING Z ((439622.9179 4470526.9504 0,439622.5429 4470494.0754 0))",2747142,Azul,Línea,7
"MULTILINESTRING Z ((439622.2929 4470456.0754 0,439622.1679 4470450.0754 0))",2747143,Azul,Línea,1
"MULTILINESTRING Z ((439610.7929 4470474.2004 0,439600.5429 4470474.3254 0))",2747144,Verde,Línea,2
"MULTILINESTRING Z ((439575.0429 4470474.0754 0,439599.9179 4470474.0754 0))",2747145,Verde,Línea,6
"MULTILINESTRING Z ((439565.6679 4470470.5754 0,439565.7929 4470455.2004 0))",2747146,Verde,Línea,3
"MULTILINESTRING Z ((439565.6679 4470431.0754 0,439565.7929 4470446.2004 0))",2747147,Verde,Línea,3
"MULTILINESTRING Z ((439558.6679 4470473.4504 0,439532.4179 4470473.8254 0))",2747148,Verde,Línea,6
"MULTILINESTRING Z ((439579.1679 4470483.7004 0,439486.7929 4470483.7004 0))",2747149,Verde,Batería,42
"MULTILINESTRING Z ((439460.1679 4470474.0754 0,439525.1679 4470474.0754 0))",2747150,Verde,Línea,15
"MULTILINESTRING Z ((439444.2929 4470473.7004 0,439453.4179 4470473.7004 0))",2747151,Verde,Línea,2
"MULTILINESTRING Z ((439616.9179 4470425.2004 0,439595.9179 4470424.7004 0))",2747154,Verde,Línea,4
"MULTILINESTRING Z ((439582.7929 4470424.3254 0,439567.4179 4470424.3254 0))",2747155,Verde,Línea,3
"MULTILINESTRING Z ((439547.6679 4470424.4504 0,439553.7929 4470424.4504 0))",2747156,Verde,Línea,1
"MULTILINESTRING Z ((439622.5429 4470419.0754 0,439622.4179 4470404.0754 0))",2747157,Azul,Línea,3
"MULTILINESTRING Z ((439622.4285 4470385.6925 0,439622.6923 4470396.3327 0))",2747158,Azul,Línea,2
"MULTILINESTRING Z ((439539.4179 4470419.2004 0,439539.5429 4470403.5754 0))",2747159,Verde,Línea,3
"MULTILINESTRING Z ((439539.4179 4470382.7004 0,439539.1679 4470392.9504 0))",2747160,Verde,Línea,2
"MULTILINESTRING Z ((439484.4179 4470424.8254 0,439490.5429 4470424.8254 0))",2747162,Verde,Línea,1
"MULTILINESTRING Z ((439476.0429 4470424.9504 0,439470.0429 4470424.9504 0))",2747163,Verde,Línea,1
"MULTILINESTRING Z ((439449.5429 4470424.8254 0,439455.1679 4470424.7004 0))",2747164,Verde,Línea,1
"MULTILINESTRING Z ((439438.5429 4470425.0754 0,439444.5429 4470424.9504 0))",2747165,Verde,Línea,1
"MULTILINESTRING Z ((439409.1679 4470424.9504 0,439419.9179 4470424.7004 0))",2747168,Verde,Línea,2
"MULTILINESTRING Z ((439404.6679 4470463.4504 0,439404.9179 4470436.7004 0))",2747169,Verde,Línea,6
"MULTILINESTRING Z ((439393.2929 4470424.8254 0,439375.7929 4470424.7004 0))",2747170,Verde,Línea,3
"MULTILINESTRING Z ((439371.0429 4470424.7004 0,439364.9179 4470424.7004 0))",2747171,Verde,Línea,1
"MULTILINESTRING Z ((439359.4179 4470424.4504 0,439353.7929 4470424.3254 0))",2747172,Verde,Línea,1
"MULTILINESTRING Z ((439331.9179 4470424.9504 0,439341.9179 4470424.8254 0))",2747173,Verde,Línea,2
"MULTILINESTRING Z ((439321.0429 4470424.8254 0,439315.2929 4470424.7004 0))",2747174,Verde,Línea,1
"MULTILINESTRING Z ((439404.5429 4470416.3254 0,439404.5429 4470388.3254 0))",2747175,Verde,Línea,6
"MULTILINESTRING Z ((439157.5429 4470539.3254 0,439229.6679 4470518.2004 0))",2747176,Verde,Batería,37
"MULTILINESTRING Z ((439247.6679 4470512.8254 0,439239.7929 4470515.2004 0))",2747177,Verde,Batería,3
"MULTILINESTRING Z ((439179.7512 4470525.8254 0,439176.4179 4470513.4087 0))",2747178,Verde,Batería,6
"MULTILINESTRING Z ((439183.5429 4470517.5754 0,439192.4179 4470515.0754 0))",2747179,Verde,Batería,6
"MULTILINESTRING Z ((439180.9179 4470512.3254 0,439197.4179 4470507.7004 0))",2747180,Verde,Batería,7
"MULTILINESTRING Z ((439200.6679 4470519.0754 0,439198.2929 4470508.0754 0))",2747181,Verde,Batería,6
"MULTILINESTRING Z ((439243.4179 4470509.4504 0,439239.2929 4470510.2004 0))",2747182,Verde,Batería,1
"MULTILINESTRING Z ((439284.6679 4470478.8254 0,439256.2929 4470506.7004 0))",2747183,Verde,Batería,17
"MULTILINESTRING Z ((439247.5429 4470506.5754 0,439277.2929 4470480.8254 0))",2747184,Verde,Batería,17
"MULTILINESTRING Z ((439275.4179 4470420.0754 0,439286.4179 4470442.0754 0))",2747185,Verde,Línea,7
"MULTILINESTRING Z ((439288.4179 4470452.9504 0,439273.4179 4470424.0754 0,439265.2929 4470408.2004 0))",2747186,Verde,Línea,11
"MULTILINESTRING Z ((439320.0429 4470143.3254 0,439334.6679 4470144.0754 0))",2747187,Verde,Línea,3
"MULTILINESTRING Z ((439286.7929 4470468.5754 0,439285.9179 4470461.8254 0,439255.5429 4470403.0754 0))",2747188,Verde,Batería,33
"MULTILINESTRING Z ((439347.6679 4470144.9504 0,439338.4179 4470144.5754 0))",2747189,Verde,Línea,2
"MULTILINESTRING Z ((439315.1679 4470189.9504 0,439335.0429 4470189.9504 0))",2747190,Verde,Línea,4
"MULTILINESTRING Z ((439249.7929 4470395.8254 0,439254.0429 4470403.8254 0))",2747191,Verde,Línea,2
"MULTILINESTRING Z ((439262.1679 4470402.3254 0,439259.4179 4470397.3254 0))",2747193,Verde,Línea,1
"MULTILINESTRING Z ((439347.9179 4470190.0754 0,439340.7929 4470190.0754 0))",2747194,Verde,Línea,1
"MULTILINESTRING Z ((439365.5429 4470145.8254 0,439376.4179 4470146.0754 0))",2747196,Verde,Línea,2
"MULTILINESTRING Z ((439271.4179 4470413.2004 0,439256.6679 4470387.0754 0))",2747197,Verde,Línea,7
"MULTILINESTRING Z ((439381.1679 4470146.0754 0,439386.2929 4470146.2004 0))",2747198,Verde,Línea,1
"MULTILINESTRING Z ((439219.7929 4470396.5754 0,439240.9179 4470391.3254 0))",2747199,Verde,Batería,10
"MULTILINESTRING Z ((439228.4037 4470388.66 0,439241.2145 4470385.2572 0))",2747200,Verde,Batería,6
"MULTILINESTRING Z ((439202.1679 4470385.4504 0,439206.0429 4470400.2004 0))",2747201,Verde,Batería,7
"MULTILINESTRING Z ((439404.2512 4470181.492 0,439404.3345 4470175.4087 0))",2747202,Verde,Línea,1
"MULTILINESTRING Z ((439404.1679 4470157.4087 0,439404.3345 4470167.4087 0))",2747203,Verde,Línea,2
"MULTILINESTRING Z ((439198.0429 4470368.0754 0,439201.7929 4470383.9504 0))",2747204,Verde,Batería,7
"MULTILINESTRING Z ((439478.4179 4470149.3254 0,439428.5429 4470147.7004 0))",2747205,Verde,Línea,11
"MULTILINESTRING Z ((439409.0429 4470190.2004 0,439414.5429 4470189.9504 0))",2747206,Verde,Línea,1
"MULTILINESTRING Z ((439198.0429 4470366.3254 0,439196.2929 4470360.0754 0))",2747207,Verde,Batería,2
"MULTILINESTRING Z ((439420.4179 4470190.4504 0,439430.6679 4470190.3254 0))",2747208,Verde,Línea,2
"MULTILINESTRING Z ((439436.4179 4470190.3254 0,439446.7929 4470190.2004 0))",2747209,Verde,Línea,2
"MULTILINESTRING Z ((439192.2929 4470344.5754 0,439196.2929 4470359.2004 0))",2747210,Verde,Batería,7
"MULTILINESTRING Z ((439467.5429 4470189.8254 0,439455.1679 4470189.8254 0))",2747211,Verde,Línea,2
"MULTILINESTRING Z ((439202.9286 4470347.2823 0,439213.3736 4470388.3756 0))",2747212,Verde,Batería,18
"MULTILINESTRING Z ((439479.9179 4470182.4504 0,439484.4179 4470165.8254 0))",2747213,Verde,Línea,4
"MULTILINESTRING Z ((439206.7798 4470346.2014 0,439217.2248 4470387.2947 0))",2747214,Verde,Batería,18
"MULTILINESTRING Z ((439483.1679 4470183.3254 0,439491.7929 4470150.0754 0))",2747215,Verde,Línea,7
"MULTILINESTRING Z ((439214.1679 4470347.7004 0,439225.5429 4470385.7004 0))",2747216,Verde,Batería,17
"MULTILINESTRING Z ((439490.1679 4470190.0754 0,439529.0429 4470189.8254 0))",2747217,Verde,Línea,9
"MULTILINESTRING Z ((439538.2929 4470189.7004 0,439588.5429 4470189.4504 0))",2747218,Verde,Línea,12
"MULTILINESTRING Z ((439244.4179 4470377.7004 0,439241.2929 4470372.9504 0))",2747219,Verde,Línea,1
"MULTILINESTRING Z ((439600.2929 4470189.2004 0,439589.7929 4470189.4504 0))",2747220,Verde,Línea,2
"MULTILINESTRING Z ((439600.7085 4470146.5965 0,439601.9396 4470153.3675 0))",2747225,Verde,Línea,1
"MULTILINESTRING Z ((439501.5429 4470141.5754 0,439586.6679 4470140.7004 0))",2747226,Verde,Línea,18
"MULTILINESTRING Z ((439261.0429 4470378.4504 0,439271.6679 4470378.3254 0))",2747227,Verde,Línea,2
"MULTILINESTRING Z ((439586.7929 4470135.4504 0,439569.6679 4470135.5754 0))",2747228,Verde,Línea,3
"MULTILINESTRING Z ((439277.6679 4470378.4504 0,439318.0429 4470378.4504 0))",2747229,Verde,Línea,9
"MULTILINESTRING Z ((439537.0429 4470136.0754 0,439557.7929 4470135.8254 0))",2747230,Verde,Línea,4
"MULTILINESTRING Z ((439324.2929 4470419.8254 0,439324.2929 4470389.3254 0))",2747231,Verde,Línea,7
"MULTILINESTRING Z ((439506.0429 4470136.3254 0,439531.5429 4470136.0754 0))",2747232,Verde,Línea,6
"MULTILINESTRING Z ((439335.0429 4470378.7004 0,439345.1679 4470378.4504 0))",2747233,Verde,Línea,2
"MULTILINESTRING Z ((439595.9973 4470121.1201 0,439577.8086 4470054.366 0))",2747234,Verde,Línea,15
"MULTILINESTRING Z ((439355.0429 4470378.7004 0,439349.6679 4470378.5754 0))",2747235,Verde,Línea,1
"MULTILINESTRING Z ((439502.1679 4470111.3254 0,439519.5429 4470051.3254 0))",2747236,Verde,Batería,28
"MULTILINESTRING Z ((439512.1679 4470065.0754 0,439502.0429 4470099.5754 0))",2747238,Verde,Línea,8
"MULTILINESTRING Z ((439574.4334 4470039.5525 0,439573.1209 4470033.7397 0))",2747239,Verde,Línea,1
"MULTILINESTRING Z ((439379.9179 4470378.4504 0,439359.7929 4470378.5754 0))",2747240,Verde,Línea,4
"MULTILINESTRING Z ((439396.0429 4470378.5754 0,439385.6679 4470378.7004 0))",2747241,Verde,Línea,2
"MULTILINESTRING Z ((439315.0429 4470368.2004 0,439315.0429 4470357.7004 0))",2747242,Verde,Línea,2
"MULTILINESTRING Z ((439314.9179 4470353.3254 0,439315.0429 4470348.3254 0))",2747243,Verde,Línea,1
"MULTILINESTRING Z ((439315.0429 4470345.3254 0,439314.9179 4470337.4504 0))",2747244,Verde,Línea,2
"MULTILINESTRING Z ((439564.6828 4470004.8629 0,439572.3708 4470032.0521 0))",2747245,Verde,Línea,6
"MULTILINESTRING Z ((439309.9179 4470357.4504 0,439309.7929 4470352.3254 0))",2747246,Verde,Batería,2
"MULTILINESTRING Z ((439563.1827 4470000.1751 0,439559.4325 4469984.9866 0))",2747247,Verde,Línea,3
"MULTILINESTRING Z ((439310.0429 4470337.8254 0,439310.0429 4470348.3254 0))",2747248,Verde,Batería,4
"MULTILINESTRING Z ((439532.5429 4470006.4504 0,439534.0429 4470000.3254 0))",2747249,Verde,Batería,2
"MULTILINESTRING Z ((439522.5429 4470040.2004 0,439530.4179 4470013.9504 0))",2747250,Verde,Batería,11
"MULTILINESTRING Z ((439403.2929 4470367.8254 0,439403.0429 4470353.3254 0))",2747252,Azul,Línea,3
"MULTILINESTRING Z ((439516.1679 4470049.7004 0,439533.9179 4469985.7004 0))",2747253,Verde,Línea,17
"MULTILINESTRING Z ((439211.1679 4470210.5754 0,439225.5429 4470180.5754 0,439226.5429 4470172.7004 0))",2747254,Verde,Línea,9
"MULTILINESTRING Z ((439403.0429 4470339.0754 0,439403.0429 4470344.8254 0))",2747255,Azul,Línea,1
"MULTILINESTRING Z ((439203.7929 4470217.9504 0,439221.4179 4470181.2004 0))",2747256,Verde,Línea,9
"MULTILINESTRING Z ((439406.1679 4470358.7004 0,439406.2929 4470339.2004 0))",2747257,Verde,Línea,4
"MULTILINESTRING Z ((439205.4179 4470232.0754 0,439205.6679 4470223.8254 0,439208.5429 4470216.0754 0))",2747258,Verde,Línea,3
"MULTILINESTRING Z ((439202.0429 4470232.9504 0,439202.0429 4470227.7004 0))",2747259,Verde,Línea,1
"MULTILINESTRING Z ((439215.5845 4470240.492 0,439228.9179 4470240.492 0))",2747260,Verde,Línea,3
"MULTILINESTRING Z ((439411.4179 4470378.4504 0,439416.5429 4470378.4504 0))",2747261,Verde,Línea,1
"MULTILINESTRING Z ((439253.4179 4470240.1587 0,439247.0012 4470240.3254 0))",2747262,Verde,Línea,1
"MULTILINESTRING Z ((439274.5845 4470240.8254 0,439270.0012 4470240.742 0))",2747264,Verde,Línea,1
"MULTILINESTRING Z ((439281.2512 4470240.742 0,439287.5012 4470240.5754 0))",2747267,Verde,Línea,1
"MULTILINESTRING Z ((439425.6679 4470378.0754 0,439453.1679 4470378.2004 0))",2747266,Verde,Línea,6
"MULTILINESTRING Z ((439456.6679 4470378.3254 0,439471.9179 4470378.3254 0))",2747269,Verde,Línea,3
"MULTILINESTRING Z ((439485.1679 4470378.3254 0,439502.1679 4470378.2004 0))",2747270,Verde,Línea,3
"MULTILINESTRING Z ((439505.9179 4470378.3254 0,439536.2929 4470378.2004 0))",2747271,Verde,Línea,7
"MULTILINESTRING Z ((439302.5012 4470240.742 0,439296.6679 4470240.742 0))",2747272,Verde,Línea,1
"MULTILINESTRING Z ((439540.1679 4470374.4504 0,439540.2929 4470359.8254 0))",2747273,Verde,Línea,3
"MULTILINESTRING Z ((439546.4179 4470378.7004 0,439562.2929 4470378.7004 0))",2747275,Verde,Línea,3
"MULTILINESTRING Z ((439575.2929 4470379.0754 0,439585.4179 4470379.0754 0))",2747277,Verde,Línea,2
"MULTILINESTRING Z ((439317.9179 4470240.8254 0,439324.7512 4470240.742 0))",2747278,Verde,Línea,1
"MULTILINESTRING Z ((439330.8345 4470240.8254 0,439336.6679 4470240.8254 0))",2747280,Verde,Línea,1
"MULTILINESTRING Z ((439540.1679 4470347.8254 0,439540.2929 4470337.0754 0))",2747281,Verde,Línea,2
"MULTILINESTRING Z ((439353.6679 4470232.5754 0,439354.0429 4470199.3254 0))",2747282,Verde,Línea,7
"MULTILINESTRING Z ((439361.4179 4470240.992 0,439356.0012 4470240.9087 0))",2747283,Verde,Línea,1
"MULTILINESTRING Z ((439589.4179 4470378.9504 0,439594.9179 4470378.9504 0))",2747284,Verde,Línea,1
"MULTILINESTRING Z ((439370.4179 4470240.8254 0,439385.4179 4470240.7004 0))",2747285,Verde,Línea,3
"MULTILINESTRING Z ((439403.4228 4470229.1269 0,439403.4228 4470201.9377 0))",2747286,Verde,Línea,6
"MULTILINESTRING Z ((439617.1679 4470378.8254 0,439602.7929 4470379.2004 0))",2747287,Verde,Línea,3
"MULTILINESTRING Z ((439621.813 4470336.0091 0,439621.9889 4470352.365 0))",2747288,Azul,Línea,3
"MULTILINESTRING Z ((439409.3345 4470240.992 0,439421.5845 4470241.0754 0))",2747289,Verde,Línea,2
"MULTILINESTRING Z ((439569.4179 4470328.9504 0,439613.7929 4470328.9504 0))",2747290,Verde,Línea,10
"MULTILINESTRING Z ((439457.2512 4470240.8254 0,439441.5012 4470240.9087 0))",2747291,Verde,Línea,3
"MULTILINESTRING Z ((439468.3345 4470229.1587 0,439470.5012 4470221.3254 0))",2747292,Verde,Línea,2
"MULTILINESTRING Z ((439492.4179 4470328.5754 0,439544.9179 4470328.7004 0))",2747293,Verde,Línea,13
"MULTILINESTRING Z ((439471.1679 4470230.2004 0,439475.2929 4470216.7004 0))",2747294,Verde,Línea,3
"MULTILINESTRING Z ((439475.9179 4470199.8254 0,439470.5845 4470220.4087 0))",2747295,Verde,Línea,4
"MULTILINESTRING Z ((439466.1299 4470328.7779 0,439472.8305 4470328.7779 0))",2747297,Verde,Línea,1
"MULTILINESTRING Z ((439536.3345 4470241.4087 0,439515.8345 4470241.1587 0))",2747298,Verde,Línea,4
"MULTILINESTRING Z ((439542.5429 4470241.3254 0,439577.0429 4470241.0754 0))",2747299,Verde,Línea,8
"MULTILINESTRING Z ((439413.1679 4470329.0754 0,439453.7929 4470328.9504 0))",2747300,Verde,Línea,9
"MULTILINESTRING Z ((439585.4179 4470240.9504 0,439604.6679 4470240.8254 0))",2747301,Verde,Línea,4
"MULTILINESTRING Z ((439610.4179 4470208.3254 0,439612.6679 4470222.7004 0))",2747302,Azul,Línea,3
"MULTILINESTRING Z ((439404.6679 4470312.0754 0,439404.4179 4470296.5754 0))",2747303,Verde,Línea,3
"MULTILINESTRING Z ((439620.9179 4470273.4504 0,439615.7929 4470243.8254 0))",2747304,Azul,Línea,7
"MULTILINESTRING Z ((439375.4179 4470328.7004 0,439395.1679 4470328.7004 0))",2747305,Verde,Línea,4
"MULTILINESTRING Z ((439357.1679 4470328.4504 0,439362.2929 4470328.4504 0))",2747306,Verde,Línea,1
"MULTILINESTRING Z ((439341.2929 4470328.5754 0,439351.2929 4470328.5754 0))",2747308,Verde,Línea,2
"MULTILINESTRING Z ((439216.7929 4470323.5754 0,439213.6679 4470314.0754 0))",2747309,Verde,Línea,2
"MULTILINESTRING Z ((439315.1679 4470328.5754 0,439325.5429 4470328.4504 0))",2747311,Verde,Línea,2
"MULTILINESTRING Z ((439207.529 4470297.8254 0,439205.6957 4470293.2142 0))",2747312,Verde,Línea,2
"MULTILINESTRING Z ((439207.6679 4470306.2004 0,439203.7929 4470295.9504 0,439202.6679 4470293.2004 0,439201.9179 4470291.0754 0))",2747313,Verde,Línea,6
"MULTILINESTRING Z ((439205.9179 4470275.5754 0,439205.1679 4470245.3254 0))",2747314,Verde,Línea,7
"MULTILINESTRING Z ((439202.0429 4470283.3254 0,439202.0429 4470250.9504 0))",2747315,Verde,Línea,7
"MULTILINESTRING Z ((439193.6679 4470278.5754 0,439194.4179 4470312.3254 0))",2747316,Verde,Batería,15
"MULTILINESTRING Z ((439185.2929 4470317.4504 0,439184.9179 4470306.4504 0))",2747317,Verde,Batería,4
"MULTILINESTRING Z ((439184.9179 4470304.2004 0,439184.6679 4470287.0754 0))",2747318,Verde,Batería,8
"MULTILINESTRING Z ((439193.7929 4470275.0754 0,439193.0429 4470249.5754 0))",2747319,Verde,Batería,12
"MULTILINESTRING Z ((439185.1679 4470260.5754 0,439185.0429 4470246.5754 0))",2747320,Verde,Batería,7
"MULTILINESTRING Z ((439185.0429 4470284.7004 0,439184.7929 4470263.5754 0))",2747321,Verde,Batería,9
"MULTILINESTRING Z ((439077.5429 4470185.8254 0,439076.9179 4470181.3254 0))",2747323,Azul,Batería,2
"MULTILINESTRING Z ((439081.6679 4470224.5754 0,439078.9179 4470196.7004 0))",2747324,Azul,Batería,12
"MULTILINESTRING Z ((439076.9179 4470227.0754 0,439071.6679 4470182.3254 0))",2747325,Verde,Batería,23
"MULTILINESTRING Z ((439089.0429 4470231.0754 0,439114.9179 4470230.5754 0))",2747326,Verde,Batería,11
"MULTILINESTRING Z ((439116.1679 4470236.5754 0,439116.1679 4470231.5754 0))",2747328,Verde,Batería,2
"MULTILINESTRING Z ((439087.4179 4470235.3254 0,439115.1679 4470234.8254 0))",2747329,Verde,Batería,12
"MULTILINESTRING Z ((439083.7929 4470242.8254 0,439095.1679 4470315.9504 0))",2747330,Verde,Batería,35
"MULTILINESTRING Z ((439310.5429 4470328.3254 0,439290.1679 4470328.4504 0))",2747331,Verde,Línea,4
"MULTILINESTRING Z ((439231.287 4470328.6956 0,439286.2279 4470328.6956 0))",2747332,Verde,Línea,12
"MULTILINESTRING Z ((439209.7929 4470278.3254 0,439284.9179 4470279.4504 0))",2747333,Verde,Línea,17
"MULTILINESTRING Z ((439289.0429 4470279.4504 0,439301.1679 4470279.7004 0))",2747334,Verde,Línea,3
"MULTILINESTRING Z ((439310.7929 4470279.7004 0,439357.0429 4470280.3254 0))",2747335,Verde,Línea,10
"MULTILINESTRING Z ((439369.2929 4470280.3254 0,439363.5429 4470280.3254 0))",2747336,Verde,Línea,1
"MULTILINESTRING Z ((439395.9179 4470280.7004 0,439392.0429 4470280.8254 0))",2747337,Verde,Línea,1
"MULTILINESTRING Z ((439415.4179 4470283.8254 0,439439.7929 4470283.9504 0))",2747338,Verde,Batería,10
"MULTILINESTRING Z ((439441.0429 4470283.8254 0,439449.2929 4470283.9504 0))",2747339,Verde,Batería,3
"MULTILINESTRING Z ((439416.1679 4470280.7004 0,439450.0429 4470280.7004 0))",2747340,Verde,Línea,7
"MULTILINESTRING Z ((439459.7512 4470264.0754 0,439463.9179 4470247.242 0))",2747341,Verde,Línea,4
"MULTILINESTRING Z ((439460.3345 4470273.492 0,439466.9179 4470248.1587 0))",2747342,Verde,Línea,6
"MULTILINESTRING Z ((439473.4179 4470280.8254 0,439493.6679 4470280.8254 0))",2747343,Verde,Línea,4
"MULTILINESTRING Z ((439498.5429 4470280.5754 0,439563.6679 4470280.5754 0))",2747344,Verde,Línea,15
"MULTILINESTRING Z ((439568.5429 4470280.3254 0,439593.6679 4470280.3254 0))",2747345,Verde,Línea,6
"MULTILINESTRING Z ((439611.5429 4470280.4504 0,439606.5429 4470280.4504 0))",2747346,Verde,Línea,1
"MULTILINESTRING Z ((439621.2929 4470292.7004 0,439621.7929 4470309.8254 0))",2747347,Azul,Línea,3
"MULTILINESTRING Z ((439138.9179 4470508.7004 0,439128.5429 4470468.4504 0))",2747348,Verde,Batería,22
"MULTILINESTRING Z ((439127.1679 4470452.5754 0,439146.6679 4470447.242 0))",2747349,Verde,Batería,9
"MULTILINESTRING Z ((439127.3345 4470446.0754 0,439147.3345 4470440.5754 0))",2747350,Verde,Batería,10
"MULTILINESTRING Z ((439124.2929 4470472.4504 0,439122.9179 4470466.8254 0))",2747351,Verde,Línea,1
"MULTILINESTRING Z ((439145.5012 4470434.3254 0,439126.1679 4470439.742 0))",2747352,Verde,Batería,10
"MULTILINESTRING Z ((439122.5012 4470435.3254 0,439143.6679 4470429.5754 0))",2747353,Verde,Batería,10
"MULTILINESTRING Z ((439118.1679 4470430.0754 0,439112.3345 4470407.1587 0))",2747354,Verde,Batería,14
"MULTILINESTRING Z ((439110.5845 4470400.4087 0,439097.8345 4470351.1587 0))",2747355,Verde,Batería,23
"MULTILINESTRING Z ((439092.6679 4470352.4504 0,439114.4179 4470433.2004 0))",2747356,Verde,Batería,45
"MULTILINESTRING Z ((439092.0845 4470347.742 0,439097.4179 4470346.742 0))",2747357,Verde,Batería,2
"MULTILINESTRING Z ((439086.2512 4470317.492 0,439095.0012 4470316.492 0))",2747358,Verde,Batería,2
"MULTILINESTRING Z ((439086.4179 4470317.4504 0,439077.7929 4470245.5754 0))",2747360,Verde,Batería,34
"MULTILINESTRING Z ((439404.0429 4470272.4504 0,439404.2929 4470250.5754 0))",2747361,Verde,Línea,4
"MULTILINESTRING Z ((439437.7389 4471978.658 0,439435.7718 4471958.1766 0))",2747438,Verde,Línea,5
"MULTILINESTRING Z ((439442.6557 4471855.7427 0,439445.3223 4471837.1594 0,439454.0723 4471809.9927 0))",2747439,Verde,Línea,10
"MULTILINESTRING Z ((442684.4179 4478569.0754 0,442687.0845 4478596.6587 0))",2747454,Verde,Línea,6
"MULTILINESTRING Z ((437917.0845 4473182.4087 0,437933.7512 4473175.8254 0))",2747611,Verde,Línea,4
"MULTILINESTRING Z ((441883.5845 4475617.6587 0,441825.9179 4475622.492 0))",2747619,Verde,Batería,21
"MULTILINESTRING Z ((442692.5012 4478779.5754 0,442694.5012 4478800.242 0))",2747709,Verde,Línea,4
"MULTILINESTRING Z ((439735.0012 4473890.742 0,439740.1679 4473891.1587 0))",2747762,Verde,Batería,2
"MULTILINESTRING Z ((438153.2512 4473863.8254 0,438151.7512 4473874.6587 0))",2747810,Verde,Línea,2
"MULTILINESTRING Z ((438149.3345 4473887.5754 0,438150.0845 4473882.6587 0))",2747811,Verde,Línea,1
"MULTILINESTRING Z ((437727.3345 4473659.5754 0,437714.6679 4473653.492 0))",2747813,Verde,Línea,3
"MULTILINESTRING Z ((440090.0845 4475075.4087 0,440100.1679 4475105.242 0))",2747996,Verde,Línea,4
"MULTILINESTRING Z ((438925.6679 4475772.9504 0,438960.5429 4475724.0754 0))",2748007,Verde,Línea,12
"MULTILINESTRING Z ((438971.6679 4475707.9504 0,438960.7929 4475723.5754 0))",2748008,Verde,Línea,4
"MULTILINESTRING Z ((438954.6679 4475726.5754 0,438966.0429 4475710.7004 0))",2748012,Verde,Línea,4
"MULTILINESTRING Z ((439273.8345 4470813.242 0,439284.3345 4470812.992 0))",2748036,Verde,Batería,4
"MULTILINESTRING Z ((439425.2929 4470473.7004 0,439440.9179 4470473.8254 0))",2748056,Verde,Línea,4
"MULTILINESTRING Z ((439245.2512 4470372.0754 0,439235.5012 4470358.992 0))",2748061,Verde,Línea,4
"MULTILINESTRING Z ((441869.6679 4479194.992 0,441882.7512 4479193.8254 0))",2748062,Verde,Línea,2
"MULTILINESTRING Z ((439234.9179 4470363.8254 0,439223.5429 4470346.3254 0))",2748063,Verde,Línea,6
"MULTILINESTRING Z ((442708.1679 4478776.492 0,442772.3345 4478772.742 0,442792.5012 4478771.4087 0))",2748064,Verde,Línea,18
"MULTILINESTRING Z ((442837.9179 4478156.3254 0,442844.5845 4478162.0754 0))",2748071,Azul,Línea,1
"MULTILINESTRING Z ((442851.3345 4478168.1587 0,442862.8345 4478178.742 0))",2748075,Azul,Línea,3
"MULTILINESTRING Z ((441796.8345 4475520.992 0,441795.5845 4475508.0754 0))",2748079,Verde,Línea,2
"MULTILINESTRING Z ((442713.2512 4478972.9087 0,442709.0012 4478926.492 0,442706.0845 4478896.3254 0))",2748085,Verde,Línea,16
"MULTILINESTRING Z ((443506.4179 4475283.992 0,443531.2512 4475274.1587 0))",2748228,Azul,Línea,6
"MULTILINESTRING Z ((441107.7512 4473117.9087 0,441129.5012 4473149.6587 0))",2748233,Azul,Línea,7
"MULTILINESTRING Z ((442402.0845 4474417.242 0,442406.2512 4474402.242 0))",2748415,Azul,Línea,3
"MULTILINESTRING Z ((444091.5012 4478824.8254 0,444093.0845 4478829.1587 0))",2748416,Verde,Línea,1
"MULTILINESTRING Z ((444091.5845 4478831.0754 0,444095.0012 4478841.0754 0))",2748417,Verde,Línea,2
"MULTILINESTRING Z ((444097.3345 4478841.242 0,444098.9179 4478845.992 0))",2748419,Verde,Línea,1
"MULTILINESTRING Z ((441081.9179 4475401.4087 0,441097.1679 4475391.1587 0))",2748664,Alta Rotación,Línea,4
"MULTILINESTRING Z ((438233.6679 4473717.6587 0,438234.5012 4473711.9087 0))",2748757,Verde,Línea,1
"MULTILINESTRING Z ((442005.6679 4472222.0754 0,441996.1679 4472233.8254 0))",2748795,Verde,Línea,3
"MULTILINESTRING Z ((442106.4179 4472102.9504 0,442110.1679 4472098.5754 0))",2748800,Verde,Línea,1
"MULTILINESTRING Z ((442110.4179 4472098.0754 0,442125.7929 4472079.8254 0))",2748803,Verde,Línea,4
"MULTILINESTRING Z ((440595.5845 4470266.742 0,440614.0012 4470269.4087 0))",2748859,Verde,Línea,4
"MULTILINESTRING Z ((439711.1679 4470635.4087 0,439722.0012 4470636.6587 0))",2748917,Verde,Línea,2
"MULTILINESTRING Z ((444736.6679 4477203.992 0,444733.3345 4477204.3254 0,444731.2512 4477205.1587 0,444729.0012 4477206.6587 0))",2748928,Verde,Línea,2
"MULTILINESTRING Z ((444728.0012 4477207.492 0,444726.7512 4477208.3254 0,444725.2512 4477209.992 0))",2748932,Verde,Línea,1
"MULTILINESTRING Z ((442715.6679 4472978.7004 0,442659.0429 4472891.0754 0))",2748947,Verde,Batería,43
"MULTILINESTRING Z ((439705.5166 4477742.1258 0,439703.0475 4477750.3398 0))",2748993,Verde,Línea,1
"MULTILINESTRING Z ((439270.8623 4478830.9365 0,439262.3808 4478805.6402 0))",2749001,Azul,Línea,6
"MULTILINESTRING Z ((439255.7142 4478780.6031 0,439263.4673 4478803.9612 0))",2749002,Azul,Línea,4
"MULTILINESTRING Z ((439604.6957 4470171.2142 0,439603.029 4470160.4365 0))",2749003,Verde,Línea,2
"MULTILINESTRING Z ((439606.4179 4470182.5754 0,439605.7512 4470177.5754 0))",2749004,Verde,Línea,1
"MULTILINESTRING Z ((439437.171 4478814.8994 0,439468.4302 4478807.0229 0))",2749016,Verde,Batería,12
"MULTILINESTRING Z ((439473.2588 4478805.802 0,439483.5962 4478803.278 0))",2749017,Verde,Batería,4
"MULTILINESTRING Z ((439484.2327 4478800.5784 0,439490.1339 4478799.2204 0))",2749021,Verde,Batería,2
"MULTILINESTRING Z ((439520.9734 4478764.85 0,439521.7389 4478768.9241 0))",2749022,Azul,Línea,1
"MULTILINESTRING Z ((443155.6679 4478602.8254 0,443168.9179 4478602.1587 0))",2749024,Verde,Batería,6
"MULTILINESTRING Z ((439568.7265 4478792.5784 0,439600.924 4478780.5538 0))",2749026,Azul,Batería,13
"MULTILINESTRING Z ((443095.0429 4478522.4504 0,443120.0429 4478520.8254 0))",2749030,Verde,Línea,5
"MULTILINESTRING Z ((439530.0763 4478748.6772 0,439528.2821 4478739.2616 0))",2749031,Verde,Línea,1
"MULTILINESTRING Z ((439155.2697 4478521.3686 0,439173.8129 4478559.4426 0))",2749041,Verde,Línea,9
"MULTILINESTRING Z ((440419.5845 4470216.9087 0,440452.8345 4470237.9087 0))",2749046,Azul,Línea,8
"MULTILINESTRING Z ((439312.2382 4478673.6868 0,439319.2725 4478661.0778 0))",2749047,Verde,Línea,3
"MULTILINESTRING Z ((439384.0352 4478518.5291 0,439395.0722 4478487.5661 0))",2749067,Verde,Línea,7
"MULTILINESTRING Z ((439332.2327 4478512.3068 0,439334.1833 4478504.1834 0))",2749068,Verde,Línea,1
"MULTILINESTRING Z ((439335.4096 4478499.1463 0,439342.2245 4478470.6525 0))",2749070,Verde,Línea,7
"MULTILINESTRING Z ((439439.9199 4478620.1011 0,439438.1202 4478616.2602 0,439436.0461 4478611.0915 0,439424.315 4478578.2355 0))",2749073,Verde,Línea,9
"MULTILINESTRING Z ((439481.4673 4478530.0105 0,439480.7924 4478528.8747 0,439478.0928 4478523.064 0,439476.6607 4478520.8254 0))",2749074,Verde,Línea,2
"MULTILINESTRING Z ((439469.4426 4478513.5414 0,439470.7512 4478514.5538 0,439474.6031 4478518.2081 0))",2749075,Verde,Línea,1
"MULTILINESTRING Z ((439500.7265 4478542.455 0,439492.3068 4478539.4673 0,439487.887 4478537.0476 0))",2749077,Verde,Batería,6
"MULTILINESTRING Z ((439525.3932 4478551.1957 0,439503.6154 4478543.4673 0))",2749079,Verde,Batería,11
"MULTILINESTRING Z ((439416.8253 4478493.5167 0,439426.3068 4478496.9241 0))",2749083,Azul,Línea,2
"MULTILINESTRING Z ((439438.1092 4478501.171 0,439428.924 4478497.8624 0))",2749084,Azul,Línea,2
"MULTILINESTRING Z ((439060.0845 4478371.8048 0,439061.5002 4478372.7101 0,439064.3315 4478373.6484 0))",2749088,Azul,Batería,2
"MULTILINESTRING Z ((439086.9487 4478380.5538 0,439092.7265 4478392.455 0))",2749089,Verde,Línea,2
"MULTILINESTRING Z ((439102.1586 4478411.9858 0,439097.3932 4478402.1093 0))",2749095,Verde,Línea,2
"MULTILINESTRING Z ((439799.5012 4470354.6587 0,439800.7512 4470349.742 0))",2749098,Verde,Línea,1
"MULTILINESTRING Z ((439440.4055 4477992.0352 0,439449.7882 4477995.7142 0))",2749099,Verde,Línea,2
"MULTILINESTRING Z ((439472.2327 4478000.455 0,439468.4919 4477999.8994 0,439467.7142 4477999.7142 0,439456.7512 4477997.8994 0,439452.4919 4477996.6402 0))",2749100,Verde,Línea,4
"MULTILINESTRING Z ((441652.6401 4480587.0476 0,441626.0845 4480592.8254 0))",2749101,Verde,Línea,5
"MULTILINESTRING Z ((439398.4179 4477969.8994 0,439406.9364 4477974.9365 0))",2749102,Verde,Línea,2
"MULTILINESTRING Z ((439424.0475 4477984.3809 0,439411.9734 4477977.8624 0))",2749110,Verde,Línea,3
"MULTILINESTRING Z ((439393.0722 4477966.8007 0,439383.7882 4477961.3933 0))",2749122,Azul,Línea,2
"MULTILINESTRING Z ((439381.0845 4477959.7883 0,439362.4919 4477948.8624 0))",2749123,Azul,Línea,4
"MULTILINESTRING Z ((439341.6771 4477936.6402 0,439359.7142 4477947.2328 0))",2749127,Azul,Línea,4
"MULTILINESTRING Z ((439279.7389 4477884.1093 0,439282.6278 4477888.0105 0))",2749129,Azul,Línea,1
"MULTILINESTRING Z ((439283.9364 4477889.6155 0,439290.1339 4477897.0723 0,439297.566 4477905.0229 0))",2749130,Azul,Línea,4
"MULTILINESTRING Z ((439299.245 4477906.6278 0,439303.0475 4477910.2328 0,439309.245 4477915.7636 0,439315.3438 4477920.6772 0,439319.0722 4477923.3439 0))",2749131,Azul,Línea,5
"MULTILINESTRING Z ((439677.3068 4477903.0476 0,439694.6771 4477904.9735 0))",2749132,Verde,Línea,3
"MULTILINESTRING Z ((439651.6401 4477900.1957 0,439662.4179 4477901.3809 0))",2749133,Verde,Línea,2
"MULTILINESTRING Z ((439667.3109 4477901.9612 0,439672.2985 4477902.5044 0))",2749134,Verde,Línea,1
"MULTILINESTRING Z ((439810.2738 4477855.1134 0,439832.2327 4477807.9365 0))",2749136,Verde,Línea,10
"MULTILINESTRING Z ((439733.171 4477684.5538 0,439730.1339 4477694.1093 0))",2749137,Azul,Línea,2
"MULTILINESTRING Z ((439725.7142 4477707.8624 0,439728.8006 4477698.2575 0))",2749138,Azul,Línea,2
"MULTILINESTRING Z ((439597.2697 4477634.0352 0,439570.0599 4477625.5661 0))",2749156,Verde,Línea,6
"MULTILINESTRING Z ((441277.9179 4471184.4504 0,441292.4179 4471152.2004 0))",2749232,Azul,Línea,7
"MULTILINESTRING Z ((441306.2929 4471119.7004 0,441294.4179 4471147.2004 0))",2749233,Azul,Línea,6
"MULTILINESTRING Z ((442909.3345 4473135.0754 0,442885.3345 4473138.4087 0))",2749234,Azul,Línea,5
"MULTILINESTRING Z ((437146.9179 4473047.742 0,437132.7512 4473048.1587 0))",2749235,Verde,Línea,3
"MULTILINESTRING Z ((443736.9179 4475663.5754 0,443713.2512 4475648.1587 0))",2749247,Verde,Línea,6
"MULTILINESTRING Z ((443658.0845 4475686.3254 0,443685.9179 4475644.1587 0))",2749249,Verde,Línea,10
"MULTILINESTRING Z ((439952.0429 4470313.4504 0,439957.7929 4470272.2004 0))",2749295,Verde,Línea,8
"MULTILINESTRING Z ((439958.5429 4470263.9504 0,439961.9179 4470240.2004 0))",2749297,Verde,Línea,5
"MULTILINESTRING Z ((440637.0845 4470849.4087 0,440640.6679 4470833.4087 0))",2749361,Verde,Línea,3
"MULTILINESTRING Z ((442463.6031 4475978.7513 0,442475.8623 4475977.8624 0))",2749382,Verde,Línea,2
"MULTILINESTRING Z ((439403.2512 4470079.8254 0,439407.8345 4470064.8254 0))",2749402,Verde,Línea,3
"MULTILINESTRING Z ((439435.7512 4470094.8254 0,439410.9179 4470088.1587 0))",2749403,Verde,Línea,5
"MULTILINESTRING Z ((439313.2929 4470019.2004 0,439319.0429 4470048.9504 0))",2749404,Verde,Línea,6
"MULTILINESTRING Z ((439282.5429 4470072.0754 0,439310.4179 4470080.2004 0))",2749405,Verde,Batería,11
"MULTILINESTRING Z ((439307.9492 4470089.2252 0,439274.8935 4470079.3473 0))",2749407,Verde,Batería,13
"MULTILINESTRING Z ((439329.7929 4470111.8254 0,439312.9179 4470107.2004 0))",2749408,Verde,Batería,7
"MULTILINESTRING Z ((439401.3408 4470055.0396 0,439411.1658 4470057.78 0))",2749409,Verde,Batería,4
"MULTILINESTRING Z ((439243.0829 4470073.7222 0,439253.4859 4470036.5189 0,439256.0143 4470031.4419 0))",2749410,Verde,Línea,9
"MULTILINESTRING Z ((439270.7929 4470080.0754 0,439277.2929 4470058.8254 0))",2749411,Verde,Batería,9
"MULTILINESTRING Z ((443008.2304 4472668.2629 0,443032.1366 4472702.3254 0))",2749426,Verde,Línea,8
"MULTILINESTRING Z ((440835.4426 4476813.6155 0,440834.7759 4476804.3315 0))",2749511,Verde,Línea,2
"MULTILINESTRING Z ((440837.3685 4476798.7019 0,440837.7636 4476803.8624 0))",2749512,Verde,Línea,1
"MULTILINESTRING Z ((445001.8623 4475920.4056 0,445003.2944 4475915.3192 0))",2749538,Verde,Línea,1
"MULTILINESTRING Z ((440776.5012 4474865.4087 0,440781.4179 4474863.3254 0))",2749540,Verde,Línea,1
"MULTILINESTRING Z ((442832.0012 4479135.742 0,442844.6679 4479163.0754 0))",2749603,Verde,Línea,6
"MULTILINESTRING Z ((442846.6679 4479167.3254 0,442856.3345 4479188.1587 0))",2749610,Verde,Línea,5
"MULTILINESTRING Z ((439442.5727 4471892.6605 0,439446.9118 4471858.4128 0,439449.3912 4471841.3665 0,439453.1104 4471828.9692 0))",2749639,Verde,Línea,12
"MULTILINESTRING Z ((439474.989 4471745.3261 0,439475.3223 4471743.6594 0,439476.3223 4471739.9094 0,439476.6557 4471737.7427 0,439476.739 4471715.4927 0))",2749640,Verde,Línea,7
"MULTILINESTRING Z ((439501.489 4471428.7427 0,439502.0723 4471419.0761 0))",2749642,Verde,Batería,4
"MULTILINESTRING Z ((439472.989 4471619.4094 0,439472.5723 4471617.0761 0,439479.0723 4471570.4927 0))",2749644,Verde,Batería,19
"MULTILINESTRING Z ((439320.5988 4471368.6986 0,439406.0991 4471378.0996 0))",2749645,Verde,Batería,29
"MULTILINESTRING Z ((439429.9992 4471380.7998 0,439475.4395 4471385.9682 0))",2749647,Verde,Batería,18
"MULTILINESTRING Z ((439387.9732 4471487.0742 0,439404.174 4471425.8713 0))",2749648,Verde,Línea,13
"MULTILINESTRING Z ((439393.1494 4471985.8266 0,439345.2229 4471975.0245 0))",2749649,Verde,Batería,20
"MULTILINESTRING Z ((439382.9057 4471971.2011 0,439342.7807 4471961.8261 0))",2749650,Verde,Batería,16
"MULTILINESTRING Z ((439868.3223 4471637.9927 0,439874.1557 4471644.1594 0,439877.989 4471648.9927 0,439883.239 4471656.4094 0))",2749651,Verde,Batería,11
"MULTILINESTRING Z ((439774.2895 4471523.3268 0,439784.7947 4471538.7895 0))",2749652,Verde,Batería,9
"MULTILINESTRING Z ((439721.4094 4471452.9774 0,439739.4689 4471471.273 0,439745.2527 4471480.1256 0,439760.4793 4471502.7885 0))",2749653,Verde,Batería,25
"MULTILINESTRING Z ((444528.3345 4477687.492 0,444559.0845 4477704.492 0))",2749687,Azul,Línea,6
"MULTILINESTRING Z ((444575.4179 4477975.492 0,444554.0012 4477964.0754 0))",2749716,Verde,Línea,5
"MULTILINESTRING Z ((444552.5012 4477963.0754 0,444527.0845 4477949.492 0))",2749717,Verde,Línea,6
"MULTILINESTRING Z ((444490.2512 4477929.492 0,444497.2512 4477933.3254 0))",2749719,Verde,Línea,1
"MULTILINESTRING Z ((444525.5012 4477948.6587 0,444499.1679 4477934.3254 0))",2749721,Verde,Línea,6
"MULTILINESTRING Z ((439717.6812 4477742.8171 0,439715.3603 4477750.1916 0))",2749727,Azul,Línea,1
"MULTILINESTRING Z ((439714.9981 4477741.4344 0,439716.743 4477735.9858 0))",2749728,Azul,Línea,1
"MULTILINESTRING Z ((442341.1679 4479532.492 0,442337.0012 4479533.0754 0))",2749744,Verde,Línea,1
"MULTILINESTRING Z ((442315.0845 4479528.4087 0,442360.5845 4479521.492 0))",2749748,Azul,Línea,9
"MULTILINESTRING Z ((441531.2512 4472445.992 0,441573.3345 4472442.1587 0))",2749752,Verde,Línea,8
"MULTILINESTRING Z ((444607.0012 4477992.242 0,444624.5012 4478001.6587 0))",2749763,Verde,Línea,4
"MULTILINESTRING Z ((444625.6679 4478002.242 0,444646.7512 4478013.5754 0))",2749765,Verde,Línea,5
"MULTILINESTRING Z ((440074.9179 4470190.6587 0,440068.9179 4470189.9087 0))",2749790,Verde,Línea,1
"MULTILINESTRING Z ((441802.6679 4475572.7004 0,441802.0429 4475567.3254 0))",2749792,Verde,Línea,1
"MULTILINESTRING Z ((444187.8345 4478074.492 0,444159.5012 4478054.5754 0))",2749805,Verde,Línea,7
"MULTILINESTRING Z ((444118.1679 4478025.5754 0,444150.9179 4478048.5754 0))",2749806,Verde,Línea,7
"MULTILINESTRING Z ((444259.6679 4478124.8254 0,444237.6679 4478109.4087 0))",2749844,Verde,Línea,6
"MULTILINESTRING Z ((444267.1679 4478130.0754 0,444304.5845 4478156.3254 0))",2749853,Verde,Línea,8
"MULTILINESTRING Z ((444231.2512 4478092.742 0,444318.1679 4478153.492 0,444325.5845 4478158.5754 0))",2749859,Verde,Batería,40
"MULTILINESTRING Z ((444462.2512 4478147.992 0,444492.5012 4478167.242 0))",2749875,Verde,Línea,7
"MULTILINESTRING Z ((440186.0845 4475945.9087 0,440185.0845 4475929.492 0))",2749878,Azul,Línea,3
"MULTILINESTRING Z ((440186.8345 4475956.5754 0,440186.2512 4475946.5754 0))",2749879,Azul,Línea,2
"MULTILINESTRING Z ((439365.7929 4475615.9504 0,439382.2929 4475645.3254 0))",2749880,Verde,Línea,6
"MULTILINESTRING Z ((439387.2929 4475654.4504 0,439382.9179 4475646.0754 0))",2749881,Verde,Línea,2
"MULTILINESTRING Z ((439411.9179 4475698.9504 0,439387.4179 4475655.0754 0))",2749882,Verde,Línea,9
"MULTILINESTRING Z ((442656.7512 4473190.992 0,442664.9179 4473188.242 0,442671.8345 4473186.992 0))",2749892,Azul,Línea,3
"MULTILINESTRING Z ((444109.8345 4478278.992 0,444095.6679 4478300.8254 0))",2749893,Verde,Línea,6
"MULTILINESTRING Z ((440025.0845 4474366.742 0,440011.2512 4474342.8254 0))",2749909,Verde,Línea,6
"MULTILINESTRING Z ((444085.7512 4478256.0754 0,444101.2512 4478266.0754 0))",2749910,Verde,Línea,4
"MULTILINESTRING Z ((444000.2512 4477826.8254 0,443988.3345 4477891.242 0))",2749925,Verde,Línea,12
"MULTILINESTRING Z ((441995.3345 4475764.4087 0,441996.0845 4475775.6587 0))",2749936,Verde,Línea,2
"MULTILINESTRING Z ((439906.1957 4479271.8254 0,439900.3068 4479260.3439 0))",2749937,Verde,Batería,5
"MULTILINESTRING Z ((439668.3315 4480772.134 0,439688.2821 4480777.4838 0))",2749953,Verde,Batería,8
"MULTILINESTRING Z ((440223.2697 4478923.3686 0,440229.3685 4478923.9612 0))",2749960,Verde,Batería,3
"MULTILINESTRING Z ((439849.3026 4477759.7554 0,439847.0475 4477764.4632 0))",2749990,Verde,Batería,2
"MULTILINESTRING Z ((439851.6895 4477754.8171 0,439865.4179 4477726.2081 0))",2749991,Verde,Batería,13
"MULTILINESTRING Z ((442870.4179 4475672.992 0,442877.8345 4475672.5754 0))",2749993,Verde,Línea,1
"MULTILINESTRING Z ((444476.3345 4477911.6587 0,444454.6679 4477953.242 0))",2750007,Verde,Batería,15
"MULTILINESTRING Z ((442248.0012 4475148.0754 0,442259.8345 4475147.4087 0))",2750078,Verde,Línea,2
"MULTILINESTRING Z ((445117.3345 4476516.5754 0,445110.4179 4476528.3254 0))",2750109,Verde,Línea,2
"MULTILINESTRING Z ((444933.4179 4476774.242 0,444950.1679 4476784.492 0))",2750110,Verde,Batería,7
"MULTILINESTRING Z ((439428.5181 4470968.6321 0,439391.3876 4470923.0301 0))",2750118,Verde,Batería,22
"MULTILINESTRING Z ((439457.898 4471004.1404 0,439438.9723 4470979.4468 0))",2750121,Verde,Batería,11
"MULTILINESTRING Z ((439466.4897 4471012.0111 0,439491.9644 4471044.8157 0))",2750124,Verde,Batería,16
"MULTILINESTRING Z ((439532.3393 4471018.9806 0,439530.657 4470994.8278 0))",2750127,Verde,Batería,8
"MULTILINESTRING Z ((439562.0197 4471068.2476 0,439552.1663 4471046.2577 0))",2750129,Verde,Línea,5
"MULTILINESTRING Z ((439548.9218 4471080.0236 0,439544.596 4471068.6081 0))",2750133,Verde,Batería,4
"MULTILINESTRING Z ((439552.707 4471088.6754 0,439575.9586 4471150.139 0))",2750135,Verde,Batería,20
"MULTILINESTRING Z ((439596.3263 4471203.4915 0,439580.1042 4471160.7734 0))",2750137,Verde,Batería,15
"MULTILINESTRING Z ((439536.1244 4471070.4706 0,439560.818 4471134.9984 0))",2750139,Verde,Línea,14
"MULTILINESTRING Z ((439477.6679 4470240.8254 0,439502.3345 4470240.992 0))",2750142,Verde,Línea,4
"MULTILINESTRING Z ((444380.0845 4477766.5754 0,444364.4179 4477762.6587 0))",2750157,Verde,Línea,3
"MULTILINESTRING Z ((444359.1679 4477761.4087 0,444351.8345 4477759.5754 0))",2750159,Verde,Línea,1
"MULTILINESTRING Z ((444163.0012 4477757.1587 0,444166.5845 4477749.5754 0))",2750168,Verde,Línea,1
"MULTILINESTRING Z ((439497.2512 4470113.0754 0,439496.0012 4470117.992 0))",2750169,Verde,Línea,1
"MULTILINESTRING Z ((440438.6679 4476353.3254 0,440447.4179 4476326.8254 0))",2750171,Verde,Línea,6
"MULTILINESTRING Z ((440434.5012 4476365.992 0,440438.3345 4476353.992 0))",2750172,Verde,Línea,2
"MULTILINESTRING Z ((437815.4179 4473366.5754 0,437808.3345 4473367.1587 0))",2750173,Verde,Línea,1
"MULTILINESTRING Z ((439148.7512 4475500.4087 0,439174.5012 4475515.492 0))",2750174,Verde,Línea,6
"MULTILINESTRING Z ((439177.6679 4475516.992 0,439186.7512 4475522.242 0))",2750175,Verde,Línea,2
"MULTILINESTRING Z ((442574.4179 4480299.8254 0,442569.0429 4480319.2004 0))",2750216,Verde,Línea,4
"MULTILINESTRING Z ((439459.6679 4473230.9504 0,439418.0429 4473253.9504 0,439412.5429 4473256.7004 0,439378.5429 4473270.2004 0,439309.0429 4473306.0754 0))",2750220,Verde,Línea,36
"MULTILINESTRING Z ((439308.6679 4473306.2004 0,439298.4179 4473311.8254 0))",2750221,Verde,Línea,2
"MULTILINESTRING Z ((442535.0845 4480407.492 0,442533.5845 4480414.242 0,442532.3345 4480423.8254 0))",2750248,Verde,Línea,3
"MULTILINESTRING Z ((442531.7512 4480432.992 0,442531.9179 4480440.742 0,442532.8345 4480450.1587 0,442533.9179 4480455.992 0,442537.9179 4480470.0754 0))",2750267,Verde,Línea,7
"MULTILINESTRING Z ((442969.5012 4477400.1587 0,443021.0845 4477441.742 0))",2750275,Verde,Línea,13
"MULTILINESTRING Z ((443020.0012 4477444.0754 0,443032.7512 4477454.3254 0))",2750276,Verde,Línea,3
"MULTILINESTRING Z ((442996.6679 4477405.9087 0,443006.4179 4477413.3254 0))",2750281,Azul,Línea,2
"MULTILINESTRING Z ((443009.5012 4477412.1587 0,443019.6679 4477419.992 0))",2750282,Azul,Línea,3
"MULTILINESTRING Z ((445307.2512 4476322.6587 0,445290.2512 4476351.6587 0))",2750325,Verde,Batería,12
"MULTILINESTRING Z ((445266.0012 4476285.6587 0,445276.7512 4476292.242 0))",2750326,Verde,Línea,3
"MULTILINESTRING Z ((441290.6679 4480281.1587 0,441277.5012 4480287.3254 0))",2750331,Verde,Línea,2
"MULTILINESTRING Z ((441317.0845 4480268.6587 0,441304.0845 4480274.742 0))",2750332,Verde,Línea,3
"MULTILINESTRING Z ((441596.5845 4472367.492 0,441595.0012 4472348.742 0))",2750339,Verde,Línea,4
"MULTILINESTRING Z ((445269.0012 4476279.8254 0,445285.0845 4476289.992 0))",2750359,Verde,Línea,4
"MULTILINESTRING Z ((445335.7512 4476274.8254 0,445329.0012 4476286.4087 0))",2750374,Verde,Batería,4
"MULTILINESTRING Z ((445146.1679 4476325.3254 0,445150.4179 4476327.992 0))",2750377,Verde,Línea,1
"MULTILINESTRING Z ((445105.6679 4476340.1587 0,445089.7512 4476355.992 0))",2750380,Verde,Batería,8
"MULTILINESTRING Z ((445109.9179 4476385.4087 0,445120.7512 4476392.1587 0))",2750394,Verde,Línea,2
"MULTILINESTRING Z ((443371.8345 4476091.742 0,443371.1679 4476096.8254 0,443370.6679 4476103.992 0,443370.4179 4476110.8254 0,443370.4179 4476117.6587 0,443370.5845 4476123.4087 0,443371.2512 4476131.492 0))",2750430,Verde,Línea,9
"MULTILINESTRING Z ((442577.9179 4479157.4087 0,442581.1679 4479169.992 0))",2750442,Verde,Línea,2
"MULTILINESTRING Z ((442583.3345 4480588.1587 0,442587.9179 4480603.242 0))",2750446,Verde,Línea,3
"MULTILINESTRING Z ((443033.0845 4476549.4087 0,443029.5845 4476552.242 0))",2750447,Azul,Línea,1
"MULTILINESTRING Z ((443709.7512 4476420.742 0,443720.7512 4476421.0754 0))",2750449,Verde,Batería,4
"MULTILINESTRING Z ((441998.5845 4475804.992 0,441999.5012 4475817.0754 0))",2750450,Verde,Línea,2
"MULTILINESTRING Z ((445125.2512 4476485.992 0,445107.2512 4476516.3254 0))",2750659,Verde,Línea,7
"MULTILINESTRING Z ((445102.7512 4476523.992 0,445105.5012 4476519.3254 0))",2750661,Verde,Línea,1
"MULTILINESTRING Z ((445258.5012 4476405.4087 0,445233.9179 4476447.8254 0))",2750700,Verde,Batería,17
"MULTILINESTRING Z ((445222.3345 4476466.4087 0,445218.5012 4476472.742 0))",2750705,Verde,Batería,3
"MULTILINESTRING Z ((445216.3345 4476476.492 0,445203.2512 4476498.5754 0))",2750708,Verde,Batería,9
"MULTILINESTRING Z ((445190.0012 4476520.6587 0,445165.8345 4476561.5754 0))",2750724,Verde,Batería,16
"MULTILINESTRING Z ((445069.5845 4476362.8254 0,445054.0845 4476387.992 0))",2750787,Verde,Línea,6
"MULTILINESTRING Z ((445008.0845 4476463.3254 0,445051.4179 4476392.492 0))",2750790,Verde,Línea,17
"MULTILINESTRING Z ((444913.7512 4476414.4087 0,445000.6679 4476468.6587 0))",2750822,Verde,Línea,20
"MULTILINESTRING Z ((440230.0352 4479254.4797 0,440234.3068 4479239.9118 0))",2751102,Verde,Línea,3
"MULTILINESTRING Z ((440368.326 4481487.7664 0,440406.0687 4481344.9152 0))",2751137,Verde,Línea,29
"MULTILINESTRING Z ((441573.7512 4478423.8254 0,441575.9179 4478452.742 0,441576.3345 4478454.1587 0,441577.0845 4478455.1587 0,441578.4179 4478456.5754 0,441580.9179 4478458.5754 0))",2751140,Verde,Línea,8
"MULTILINESTRING Z ((441587.4179 4478464.0754 0,441602.9179 4478476.5754 0))",2751141,Verde,Línea,4
"MULTILINESTRING Z ((445196.7512 4476249.9087 0,445172.0845 4476274.6587 0))",2751211,Verde,Batería,12
"MULTILINESTRING Z ((440269.0518 4474517.8227 0,440276.4789 4474509.0694 0))",2751212,Verde,Batería,4
"MULTILINESTRING Z ((440287.7521 4474495.4089 0,440284.1712 4474499.3877 0))",2751213,Verde,Batería,2
"MULTILINESTRING Z ((439870.5845 4472625.742 0,439846.8345 4472633.3254 0))",2751220,Verde,Línea,5
"MULTILINESTRING Z ((442369.4734 4478935.5476 0,442375.4179 4478935.6031 0))",2751330,Azul,Línea,1
"MULTILINESTRING Z ((442639.6401 4475689.8254 0,442662.9179 4475688.2698 0))",2751342,Verde,Línea,5
"MULTILINESTRING Z ((442851.8345 4475562.6587 0,442858.2512 4475652.6587 0))",2751357,Verde,Línea,19
"MULTILINESTRING Z ((442860.7512 4475652.8254 0,442861.5845 4475663.3254 0))",2751363,Verde,Línea,2
"MULTILINESTRING Z ((442619.1679 4472743.0754 0,442567.0429 4472663.3254 0))",2751364,Verde,Línea,18
"MULTILINESTRING Z ((442755.5012 4476543.242 0,442759.8345 4476545.992 0))",2751370,Verde,Línea,1
"MULTILINESTRING Z ((443142.0845 4473642.9087 0,443113.4179 4473644.9087 0))",2751372,Verde,Línea,6
"MULTILINESTRING Z ((442745.6679 4476539.4087 0,442754.0845 4476544.992 0))",2751375,Verde,Línea,2
"MULTILINESTRING Z ((442921.2512 4475329.5754 0,442946.6679 4475327.742 0))",2751376,Verde,Línea,5
"MULTILINESTRING Z ((442910.8345 4475330.3254 0,442920.6679 4475329.5754 0))",2751377,Verde,Línea,2
"MULTILINESTRING Z ((443874.0012 4476629.6587 0,443895.5845 4476623.6587 0,443900.5845 4476622.6587 0))",2751389,Verde,Línea,6
"MULTILINESTRING Z ((443900.5012 4476620.4087 0,443910.1679 4476618.742 0))",2751395,Verde,Línea,2
"MULTILINESTRING Z ((439952.0681 4476710.9817 0,439966.6689 4476710.2575 0))",2751404,Azul,Línea,3
"MULTILINESTRING Z ((439951.9364 4476712.8747 0,439941.8345 4476713.4087 0))",2751407,Azul,Línea,2
"MULTILINESTRING Z ((440695.4919 4478727.4591 0,440685.5496 4478730.4385 0))",2751410,Verde,Línea,2
"MULTILINESTRING Z ((440696.2492 4478728.9406 0,440705.8623 4478726.1093 0))",2751411,Verde,Línea,2
"MULTILINESTRING Z ((440705.887 4478724.3562 0,440737.5413 4478714.9241 0))",2751412,Verde,Línea,7
"MULTILINESTRING Z ((439512.0845 4470424.742 0,439499.2512 4470424.742 0))",2751413,Verde,Línea,2
"MULTILINESTRING Z ((439523.3345 4470424.992 0,439532.8345 4470425.1587 0))",2751414,Verde,Línea,2
"MULTILINESTRING Z ((441242.1422 4478380.4961 0,441261.4673 4478379.1134 0))",2751415,Verde,Batería,9
"MULTILINESTRING Z ((445139.6679 4475750.742 0,445137.0012 4475766.9087 0))",2751508,Verde,Línea,3
"MULTILINESTRING Z ((444893.7512 4475656.6587 0,444891.1679 4475672.9087 0))",2751518,Verde,Línea,3
"MULTILINESTRING Z ((442879.0845 4479058.0754 0,442925.2512 4479055.5754 0))",2751529,Verde,Línea,10
"MULTILINESTRING Z ((442926.2512 4479053.3254 0,442936.1679 4479052.6587 0))",2751530,Verde,Línea,2
"MULTILINESTRING Z ((442956.6679 4479053.242 0,442976.2512 4479051.992 0))",2751535,Verde,Línea,4
"MULTILINESTRING Z ((443172.9179 4479039.8254 0,443189.7512 4479035.492 0))",2751553,Azul,Línea,4
"MULTILINESTRING Z ((443233.6679 4479115.5754 0,443283.0845 4479112.742 0))",2751557,Verde,Línea,10
"MULTILINESTRING Z ((439994.8829 4479976.1834 0,439996.1833 4479980.776 0))",2751587,Verde,Línea,1
"MULTILINESTRING Z ((442978.9179 4479602.992 0,442991.3345 4479622.5754 0))",2751595,Verde,Línea,4
"MULTILINESTRING Z ((442890.5012 4474058.6587 0,442899.5012 4474058.3254 0))",2751601,Verde,Batería,4
"MULTILINESTRING Z ((443198.5012 4479584.1587 0,443207.0012 4479589.742 0))",2751602,Verde,Línea,2
"MULTILINESTRING Z ((443034.1679 4479556.4087 0,443049.9179 4479578.1587 0))",2751615,Verde,Línea,6
"MULTILINESTRING Z ((443698.7512 4476731.742 0,443685.2512 4476738.8254 0))",2751629,Verde,Línea,3
"MULTILINESTRING Z ((443676.9179 4476743.242 0,443667.3345 4476748.242 0))",2751630,Verde,Línea,2
"MULTILINESTRING Z ((439147.9179 4475352.242 0,439183.8345 4475379.992 0))",2751652,Verde,Línea,9
"MULTILINESTRING Z ((439139.5012 4475349.4087 0,439148.5012 4475356.4087 0))",2751653,Verde,Línea,2
"MULTILINESTRING Z ((439182.4179 4475382.492 0,439154.0012 4475360.492 0))",2751654,Verde,Línea,7
"MULTILINESTRING Z ((438159.9179 4473773.8254 0,438092.3345 4473738.6587 0))",2751669,Verde,Línea,15
"MULTILINESTRING Z ((439087.9179 4473510.242 0,439100.0012 4473464.0754 0))",2751670,Verde,Línea,10
"MULTILINESTRING Z ((441419.0429 4474173.0754 0,441418.7929 4474197.4504 0))",2751698,Verde,Línea,5
"MULTILINESTRING Z ((439935.6679 4470440.3254 0,439937.3345 4470425.5754 0))",2751699,Verde,Línea,3
"MULTILINESTRING Z ((442590.0012 4475260.9087 0,442609.4179 4475259.5754 0))",2751711,Verde,Línea,4
"MULTILINESTRING Z ((442612.0012 4475255.242 0,442654.0845 4475252.1587 0))",2751712,Verde,Batería,16
"MULTILINESTRING Z ((440197.2512 4475274.992 0,440199.2512 4475290.492 0))",2751776,Verde,Línea,2
"MULTILINESTRING Z ((437058.9179 4473167.492 0,437056.8345 4473143.992 0))",2751781,Verde,Línea,5
"MULTILINESTRING Z ((437056.6679 4473131.5754 0,437057.8345 4473124.4087 0,437060.3345 4473118.1587 0))",2751782,Verde,Línea,3
"MULTILINESTRING Z ((439549.1679 4473445.492 0,439587.7512 4473432.242 0))",2751783,Verde,Línea,8
"MULTILINESTRING Z ((439892.2512 4474430.242 0,439883.8345 4474410.5754 0))",2751799,Verde,Línea,4
"MULTILINESTRING Z ((443706.7512 4475540.5754 0,443686.3345 4475527.8254 0))",2751801,Verde,Línea,5
"MULTILINESTRING Z ((443731.6679 4475555.992 0,443712.8345 4475544.492 0))",2751802,Verde,Línea,4
"MULTILINESTRING Z ((438590.6679 4473392.9504 0,438597.6679 4473430.2004 0))",2751807,Verde,Batería,15
"MULTILINESTRING Z ((438530.7929 4473466.0754 0,438588.0429 4473453.0754 0))",2751809,Verde,Batería,20
"MULTILINESTRING Z ((438600.1679 4473396.4504 0,438610.7929 4473450.9504 0))",2751810,Verde,Línea,11
"MULTILINESTRING Z ((438607.6679 4473483.5754 0,438606.7929 4473478.2004 0))",2751811,Verde,Batería,2
"MULTILINESTRING Z ((438610.0429 4473494.2004 0,438615.2929 4473527.0754 0))",2751813,Verde,Batería,13
"MULTILINESTRING Z ((438614.6679 4473474.8254 0,438615.6679 4473480.7004 0))",2751814,Verde,Línea,1
"MULTILINESTRING Z ((438619.1679 4473498.4504 0,438626.7929 4473538.0754 0))",2751816,Verde,Línea,8
"MULTILINESTRING Z ((438629.6679 4473553.0754 0,438628.5429 4473546.5754 0))",2751818,Verde,Línea,1
"MULTILINESTRING Z ((438530.3682 4473171.3733 0,438526.993 4473145.4966 0))",2751822,Verde,Línea,5
"MULTILINESTRING Z ((438591.4179 4473328.8254 0,438603.2929 4473325.5754 0))",2751824,Verde,Batería,5
"MULTILINESTRING Z ((438591.5429 4473333.4504 0,438624.0429 4473326.4504 0))",2751825,Verde,Batería,13
"MULTILINESTRING Z ((438502.6165 4473543.584 0,438508.4293 4473564.0228 0))",2751826,Verde,Batería,8
"MULTILINESTRING Z ((438585.6841 4473528.5831 0,438607.4355 4473532.3333 0))",2751827,Verde,Batería,8
"MULTILINESTRING Z ((438544.2929 4473715.7004 0,438531.4179 4473722.7004 0))",2751828,Verde,Línea,3
"MULTILINESTRING Z ((438517.0429 4473729.8254 0,438526.1679 4473725.4504 0))",2751829,Verde,Línea,2
"MULTILINESTRING Z ((438525.7929 4473747.8254 0,438527.0429 4473750.9504 0,438528.1679 4473755.0754 0,438527.1679 4473761.5754 0))",2751831,Verde,Batería,6
"MULTILINESTRING Z ((438519.1679 4473775.0754 0,438520.9179 4473768.0754 0,438521.2929 4473765.8254 0,438520.6679 4473762.2004 0))",2751832,Verde,Línea,2
"MULTILINESTRING Z ((438531.5429 4473644.0754 0,438524.7929 4473618.5754 0))",2751833,Verde,Batería,11
"MULTILINESTRING Z ((438517.2929 4473590.9504 0,438522.7929 4473611.7004 0))",2751835,Verde,Batería,9
"MULTILINESTRING Z ((439839.6557 4471603.9094 0,439845.0723 4471600.9094 0))",2751851,Verde,Batería,3
"MULTILINESTRING Z ((439832.6557 4471594.4927 0,439835.8223 4471599.9927 0))",2751852,Verde,Batería,3
"MULTILINESTRING Z ((439805.5307 4471571.3261 0,439828.4057 4471606.7011 0))",2751853,Verde,Batería,16
"MULTILINESTRING Z ((439767.5147 4471523.7983 0,439786.3926 4471553.3117 0))",2751854,Verde,Batería,13
"MULTILINESTRING Z ((439665.5723 4471418.3261 0,439696.239 4471434.0761 0,439709.4057 4471442.8261 0))",2751855,Verde,Batería,19
"MULTILINESTRING Z ((439657.1979 4471421.8159 0,439688.1233 4471438.459 0))",2751856,Verde,Batería,12
"MULTILINESTRING Z ((439651.6502 4471411.4288 0,439642.7975 4471406.9434 0))",2751857,Verde,Batería,5
"MULTILINESTRING Z ((439559.933 4471370.9068 0,439631.1498 4471407.2563 0))",2751858,Verde,Batería,31
"MULTILINESTRING Z ((439584.4305 4471376.7496 0,439605.7114 4471388.1133 0))",2751859,Verde,Batería,10
"MULTILINESTRING Z ((439569.3478 4471369.7248 0,439579.9883 4471374.9934 0))",2751860,Verde,Batería,5
"MULTILINESTRING Z ((439402.739 4471493.9094 0,439478.739 4471483.2427 0))",2751861,Verde,Línea,14
"MULTILINESTRING Z ((443745.4055 4477061.623 0,443747.978 4477063.0471 0))",2751899,Verde,Batería,1
"MULTILINESTRING Z ((442414.2409 4478190.9324 0,442403.031 4478190.1587 0))",2751901,Verde,Batería,4
"MULTILINESTRING Z ((442779.6771 4477838.3068 0,442810.566 4477837.4179 0))",2751902,Verde,Línea,6
"MULTILINESTRING Z ((442283.1133 4479996.4138 0,442283.9529 4480015.9529 0,442285.7471 4480064.5126 0,442286.4714 4480085.204 0))",2751903,Verde,Línea,16
"MULTILINESTRING Z ((442288.9734 4480145.7142 0,442286.8253 4480094.0105 0))",2751905,Verde,Línea,11
"MULTILINESTRING Z ((444319.9529 4475055.1628 0,444334.7841 4475068.8747 0))",2751906,Verde,Línea,4
"MULTILINESTRING Z ((444341.3438 4475074.9735 0,444352.4179 4475085.3068 0,444361.0845 4475093.1587 0,444361.4179 4475093.4179 0,444362.0845 4475093.7142 0,444362.8253 4475093.7883 0,444363.6401 4475093.7142 0,444364.3808 4475093.455 0,444364.9364 4475093.0846 0,444372.3808 4475085.6031 0,444381.1734 4475076.3365 0))",2751907,Verde,Línea,11
"MULTILINESTRING Z ((439362.0012 4470190.1587 0,439367.0012 4470190.1587 0))",2751921,Verde,Línea,1
"MULTILINESTRING Z ((439386.0012 4470190.242 0,439372.0012 4470190.3254 0))",2751922,Verde,Línea,3
"MULTILINESTRING Z ((444089.3932 4475770.4056 0,444092.6278 4475769.8624 0,444094.7018 4475769.2698 0))",2751932,Verde,Línea,1
"MULTILINESTRING Z ((442049.1957 4476519.3254 0,442050.029 4476533.492 0))",2751958,Verde,Línea,3
"MULTILINESTRING Z ((442051.6401 4476514.3254 0,442052.1401 4476519.0476 0))",2751959,Verde,Línea,1
"MULTILINESTRING Z ((439926.5012 4474303.9087 0,439942.0012 4474326.4087 0))",2751986,Verde,Línea,5
"MULTILINESTRING Z ((439983.3345 4474471.6587 0,439986.5012 4474497.9087 0))",2751988,Verde,Línea,4
"MULTILINESTRING Z ((439899.3345 4474444.4087 0,439913.2512 4474477.4087 0,439915.2512 4474484.0754 0,439921.6679 4474510.3254 0))",2751989,Verde,Línea,11
"MULTILINESTRING Z ((440722.9364 4480299.8624 0,440699.0845 4480322.7513 0))",2751994,Verde,Línea,8
"MULTILINESTRING Z ((440726.1092 4480364.7924 0,440722.8171 4480367.9529 0))",2751995,Azul,Línea,1
"MULTILINESTRING Z ((440814.5482 4480453.1655 0,440823.6895 4480456.7321 0))",2752009,Verde,Línea,2
"MULTILINESTRING Z ((440844.8006 4480464.776 0,440826.6278 4480457.8624 0))",2752010,Verde,Línea,4
"MULTILINESTRING Z ((440866.0105 4480472.9735 0,440847.9117 4480465.9612 0))",2752011,Verde,Línea,4
"MULTILINESTRING Z ((440892.3808 4480483.492 0,440909.0969 4480490.6772 0))",2752027,Verde,Línea,4
"MULTILINESTRING Z ((437940.1679 4475525.6587 0,437954.0012 4475511.242 0))",2752028,Verde,Línea,4
"MULTILINESTRING Z ((440910.7347 4480491.3768 0,440928.101 4480498.9982 0))",2752029,Verde,Línea,4
"MULTILINESTRING Z ((440929.6771 4480499.6772 0,440938.0475 4480503.3809 0))",2752033,Verde,Línea,2
"MULTILINESTRING Z ((440740.9487 4480282.6278 0,440732.1339 4480291.0476 0))",2752043,Verde,Línea,2
"MULTILINESTRING Z ((441035.3273 4480341.7472 0,441070.8829 4480325.3027 0))",2752045,Verde,Línea,8
"MULTILINESTRING Z ((441046.3315 4480398.8254 0,441058.2574 4480393.2945 0))",2752047,Azul,Línea,2
"MULTILINESTRING Z ((441063.6401 4480390.8007 0,441093.5166 4480376.9241 0))",2752049,Azul,Línea,7
"MULTILINESTRING Z ((441191.5413 4480462.1916 0,441187.9035 4480454.5702 0))",2752062,Verde,Batería,3
"MULTILINESTRING Z ((441442.005 4480494.4385 0,441445.6374 4480501.9666 0))",2752066,Verde,Línea,1
"MULTILINESTRING Z ((441476.7512 4480479.5661 0,441472.8747 4480471.4179 0))",2752075,Verde,Línea,2
"MULTILINESTRING Z ((441407.5166 4480380.7513 0,441396.2821 4480370.5291 0))",2752095,Verde,Línea,3
"MULTILINESTRING Z ((441377.8294 4480353.9447 0,441387.673 4480362.7677 0))",2752100,Verde,Línea,3
"MULTILINESTRING Z ((441490.2025 4480524.7815 0,441487.2286 4480522.2465 0,441485.5166 4480521.182 0))",2752103,Azul,Línea,1
"MULTILINESTRING Z ((440953.8129 4480255.097 0,440942.5784 4480243.5661 0))",2752108,Verde,Línea,3
"MULTILINESTRING Z ((440996.4549 4480212.0599 0,440987.2697 4480202.5044 0))",2752109,Azul,Línea,3
"MULTILINESTRING Z ((440949.9858 4480138.7513 0,440969.3932 4480120.0352 0))",2752114,Azul,Línea,5
"MULTILINESTRING Z ((441100.4549 4480065.9735 0,441086.9364 4480079.0105 0))",2752121,Azul,Línea,3
"MULTILINESTRING Z ((440854.4796 4480066.4797 0,440880.529 4480094.0352 0))",2752129,Verde,Línea,8
"MULTILINESTRING Z ((440877.6648 4480080.9241 0,440866.1586 4480068.8747 0))",2752131,Verde,Línea,3
"MULTILINESTRING Z ((440768.8994 4480118.4179 0,440780.7512 4480107.0105 0))",2752133,Verde,Línea,3
"MULTILINESTRING Z ((440734.8994 4480067.1957 0,440747.3191 4480045.492 0))",2752136,Verde,Línea,5
"MULTILINESTRING Z ((441137.3136 4480284.8363 0,441148.8143 4480279.4481 0))",2752137,Verde,Línea,2
"MULTILINESTRING Z ((441246.7882 4480137.6772 0,441224.6771 4480148.1217 0))",2752139,Verde,Línea,5
"MULTILINESTRING Z ((441212.6387 4480153.8075 0,441217.2697 4480151.6127 0))",2752140,Verde,Línea,1
"MULTILINESTRING Z ((440539.6679 4479297.5754 0,440528.4179 4479305.5754 0))",2752141,Azul,Línea,3
"MULTILINESTRING Z ((440549.5845 4479293.6587 0,440541.7512 4479299.5754 0))",2752142,Azul,Línea,2
"MULTILINESTRING Z ((441923.5012 4481058.742 0,441935.0845 4481056.3254 0))",2752143,Verde,Línea,2
"MULTILINESTRING Z ((441912.8345 4481058.6587 0,441922.6679 4481056.3254 0))",2752144,Verde,Línea,2
"MULTILINESTRING Z ((441436.5784 4480212.5784 0,441416.2327 4480222.2821 0))",2752147,Verde,Línea,4
"MULTILINESTRING Z ((441458.3561 4480218.8994 0,441462.5043 4480227.7636 0))",2752157,Verde,Línea,2
"MULTILINESTRING Z ((441542.6278 4480180.2821 0,441544.7018 4480189.4179 0))",2752162,Verde,Línea,2
"MULTILINESTRING Z ((441547.1216 4480200.0846 0,441545.0475 4480190.9241 0))",2752163,Verde,Línea,2
"MULTILINESTRING Z ((440022.5012 4474020.0754 0,440032.1679 4474021.742 0))",2752178,Verde,Línea,2
"MULTILINESTRING Z ((441420.5537 4480053.5167 0,441427.4426 4480050.7019 0))",2752179,Verde,Línea,1
"MULTILINESTRING Z ((441412.1833 4480056.9982 0,441418.1092 4480054.5291 0))",2752180,Verde,Línea,1
"MULTILINESTRING Z ((437739.9179 4475740.4087 0,437734.4179 4475745.9087 0))",2752194,Verde,Línea,1
"MULTILINESTRING Z ((441552.7101 4480179.2122 0,441554.3561 4480186.1422 0))",2752196,Verde,Batería,3
"MULTILINESTRING Z ((441556.8747 4480186.6772 0,441558.924 4480195.8624 0))",2752197,Verde,Batería,3
"MULTILINESTRING Z ((437989.2512 4475323.8254 0,438011.5012 4475304.242 0))",2752198,Verde,Línea,3
"MULTILINESTRING Z ((438064.4179 4475257.6587 0,438031.5012 4475286.992 0))",2752199,Verde,Línea,5
"MULTILINESTRING Z ((438027.6679 4475290.1587 0,438015.9179 4475300.3254 0))",2752200,Verde,Línea,2
"MULTILINESTRING Z ((441525.8294 4480057.1217 0,441516.7265 4480016.8912 0))",2752212,Verde,Batería,15
"MULTILINESTRING Z ((441587.1216 4480058.6772 0,441564.85 4480063.492 0))",2752213,Verde,Línea,5
"MULTILINESTRING Z ((441520.9364 4480081.8994 0,441535.6031 4480147.9735 0))",2752216,Verde,Batería,23
"MULTILINESTRING Z ((441558.9487 4480158.9982 0,441571.7636 4480156.2821 0))",2752218,Verde,Línea,2
"MULTILINESTRING Z ((441578.8006 4480154.7842 0,441587.459 4480152.9406 0))",2752224,Verde,Línea,1
"MULTILINESTRING Z ((441567.8623 4480164.5661 0,441585.7142 4480160.455 0,441601.7512 4480157.0846 0))",2752225,Verde,Línea,7
"MULTILINESTRING Z ((441497.171 4480184.0846 0,441484.9487 4480189.8871 0))",2752227,Verde,Línea,3
"MULTILINESTRING Z ((441476.1504 4480082.1258 0,441484.8747 4480080.2821 0))",2752236,Verde,Línea,1
"MULTILINESTRING Z ((441493.3191 4480078.5044 0,441500.4302 4480077.0229 0))",2752239,Verde,Línea,2
"MULTILINESTRING Z ((441572.5537 4480267.5167 0,441569.1463 4480251.8871 0))",2752241,Verde,Batería,5
"MULTILINESTRING Z ((441559.7882 4480257.0846 0,441568.2697 4480294.2698 0))",2752244,Verde,Línea,8
"MULTILINESTRING Z ((441042.0475 4479863.6031 0,441094.6401 4479837.2328 0))",2752246,Verde,Batería,23
"MULTILINESTRING Z ((441109.2614 4479829.881 0,441111.4854 4479828.7689 0))",2752256,Verde,Batería,1
"MULTILINESTRING Z ((440996.2656 4479924.776 0,441005.6977 4479936.0188 0))",2752261,Verde,Línea,3
"MULTILINESTRING Z ((441047.064 4479995.8706 0,441066.7183 4480016.2163 0))",2752269,Verde,Línea,6
"MULTILINESTRING Z ((441019.5249 4479963.7225 0,441025.4343 4479970.8336 0))",2752271,Verde,Línea,2
"MULTILINESTRING Z ((443736.2512 4476641.242 0,443733.0845 4476635.242 0))",2752272,Verde,Batería,3
"MULTILINESTRING Z ((441317.0722 4479892.5291 0,441330.6524 4479883.7883 0))",2752274,Verde,Línea,3
"MULTILINESTRING Z ((441338.1092 4479878.9735 0,441376.1833 4479854.4056 0))",2752275,Verde,Línea,9
"MULTILINESTRING Z ((441429.6154 4480040.3644 0,441420.6936 4480018.669 0))",2752276,Verde,Línea,4
"MULTILINESTRING Z ((444617.9179 4475157.492 0,444606.5012 4475146.742 0))",2752277,Azul,Batería,5
"MULTILINESTRING Z ((444563.4179 4475106.242 0,444591.3345 4475132.492 0,444592.7512 4475133.9087 0))",2752278,Azul,Batería,15
"MULTILINESTRING Z ((444607.1679 4475143.9087 0,444599.3345 4475136.5754 0))",2752279,Azul,Línea,2
"MULTILINESTRING Z ((441403.8541 4479988.4797 0,441408.8088 4479986.4714 0))",2752280,Verde,Línea,1
"MULTILINESTRING Z ((441413.6895 4479984.5044 0,441462.7018 4479965.1957 0))",2752283,Verde,Línea,10
"MULTILINESTRING Z ((444840.7512 4475367.5754 0,444849.1679 4475375.992 0))",2752284,Azul,Batería,4
"MULTILINESTRING Z ((444856.4179 4475383.3254 0,444862.5845 4475389.8254 0,444865.4179 4475393.0754 0))",2752285,Azul,Batería,6
"MULTILINESTRING Z ((444852.7512 4475375.1587 0,444857.8345 4475380.242 0))",2752286,Azul,Línea,1
"MULTILINESTRING Z ((441422.4796 4479991.7883 0,441426.3315 4479990.2821 0))",2752287,Verde,Línea,1
"MULTILINESTRING Z ((441428.3068 4479989.5167 0,441441.887 4479984.2575 0))",2752291,Verde,Línea,3
"MULTILINESTRING Z ((441476.3438 4479970.8994 0,441458.6771 4479977.7513 0))",2752293,Verde,Línea,4
"MULTILINESTRING Z ((441456.8994 4479978.4179 0,441444.0105 4479983.4179 0))",2752294,Verde,Línea,3
"MULTILINESTRING Z ((441026.2409 4479667.0476 0,441031.1627 4479660.3974 0))",2752302,Verde,Línea,1
"MULTILINESTRING Z ((441253.9117 4479698.5291 0,441249.887 4479715.0723 0))",2752303,Azul,Línea,3
"MULTILINESTRING Z ((441263.2327 4479722.6402 0,441281.1957 4479727.7513 0))",2752307,Verde,Línea,4
"MULTILINESTRING Z ((441120.4796 4479810.7842 0,441103.9734 4479772.0105 0))",2752313,Verde,Línea,8
"MULTILINESTRING Z ((444920.0012 4475959.992 0,444919.5012 4475962.992 0))",2752319,Verde,Línea,1
"MULTILINESTRING Z ((440996.3345 4473699.3254 0,441046.3345 4473696.242 0))",2752333,Verde,Línea,12
"MULTILINESTRING Z ((441970.1679 4480306.492 0,441975.2512 4480313.5754 0))",2752335,Verde,Línea,1
"MULTILINESTRING Z ((441957.9179 4480289.6587 0,441965.0845 4480299.6587 0))",2752336,Verde,Línea,2
"MULTILINESTRING Z ((441431.1679 4477366.242 0,441455.7512 4477365.0754 0))",2752343,Verde,Línea,5
"MULTILINESTRING Z ((439833.9419 4473133.7456 0,439831.4077 4473133.0545 0,439814.0525 4473112.6275 0))",2752356,Verde,Batería,12
"MULTILINESTRING Z ((439813.1497 4473111.6564 0,439807.1596 4473104.0536 0))",2752357,Verde,Batería,3
"MULTILINESTRING Z ((442709.8345 4478719.492 0,442755.0845 4478716.992 0))",2752509,Azul,Batería,17
"MULTILINESTRING Z ((442760.9179 4478716.6587 0,442801.5845 4478714.4087 0))",2752510,Azul,Batería,14
"MULTILINESTRING Z ((442242.9179 4477747.9087 0,442249.1679 4477768.3254 0))",2752511,Verde,Línea,4
"MULTILINESTRING Z ((441815.7512 4480430.4365 0,441839.9734 4480425.2698 0))",2752658,Verde,Línea,6
"MULTILINESTRING Z ((441809.029 4480434.2142 0,441815.9179 4480432.8809 0))",2752662,Verde,Línea,1
"MULTILINESTRING Z ((441557.6679 4480530.242 0,441559.6679 4480534.8254 0))",2752761,Verde,Línea,1
"MULTILINESTRING Z ((440694.0012 4476677.242 0,440695.8345 4476701.742 0))",2752773,Verde,Línea,5
"MULTILINESTRING Z ((440697.0012 4476717.9087 0,440699.4179 4476751.4087 0))",2752774,Verde,Línea,7
"MULTILINESTRING Z ((440698.4179 4476702.242 0,440699.5012 4476717.242 0))",2752775,Verde,Línea,3
"MULTILINESTRING Z ((439888.7512 4470774.8254 0,439893.5845 4470740.9087 0))",2752793,Verde,Línea,7
"MULTILINESTRING Z ((441227.6679 4475012.8254 0,441234.2512 4475033.8254 0))",2752892,Verde,Batería,10
"MULTILINESTRING Z ((445379.5845 4475823.5754 0,445448.8345 4475861.1587 0))",2753000,Verde,Línea,16
"MULTILINESTRING Z ((445457.1679 4475865.8254 0,445471.0012 4475873.0754 0))",2753003,Verde,Línea,3
"MULTILINESTRING Z ((442863.0845 4475879.492 0,442864.2512 4475894.6587 0))",2753038,Verde,Batería,4
"MULTILINESTRING Z ((443591.0012 4475013.3254 0,443599.9179 4475011.5754 0))",2753101,Verde,Línea,2
"MULTILINESTRING Z ((443590.3345 4475013.492 0,443584.3345 4475014.742 0))",2753102,Verde,Línea,1
"MULTILINESTRING Z ((440261.0887 4480173.599 0,440264.4302 4480175.4756 0,440268.3479 4480177.385 0,440271.4919 4480178.7019 0,440282.4878 4480182.8336 0,440289.0228 4480184.99 0,440294.9652 4480186.7184 0,440307.4426 4480189.7965 0))",2753161,Verde,Batería,20
"MULTILINESTRING Z ((440308.4179 4480193.6402 0,440311.6401 4480194.1957 0,440315.1216 4480194.6772 0,440323.7142 4480195.4179 0))",2753163,Verde,Batería,5
"MULTILINESTRING Z ((440303.0722 4480166.0599 0,440310.3561 4480167.7883 0))",2753169,Verde,Batería,3
"MULTILINESTRING Z ((440617.5012 4471247.492 0,440610.1679 4471260.1587 0))",2753189,Verde,Línea,3
"MULTILINESTRING Z ((442128.0012 4476391.0754 0,442142.6679 4476390.0754 0))",2753190,Verde,Línea,3
"MULTILINESTRING Z ((442143.0012 4476392.4087 0,442153.0012 4476391.742 0))",2753198,Verde,Línea,2
"MULTILINESTRING Z ((442871.2512 4475836.992 0,442873.3345 4475864.492 0))",2753234,Verde,Línea,5
"MULTILINESTRING Z ((441463.4179 4477907.6587 0,441464.4179 4477921.9087 0))",2753236,Verde,Línea,2
"MULTILINESTRING Z ((442467.1679 4476365.3254 0,442484.5012 4476363.992 0))",2753239,Verde,Línea,3
"MULTILINESTRING Z ((439482.739 4471541.4927 0,439486.989 4471508.4094 0))",2753268,Verde,Batería,13
"MULTILINESTRING Z ((439488.4603 4471477.3325 0,439493.3311 4471439.1072 0))",2753269,Verde,Batería,15
"MULTILINESTRING Z ((439306.4739 4471372.0053 0,439399.84 4471382.4948 0))",2753270,Verde,Línea,19
"MULTILINESTRING Z ((439607.8384 4471949.3824 0,439646.834 4472011.5208 0))",2753271,Verde,Línea,14
"MULTILINESTRING Z ((439321.4994 4471301.7917 0,439405.5415 4471290.7667 0))",2753272,Verde,Línea,19
"MULTILINESTRING Z ((439417.0723 4471818.0761 0,439448.5723 4471800.6316 0))",2753273,Verde,Línea,9
"MULTILINESTRING Z ((439912.4346 4471668.19 0,439963.3743 4471635.6197 0))",2753274,Verde,Línea,12
"MULTILINESTRING Z ((439456.5723 4471974.6594 0,439507.239 4471942.2427 0))",2753275,Verde,Línea,12
"MULTILINESTRING Z ((439510.8223 4471939.9094 0,439582.0723 4471894.4094 0))",2753276,Verde,Línea,17
"MULTILINESTRING Z ((440043.239 4471852.7427 0,440097.6557 4471827.0761 0))",2753277,Azul,Línea,12
"MULTILINESTRING Z ((439851.6744 4471786.5311 0,439837.4028 4471795.5745 0))",2753278,Azul,Línea,4
"MULTILINESTRING Z ((439683.9372 4474581.6348 0,439672.481 4474571.7679 0))",2753292,Verde,Línea,3
"MULTILINESTRING Z ((439676.1231 4474567.4636 0,439690.2944 4474578.5225 0))",2753293,Verde,Línea,3
"MULTILINESTRING Z ((439835.3472 4471507.0869 0,439823.2055 4471487.1801 0,439835.4884 4471478.7797 0,439844.2418 4471492.545 0))",2753295,Verde,Batería,22
"MULTILINESTRING Z ((439832.453 4471487.7448 0,439845.0183 4471508.5693 0))",2753296,Verde,Batería,11
"MULTILINESTRING Z ((442508.8345 4476302.6587 0,442505.5012 4476253.5754 0))",2753336,Verde,Batería,18
"MULTILINESTRING Z ((442504.7512 4476242.9087 0,442505.0845 4476247.742 0))",2753342,Verde,Batería,1
"MULTILINESTRING Z ((442772.3345 4475680.6587 0,442800.1679 4475678.6587 0))",2753360,Azul,Línea,6
"MULTILINESTRING Z ((440358.5701 4477477.0229 0,440361.5989 4477468.1011 0))",2753364,Verde,Línea,2
"MULTILINESTRING Z ((442767.9179 4475823.992 0,442786.9179 4475822.5754 0))",2753365,Verde,Línea,4
"MULTILINESTRING Z ((442819.3345 4475820.242 0,442792.1679 4475822.242 0))",2753366,Verde,Línea,5
"MULTILINESTRING Z ((442995.1679 4475778.242 0,442996.6679 4475799.9087 0))",2753372,Verde,Batería,7
"MULTILINESTRING Z ((442916.8345 4475685.242 0,442931.1679 4475684.242 0))",2753373,Verde,Línea,3
"MULTILINESTRING Z ((442940.7512 4475683.5754 0,442946.8345 4475683.0754 0))",2753381,Verde,Línea,1
"MULTILINESTRING Z ((442970.7512 4475681.3254 0,442950.6679 4475682.8254 0))",2753383,Verde,Línea,4
"MULTILINESTRING Z ((442745.3129 4475560.8697 0,442801.7155 4475557.1206 0,442818.5446 4475555.8709 0))",2753389,Verde,Línea,15
"MULTILINESTRING Z ((441861.2512 4475624.8254 0,441871.1679 4475624.0754 0))",2753411,Verde,Línea,2
"MULTILINESTRING Z ((441478.5845 4478059.242 0,441481.1679 4478089.0754 0))",2753421,Verde,Línea,5
"MULTILINESTRING Z ((442139.9179 4475604.5754 0,442203.1679 4475600.3254 0))",2753426,Verde,Línea,13
"MULTILINESTRING Z ((442231.5012 4475597.5754 0,442276.2512 4475594.742 0))",2753429,Verde,Línea,9
"MULTILINESTRING Z ((442608.8345 4475570.742 0,442681.1679 4475565.492 0))",2753432,Verde,Línea,15
"MULTILINESTRING Z ((442880.8345 4475550.9087 0,442906.0012 4475549.242 0))",2753441,Verde,Línea,5
"MULTILINESTRING Z ((442912.9179 4475548.742 0,442959.9179 4475545.4087 0))",2753442,Verde,Línea,10
"MULTILINESTRING Z ((443131.0845 4475533.6587 0,443194.9179 4475529.1587 0))",2753443,Verde,Línea,14
"MULTILINESTRING Z ((442890.0845 4475671.9087 0,442895.7512 4475671.5754 0))",2753450,Azul,Línea,1
"MULTILINESTRING Z ((440813.3356 4479956.562 0,440809.138 4479960.8583 0))",2753476,Verde,Línea,1
"MULTILINESTRING Z ((440810.0928 4479962.6196 0,440803.3109 4479969.6155 0))",2753479,Verde,Línea,2
"MULTILINESTRING Z ((440242.3068 4478392.85 0,440254.0105 4478379.4179 0))",2753484,Verde,Línea,3
"MULTILINESTRING Z ((440257.7471 4478382.1916 0,440264.3644 4478374.9982 0))",2753490,Verde,Línea,2
"MULTILINESTRING Z ((442427.0012 4476007.492 0,442398.2512 4476009.492 0))",2753515,Azul,Línea,6
"MULTILINESTRING Z ((442386.5012 4476010.4087 0,442395.3345 4476009.742 0))",2753520,Azul,Línea,2
"MULTILINESTRING Z ((440084.9981 4479078.1587 0,440083.6401 4479078.1834 0,440081.4919 4479078.4303 0,440079.566 4479078.85 0,440077.6895 4479079.492 0,440073.4919 4479081.3686 0,440071.7142 4479082.3562 0,440069.7636 4479083.5661 0))",2753531,Verde,Línea,3
"MULTILINESTRING Z ((442549.0012 4476099.242 0,442574.0012 4476097.3254 0))",2753533,Verde,Batería,7
"MULTILINESTRING Z ((440054.5208 4479094.7677 0,440061.2203 4479090.2739 0))",2753534,Verde,Línea,1
"MULTILINESTRING Z ((440062.9487 4479092.4303 0,440070.6278 4479085.9612 0))",2753538,Verde,Línea,2
"MULTILINESTRING Z ((442579.4179 4476096.9087 0,442602.3345 4476095.242 0))",2753563,Verde,Batería,9
"MULTILINESTRING Z ((442612.2512 4476063.8254 0,442613.8345 4476087.5754 0))",2753572,Verde,Línea,6
"MULTILINESTRING Z ((442620.0845 4476045.4087 0,442621.6679 4476069.4087 0))",2753575,Verde,Batería,9
"MULTILINESTRING Z ((442621.8345 4476033.6587 0,442622.6679 4476045.4087 0))",2753581,Verde,Batería,5
"MULTILINESTRING Z ((442532.8345 4475971.492 0,442547.4179 4475970.3254 0))",2753583,Azul,Línea,2
"MULTILINESTRING Z ((442868.3345 4475916.3254 0,442869.5845 4475933.8254 0))",2753587,Verde,Batería,6
"MULTILINESTRING Z ((442843.8345 4475951.492 0,442858.9179 4475950.4087 0))",2753594,Verde,Línea,3
"MULTILINESTRING Z ((442444.2512 4475856.9087 0,442379.7512 4475861.3254 0))",2753596,Verde,Batería,27
"MULTILINESTRING Z ((442359.9179 4475675.742 0,442364.0845 4475677.742 0,442367.9179 4475679.992 0,442371.7512 4475682.6587 0,442373.9179 4475684.492 0))",2753597,Azul,Batería,7
"MULTILINESTRING Z ((442551.4179 4475574.992 0,442540.3345 4475575.742 0))",2753599,Verde,Línea,2
"MULTILINESTRING Z ((442533.0012 4475576.3254 0,442537.8345 4475575.9087 0))",2753608,Verde,Línea,1
"MULTILINESTRING Z ((442468.3345 4475614.3254 0,442469.5012 4475630.492 0))",2753616,Verde,Línea,4
"MULTILINESTRING Z ((443524.9179 4473323.1587 0,443522.2512 4473319.1587 0))",2753693,Verde,Línea,1
"MULTILINESTRING Z ((443409.5845 4473293.6587 0,443486.4179 4473288.742 0,443489.3345 4473288.9087 0,443493.8345 4473290.0754 0,443503.3345 4473295.5754 0,443509.3345 4473300.492 0,443516.7512 4473310.8254 0))",2753694,Verde,Línea,22
"MULTILINESTRING Z ((443569.2512 4473365.742 0,443561.8345 4473360.1587 0,443559.6679 4473358.1587 0,443548.1679 4473342.992 0,443529.2512 4473313.8254 0))",2753695,Verde,Línea,13
"MULTILINESTRING Z ((443524.9179 4473306.992 0,443509.7512 4473287.3254 0))",2753696,Verde,Línea,5
"MULTILINESTRING Z ((441119.8793 4474141.1776 0,441085.0365 4474128.0123 0))",2753698,Verde,Batería,16
"MULTILINESTRING Z ((437647.8345 4473633.0754 0,437649.7512 4473628.8254 0))",2753699,Verde,Línea,1
"MULTILINESTRING Z ((443868.0012 4477076.9087 0,443870.6679 4477078.4087 0,443874.3345 4477082.0754 0,443876.4179 4477085.742 0,443877.9179 4477091.242 0,443879.3345 4477099.3254 0,443880.0845 4477108.8254 0,443880.0845 4477113.4087 0))",2753743,Verde,Línea,10
"MULTILINESTRING Z ((439646.1679 4472634.4087 0,439662.6679 4472611.992 0))",2753746,Verde,Línea,6
"MULTILINESTRING Z ((439745.489 4472510.8261 0,439733.739 4472493.9094 0))",2753747,Verde,Línea,5
"MULTILINESTRING Z ((439911.5012 4472509.3254 0,439925.6679 4472498.992 0))",2753748,Verde,Línea,4
"MULTILINESTRING Z ((439801.9179 4472282.7004 0,439817.1679 4472305.5754 0))",2753749,Verde,Batería,8
"MULTILINESTRING Z ((440437.6679 4472260.9504 0,440441.9179 4472252.9504 0))",2753750,Verde,Batería,3
"MULTILINESTRING Z ((440451.2929 4472236.8254 0,440445.0429 4472247.4504 0))",2753751,Verde,Batería,4
"MULTILINESTRING Z ((440492.1679 4472308.7004 0,440484.6679 4472322.7004 0))",2753752,Verde,Línea,3
"MULTILINESTRING Z ((439265.6499 4471391.8503 0,439259.3183 4471367.0913 0))",2753807,Azul,Línea,5
"MULTILINESTRING Z ((439588.5012 4476317.492 0,439610.0012 4476316.3254 0))",2753808,Azul,Línea,4
"MULTILINESTRING Z ((439611.2512 4476316.4087 0,439625.6679 4476315.492 0))",2753809,Azul,Línea,3
"MULTILINESTRING Z ((443261.3345 4473530.3254 0,443261.0845 4473527.242 0))",2753839,Verde,Batería,1
"MULTILINESTRING Z ((441379.2512 4475560.742 0,441378.9179 4475548.6587 0))",2753844,Verde,Batería,5
"MULTILINESTRING Z ((439613.6679 4476429.8254 0,439583.0845 4476431.9087 0))",2753845,Verde,Línea,6
"MULTILINESTRING Z ((439572.4179 4476432.742 0,439582.4179 4476431.9087 0))",2753847,Verde,Línea,2
"MULTILINESTRING Z ((440985.2929 4474365.7004 0,440986.2929 4474359.3254 0))",2753889,Verde,Línea,1
"MULTILINESTRING Z ((444184.0845 4477918.8254 0,444176.2512 4477935.9087 0,444172.6679 4477940.492 0,444166.8345 4477945.0754 0,444163.5845 4477946.8254 0,444154.2512 4477949.992 0))",2753893,Verde,Línea,10
"MULTILINESTRING Z ((439198.249 4472719.5783 0,439208.0683 4472719.5783 0))",2753913,Verde,Línea,2
"MULTILINESTRING Z ((441444.0012 4475933.1587 0,441452.1679 4475971.9087 0))",2753916,Verde,Línea,8
"MULTILINESTRING Z ((441454.0845 4475982.3254 0,441452.1679 4475972.6587 0))",2753917,Verde,Línea,2
"MULTILINESTRING Z ((441281.7645 4474069.8897 0,441196.9263 4474068.8503 0))",2753996,Verde,Línea,16
